Date     Time   Uabs UDir  hs    tp    th     sp     np hs(i) tp(i) th(i)  sp(i)
19790301 000000  1.5 160.2  2.52 12.74 219.65  20.46  3  2.49 12.65 218.31  16.30  0.35 13.88 314.43   8.72  0.13 19.09 309.72  10.10
19790301 030000  3.1 212.3  2.48 12.57 220.34  20.59  3  2.45 12.52 218.87  16.11  0.35 13.71 314.05   8.90  0.16 19.01 310.05   9.75
19790301 060000  5.1 201.5  2.43 12.40 220.87  20.58  3  2.40 12.38 219.27  15.71  0.36 13.61 313.72   9.03  0.18 19.00 309.91  10.00
19790301 090000  3.8 192.1  2.36 12.22 221.28  20.79  3  2.32 12.20 219.48  15.34  0.35 13.54 314.16   8.72  0.20 18.93 309.03  10.63
19790301 120000  1.2 175.1  2.26 11.96 221.80  21.16  4  2.22 11.92 219.73  14.89  0.36 13.49 314.21   8.70  0.21 18.74 310.31  10.69  0.05 21.80 301.13   9.83
19790301 150000  3.8 294.3  2.16 11.82 222.67  22.21  4  2.12 11.78 220.25  15.30  0.37 13.44 314.21   8.68  0.22 17.98 311.53  10.59  0.06 21.77 301.84  10.01
19790301 180000  5.1 245.3  2.08 11.74 223.58  23.01  5  2.03 11.70 220.81  15.47  0.37 13.39 314.08   8.71  0.24 17.79 312.32   9.54  0.06 21.76 301.21  11.31  0.06 20.55 218.48  12.78
19790301 210000  4.2 247.8  1.99 11.66 224.18  23.75  4  1.94 11.62 220.98  15.27  0.36 13.31 313.89   8.75  0.27 17.70 312.21   9.49  0.06 21.73 302.01  10.86
19790302 000000  0.6 252.2  1.91 11.59 224.90  24.73  4  1.84 11.55 221.01  14.99  0.35 13.15 313.80   8.64  0.32 17.55 311.31  10.41  0.17 18.14 228.99  12.62
19790302 030000  2.5 258.7  1.83 11.49 225.83  25.84  5  1.75 11.46 221.12  14.73  0.34 17.27 311.97   9.86  0.34 12.88 313.95   8.73  0.23 17.80 230.21  12.93  0.10 20.40 298.92  11.17
19790302 060000  1.1 167.0  1.76 11.30 226.69  26.59  6  1.61 11.25 221.41  14.88  0.40 14.26 218.60   8.52  0.35 16.91 311.90   9.98  0.34 12.75 314.09   8.78  0.32 16.78 230.50  11.89  0.12 20.35 299.45  11.29
19790302 090000  1.9 214.0  1.71 11.19 227.62  27.12  7  1.49 11.14 221.76  15.04  0.50 13.53 217.28   6.31  0.46 16.04 231.72  11.30  0.35 16.70 312.34  10.02  0.34 12.69 313.95   8.89  0.11 20.32 300.02  11.46  0.06 23.25 298.96  10.75
19790302 120000  1.8 185.9  1.68 11.11 228.86  27.76  8  1.42 11.06 221.95  14.91  0.55 15.51 233.64  10.07  0.45 13.46 217.23   5.79  0.36 16.38 313.25   9.58  0.35 12.67 313.57   9.10  0.17 18.93 213.26   6.49  0.11 20.33 301.37  11.67  0.06 23.27 297.80  10.38
19790302 150000  3.6 276.0  1.67 11.04 230.57  28.62  8  1.33 10.99 222.18  15.03  0.66 15.09 234.70   9.64  0.50 12.92 218.77   6.72  0.40 15.92 313.59   9.37  0.35 12.66 313.21   9.18  0.21 18.60 212.61   6.32  0.11 20.33 300.83  11.75  0.06 23.28 299.00   9.45
19790302 180000  6.0 248.8  1.70 15.23 233.28  29.53  7  1.32 10.95 224.24  17.81  0.77 14.57 234.95  10.24  0.45 12.70 218.31   6.35  0.42 15.81 313.73   8.99  0.34 12.63 312.72   9.32  0.21 18.01 214.10   7.64  0.15 19.24 297.55  10.88
19790302 210000  6.3 219.8  1.72 14.68 234.42  29.73  7  1.29 10.94 224.00  18.29  0.94 14.26 233.47  11.49  0.43 15.78 313.29   9.21  0.34 12.57 312.80   9.09  0.27 17.64 213.56   6.98  0.17 19.03 298.72  11.80  0.11 21.84 295.91   9.85
19790303 000000  3.4 196.8  1.70 14.07 235.43  30.36  6  1.55 13.73 227.86  17.30  0.45 15.70 312.51   9.61  0.32 17.04 216.36   8.09  0.31 12.46 313.88   8.55  0.19 18.99 297.38  12.85  0.13 21.75 298.13  11.05
19790303 030000  5.7 196.2  1.66 13.80 236.81  30.86  6  1.51 13.51 228.80  17.49  0.47 15.32 312.83   9.46  0.34 16.67 217.26   8.41  0.30 12.36 314.05   8.61  0.19 18.99 297.94  13.40  0.13 21.74 297.67  11.26
19790303 060000  6.7 177.7  1.65 14.13 236.81  32.16  7  0.37  2.68 183.73  28.95  1.42 13.34 231.24  15.64  0.47 14.70 313.42   9.30  0.43 16.34 219.46   9.39  0.30 12.25 314.05   8.61  0.18 19.05 299.38  13.32  0.12 21.77 297.18  11.44
19790303 090000  7.8 186.6  1.67 14.22 235.72  33.32  5  1.49 13.19 227.86  22.23  0.47 14.62 313.79   9.14  0.45 16.28 218.44   9.52  0.29 12.09 313.95   8.72  0.23 19.40 298.84  11.69
19790303 120000  4.9 182.2  1.67 12.89 236.53  33.97  7  0.65  3.72 204.14  37.76  1.31 13.01 232.83  14.26  0.52 15.84 220.24   9.97  0.46 14.62 314.01   8.73  0.30 12.00 313.97   8.73  0.21 20.36 298.87  11.68  0.18 17.74 294.18   8.42
19790303 150000  6.1 213.0  1.66 12.97 239.18  32.88  6  1.41 12.91 230.29  20.91  0.59 15.75 222.20   9.59  0.49 14.61 313.57   8.77  0.25 11.77 313.40   9.91  0.25 17.73 295.91  12.13  0.23 20.34 297.44  11.43
19790303 180000  8.5 212.4  1.77 15.25 238.16  31.83  7  0.71  3.65 219.39  30.66  1.25 12.58 233.88  14.45  0.78 15.53 222.52   9.61  0.51 14.58 313.27   9.08  0.28 17.74 295.98  13.08  0.26 11.82 313.21   9.24  0.23 20.35 296.91  11.67
19790303 210000  8.2 210.3  1.88 15.15 236.20  31.51  7  0.84  4.08 219.66  30.33  1.24 12.50 233.63  14.38  0.90 15.36 222.67   9.45  0.52 14.32 312.87   9.76  0.27 17.75 296.61  13.69  0.25 11.78 313.30   8.88  0.23 20.29 297.18  11.82
19790304 000000  5.2 216.4  1.90 14.81 235.23  30.86  8  0.76  4.32 219.12  31.86  1.13 11.88 235.25  14.04  1.11 14.88 222.30   9.88  0.51 13.77 313.33   9.11  0.32 17.93 296.53  13.98  0.29 12.66 225.00   0.00  0.25 11.78 313.22   9.24  0.16 20.41 301.52   6.61
19790304 030000  5.5 195.9  1.94 14.63 234.18  29.60  5  1.75 14.68 224.80  16.26  0.50 13.65 313.50   8.95  0.49 12.31 248.98   5.05  0.37 18.88 297.92  12.46  0.24 11.71 313.64   9.61
19790304 060000  7.8 191.3  2.05 14.40 231.61  29.00  5  0.67  3.78 209.52  31.94  1.38 14.54 222.62   9.49  1.19 11.72 231.62  14.26  0.58 13.58 311.97  10.17  0.34 19.06 295.82  11.75
19790304 090000  7.0 181.5  2.19 13.98 229.95  28.71  5  0.72  3.88 205.04  33.22  1.95 14.25 225.57  12.07  0.50 13.54 314.58   8.55  0.35 19.04 296.98  11.97  0.34 16.48 301.07  11.81
19790304 120000  5.3 184.6  2.30 13.79 229.84  27.54  5  0.62  3.94 205.63  34.78  2.09 13.90 224.98  11.88  0.51 13.52 314.26   8.75  0.37 16.53 298.57  12.63  0.35 19.05 298.10  12.38
19790304 150000  5.8 207.7  2.42 13.73 229.31  26.12  4  2.31 13.78 223.68  14.37  0.52 13.50 314.04   9.00  0.37 16.53 296.98  13.33  0.35 19.00 298.98  12.21
19790304 180000  9.5 216.3  2.63 13.86 227.92  24.81  5  0.79  3.76 219.66  28.36  1.89 13.34 226.31  11.96  1.49 15.37 219.15  10.69  0.53 13.43 313.63   9.13  0.50 16.81 296.53  13.22
19790304 210000  9.4 208.5  2.85 14.40 226.05  24.35  4  1.07  4.60 218.05  28.44  2.54 14.51 222.78  12.08  0.51 12.97 313.65   9.48  0.51 17.61 296.73  13.03
19790305 000000  6.6 201.5  2.95 14.50 224.77  24.23  5  1.08  5.06 213.98  30.03  2.65 14.52 222.17  12.15  0.50 17.76 297.04  12.76  0.42 12.77 315.20   8.52  0.31 14.67 308.60  11.16
19790305 030000  6.9 187.6  2.97 14.48 224.54  23.97  4  2.88 14.45 220.87  15.58  0.50 17.82 297.60  13.08  0.39 12.63 315.89   8.47  0.36 14.89 306.99  10.79
19790305 060000  9.9 183.4  3.00 14.42 223.22  24.74  4  2.91 14.35 219.55  16.60  0.48 17.85 299.26  12.86  0.39 12.59 315.58   8.73  0.39 15.24 304.21  12.26
19790305 090000  9.5 179.9  3.01 14.28 221.83  25.75  5  1.15  4.88 198.49  30.98  2.69 14.19 221.34  12.07  0.44 17.85 300.63  12.84  0.43 15.37 301.48  12.70  0.39 12.57 315.63   8.87
19790305 120000  7.3 178.9  2.93 13.98 222.35  25.66  5  1.14  5.25 202.52  31.22  2.60 13.94 221.24  11.89  0.46 15.55 296.19  13.69  0.40 12.60 315.86   9.16  0.40 17.85 304.02  10.13
19790305 150000  7.7 203.0  2.83 13.82 223.76  25.32  3  2.73 13.82 219.62  16.51  0.62 17.52 299.75  13.41  0.39 12.68 315.14   9.57
19790305 180000  9.6 213.3  2.83 13.75 224.69  25.25  4  1.27  5.48 217.46  27.22  2.41 13.77 221.17  11.60  0.64 17.08 299.15  13.27  0.39 13.04 315.27   9.88
19790305 210000  9.9 210.8  2.84 13.69 225.04  25.72  4  1.46  5.69 219.98  27.35  2.32 13.71 221.22  11.52  0.63 16.79 299.56  13.05  0.38 13.31 314.86  10.10
19790306 000000  7.4 189.5  2.73 13.62 224.82  26.54  4  1.40  6.02 218.73  29.39  2.23 13.62 221.10  11.36  0.60 16.71 299.26  13.05  0.40 13.56 313.90   9.81
19790306 030000  8.9 200.4  2.61 13.57 224.45  27.29  4  1.34  6.06 216.07  29.20  2.13 13.53 220.98  11.17  0.58 16.66 300.45  13.07  0.43 13.79 312.04  10.75
19790306 060000 10.4 191.7  2.62 13.54 222.87  28.73  4  1.44  5.70 211.02  29.20  2.06 13.49 220.78  11.15  0.58 16.63 302.55  12.27  0.45 14.16 309.49  12.82
19790306 090000  9.3 178.4  2.58 13.50 221.81  30.30  4  1.43  5.75 207.01  31.17  2.02 13.44 220.44  11.37  0.60 16.60 301.76  12.71  0.44 14.09 310.70  10.63
19790306 120000  9.7 174.5  2.47 13.40 221.92  30.76  2  2.36 13.34 216.07  21.12  0.74 16.52 304.14  12.99
19790306 150000 12.5 195.8  2.63 13.22 218.62  29.99  3  2.53 13.20 213.84  21.74  0.71 16.40 303.49  13.27  0.06 20.35 304.66   9.49
19790306 180000 16.2 198.3  3.17 12.94 217.01  28.92  4  3.09 12.95 213.99  23.74  0.63 16.03 301.17  12.96  0.27 12.42 315.96   9.60  0.07 20.32 304.44   9.65
19790306 210000 16.2 201.8  3.81  7.87 215.25  28.20  4  3.75  7.87 213.26  24.67  0.62 15.63 301.65  13.51  0.27 12.54 315.33   9.46  0.08 20.11 305.52   9.86
19790307 000000 12.1 187.6  3.89  8.78 214.39  28.65  5  3.53  8.77 211.65  27.13  1.49 12.58 217.07  10.49  0.60 15.56 302.47  13.16  0.26 12.63 314.92   8.82  0.08 19.85 306.07   9.96
19790307 030000 11.4 181.4  3.55  9.16 215.30  28.70  5  3.14  9.15 211.68  27.15  1.54 12.41 218.95  11.45  0.59 15.52 302.57  12.57  0.24 12.55 315.98   8.26  0.08 19.25 306.12   9.96
19790307 060000  9.9 174.8  3.23  9.24 216.06  28.75  6  2.83  9.23 212.26  26.75  1.42 12.30 218.77  12.14  0.57 15.49 302.00  12.59  0.23 12.55 315.96   8.18  0.10 19.08 305.57   9.72  0.07 21.02 218.59   8.21
19790307 090000  9.2 171.6  3.00 11.92 217.08  28.70  5  2.63  9.69 213.48  26.27  1.31 12.18 217.96  11.79  0.60 15.45 304.51  12.42  0.12 18.96 305.59   9.58  0.09 20.74 219.12   8.32
19790307 120000  8.1 170.1  2.88 11.69 218.10  28.03  5  2.51 10.04 214.59  25.07  1.28 12.09 217.90  11.99  0.59 15.39 305.33  12.09  0.14 18.91 305.75  10.08  0.11 20.54 219.52   8.28
19790307 150000  8.5 201.1  2.81 11.56 219.56  26.53  5  2.38 10.04 216.72  23.49  1.37 11.88 217.08  11.60  0.57 15.25 305.87  12.19  0.14 18.83 306.12  10.31  0.13 20.16 220.21   8.75
19790307 180000 10.4 207.6  2.86 11.48 219.84  25.05  6  2.29  9.44 215.90  22.62  1.61 11.47 220.48  13.45  0.51 14.84 304.95  11.95  0.16 19.75 220.85   8.51  0.16 11.69 317.09   8.76  0.14 18.60 306.11  10.68
19790307 210000 12.5 210.6  3.14 10.96 219.21  24.23  5  3.09 10.86 217.50  20.69  0.48 14.57 304.31  11.95  0.20 19.59 220.99   8.60  0.15 11.69 316.64   8.82  0.15 17.97 305.77  10.20
19790308 000000  6.7 197.2  3.17  9.22 219.16  25.31  6  2.80  9.21 218.20  24.20  1.38 11.57 214.93  10.72  0.46 14.48 303.38  12.52  0.24 19.36 221.30   8.59  0.17 17.82 305.70  10.19  0.15 11.67 316.74   8.39
19790308 030000  8.1 201.3  2.92  9.46 220.02  25.78  6  2.60  9.46 218.50  23.78  1.21 11.44 215.69  10.85  0.46 14.45 303.64  12.58  0.29 19.02 221.82   8.49  0.21 17.73 306.20  10.11  0.15 11.70 316.42   7.98
19790308 060000  7.2 198.0  2.68  9.82 221.11  25.99  5  2.10  8.87 217.13  24.27  1.54 10.66 221.00  13.89  0.49 14.42 305.39  12.59  0.33 18.75 222.38   8.44  0.22 17.69 306.47  10.43
19790308 090000  5.4 189.3  2.52 10.09 222.28  25.64  4  2.43 10.07 219.46  20.48  0.48 14.40 305.74  12.51  0.39 18.66 222.35   8.81  0.22 17.63 306.68  10.62
19790308 120000  6.2 189.8  2.47 10.05 222.56  24.58  4  2.38 10.04 219.99  19.78  0.45 18.68 222.66   8.60  0.45 14.36 305.95  12.11  0.21 17.45 306.48  10.57
19790308 150000  7.1 199.4  2.45  9.89 222.17  23.70  4  2.35  9.87 219.90  19.49  0.50 18.64 223.11   8.62  0.41 14.23 305.68  12.12  0.21 16.83 306.51  10.51
19790308 180000  8.7 209.9  2.41  9.70 222.17  23.44  4  2.31  9.69 219.95  19.42  0.55 18.55 223.23   8.89  0.37 13.78 305.75  12.06  0.24 16.65 307.19  10.29
19790308 210000 11.2 207.9  2.51  9.75 221.36  23.82  4  2.39  9.74 219.10  20.00  0.61 18.46 223.46   8.80  0.36 13.59 306.56  12.05  0.28 16.60 307.27  10.24
19790309 000000  8.1 191.0  2.57  9.76 220.29  24.94  4  2.44  9.74 217.89  21.35  0.67 18.09 223.18   8.87  0.35 13.53 307.27  11.90  0.30 16.56 307.47  10.47
19790309 030000  7.8 181.9  2.46  9.55 220.23  25.21  4  2.31  9.54 217.56  21.32  0.69 17.73 223.42   9.26  0.35 13.50 307.65  11.90  0.30 16.52 307.44  10.61
19790309 060000  8.0 179.4  2.34  9.28 219.81  25.03  4  2.17  9.28 216.99  21.17  0.74 17.40 222.76   9.68  0.34 13.48 307.52  12.07  0.28 16.41 307.22  10.68
19790309 090000  6.6 168.8  2.24 16.61 219.87  24.64  4  2.02  9.05 216.93  21.38  0.86 16.83 222.00   9.32  0.32 13.45 306.73  12.37  0.27 15.91 307.33  10.63
19790309 120000  7.5 176.0  2.19 16.13 220.50  23.91  5  1.82  8.95 217.04  21.93  0.92 16.38 221.61   9.41  0.68 11.80 221.93   8.93  0.30 13.40 304.97  13.72  0.27 15.62 307.83  10.61
19790309 150000  7.8 207.6  2.20 15.75 221.09  23.11  5  1.91  8.93 218.28  20.05  0.98 16.19 221.25   9.58  0.29 15.55 308.43  10.50  0.28 13.29 304.31  13.86  0.24 12.66 225.00   0.00
19790309 180000 11.2 206.0  2.41 15.48 220.74  23.00  5  2.10  8.78 218.15  20.81  0.89 14.46 218.66   8.21  0.67 16.43 227.35   8.44  0.31 15.53 308.70  10.47  0.27 12.98 305.49  12.55
19790309 210000 11.4 211.0  2.73 15.39 220.60  23.44  4  2.42  8.30 218.67  22.36  1.20 15.31 221.42   9.18  0.32 15.48 308.37  10.24  0.25 12.80 306.23  13.54
19790310 000000  7.3 198.5  2.85  8.37 220.73  24.40  5  2.57  8.37 219.13  23.71  0.90 13.50 218.72   8.75  0.72 15.53 226.09   8.77  0.32 15.44 307.80  10.42  0.23 12.69 310.33  10.39
19790310 030000  4.9 200.4  2.71  8.56 221.65  24.21  5  2.46  8.56 220.09  23.40  0.89 13.46 218.98   8.65  0.61 15.43 229.05   6.37  0.31 15.32 308.45  10.65  0.21 12.62 310.04  10.32
19790310 060000  3.3 195.8  2.52  8.67 222.55  23.37  4  2.21  8.66 220.89  22.65  1.14 14.41 222.52   9.35  0.30 14.91 308.53  10.73  0.20 12.61 310.21  10.37
19790310 090000  2.2 176.1  2.35 14.44 223.14  22.56  5  2.04  8.79 221.31  21.40  0.87 12.75 220.43   8.73  0.70 14.63 227.07   9.39  0.30 14.63 309.02  10.67  0.19 12.58 309.80  10.45
19790310 120000  2.3 196.6  2.24 14.38 223.37  21.99  5  1.99  8.90 221.47  19.75  0.70 14.52 226.20   9.56  0.65 12.92 219.91   8.89  0.31 14.55 309.28  10.56  0.18 12.55 309.43  10.48
19790310 150000  3.0 247.3  2.16 14.28 223.55  21.71  4  1.95  8.92 221.11  18.80  0.87 14.17 225.61   9.03  0.32 14.51 308.58  10.86  0.17 12.42 310.75   9.73
19790310 180000  7.6 215.2  2.09 14.07 223.89  22.10  5  1.81  8.72 221.21  19.36  0.97 13.72 224.81   9.48  0.35 14.48 308.52  11.00  0.09 11.73 314.61   4.65  0.05 17.97 283.02  11.54
19790310 210000  7.4 209.8  2.00 13.67 223.75  23.18  4  1.68  8.43 220.06  20.74  1.02 13.54 226.05   9.83  0.34 14.44 307.94  11.51  0.14 11.85 312.53   8.02
19790311 000000  5.1 214.5  1.89 13.53 224.13  24.01  5  1.53  8.07 220.03  21.83  1.04 13.44 225.25   9.62  0.34 14.38 307.61  11.85  0.13 11.78 314.23   8.00  0.07 17.78 286.08   9.92
19790311 030000  3.4 196.3  1.79 13.45 224.88  24.05  5  1.36  7.82 220.02  22.44  1.11 13.37 225.60   9.42  0.33 14.27 307.80  11.89  0.13 11.77 314.24   8.04  0.08 17.76 287.23  10.43
19790311 060000  4.1 202.6  1.75 13.38 225.34  23.48  6  1.22  7.70 220.67  22.83  1.17 13.27 224.38   9.52  0.32 14.00 308.43  11.68  0.25 16.94 236.06   8.74  0.14 11.80 312.81   8.97  0.07 17.76 288.74  10.99
19790311 090000  4.3 185.5  1.75 13.27 225.25  22.70  5  1.21 13.05 224.56   9.51  1.18  8.15 220.29  22.33  0.34 13.74 309.68  11.06  0.25 16.77 237.17   6.88  0.07 17.73 289.80  11.58
19790311 120000  0.3  32.1  1.77 13.01 225.08  21.79  4  1.18 12.76 224.15   9.94  1.15  8.26 219.81  21.39  0.55 15.59 230.45  11.36  0.33 13.64 310.01  10.89
19790311 150000  4.4 281.2  1.79 12.82 225.45  21.81  5  1.23  8.80 221.03  21.32  1.10 12.66 224.62   9.47  0.62 15.31 227.45   9.37  0.33 13.58 310.16  10.74  0.09 16.77 283.69  12.12
19790311 180000  6.7 236.0  1.82 12.85 225.84  21.42  5  1.27  8.76 222.08  20.77  1.15 12.67 225.07   9.33  0.52 15.58 226.64  10.49  0.32 13.54 310.11  10.72  0.11 16.64 282.96  11.40
19790311 210000  5.1 216.1  1.83 13.06 225.77  21.16  6  1.27  8.57 222.17  20.54  1.12 12.79 225.15   9.45  0.59 15.37 224.97   9.41  0.31 13.50 309.50  10.86  0.12 16.61 283.24  11.47  0.09 10.99 315.62   7.86
19790312 000000  2.9 231.3  1.81 14.06 225.69  20.65  6  1.33 14.23 224.60   9.34  1.17  8.40 222.30  20.52  0.30 13.45 309.30  11.01  0.14 20.38 217.38   7.04  0.13 16.60 284.15  12.10  0.09 10.99 315.66   7.86
19790312 030000  3.2 222.1  1.79 13.89 225.71  20.21  5  1.36 14.16 224.46   9.32  1.08  8.17 222.51  20.45  0.31 13.40 309.84  11.07  0.25 19.26 217.60   7.35  0.12 16.60 285.45  12.97
19790312 060000  3.7 212.3  1.77 13.49 225.56  19.85  5  1.36 13.62 224.45   9.11  1.00  7.98 222.61  20.60  0.40 18.60 217.60   7.13  0.31 13.34 310.01  11.19  0.11 16.59 287.24  13.94
19790312 090000  2.1 224.4  1.76 13.39 225.35  19.45  4  1.35 13.42 224.51  10.41  0.92  7.78 222.99  20.92  0.57 17.80 219.38   7.88  0.31 13.25 310.34  11.21
19790312 120000  2.3 259.9  1.76 13.34 225.19  18.93  5  1.34 13.37 224.08   9.00  0.84  7.53 223.93  21.53  0.71 17.16 219.39   8.13  0.30 13.08 310.79  11.07  0.12 15.93 284.22  14.52
19790312 150000  3.4 287.0  1.78 16.56 225.62  19.22  5  1.28 13.33 224.07   8.98  0.91 16.61 220.90   8.41  0.79  7.38 226.98  25.32  0.29 12.86 311.22  10.82  0.14 15.57 282.84  13.85
19790312 180000  5.2 238.4  1.80 16.03 225.77  18.49  5  1.21 13.18 224.19   8.85  1.06 16.12 222.36   8.92  0.74  7.16 227.00  24.87  0.28 12.74 311.55  10.57  0.16 15.54 284.56  12.24
19790312 210000  4.8 214.6  1.82 15.57 225.85  17.94  4  1.37 12.99 225.21  14.76  1.16 15.57 222.61   9.10  0.27 12.66 311.37  11.26  0.17 15.52 285.09  12.53
19790313 000000  6.7 209.3  1.87 15.37 225.62  17.80  4  1.84 15.34 223.97  12.92  0.26 12.60 311.96  10.31  0.16 15.51 285.26  13.08  0.08 19.22 290.29  10.69
19790313 030000  5.2 200.1  1.89 14.88 225.62  17.78  5  0.77  7.22 221.82  24.84  1.70 14.79 224.51   9.08  0.26 12.56 312.15  10.18  0.14 15.51 289.45  12.18  0.09 19.17 288.88  12.52
19790313 060000  5.5 177.9  1.90 14.78 225.47  17.84  5  1.72 14.71 224.81   9.16  0.74  7.22 219.05  25.60  0.26 12.52 312.26  10.15  0.13 15.50 291.85  13.28  0.10 19.10 288.69  12.96
19790313 090000  4.9 182.3  1.88 15.06 225.58  17.93  4  1.72 15.06 225.38  10.33  0.70  7.22 217.15  25.96  0.26 12.49 312.29  10.17  0.11 19.02 289.20  12.91
19790313 120000  5.4 180.7  1.86 14.86 225.83  18.06  5  1.71 14.86 225.66  10.51  0.67  7.21 215.87  26.24  0.25 12.45 312.43  10.11  0.11 18.80 287.03  12.51  0.06 21.92 299.35   9.47
19790313 150000  5.2 219.6  1.82 14.55 226.38  17.97  5  0.62  7.17 216.56  25.35  1.69 14.55 225.63   9.70  0.25 12.39 312.62  10.02  0.15 18.27 290.22  12.99  0.14 14.59 285.88  13.42
19790313 180000  6.7 216.1  1.82 14.42 226.91  18.53  5  0.70  7.17 220.65  25.28  1.65 14.41 225.78   9.96  0.24 12.26 312.75   9.97  0.17 18.06 290.41  13.31  0.16 14.53 285.89  13.84
19790313 210000  8.2 215.8  1.84 14.28 226.84  19.86  4  1.81 14.25 224.90  15.36  0.23 12.01 313.08   9.82  0.18 17.97 291.63  13.00  0.18 14.51 285.75  13.63
19790314 000000  4.1 190.0  1.85 14.00 226.05  21.52  6  0.88  4.56 218.47  29.70  1.59 13.89 225.51  10.75  0.22 11.88 313.41   9.61  0.19 14.50 284.66  15.90  0.15 17.94 288.18  13.03  0.12 20.65 298.04  10.78
19790314 030000  4.6 203.4  1.79 13.66 226.52  21.69  6  0.88  4.99 218.19  27.90  1.52 13.62 226.11  10.71  0.22 11.81 313.78   9.40  0.18 14.50 287.58  15.21  0.16 17.94 289.60  13.29  0.13 20.52 297.69  10.51
19790314 060000  5.0 187.0  1.73 13.51 226.90  21.78  7  0.81  5.16 217.61  27.34  1.46 13.49 225.73  10.69  0.29 16.68 239.69   5.86  0.22 11.77 314.17   9.19  0.19 17.94 290.10  13.33  0.17 14.49 289.19  15.89  0.14 20.46 299.11   9.32
19790314 090000  4.0 178.3  1.69 13.38 227.40  21.87  6  1.36 13.37 225.60  10.92  0.74  5.23 217.26  26.96  0.54 16.90 230.90  10.09  0.26 20.01 293.48  13.02  0.21 11.74 314.26   9.16  0.16 14.44 289.88  19.01
19790314 120000  3.1 176.6  1.67 13.23 227.97  21.74  7  1.35 13.22 225.87  10.97  0.72  5.34 218.61  25.61  0.55 16.92 229.51  11.42  0.26 19.66 296.38  11.76  0.21 11.71 314.34   9.03  0.14 14.31 294.36  17.48  0.11 16.59 278.33   7.09
19790314 150000  4.0 227.4  1.70 13.10 228.62  21.27  7  1.31 13.05 225.74  11.37  0.74  5.81 221.18  23.13  0.67 16.62 229.66  10.43  0.26 19.14 294.83  11.74  0.22 11.67 314.25   8.74  0.18 16.64 291.20  15.14  0.12 13.80 283.71  12.80
19790314 180000  7.4 228.9  1.82 13.02 229.02  21.05  7  0.92  6.74 225.01  22.33  1.32 12.95 225.76  11.26  0.75 16.24 229.21  11.16  0.24 19.17 297.77  10.88  0.22 16.94 291.11  12.34  0.20 11.61 314.66   9.08  0.15 13.62 287.69  17.73
19790314 210000  7.6 207.8  2.01 13.03 227.92  21.62  7  1.21  7.49 223.74  22.86  1.36 12.93 224.88  10.93  0.74 16.33 231.38  10.86  0.28 18.98 295.23  10.85  0.20 16.66 295.77  13.83  0.19 11.56 314.50   9.11  0.15 13.58 289.10  16.01
19790315 000000  5.5 177.8  2.17 13.21 226.76  22.40  6  1.58 13.01 227.37  11.72  1.36  7.46 220.42  23.91  0.39 15.64 221.61   5.08  0.36 18.81 296.38  12.00  0.19 11.50 314.63   9.05  0.16 13.55 287.61  14.31
19790315 030000  5.4 196.1  2.30 13.33 226.72  22.35  7  1.65 13.03 227.16  11.84  1.49  7.57 220.91  23.43  0.38 18.60 296.84  11.72  0.32 15.51 225.00   0.02  0.18 11.42 314.59   8.81  0.17 13.55 292.08  17.22  0.06 23.23 210.54   6.73
19790315 060000  7.5 192.9  2.44 14.37 226.55  22.29  7  1.67  7.97 220.76  22.57  1.34 12.78 225.86  11.10  1.07 14.93 230.37  12.41  0.41 17.95 296.65  11.83  0.18 11.33 314.88   8.63  0.16 13.54 296.77  15.46  0.09 22.23 210.18   6.18
19790315 090000  4.5 188.2  2.58 14.51 226.85  21.73  4  2.54 14.40 225.06  18.31  0.43 17.75 296.68  11.72  0.16 11.23 315.34   8.50  0.12 21.83 209.95   5.99
19790315 120000  4.5 184.1  2.69 14.34 227.30  20.82  3  2.64 14.30 225.46  16.99  0.49 17.69 299.40  12.98  0.15 21.58 209.97   6.59
19790315 150000  4.9 223.8  2.72 14.14 227.59  20.15  4  2.05 14.13 227.25  12.29  1.70  9.36 223.48  20.18  0.50 17.63 299.12  12.90  0.19 20.49 209.95   6.04
19790315 180000  8.0 209.8  2.72 13.99 227.69  20.07  4  2.66 13.97 225.80  15.78  0.49 17.52 297.89  12.14  0.22 20.39 210.60   6.59  0.14 11.03 315.82   8.28
19790315 210000  8.8 209.6  2.76 13.88 227.35  20.57  4  2.70 13.84 225.45  16.27  0.50 17.22 298.39  12.04  0.26 19.82 210.43   6.42  0.14 11.03 315.86   8.22
19790316 000000  6.3 188.8  2.76 13.74 227.39  21.31  4  2.69 13.71 225.43  16.98  0.51 16.70 298.32  11.83  0.32 19.10 211.20   7.08  0.15 11.08 316.25   7.96
19790316 030000  5.5 199.8  2.72 13.60 227.88  21.55  5  2.23 13.57 227.76  11.18  1.43  7.51 220.50  25.43  0.53 16.57 298.33  11.83  0.33 19.07 210.69   6.68  0.14 11.17 316.37   8.38
19790316 060000  7.8 197.7  2.69 13.50 227.99  21.76  7  1.41  7.65 219.84  25.06  2.19 13.48 228.15  11.19  0.52 16.51 297.93  11.78  0.41 18.12 210.74   6.60  0.14 11.29 316.78   7.49  0.11 20.48 305.28   9.89  0.09 12.65 290.13  10.58
19790316 090000  5.4 184.1  2.68 13.43 228.02  21.96  4  2.57 13.41 225.87  16.89  0.56 16.43 298.65  12.84  0.46 17.84 210.71   6.41  0.13 20.41 304.96   9.68
19790316 120000  2.6 182.7  2.64 13.37 228.30  21.78  4  2.52 13.35 226.14  16.40  0.56 16.35 298.98  12.43  0.52 17.72 212.23   6.58  0.13 20.39 305.28   9.52
19790316 150000  3.0 236.0  2.58 13.32 228.53  21.69  4  2.44 13.28 226.43  15.70  0.59 16.89 211.04   6.56  0.57 16.15 298.98  12.70  0.12 20.40 305.06   9.42
19790316 180000  5.6 220.5  2.51 13.28 228.68  22.01  4  2.35 13.23 226.60  15.57  0.69 16.60 212.42   6.90  0.57 15.74 298.93  12.71  0.18 19.47 304.33   9.83
19790316 210000  6.7 212.8  2.43 13.22 228.60  22.82  5  2.26 13.16 226.14  15.90  0.67 16.55 212.47   6.66  0.55 15.54 298.48  11.85  0.22 19.13 303.33  10.00  0.11 10.72 317.16   8.86
19790317 000000  5.4 194.4  2.35 13.04 228.15  23.88  4  2.14 12.99 225.73  16.64  0.76 15.79 211.76   6.49  0.57 15.46 298.31  13.05  0.24 19.10 302.76  11.07
19790317 030000  6.3 206.0  2.27 12.88 227.86  24.50  4  2.09 12.83 224.87  16.86  0.66 15.67 210.76   6.96  0.57 15.41 298.13  12.99  0.23 19.09 302.87  11.65
19790317 060000  7.3 190.1  2.23 12.79 227.13  25.44  4  2.01 12.75 223.92  18.02  0.72 15.52 212.34   7.29  0.58 15.36 298.00  13.04  0.21 19.10 303.64  10.88
19790317 090000  5.6 184.7  2.17 12.79 227.02  26.64  5  1.13  7.09 217.52  26.66  1.57 12.71 226.58  12.21  0.75 15.10 210.85   7.52  0.56 15.29 297.61  12.97  0.27 18.23 304.33   9.50
19790317 120000  4.5 198.7  2.10 14.34 227.94  27.27  5  1.47 12.52 226.45  12.71  1.10  7.14 219.53  25.82  0.78 14.83 211.93   7.37  0.55 15.17 297.70  12.94  0.33 17.89 302.70  10.17
19790317 150000  4.6 228.6  2.02 14.30 228.78  27.44  4  1.59 12.85 222.92  13.32  1.07  7.15 221.77  24.50  0.54 14.90 297.67  12.86  0.35 17.86 301.82  11.02
19790317 180000  7.4 219.8  1.99 14.38 228.65  27.36  3  1.89 12.93 222.59  17.77  0.53 14.65 297.61  12.64  0.33 17.88 301.38  11.81
19790317 210000  7.1 211.9  1.96 14.37 227.89  27.62  4  1.86 14.20 221.95  18.41  0.53 14.54 297.20  12.93  0.29 17.92 301.62  12.13  0.05 23.50 301.72   9.60
19790318 000000  2.7 206.7  1.90 14.31 228.00  28.36  4  1.80 14.18 221.43  18.39  0.53 14.48 297.10  13.20  0.31 17.62 301.61  10.59  0.07 23.34 301.49  10.01
19790318 030000  4.2 225.1  1.87 14.20 229.34  28.83  5  1.73 13.67 221.67  17.35  0.50 14.41 296.44  13.25  0.41 16.74 301.69  10.31  0.24 18.52 224.85   9.77  0.08 23.31 301.35  10.23
19790318 060000  6.2 194.3  1.88 13.92 229.71  28.88  5  1.73 13.08 221.74  16.83  0.50 14.39 296.64  12.63  0.43 16.72 301.29  10.82  0.29 18.06 223.13   9.21  0.08 23.26 301.55  10.17
19790318 090000  5.7 176.8  1.89 13.34 229.05  28.59  5  0.76  6.27 217.82  29.48  1.60 12.81 222.26  12.39  0.49 14.35 296.57  12.65  0.42 16.72 300.21  11.72  0.09 22.95 301.77   9.82
19790318 120000  2.8 183.9  1.88 13.23 228.86  27.41  4  1.77 12.46 221.96  16.14  0.48 14.31 296.43  12.93  0.39 16.77 299.48  12.69  0.12 21.97 301.49   9.75
19790318 150000  4.3 223.9  1.88 13.36 228.79  26.43  4  1.78 12.13 222.27  15.01  0.47 14.24 296.51  13.33  0.38 16.77 299.45  12.71  0.14 21.83 301.21  10.06
19790318 180000  6.6 208.7  1.92 13.50 228.42  26.51  3  1.82 13.32 221.92  14.97  0.61 15.88 298.14  13.01  0.15 21.79 301.18  10.36
19790318 210000  6.5 210.7  1.99 13.58 227.88  27.10  4  1.88 13.48 221.27  15.63  0.55 15.60 297.13  12.83  0.31 13.38 303.54   9.69  0.16 21.75 301.34  10.43
19790319 000000  3.6 202.6  1.99 15.44 227.70  27.26  4  1.88 13.67 220.87  15.38  0.49 15.70 300.58  11.08  0.42 13.68 294.75  14.42  0.18 21.52 301.68  10.03
19790319 030000  4.6 214.0  1.99 15.37 227.47  26.87  4  1.87 15.08 220.64  14.58  0.47 15.70 299.79  11.42  0.41 13.58 294.27  14.97  0.22 20.58 301.74   9.88
19790319 060000  5.6 164.9  1.99 15.24 226.68  27.00  4  1.88 14.37 220.00  14.99  0.44 15.72 299.19  11.99  0.41 13.57 295.05  14.55  0.26 20.41 301.54  10.07
19790319 090000  5.9 178.3  1.99 14.25 225.99  27.40  4  1.88 14.26 219.38  15.79  0.43 15.75 298.39  12.83  0.40 13.56 295.56  14.38  0.27 20.37 301.49  10.37
19790319 120000  2.9 192.1  1.97 14.21 226.70  27.44  4  1.84 14.15 219.33  14.82  0.59 15.48 298.11  12.80  0.27 20.34 301.40  10.53  0.24 10.40 250.63   5.26
19790319 150000  4.5 227.4  1.94 14.15 228.03  27.70  3  1.82 13.92 220.54  14.27  0.61 15.14 298.39  12.69  0.28 20.21 301.67  10.36
19790319 180000  7.5 204.2  1.96 13.98 228.34  28.43  4  0.51  3.06 213.07  28.80  1.76 13.61 221.06  13.08  0.61 14.83 298.91  12.47  0.32 19.45 301.82  10.05
19790319 210000  7.3 214.4  1.99 13.70 228.57  29.01  5  0.68  3.73 216.89  28.64  1.73 13.45 221.18  13.02  0.59 14.75 298.58  11.92  0.38 19.11 301.91   9.99  0.06 11.09 331.78   4.78
19790320 000000  4.8 200.1  1.97 13.57 228.58  29.24  4  1.84 13.35 220.61  16.40  0.56 14.73 298.59  12.15  0.41 19.04 302.01  10.17  0.06 11.03 334.02   3.24
19790320 030000  4.9 186.1  1.94 13.51 228.25  28.83  5  1.79 13.23 220.47  16.14  0.54 14.71 298.91  12.29  0.41 19.01 301.93  10.37  0.33 20.13 222.41   7.54  0.05 10.98 335.11   1.03
19790320 060000  4.8 191.0  1.94 13.69 227.91  28.21  4  1.82 13.16 220.47  15.08  0.53 14.64 299.17  12.31  0.39 18.97 301.96  10.44  0.06 10.80 331.86   6.88
19790320 090000  5.7 185.5  1.97 13.97 227.48  28.04  5  1.72 13.27 219.94  15.29  0.69 18.16 221.01   9.44  0.54 14.54 299.24  12.58  0.41 18.79 301.99  10.25  0.06 10.46 332.01   6.75
19790320 120000  1.4 124.4  2.00 17.86 227.56  28.14  5  1.68 13.45 220.20  14.98  0.84 17.93 218.72   8.83  0.53 14.44 299.13  12.71  0.45 18.06 302.16  10.10  0.06 10.36 331.98   6.71
19790320 150000  4.4 293.6  2.03 17.75 227.94  28.16  5  1.63 14.32 220.33  14.24  0.96 17.54 219.00   8.53  0.52 14.37 299.22  12.55  0.50 17.85 302.52  10.08  0.06 10.27 331.82   6.69
19790320 180000  3.8 253.3  2.05 17.66 228.01  28.15  6  1.54 14.18 222.09  15.07  1.11 17.10 217.62   8.69  0.52 17.79 302.71  10.07  0.49 14.32 299.64  12.03  0.32  5.16 210.32  16.31  0.07 10.21 330.51   6.50
19790320 210000  3.9 238.9  2.05 17.54 227.13  27.65  4  1.58 14.27 220.74  14.56  1.10 16.93 217.66   8.15  0.52 17.76 302.48  10.20  0.48 14.27 300.98  12.57
19790321 000000  1.6 311.5  2.03 17.41 226.44  27.36  4  1.57 14.28 219.44  13.66  1.08 16.90 218.67   8.47  0.51 17.71 302.41  10.31  0.46 14.20 301.32  12.84
19790321 030000  3.6 225.4  2.00 17.23 226.21  27.53  3  1.88 15.84 218.84  12.03  0.51 17.59 302.33  10.34  0.46 14.01 301.86  12.52
19790321 060000  3.7 191.2  1.97 16.50 226.30  28.13  3  1.84 15.48 218.46  11.85  0.52 17.15 302.39  10.32  0.45 13.74 302.06  12.42
19790321 090000  3.2 187.6  1.93 16.41 226.50  28.89  3  1.80 15.25 218.08  11.71  0.54 16.75 302.77  10.11  0.44 13.62 302.02  12.67
19790321 120000  1.1 279.8  1.90 16.39 226.57  29.54  3  1.76 14.91 217.69  11.69  0.56 16.65 302.98  10.13  0.43 13.57 302.23  12.65
19790321 150000  3.7 283.0  1.86 16.37 226.99  30.37  3  1.73 14.82 217.83  13.35  0.56 16.61 302.93  10.13  0.42 13.54 302.66  12.58
19790321 180000  5.4 248.1  1.85 16.33 227.09  30.64  3  1.71 14.98 217.89  14.01  0.56 16.57 302.95  10.19  0.40 13.53 302.89  12.47
19790321 210000  3.5 212.2  1.83 16.23 226.30  30.53  3  1.70 15.16 217.20  13.51  0.57 16.51 302.59  10.38  0.37 13.47 304.21  12.37
19790322 000000  2.0 207.0  1.81 15.94 225.36  30.30  3  1.69 15.24 216.49  12.97  0.57 16.40 302.96  10.31  0.35 13.41 304.16  12.52
19790322 030000  5.2 200.0  1.80 15.62 224.39  30.14  3  1.68 15.26 215.78  12.80  0.56 16.09 303.03  10.49  0.33 13.35 304.56  12.66
19790322 060000  6.9 187.6  1.79 15.52 223.03  30.56  3  1.68 15.23 214.72  14.27  0.55 15.72 303.40  10.32  0.32 13.23 304.64  12.82
19790322 090000  8.0 169.3  1.81 15.46 219.80  32.52  4  0.65  3.43 186.13  35.34  1.57 15.18 215.30   9.63  0.54 15.62 303.70  10.16  0.31 12.97 304.39  13.00
19790322 120000  7.0 174.1  1.78 15.39 219.17  32.82  4  0.66  3.67 183.87  34.88  1.53 15.07 215.42   9.37  0.53 15.55 303.54  10.25  0.30 12.85 304.66  12.68
19790322 150000  8.8 200.2  1.79 15.30 219.90  31.27  4  0.76  3.74 197.81  31.32  1.50 14.94 215.82   9.51  0.54 15.50 303.55  10.32  0.25 12.60 304.55  12.52
19790322 180000  9.9 215.4  1.87 15.19 221.92  30.02  4  0.99  4.25 213.31  29.82  1.47 14.78 216.31   9.42  0.55 15.45 302.74  10.75  0.22 12.56 308.74  10.11
19790322 210000 11.0 208.1  2.02 15.02 220.97  30.27  4  1.30  4.88 213.27  29.49  1.43 14.60 216.97   9.23  0.55 15.39 302.80  10.73  0.21 12.56 308.66   9.87
19790323 000000  8.1 201.4  2.03 14.73 220.02  31.22  5  1.37  5.35 210.77  30.31  1.39 14.46 217.74   9.23  0.54 15.34 303.02  10.72  0.21 12.55 309.10  10.10  0.06 21.81 301.85   9.79
19790323 030000  8.5 191.6  1.94 14.56 220.77  31.54  4  1.28  5.51 210.44  30.50  1.34 14.34 218.64   9.43  0.57 15.30 304.11  10.78  0.07 21.76 301.23  11.18
19790323 060000  6.9 179.5  1.81 14.41 222.07  31.71  4  1.15  5.54 210.67  31.06  1.29 14.22 219.66   9.67  0.54 15.23 304.40  10.80  0.08 21.75 301.09  11.67
19790323 090000  5.9 170.1  1.67 14.26 223.66  31.73  4  1.00  5.48 211.38  32.06  1.23 14.08 220.61   9.81  0.51 15.10 304.69  10.77  0.08 21.75 301.66  11.12
19790323 120000  7.3 170.3  1.55 14.04 224.60  32.20  4  0.89  5.34 210.59  33.58  1.17 13.78 221.42   9.97  0.49 14.80 304.93  10.69  0.07 21.64 301.98  10.87
19790323 150000  7.4 212.9  1.50 13.75 226.27  31.72  4  0.87  5.21 213.82  31.66  1.12 13.61 222.17  10.23  0.48 14.60 305.07  10.51  0.09 20.54 301.37  10.61
19790323 180000  9.8 225.1  1.65 13.63 227.28  30.51  4  1.16  4.95 220.18  27.98  1.06 13.49 222.74  10.53  0.48 14.51 305.02  10.42  0.12 20.36 301.68  10.08
19790323 210000  8.5 208.8  1.74 13.54 228.50  31.14  5  1.33  5.44 222.75  28.70  0.97 13.36 222.51  10.43  0.48 14.47 304.80  10.54  0.23 16.82 238.37  11.10  0.14 20.34 301.88  10.50
19790324 000000  5.2 203.3  1.70 13.34 229.68  31.86  5  1.31  5.72 223.49  29.43  0.94 13.10 223.20  10.90  0.48 14.46 304.62  10.61  0.22 18.28 251.62   7.43  0.14 20.33 302.73  10.03
19790324 030000  5.8 201.2  1.62 12.97 231.85  31.72  6  1.21  5.92 224.98  29.08  0.86 12.86 223.36  11.85  0.48 14.45 304.41  10.91  0.34 17.90 251.24   7.47  0.25 16.21 225.67   7.69  0.13 20.33 303.20  10.33
19790324 060000  5.8 197.1  1.57 12.85 234.14  31.19  6  1.12  5.95 225.53  28.81  0.84 12.75 224.58  13.04  0.49 17.37 250.08   9.13  0.46 14.43 304.26  11.40  0.17 16.01 229.69   4.99  0.12 20.19 303.57   9.60
19790324 090000  4.8 180.9  1.57 16.59 237.41  29.97  5  1.02  5.88 226.22  28.84  0.83 12.68 227.77  15.90  0.71 16.65 247.82   9.32  0.44 14.39 305.30  10.51  0.16 19.16 302.58   9.63
19790324 120000  4.7 180.7  1.65 16.02 241.08  27.38  4  1.28 16.08 240.64  15.20  0.94  5.77 227.41  28.19  0.43 14.32 305.78  10.58  0.20 19.03 302.81   9.46
19790324 150000  3.3 230.4  1.79 15.47 243.51  24.30  4  1.49 15.55 242.96  13.64  0.87  5.74 228.76  26.90  0.41 14.12 306.33  10.38  0.22 19.01 303.03   9.80
19790324 180000  7.6 224.6  1.96 14.89 243.91  22.23  4  0.92  5.77 229.29  25.30  1.67 15.00 244.15  12.71  0.40 13.76 306.83   9.90  0.22 19.00 303.63  10.14
19790324 210000  8.0 209.4  2.16 14.45 241.56  22.86  4  1.14  5.75 224.29  25.97  1.78 14.50 244.74  11.90  0.39 13.66 306.57  10.06  0.20 19.00 304.39  10.42
19790325 000000  5.9 199.2  2.26 13.94 240.34  22.97  4  1.28  6.19 223.99  25.84  1.82 14.05 244.83  11.60  0.38 13.60 306.31  10.12  0.18 18.93 304.63  10.17
19790325 030000  5.4 219.6  2.30 13.57 239.65  23.03  4  1.81 13.56 244.56  11.54  1.36  6.85 224.14  25.26  0.38 13.57 306.00  10.38  0.21 18.07 303.60  10.07
19790325 060000  5.4 211.3  2.30 13.39 239.17  23.43  5  1.77 13.35 243.95  11.74  1.39  7.18 224.40  24.84  0.37 13.55 306.44  10.08  0.26 17.81 302.93   9.78  0.06 21.84 309.84   8.03
19790325 090000  2.5 204.3  2.24 13.13 239.01  23.79  6  1.71 12.94 243.48  11.39  1.36  7.38 224.62  24.37  0.37 13.53 306.72  10.36  0.30 17.78 303.25  10.05  0.16 10.93 202.54   4.98  0.07 21.81 307.62   9.49
19790325 120000  1.1 264.4  2.17 12.87 238.54  23.86  4  1.66 12.76 241.56  12.28  1.31  7.60 225.09  24.05  0.37 13.50 307.01  10.72  0.33 17.76 303.05  11.46
19790325 150000  4.2 282.0  2.11 12.95 237.48  23.80  6  1.62 12.81 240.28  12.12  1.28  7.70 224.58  23.73  0.36 13.47 308.09   9.89  0.29 17.76 303.35  11.97  0.11 20.53 307.54   9.00  0.05 25.21 301.06  10.06
19790325 180000  6.3 228.0  2.08 12.99 235.83  23.61  5  2.03 12.89 233.07  18.94  0.34 13.40 308.31  10.04  0.26 17.74 303.69  12.39  0.12 20.47 308.04   9.29  0.07 24.97 302.10  10.04
19790325 210000  6.1 209.7  2.05 12.75 233.47  23.83  6  1.26  7.97 220.81  22.98  1.56 12.71 236.96  12.97  0.32 13.19 308.52   9.92  0.24 17.60 303.74  11.56  0.12 20.45 308.65   9.23  0.08 24.92 302.20   9.89
19790326 000000  3.7 217.1  2.03 12.60 231.75  23.92  5  1.98 12.56 228.89  18.77  0.31 12.89 308.13  10.25  0.27 16.82 303.37  10.71  0.13 20.43 309.66   8.38  0.09 24.82 301.63   9.96
19790326 030000  5.4 214.3  2.11 12.41 230.25  23.67  7  1.51 12.30 231.10  12.16  1.39  9.46 222.31  21.72  0.31 16.65 302.95  10.93  0.30 12.79 308.16  10.11  0.17 20.06 308.67   8.44  0.12 21.87 211.94   6.40  0.11 24.43 300.43   9.87
19790326 060000  4.6 184.7  2.22 12.07 228.74  23.68  7  1.54  9.73 223.50  21.60  1.51 11.93 227.62  10.80  0.35 16.61 303.32  11.39  0.29 12.76 308.10  10.13  0.19 19.45 307.98   9.20  0.14 23.46 301.15   9.97  0.13 21.83 212.17   6.56
19790326 090000  2.1 174.7  2.25 11.96 228.21  23.63  7  1.56 11.82 226.31  10.43  1.52  9.58 223.45  21.34  0.35 16.60 303.79  11.72  0.29 12.75 308.63   9.76  0.20 19.28 308.08   9.35  0.18 20.90 212.89   6.93  0.16 23.34 301.59  10.10
19790326 120000  4.3 199.0  2.22 12.23 227.78  23.59  7  1.54 11.92 225.49   9.95  1.49  9.54 223.38  21.00  0.34 16.59 303.96  12.22  0.29 12.74 308.95   9.94  0.23 20.43 212.14   6.74  0.21 19.20 308.55   9.63  0.18 23.28 301.75  10.08
19790326 150000  3.8 269.2  2.19 12.50 227.41  23.37  7  1.50 12.15 225.00   9.73  1.49  9.61 223.29  20.33  0.31 16.58 304.05  12.53  0.29 12.76 309.89   9.49  0.25 20.39 214.02   7.58  0.22 19.14 308.98   9.33  0.20 23.17 300.99  10.10
19790326 180000  5.2 236.9  2.18 12.69 227.39  23.41  7  1.60 14.13 224.51  10.19  1.35  9.04 223.84  21.60  0.35 19.32 214.47   7.47  0.30 16.56 303.87  12.32  0.28 12.77 310.43   9.35  0.22 22.57 300.59  10.31  0.21 19.10 309.95   8.39
19790326 210000  3.4 235.6  2.15 13.34 227.32  23.96  7  1.58 13.54 223.95   9.59  1.32  9.05 223.55  21.42  0.35 19.10 212.49   7.02  0.30 16.01 302.62  12.14  0.28 12.77 310.82   9.33  0.26 21.92 300.90  10.26  0.25 18.83 310.36   7.53
19790327 000000  2.5 229.4  2.09 13.39 227.79  24.95  7  1.63 11.67 223.53  17.29  1.13 13.71 223.28   9.07  0.37 19.06 214.38   7.93  0.31 15.62 303.99  11.50  0.29 21.82 301.41  10.38  0.29 18.25 307.96   9.46  0.26 12.74 311.04   9.29
19790327 030000  1.8 278.1  2.03 13.36 228.28  25.74  6  1.90 13.40 223.34  14.66  0.40 18.68 214.04   7.87  0.32 15.52 305.17  11.20  0.31 18.01 307.26  10.18  0.31 21.78 301.43  10.39  0.25 12.68 310.83   9.22
19790327 060000  2.4 257.7  1.95 13.25 228.68  26.48  7  1.48 13.29 223.34   9.55  1.03  8.39 222.85  20.76  0.43 17.89 213.18   7.76  0.35 15.53 304.52  12.20  0.31 21.67 300.68  10.49  0.29 17.95 308.34   9.58  0.24 12.58 310.86   9.16
19790327 090000  1.0 179.7  1.87 12.87 229.39  27.54  6  1.68 12.96 223.05  14.08  0.52 17.71 216.11   8.14  0.37 15.52 304.51  12.85  0.34 21.07 300.33  10.58  0.29 17.88 308.35   9.34  0.23 12.50 311.04   9.04
19790327 120000  1.6 292.0  1.79 12.63 230.43  28.89  6  1.61 12.66 222.67  13.83  0.45 17.77 217.43   8.82  0.38 20.50 300.55  10.57  0.36 15.52 304.10  13.15  0.29 17.77 309.65   8.33  0.23 12.41 311.20   9.16
19790327 150000  4.2 289.3  1.74 12.54 231.99  30.79  6  1.51 12.56 223.50  16.10  0.57 16.82 216.87   8.77  0.40 20.42 301.18  10.77  0.39 15.70 303.14  13.15  0.25 17.81 312.72   6.82  0.24 12.40 311.79   8.89
19790327 180000  5.2 250.4  1.73 16.52 232.43  31.10  6  1.42 12.54 223.95  16.98  0.61 16.67 217.79   9.56  0.46 16.61 306.36  11.31  0.41 20.39 301.56  10.80  0.40 14.63 221.52   4.76  0.24 12.36 312.36   8.91
19790327 210000  4.6 216.0  1.75 16.45 231.72  30.54  4  1.62 16.41 222.48  14.87  0.45 16.63 306.57  11.12  0.41 20.33 301.17  10.70  0.24 12.33 312.68   9.06
19790328 000000  4.1 195.6  1.78 16.20 231.39  29.86  5  1.66 15.66 222.48  14.12  0.42 16.61 306.16  11.74  0.42 20.06 299.93  10.62  0.24 12.29 313.03   8.96  0.18 14.49 310.26   4.99
19790328 030000  4.3 186.2  1.82 15.00 232.03  29.80  6  1.37 15.14 223.54  10.74  0.98  8.57 221.73  18.54  0.46 19.23 300.04  10.90  0.36 16.62 308.84   9.77  0.29 14.53 305.27  12.25  0.21 12.26 312.48   8.85
19790328 060000  6.5 181.5  1.86 14.69 232.29  30.84  6  1.39 14.75 225.05  11.25  1.01  8.37 218.26  20.68  0.50 19.11 300.58  11.03  0.36 16.57 309.62   9.08  0.30 14.52 304.16  12.87  0.21 12.25 312.77   8.86
19790328 090000  4.6 164.3  1.86 14.02 233.74  31.57  7  1.27 13.75 228.11  11.35  0.99  8.13 218.44  21.92  0.59 15.68 217.00  10.62  0.52 19.08 301.31  11.02  0.35 14.70 305.69  12.05  0.31 16.59 309.39   9.70  0.20 12.23 313.14   8.65
19790328 120000  6.0 179.8  1.84 13.71 235.02  31.98  6  1.29 13.46 229.73  11.76  0.87  7.95 215.93  24.09  0.65 15.59 219.02  11.17  0.52 19.07 301.65  10.88  0.48 15.91 307.32  11.24  0.20 12.19 313.44   8.53
19790328 150000  1.3 155.5  1.81 13.52 236.35  31.83  6  1.16 12.68 233.30  12.12  0.87 14.83 220.47   9.54  0.81  7.68 215.99  25.11  0.51 19.01 301.22  10.85  0.48 15.43 307.62  10.88  0.20 12.10 313.66   8.46
19790328 180000  7.1 237.2  1.83 14.42 237.92  30.73  6  0.81  7.59 222.03  23.80  1.20 12.72 233.33  12.34  0.85 14.85 221.70  10.59  0.52 18.70 300.60  11.02  0.48 15.40 307.76  10.79  0.18 11.81 314.58   8.88
19790328 210000  6.8 213.8  1.93 14.55 237.74  30.64  6  0.91  7.16 222.15  25.43  1.35 14.44 225.65  10.49  0.70 12.63 245.77   6.51  0.56 18.01 300.16  11.14  0.48 15.39 307.60  11.63  0.18 11.79 314.72   8.77
19790329 000000  5.8 193.7  2.02 17.70 236.72  31.07  4  1.87 14.27 227.19  18.33  0.60 17.89 300.49  11.08  0.46 15.38 308.24  11.15  0.19 11.83 314.89   8.09
19790329 030000  4.7 180.1  2.13 17.59 236.36  30.34  5  1.68 15.68 230.70  12.00  1.03  5.87 218.03  26.45  0.62 17.86 301.12  11.08  0.45 15.33 308.63  11.16  0.19 11.81 315.00   8.01
19790329 060000  4.6 181.9  2.22 15.48 235.92  28.89  6  1.79 15.71 230.99  11.59  1.06  6.20 219.01  25.21  0.62 17.85 301.69  10.76  0.45 15.20 309.00  11.08  0.17 11.72 314.62   8.32  0.05 23.36 295.81  10.38
19790329 090000  4.0 150.4  2.28 15.26 235.71  27.42  6  1.89 15.34 231.30  11.29  1.03  6.45 219.48  24.58  0.60 17.81 301.74  10.72  0.44 14.76 308.62  11.41  0.17 11.73 315.34   8.31  0.06 23.28 296.78   9.58
19790329 120000  2.3 141.2  2.32 14.98 236.02  26.13  6  1.96 15.11 231.64  11.17  0.98  6.66 220.61  22.96  0.59 17.69 301.59  10.77  0.44 14.53 308.38  11.34  0.17 11.70 315.52   8.26  0.07 23.20 294.16  11.71
19790329 150000  3.2 218.8  2.34 14.66 236.58  25.53  4  2.21 14.76 230.12  13.91  0.60 17.32 300.99  10.98  0.47 14.44 309.33  11.22  0.07 23.03 294.33  10.04
19790329 180000  7.4 231.6  2.38 14.41 236.87  25.57  4  2.25 14.42 230.30  13.90  0.63 16.88 300.74  10.94  0.47 14.39 309.58  11.17  0.09 22.13 296.35  10.48
19790329 210000  6.7 225.7  2.42 14.29 236.46  26.12  4  2.29 14.28 229.82  14.76  0.65 16.79 301.09  10.90  0.46 14.35 309.74  11.18  0.11 21.86 295.37  11.61
19790330 000000  1.1 301.2  2.42 14.19 235.71  26.53  4  2.29 14.17 229.02  15.25  0.66 16.74 301.33  10.87  0.44 14.30 309.81  11.65  0.12 21.79 295.33  11.28
19790330 030000  1.2 268.5  2.41 13.92 234.78  26.47  4  2.28 13.88 228.26  15.23  0.65 16.71 301.36  11.14  0.43 14.23 309.96  11.55  0.13 21.75 293.90  11.93
19790330 060000  1.6 168.2  2.40 13.65 233.74  26.25  4  2.28 13.63 227.55  15.25  0.63 16.65 301.56  10.72  0.41 13.90 311.40  10.29  0.15 21.56 294.89  12.10
19790330 090000  2.9 169.1  2.37 13.51 233.17  26.34  4  2.24 13.49 226.99  15.24  0.63 16.55 301.79  10.71  0.38 13.58 313.01   8.93  0.16 20.90 295.61  11.42
19790330 120000  2.4 175.9  2.30 13.39 233.43  26.81  4  2.17 13.37 226.74  15.00  0.63 16.41 302.07  10.87  0.37 13.45 311.25  11.13  0.19 20.48 295.53  11.82
19790330 150000  2.4 258.7  2.21 13.22 234.17  27.45  4  2.07 13.18 226.73  14.76  0.63 16.26 300.92  11.40  0.39 13.50 311.12  10.52  0.22 20.39 296.13  11.60
19790330 180000  5.0 242.6  2.13 12.85 235.16  28.13  4  1.99 12.80 227.07  15.05  0.63 16.08 300.84  11.39  0.38 13.47 310.86  10.70  0.23 20.33 296.00  11.49
19790330 210000  5.4 221.2  2.06 12.67 235.62  28.69  4  1.91 12.63 227.07  15.48  0.62 15.86 300.54  11.75  0.37 13.44 310.82  10.75  0.25 20.25 295.51  11.38
19790331 000000  5.3 198.3  1.98 12.57 235.67  29.48  5  1.49 12.63 232.65  16.18  1.06 12.50 215.16   7.93  0.60 15.72 300.56  11.63  0.36 13.43 310.48  10.75  0.27 19.93 295.82  11.52
19790331 030000  2.8 186.7  1.90 12.45 236.10  30.32  4  1.75 12.42 226.41  16.77  0.59 15.61 300.34  11.52  0.34 13.31 311.74  11.04  0.30 19.24 295.99  11.34
19790331 060000  4.3 193.5  1.85 12.10 236.81  31.13  4  1.47 12.05 227.95  14.16  0.84  6.37 221.33  23.92  0.67 15.52 303.44  12.14  0.33 19.10 295.82  11.49
19790331 090000  5.3 175.5  1.82 11.89 236.94  32.22  4  1.35 11.86 227.59  13.80  0.97  6.71 222.17  25.01  0.67 15.45 303.44  11.99  0.35 19.05 295.86  11.79
19790331 120000  7.4 170.2  1.80 11.81 235.84  33.99  6  1.08  6.93 219.03  27.30  1.19 11.78 227.72  13.65  0.61 15.41 301.31  11.10  0.37 18.99 296.09  11.60  0.33 15.22 228.70  11.39  0.23 12.39 317.53   6.88
19790331 150000  5.9 201.1  1.78 11.75 235.82  34.01  6  1.14  7.02 220.25  25.93  1.06 11.71 227.95  13.96  0.57 15.36 300.97  11.17  0.42 14.67 226.31  11.14  0.39 18.89 295.87  11.35  0.28 12.62 313.70   8.93
19790331 180000 10.9 222.3  1.95 14.98 233.39  31.98  5  1.72 11.60 224.02  21.61  0.55 14.42 225.74   9.87  0.53 15.28 300.29  11.59  0.43 18.52 296.95  11.56  0.28 12.63 311.94  10.59
19790331 210000 12.0 208.6  2.48 14.52 226.88  30.06  6  2.26  6.76 221.24  23.78  0.69 13.87 223.64   9.01  0.50 15.17 300.36  11.79  0.44 17.97 296.21  11.48  0.27 12.61 311.59  10.69  0.20 18.67 222.55   8.32
19790401 000000 10.6 196.4  2.81  7.59 223.48  29.90  5  2.44  7.59 217.87  26.40  1.20 13.40 225.03  11.00  0.48 14.88 300.02  12.38  0.47 17.84 296.13  11.57  0.25 12.55 313.03   8.98
