Date     Time   Uabs UDir  hs    tp    th     sp     np hs(i) tp(i) th(i)  sp(i)
19800501 000000  9.5 185.4  2.15  7.78 217.93  30.23  5  2.03  7.78 214.85  25.46  0.45 13.92 310.97   8.93  0.41 12.86 214.87  10.16  0.36 16.37 215.27   9.06  0.11 20.29 308.32   9.51
19800501 030000  7.8 182.0  2.05  7.70 219.41  30.60  5  1.92  7.70 216.04  25.77  0.44 13.75 310.93   8.98  0.42 12.59 218.69  13.50  0.35 16.18 215.60   9.30  0.13 19.85 308.57   9.30
19800501 060000  6.6 173.3  1.91  7.69 221.63  30.59  4  1.79  7.69 217.95  25.08  0.49 15.59 217.82  12.17  0.43 13.69 310.86   9.08  0.15 19.18 308.84   8.85
19800501 090000  5.3 164.0  1.77  7.72 223.20  30.63  4  1.65  7.72 218.79  24.14  0.46 15.45 220.55  12.70  0.42 13.65 310.90   9.07  0.17 19.10 309.05   8.68
19800501 120000  4.9 173.0  1.66  7.72 224.04  30.62  6  1.52  7.72 218.57  22.98  0.44 15.36 221.51  11.96  0.41 13.61 310.95   9.12  0.20 12.10 243.23   6.80  0.18 19.08 309.12   8.97  0.05 23.11 220.80   9.06
19800501 150000  3.4 176.2  1.57  7.60 224.97  30.51  6  1.39  7.60 218.07  22.00  0.50 15.13 225.28  12.39  0.40 13.57 311.09   9.07  0.26 11.98 243.20   6.55  0.20 19.02 309.18   9.29  0.07 22.60 222.16  10.79
19800501 180000  5.8 204.3  1.56 14.22 226.58  29.81  6  1.32  7.43 217.79  21.11  0.63 14.51 231.76  12.09  0.39 13.52 311.17   9.10  0.31 11.64 236.65  12.13  0.22 18.54 309.19   9.24  0.08 21.96 220.32   8.45
19800501 210000  8.9 202.6  1.72 13.76 226.51  29.10  6  1.39  7.29 216.05  21.85  0.90 13.85 235.33  11.55  0.37 13.47 311.27   9.10  0.27 17.93 309.06   9.02  0.08 21.91 217.66   8.19  0.06 20.97 246.33   6.79
19800502 000000  8.9 181.1  1.94 13.49 225.18  29.85  6  1.53  7.01 212.84  24.88  1.09 13.50 237.30  11.23  0.35 13.41 311.30   9.11  0.30 17.86 308.96   9.13  0.12 21.53 219.01   8.08  0.11 20.02 243.24   7.13
19800502 030000  8.7 176.0  2.09 13.13 225.39  30.09  6  1.62  6.94 212.13  26.74  1.22 13.08 238.73  11.22  0.33 13.36 311.35   9.15  0.30 17.85 308.91   9.47  0.15 19.29 241.99   8.93  0.11 20.96 217.46   7.56
19800502 060000  7.1 169.6  2.09 12.75 228.42  29.26  6  1.53  7.07 213.50  27.28  1.34 12.72 239.58  11.24  0.32 13.32 311.39   9.19  0.31 17.83 309.16   9.71  0.19 18.85 241.80   9.02  0.14 20.53 219.14   8.86
19800502 090000  6.4 174.0  2.01 12.58 232.18  28.34  6  1.39 12.55 240.49  11.41  1.35  7.12 215.37  27.15  0.32 17.66 309.64   9.56  0.31 13.30 311.45   9.25  0.24 18.40 241.74   8.97  0.15 20.49 219.15   8.99
19800502 120000  4.5 171.4  1.92 12.42 235.96  27.58  5  1.82 12.38 232.18  22.34  0.36 16.91 309.85   9.06  0.32 17.97 238.50  10.77  0.30 13.27 311.52   9.31  0.18 20.17 215.81   7.85
19800502 150000  3.1 177.0  1.85 12.18 239.42  26.66  5  1.72 12.11 235.17  20.33  0.41 16.74 309.11   9.72  0.39 17.58 236.05  13.09  0.29 13.23 311.56   9.38  0.23 19.32 219.53   9.27
19800502 180000  5.0 232.2  1.80 11.98 241.76  25.57  5  1.66 11.93 237.33  18.53  0.43 17.16 238.36  11.61  0.42 16.71 308.81   9.60  0.28 13.15 311.51   9.45  0.25 19.14 218.17   9.21
19800502 210000  5.1 207.8  1.79 11.85 242.76  25.05  6  1.59 11.82 239.09  17.96  0.57 16.65 234.58  12.39  0.43 16.69 308.70   9.58  0.26 12.89 311.55   9.49  0.26 18.81 214.74   7.62  0.06 22.24 313.38   8.10
19800503 000000  4.0 189.3  1.77 11.75 243.39  24.90  6  1.55 11.71 239.94  17.80  0.60 16.02 236.09  12.91  0.43 16.64 308.71  10.02  0.35 18.17 220.21   6.92  0.25 12.74 311.47   9.64  0.07 21.86 313.36   8.15
19800503 030000  3.4 198.7  1.78 15.92 243.98  24.80  6  1.46 11.61 241.53  17.22  0.77 15.62 234.79  12.38  0.44 16.49 309.52   9.64  0.38 17.82 219.26   7.84  0.25 12.66 311.61   9.64  0.09 21.77 313.51   8.43
19800503 060000  2.5 182.4  1.80 15.58 244.40  24.78  6  1.42 11.50 242.28  16.80  0.89 15.30 234.96  11.72  0.47 16.06 309.89   9.30  0.41 17.78 221.55   8.78  0.25 12.62 311.96  10.03  0.10 21.67 313.57   8.34
19800503 090000  2.1 186.0  1.85 15.11 244.51  24.62  5  1.34 11.34 243.26  16.42  1.14 14.70 233.45  12.30  0.49 15.79 309.81   9.18  0.24 12.60 312.04   9.84  0.12 21.25 313.32   8.22
19800503 120000  0.8 210.5  1.89 14.80 244.37  24.33  5  1.29 11.23 244.28  15.79  1.25 14.51 233.27  12.03  0.50 15.69 309.07   9.49  0.24 12.58 312.33   9.59  0.14 20.50 312.82   8.42
19800503 150000  1.9 280.3  1.92 14.70 244.15  24.09  5  1.39 14.20 234.77  12.31  1.18 10.98 244.36  16.15  0.51 15.63 308.42   9.80  0.23 12.54 312.34   9.67  0.16 20.38 313.06   8.50
19800503 180000  4.2 244.1  1.95 13.85 244.08  24.17  4  1.86 13.76 238.65  14.87  0.52 15.56 308.20  10.03  0.23 12.51 312.44   9.44  0.18 20.28 313.41   8.41
19800503 210000  4.5 219.6  1.99 15.19 243.84  24.55  5  1.85 13.66 238.49  14.93  0.54 15.49 308.62  10.00  0.36 19.28 229.75   8.64  0.22 12.45 312.34   9.37  0.20 19.98 312.83   8.43
19800504 000000  6.0 199.5  2.03 15.07 243.06  25.10  5  1.89 13.70 237.52  15.37  0.54 15.40 309.03   9.89  0.41 19.19 231.38   8.74  0.25 19.24 312.60   8.27  0.22 12.27 312.49   9.31
19800504 030000  4.4 205.8  2.08 14.65 242.16  25.04  5  1.90 13.73 237.03  15.64  0.57 18.32 231.23   7.60  0.54 15.31 309.30   9.67  0.27 19.08 312.48   8.35  0.21 11.98 313.13   9.71
19800504 060000  3.9 211.5  2.14 14.37 241.33  24.28  5  1.88 13.65 237.38  14.86  0.79 17.70 228.84   9.82  0.53 15.15 309.46   9.93  0.28 19.01 312.45   8.46  0.20 11.88 312.44   9.55
19800504 090000  4.6 202.9  2.23 14.23 240.30  23.72  5  1.78 13.30 239.04  13.85  1.17 16.11 227.08  11.14  0.54 14.83 309.23  10.10  0.29 18.88 312.69   7.88  0.18 11.76 312.45   9.65
19800504 120000  3.0 167.3  2.30 14.48 239.76  23.85  5  1.82 13.06 238.37  13.94  1.24 16.26 227.05  11.07  0.53 14.64 308.34  10.28  0.36 18.12 312.55   8.24  0.18 11.77 312.67   9.19
19800504 150000  3.4 211.0  2.34 14.83 239.87  24.29  4  2.24 15.51 234.47  13.86  0.56 14.55 308.06  10.20  0.39 17.89 312.09   8.38  0.18 11.74 313.38   8.94
19800504 180000  7.7 197.8  2.39 15.02 239.03  25.23  4  2.27 15.34 233.50  15.14  0.57 14.49 308.22  10.46  0.40 17.82 311.47   8.32  0.17 11.73 313.45   8.94
19800504 210000  6.7 209.5  2.39 14.85 238.57  25.72  4  2.28 15.19 233.03  15.87  0.56 14.46 308.08  10.54  0.42 17.74 311.72   8.13  0.18 11.74 314.44   9.15
19800505 000000  5.9 205.0  2.36 14.62 238.99  25.66  3  2.25 14.78 233.33  15.48  0.57 14.42 308.33  10.31  0.43 17.58 312.86   8.22
19800505 030000  5.7 192.7  2.33 14.45 238.84  26.14  3  2.22 14.48 233.00  15.79  0.55 14.39 308.90  10.15  0.46 16.97 312.40   8.36
19800505 060000  5.9 177.7  2.30 14.34 238.73  26.83  3  2.18 14.35 232.60  16.32  0.52 14.29 309.34  10.10  0.50 16.71 311.87   8.28
19800505 090000  5.5 178.6  2.26 14.22 238.58  27.48  3  2.14 14.23 232.20  16.90  0.52 14.05 309.29   9.74  0.50 16.65 311.85   8.53
19800505 120000  5.4 165.6  2.22 13.87 238.57  28.07  4  2.10 13.92 231.89  17.34  0.52 16.58 311.31   8.02  0.50 13.71 309.46  10.36  0.06 21.89 309.79   8.29
19800505 150000  5.4 187.4  2.17 13.59 238.66  28.38  4  2.05 13.59 231.69  17.28  0.53 16.49 312.01   8.25  0.49 13.61 308.40  10.16  0.06 21.82 310.38   8.51
19800505 180000  9.1 206.1  2.20 13.49 237.35  28.77  5  0.65  3.32 212.16  30.94  1.97 13.47 232.33  14.98  0.52 16.34 312.47   8.17  0.48 13.57 307.83  10.07  0.07 21.77 311.36   8.57
19800505 210000 10.6 204.0  2.33 13.39 235.00  29.92  5  1.09  4.42 218.40  31.78  1.93 13.36 231.88  14.98  0.52 15.86 311.96   8.49  0.47 13.56 308.24  10.10  0.08 21.48 310.60   8.74
19800506 000000 10.6 193.4  2.39 13.24 231.91  32.02  5  1.27  4.89 210.82  33.42  1.90 13.15 231.88  15.18  0.53 15.63 311.50   8.42  0.45 13.53 308.55  10.51  0.11 20.58 308.98   9.13
19800506 030000  7.5 173.3  2.32 12.87 232.40  32.81  4  2.21 12.77 226.20  24.97  0.53 15.55 311.53   8.17  0.45 13.55 308.73  10.57  0.13 20.42 308.90   8.61
19800506 060000  4.9 169.6  2.19 12.65 235.37  31.60  3  2.08 12.60 228.62  22.67  0.68 15.45 310.56   9.14  0.14 20.38 309.71   8.63
19800506 090000  5.8 203.0  2.10 12.53 237.11  30.42  3  1.98 12.49 230.05  20.37  0.68 15.40 310.75   8.95  0.14 20.34 310.88   8.67
19800506 120000  6.1 186.5  2.05 12.42 237.03  30.39  3  1.93 12.38 229.85  20.04  0.66 15.33 310.78   8.98  0.17 20.08 310.57   8.73
19800506 150000  6.9 210.5  1.99 12.21 237.50  30.43  4  1.87 12.07 229.99  19.61  0.55 15.20 311.45   8.45  0.33 12.80 308.48  10.68  0.21 19.21 309.23   8.63
19800506 180000  9.6 209.1  2.01 11.87 236.09  30.95  5  0.88  4.21 216.41  29.08  1.68 11.81 231.78  16.17  0.57 14.86 309.59   9.00  0.25 19.07 308.83   8.57  0.25 12.59 316.06   7.98
19800506 210000  8.6 198.6  2.03 11.74 234.74  32.17  3  1.92 11.70 227.61  22.81  0.61 14.58 310.49   9.13  0.27 19.04 309.16   8.88
19800507 000000  9.0 184.2  1.91 11.64 233.66  34.60  4  0.80  4.16 191.38  28.17  1.61 11.60 232.96  16.89  0.60 14.47 310.43   9.06  0.26 19.02 310.30   8.83
19800507 030000  8.6 183.0  1.81 11.46 231.98  37.48  5  0.96  4.36 200.43  35.18  1.38 11.40 231.50  15.88  0.59 14.41 310.37   9.05  0.27 18.86 310.81   8.50  0.10 20.61 228.58   8.23
19800507 060000 10.3 179.2  1.78 11.11 228.72  40.39  6  1.05  4.36 194.77  33.83  1.26 11.08 231.61  15.86  0.58 14.38 310.31   9.07  0.32 18.02 309.91   8.34  0.19 19.76 229.44   8.28  0.12 16.73 220.70   4.95
19800507 090000  9.3 183.5  1.81 14.32 228.01  40.73  5  1.08  4.55 195.14  34.37  1.20 10.99 230.80  15.37  0.57 14.36 310.30   9.06  0.42 18.38 226.15   8.55  0.38 17.83 309.03   8.48
19800507 120000  8.8 176.5  1.95 17.73 227.75  37.30  6  1.04  4.57 194.34  34.04  1.29 11.16 229.84  14.74  0.75 17.53 225.91   8.67  0.54 14.32 310.28   9.07  0.40 17.79 309.09   8.72  0.07 21.80 300.35   9.65
19800507 150000  8.1 183.6  2.23 17.43 228.15  31.09  6  0.89  4.48 187.00  30.57  1.46 11.44 230.63  14.36  1.29 16.57 226.04   9.23  0.52 14.26 310.30   9.05  0.39 17.77 309.50   8.98  0.09 21.77 300.23  10.06
19800507 180000  8.6 198.8  2.62 16.41 228.41  25.52  4  2.54 16.18 224.92  18.60  0.49 14.08 310.37   8.97  0.37 17.71 310.26   8.86  0.09 21.76 300.80  10.35
19800507 210000  9.6 195.5  2.96 15.86 228.57  23.00  5  1.03  4.62 201.83  29.56  2.71 15.69 228.98  11.58  0.46 13.66 310.31   8.96  0.38 17.32 310.49   8.45  0.08 21.75 302.70   9.60
19800508 000000  9.8 190.0  3.21 16.25 228.73  22.55  5  1.13  4.87 203.58  30.78  2.93 15.73 229.20  11.18  0.45 13.53 310.29   8.92  0.44 16.72 309.87   8.33  0.11 20.80 302.02   9.06
19800508 030000  5.5 194.7  3.26 16.30 230.11  21.78  4  3.19 15.94 227.52  15.80  0.48 16.64 309.41   8.49  0.44 13.48 310.26   8.90  0.16 20.38 299.84  10.44
19800508 060000  5.7 221.0  3.20 16.19 231.14  20.75  4  3.13 15.75 228.42  13.97  0.49 16.62 309.23   8.76  0.44 13.46 310.23   8.98  0.18 20.35 299.68  10.77
19800508 090000  5.9 224.9  3.08 15.80 231.60  20.35  4  3.00 15.54 228.81  13.12  0.48 16.59 309.21   9.18  0.43 13.45 310.30   8.98  0.17 20.34 299.96  11.08
19800508 120000  1.8 305.7  2.89 15.55 231.78  20.44  4  2.82 15.44 228.86  12.79  0.46 16.52 309.88   8.93  0.42 13.42 310.23   9.05  0.15 20.33 301.46  11.12
19800508 150000  4.2 309.7  2.72 15.41 232.08  21.35  4  2.65 15.34 228.77  13.03  0.46 16.20 310.40   8.70  0.41 13.39 310.18   9.05  0.17 19.71 302.47   9.19
19800508 180000  3.9 302.9  2.63 15.30 232.39  22.67  5  2.53 15.20 228.46  13.32  0.49 15.66 310.25   8.57  0.39 13.32 310.34   8.98  0.25 19.07 300.89   9.84  0.22 21.96 220.76   8.67
19800508 210000  4.9 342.7  2.56 15.15 233.12  24.55  5  2.45 14.87 228.69  15.44  0.51 15.57 309.91   8.60  0.38 13.13 310.45   9.06  0.29 19.02 300.66  10.18  0.29 21.43 220.83   7.90
19800509 000000  4.8 347.3  2.54 14.90 234.61  26.78  5  2.42 14.58 230.20  19.47  0.52 15.53 309.61   8.82  0.36 20.85 222.01   9.97  0.35 12.78 310.63   9.09  0.27 19.02 300.53  10.64
19800509 030000  6.7   9.9  2.62 14.63 236.71  29.43  5  2.49 14.45 232.85  24.72  0.52 15.50 309.11   9.01  0.48 20.66 227.08  11.57  0.34 12.64 311.72   8.85  0.23 19.02 301.28  11.10
19800509 060000  7.1 352.1  2.91 14.56 238.01  29.49  4  2.84 14.41 234.92  25.95  0.52 15.45 309.67   9.27  0.33 12.60 311.09   8.61  0.20 18.92 301.78  10.72
19800509 090000  6.6 356.2  3.28 14.67 237.75  28.28  4  3.21 14.52 235.26  25.28  0.50 15.35 310.26   9.21  0.33 12.60 310.79   8.73  0.27 17.91 301.70   9.98
19800509 120000 10.5   1.2  3.58 14.85 238.35  29.76  4  3.51 14.80 236.06  27.35  0.49 15.02 310.76   8.88  0.36 17.79 301.34  10.00  0.32 12.57 310.95   8.93
19800509 150000  8.3 352.2  3.74 17.51 239.96  31.17  5  1.31  6.09 317.90  32.40  3.44 17.43 230.87  11.07  0.48 14.66 310.85   8.82  0.38 17.77 301.36  10.27  0.31 12.56 311.23   8.85
19800509 180000  8.6 327.9  3.76 17.20 240.71  30.67  5  1.35  6.33 314.40  29.34  3.45 16.81 231.27  11.03  0.49 14.56 310.60   8.71  0.34 17.77 302.18   9.86  0.29 12.51 311.32   9.33
19800509 210000  9.3 341.8  3.71 16.39 243.14  33.03  4  1.50  6.32 314.55  29.53  3.33 16.39 231.54  10.99  0.56 14.50 310.59   8.92  0.27 17.77 302.99  10.09
19800510 000000 11.3 355.8  3.61 16.19 249.21  39.29  4  1.76  6.42 320.72  32.00  3.09 16.18 231.86  11.10  0.56 14.46 310.53   8.99  0.25 17.59 303.68   9.75
19800510 030000 11.9 339.0  3.56 15.92 258.67  43.39  4  2.03  6.59 321.50  30.78  2.85 15.82 232.94  12.00  0.55 14.41 310.63   9.16  0.32 16.72 302.72   9.25
19800510 060000 11.7 349.6  3.59 15.75 263.00  44.18  4  1.99  6.44 328.75  29.96  2.91 15.60 237.88  16.96  0.55 14.34 310.73   9.15  0.40 16.63 302.47   9.29
19800510 090000 11.0 346.1  3.92 15.25 258.48  40.98  4  1.65  6.04 340.31  27.42  3.49 15.31 244.31  23.81  0.54 14.21 311.06   9.49  0.43 16.61 302.04  10.12
19800510 120000 11.4   1.4  4.26 14.61 254.24  38.44  3  4.21 15.00 252.84  38.02  0.52 13.91 311.02   9.53  0.40 16.60 302.53   9.81
19800510 150000 10.4 336.6  4.29 14.44 252.46  36.92  4  4.24 14.64 251.37  36.46  0.50 13.67 311.69   8.86  0.33 16.60 303.09   9.98  0.19 22.25 216.05   7.54
19800510 180000  7.1 321.0  4.22 14.55 246.98  33.43  3  4.19 14.64 245.91  32.75  0.49 13.57 311.59   9.14  0.28 16.58 303.74   9.63
19800510 210000  3.4 333.6  4.19 14.56 241.25  29.81  3  4.15 14.57 240.16  28.79  0.46 13.49 311.85   8.72  0.32 15.83 303.40   9.49
19800511 000000  2.1 274.1  4.13 14.46 237.57  26.87  4  4.07 14.45 236.51  25.47  0.45 13.44 311.16   9.34  0.37 20.60 221.19   7.39  0.37 15.56 303.29   9.12
19800511 030000  1.6 168.8  4.05 14.27 235.74  24.78  4  3.99 14.29 234.59  23.01  0.44 13.40 311.30   9.18  0.40 15.53 302.96   9.40  0.38 20.53 221.58   7.23
19800511 060000  2.9 156.2  3.93 14.05 234.73  23.18  4  3.85 14.12 233.72  21.21  0.54 19.47 220.84   7.95  0.42 13.34 311.24   9.44  0.40 15.52 302.89   9.47
19800511 090000  1.7  97.0  3.79 13.89 234.10  21.97  4  3.70 13.95 233.35  19.86  0.62 19.09 217.63   9.52  0.40 13.28 311.37   9.43  0.36 15.51 303.07   9.68
19800511 120000  5.4  18.6  3.62 13.77 233.82  21.82  4  3.54 13.80 232.97  19.90  0.53 19.14 221.49   7.29  0.38 13.16 311.33   9.75  0.33 15.49 303.93   9.74
19800511 150000  4.3  14.4  3.43 13.68 233.82  22.18  4  3.31 13.70 233.52  20.32  0.75 18.04 217.95  10.01  0.36 12.91 310.66  10.01  0.29 15.43 305.25   9.64
19800511 180000  2.3 339.7  3.25 13.62 233.72  21.53  4  3.14 13.60 233.33  19.46  0.72 17.88 218.59   9.32  0.33 14.79 303.53   9.29  0.31 12.61 313.45   8.41
19800511 210000  2.4 325.6  3.07 13.56 233.83  21.46  4  2.96 13.49 233.28  19.10  0.68 17.84 218.79   9.41  0.34 14.56 303.28   9.27  0.31 12.57 313.20   8.56
19800512 000000  3.2  15.5  2.90 13.49 233.98  22.07  4  2.78 13.39 233.43  19.57  0.69 17.65 218.19   8.36  0.35 14.52 302.93   9.41  0.30 12.53 312.38   9.34
19800512 030000  6.2   7.6  2.77 13.41 234.52  24.94  4  2.64 13.32 234.19  22.87  0.71 16.96 216.67   9.67  0.34 14.50 302.82   9.49  0.29 12.51 312.19   9.43
19800512 060000  5.9   7.8  2.67 13.43 236.32  29.23  4  2.50 13.34 236.87  28.24  0.84 16.58 217.74   9.35  0.32 14.51 302.83   9.67  0.29 12.52 311.63   9.38
19800512 090000  6.3 350.5  2.60 13.41 238.09  30.43  4  2.45 13.36 238.66  29.65  0.78 16.55 218.08   8.97  0.31 14.46 303.84   9.60  0.27 12.45 311.43   9.87
19800512 120000  5.9  16.5  2.58 13.35 239.01  30.15  2  2.55 13.32 237.60  28.82  0.39 14.40 306.98  10.50
19800512 150000  6.9   9.0  2.58 13.27 240.32  31.26  2  2.55 13.24 239.01  30.17  0.38 14.24 306.51  10.92
19800512 180000  5.8 337.2  2.62 13.10 242.14  31.47  4  2.55 13.00 241.62  30.91  0.41 15.51 225.00   0.02  0.37 13.67 306.17  11.04  0.23 19.96 221.71  11.27
19800512 210000  6.3 329.0  2.64 12.80 244.84  31.92  3  2.60 12.72 243.96  31.21  0.37 13.55 304.79  12.21  0.24 20.27 218.42   8.92
19800513 000000  5.4   9.1  2.60 12.63 248.68  34.03  4  1.93 12.71 225.90  12.40  1.69 10.52 281.33  28.78  0.36 13.55 304.66  12.16  0.30 19.82 216.76   7.77
19800513 030000  4.7  18.1  2.58 12.44 251.75  35.11  4  1.80 10.24 281.06  28.28  1.78 12.60 224.29  11.70  0.35 13.54 305.38  11.57  0.34 19.27 217.03   8.07
19800513 060000  3.5  61.6  2.61 11.91 252.69  34.80  6  1.82 10.26 282.93  25.99  1.73 12.41 225.34  12.11  0.55 14.62 219.33   9.67  0.38 19.13 217.52   8.01  0.34 13.50 304.51  12.02  0.05 19.33 311.63   7.89
19800513 090000  4.3  20.7  2.65 11.62 252.41  34.29  6  1.86 10.14 281.47  24.24  1.74 12.14 223.45  11.86  0.50 18.75 218.55  10.66  0.35 14.49 225.00   0.00  0.34 13.49 304.58  11.45  0.06 19.02 310.90   8.28
19800513 120000  5.7 350.0  2.59 11.58 252.83  35.89  5  1.81  9.96 284.17  25.35  1.74 11.94 222.63  11.98  0.50 18.10 217.58   8.13  0.37 13.42 296.55  18.65  0.08 18.82 310.56   8.59
19800513 150000  4.2 351.6  2.47 11.59 253.15  37.38  6  1.66  9.60 289.35  25.27  1.60 11.83 224.06  14.33  0.61 14.34 220.73   8.81  0.53 17.91 218.89   9.82  0.35 13.45 297.37  17.66  0.09 18.63 310.58   8.59
19800513 180000  3.1 314.1  2.34 11.48 253.20  38.21  6  1.55  9.46 292.01  24.34  1.43 11.59 223.89  14.82  0.75 13.59 220.81   9.19  0.59 17.67 218.68   9.83  0.36 12.99 295.03  18.76  0.10 18.20 309.93   9.76
19800513 210000  4.1 334.4  2.27 11.26 255.16  39.61  7  1.52  9.22 295.09  23.89  1.38 11.54 222.46  14.83  0.65 13.56 221.99   7.63  0.60 16.98 218.07   8.39  0.31 12.75 304.25  11.55  0.26 14.54 259.01   9.03  0.11 17.92 310.90   8.72
19800514 000000  3.7  20.8  2.24 11.18 257.92  41.24  7  1.53  8.87 298.23  24.17  1.12 10.93 223.62  14.38  0.93 12.76 218.43  11.21  0.61 16.71 218.47   8.65  0.30 15.05 259.51   6.84  0.28 12.75 307.00  10.26  0.12 17.77 311.26   8.68
19800514 030000  5.6   3.8  2.22 12.50 261.20  42.47  7  1.56  8.65 300.76  24.30  1.13 11.04 222.09  13.33  0.85 12.83 220.60  14.93  0.59 16.65 218.88   8.63  0.25 13.66 260.36   5.54  0.24 12.65 307.75   9.24  0.14 17.66 311.06   8.72
19800514 060000  3.9 348.6  2.24 12.48 265.92  42.77  7  1.62  8.82 302.98  22.99  0.98 12.31 224.78  15.96  0.92 10.42 220.02  13.79  0.64 16.25 218.55   8.65  0.31 13.42 259.09   6.40  0.24 12.60 308.97   9.22  0.16 17.46 311.26   8.13
19800514 090000  3.9 357.3  2.27 12.42 269.06  42.08  6  1.69  8.89 302.50  21.82  1.28 12.38 221.26  13.72  0.64 15.65 219.01   8.91  0.41 13.19 258.56   6.36  0.24 12.52 311.28   9.80  0.17 16.89 310.81   8.41
19800514 120000  0.7 357.7  2.26 12.31 270.06  41.99  6  1.69  8.85 303.44  21.28  1.25 11.55 221.52  14.10  0.64 15.56 219.36   8.80  0.47 12.67 255.29   7.16  0.20 12.65 310.24   8.69  0.18 16.68 311.19   8.39
19800514 150000  0.5 215.1  2.21 11.89 267.62  42.09  6  1.58  8.71 304.89  20.04  1.25 11.62 221.56  14.79  0.65 15.43 220.25   8.24  0.57 12.68 255.00   8.58  0.20 16.60 311.50   8.58  0.16 12.63 312.94   6.52
19800514 180000  8.0 189.8  2.14 11.76 259.98  42.08  6  1.43  8.57 302.84  25.61  1.28 11.47 221.68  14.71  0.67 14.85 219.34   8.94  0.62 12.24 252.66   8.32  0.20 16.53 311.74   8.63  0.17 12.52 309.63   7.67
19800514 210000  8.2 190.1  2.14 11.71 246.74  41.34  7  0.67  3.48 200.33  33.56  1.38 10.87 225.55  16.87  1.15  8.42 305.78  17.82  0.75 14.48 219.36   8.95  0.51 11.86 254.89   6.92  0.21 16.42 311.67   8.42  0.16 12.46 309.46   9.87
19800515 000000  9.7 194.2  2.16 11.72 237.19  38.18  6  1.63 10.67 220.65  26.46  0.90  8.28 307.83  15.59  0.89 14.31 222.19   9.53  0.56 11.85 252.76   7.11  0.21 15.91 311.11   8.55  0.16 12.42 310.76  11.06
19800515 030000  9.9 193.9  2.19 11.81 229.72  35.39  7  1.54  6.82 218.35  30.52  0.95 13.54 224.98  12.40  0.89 10.72 219.05  16.17  0.70  8.10 307.89  14.62  0.43 11.19 256.05   7.20  0.22 15.59 311.34   8.21  0.13 12.41 309.85   9.82
19800515 060000  9.4 187.9  2.15 12.15 226.35  33.16  8  1.60  6.39 217.65  30.60  1.23 13.11 227.90  15.17  0.53  7.87 308.76  13.46  0.41 10.86 202.14   4.58  0.24 15.52 311.52   8.22  0.19 11.83 255.00   0.00  0.13 12.34 308.91  10.34  0.06 19.03 296.51  10.77
19800515 090000  7.9 190.1  2.05 13.15 225.58  30.93  8  1.53  6.54 218.77  30.08  1.09 13.15 228.89  15.37  0.51 15.54 226.93   8.16  0.44 10.96 204.12   6.21  0.41  7.76 307.95  13.62  0.25 15.48 311.63   8.27  0.13 12.27 308.75  10.33  0.06 19.03 298.82   9.86
19800515 120000  4.8 191.1  1.92 11.98 226.66  28.54  8  1.38  6.65 221.41  28.99  1.08 13.11 229.75  14.78  0.48 11.09 206.61   7.41  0.47 15.50 228.50   7.32  0.30  7.64 309.62  12.38  0.25 15.42 311.47   8.23  0.13 12.10 309.20  10.21  0.05 19.02 299.81  10.13
19800515 150000  5.6 196.5  1.81 14.49 227.76  26.24  4  1.28 14.33 226.80  14.69  1.24  6.77 223.62  27.50  0.28 15.27 310.28   9.14  0.22  7.34 309.73  12.02
19800515 180000  7.5 210.2  1.78 14.43 227.86  24.60  5  1.18  7.09 223.90  27.99  1.30 14.39 228.12  14.38  0.25 14.74 311.21   8.05  0.11 11.93 308.75  10.26  0.07 18.03 296.74  11.20
19800515 210000  8.2 201.7  1.82 14.33 226.81  24.35  6  1.24  7.36 220.38  25.42  1.29 14.27 228.75  13.92  0.26 14.54 311.23   8.06  0.13  7.19 308.80  11.88  0.10 11.85 309.10  10.55  0.09 17.84 293.76  13.10
19800516 000000  9.8 194.8  1.90 14.00 224.70  25.11  6  1.34  7.17 216.81  26.97  1.30 13.72 229.11  13.51  0.26 14.49 311.27   8.14  0.20 18.21 229.12   8.56  0.10 17.80 293.81  13.36  0.10 11.78 308.92  11.03
19800516 030000  8.4 177.0  2.01 13.61 222.99  26.56  5  1.52  6.84 215.45  28.19  1.24 13.52 229.37  13.39  0.32 17.16 228.74   7.71  0.28 14.45 310.88   8.59  0.11 17.80 294.92  13.81
19800516 060000  4.8 160.7  1.96 13.50 225.50  25.49  5  1.52  7.21 220.46  27.17  1.11 13.43 229.23  12.21  0.46 17.05 229.18   7.72  0.28 14.42 310.69   8.61  0.11 17.80 296.41  14.56
19800516 090000  3.6 163.4  1.88 13.43 227.76  23.58  5  1.39  7.40 223.39  25.41  1.06 13.34 229.78  12.03  0.62 16.69 229.08   7.51  0.28 14.34 310.62   8.60  0.10 17.79 296.99  15.42
19800516 120000  4.9 176.1  1.84 13.40 229.05  22.04  5  1.27  7.43 225.04  24.23  1.04 13.21 230.07  11.59  0.76 16.22 229.00   7.93  0.28 14.13 310.78   8.49  0.11 17.52 297.10  13.92
19800516 150000  3.8 216.7  1.83 16.25 229.96  20.61  4  1.41 16.19 230.22  10.46  1.12  7.35 225.18  23.56  0.27 13.73 310.85   8.49  0.13 16.73 295.94  12.41
19800516 180000  6.1 203.5  1.87 16.25 230.29  19.73  5  1.10  7.19 225.56  23.03  1.39 16.14 229.50   8.25  0.54  9.37 235.59  15.72  0.27 13.59 310.88   8.41  0.15 16.66 294.84  12.56
19800516 210000  6.4 207.2  1.92 15.92 230.34  19.29  5  1.06  7.00 225.60  23.67  1.57 15.68 230.10   9.34  0.26 13.53 310.67   8.32  0.17 16.65 295.31  13.07  0.06 11.03 313.79   8.26
19800517 000000  7.2 200.1  2.01 15.87 229.56  19.59  4  1.94 15.72 227.65  16.34  0.42 17.78 236.90   4.55  0.27 13.49 310.71   8.31  0.18 16.66 296.38  14.00
19800517 030000  6.7 177.4  2.08 16.00 229.25  19.95  3  2.06 15.86 227.90  16.83  0.27 13.46 310.58   8.39  0.17 16.68 297.27  14.91
19800517 060000  5.1 173.3  2.19 15.72 230.40  18.23  3  2.17 15.66 229.24  15.26  0.27 13.41 310.46   8.59  0.16 16.69 297.43  16.02
19800517 090000  4.0 165.8  2.32 15.20 231.86  16.37  3  2.30 15.18 230.88  13.55  0.27 13.32 310.37   8.77  0.15 16.50 300.18  13.01
19800517 120000  4.9 177.6  2.39 14.69 233.51  15.40  3  2.37 14.68 232.57  12.64  0.26 13.15 310.36   8.73  0.17 15.80 296.47  14.35
19800517 150000  1.0 266.7  2.40 14.48 235.41  14.97  3  2.38 14.45 234.42  12.17  0.25 12.85 310.31   8.70  0.21 15.63 297.05  12.89
19800517 180000  4.9 253.0  2.41 14.75 237.40  14.95  3  2.39 14.52 236.37  12.15  0.24 12.71 310.27   8.69  0.23 15.62 297.71  12.87
19800517 210000  4.7 233.4  2.45 15.05 238.76  15.15  3  2.43 14.77 237.75  12.53  0.25 15.61 299.11  12.93  0.23 12.64 310.31   8.74
19800518 000000  3.9 213.8  2.53 15.02 239.41  15.14  3  2.51 14.80 238.49  12.77  0.24 15.60 300.50  12.84  0.23 12.59 310.41   8.78
19800518 030000  1.9 228.0  2.65 15.52 239.75  14.81  3  2.63 15.49 238.98  12.77  0.23 12.56 310.52   8.88  0.22 15.59 303.93  10.97
19800518 060000  2.1 257.4  2.78 15.47 240.24  14.45  3  2.76 15.46 239.59  12.67  0.23 12.53 310.37   9.18  0.20 15.57 305.32  10.92
19800518 090000  3.5 289.0  2.87 15.29 241.21  14.74  3  2.85 15.29 240.59  13.13  0.22 12.50 310.92   8.52  0.21 15.42 304.25  11.77
19800518 120000  3.1 324.6  2.88 14.99 242.48  15.24  3  2.86 14.98 241.80  13.62  0.24 15.08 304.42  11.28  0.22 12.46 310.80   8.62
19800518 150000  2.6 304.8  2.82 14.63 244.00  16.01  3  2.80 14.62 243.22  14.32  0.28 14.79 304.32  10.98  0.21 12.34 310.67   8.79
19800518 180000  2.7 205.1  2.78 14.48 245.35  16.73  4  2.75 14.47 244.51  15.02  0.30 14.69 304.36  10.96  0.20 12.07 310.53   8.92  0.07 23.32 216.67   8.33
19800518 210000  3.8 208.4  2.82 14.39 246.33  17.61  3  2.80 14.37 245.54  16.14  0.29 14.70 307.51   8.90  0.19 11.92 310.90   8.78
19800519 000000  4.6 206.9  2.88 14.38 247.42  18.21  4  2.82 14.37 246.20  16.83  0.40 12.66 265.00   0.00  0.33 14.46 300.31  15.09  0.18 11.78 313.61   6.93
19800519 030000  1.8 156.1  2.92 14.48 247.97  18.56  4  2.89 14.46 247.54  17.23  0.30 21.30 221.65   9.31  0.28 14.58 308.77   8.96  0.18 11.77 313.41   7.06
19800519 060000  2.2 165.3  2.99 14.50 247.87  18.47  5  2.83 14.49 247.15  17.60  0.91 18.90 247.28  13.15  0.28 14.59 308.97   9.53  0.18 11.74 313.83   7.05  0.07 20.33 313.28   7.16
19800519 090000  1.6 139.0  3.09 14.45 247.31  18.13  4  3.07 14.44 246.60  16.83  0.29 14.58 309.98   8.83  0.18 11.72 313.56   7.11  0.08 20.30 313.68   7.40
19800519 120000  1.7  80.0  3.22 14.41 246.46  17.80  5  2.77 14.39 247.76  17.07  1.59 18.24 239.69  12.51  0.31 14.58 309.80   8.84  0.18 11.70 313.68   7.13  0.09 20.23 313.83   7.29
19800519 150000  2.9 265.0  3.38 17.71 245.10  17.52  5  2.68 14.24 247.15  17.07  2.02 17.73 239.58  12.93  0.34 14.53 308.17  10.44  0.16 11.63 313.66   7.29  0.11 19.84 310.20   9.04
19800519 180000  3.3 217.9  3.58 17.53 243.31  17.23  4  3.55 17.54 242.63  15.82  0.35 14.41 308.09  10.46  0.15 11.50 313.79   7.31  0.12 19.12 310.81   8.19
19800519 210000  2.2 214.4  3.72 17.37 241.84  16.89  3  3.70 17.38 241.21  15.49  0.38 14.01 309.13  10.35  0.14 19.04 311.38   8.20
19800520 000000  2.8 358.7  3.77 16.63 240.99  16.66  3  3.75 16.64 240.37  15.24  0.36 14.59 310.38   9.10  0.16 18.95 311.13   8.71
19800520 030000  4.3 339.6  3.78 16.42 240.48  17.26  3  3.75 16.44 239.81  15.78  0.38 13.95 309.51  10.29  0.17 18.87 310.92   8.88
19800520 060000  4.5   3.5  3.77 16.27 239.70  17.41  3  3.75 16.29 239.02  15.87  0.37 13.93 310.04  10.12  0.19 18.61 310.35   8.62
19800520 090000  4.8   0.7  3.74 15.89 239.01  17.88  3  3.71 15.92 238.24  16.20  0.39 13.87 309.64  10.53  0.21 17.95 308.18  10.27
19800520 120000  3.7 346.5  3.68 15.63 238.53  18.20  3  3.65 15.65 237.67  16.33  0.39 13.81 310.39  10.12  0.23 17.78 308.25  10.08
19800520 150000  5.5 330.5  3.64 15.48 238.85  19.20  3  3.61 15.49 237.92  17.31  0.40 13.77 310.22  10.12  0.24 17.78 309.41   9.70
19800520 180000  7.3 314.6  3.57 15.33 240.03  21.56  3  3.54 15.34 239.00  19.81  0.41 13.78 310.43   9.77  0.25 17.71 308.24  10.36
19800520 210000  5.6 324.9  3.50 15.09 241.36  23.32  3  3.47 15.12 240.29  21.77  0.40 13.80 310.04   9.95  0.26 17.52 307.99  10.19
19800521 000000  4.5 356.6  3.40 14.75 242.13  24.09  3  3.36 14.78 240.98  22.56  0.40 13.83 310.13   9.92  0.27 16.96 307.05   9.76
19800521 030000  4.7 347.1  3.27 14.53 242.38  24.61  3  3.23 14.56 241.13  23.00  0.38 13.84 310.10  10.23  0.29 16.69 307.38   9.39
19800521 060000  3.8  16.3  3.10 14.40 242.01  25.00  4  3.06 14.42 240.62  23.20  0.38 13.67 310.09  10.06  0.29 16.64 307.75   9.58  0.08 23.25 215.75   7.72
19800521 090000  3.3  53.3  2.93 14.30 241.21  25.19  4  2.89 14.32 239.69  23.14  0.38 13.10 310.47   9.44  0.29 16.63 308.56   9.76  0.11 22.72 216.22   7.59
19800521 120000  2.3  61.2  2.77 14.19 240.35  25.42  4  2.73 14.21 238.69  23.11  0.38 12.96 309.60  10.05  0.29 16.57 309.20   9.51  0.15 21.97 216.24   8.24
19800521 150000  1.2  22.5  2.62 13.93 239.71  25.57  4  2.57 13.98 237.89  23.00  0.35 12.94 311.32   9.32  0.31 16.36 306.68   9.60  0.17 21.83 217.19   7.75
19800521 180000  1.8 264.6  2.48 13.66 239.19  25.84  4  2.43 13.70 237.22  22.98  0.35 12.95 310.93   9.24  0.32 15.80 306.06   9.52  0.21 21.53 216.42   8.01
19800521 210000  2.5 197.9  2.36 13.55 238.58  25.96  4  2.30 13.58 236.50  22.80  0.35 13.00 310.30   9.49  0.31 15.64 306.55   9.48  0.26 20.59 216.73   7.88
19800522 000000  4.8 169.5  2.25 13.45 237.95  25.92  4  2.19 13.47 235.75  22.44  0.33 15.54 306.21  10.48  0.33 13.06 310.63   9.68  0.29 20.45 217.50   7.93
19800522 030000  4.9 173.1  2.16 13.34 236.71  26.61  4  2.09 13.35 234.42  22.96  0.33 13.12 309.72  10.21  0.31 20.32 217.54   8.08  0.31 15.54 307.92  10.07
19800522 060000  5.8 164.6  2.07 13.22 235.69  27.44  4  1.99 13.22 233.35  23.70  0.35 19.54 217.24   7.95  0.32 13.10 309.63  10.23  0.30 15.51 308.05  10.59
19800522 090000  4.6 154.5  1.97 13.02 235.24  27.80  4  1.89 13.03 232.97  24.06  0.39 19.14 217.65   7.99  0.30 12.90 310.59   9.70  0.30 15.38 307.18  10.63
19800522 120000  4.7 188.9  1.90 12.78 235.59  27.31  4  1.81 12.79 233.26  23.35  0.39 19.07 218.09   7.99  0.34 15.06 306.54  10.39  0.25 12.38 311.60   9.36
19800522 150000  5.6 209.2  1.88 12.61 235.67  26.62  4  1.79 12.61 233.32  22.47  0.39 18.89 217.94   8.14  0.34 14.62 305.63  10.31  0.25 12.36 311.40   9.37
19800522 180000  7.9 220.7  1.94 12.45 236.12  25.71  6  0.53  3.05 221.11  35.04  1.77 12.44 235.16  19.67  0.43 17.96 217.46   8.41  0.33 14.53 305.33  10.92  0.25 12.35 310.65   9.39  0.06 18.89 304.05   8.98
19800522 210000  4.1 216.1  1.94 12.27 237.52  25.54  4  1.84 12.26 235.78  21.68  0.45 17.83 217.81   8.54  0.33 14.50 305.51  10.98  0.25 12.35 310.28   9.54
19800523 000000  1.5 203.9  1.87 12.02 239.00  25.32  4  1.77 11.99 237.16  21.34  0.42 17.80 218.98   9.34  0.33 14.49 305.90  11.17  0.25 12.36 310.13   9.60
19800523 030000  4.8   8.6  1.78 11.87 240.71  26.99  4  1.68 11.83 238.88  23.45  0.43 17.53 220.37  10.84  0.31 14.46 306.47  11.08  0.25 12.35 310.26   9.42
19800523 060000  5.0 338.1  1.71 11.74 243.49  29.86  5  1.59 11.70 242.04  27.24  0.43 16.73 217.85   8.16  0.38 14.40 307.98  10.69  0.21 20.69 243.15   8.37  0.07 17.89 305.84   9.29
19800523 090000  4.9   1.4  1.65 11.60 245.53  29.66  5  1.51 11.56 244.37  27.30  0.42 16.65 217.12   7.15  0.38 14.24 307.77  10.64  0.33 20.07 242.67   9.24  0.09 17.80 305.12  10.19
19800523 120000  8.0  23.4  1.69 11.45 249.45  34.59  5  1.52 11.37 248.92  34.60  0.47 19.31 244.40   9.56  0.42 16.66 219.88   8.85  0.37 13.83 307.25  10.92  0.12 17.57 305.65   9.64
19800523 150000  3.4  21.0  1.86 11.19 249.55  29.69  5  1.62 11.13 249.83  30.05  0.71 18.83 244.53   9.72  0.43 16.46 220.50   9.38  0.36 13.67 306.29  11.85  0.13 17.48 306.61  10.00
19800523 180000  3.2 198.6  2.21 10.91 248.06  23.32  6  1.87 10.86 248.79  23.36  1.05 17.49 243.05  10.47  0.34 15.56 213.29   5.64  0.32 13.62 304.05  12.18  0.16 11.62 312.27   8.05  0.12 17.39 306.78  10.32
19800523 210000  7.9 190.2  2.52 16.03 246.58  21.58  4  2.02 10.53 247.45  22.81  1.44 16.01 241.61  12.09  0.36 13.59 304.41  12.74  0.12 17.01 306.36  11.26
19800524 000000 11.8 186.3  2.82 15.82 243.83  24.15  4  2.16 10.43 243.29  28.28  1.77 15.81 242.35  11.57  0.35 13.56 303.88  13.14  0.12 16.72 306.78   9.78
19800524 030000 10.0 175.5  3.12 15.72 241.07  26.69  4  2.23 10.69 238.04  34.23  2.16 15.69 242.54  11.48  0.29 13.60 308.10  10.04  0.15 16.56 307.11   9.40
19800524 060000  9.9 171.3  3.32 14.95 241.39  25.63  3  3.31 14.96 240.98  25.12  0.21 13.58 314.40   6.58  0.18 16.51 307.77   7.83
19800524 090000  9.0 164.6  3.42 14.78 242.12  25.33  4  3.40 14.78 241.94  24.81  0.29 19.20 213.96   6.20  0.22 13.53 312.81   6.79  0.17 16.47 308.54   8.46
19800524 120000 10.8 168.4  3.46 14.84 241.56  26.51  3  3.44 14.85 241.63  26.21  0.37 18.92 215.63   7.18  0.23 13.37 309.17   9.14
19800524 150000 10.3 174.4  3.46 14.87 240.20  26.99  2  1.14  4.72 177.01  28.48  3.27 14.87 245.90  17.48
19800524 180000 11.3 192.0  3.46 14.73 238.75  26.31  2  3.43 14.73 239.12  26.33  0.41 18.14 214.52   6.90
19800524 210000 12.2 194.7  3.53 14.61 236.41  26.30  3  3.50 14.59 236.66  26.23  0.46 17.80 216.54   7.31  0.16 15.53 308.64   8.26
19800525 000000 11.7 191.2  3.54 14.50 234.81  26.75  3  3.50 14.47 235.04  26.69  0.50 17.33 217.61   7.42  0.18 15.48 308.17   8.32
19800525 030000  9.5 186.4  3.38 14.37 235.09  26.45  3  3.35 14.36 235.00  26.03  0.33 16.64 210.94   5.25  0.25 15.44 309.48   8.44
19800525 060000  8.1 184.8  3.13 14.23 236.04  25.48  3  3.08 14.22 236.16  25.10  0.49 16.72 217.52   7.54  0.25 15.41 309.13   8.77
19800525 090000  7.5 185.0  2.89 14.04 236.76  24.33  3  2.84 14.03 236.95  23.87  0.50 16.64 218.39   8.35  0.24 15.40 308.05  10.16
19800525 120000  3.0 193.9  2.69 13.63 237.32  23.25  3  2.66 13.62 237.27  22.95  0.30 19.23 222.32   9.13  0.17 15.30 308.63   9.49
19800525 150000  6.5 200.8  2.49 13.40 238.02  21.93  3  2.44 13.40 238.35  21.64  0.46 18.20 222.09   9.23  0.16 14.92 308.76   9.37
19800525 180000  7.8 195.3  2.38 13.27 236.82  22.18  4  2.24 13.25 238.55  22.08  0.80 17.57 221.38   9.10  0.17 14.61 305.43  10.97  0.06 17.79 315.79   7.34
19800525 210000  8.0 192.3  2.36 13.12 234.72  22.57  4  2.13 13.13 236.89  22.59  0.99 16.64 222.21  10.06  0.22 14.50 307.55   9.95  0.06 17.76 314.74   8.27
19800526 000000  6.6 188.2  2.45 16.31 232.98  21.45  4  2.07 12.86 235.50  22.29  1.29 16.39 224.75  11.02  0.24 14.45 306.77  10.14  0.07 17.65 315.71   7.40
19800526 030000  5.6 195.5  2.65 15.82 232.19  18.99  3  2.00 12.85 235.51  20.53  1.71 15.84 226.62  11.63  0.25 14.43 305.84  12.76
19800526 060000  5.2 203.2  2.91 15.60 231.91  16.71  3  2.90 15.62 231.47  15.63  0.24 14.40 304.27  12.75  0.09 16.77 315.65   7.55
19800526 090000  4.9 221.8  3.14 15.46 231.86  15.22  3  3.13 15.47 231.53  14.26  0.22 14.38 305.98  10.92  0.10 16.66 315.69   7.48
19800526 120000  3.0 261.1  3.26 15.28 232.01  14.39  3  3.25 15.29 231.72  13.51  0.21 14.31 306.06  10.88  0.10 16.62 315.84   7.48
19800526 150000  3.0 289.1  3.25 15.04 232.33  14.18  3  3.24 15.05 232.05  13.32  0.21 13.99 306.79  10.76  0.10 16.61 315.77   7.48
19800526 180000  3.8 287.9  3.16 14.84 232.86  14.84  3  3.15 14.85 232.57  13.98  0.20 13.62 307.08  10.43  0.11 16.42 314.80   8.24
19800526 210000  4.6 318.3  3.04 14.76 233.56  16.08  3  3.03 14.76 233.22  15.16  0.20 13.53 307.00  10.38  0.12 16.01 315.41   7.79
19800527 000000  3.3 325.3  2.92 14.67 234.41  17.42  3  2.91 14.67 234.01  16.46  0.21 13.50 307.56  10.09  0.13 15.67 314.91   8.21
19800527 030000  4.5   4.5  2.84 14.55 235.37  18.80  3  2.83 14.55 234.93  17.88  0.21 13.49 307.41  10.26  0.13 15.58 314.97   8.29
19800527 060000  3.2   9.9  2.82 14.44 236.59  19.90  3  2.81 14.45 236.15  19.06  0.20 13.49 307.18  10.54  0.13 15.55 315.11   8.49
19800527 090000  5.2  25.9  2.87 14.31 237.52  20.69  3  2.86 14.33 237.10  19.94  0.21 13.50 306.77  11.11  0.13 15.53 315.01   8.40
19800527 120000  6.0  21.3  3.14 14.19 237.25  20.35  2  3.13 14.20 236.92  19.75  0.24 13.53 309.20  11.12
19800527 150000  2.6   7.1  3.64 14.08 236.76  18.87  2  3.63 14.09 236.54  18.42  0.22 13.78 311.71   9.12
19800527 180000  4.9 227.2  4.03 14.11 237.22  18.02  3  4.03 14.11 237.05  17.64  0.18 14.55 312.22   9.21  0.12 12.57 313.29   7.32
19800527 210000  5.5 198.3  4.19 14.16 237.98  18.28  3  4.18 14.14 237.82  17.93  0.16 12.68 310.03   8.82  0.16 14.61 314.46   8.51
19800528 000000  7.6 183.2  4.14 14.17 238.24  19.06  3  4.13 14.16 238.08  18.74  0.16 14.54 313.83   8.68  0.15 12.62 310.29   9.34
19800528 030000  8.6 187.0  4.03 14.19 237.65  20.27  5  0.75  3.91 198.16  30.29  3.96 14.18 238.66  18.16  0.16 14.50 313.08   9.30  0.15 12.63 310.17   9.42  0.08 20.38 311.90   6.67
19800528 060000 10.0 180.2  3.90 14.17 236.49  21.79  4  3.90 14.16 236.29  21.44  0.15 12.67 310.36   9.47  0.15 14.48 312.88   9.26  0.08 20.28 311.87   6.50
19800528 090000  9.4 180.0  3.75 14.08 235.23  22.99  3  3.75 14.08 235.00  22.60  0.21 14.30 311.41   9.36  0.11 19.44 308.96   8.11
19800528 120000  7.6 170.8  3.53 13.79 235.33  22.53  3  3.52 13.79 235.04  22.05  0.20 14.07 311.62   9.34  0.14 19.12 307.89   8.59
19800528 150000  5.9 196.5  3.29 13.54 235.83  21.23  3  3.28 13.55 235.49  20.61  0.20 13.49 311.87   9.26  0.15 19.06 307.91   8.57
19800528 180000  8.3 199.7  3.12 13.40 235.17  20.78  3  3.11 13.40 234.79  20.06  0.20 13.46 312.04   9.25  0.15 19.05 308.21   8.73
19800528 210000  9.4 201.8  2.99 13.28 233.41  21.46  3  2.98 13.27 233.02  20.72  0.19 13.46 312.17   9.14  0.15 19.04 308.12   9.63
19800529 000000  8.2 189.2  2.83 13.04 232.35  22.13  3  2.82 13.02 231.90  21.30  0.19 13.45 312.39   9.07  0.16 18.87 308.84   8.91
19800529 030000  5.9 190.5  2.63 12.70 232.26  22.13  3  2.61 12.70 231.66  21.01  0.19 18.03 308.38   8.50  0.18 13.42 312.50   8.98
19800529 060000  6.1 202.0  2.44 12.52 232.58  21.93  3  2.42 12.51 231.72  20.31  0.23 17.85 307.63   8.66  0.18 13.36 312.39   9.04
19800529 090000  5.2 191.2  2.26 12.36 232.80  22.19  3  2.24 12.35 231.68  20.13  0.26 17.82 307.11   9.16  0.17 13.24 312.12   9.33
19800529 120000  1.5 132.8  2.07 12.08 233.45  22.29  3  2.05 12.06 232.12  19.85  0.26 17.80 307.03   9.62  0.18 12.83 311.21  10.22
19800529 150000  1.7 142.2  1.88 11.76 234.32  22.38  4  1.84 11.74 233.01  19.68  0.24 17.79 307.74   9.70  0.23 15.62 220.27   8.01  0.17 12.66 311.38  10.07
19800529 180000  3.0 190.0  1.72 11.60 235.56  22.85  5  1.67 11.58 234.06  19.66  0.26 15.50 221.40  10.10  0.25 17.67 308.75   9.15  0.17 12.59 311.34  10.21  0.09 19.04 221.31   9.87
19800529 210000  2.0 209.0  1.72 11.58 237.26  22.83  4  1.68 11.57 235.12  19.03  0.28 17.02 308.94   8.64  0.17 12.54 311.36  10.22  0.09 19.05 223.48   9.30
19800530 000000  2.6 218.7  1.95 11.66 239.51  21.20  3  1.91 11.65 237.45  17.39  0.33 16.73 308.38   8.75  0.16 12.51 311.31  10.26
19800530 030000  1.9 234.9  2.17 11.65 241.99  20.03  4  2.13 11.63 240.17  16.52  0.36 16.67 307.67   9.35  0.16 12.47 311.10  10.40  0.12 17.92 221.83   7.36
19800530 060000  2.3 220.2  2.22 11.50 244.52  19.73  4  2.18 11.49 242.78  16.52  0.38 16.64 306.99  10.30  0.15 12.46 312.19   9.10  0.14 17.83 224.44   8.10
19800530 090000  1.5 178.9  2.17 11.20 246.81  19.96  3  2.14 11.19 245.03  17.03  0.37 16.63 307.89   9.42  0.15 12.38 312.32   9.04
19800530 120000  0.4  49.2  2.12 11.03 248.76  20.79  4  2.04 11.02 248.07  17.64  0.42 13.85 221.56   9.29  0.36 16.58 308.04   9.90  0.13 12.25 313.77   7.80
19800530 150000  1.7  65.4  2.08 10.93 250.43  22.20  5  2.00 10.92 249.74  19.22  0.37 16.42 308.74   9.50  0.33 13.78 220.89   8.25  0.25 16.53 221.69  10.74  0.13 12.00 313.97   7.39
19800530 180000  5.2 235.4  2.05 10.85 251.90  22.09  5  1.95 10.84 251.48  18.74  0.44 13.70 224.85  10.25  0.39 15.87 309.06   9.12  0.24 16.61 223.43   9.68  0.12 11.89 314.12   7.38
19800530 210000  8.7 189.4  2.10 10.79 249.51  25.47  4  2.04 10.78 247.36  23.11  0.41 15.66 308.87   8.98  0.26 13.72 236.32   3.39  0.12 11.82 313.64   7.41
19800531 000000  9.1 183.4  2.19 10.78 243.81  30.68  5  0.90  4.09 196.26  31.30  1.84 10.77 252.05  17.92  0.63 12.80 224.37  10.13  0.43 15.61 308.69   9.03  0.12 11.79 313.44   7.37
19800531 030000  9.9 188.7  2.34 10.84 238.94  31.43  5  1.12  4.61 199.15  31.21  1.69 12.07 237.78  13.92  1.07 10.49 268.56  11.29  0.43 15.58 308.66   9.10  0.12 11.72 312.31   8.76
19800531 060000 11.7 189.0  2.51 11.01 234.83  31.21  5  1.29  4.84 199.40  30.51  2.07 11.20 243.13  18.70  0.43 15.55 308.63   9.36  0.33 10.33 265.00   0.00  0.11 11.77 313.77   7.55
19800531 090000 10.8 182.1  2.63 11.20 231.61  31.93  3  1.48  5.25 200.53  32.95  2.13 11.20 241.96  18.41  0.43 15.51 308.79   9.29
19800531 120000 11.2 176.4  2.60 11.22 230.48  32.43  3  1.48  5.30 197.92  32.41  2.10 11.22 241.73  18.24  0.42 15.42 308.87   9.62
19800531 150000 10.8 178.7  2.62 11.02 227.78  32.91  3  1.62  5.79 199.51  32.99  2.02 11.01 240.51  17.44  0.43 15.25 309.40   9.29
19800531 180000 11.2 190.2  2.60 10.84 226.94  31.70  3  1.68  6.25 203.43  31.64  1.94 10.83 239.44  17.02  0.42 14.95 309.58   9.18
19800531 210000 10.4 186.1  2.55 10.75 226.37  31.44  5  1.68  6.43 204.73  31.43  1.70 10.71 242.38  16.33  0.78 13.21 221.41   8.63  0.42 14.76 309.62   9.16  0.17 16.68 221.10   7.36
19800601 000000 10.4 182.1  2.48 10.71 225.85  31.55  4  1.59  6.21 203.13  31.08  1.85 10.70 237.50  18.06  0.42 14.67 309.56   9.19  0.06 21.93 216.86   8.08
