Date     Time   Uabs UDir  hs    tp    th     sp     np hs(i) tp(i) th(i)  sp(i)
19970301 000000  6.2 199.3  1.96 14.29 223.10  28.01  5  1.45  7.02 219.78  27.13  0.91 10.48 222.73  11.58  0.83 13.38 214.30   9.00  0.40 15.40 310.84   9.54  0.27 14.33 280.93   9.50
19970301 030000  7.7 195.2  2.04 14.32 222.71  27.69  4  1.53  6.89 220.05  26.82  1.26 13.98 218.09  10.39  0.41 15.41 311.20   9.57  0.26 14.29 280.99   9.55
19970301 060000  7.8 199.8  2.12 14.24 222.41  26.95  4  1.61  7.14 220.66  26.16  1.30 14.10 217.41   9.91  0.41 15.35 311.46   9.78  0.24 14.19 280.87   8.82
19970301 090000  4.7 189.6  2.17 14.11 223.52  25.69  4  1.63  7.52 222.90  25.36  1.31 13.88 217.63  10.06  0.45 14.58 304.95  16.01  0.35  8.74 225.00   0.03
19970301 120000  1.6 214.9  2.27 13.83 224.49  24.00  3  1.88  8.54 224.77  22.14  1.21 13.59 216.76   9.08  0.43 14.48 305.65  15.72
19970301 150000  5.7 256.9  2.41 13.62 224.76  22.84  4  2.08  9.13 224.75  20.76  1.15 13.45 217.30   8.82  0.42 14.45 305.45  16.47  0.07 23.45 303.54   9.02
19970301 180000  5.1 219.6  2.47  9.25 224.56  22.31  4  2.15  9.25 224.04  20.11  1.14 13.42 218.69   8.67  0.41 14.50 307.82  13.59  0.08 23.33 303.66   9.11
19970301 210000  4.7 231.1  2.41 13.56 224.59  22.10  4  1.96  9.18 223.89  20.28  1.33 13.41 220.11   8.97  0.42 14.47 306.94  14.93  0.09 23.29 303.84   9.21
19970302 000000  3.9 192.2  2.34 13.47 224.76  21.84  4  1.85  9.07 223.50  19.79  1.37 13.37 221.37   9.60  0.42 14.42 307.48  14.50  0.10 23.12 303.68   9.20
19970302 030000  5.4 208.9  2.33 13.36 224.89  21.39  4  1.69  9.00 222.44  20.20  1.56 13.25 223.38  10.48  0.41 14.27 307.30  14.74  0.13 22.14 303.48   9.20
19970302 060000  4.6 199.6  2.42 13.19 224.76  20.98  4  1.72  9.11 222.92  20.32  1.64 13.00 222.95  10.74  0.39 13.85 306.86  14.99  0.16 21.85 303.37   9.27
19970302 090000  3.1 209.9  2.54 12.97 224.44  20.49  4  1.80  9.33 222.40  20.06  1.74 12.81 223.23  11.16  0.38 13.72 306.64  15.00  0.17 21.80 303.28   9.48
19970302 120000  2.4 170.2  2.67 12.83 223.98  20.10  5  1.93  9.42 221.56  19.64  1.34 12.36 225.62  12.44  1.20 14.98 221.06   8.91  0.38 13.67 306.89  14.77  0.18 21.72 303.05   9.57
19970302 150000  4.9 289.7  2.70 14.33 224.08  20.42  4  2.35 12.28 223.36  18.05  1.25 14.48 219.88   9.37  0.37 13.65 308.47  13.17  0.21 21.31 303.07   9.49
19970302 180000  3.0 266.1  2.63 14.23 224.62  21.11  3  2.59 14.30 222.87  16.85  0.37 13.63 309.09  12.74  0.25 20.51 302.87   9.48
19970302 210000  2.7 324.5  2.50 14.07 224.74  21.53  4  1.94 10.33 224.09  19.31  1.51 14.12 220.46  10.10  0.36 13.63 309.44  12.54  0.28 20.40 302.88   9.56
19970303 000000  4.0   2.5  2.34 13.68 224.70  22.04  4  1.76 10.07 223.85  19.73  1.47 13.68 220.37   9.92  0.36 13.67 309.60  12.52  0.29 20.36 302.61   9.73
19970303 030000  1.9 307.8  2.17 13.48 224.94  22.78  3  2.12 13.47 222.20  16.43  0.35 13.69 309.58  12.63  0.30 20.23 302.34   9.78
19970303 060000  1.5  65.4  2.01 13.34 225.96  24.35  3  1.95 13.34 222.32  16.57  0.35 19.46 302.20   9.77  0.34 13.51 309.66  12.57
19970303 090000  2.6  49.0  1.89 13.16 227.45  25.99  3  1.82 13.17 222.60  16.42  0.41 19.12 302.18   9.85  0.34 13.09 309.67  12.89
19970303 120000  5.2  17.4  1.81 12.79 229.28  29.50  4  1.69 12.76 222.91  20.99  0.42 19.06 301.86  10.07  0.34 12.92 309.05  13.68  0.34 16.98 238.03   7.71
19970303 150000  4.9 329.3  1.75 12.64 231.16  31.48  4  1.59 12.61 223.90  24.49  0.48 16.98 236.92   7.92  0.41 19.02 301.78  10.07  0.34 12.86 309.06  13.94
19970303 180000  4.1 314.0  1.71 12.58 232.86  30.56  6  1.12 12.54 222.51  12.50  1.01  8.21 228.08  31.92  0.60 16.71 236.24   7.54  0.42 18.88 301.75  10.17  0.33 12.84 309.26  14.15  0.08 15.51 310.41   4.98
19970303 210000  2.4 307.4  1.71 12.54 234.90  29.98  6  1.07 12.48 225.16  13.62  0.97  8.17 226.15  28.79  0.71 16.41 235.58   7.67  0.47 18.18 301.76  10.07  0.32 12.86 309.00  14.19  0.11 15.50 309.36   8.82
19970304 000000  2.4   8.0  1.73 17.52 237.27  29.98  6  1.09 12.40 226.44  13.56  0.89  8.13 227.81  28.62  0.78 15.91 235.02   7.66  0.53 17.88 301.55  10.23  0.32 12.92 308.90  14.14  0.13 15.37 310.34   8.67
19970304 030000  1.0   3.1  1.74 17.60 238.50  29.21  4  1.35 12.14 227.89  19.81  0.89 15.49 234.36   8.34  0.55 17.82 301.15  10.45  0.33 12.98 309.55  13.34
19970304 060000  0.2 127.7  1.73 17.63 239.03  28.41  4  1.31 11.95 228.94  18.94  0.93 15.11 233.84   8.28  0.55 17.78 300.99  10.62  0.33 12.94 310.20  12.83
19970304 090000  0.5 357.5  1.70 14.52 239.49  27.97  4  1.26 11.88 230.10  18.39  0.95 14.56 232.91   8.26  0.54 17.70 301.00  10.60  0.32 12.77 310.56  12.88
19970304 120000  1.8 240.9  1.67 14.25 240.45  28.29  4  1.16 11.66 230.71  18.44  1.02 14.26 232.38   9.01  0.56 17.43 301.35  10.36  0.32 12.57 310.74  13.06
19970304 150000  4.1 246.6  1.66 13.67 241.76  28.95  3  1.51 13.68 231.64  14.52  0.59 16.86 301.44  10.27  0.31 12.43 310.68  13.19
19970304 180000  3.4 244.3  1.67 13.37 242.55  29.16  5  1.51 13.39 231.91  14.45  0.62 16.72 301.02  10.57  0.27 12.36 310.41  13.49  0.13 14.45 307.21   8.59  0.07  8.94 327.06   8.82
19970304 210000  3.0 241.3  1.66 13.11 242.64  28.94  3  1.51 13.15 231.90  13.92  0.64 16.66 300.64  10.83  0.28 12.40 311.05  13.50
19970305 000000  2.0 165.1  1.65 12.53 242.61  28.74  4  1.49 12.53 231.97  13.44  0.63 16.60 300.38  10.73  0.29 12.47 310.80  13.38  0.13 18.82 218.86   7.58
19970305 030000  2.7 172.5  1.63 12.29 242.57  29.15  4  1.46 12.28 231.88  14.07  0.63 16.52 300.09  10.98  0.29 12.54 310.65  13.20  0.21 18.09 218.71   8.19
19970305 060000  2.5 150.2  1.63 11.90 242.24  30.65  6  1.37 11.85 233.30  12.34  0.63 16.37 300.27  10.90  0.45  6.10 209.12  31.29  0.29 12.59 310.61  13.09  0.29 17.64 218.58   7.97  0.05 22.14 294.89  12.04
19970305 090000  3.2 196.6  1.62 11.53 242.23  31.40  6  1.32 11.47 233.59  12.98  0.64 16.02 300.46  10.83  0.47  6.27 208.28  30.86  0.40 16.95 220.69   9.12  0.29 12.62 310.95  12.77  0.06 21.98 296.55  13.06
19970305 120000  3.9 175.8  1.61 15.95 241.94  31.11  6  1.26 11.26 234.07  13.75  0.64 15.76 300.41  10.80  0.57 16.53 220.84   8.83  0.43  6.02 210.66  27.82  0.28 12.59 311.32  12.41  0.07 21.91 297.18  13.12
19970305 150000  3.3 256.3  1.62 15.71 241.01  30.44  4  1.26 11.09 233.03  17.21  0.76 15.90 221.48   8.99  0.68 15.65 301.90  11.73  0.08 21.78 298.66  13.66
19970305 180000  5.7 235.7  1.69 15.55 238.96  29.43  5  1.22 10.87 233.73  17.64  0.96 15.51 221.93   8.97  0.67 15.57 301.09  11.41  0.09 21.52 299.56  12.97  0.08  8.91 330.87   6.90
19970305 210000  4.7 221.2  1.80 15.36 236.44  28.36  6  1.20 15.17 222.55   9.16  1.15 10.63 233.80  18.73  0.62 15.50 299.53  10.78  0.22 12.14 311.42  10.59  0.11 21.14 298.17  12.70  0.07  8.89 330.69   6.91
19970306 000000  3.0 187.0  1.91 15.04 234.41  27.19  3  1.79 14.59 226.81  14.82  0.66 15.42 300.87  11.83  0.13 20.79 297.19  13.52
19970306 030000  3.0 179.1  2.00 14.57 232.94  26.08  4  1.89 14.33 226.15  14.11  0.61 15.34 299.17  10.90  0.23 12.26 311.77  12.71  0.14 20.66 297.25  13.58
19970306 060000  3.7 188.8  2.05 14.37 231.78  25.18  4  1.94 14.13 225.31  13.14  0.64 15.26 300.66  11.97  0.18  9.67 269.92   7.20  0.15 20.54 298.32  13.91
19970306 090000  3.9 197.7  2.08 14.19 230.72  24.47  4  1.97 13.76 224.70  12.76  0.61 15.13 300.76  12.07  0.21  9.55 268.80   4.94  0.17 20.36 298.97  13.81
19970306 120000  4.4 185.5  2.09 14.02 229.72  24.00  3  1.99 13.63 224.52  13.33  0.58 14.88 301.02  12.04  0.19 20.10 297.92  13.81
19970306 150000  3.5 225.6  2.09 14.02 229.03  23.62  4  2.00 13.65 224.04  13.03  0.53 14.67 299.52  11.05  0.22 19.83 297.10  13.63  0.18 11.62 315.90   9.39
19970306 180000  6.5 230.9  2.11 14.01 228.52  23.37  4  2.03 13.69 223.72  13.08  0.52 14.55 299.56  11.04  0.25 19.55 296.33  13.88  0.18 11.66 314.43  10.40
19970306 210000  6.7 217.2  2.17 14.00 227.56  23.32  6  0.57  3.49 221.50  28.36  2.00 13.70 222.89  11.25  0.51 14.48 299.29  11.10  0.26 19.38 296.97  13.53  0.18 11.64 314.65  10.31  0.18  8.90 271.47   9.74
19970307 000000  1.6 172.4  2.19 14.06 226.78  22.99  3  2.12 13.75 222.57  13.79  0.52 14.43 300.95  12.01  0.26 19.24 297.53  13.40
19970307 030000  1.2 179.7  2.22 14.06 226.22  22.31  3  2.14 13.78 222.20  12.97  0.50 14.40 300.82  11.98  0.28 19.06 298.82  13.34
19970307 060000  3.1 177.1  2.25 13.97 225.73  21.90  3  2.17 13.77 221.81  12.39  0.49 14.36 301.08  11.92  0.31 18.87 298.68  12.64
19970307 090000  4.7 188.7  2.28 13.86 225.22  21.78  4  2.20 13.74 221.25  12.06  0.46 14.32 301.30  11.89  0.36 18.66 297.09  13.41  0.08  8.30 282.21  17.66
19970307 120000  6.3 178.2  2.30 13.74 224.56  21.89  4  2.22 13.67 220.76  12.73  0.44 14.24 301.83  12.01  0.29 17.98 286.43   8.68  0.25 18.94 309.12   6.07
19970307 150000  5.4 220.0  2.30 13.60 224.35  21.50  3  2.23 13.56 220.75  12.62  0.42 14.10 302.14  12.21  0.38 18.17 296.15  13.75
19970307 180000  9.2 211.4  2.38 13.47 223.60  21.55  4  2.31 13.44 220.45  14.01  0.38 13.85 300.83  11.51  0.38 18.02 296.73  14.00  0.12 10.86 317.26   8.93
19970307 210000  8.6 202.8  2.43 13.35 222.66  22.64  4  2.37 13.32 219.71  16.17  0.39 17.88 298.31  14.10  0.36 13.70 300.50  11.11  0.12 10.85 317.15   8.84
19970308 000000  8.1 184.4  2.49 13.25 222.00  23.83  3  2.43 13.21 219.06  17.87  0.42 17.75 298.54  13.32  0.36 13.61 302.68  12.20
19970308 030000  6.4 187.9  2.54 13.10 222.23  23.96  3  2.48 12.98 219.21  18.00  0.45 17.63 297.68  13.38  0.35 13.58 302.70  12.53
19970308 060000  5.5 193.9  2.51 12.80 222.54  23.95  3  2.45 12.72 219.34  17.60  0.47 17.50 296.53  13.44  0.35 13.56 303.75  12.10
19970308 090000  5.4 186.6  2.42 12.63 223.06  23.85  3  2.34 12.58 219.59  16.90  0.48 17.34 296.22  14.15  0.33 13.55 303.84  12.22
19970308 120000  5.2 186.6  2.37 12.50 223.42  23.45  3  2.30 12.46 219.99  16.39  0.47 17.04 296.10  13.95  0.32 13.54 304.77  12.51
19970308 150000  5.8 216.5  2.39 12.31 223.64  22.81  3  2.33 12.28 220.42  15.96  0.46 16.86 296.27  14.27  0.31 13.52 305.44  12.62
19970308 180000  8.9 220.1  2.46 11.71 223.55  23.02  4  2.40 11.65 220.50  16.62  0.49 16.73 298.42  14.39  0.27 13.39 304.36  11.80  0.06 20.53 219.79   8.39
19970308 210000  8.7 212.8  2.48 11.65 223.04  24.26  4  2.41 11.62 219.79  17.95  0.51 16.65 297.52  14.36  0.28 13.39 306.08  12.45  0.07 20.42 220.57   8.26
19970309 000000  6.1 199.1  2.42 11.62 222.69  25.68  4  2.34 11.60 218.99  19.00  0.53 16.58 296.36  15.05  0.28 13.41 307.48  12.23  0.09 20.24 220.80   8.44
19970309 030000  5.6 205.1  2.31 11.57 223.11  26.53  4  2.22 11.55 218.84  19.08  0.55 16.52 297.18  14.53  0.27 13.28 307.30  12.35  0.11 19.53 220.53   8.40
19970309 060000  6.5 207.5  2.22 11.31 223.40  26.82  4  2.13 11.21 218.78  18.78  0.54 16.44 295.96  14.35  0.29 13.32 309.66  12.25  0.13 19.18 220.86   8.27
19970309 090000  6.0 200.3  2.19 10.85 223.46  26.55  4  2.10 10.84 218.89  18.43  0.52 16.29 295.62  14.49  0.29 13.28 310.55  12.17  0.15 19.06 221.42   8.54
19970309 120000  3.9 200.0  2.19 10.73 223.65  25.95  5  2.11 10.72 219.26  17.84  0.51 15.96 295.70  14.48  0.29 13.19 310.84  12.12  0.17 18.84 221.20   8.57  0.06  9.58 320.46   6.44
19970309 150000  5.8 234.7  2.19 10.13 223.90  25.76  5  2.10 10.12 219.49  17.48  0.53 15.76 296.84  15.23  0.26 12.99 310.31  12.22  0.20 18.11 221.03   8.49  0.07  9.62 317.29   8.41
19970309 180000  7.3 228.3  2.17  9.92 224.51  26.28  5  2.08  9.92 219.85  17.85  0.54 15.68 297.19  14.82  0.25 12.84 311.21  11.88  0.21 17.89 221.67   8.65  0.07  9.61 317.08   8.33
19970309 210000  5.8 211.2  2.08  9.78 225.05  27.46  5  1.98  9.78 219.67  18.34  0.57 15.62 297.44  15.13  0.23 17.79 221.84   8.70  0.22 12.62 313.14  12.35  0.06  9.54 318.29   7.45
19970310 000000  5.5 208.5  1.95  9.58 225.79  28.70  5  1.84  9.58 219.42  18.42  0.59 15.59 297.59  15.26  0.25 17.48 221.37   8.75  0.19 12.52 316.37   7.53  0.07  9.52 318.82   7.34
19970310 030000  3.5 194.7  1.83  9.33 226.68  29.67  4  1.70  9.33 219.39  18.34  0.56 15.54 296.34  15.20  0.27 12.65 313.92  11.04  0.27 16.81 221.32   8.72
19970310 060000  5.5 192.0  1.75  9.23 227.01  30.07  4  1.62  9.23 219.27  18.14  0.54 15.48 295.98  15.27  0.28 16.68 221.96   9.50  0.28 12.63 314.61  10.63
19970310 090000  4.5 185.3  1.72  9.17 226.57  29.99  4  1.58  9.17 218.93  17.98  0.52 15.38 295.65  15.56  0.29 16.62 221.48   9.92  0.28 12.61 315.24  10.15
19970310 120000  4.0 184.5  1.71  9.10 226.04  29.63  4  1.57  9.10 218.60  17.49  0.52 15.23 296.20  15.26  0.31 16.33 220.99  10.65  0.26 12.43 316.17   9.98
19970310 150000  4.2 222.2  1.68  9.00 225.76  29.82  4  1.53  9.00 218.30  17.09  0.58 15.07 300.47  16.34  0.33 15.70 221.04   9.86  0.18 13.36 198.21   5.60
19970310 180000  6.2 219.9  1.65 15.28 226.10  30.65  4  1.49  8.79 218.29  18.03  0.59 14.93 300.38  16.43  0.33 15.62 222.86   8.81  0.23 13.67 200.85   6.74
19970310 210000  7.2 212.5  1.62 15.18 225.98  31.57  5  1.43  8.58 218.14  19.01  0.58 14.81 299.69  16.43  0.35 12.86 201.64   6.59  0.33 15.61 224.07   8.80  0.10 17.80 319.96   5.36
19970311 000000  5.2 180.1  1.59 14.91 225.26  32.45  5  1.35  8.44 217.47  20.43  0.57 14.74 299.57  16.51  0.50 12.11 206.39  11.40  0.34 15.51 223.70   8.56  0.10 17.77 320.18   5.37
19970311 030000  4.2 186.9  1.53 14.67 225.43  32.71  6  1.23  8.34 218.01  20.59  0.60 11.75 207.01  11.11  0.48 14.70 293.82  14.55  0.38 14.90 222.54   9.70  0.28 12.34 316.85   8.36  0.11 17.50 319.66   5.17
19970311 060000  5.2 189.0  1.50 14.57 224.79  32.92  5  1.19 10.03 216.92  20.51  0.62 11.70 207.79  11.15  0.49 14.64 295.62  15.68  0.36 14.67 225.07   8.27  0.28 12.41 316.99   7.77
19970311 090000  5.6 173.4  1.47 14.51 224.12  33.52  5  1.08  8.79 215.55  22.18  0.74 11.53 210.59  12.52  0.48 14.59 296.52  15.97  0.38 14.66 224.74   8.29  0.27 12.45 316.93   7.66
19970311 120000  5.4 180.0  1.46 14.44 223.58  33.67  4  1.30 11.31 213.47  19.93  0.51 14.50 300.22  16.35  0.37 14.62 225.28   8.36  0.17 16.64 319.36   6.16
19970311 150000  6.0 207.9  1.47 14.32 223.54  32.48  4  1.27 11.13 214.44  19.57  0.53 14.10 218.34  11.54  0.50 14.45 300.46  16.16  0.17 16.62 319.23   6.27
19970311 180000  9.0 221.7  1.67 14.11 223.46  29.82  4  1.53 11.00 216.74  19.71  0.50 14.41 300.44  16.72  0.40 13.80 224.67   7.68  0.15 16.62 318.72   7.09
19970311 210000  9.4 207.3  1.86 13.71 221.76  29.13  3  1.72 10.89 216.42  21.46  0.51 14.41 302.64  16.53  0.49 13.64 222.95   9.26
19970312 000000  8.1 195.0  1.92 13.57 219.63  29.81  4  1.32  5.81 214.50  28.60  1.19 10.80 214.70  12.41  0.51 14.45 303.37  16.41  0.50 13.54 221.75   9.82
19970312 030000  7.7 180.2  1.87 13.48 218.58  30.48  7  1.31  6.20 212.67  29.14  1.12 10.72 214.25  12.17  0.51 13.31 220.50  10.06  0.38 14.22 293.28  14.03  0.25 15.57 316.65   8.33  0.21 11.79 317.82   7.26  0.08 17.84 219.83   8.12
19970312 060000  3.8 207.0  1.75 13.34 219.35  30.49  7  1.23  6.37 213.15  28.31  1.07 10.57 214.98  12.07  0.42 13.36 220.85  10.10  0.36 14.13 293.32  13.95  0.25 15.55 316.54   8.84  0.20 11.74 317.53   7.20  0.09 17.75 220.12   8.47
19970312 090000  4.7 176.5  1.62 10.56 221.23  30.29  7  1.10  6.47 215.94  27.05  0.90 10.19 214.30  12.26  0.61 12.48 218.32  10.41  0.36 14.04 294.47  14.43  0.24 15.53 316.15   9.54  0.19 11.63 317.68   7.55  0.12 16.91 220.15   8.63
19970312 120000  4.3 187.5  1.52 12.66 222.57  30.68  6  1.35 10.41 215.60  21.24  0.49 12.61 221.69   9.20  0.32 13.87 290.60  12.17  0.28 15.35 315.80   8.69  0.19 11.68 317.27   7.19  0.16 16.63 222.53  10.51
19970312 150000  4.9 236.8  1.43 12.63 224.43  31.25  6  1.28 10.39 216.64  20.19  0.41 12.67 223.87   8.52  0.31 14.68 314.73   8.90  0.30 13.62 289.14  11.97  0.19 11.66 317.16   7.17  0.17 16.61 220.77   9.96
19970312 180000  8.3 234.7  1.48 12.55 226.76  31.09  5  1.36 10.37 219.78  21.21  0.46 14.27 306.45  15.49  0.28 12.72 230.47   7.30  0.21 15.94 219.63   8.53  0.08 18.30 295.90  11.05
19970312 210000  6.6 215.8  1.57 14.46 225.17  31.05  8  1.20  6.07 221.53  26.06  0.76 10.30 214.21  11.59  0.40 12.17 222.55  10.64  0.33 14.53 318.50   5.71  0.30 13.63 293.09  11.31  0.25 15.57 218.38   8.21  0.11 17.91 299.43  11.01  0.08 19.18 220.59   6.81
19970313 000000  3.1 201.5  1.58 14.77 223.91  31.07  9  1.24  6.30 219.58  26.36  0.69 10.08 214.13  11.18  0.44 11.86 222.17  10.20  0.30 13.59 293.11  11.79  0.29 15.51 218.26   8.81  0.28 14.50 319.09   4.93  0.16 11.17 317.97   6.94  0.12 17.66 300.02  11.14  0.11 18.64 220.69   6.20
19970313 030000  4.9 225.1  1.55 14.44 224.02  31.07  9  1.22  6.52 219.19  25.98  0.67 10.08 215.50  11.44  0.39 11.88 223.47  11.30  0.31 15.36 216.44   7.86  0.30 14.46 316.88   6.84  0.25 13.50 290.68  10.79  0.15 11.28 317.08   7.46  0.14 17.52 300.29  11.35  0.14 18.10 220.54   7.25
19970313 060000  4.4 209.7  1.50 14.36 224.53  31.10  9  1.17  6.71 219.53  25.33  0.62 10.03 215.03  11.97  0.39 13.82 306.77  15.14  0.38 11.76 224.34  11.07  0.37 14.60 216.00   7.75  0.16 17.90 219.47   8.10  0.15 17.41 299.42  11.12  0.14 11.04 317.92   7.19  0.05 22.05 304.62   9.18
19970313 090000  3.0 183.0  1.45 14.33 225.29  31.20  7  1.11  6.84 219.62  24.36  0.64  9.77 218.90  12.69  0.43 14.48 215.67   7.69  0.41 13.68 309.02  14.09  0.23 17.41 218.90   8.02  0.16 17.27 299.19  11.27  0.07 21.81 304.57   9.40
19970313 120000  4.3 190.9  1.41 14.18 225.44  30.98  8  1.17  7.04 219.15  21.69  0.51 14.39 214.68   8.18  0.39 13.61 307.84  14.76  0.29 11.66 226.80  13.02  0.24 16.97 220.40   7.06  0.16 17.11 298.97  11.64  0.14 10.95 317.88   7.50  0.08 21.77 304.51   9.45
19970313 150000  5.6 229.9  1.42 13.69 225.17  29.95  7  1.17  7.66 219.33  20.65  0.56 13.83 217.10  11.06  0.40 13.57 309.31  14.33  0.28 16.74 219.64   8.00  0.25 11.43 220.51   4.97  0.15 16.93 298.72  11.73  0.09 21.76 304.23   9.56
19970313 180000  6.7 226.5  1.53 13.53 224.68  28.68  6  1.27  7.82 220.44  21.37  0.64 13.53 217.06  10.11  0.39 13.54 309.11  14.94  0.35 16.53 217.95   8.28  0.15 16.74 298.47  11.65  0.09 21.71 304.03   9.52
19970313 210000  7.8 215.1  1.61 13.47 223.61  28.19  7  1.36  7.79 219.78  21.77  0.65 13.46 215.39   8.34  0.38 13.49 309.57  14.90  0.38 16.01 220.29   7.38  0.17 16.61 298.44  11.35  0.10 21.33 304.11   9.38  0.08 11.17 255.86   6.29
19970314 000000  3.0 161.9  1.64 13.40 222.73  28.78  6  1.37  7.67 218.65  22.90  0.70 13.38 215.80   9.02  0.39 15.73 220.70   7.10  0.37 13.43 310.60  13.79  0.19 16.49 299.51  11.37  0.13 20.48 304.16   9.41
19970314 030000  4.8 205.9  1.60 13.11 223.66  29.37  6  1.29  7.46 219.04  22.94  0.69 12.96 217.07  10.07  0.47 15.48 217.94   8.38  0.37 13.33 311.19  13.29  0.22 16.39 299.65  11.28  0.16 20.38 304.14   9.64
19970314 060000  6.0 183.5  1.53 12.80 223.72  30.40  8  1.20  7.29 217.97  23.54  0.59 12.54 216.55   9.05  0.58 14.91 218.04   8.40  0.35 13.12 310.38  14.37  0.23 16.25 299.57  11.28  0.17 20.35 304.10   9.96  0.09 10.21 318.47   9.29  0.08 10.50 258.94   5.65
19970314 090000  5.8 181.6  1.45 12.72 223.36  31.44  7  1.11  7.08 216.53  24.47  0.64 12.60 216.60   8.26  0.51 14.70 218.14   9.25  0.35 12.90 311.24  13.60  0.23 16.05 299.50  11.64  0.17 20.33 303.90  10.10  0.09 10.37 255.39   7.50
19970314 120000  4.3 180.2  1.38 12.74 223.49  31.78  8  0.96  6.95 216.23  25.78  0.61 12.48 217.05   8.50  0.55 14.49 217.74   9.09  0.34 12.81 311.58  13.04  0.32  9.37 212.51  10.12  0.21 15.84 299.46  11.97  0.18 20.25 303.99   9.89  0.09 10.32 256.35   7.74
19970314 150000  5.3 226.1  1.31 12.87 225.00  31.62  6  0.91  6.92 217.21  23.55  0.83 13.59 217.53   8.95  0.33 12.74 311.44  13.52  0.21 15.70 299.72  12.13  0.20 19.65 304.13   9.75  0.08 10.24 255.79   7.22
19970314 180000  6.0 223.9  1.28 13.02 226.71  32.05  7  0.75  6.68 221.05  26.04  0.83 13.48 217.63   9.21  0.44  8.13 214.06  12.19  0.33 12.70 311.49  13.56  0.23 19.12 304.15   9.84  0.20 15.59 299.95  12.15  0.07  9.91 259.05   5.14
19970314 210000  7.1 219.8  1.30 12.85 227.42  32.70  5  0.90  8.01 219.51  24.03  0.82 13.32 218.12  10.00  0.32 12.67 311.70  13.50  0.26 19.05 304.17  10.19  0.22 15.52 300.23  11.92
19970315 000000  3.0 184.8  1.29 12.72 227.40  33.78  6  0.89  7.92 217.75  24.95  0.81 12.83 218.28   9.97  0.31 12.64 312.01  13.42  0.27 19.02 304.18  10.51  0.24 15.44 301.30  11.91  0.07  9.67 258.83   5.11
19970315 030000  3.1 186.0  1.25 12.68 228.06  34.31  6  0.82  7.84 216.98  24.32  0.81 12.72 218.58  10.50  0.31 12.60 312.54  13.18  0.27 19.00 304.36  10.64  0.26 15.36 301.48  11.83  0.07  9.59 259.35   5.42
19970315 060000  4.6 182.0  1.22 12.64 228.54  34.84  7  0.77  7.79 215.77  23.48  0.77 12.69 216.90   8.62  0.30 12.56 313.03  12.99  0.28 18.92 304.90  10.40  0.26 15.22 301.00  12.03  0.23 15.71 242.57   7.07  0.07  9.52 259.33   5.68
19970315 090000  4.7 181.3  1.18 12.57 228.93  35.73  6  0.78 12.64 217.88  10.76  0.72  7.74 214.22  23.55  0.30 18.52 304.53  10.28  0.28 12.48 313.41  12.93  0.27 15.04 300.91  14.11  0.17 15.91 244.35   5.28
19970315 120000  1.9 202.9  1.17 12.19 229.05  36.71  6  0.75 12.14 216.69   9.73  0.69  7.67 212.06  24.70  0.32 17.93 304.68  10.21  0.27 12.36 313.73  13.00  0.27 14.87 242.60   7.34  0.26 14.90 302.25  12.76
19970315 150000  2.6 231.4  1.14 12.07 230.69  36.76  6  0.74 12.05 216.66  10.05  0.65  7.53 213.26  22.58  0.35 17.82 305.21  10.68  0.27 14.61 242.80   7.15  0.26 12.16 313.84  13.53  0.25 14.79 302.06  12.73
19970315 180000  7.1 229.0  1.17 17.77 231.81  36.04  6  0.72  7.39 217.67  22.71  0.76 12.10 218.97  12.24  0.35 17.79 305.25  10.89  0.25 12.03 313.86  13.36  0.25 14.71 303.36  13.06  0.16 14.51 247.81   4.61
19970315 210000  6.7 208.5  1.22 17.76 230.42  36.12  6  0.82  7.26 216.52  23.98  0.69 12.24 216.51  10.38  0.36 17.77 305.65  10.95  0.31 13.70 242.23   6.74  0.25 14.63 303.96  12.89  0.25 11.97 313.51  13.78
19970316 000000  3.1 193.1  1.20 17.72 230.52  37.41  6  0.74 12.68 221.42  14.03  0.58  4.10 216.90  31.47  0.55  7.06 211.10  12.20  0.36 17.72 305.91  10.84  0.27 14.54 304.66  12.40  0.24 11.88 313.35  14.76
19970316 030000  4.6 193.1  1.14 12.56 232.72  38.34  7  0.71  6.82 213.10  23.48  0.65 11.88 216.78  10.96  0.37 17.59 305.87  10.70  0.33 12.91 241.60   6.56  0.27 14.47 304.84  12.57  0.23 11.88 311.59  14.63  0.05  9.64 332.64   5.65
19970316 060000  6.8 163.5  1.13 12.44 231.64  41.09  9  0.69  6.65 205.93  26.94  0.50 11.08 214.60  11.68  0.40 12.68 238.88   7.70  0.39 17.05 305.80  10.59  0.32 12.58 216.88   5.42  0.29 14.41 305.56  12.54  0.21 11.78 310.85  14.98  0.07 18.14 220.44   8.84  0.06  9.70 333.12   5.06
19970316 090000  5.9 178.4  1.12 16.73 231.66  42.70  7  0.67  6.67 202.27  29.05  0.61 11.25 215.45  10.57  0.40 16.74 306.06  10.68  0.37 12.39 240.33   6.61  0.28 14.33 305.09  12.96  0.22 11.82 312.26  15.81  0.08 17.88 220.30   8.67
19970316 120000  3.6 184.9  1.08 16.67 234.77  42.97  8  0.62  6.75 204.47  28.37  0.58 11.45 214.74  10.27  0.42 16.66 306.34  10.90  0.38 12.04 240.37   6.20  0.28 14.25 305.48  12.98  0.20 11.76 315.36  12.95  0.10 17.77 220.21   8.79  0.06  9.56 274.11   6.33
19970316 150000  4.3 209.0  1.03 16.64 239.98  42.84  8  0.56  6.83 208.69  25.85  0.54 11.65 214.74  10.12  0.44 16.63 306.68  10.95  0.36 11.82 240.11   6.24  0.27 14.09 305.98  13.55  0.19 11.72 315.88  12.76  0.14 17.41 220.62   9.22  0.07  9.13 271.89   7.60
19970316 180000  7.3 228.5  1.06 16.62 240.84  41.23  6  0.89 11.70 219.60  20.26  0.45 16.61 307.10  10.92  0.26 13.79 306.39  13.50  0.18 11.66 316.32  12.96  0.16 16.81 219.50   8.94  0.07  8.78 274.11   7.88
19970316 210000  6.0 221.6  1.09 16.58 240.16  40.89  7  0.69  6.84 218.48  25.78  0.61 11.63 222.40  14.78  0.46 16.57 307.45  10.77  0.26 13.66 306.50  13.66  0.20 16.69 219.54   9.19  0.17 11.61 317.10  12.17  0.09  8.47 270.13  11.88
19970317 000000  3.6 202.8  1.06 16.49 239.80  41.68  8  0.67  6.84 216.30  25.60  0.47 11.63 214.01   9.73  0.45 16.49 307.55  10.74  0.32 11.24 240.00   5.95  0.25 13.59 307.20  13.35  0.23 16.52 219.32   9.03  0.17 11.57 317.44  11.69  0.09  8.37 274.45   9.05
19970317 030000  3.8 214.6  1.03 16.12 240.10  41.98  8  0.62  6.92 214.90  23.92  0.45 16.18 307.94  10.79  0.44 11.51 213.44   9.33  0.31 11.05 239.67   5.79  0.29 15.92 219.29   9.68  0.24 13.52 306.55  13.05  0.17 11.51 317.53  11.55  0.09  8.07 274.98   7.89
19970317 060000  2.5 150.4  1.01 15.71 240.26  42.04  6  0.59  6.93 213.77  21.89  0.52 11.04 221.95  14.85  0.44 15.72 307.75  10.80  0.33 15.72 218.82   9.20  0.30 13.51 310.58  13.33  0.10  7.88 275.03   7.90
19970317 090000  0.5 243.8  1.01 15.61 241.47  42.21  7  0.58  6.92 213.53  19.16  0.49 11.00 222.19  14.97  0.45 15.62 307.90  10.93  0.37 15.62 218.84   9.40  0.28 13.51 308.41  12.15  0.14 11.03 320.96   9.08  0.10  7.73 274.95   8.44
19970317 120000  3.0 214.1  1.02 15.53 242.29  42.34  8  0.59  6.90 214.06  16.83  0.48 15.58 308.17  10.78  0.44 10.94 222.17  15.25  0.42 15.37 218.39   9.26  0.25 13.38 308.75  13.04  0.15 11.09 318.34  11.29  0.11  7.51 275.03   8.94  0.06 21.62 227.33  10.64
19970317 150000  4.3 221.4  1.07 15.46 240.74  41.81  9  0.63  6.95 214.52  16.83  0.50 15.56 308.46  10.71  0.47 15.03 218.56   9.56  0.34 11.06 212.14   9.13  0.25 13.22 309.58  13.23  0.25 10.56 240.38   6.16  0.13 10.95 318.39  11.77  0.11  7.36 276.72   7.30  0.10 20.86 228.19  10.38
19970317 180000  5.3 233.7  1.13 15.40 238.25  40.25  9  0.71  7.18 216.38  18.12  0.54 15.54 308.56  11.37  0.52 14.94 218.45   9.70  0.28 11.07 210.07   8.56  0.27 10.38 238.12   8.00  0.14 11.00 319.11  10.43  0.13 20.43 229.25  10.74  0.11  7.22 276.86   7.26  0.11 12.66 315.00   0.03
19970317 210000  4.8 224.9  1.17 15.32 235.96  39.04  9  0.77  7.37 216.88  18.89  0.54 14.75 218.66   9.85  0.48 15.50 308.60  10.54  0.28 10.91 211.80   8.68  0.24 12.78 310.58  13.57  0.22 10.47 239.13   6.37  0.19 20.15 229.93  11.01  0.12 10.92 320.08   9.77  0.11  7.04 276.91   7.01
19970318 000000  1.8 266.9  1.17 15.05 234.54  38.12  9  0.77  7.40 216.13  17.92  0.55 14.41 218.75  10.04  0.48 15.39 309.18  10.62  0.25 11.03 210.49   8.18  0.24 19.30 231.10  11.34  0.23 10.40 238.04   7.69  0.21 12.67 310.05  13.69  0.12 10.92 320.37   9.63  0.11  6.92 276.99   7.01
19970318 030000  2.2 242.6  1.17 14.56 234.14  37.20  8  0.73  7.37 215.31  16.54  0.59 14.29 218.81  10.17  0.47 15.16 309.43  10.68  0.31 19.06 233.35  10.64  0.24 12.65 313.10  13.63  0.23 10.34 238.84   7.73  0.22 10.89 211.03   9.86  0.10  6.81 277.04   6.93
19970318 060000  2.5 230.7  1.19 14.48 234.83  36.65  7  0.68  7.32 214.93  15.81  0.65 14.27 218.71  10.89  0.46 14.84 309.54  10.92  0.41 18.47 232.79  11.74  0.25 12.67 314.66  10.88  0.24 10.32 239.10   7.88  0.10  6.70 277.11   6.93
19970318 090000  1.7 221.5  1.20 14.45 236.33  36.29  7  0.66  7.32 214.24  15.45  0.62 14.16 220.07  10.73  0.51 17.88 233.89  11.79  0.49 14.73 309.83  10.43  0.23 10.28 239.05   7.63  0.22 12.57 316.07  11.31  0.10  6.58 277.36   6.84
19970318 120000  2.9 247.6  1.23 17.63 237.82  35.47  8  0.62 13.66 220.88  11.19  0.62  7.40 213.78  15.72  0.62 17.64 234.69  11.53  0.51 14.69 309.38  12.01  0.23 10.18 240.94   6.39  0.17 12.69 319.56   7.48  0.10  6.49 277.59   7.77  0.08 17.76 319.34   5.28
19970318 150000  3.7 226.0  1.30 16.75 237.81  33.68  7  0.75 16.86 234.73  11.75  0.67 13.51 221.99  12.13  0.59  7.51 214.54  19.10  0.53 14.61 310.92  10.75  0.22 10.06 241.52   6.55  0.09  6.40 277.48   7.15  0.07 17.76 319.35   5.44
19970318 180000  5.2 244.7  1.38 16.57 238.03  31.73  6  0.57  7.51 218.21  22.91  0.89 16.63 234.85  11.77  0.67 13.45 221.32  11.99  0.51 14.55 310.56  10.67  0.24  9.82 244.48  12.51  0.14 11.77 318.19   8.14
19970318 210000  5.3 225.6  1.46 16.33 238.41  30.32  6  0.58  7.54 220.27  25.12  0.98 16.40 234.90  11.77  0.70 13.44 224.30  13.23  0.50 14.48 310.02  10.55  0.24  9.67 242.72  12.80  0.18 11.88 320.70   6.83
19970319 000000  4.4 193.3  1.52 15.61 238.42  29.20  6  1.06 15.74 235.03  11.98  0.74 13.28 226.46  12.63  0.53  7.43 217.33  25.48  0.50 14.41 310.97  10.47  0.24  9.62 242.55  13.16  0.19 11.80 316.48   9.61
19970319 030000  5.1 181.4  1.59 15.52 237.62  28.30  7  0.50  7.36 211.99  26.14  1.21 15.57 234.57  12.07  0.70 12.81 226.29  12.14  0.48 14.34 310.48  10.47  0.22  9.48 244.32  13.40  0.17 11.79 319.65   7.17  0.14 16.60 319.28   4.95
19970319 060000  7.1 173.4  1.67 15.42 235.86  28.53  7  0.55  7.26 202.21  29.87  1.26 15.54 234.11  11.80  0.77 12.75 228.85  13.30  0.46 14.29 310.73  10.24  0.21  9.34 243.94  13.11  0.19 11.82 319.24   8.52  0.13 16.60 318.95   5.54
19970319 090000  6.5 179.5  1.74 14.85 234.71  28.65  6  0.60  3.21 196.73  31.72  1.15 15.03 233.48  12.46  0.81 12.68 229.48  12.56  0.61 17.47 237.63   7.28  0.51 14.23 312.42  10.49  0.21  9.14 243.94  12.54
19970319 120000  7.1 185.4  1.80 14.74 234.12  27.85  3  0.67  3.43 202.38  31.86  1.60 14.80 233.19  11.91  0.50 14.13 312.69   9.95
19970319 150000  8.1 198.1  1.89 14.69 232.89  27.55  4  0.81  3.75 205.68  29.76  1.57 14.71 232.62  11.87  0.50 13.85 312.76   9.80  0.45 11.65 240.35   6.28
19970319 180000  6.8 214.3  1.92 14.53 233.79  26.36  5  0.80  4.09 210.38  29.04  1.66 14.55 233.20  11.66  0.46 13.68 311.70  10.04  0.21  8.89 243.74  11.00  0.20 15.53 318.57   5.29
19970319 210000  7.6 215.2  1.93 14.36 234.25  25.70  4  0.83  4.20 215.17  28.32  1.67 14.39 233.36  11.64  0.48 13.60 312.57  10.21  0.15 15.54 314.82   2.32
19970320 000000  2.7 205.3  1.88 14.13 234.80  25.71  4  1.65 14.21 233.25  11.64  0.72  4.31 215.59  30.45  0.50 13.57 312.80   9.83  0.19  6.33 205.79   9.08
19970320 030000  4.1 201.7  1.81 13.83 235.51  25.60  4  0.61  4.34 215.09  30.31  1.62 13.87 233.05  11.77  0.50 13.60 312.99   9.73  0.17  6.11 205.68   9.13
19970320 060000  6.2 195.1  1.76 13.68 235.41  26.08  3  0.59  4.36 211.31  28.27  1.58 13.68 232.75  11.95  0.50 13.69 313.20   9.61
19970320 090000  5.7 205.8  1.70 13.57 235.34  26.63  4  0.56  4.34 210.60  28.35  1.53 13.56 232.40  12.19  0.49 13.90 313.35   9.48  0.05 20.36 213.76   7.20
19970320 120000  7.3 199.5  1.65 13.46 234.75  27.43  4  0.58  4.28 208.99  28.00  1.46 13.44 232.11  12.44  0.48 14.12 313.39   9.38  0.06 20.22 213.23   6.86
19970320 150000  6.0 201.2  1.59 13.31 234.14  28.38  4  0.60  3.72 208.60  29.49  1.39 13.29 231.79  12.73  0.47 14.13 313.39   9.06  0.08 19.24 214.06   7.54
19970320 180000  7.4 225.4  1.54 13.00 234.32  28.31  4  0.66  3.70 216.91  28.42  1.31 12.96 231.34  13.07  0.46 13.81 313.23   9.08  0.09 19.07 214.26   7.49
19970320 210000  8.4 207.3  1.57 12.76 231.95  29.55  4  0.84  4.07 216.41  27.97  1.24 12.73 230.72  13.57  0.45 13.49 313.24   9.07  0.10 19.00 214.47   7.29
19970321 000000  4.5 212.0  1.49 12.67 231.35  31.27  4  0.80  4.36 213.81  30.02  1.17 12.63 230.09  14.10  0.45 13.43 313.46   8.93  0.13 18.25 214.66   7.37
19970321 030000  5.1 201.6  1.38 12.62 233.24  31.84  4  0.63  4.34 214.79  30.82  1.12 12.57 229.33  14.59  0.45 13.40 313.70   8.85  0.15 17.87 214.96   7.42
19970321 060000  6.5 193.2  1.32 12.55 232.73  32.53  5  0.57  4.19 211.72  30.66  1.10 12.48 228.26  15.13  0.45 13.39 313.77   8.80  0.15 17.82 214.81   7.45  0.06 16.71 316.04   7.57
19970321 090000  5.0 186.1  1.30 12.36 231.80  32.92  5  0.51  3.89 209.06  32.74  1.09 12.22 226.99  15.63  0.44 13.36 313.75   8.71  0.18 17.61 214.73   7.43  0.07 16.64 316.04   7.52
19970321 120000  2.6 187.4  1.27 12.02 231.94  32.23  5  1.17 11.94 224.42  19.62  0.43 13.30 313.54   8.73  0.22 16.86 215.03   7.47  0.07 16.61 315.92   8.33  0.06 23.25 217.48   8.18
19970321 150000  4.8 218.1  1.25 11.92 231.72  31.65  6  0.34  3.63 215.74  32.53  1.10 11.86 225.09  16.58  0.42 13.16 313.25   8.96  0.24 16.70 215.30   7.66  0.08 16.56 315.61   7.61  0.07 22.90 217.46   8.01
19970321 180000  7.8 220.5  1.34 11.88 229.41  31.22  6  0.88  8.32 221.28  23.57  0.88 11.82 225.12  16.45  0.41 12.93 312.96   9.10  0.25 16.65 215.41   7.60  0.08 22.69 218.10   7.82  0.07 16.51 319.65   6.71
19970321 210000  6.3 218.9  1.35 11.85 228.93  31.47  7  0.64  3.78 222.59  30.55  0.82 11.80 222.61  14.15  0.66  8.12 220.98  17.24  0.41 12.81 313.27   9.08  0.29 16.44 215.48   7.66  0.18 10.85 269.99   5.47  0.10 22.58 218.25   8.13
19970322 000000  5.4 235.6  1.32 11.80 228.76  31.34  8  0.52  3.81 225.19  32.65  0.77 11.72 219.74  11.80  0.74  7.88 222.25  18.03  0.39 12.73 313.18   9.24  0.33 15.86 215.43   7.70  0.21 10.45 267.27   6.60  0.13 22.10 218.55   8.13  0.11 15.58 315.62   7.94
19970322 030000  4.2 216.6  1.31 11.64 228.44  30.87  8  0.45  3.79 228.66  32.87  0.77  7.73 222.01  18.43  0.76 11.50 219.58  12.02  0.39 12.67 313.23   9.40  0.36 15.66 215.78   7.81  0.17 10.31 269.66   5.01  0.15 21.70 219.07   8.25  0.12 15.54 315.48   8.17
19970322 060000  4.5 221.0  1.29 11.33 228.22  30.65  7  0.85  7.62 223.40  22.92  0.76 11.26 218.89  11.76  0.39 15.53 217.88   9.29  0.38 12.62 313.12   9.71  0.18 10.22 269.82   5.03  0.18 21.56 219.55   8.06  0.12 15.53 316.11   7.44
19970322 090000  5.0 197.6  1.28 11.23 227.70  30.52  7  0.83  7.57 222.72  22.99  0.73 11.16 218.82  11.75  0.43 15.38 217.56   9.33  0.37 12.59 313.19   9.28  0.21 21.39 219.16   8.33  0.18 10.10 269.46   5.00  0.13 15.47 315.94   6.87
19970322 120000  6.6 199.6  1.30 11.20 226.16  30.52  6  0.81  7.41 218.61  23.05  0.73 11.11 218.73  11.74  0.46 15.07 217.26   9.50  0.39 12.56 313.11   9.53  0.24  9.70 266.85   7.20  0.24 20.70 219.43   8.23
19970322 150000  6.4 196.6  1.31 14.60 224.83  30.58  8  0.82  7.73 216.29  24.26  0.71 11.10 218.02  11.21  0.50 14.67 217.28   8.51  0.36 12.52 312.82   9.68  0.28 20.33 219.70   8.14  0.26  9.58 265.52   7.81  0.13 14.96 315.49   5.26  0.06 14.62 264.98   7.46
19970322 180000  8.2 204.1  1.42 14.46 222.60  29.92  8  0.94  7.65 214.48  25.58  0.73 11.17 216.97  11.51  0.55 14.50 219.65   9.40  0.33 12.47 312.55   9.32  0.33 20.18 219.65   8.24  0.24  9.52 265.58   8.62  0.17 14.55 315.90   7.72  0.08 14.37 266.38   7.11
19970322 210000  9.8 198.7  1.61 14.36 218.21  29.80  9  1.19  4.61 210.47  27.01  0.70 11.42 216.92  11.45  0.62 14.37 218.53   9.77  0.36 19.85 219.90   8.38  0.32 12.39 312.72   9.23  0.21  9.43 267.05   7.44  0.17 14.52 315.95   7.66  0.10 13.65 267.30   7.36  0.06 18.99 295.19   9.45
19970323 000000  9.2 200.0  1.74 14.19 216.63  29.21  9  1.34  5.22 210.18  27.43  0.73 11.37 216.82  10.83  0.61 14.18 217.97   9.50  0.41 19.11 219.98   8.29  0.31 12.31 313.31   8.76  0.17 14.51 315.55   8.10  0.15  9.13 269.97   5.06  0.13 13.49 266.66   8.53  0.06 18.94 294.71   9.46
19970323 030000  9.0 187.0  1.82 13.66 215.60  29.16  9  1.41  5.62 209.00  28.08  0.74 11.18 215.83  10.39  0.64 13.71 218.82   9.09  0.45 18.94 220.25   8.23  0.30 12.17 313.48   9.02  0.18 14.45 315.47   7.16  0.15 13.13 263.90  10.17  0.14  8.96 270.40   5.08  0.07 18.83 294.33   9.61
19970323 060000  6.5 184.1  1.76 13.46 217.27  28.50  9  1.30  5.97 210.77  28.22  0.75 11.10 215.65  10.16  0.67 13.54 219.77   9.66  0.50 18.71 220.16   8.38  0.26 11.85 313.19   9.23  0.23 14.04 315.21   7.49  0.16 12.69 267.10   7.50  0.11  8.88 270.93   5.04  0.07 18.19 294.24   9.92
19970323 090000  5.2 186.0  1.71 13.35 219.14  27.11  8  1.18  6.12 213.67  27.26  0.78 13.37 218.73   9.65  0.69 10.82 215.68  10.43  0.54 17.95 220.25   8.41  0.24 11.76 313.90   9.36  0.24 13.57 314.18   7.71  0.17 12.50 267.49   7.21  0.08 17.85 294.89   9.57
19970323 120000  5.5 186.3  1.68 13.17 220.22  25.90  9  1.07  6.23 214.97  25.58  0.81 13.15 218.26   9.60  0.73 10.84 215.40  10.11  0.57 17.75 220.46   8.34  0.26 13.47 312.45   8.48  0.22 11.66 316.24   8.35  0.20 11.99 266.00   7.83  0.10 17.77 295.52   9.37  0.09  8.92 273.11   4.36
19970323 150000  3.7 211.7  1.67 12.63 221.05  24.91  7  1.10 12.66 216.67   9.82  1.01  6.31 217.35  24.31  0.60 17.61 220.64   8.25  0.26 13.45 312.49   8.48  0.22 11.66 316.23   8.44  0.20 11.85 266.73   7.56  0.11 17.75 295.14   9.35
19970323 180000  6.8 233.3  1.69 12.44 222.15  24.17  7  0.96  6.31 220.47  23.86  1.16 12.48 216.81  10.21  0.63 17.01 220.82   8.18  0.26 13.39 314.25   8.67  0.22 11.69 313.85   8.65  0.22 11.56 266.74   7.52  0.11 17.71 294.67   9.54
19970323 210000  8.1 212.2  1.78 16.66 221.76  24.25  6  1.08  6.18 220.02  24.74  1.17 12.34 216.89  10.09  0.68 16.65 219.98   8.38  0.34 13.35 314.13   8.80  0.22 11.17 266.62   7.30  0.12 17.52 294.54   9.86
19970324 000000  4.9 207.0  1.78 16.54 221.09  24.89  7  1.07  5.75 217.93  26.28  1.18 11.77 216.78  10.09  0.68 16.53 220.01   8.53  0.33 13.24 314.39   8.60  0.23 11.04 266.50   7.52  0.13 16.78 294.71   9.87  0.08  8.26 271.99   6.42
19970324 030000  4.2 198.7  1.74 16.38 221.40  24.91  6  1.18 11.57 216.97  10.08  0.98  5.77 218.12  26.61  0.69 16.34 219.79   8.57  0.33 12.87 314.39   8.76  0.23 10.86 266.28   7.25  0.15 16.65 295.36   9.36
19970324 060000  6.2 202.1  1.70 15.85 221.40  24.82  7  0.91  5.84 216.90  26.10  1.18 11.54 216.96  10.41  0.70 15.76 220.01   8.35  0.33 12.69 314.47   8.76  0.23 10.48 266.39   7.18  0.17 16.61 295.33   9.40  0.07  8.04 272.36   6.59
19970324 090000  5.2 184.5  1.66 15.56 221.16  25.02  6  0.85  5.88 215.11  26.82  1.13 11.52 217.71  10.49  0.76 15.51 218.39   8.89  0.32 12.61 314.54   8.73  0.23 10.34 266.74   7.24  0.18 16.59 294.64  10.02
19970324 120000  5.5 201.9  1.60 15.43 221.50  25.18  5  1.35 11.28 216.77  17.52  0.73 15.39 218.81   9.06  0.32 12.56 314.58   8.73  0.23 10.24 266.71   7.19  0.17 16.56 294.94   9.40
19970324 150000  6.0 204.1  1.54 15.28 221.76  25.64  6  1.27 10.98 216.52  17.52  0.76 15.23 218.69   9.30  0.32 12.51 314.57   8.86  0.23 10.00 266.67   7.02  0.18 16.39 294.82  10.49  0.06  7.74 272.58   7.45
19970324 180000  8.6 215.6  1.59 15.05 221.73  26.28  6  1.32 10.92 217.01  19.41  0.78 14.75 218.03   9.76  0.32 12.47 314.67   8.71  0.21  9.75 266.98   7.25  0.20 15.69 295.34   9.75  0.05  7.72 272.21   6.40
19970324 210000  7.8 204.9  1.60 14.79 221.67  27.76  6  0.96  4.71 214.99  27.68  0.93 10.82 217.81  11.68  0.76 14.51 218.81  10.15  0.32 12.40 314.60   8.85  0.23 15.56 295.79   9.32  0.20  9.62 267.71   6.70
19970325 000000  7.3 201.7  1.53 14.67 221.87  29.01  6  0.91  4.89 213.30  28.70  0.98 12.46 218.02  11.21  0.59 14.52 219.58  11.62  0.31 12.27 314.68   8.77  0.25 15.53 295.62   9.40  0.21  9.55 267.67   6.85
19970325 030000  5.7 193.9  1.43 14.51 222.64  29.86  6  0.84  4.93 212.41  29.07  0.90 12.40 218.38  12.31  0.60 14.30 221.10  11.80  0.30 12.02 314.71   8.77  0.25 15.52 295.34   9.52  0.19  9.41 267.65   7.26
19970325 060000  5.7 196.6  1.34 14.35 223.81  30.09  5  0.74  4.92 212.10  28.98  1.03 14.21 219.56  12.32  0.29 11.89 314.94   8.63  0.25 15.49 295.41   9.47  0.22  9.19 265.59   7.61
19970325 090000  4.4 185.6  1.27 14.25 225.38  30.45  5  0.67  4.87 212.10  28.94  0.98 14.11 220.01  12.39  0.28 11.80 315.01   8.65  0.27  9.09 263.05   7.73  0.24 15.42 295.70   9.55
19970325 120000  4.9 190.3  1.21 14.21 227.81  31.11  7  0.61  4.76 212.43  29.04  0.70 11.65 219.24  12.25  0.61 13.85 222.17  12.72  0.31  9.02 262.19   7.58  0.27 11.74 315.15   8.63  0.25 15.00 296.65   9.38  0.13 16.67 251.21   6.39
19970325 150000  4.3 220.0  1.17 14.22 231.32  31.48  7  0.53  4.64 213.68  28.80  0.68 11.16 220.23  12.75  0.59 13.72 223.47  13.44  0.34  8.94 261.83   7.43  0.28 14.60 296.73   9.68  0.27 11.70 315.21   8.64  0.14 16.63 251.36   6.54
19970325 180000  7.9 224.5  1.25 14.22 232.99  30.82  6  0.67  3.56 220.44  26.54  0.87 13.37 222.00  13.59  0.41  9.68 259.55   8.58  0.30 14.53 297.06   9.48  0.27 11.67 315.11   8.93  0.13 16.61 251.51   6.82
19970325 210000  7.2 206.4  1.33 14.23 231.63  31.38  5  0.80  4.21 217.32  28.00  0.88 13.34 223.65  14.42  0.45  8.49 259.27   8.60  0.31 14.51 296.86   9.79  0.26 11.65 315.14   8.98
19970326 000000  5.4 199.7  1.32 14.23 232.67  31.47  7  0.74  4.34 216.03  29.64  0.86 13.36 222.59  13.12  0.49  8.69 257.75   9.38  0.29 14.51 295.46   9.66  0.25 11.60 315.26   8.83  0.22 15.52 252.03   6.75  0.09 16.63 308.34   8.37
19970326 030000  4.1 201.3  1.30 13.90 234.15  30.20  7  0.63  4.32 215.87  30.10  0.91 13.39 223.22  13.08  0.52  8.87 257.16   9.65  0.30 14.50 294.23  11.29  0.24 11.52 315.31   8.87  0.22 15.53 250.08   5.32  0.09 16.65 308.71   8.42
19970326 060000  5.8 198.6  1.33 13.48 234.08  28.57  6  0.53  4.26 213.71  29.47  1.02 13.31 224.75  13.29  0.51  8.79 258.06  10.03  0.31 14.45 296.00  11.83  0.23 11.30 315.36   8.88  0.21 15.51 250.24   5.45
19970326 090000  3.9 181.1  1.38 13.30 233.84  27.34  5  1.11 13.05 224.78  12.33  0.70  8.82 238.93  30.60  0.32 14.18 297.95  10.58  0.22 11.12 315.60   8.87  0.21 15.38 253.19   6.56
19970326 120000  5.3 181.5  1.43 12.94 233.94  26.38  4  0.40  3.96 208.60  31.31  1.31 12.67 231.10  16.91  0.33 13.74 299.05  10.21  0.21 11.02 315.69   8.80
19970326 150000  5.8 206.3  1.47 12.61 233.97  25.83  5  1.38 12.45 228.44  18.86  0.33 13.64 298.86   9.68  0.32 14.49 251.39   6.20  0.20 10.97 315.94   8.53  0.07 17.74 315.21   9.15
19970326 180000  6.6 216.2  1.52 12.10 233.49  25.57  6  0.57  3.43 215.93  28.62  1.32 12.13 230.43  15.87  0.32 14.51 251.05   6.44  0.31 13.61 296.66  10.05  0.19 10.94 316.06   8.49  0.15 15.59 308.42   8.58
19970326 210000  8.6 215.4  1.58 11.85 233.39  25.91  7  0.77  3.79 223.22  29.44  1.28 11.89 230.67  15.72  0.32 14.44 250.59   6.70  0.28 13.56 296.11   8.66  0.19 10.93 316.13   8.45  0.19 15.42 308.94   7.81  0.16 16.74 224.12   8.67
19970327 000000  6.4 192.2  1.58 11.68 232.64  27.69  5  0.83  4.25 221.27  33.22  1.28 11.74 231.64  15.55  0.35 13.59 299.53  11.20  0.19 10.93 316.22   8.40  0.12 16.93 227.45   5.30
19970327 030000  5.7 183.2  1.52 11.41 233.00  28.45  6  0.75  4.40 218.19  35.07  1.19 11.52 230.70  15.14  0.35 13.57 252.87   7.87  0.34 13.57 300.97  10.39  0.22 16.04 224.30   8.19  0.18 10.92 316.11   8.66
19970327 060000  5.2 200.8  1.45 13.37 234.12  28.27  6  0.63  4.35 212.12  32.94  1.15 11.24 231.73  16.05  0.38 13.50 252.35   7.05  0.35 13.53 300.35  11.32  0.27 15.66 225.88   9.80  0.18 10.89 316.33   8.57
19970327 090000  5.8 189.7  1.39 13.38 234.86  28.40  6  0.56  4.18 208.44  31.57  1.12 11.12 232.23  16.18  0.38 13.51 252.09   7.06  0.36 13.43 300.74  11.09  0.27 15.68 224.66   8.48  0.17 10.84 316.52   8.26
19970327 120000  4.9 176.0  1.34 13.33 235.72  28.89  6  0.51  4.05 206.73  32.62  1.08 10.97 232.26  16.11  0.37 13.08 300.93  11.35  0.37 13.46 252.41   6.87  0.27 15.64 225.04   8.28  0.16 10.67 316.53   8.29
19970327 150000  5.7 215.0  1.31 10.87 237.03  28.14  7  0.44  3.87 209.44  31.49  1.07 10.86 232.66  16.05  0.37 13.00 302.14  11.03  0.35 13.13 253.40   7.57  0.29 15.45 224.09   8.89  0.15 10.39 316.56   8.28  0.07 17.88 300.08   8.51
19970327 180000  7.4 211.7  1.41 12.59 235.21  27.87  8  0.65  3.62 216.90  29.51  1.08 10.67 232.54  15.56  0.37 12.69 252.23   7.27  0.34 12.91 300.04  10.33  0.32 14.89 223.71   9.75  0.15 15.53 314.33   7.36  0.14 10.28 316.74   8.10  0.08 17.82 302.11   9.56
19970327 210000  8.7 209.0  1.53 12.57 234.09  27.70  8  0.85  4.03 221.38  30.51  1.09 10.42 232.41  14.47  0.38 12.68 253.55   7.72  0.36 14.70 224.02  10.46  0.34 12.92 301.17   9.55  0.13 10.24 316.76   8.15  0.12 15.51 318.59   4.80  0.10 17.59 303.44   9.51
19970328 000000  4.3 197.3  1.58 12.55 235.07  27.45  6  0.85  4.56 223.13  32.40  1.14 10.33 232.69  14.50  0.40 12.66 254.55   8.16  0.39 14.75 230.18  12.38  0.36 12.87 303.34  10.19  0.13 10.22 316.99   8.05
19970328 030000  4.7 194.0  1.63 12.53 236.65  25.68  6  0.75  4.77 222.31  31.96  1.31 10.48 233.82  14.80  0.47 12.59 251.98   7.20  0.27 14.32 309.31   7.79  0.26 12.66 296.23   8.39  0.13 10.22 316.70   8.14
19970328 060000  5.9 198.0  1.76 12.46 237.60  23.76  7  0.65  4.79 218.70  32.11  1.12 12.32 236.81  15.04  1.12 10.20 237.16  14.41  0.29 12.81 300.26   9.10  0.20 14.57 312.34   6.19  0.13 16.70 299.82   8.74  0.12 10.22 316.60   8.19
19970328 090000  5.7 202.1  1.91 12.23 238.42  22.20  5  1.87 12.07 235.93  18.05  0.29 12.82 300.63   9.16  0.20 14.55 312.35   6.54  0.15 16.65 301.62  10.19  0.12 10.21 316.77   8.06
19970328 120000  5.8 178.3  2.02 12.13 238.99  21.61  5  1.98 12.01 236.79  17.92  0.29 12.82 301.55   9.08  0.20 14.55 312.44   6.65  0.15 16.62 300.00  11.41  0.11 10.19 316.75   8.06
19970328 150000  3.6 220.2  2.05 12.15 240.25  20.57  5  2.01 12.04 238.19  16.93  0.26 14.37 309.78   7.43  0.25 12.59 300.52   8.75  0.12 16.67 300.13   8.08  0.10 10.13 317.11   7.79
19970328 180000  6.4 233.9  2.04 12.24 241.29  19.90  3  2.00 12.14 239.11  16.00  0.40 13.30 303.95   9.79  0.09 10.04 317.07   7.64
19970328 210000  6.5 219.5  2.03 12.36 241.42  20.55  3  1.98 12.26 239.04  16.54  0.36 13.37 305.00  11.03  0.22 15.57 299.82   9.81
19970329 000000  4.0 182.2  1.98 12.32 241.25  21.48  3  1.93 12.26 238.62  17.31  0.37 13.45 303.49  11.86  0.23 15.59 302.13  10.41
19970329 030000  3.6 204.3  1.92 12.16 241.04  21.81  4  1.83 12.11 238.64  17.73  0.41 16.81 231.83   8.95  0.35 13.42 303.94  11.11  0.25 15.52 302.96  10.80
19970329 060000  5.1 206.5  1.92 11.98 239.75  21.88  4  1.73 11.94 238.11  18.16  0.70 16.44 230.59   9.67  0.34 13.41 304.20  11.21  0.26 15.41 302.80  10.20
19970329 090000  2.4 288.4  2.05 15.87 237.15  21.04  3  1.64 11.87 237.57  18.51  1.15 15.97 229.02   9.19  0.43 13.65 303.81  10.56
19970329 120000  1.4  65.0  2.32 15.80 234.26  19.42  3  1.77 15.86 228.96   9.88  1.44 11.46 237.37  19.47  0.44 14.16 303.78  10.64
19970329 150000  3.1 322.9  2.61 15.58 232.62  18.78  2  2.57 15.65 230.89  14.88  0.45 14.37 303.49  10.78
19970329 180000  3.5 301.1  2.82 15.26 231.57  17.69  2  2.79 15.33 230.08  14.01  0.46 14.43 303.44  10.79
19970329 210000  2.7 285.1  2.94 14.82 230.95  17.13  3  2.90 14.86 229.61  13.66  0.32 14.57 302.73  10.02  0.32 12.60 304.18  11.27
19970330 000000  2.7 135.2  2.97 14.64 230.53  17.07  3  2.94 14.65 229.28  13.82  0.32 14.54 302.23   9.75  0.31 12.57 304.62  11.41
19970330 030000  3.1 158.0  2.93 14.57 230.26  17.69  2  2.90 14.59 228.98  14.53  0.44 12.96 303.33  10.76
19970330 060000  2.4 195.6  2.85 14.41 230.37  17.86  2  2.81 14.46 228.97  14.38  0.45 13.43 303.61  10.66
19970330 090000  0.5 157.9  2.74 14.25 230.54  18.31  2  2.70 14.30 228.98  14.50  0.45 13.49 303.81  10.66
19970330 120000  1.5 345.0  2.64 14.07 230.69  18.75  2  2.60 14.12 229.00  14.72  0.45 13.54 304.00  10.67
19970330 150000  3.1 325.4  2.53 13.83 230.85  19.11  3  2.30 14.46 226.38  14.45  0.97 13.47 243.85   7.12  0.45 13.59 303.98  10.95
19970330 180000  3.7 302.1  2.44 13.58 231.35  20.26  2  2.40 13.58 229.51  16.36  0.43 13.58 304.23  10.70
19970330 210000  2.4 318.3  2.34 13.39 231.56  20.56  2  2.30 13.38 229.60  16.45  0.43 13.48 304.55  10.56
19970331 000000  4.0  32.3  2.24 13.24 232.06  22.28  2  2.20 13.23 229.83  18.09  0.44 13.30 304.88  10.56
19970331 030000  3.8 319.0  2.15 13.06 232.59  22.52  2  2.10 13.05 230.03  17.68  0.45 13.21 305.57  10.12
19970331 060000  2.5 316.9  2.07 12.91 233.25  23.14  2  2.02 12.89 230.37  17.87  0.46 13.17 305.89   9.87
19970331 090000  2.6  17.0  2.00 12.78 233.80  24.10  3  1.95 12.75 230.67  18.73  0.45 13.16 305.99   9.86  0.06 21.63 303.25   9.11
19970331 120000  4.9  18.7  1.94 12.65 234.20  25.10  3  1.89 12.63 230.86  19.76  0.45 13.09 306.00  10.01  0.06 21.73 304.73   9.07
19970331 150000  6.2 344.4  1.88 12.53 236.37  29.98  4  0.40  2.83 346.56  30.09  1.79 12.50 230.40  16.13  0.45 12.90 306.19  10.07  0.06 21.75 304.47   8.94
19970331 180000  5.0 320.9  1.82 12.39 238.77  31.88  4  0.49  3.38 329.38  29.12  1.70 12.35 230.56  16.35  0.44 12.74 306.40  10.20  0.11 18.96 305.02  10.73
19970331 210000  3.5 305.5  1.74 12.26 239.47  31.90  4  0.47  3.71 323.49  29.80  1.61 12.17 230.70  16.71  0.44 12.67 306.73  10.31  0.11 20.07 302.96   9.76
19970401 000000  0.8 297.7  1.66 12.13 239.94  31.81  4  1.54 12.03 230.76  17.14  0.45 12.63 306.81  10.30  0.44  3.91 319.05  29.48  0.13 20.26 303.26   9.56
