Date     Time   Uabs UDir  hs    tp    th     sp     np hs(i) tp(i) th(i)  sp(i)
20090701 000000  4.2 281.9  2.72 11.86 248.78  22.98  3  2.71 11.86 248.49  22.81  0.22 13.73 290.03  13.96  0.11 18.26 267.48   4.38
20090701 030000  5.6 214.4  3.48 12.21 247.78  19.59  1  3.48 12.21 247.78  19.59
20090701 060000 10.8 193.8  4.11 13.76 247.01  19.37  1  4.11 13.76 247.01  19.37
20090701 090000  7.1 168.0  4.27 13.78 246.34  20.25  1  4.27 13.78 246.34  20.25
20090701 120000  4.6 201.6  4.13 13.73 245.66  19.86  1  4.13 13.73 245.66  19.86
20090701 150000  4.1 164.6  3.86 13.43 244.42  19.82  1  3.86 13.43 244.42  19.82
20090701 180000  3.6 216.0  3.54 12.88 242.97  20.23  2  3.54 12.88 242.92  20.16  0.10 12.69 310.60   8.03
20090701 210000  5.2 220.5  3.25 12.49 241.49  20.85  1  3.25 12.49 241.49  20.85
20090702 000000  5.8 216.5  2.99 11.98 239.88  21.65  1  2.99 11.98 239.88  21.65
20090702 030000  5.7 180.5  2.74 11.70 238.80  22.31  1  2.74 11.70 238.80  22.31
20090702 060000  6.1 168.9  2.49 11.33 237.79  23.28  4  2.33 11.32 238.67  24.46  0.73 13.85 230.78   6.78  0.50 18.07 232.79   8.58  0.11 12.64 307.95   9.74
20090702 090000  6.0 165.5  2.28 11.16 237.12  23.81  4  0.38  2.89 171.16  30.50  2.02 11.16 240.28  23.34  0.83 13.63 230.61   8.28  0.56 18.05 233.86   8.73
20090702 120000  4.4 157.5  2.25 11.14 236.61  22.55  4  1.87 10.96 239.90  25.80  1.02 13.35 228.71   9.16  0.69 17.48 232.07   9.84  0.17 22.07 235.97   4.85
20090702 150000  4.6 170.1  2.43 11.29 236.38  19.63  4  1.95 11.11 239.93  22.17  1.19 13.00 228.87  10.55  0.81 17.15 232.42   9.85  0.09 12.03 309.28  10.07
20090702 180000  7.4 185.1  2.60 11.30 236.03  18.71  4  2.36 11.29 236.82  19.92  1.01 16.52 232.12   9.43  0.42 20.47 232.22   7.75  0.09 11.88 309.11  10.06
20090702 210000  8.5 195.5  2.69 11.20 235.66  18.99  5  0.68  3.48 205.02  31.97  2.32 11.19 238.71  16.98  1.02 16.27 231.61   9.32  0.58 20.06 234.46   7.70  0.09 11.85 308.87  10.23
20090703 000000  7.4 179.0  2.71 11.17 235.29  19.94  5  0.80  4.11 204.59  33.14  2.19 11.16 239.99  17.14  1.09 14.94 229.54   8.34  0.83 18.80 235.70   8.10  0.09 11.84 308.50  10.17
20090703 030000  5.9 163.8  2.66 11.11 235.47  19.85  4  2.31 11.10 236.47  22.01  1.02 18.58 234.91   8.33  0.84 14.91 228.55   9.20  0.09 11.83 308.51  10.27
20090703 060000  4.1 154.8  2.57 10.99 236.20  18.55  4  2.06 10.98 238.29  21.59  1.14 14.00 229.87   9.13  1.01 18.04 235.70   8.25  0.09 11.82 308.80  10.37
20090703 090000  2.3 179.3  2.48 17.52 236.82  17.36  3  1.93 10.86 239.22  20.68  1.27 17.52 233.37   9.31  0.90 13.52 233.13   8.79
20090703 120000  2.7 238.8  2.39 16.85 237.38  16.47  3  1.82 10.76 240.37  19.63  1.24 16.85 233.96   8.87  0.93 13.49 232.49   9.99
20090703 150000  2.8 282.9  2.30 16.40 237.95  15.92  3  1.65 10.72 241.52  19.36  1.23 16.40 233.80   9.34  1.02 13.09 235.02  10.65
20090703 180000  3.8 264.1  2.20 15.99 238.70  15.95  3  1.60 11.46 242.96  19.05  1.46 15.99 234.01   9.80  0.36 12.66 235.00   0.00
20090703 210000  3.4 266.5  2.07 15.36 239.35  15.89  3  1.62 12.35 242.09  18.37  1.27 15.36 235.08   9.47  0.20 23.87 238.85   6.61
20090704 000000  3.2 326.0  1.97 15.20 240.55  17.20  2  1.93 15.20 240.56  17.48  0.40 22.42 240.28   8.34
20090704 030000  5.3 354.0  2.01 15.30 241.78  18.74  2  1.88 15.30 241.89  19.72  0.71 21.41 241.01   9.21
20090704 060000  3.4 329.2  2.34 20.37 242.25  17.41  3  2.08 15.04 242.62  18.91  1.06 20.39 240.70   8.64  0.06 16.60 316.40   7.49
20090704 090000  2.6 358.7  2.94 19.40 242.89  15.30  2  2.51 14.30 243.59  16.72  1.52 19.41 241.04  10.27
20090704 120000  3.9 357.4  3.45 18.87 244.22  15.76  2  2.89 13.77 245.84  17.38  1.87 18.87 240.47  10.01
20090704 150000  3.1 345.8  3.67 18.10 245.16  15.63  2  2.86 13.50 248.29  17.73  2.29 18.10 240.44   9.89
20090704 180000  5.6 351.3  3.73 17.71 245.74  16.49  1  3.73 17.71 245.74  16.49
20090704 210000  8.5   2.0  3.74 17.48 246.95  20.92  1  3.74 17.48 246.95  20.92
20090705 000000  8.7   8.2  3.72 17.12 247.74  23.13  1  3.72 17.12 247.74  23.13
20090705 030000  6.7   0.0  3.67 16.72 247.60  22.58  1  3.67 16.72 247.60  22.58
20090705 060000  4.1 348.0  3.61 16.55 247.02  20.53  1  3.61 16.55 247.02  20.53
20090705 090000  3.7 359.1  3.65 16.45 246.24  18.81  1  3.65 16.45 246.24  18.81
20090705 120000  2.0 351.2  3.88 16.23 245.02  17.38  1  3.88 16.23 245.02  17.38
20090705 150000  2.0 359.0  4.18 16.00 243.91  16.42  2  4.18 16.00 243.86  16.29  0.13 14.50 316.37   7.17
20090705 180000  2.3 320.0  4.44 16.22 242.83  16.04  2  4.43 16.22 242.78  15.91  0.13 14.49 316.43   7.36
20090705 210000  3.5 312.6  4.63 16.30 241.78  16.01  1  4.63 16.30 241.78  16.01
20090706 000000  4.1 348.3  4.70 16.26 240.82  16.33  1  4.70 16.26 240.82  16.33
20090706 030000  3.2   4.6  4.66 16.10 239.90  16.73  1  4.66 16.10 239.90  16.73
20090706 060000  1.7 283.7  4.53 15.65 239.09  16.99  1  4.53 15.65 239.09  16.99
20090706 090000  1.6 201.3  4.37 15.41 238.38  17.24  2  4.36 15.41 238.32  17.09  0.14 13.55 316.29   7.32
20090706 120000  2.4 197.4  4.19 15.28 237.62  17.35  2  4.19 15.28 237.55  17.17  0.15 13.55 316.30   7.35
20090706 150000  2.7 176.8  4.02 15.15 236.94  17.32  2  4.02 15.15 236.86  17.14  0.14 13.55 316.14   7.41
20090706 180000  2.8 208.7  3.81 14.94 236.56  17.23  2  3.81 14.94 236.50  17.08  0.12 13.54 316.23   7.46
20090706 210000  4.9 219.0  3.59 14.83 236.39  17.20  1  3.59 14.83 236.39  17.20
20090707 000000  5.1 178.0  3.40 14.71 236.33  17.23  1  3.40 14.71 236.33  17.23
20090707 030000  5.8 151.9  3.22 14.49 235.93  18.07  2  3.22 14.50 235.84  17.86  0.12 12.69 316.37   7.21
20090707 060000  8.9 181.7  3.11 14.30 235.16  19.05  2  3.11 14.30 235.05  18.81  0.13 12.67 316.01   7.61
20090707 090000  8.4 183.5  3.05 14.13 234.42  19.95  2  3.04 14.13 234.32  19.72  0.13 12.67 316.18   7.61
20090707 120000  9.8 181.8  3.03 13.77 232.87  21.90  3  0.90  3.92 191.74  36.00  2.89 13.77 235.85  15.99  0.12 12.67 316.27   7.52
20090707 150000  8.4 175.2  3.03 13.46 231.73  22.80  2  3.03 13.47 231.66  22.65  0.11 12.65 315.82   7.97
20090707 180000  9.8 192.5  3.11 13.29 231.60  21.63  1  3.11 13.29 231.60  21.63
20090707 210000 11.8 196.7  3.36 13.07 229.89  22.28  1  3.36 13.07 229.89  22.28
20090708 000000 11.6 188.1  3.50 12.65 228.45  23.78  1  3.50 12.65 228.45  23.78
20090708 030000 10.6 184.6  3.43 12.54 228.23  24.38  2  3.43 12.55 228.20  24.32  0.08 11.89 316.73   7.28
20090708 060000  9.6 172.9  3.28 12.56 228.30  24.64  2  3.28 12.57 228.27  24.58  0.08 11.87 316.95   7.27
20090708 090000  9.3 173.4  3.14 12.54 228.09  24.66  2  3.14 12.54 228.05  24.59  0.08 11.86 317.14   7.31
20090708 120000 12.2 171.2  3.10 12.47 224.63  27.11  2  3.10 12.48 224.60  27.05  0.07 11.85 317.20   7.30
20090708 150000  9.4 166.9  2.97 12.41 223.58  27.34  2  2.97 12.41 223.55  27.28  0.07 11.83 317.22   7.26
20090708 180000 10.3 191.4  2.77 12.34 224.86  24.95  2  2.77 12.34 224.81  24.97  0.15 17.81 240.64   5.55
20090708 210000 11.7 187.3  2.75 12.30 222.74  25.03  1  2.75 12.30 222.74  25.03
20090709 000000 11.0 183.7  2.70 12.21 221.02  26.10  2  2.69 12.21 220.79  26.16  0.28 16.66 240.38   6.09
20090709 030000 10.5 175.3  2.65 12.01 220.20  26.66  2  2.63 12.01 219.87  26.77  0.34 16.34 237.66   6.26
20090709 060000 11.1 175.2  2.67 11.83 219.27  27.02  2  2.62 11.83 218.50  27.23  0.51 15.48 238.02   7.51
20090709 090000 11.8 178.2  2.77 11.70 218.00  27.16  4  2.33  9.37 211.42  28.81  1.35 11.55 232.74  14.39  0.58 15.03 239.28   7.43  0.30 11.86 202.12   4.74
20090709 120000 11.8 177.1  2.88 11.61 216.34  27.68  4  2.53  9.07 211.53  28.83  0.94 11.86 241.00  10.48  0.72 14.44 236.00   8.11  0.70 11.49 208.41   7.33
20090709 150000 11.7 177.0  2.90  8.87 215.34  28.12  4  2.57  8.87 210.31  29.16  0.87 11.53 239.70  11.42  0.82 14.03 236.97   7.98  0.65 11.37 208.60   7.42
20090709 180000 12.1 190.9  2.79 13.43 216.10  26.97  2  2.52  8.53 210.45  26.98  1.21 13.49 238.87   9.96
20090709 210000 12.9 198.7  2.72 13.22 217.01  25.90  3  2.44  7.53 211.41  26.07  1.21 13.28 238.01   9.68  0.07 20.67 230.09   7.70
20090710 000000 12.0 193.1  2.65 12.71 217.39  26.61  3  2.34  7.05 211.93  27.42  1.23 12.73 235.39  12.04  0.09 20.35 229.07   6.83
20090710 030000 10.5 184.4  2.34 12.50 218.34  28.01  4  1.95  6.74 210.75  29.94  1.27 12.51 234.73  12.96  0.23 11.09 201.86   4.78  0.13 19.50 229.78   7.69
20090710 060000  9.2 195.5  2.08 12.31 220.14  27.59  4  1.60  6.29 210.33  30.81  1.25 12.32 235.90  11.94  0.42 10.50 204.93   7.09  0.17 19.10 229.09   7.25
20090710 090000  9.0 181.5  2.00 11.93 220.52  27.01  4  1.42  5.85 208.96  31.60  1.38 11.93 230.77  15.57  0.24 18.56 229.99   7.48  0.13 15.72 245.16   8.68
20090710 120000  8.3 178.7  1.99 11.74 220.91  25.84  4  1.26  5.64 208.42  32.82  1.49 11.74 227.93  15.95  0.29 17.87 229.44   7.68  0.19 15.69 245.11   9.03
20090710 150000  7.5 181.0  2.03 11.67 220.77  24.27  5  1.12  5.59 205.22  32.90  1.40 10.45 220.12  14.04  0.86 11.73 241.97   6.57  0.40 17.56 233.27  10.15  0.06 12.76 317.22   7.48
20090710 180000  7.4 199.1  2.07 11.63 221.92  21.64  4  1.86 10.52 217.53  21.57  0.76 11.63 242.43   6.46  0.49 16.62 231.96   9.58  0.06 12.70 317.27   7.41
20090710 210000  7.7 202.5  2.13 11.55 222.81  20.00  4  2.03 11.19 221.53  20.29  0.58 16.44 231.07   8.74  0.31 11.83 245.00   0.00  0.06 12.67 317.30   7.42
20090711 000000  9.4 184.6  2.26 11.30 221.91  21.04  3  2.14 11.30 220.71  21.62  0.72 15.72 231.56   9.05  0.06 12.66 317.32   7.42
20090711 030000  8.6 163.3  2.36 11.18 221.23  22.80  2  2.17 11.18 219.37  24.04  0.92 15.32 230.85   9.32
20090711 060000  7.5 153.8  2.35 15.05 222.26  22.59  2  2.12 11.16 220.56  24.35  1.02 15.05 229.04   9.90
20090711 090000  7.6 165.5  2.32 14.42 223.26  21.83  2  1.97 11.23 220.24  24.41  1.22 14.42 230.54   9.64
20090711 120000  6.6 163.7  2.28 14.29 224.02  21.48  1  2.28 14.29 224.02  21.48
20090711 150000  6.2 172.7  2.20 14.16 225.79  20.04  1  2.20 14.16 225.79  20.04
20090711 180000  6.7 192.3  2.13 13.67 226.81  19.09  1  2.13 13.67 226.81  19.09
20090711 210000  8.8 191.9  2.14 13.47 226.45  19.57  1  2.14 13.47 226.45  19.57
20090712 000000  9.3 175.8  2.20 13.38 224.87  22.47  1  2.20 13.38 224.87  22.47
20090712 030000  9.0 178.7  2.22 13.28 224.18  23.90  1  2.22 13.28 224.18  23.90
20090712 060000  8.3 172.8  2.23 12.98 224.39  24.06  1  2.23 12.98 224.39  24.06
20090712 090000 10.2 185.0  2.29 12.71 223.85  24.33  3  1.52  6.86 208.53  29.03  1.48 12.71 234.36  11.16  0.87 16.35 234.64  11.60
20090712 120000  9.9 180.2  2.44 12.66 223.08  24.89  3  1.67  6.67 208.31  29.18  1.43 12.66 235.21  11.16  1.06 16.14 233.21  10.90
20090712 150000  9.6 194.4  2.49 15.76 224.66  23.52  3  1.59  6.62 209.46  29.08  1.38 15.76 232.72  11.27  1.33 12.48 235.07  11.66
20090712 180000 11.5 198.6  2.67 15.39 223.99  22.92  2  1.75  6.34 210.06  27.44  2.02 15.39 233.38  11.88
20090712 210000 13.4 197.4  3.06 15.02 221.40  24.20  2  2.35  6.79 212.94  27.18  1.96 15.02 232.45  12.52
20090713 000000  9.4 192.5  3.17 14.54 222.24  24.35  2  2.47  7.41 215.72  27.67  1.97 14.54 231.56  13.38
20090713 030000  8.7 184.6  3.09 14.22 224.36  23.34  2  2.28  7.90 218.27  27.73  2.08 14.22 231.06  13.85
20090713 060000  8.1 174.8  3.12 13.84 225.60  22.47  2  2.20  8.58 219.76  27.54  2.21 13.84 230.87  14.04
20090713 090000  8.5 161.5  3.15 13.54 226.64  22.30  1  3.15 13.54 226.64  22.30
20090713 120000  9.7 159.6  3.13 13.31 226.57  23.37  1  3.13 13.31 226.57  23.37
20090713 150000  8.7 162.1  3.10 13.23 225.46  24.62  1  3.10 13.23 225.46  24.62
20090713 180000  9.0 188.4  3.04 13.21 226.21  22.58  1  3.04 13.21 226.21  22.58
20090713 210000  8.6 184.8  2.99 13.13 226.27  21.74  2  2.92 13.13 226.82  22.07  0.64 16.61 215.47   7.23
20090714 000000  8.1 183.6  2.94 12.89 226.50  21.04  2  2.79 12.89 227.72  21.71  0.93 16.27 216.16   8.18
20090714 030000  5.2 160.1  2.91 12.74 226.64  20.22  2  2.73 12.74 228.24  21.00  1.03 15.82 215.91   7.16
20090714 060000  1.4 104.8  2.88 15.26 226.93  19.02  2  2.44 12.35 228.67  20.47  1.53 15.61 222.65  13.83
20090714 090000  3.3  97.8  2.83 14.95 227.11  18.15  3  2.37 12.38 229.28  19.46  1.46 15.19 218.91   9.72  0.51 16.96 249.83   7.41
20090714 120000  0.9 187.4  2.79 14.56 227.25  17.49  3  2.59 14.59 223.57  15.82  0.74 16.66 250.31   7.95  0.72 13.04 250.39   6.20
20090714 150000  1.0 175.6  2.74 14.27 227.42  17.10  3  2.56 14.29 224.18  15.64  0.75 16.46 248.06   8.36  0.62 12.77 252.47   6.55
20090714 180000  3.0 251.0  2.65 13.88 227.64  16.98  3  2.42 14.04 223.05  14.66  0.78 12.90 250.65   6.32  0.76 15.94 250.12   6.96
20090714 210000  7.2 330.1  2.53 13.49 228.97  19.79  2  2.41 13.37 226.93  19.69  0.79 16.17 247.34   7.71
20090715 000000  7.0 325.7  2.40 13.30 230.43  22.54  2  2.23 13.21 227.82  22.96  0.87 15.55 246.73   8.97
20090715 030000  5.3 315.3  2.27 13.12 231.08  22.35  2  2.09 13.05 228.46  22.93  0.88 15.40 245.16  11.02
20090715 060000  4.1 294.0  2.18 12.73 231.56  21.91  2  1.98 12.54 228.97  22.75  0.91 15.33 243.06  11.52
20090715 090000  2.6 300.5  2.11 12.44 231.55  21.05  2  1.87 12.30 228.35  21.91  0.98 15.02 242.55  12.59
20090715 120000  1.3  59.2  2.05 12.19 231.25  20.41  2  1.73 11.44 226.74  21.15  1.10 14.85 241.92  13.56
20090715 150000  3.0 188.5  2.01 14.59 230.85  19.92  2  1.60 10.79 225.55  21.23  1.21 14.71 239.66  13.52
20090715 180000  5.5 218.6  2.00 14.60 230.23  19.40  1  2.00 14.60 230.23  19.40
20090715 210000  5.1 206.6  2.04 14.52 230.23  18.48  1  2.04 14.52 230.23  18.48
20090716 000000  5.2 180.4  2.11 14.50 230.48  17.50  1  2.11 14.50 230.48  17.50
20090716 030000  5.5 168.8  2.19 14.70 231.11  17.22  1  2.19 14.70 231.11  17.22
20090716 060000  6.0 172.4  2.22 14.80 232.25  17.08  1  2.22 14.80 232.25  17.08
20090716 090000  4.5 161.1  2.19 14.40 233.80  16.75  1  2.19 14.40 233.80  16.75
20090716 120000  2.0 183.2  2.12 14.04 235.58  15.98  1  2.12 14.04 235.58  15.98
20090716 150000  0.8 181.4  2.05 13.72 237.19  14.94  1  2.05 13.72 237.19  14.94
20090716 180000  2.9 241.7  2.00 13.51 238.50  13.75  2  1.99 13.51 238.58  13.76  0.18 23.00 227.48   6.88
20090716 210000  5.5 221.7  1.99 13.30 239.01  13.63  2  1.95 13.30 239.49  13.61  0.39 21.80 227.43   7.57
20090717 000000  3.1 306.4  2.05 13.04 238.54  13.53  2  1.90 13.04 240.18  13.58  0.76 20.56 228.53   7.72
20090717 030000  3.9 339.0  2.24 19.54 237.20  13.20  2  1.85 12.91 240.30  13.96  1.26 19.54 230.62   8.19
20090717 060000  6.2 356.6  2.52 18.70 236.40  15.18  2  1.90 18.70 231.78   9.50  1.65 12.87 242.81  18.71
20090717 090000  5.8 349.8  2.77 17.73 236.74  17.76  2  2.45 17.73 233.46   9.76  1.29 12.32 250.34  30.14
20090717 120000  6.8  26.1  2.94 17.22 237.35  19.43  1  2.94 17.22 237.35  19.43
20090717 150000  4.4   8.2  3.00 16.56 238.10  19.72  1  3.00 16.56 238.10  19.72
20090717 180000  5.0 329.1  3.00 16.31 239.08  19.19  1  3.00 16.31 239.08  19.19
20090717 210000  4.8 342.0  2.97 15.96 240.46  19.95  2  0.71  5.28 314.65  26.29  2.88 15.96 237.39  10.46
20090718 000000  6.8  19.7  2.99 15.69 242.67  22.51  1  2.99 15.69 242.67  22.51
20090718 030000  7.3   8.6  3.04 15.57 245.85  26.55  1  3.04 15.57 245.85  26.55
20090718 060000  9.8   7.8  3.12 15.45 252.08  34.47  1  3.12 15.45 252.08  34.47
20090718 090000 11.8   3.1  3.30 15.35 263.55  42.89  2  1.89  7.13 328.90  31.11  2.70 15.35 240.59  12.55
20090718 120000  8.6   0.0  3.39 15.15 268.19  43.54  2  2.14  7.63 323.88  30.82  2.63 15.15 239.82  11.48
20090718 150000  6.1   8.9  3.25 14.75 264.58  40.93  2  2.58 14.75 239.83  11.54  1.97  7.75 319.37  30.24
20090718 180000  2.3   1.1  3.06 14.57 260.47  37.94  2  2.50 14.57 239.90  11.88  1.76  7.76 314.31  30.34
20090718 210000  1.1 289.9  2.92 14.43 256.90  34.85  3  2.45 14.43 239.79  12.13  1.18  8.41 287.75  16.03  1.07  7.34 335.28  23.53
20090719 000000  2.7 260.2  2.86 14.35 253.37  31.60  1  2.86 14.35 253.37  31.60
20090719 030000  3.1 264.1  2.87 14.25 250.11  28.57  1  2.87 14.25 250.11  28.57
20090719 060000  0.6  98.8  2.85 14.04 247.95  26.46  1  2.85 14.04 247.95  26.46
20090719 090000  1.8 122.5  2.75 13.62 246.78  25.23  2  2.56 13.62 240.15  14.55  1.00  7.77 301.03  26.04
20090719 120000  1.7  90.4  2.60 13.38 246.15  24.56  1  2.60 13.38 246.15  24.56
20090719 150000  1.7 240.7  2.48 13.19 245.85  23.82  2  2.48 13.19 245.85  23.83  0.07 23.42 245.53   7.97
20090719 180000  1.5 252.9  2.42 12.90 246.10  22.66  2  2.41 12.90 246.22  22.69  0.22 19.17 231.57  11.95
20090719 210000  2.1 216.9  2.39 12.62 246.74  21.35  2  2.37 12.62 246.95  21.36  0.27 19.19 231.06  12.86
20090720 000000  4.0 217.5  2.33 12.40 247.25  20.31  3  2.31 12.40 247.58  20.32  0.29 18.92 226.78  10.42  0.19 21.99 245.78   8.06
20090720 030000  6.5 198.7  2.30 12.25 246.57  20.60  3  2.25 12.25 247.14  20.66  0.39 18.11 228.01  10.80  0.23 21.89 246.72   8.02
20090720 060000  6.9 192.9  2.28 11.96 245.30  21.46  3  2.21 11.96 246.02  21.69  0.44 17.77 227.27  10.30  0.34 21.29 245.53   8.40
20090720 090000  5.2 206.0  2.26 11.65 244.71  20.79  3  2.16 11.65 245.63  21.14  0.50 17.52 227.62  10.78  0.43 20.58 245.19   9.29
20090720 120000  3.3 205.6  2.21 11.24 244.37  19.97  3  2.08 11.24 245.45  20.45  0.59 20.29 242.68  11.09  0.45 16.34 225.26   8.65
20090720 150000  1.7 207.2  2.13 10.77 244.18  19.34  3  1.96 10.77 245.34  20.14  0.64 19.93 244.95   9.73  0.54 16.34 228.52   9.99
20090720 180000  3.6 233.6  2.05 19.15 243.99  19.01  3  1.82 10.41 245.27  20.27  0.82 19.15 243.65  10.15  0.48 15.57 227.22  10.41
20090720 210000  5.6 214.8  1.98 18.96 243.79  18.98  2  1.68  9.91 245.15  21.03  1.06 18.96 240.57  11.86
20090721 000000  3.9 194.3  1.92 18.60 243.77  18.91  2  1.56  9.64 244.93  21.74  1.13 18.60 241.68  11.46
20090721 030000  1.4 197.5  1.88 17.88 244.11  18.06  2  1.42  9.25 245.62  21.90  1.24 17.88 242.22  10.85
20090721 060000  3.0 179.1  1.88 17.68 244.16  17.05  2  1.34 17.68 242.10  10.74  1.32  9.04 246.40  21.50
20090721 090000  1.5 148.8  1.90 17.39 244.04  16.03  3  1.42 17.39 242.28  10.60  1.23  8.93 247.00  21.05  0.26 20.46 233.84   3.68
20090721 120000  3.0 351.8  1.94 16.74 243.67  15.19  2  1.53 16.74 241.57  10.46  1.20  8.76 247.22  20.20
20090721 150000  3.7 313.0  2.01 16.54 243.77  16.68  4  1.47 16.48 243.52  10.18  1.06  8.82 250.96  25.18  0.64 18.93 231.58   6.41  0.60 11.03 238.68  12.39
20090721 180000  6.0 342.4  2.07 16.43 243.90  18.25  2  1.81 16.43 241.01  11.00  1.00  8.80 254.81  30.08
20090721 210000  6.7 304.9  2.12 16.00 245.88  22.28  3  0.57  3.43 312.30  32.44  2.04 16.00 242.27  13.32  0.07 25.11 254.53   7.51
20090722 000000  8.8 195.6  2.06 15.68 242.25  20.85  4  1.59 15.68 241.30  11.05  1.24  9.04 245.02  31.51  0.43 17.75 235.00   0.00  0.13 24.47 249.12  10.72
20090722 030000  8.4 173.3  2.22 15.74 232.71  25.48  3  1.55  8.51 223.38  32.94  1.59 15.74 240.04  10.73  0.15 23.72 254.06   8.24
20090722 060000  5.9 179.2  2.30 16.10 232.47  23.34  3  1.69  8.06 225.48  28.62  1.55 16.10 239.47  10.85  0.22 22.98 254.54   8.29
20090722 090000  4.0 191.7  2.30 15.74 233.99  21.04  3  1.73  8.55 228.72  25.16  1.48 15.74 239.52  10.79  0.34 22.07 254.52   8.42
20090722 120000  3.9 172.3  2.26 15.42 234.29  19.62  3  1.73  8.85 229.46  22.66  1.40 15.42 239.20  10.93  0.43 21.45 255.78   8.10
20090722 150000  4.6 169.3  2.29 15.32 232.25  19.48  3  1.76  9.48 226.55  21.32  1.36 15.32 237.75  11.87  0.54 20.64 255.19   8.34
20090722 180000  3.8 177.0  2.39 15.08 228.78  19.91  3  1.96 10.89 222.43  19.79  1.21 15.12 237.80  11.44  0.63 20.09 255.39   8.26
20090722 210000  8.5 205.0  2.51 14.30 225.63  20.59  3  2.16 11.66 219.36  19.29  1.04 14.70 237.21  10.43  0.74 19.40 254.97   8.40
20090723 000000 10.9 178.8  2.63 14.20 221.54  23.67  4  1.05  4.57 198.42  30.09  2.06 11.96 218.23  17.25  0.96 14.35 238.52  10.24  0.79 18.91 254.74   8.88
20090723 030000  9.0 165.6  2.58 14.13 219.57  26.13  3  2.30 12.12 211.83  23.79  0.86 18.46 254.54   8.48  0.81 14.43 240.97  10.51
20090723 060000  9.0 151.0  2.43 12.41 219.26  28.11  4  0.72  3.90 155.71  26.69  2.04 12.07 216.14  17.25  0.86 17.83 254.33   8.43  0.68 14.68 246.96  10.08
20090723 090000  7.2 157.0  2.26 13.30 220.63  28.01  2  2.07 13.30 213.84  25.85  0.91 17.36 254.51   8.52
20090723 120000  8.2 166.5  2.17 16.35 221.10  28.17  2  1.87 11.95 209.35  23.69  1.10 16.61 253.79   8.38
20090723 150000  8.6 171.8  2.16 15.84 220.39  28.50  2  1.83 11.95 207.47  23.28  1.13 16.20 253.25   9.03
20090723 180000  7.4 185.0  2.12 15.19 221.78  27.52  2  1.79 12.08 208.71  21.91  1.13 15.55 253.57   9.03
20090723 210000  9.1 189.4  2.10 14.82 222.04  27.01  3  1.77 12.30 209.01  21.03  1.13 15.18 253.85   8.92  0.08 21.62 221.79   7.20
20090724 000000  9.2 174.9  2.08 14.32 221.21  27.96  4  1.20  5.53 206.24  30.63  1.31 12.35 210.43  12.13  1.08 14.95 254.36   8.42  0.12 20.56 223.39   8.16
20090724 030000  6.6 164.1  1.98 14.12 222.06  27.91  3  1.68 12.32 209.21  22.99  1.05 14.37 253.77   8.86  0.16 20.20 225.53   9.39
20090724 060000  6.6 161.8  1.89 14.06 222.62  27.29  3  1.60 12.19 210.36  22.74  0.99 14.21 253.57   8.97  0.19 19.46 223.69   8.10
20090724 090000  6.3 160.3  1.82 13.51 222.52  26.87  3  1.55 12.01 210.93  22.63  0.94 14.09 253.17   9.32  0.22 19.09 222.49   7.78
20090724 120000  7.2 162.8  1.78 13.21 221.60  26.93  4  1.15  8.14 211.03  28.32  0.99 11.85 210.30  12.85  0.88 13.72 252.94   9.75  0.27 18.74 224.01   8.24
20090724 150000  6.7 173.1  1.77 13.13 220.70  26.18  3  1.53 11.73 211.15  22.59  0.82 13.43 252.71   9.93  0.30 17.97 223.86   8.13
20090724 180000  9.2 197.2  1.82 12.87 219.84  24.64  3  1.62  9.19 212.09  21.32  0.77 13.31 252.93   9.41  0.35 17.74 224.48   8.46
20090724 210000  9.6 196.0  1.97 12.43 218.80  24.29  4  1.66  8.87 213.82  23.17  0.74 13.26 252.03   9.90  0.67 11.50 206.08   8.86  0.39 17.44 224.79   8.07
20090725 000000 10.0 186.1  2.04 12.22 217.60  25.39  4  1.77  8.31 213.09  24.82  0.69 13.19 251.99  10.17  0.62 11.22 206.92  10.15  0.42 16.86 226.09   8.97
20090725 030000  7.5 167.5  2.05  8.09 218.05  25.72  4  1.83  8.09 213.58  25.24  0.67 13.08 251.11  10.44  0.46 16.63 225.74   8.44  0.45 11.32 207.45   9.79
20090725 060000  7.1 169.8  2.04  8.73 219.73  24.77  3  1.88  8.73 216.13  24.51  0.58 12.81 250.13   9.68  0.51 16.47 226.74   8.80
20090725 090000  6.9 160.2  2.03  8.96 220.20  24.40  3  1.88  8.96 216.88  24.36  0.56 16.35 227.14   8.75  0.54 12.56 250.67   8.81
20090725 120000  7.8 175.8  2.01  8.99 219.79  24.46  3  1.85  8.99 216.42  24.55  0.62 16.00 228.14   8.78  0.49 12.54 252.47   9.69
20090725 150000  7.0 170.0  1.98  8.86 219.11  24.65  3  1.78  8.86 214.89  24.89  0.68 15.62 228.81   8.94  0.51 12.44 250.27   9.47
20090725 180000  7.7 188.8  1.93 15.52 219.61  23.69  4  1.70  8.55 214.65  24.00  0.73 15.52 228.89   8.59  0.53 12.29 248.51   9.46  0.12 21.98 248.73   5.10
20090725 210000  9.5 192.5  1.96 15.45 219.08  23.61  3  1.72  8.20 214.19  24.10  0.83 15.45 230.28   9.30  0.43 11.91 252.49   7.99
20090726 000000  9.8 187.5  2.07 15.22 217.30  24.99  5  1.83  7.61 211.99  25.62  0.79 15.22 229.90   8.86  0.40 11.74 251.52   8.67  0.35 18.81 228.14   6.90  0.24 20.56 248.76   5.19
20090726 030000  7.9 167.7  2.10 14.72 217.91  25.86  5  1.82  7.33 212.04  26.89  0.74 14.71 229.71   9.21  0.59 17.70 232.01   9.68  0.38 11.71 252.18   6.61  0.23 20.60 247.30   4.70
20090726 060000  8.1 196.1  2.00 14.62 220.73  25.02  6  1.65  7.31 213.62  26.57  0.71 14.49 229.31   9.11  0.60 16.91 229.06   7.92  0.48 19.23 244.38   7.97  0.39 11.63 252.62   7.39  0.06 15.52 300.99  11.36
20090726 090000  6.5 151.9  1.92 18.73 221.75  25.55  6  1.52  7.20 212.93  27.87  0.71 14.37 230.06   9.59  0.66 16.72 228.18   6.89  0.53 19.03 245.95   7.12  0.38 11.46 251.64   7.81  0.07 15.51 301.14  11.03
20090726 120000  5.0 155.1  1.86 17.70 224.77  23.52  5  1.40  7.17 216.02  26.51  0.96 17.70 234.98  11.49  0.66 13.87 231.17  10.28  0.35 11.04 250.85   8.79  0.07 15.51 300.69  11.92
20090726 150000  4.9 174.7  1.86 17.64 226.28  21.61  4  1.38  7.65 217.96  24.38  1.21 17.64 234.31  11.47  0.33 10.83 251.35   8.41  0.06 15.51 302.81  11.28
20090726 180000  8.4 200.8  1.92 17.35 225.51  21.01  4  1.43  7.99 216.62  22.74  1.00 17.35 237.49  12.09  0.73 13.88 230.24   9.21  0.32 10.81 251.72   7.95
20090726 210000  9.7 196.3  2.07 16.58 222.89  22.48  4  1.62  8.05 213.70  23.34  1.07 16.58 237.24  11.76  0.65 13.48 230.43   9.87  0.32 10.74 251.77   7.81
20090727 000000  7.3 188.0  2.07 16.44 222.49  23.67  2  1.63  7.64 213.19  24.84  1.28 16.44 236.64  12.07
20090727 030000  5.9 174.0  1.95 15.97 224.12  23.60  3  1.49  7.20 214.05  25.26  1.26 15.98 237.02  11.94  0.06 14.52 303.10   9.55
20090727 060000  5.8 192.4  1.84 15.53 226.00  22.59  3  1.36  7.19 215.74  24.43  1.24 15.53 237.25  12.25  0.08 14.50 302.81   9.67
20090727 090000  6.2 193.2  1.76 15.36 226.81  21.98  3  1.29  7.25 217.19  24.09  1.19 15.37 236.99  12.12  0.09 14.49 302.73  10.08
20090727 120000  6.7 193.9  1.71 14.98 226.80  22.15  3  1.25  7.27 216.42  23.83  1.17 15.00 237.63  12.32  0.09 14.49 301.70  12.24
20090727 150000  6.3 202.5  1.67 14.64 226.95  22.04  3  1.24  7.24 217.96  23.96  1.11 14.65 237.23  12.70  0.07 14.49 304.20  11.36
20090727 180000  8.0 216.6  1.68 14.50 226.80  21.80  3  1.29  7.21 218.99  23.37  1.07 14.50 237.45  12.85  0.05 14.48 308.16   9.94
20090727 210000  9.0 204.4  1.73 14.35 225.32  22.81  2  1.40  7.14 218.45  24.06  1.02 14.35 237.48  13.64
20090728 000000  8.9 197.8  1.75 14.08 223.68  24.23  3  1.45  6.87 216.98  25.36  0.98 14.08 237.58  13.74  0.10 16.95 196.19   5.33
20090728 030000  5.2 183.0  1.67 13.79 223.81  24.78  4  1.37  6.74 217.25  25.99  0.94 13.79 237.66  13.62  0.19 16.49 196.02   4.73  0.07 13.56 305.19   8.50
20090728 060000  5.6 193.5  1.59 13.65 224.11  24.35  4  1.27  6.74 218.05  25.26  0.90 13.63 238.21  13.47  0.32 16.05 196.72   5.41  0.09 13.54 303.54   9.56
20090728 090000  6.4 164.9  1.56 13.54 221.66  25.74  5  1.22  6.76 215.55  26.44  0.86 13.47 238.71  13.93  0.44 15.62 196.41   4.86  0.12 19.29 236.35  11.10  0.09 13.54 305.68   8.16
20090728 120000  7.0 165.2  1.55 13.46 219.09  26.93  6  1.17  6.79 213.15  27.91  0.83 13.33 238.58  14.08  0.55 15.23 196.29   4.50  0.16 19.01 236.95  12.21  0.09 13.54 306.05   8.76  0.08 14.85 270.45   7.76
20090728 150000  6.7 152.2  1.56 13.42 216.08  28.27  5  1.15  6.81 209.68  30.12  0.80 13.24 239.11  14.57  0.65 14.80 197.14   5.41  0.20 18.20 236.81  11.03  0.09 13.54 304.83  10.79
20090728 180000  8.0 184.2  1.59 13.42 214.69  26.80  5  1.17  6.82 208.79  27.87  0.75 14.68 199.89   8.42  0.73 13.24 242.08  13.43  0.23 17.95 237.54  11.36  0.07 13.53 308.38   9.28
20090728 210000 10.4 190.1  1.74 13.39 212.40  25.87  5  1.36  6.60 207.36  26.17  0.83 14.32 202.26  10.10  0.65 12.94 246.16  11.15  0.27 17.70 235.89  10.87  0.06 13.51 309.18   9.52
20090729 000000 10.3 182.9  1.89 13.26 210.97  26.64  4  1.54  5.72 206.54  27.17  0.82 14.08 201.04   8.45  0.64 12.60 245.80  12.21  0.34 16.90 234.97  10.69
20090729 030000  9.0 171.3  1.86 13.04 211.33  27.87  5  1.51  6.14 207.02  29.13  0.83 14.05 201.76   8.86  0.62 12.50 246.01  12.37  0.33 16.74 237.27  10.51  0.06 12.74 306.32   9.79
20090729 060000  7.4 171.8  1.75 12.97 213.04  28.02  6  1.39  6.35 209.14  29.80  0.82 13.66 202.07   9.03  0.51 11.30 252.12   9.43  0.36 16.59 235.96  11.03  0.28 12.65 231.87   4.63  0.07 12.69 301.92  12.40
20090729 090000  6.4 169.0  1.65 12.95 215.01  27.39  6  1.26  6.44 211.00  29.16  0.79 13.46 201.41   7.99  0.50 11.17 252.63   9.76  0.42 15.82 235.60  10.67  0.29 12.64 234.09   6.56  0.07 12.65 303.69  10.22
20090729 120000  5.2 178.3  1.54 12.89 216.82  26.55  6  1.13  6.53 212.91  28.08  0.76 13.35 201.38   7.93  0.49 11.03 252.38  10.24  0.44 15.60 235.63  10.60  0.27 12.64 234.42   7.30  0.08 12.65 301.97  12.60
20090729 150000  5.5 190.8  1.45 12.79 218.04  25.56  6  1.02  6.59 214.78  26.80  0.74 12.95 201.40   8.17  0.47 10.91 253.24  10.34  0.46 15.50 233.74  11.93  0.27 12.51 235.50   7.06  0.08 12.65 304.23  10.55
20090729 180000  7.5 217.5  1.42 12.67 219.37  24.68  7  1.01  6.53 216.57  25.02  0.72 13.04 202.44   9.23  0.46 10.84 253.66   9.69  0.43 15.26 235.01  11.45  0.26 12.50 235.00   6.91  0.08 19.33 255.65   5.70  0.08 12.65 304.70  10.76
20090729 210000  7.7 211.5  1.46 14.43 220.71  24.78  7  1.08  6.35 218.44  25.23  0.70 12.51 203.97  11.47  0.45 14.65 236.17  10.63  0.42 10.15 255.57   8.90  0.23 12.54 234.75   7.24  0.15 18.75 252.29   6.57  0.07 12.64 305.33  10.96
20090730 000000  5.8 196.3  1.42 14.41 221.49  25.74  7  1.05  5.60 218.52  26.83  0.63 12.25 202.19   9.44  0.53 14.52 234.02  11.41  0.42 10.30 254.93   9.05  0.21 17.96 252.34   6.80  0.07 12.62 303.51  13.61  0.06 23.37 228.47   8.08
20090730 030000  7.1 195.1  1.36 14.35 221.88  26.38  7  0.98  5.69 216.70  27.60  0.63 12.01 204.60  11.90  0.46 14.48 235.58  10.76  0.41 10.15 255.05   9.00  0.31 17.46 250.06   8.25  0.09 23.09 230.08   8.47  0.06 12.56 306.99  10.55
20090730 060000  6.8 194.8  1.34 16.67 222.39  26.96  7  0.95  5.50 214.06  27.96  0.55 11.89 201.25   7.88  0.51 14.28 235.33  11.82  0.42 10.15 253.09  11.32  0.40 16.79 249.78   7.89  0.11 22.29 229.47   8.15  0.05 12.22 307.53   9.74
20090730 090000  4.5 183.8  1.30 16.23 225.78  26.86  7  0.84  5.34 215.09  28.82  0.55 16.24 247.55   9.18  0.55 11.84 203.43   9.75  0.44 10.24 251.97  10.61  0.38 13.59 236.56  12.76  0.15 21.90 230.17   8.32  0.06 11.89 306.39  10.35
20090730 120000  6.3 199.1  1.28 15.56 229.31  25.79  6  0.76  5.35 215.44  28.05  0.78 15.57 244.52  11.28  0.49 11.70 201.65   8.17  0.43 10.13 252.01  11.24  0.19 21.66 230.57   8.41  0.06 11.83 305.67  10.37
20090730 150000  7.2 198.5  1.36 15.05 229.49  26.20  6  0.82  4.59 212.05  27.90  0.85 15.05 245.65  10.46  0.45 11.52 201.90   8.55  0.43 10.13 251.55  11.41  0.24 20.88 231.02   8.38  0.06 11.82 305.16  10.57
20090730 180000  7.0 219.1  1.40 14.46 232.08  25.05  6  0.82  4.25 215.61  28.23  0.91 14.46 246.12  10.17  0.43 11.08 202.12   8.51  0.42  9.86 251.28  11.24  0.29 20.50 231.51   8.50  0.06 11.82 305.19  10.45
20090730 210000  6.8 211.9  1.42 14.16 234.20  24.11  6  0.79  4.27 218.66  29.26  0.96 14.16 246.62   9.67  0.43 10.99 202.93   9.01  0.40  9.64 251.55  10.06  0.35 20.31 231.89   8.45  0.07 11.82 305.81  10.46
20090731 000000  2.8 238.8  1.39 13.74 236.90  22.79  6  0.99 13.75 247.27   9.10  0.61  4.30 221.52  33.01  0.49 10.90 205.26  10.70  0.42 19.59 232.16   8.36  0.39  9.51 251.71  10.67  0.07 11.81 305.73  11.01
20090731 030000  1.5 331.2  1.36 13.49 239.21  20.75  5  1.02 13.49 247.72   9.55  0.55  4.25 219.38  30.85  0.49 19.18 232.40   8.46  0.37  9.36 253.06  11.65  0.33 10.64 202.11   8.61
20090731 060000  1.7 284.8  1.34 13.31 240.80  18.84  4  1.03 13.31 247.89   9.50  0.55 19.02 232.66   8.40  0.54 10.39 214.56  28.25  0.36  9.08 253.04  11.24
20090731 090000  1.1 139.1  1.34 13.05 241.70  17.27  3  1.10 13.05 248.47   9.65  0.62 18.29 232.69   8.39  0.46 10.33 215.77  29.70
20090731 120000  2.4 303.2  1.35 17.90 242.11  16.09  3  1.09 12.74 248.50   9.73  0.69 17.90 232.85   8.60  0.40 10.27 218.21  31.76
20090731 150000  0.9 258.1  1.35 17.77 242.50  15.35  3  1.11 12.58 248.28  13.23  0.73 17.77 233.13   8.52  0.23 10.19 200.57   7.44
20090731 180000  3.3 218.0  1.38 17.12 242.52  14.71  3  1.12 12.45 248.40  12.85  0.79 17.13 233.21   8.47  0.19  9.96 199.64   6.81
20090731 210000  5.1 197.5  1.48 16.72 241.67  15.47  3  1.19 12.23 246.91  15.36  0.86 16.72 233.28   8.62  0.16  9.82 198.53   6.33
20090801 000000  6.6 193.7  1.60 16.60 240.72  17.06  3  1.30 11.89 244.92  18.49  0.92 16.60 233.47   8.60  0.13  9.74 197.27   5.28
