Date     Time   Uabs UDir  hs    tp    th     sp     np hs(i) tp(i) th(i)  sp(i)
20010901 000000 12.0 191.8  3.27  8.19 211.95  25.71  3  3.26  8.19 211.83  25.48  0.14 16.70 306.91  16.18  0.06 24.43 215.96   7.39
20010901 030000 13.6 185.6  3.31  8.64 210.93  26.41  3  3.30  8.64 210.80  26.18  0.15 16.65 307.80  15.66  0.14 23.23 215.81   7.81
20010901 060000 11.2 186.5  3.18  8.85 211.04  26.29  4  3.08  8.85 211.10  26.68  0.68 12.81 206.70   6.93  0.28 22.09 215.59   8.01  0.15 16.63 308.85  14.72
20010901 090000 10.5 188.2  2.95  8.84 212.57  25.70  4  2.80  8.84 212.69  26.49  0.73 12.50 207.30   7.53  0.52 21.24 215.49   8.11  0.15 16.56 309.20  14.33
20010901 120000  8.6 188.1  2.78  8.70 214.41  24.41  4  2.55  8.70 214.51  25.80  0.89 20.16 215.19   8.10  0.64 12.40 208.24   8.84  0.16 16.25 309.68  13.84
20010901 150000 10.5 197.3  2.83 19.20 215.02  22.29  4  2.41  8.63 215.11  24.94  1.35 19.20 215.12   8.26  0.59 12.26 208.69   8.17  0.17 15.69 310.68  12.76
20010901 180000 10.2 201.5  3.09 18.40 214.90  20.58  4  2.41  8.49 214.72  24.66  1.82 18.41 215.14   8.32  0.60 12.32 210.40   8.81  0.18 15.59 310.51  12.96
20010901 210000 12.4 194.7  3.42 17.68 214.63  19.66  4  2.44  8.23 213.21  24.76  2.38 17.69 214.97   8.53  0.30 10.96 266.55   7.69  0.18 15.56 310.58  12.93
20010902 000000 10.8 193.4  3.63 17.18 214.76  19.08  3  2.39  7.88 213.38  26.50  2.73 17.20 215.47   8.44  0.18 15.53 310.28  13.16
20010902 030000 11.2 192.6  3.75 16.83 215.24  18.36  3  2.26  7.73 213.39  27.46  2.99 16.85 215.97   8.53  0.18 15.46 310.61  12.55
20010902 060000  9.5 183.6  3.71 16.61 215.87  17.81  3  2.08  7.74 214.55  28.16  3.06 16.62 216.22   8.64  0.18 15.21 311.78  10.96
20010902 090000  8.5 183.0  3.58 16.49 216.44  16.98  2  3.57 16.49 216.29  16.43  0.18 14.68 312.05  10.71
20010902 120000  7.7 183.0  3.46 16.39 216.94  16.32  2  3.45 16.39 216.76  15.67  0.19 14.58 311.29  11.91
20010902 150000  8.1 196.4  3.36 16.27 217.19  16.05  2  3.35 16.27 217.00  15.34  0.19 14.54 312.29  10.55
20010902 180000  8.4 209.3  3.28 16.08 217.39  16.11  2  3.28 16.09 217.19  15.37  0.19 14.52 312.29  10.50
20010902 210000  9.2 205.5  3.19 15.68 217.42  16.54  2  3.18 15.69 217.22  15.79  0.19 14.48 312.17  10.48
20010903 000000  8.2 204.8  3.08 15.48 217.34  16.93  2  3.08 15.49 217.12  16.18  0.19 14.39 311.60  11.07
20010903 030000  7.4 196.4  3.00 15.36 217.03  17.29  2  2.99 15.37 216.82  16.55  0.18 13.99 311.98  10.44
20010903 060000  4.9 191.3  2.89 15.23 217.24  17.03  2  2.88 15.24 217.02  16.26  0.18 13.69 312.10  10.38
20010903 090000  3.2 171.9  2.79 14.89 217.50  16.57  2  2.79 14.90 217.27  15.74  0.17 13.61 312.27  10.33
20010903 120000  4.4 177.0  2.72 14.56 217.58  16.19  2  2.72 14.58 217.34  15.28  0.18 13.58 312.45  10.26
20010903 150000  6.0 183.9  2.65 14.45 217.10  16.14  2  2.65 14.46 216.85  15.18  0.17 13.56 312.32  10.55
20010903 180000  8.3 198.1  2.60 14.37 216.23  16.36  2  2.59 14.38 215.98  15.42  0.17 13.53 312.38  10.23
20010903 210000 10.0 210.3  2.57 14.26 215.97  16.79  2  2.57 14.27 215.74  15.96  0.16 13.48 311.73  10.87
20010904 000000 10.5 193.0  2.58 14.05 214.98  18.45  2  2.57 14.07 214.78  17.81  0.15 13.34 311.37  11.01
20010904 030000  9.2 192.9  2.52 13.86 214.51  19.13  2  2.52 13.87 214.33  18.58  0.14 12.97 310.31  12.12
20010904 060000  7.3 181.7  2.39 13.79 214.99  18.87  2  2.39 13.80 214.83  18.34  0.13 12.80 310.38  11.99
20010904 090000  5.6 184.0  2.26 13.77 215.83  17.90  2  2.25 13.78 215.66  17.32  0.12 12.74 310.23  12.07
20010904 120000  6.5 169.4  2.16 13.75 216.11  17.56  2  2.15 13.76 215.92  16.94  0.12 12.71 310.51  11.61
20010904 150000  5.6 193.6  2.08 13.69 216.28  17.12  2  2.07 13.70 216.09  16.44  0.12 12.69 310.45  11.60
20010904 180000  8.1 215.5  2.04 13.58 216.75  16.59  2  2.04 13.59 216.56  15.90  0.12 12.67 310.50  11.44
20010904 210000  9.0 218.7  2.10 13.47 217.39  17.75  2  2.10 13.48 217.23  17.21  0.11 12.64 310.94  10.68
20010905 000000  6.5 194.5  2.06 13.38 216.96  18.26  2  2.06 13.39 216.80  17.77  0.11 12.58 310.75  10.73
20010905 030000  5.9 193.6  1.97 13.30 216.36  17.58  2  1.97 13.30 216.21  17.08  0.10 12.46 310.43  10.82
20010905 060000  6.3 187.7  1.90 13.19 215.67  16.91  2  1.90 13.19 215.53  16.42  0.09 12.16 310.80  10.57
20010905 090000  5.6 204.7  1.85 12.91 215.34  16.37  2  1.84 12.92 215.20  15.86  0.09 12.01 310.62  10.58
20010905 120000  6.5 189.2  1.81 12.74 214.93  16.19  2  1.80 12.74 214.79  15.65  0.09 11.95 310.57  10.51
20010905 150000  6.3 193.7  1.78 12.65 214.31  16.45  2  1.78 12.65 214.16  15.90  0.09 11.93 310.59  10.41
20010905 180000  6.5 211.0  1.74 12.58 214.62  16.04  2  1.74 12.59 214.46  15.45  0.09 11.91 310.66  10.31
20010905 210000  8.2 212.6  1.76 12.52 215.32  17.06  3  0.72  3.71 221.50  30.99  1.60 12.52 214.06  11.28  0.09 11.89 310.73  10.26
20010906 000000  7.8 196.3  1.72 12.43 215.12  18.19  3  0.78  4.03 220.52  31.89  1.53 12.44 213.74  11.10  0.09 11.86 310.76  10.27
20010906 030000  8.7 196.1  1.71 12.33 213.61  19.89  3  0.91  4.24 213.00  32.28  1.45 12.33 213.63  10.81  0.08 11.83 310.67  10.32
20010906 060000  8.9 186.5  1.65 12.13 212.49  21.47  4  0.92  4.29 209.29  34.21  1.37 12.14 213.49  10.62  0.08 11.78 310.43  10.37  0.05 21.87 220.69   7.32
20010906 090000  9.1 182.5  1.63 11.97 210.23  23.58  3  0.98  4.31 202.82  35.25  1.31 11.97 213.65  11.54  0.07 21.65 221.16   7.56
20010906 120000  7.0 184.1  1.59 11.85 209.86  24.41  3  0.97  4.51 201.63  35.80  1.25 11.85 213.88  11.53  0.10 21.20 220.84   7.71
20010906 150000  8.5 194.3  1.51 11.74 210.84  23.37  4  0.90  4.31 203.73  35.10  1.20 11.74 213.73  10.35  0.14 20.58 219.61   8.41  0.08 15.89 307.75  11.42
20010906 180000 10.2 201.5  1.57 11.62 211.98  22.71  3  1.55 11.62 211.69  22.47  0.22 20.26 217.56   8.89  0.08 16.07 306.76  12.31
20010906 210000 10.1 204.3  1.67 11.50 213.94  23.54  4  1.64 11.50 213.69  23.55  0.32 19.62 216.27   9.18  0.07 16.15 303.15  12.18  0.05 11.21 313.10   9.21
20010907 000000  7.6 189.5  1.67 11.31 213.57  23.89  4  1.25  5.25 213.67  30.38  1.02 11.31 212.76   9.33  0.44 18.94 215.24   9.06  0.07 16.10 303.29  12.53
20010907 030000  8.9 190.4  1.60 11.16 212.66  23.53  4  1.12  5.21 211.51  31.62  0.98 11.16 212.88   9.56  0.58 18.52 214.61   9.15  0.06 15.75 303.00  13.16
20010907 060000  8.5 186.1  1.62 11.06 211.19  23.59  4  1.12  4.97 207.95  31.96  0.95 11.06 212.66   9.69  0.68 17.50 214.98   8.96  0.06 15.47 303.04  13.12
20010907 090000  8.7 181.8  1.64 15.04 210.62  23.61  5  1.12  4.93 206.67  32.23  0.87 11.02 211.97   9.08  0.64 15.02 213.11   8.60  0.50 17.86 218.13   9.19  0.07 15.34 306.74  13.03
20010907 120000  9.1 183.1  1.62 14.34 210.95  23.05  5  1.05  4.91 205.89  32.76  0.86 11.20 212.48   9.58  0.74 14.33 212.99   8.67  0.49 17.89 219.87   8.91  0.08 15.29 305.88  13.50
20010907 150000  6.6 191.7  1.57 13.55 212.24  22.16  4  0.96  4.93 207.47  32.90  1.11 13.54 212.67   9.08  0.54 17.55 221.92   8.14  0.08 15.26 305.57  13.51
20010907 180000  9.5 207.3  1.62 12.83 214.63  20.71  3  1.51 12.82 213.35  21.28  0.57 17.04 222.08   8.23  0.08 15.27 305.75  13.15
20010907 210000 10.4 207.7  1.81 16.85 216.25  22.48  3  1.71 12.03 215.30  23.31  0.61 16.86 222.24   7.82  0.08 15.27 306.15  12.69
20010908 000000 10.7 207.1  1.84 16.61 216.50  23.08  3  1.73 11.47 215.55  24.01  0.63 16.62 222.22   7.90  0.08 15.24 306.69  12.35
20010908 030000  8.4 198.4  1.72 15.95 216.26  23.94  4  1.37  5.70 215.25  28.88  0.79 11.00 214.23   8.87  0.68 15.97 221.91   7.85  0.08 15.07 306.78  12.97
20010908 060000  9.7 193.2  1.63 15.76 214.90  24.47  3  1.49 10.59 213.09  25.94  0.66 15.77 222.50   7.84  0.08 14.67 306.79  13.48
20010908 090000  9.0 182.3  1.53 15.59 213.24  26.32  4  1.20  5.16 208.75  31.88  0.68 10.24 215.04   9.13  0.67 15.60 222.81   7.96  0.06 14.51 302.49  13.10
20010908 120000  8.1 171.4  1.44 15.28 211.81  28.19  5  1.11  4.90 204.90  33.88  0.70 15.30 223.35   8.13  0.58  9.91 215.20   9.54  0.06 14.44 301.69  12.84  0.05 12.31 314.63   8.36
20010908 150000  9.7 189.6  1.44 15.01 210.99  28.13  4  1.22  4.68 205.02  30.72  0.76 15.05 224.03   8.27  0.06 14.41 302.74  11.56  0.05 12.03 314.28   8.81
20010908 180000 12.5 187.3  1.79 15.12 210.52  28.01  4  1.55  5.04 204.99  30.16  0.89 15.16 224.71   8.34  0.06 14.41 304.03  10.60  0.05 11.93 314.19   8.52
20010908 210000 14.3 193.6  2.41 14.80 213.64  27.10  3  2.08  6.07 208.81  29.62  1.22 14.81 225.78   9.36  0.08 14.40 308.80  10.52
20010909 000000 11.6 186.7  3.01 14.34 217.43  26.83  2  2.59  7.30 213.42  29.73  1.52 14.34 227.76   9.76
20010909 030000 13.4 179.6  3.39 13.71 219.07  26.25  2  2.83  8.13 214.23  29.68  1.87 13.71 228.84  10.54
20010909 060000 13.4 175.6  3.58 13.42 218.99  26.59  1  3.58 13.42 218.99  26.59
20010909 090000 12.8 174.4  3.64 13.24 218.46  27.10  1  3.64 13.24 218.46  27.10
20010909 120000  9.7 178.0  3.60 13.04 220.05  25.70  2  3.40 13.04 219.09  26.86  1.17 15.82 227.41   9.28
20010909 150000 11.0 183.4  3.58 12.99 221.74  23.98  1  3.58 12.99 221.74  23.98
20010909 180000 12.1 194.5  3.69 15.51 222.91  22.05  1  3.69 15.51 222.91  22.05
20010909 210000 14.0 198.8  4.07 15.39 222.43  21.41  1  4.07 15.39 222.43  21.41
20010910 000000 10.7 184.1  4.33 15.20 222.49  21.84  1  4.33 15.20 222.49  21.84
20010910 030000 11.1 173.5  4.19 15.05 222.71  21.66  1  4.19 15.05 222.71  21.66
20010910 060000 12.3 171.4  4.04 14.98 221.10  22.52  1  4.04 14.98 221.10  22.52
20010910 090000 10.6 162.6  3.93 14.89 220.26  22.85  1  3.93 14.89 220.26  22.85
20010910 120000  9.4 179.5  3.82 14.80 220.59  21.68  1  3.82 14.80 220.59  21.68
20010910 150000  7.5 176.8  3.69 14.69 221.49  19.93  2  3.69 14.69 221.46  19.85  0.08 17.75 317.46   7.15
20010910 180000  9.8 205.5  3.58 14.59 221.96  18.41  1  3.58 14.59 221.96  18.41
20010910 210000 10.4 188.5  3.62 14.45 220.98  18.95  1  3.62 14.45 220.98  18.95
20010911 000000  9.1 181.7  3.60 14.31 220.80  19.35  1  3.60 14.31 220.80  19.35
20010911 030000  5.4 154.9  3.48 14.19 221.55  18.99  2  3.48 14.19 221.50  18.86  0.09 16.61 316.87   7.30
20010911 060000  2.4 123.9  3.24 14.08 222.33  18.27  2  3.24 14.08 222.27  18.08  0.10 16.59 316.96   7.38
20010911 090000  4.8  28.1  3.10 13.66 222.51  17.44  2  3.09 13.66 222.45  17.24  0.10 16.59 317.16   7.29
20010911 120000  6.6  55.8  3.05 13.24 221.75  19.56  2  3.04 13.24 221.70  19.39  0.09 16.56 317.48   7.11
20010911 150000  3.4 307.1  2.97 13.22 220.32  17.67  2  2.97 13.23 220.26  17.46  0.10 16.28 317.31   7.22
20010911 180000  8.2 330.4  2.92 13.42 220.65  22.35  3  2.69 13.43 222.52  23.31  1.12 16.29 210.09   7.12  0.11 15.59 317.06   7.41
20010911 210000  9.1 345.3  2.93 13.86 224.54  34.70  3  1.00  4.46 334.73  28.91  2.75 13.85 218.00  13.26  0.12 15.52 316.92   7.62
20010912 000000  3.3 322.0  2.87 15.09 225.90  37.55  3  2.65 15.05 217.61  12.82  1.09  5.29 334.23  29.45  0.12 15.51 316.89   7.74
20010912 030000  2.0 121.4  2.79 14.77 225.38  36.54  3  2.59 14.71 217.56  12.60  1.03  5.67 333.81  28.11  0.12 15.50 316.83   7.57
20010912 060000  1.6 108.4  2.68 14.47 224.48  34.85  3  2.51 14.46 217.76  12.37  0.93  5.82 335.15  27.59  0.11 15.45 316.97   7.49
20010912 090000  2.1 193.5  2.55 14.30 223.79  32.58  3  2.42 14.30 218.38  12.43  0.80  5.86 337.65  26.24  0.11 15.10 317.19   7.42
20010912 120000  1.6  46.4  2.43 14.20 223.62  30.33  3  2.33 14.19 219.28  12.51  0.69  5.81 340.45  23.80  0.13 14.58 317.21   7.41
20010912 150000  4.3 264.1  2.33 14.14 224.25  28.72  3  2.24 14.10 220.33  12.46  0.63  5.70 337.51  29.42  0.14 14.52 317.01   7.68
20010912 180000  7.2 237.4  2.30 14.04 225.33  26.77  3  0.67  5.63 312.48  46.63  2.20 13.95 221.48  12.57  0.14 14.50 316.81   7.86
20010912 210000  4.0 231.9  2.24 13.84 225.84  25.34  3  2.17 13.79 222.78  13.22  0.55  5.59 325.26  39.96  0.13 14.49 316.55   7.98
20010913 000000  2.3 131.8  2.17 13.68 226.14  24.51  3  2.11 13.66 223.43  13.03  0.50  5.58 330.88  36.07  0.12 14.45 316.47   8.08
20010913 030000  2.1 149.6  2.09 13.56 226.78  24.69  3  2.03 13.55 223.90  12.77  0.49  5.60 331.31  33.69  0.12 14.30 316.59   8.10
20010913 060000  2.6 125.8  2.00 13.43 227.82  25.72  3  1.94 13.42 224.49  12.82  0.48  5.74 333.69  27.03  0.12 13.74 316.84   7.93
20010913 090000  2.4 120.9  1.90 13.29 229.23  27.26  3  1.83 13.26 225.20  12.93  0.49  6.44 334.82  22.64  0.13 13.61 316.95   7.85
20010913 120000  2.1 111.0  1.82 13.14 229.93  28.96  3  1.75 13.07 225.70  13.85  0.50  6.45 337.10  31.45  0.13 13.57 316.90   7.94
20010913 150000  2.7 177.0  1.74 12.94 231.04  29.18  3  1.67 12.87 226.42  13.69  0.48  6.42 337.28  24.75  0.13 13.56 316.68   8.09
20010913 180000  5.7 205.9  1.69 12.74 230.84  29.40  3  1.61 12.70 226.44  14.56  0.49  6.38 330.28  40.59  0.13 13.54 316.47   8.22
20010913 210000  7.6 203.5  1.67 12.57 229.41  29.28  4  0.56  3.23 210.84  30.97  1.51 12.54 227.31  13.41  0.41  6.33 340.04  11.26  0.12 13.50 316.33   8.40
20010914 000000  8.8 181.2  1.69 12.42 225.15  30.60  4  0.82  3.89 203.60  32.85  1.43 12.40 227.35  13.47  0.36  6.26 341.12  11.00  0.11 13.40 316.64   7.92
20010914 030000  8.3 166.7  1.71 12.27 221.44  31.28  4  1.01  4.65 201.97  33.01  1.34 12.21 227.57  13.54  0.31  6.15 342.06  10.91  0.11 12.99 316.74   7.87
20010914 060000  5.6 128.5  1.60 12.18 222.72  31.06  5  1.57 12.07 220.40  25.87  0.27  6.05 342.77  11.00  0.16 13.54 255.00   0.02  0.11 12.78 316.79   7.84  0.06 23.72 230.03   7.76
20010914 090000  4.5 129.7  1.49 12.48 225.01  29.43  6  1.16 12.33 228.11  14.10  0.88  5.93 211.61  34.11  0.23  5.96 343.20  11.17  0.17 13.54 255.00   0.03  0.12 12.72 316.76   7.84  0.09 23.35 230.35   7.99
20010914 120000  4.9 164.0  1.46 12.58 226.55  27.34  5  1.41 11.87 223.67  22.88  0.29 12.90 257.05   4.48  0.20  5.85 343.39  11.34  0.12 22.80 230.59   7.98  0.12 12.69 316.61   7.96
20010914 150000  4.5 173.4  1.50 12.53 227.43  24.53  5  1.42 11.15 223.81  20.56  0.42 12.69 253.74   6.86  0.17  5.68 343.46  11.98  0.16 22.12 230.80   8.12  0.12 12.68 316.48   7.94
20010914 180000  7.3 208.0  1.57 12.44 226.42  22.68  5  1.49 11.01 223.31  19.42  0.41 12.55 255.06   6.80  0.21 21.72 230.86   8.17  0.14  5.59 343.09  11.77  0.11 12.66 316.41   7.98
20010914 210000  8.9 197.2  1.71 12.29 223.55  23.19  5  1.63 10.26 220.43  20.79  0.44 12.45 255.72   6.62  0.27 21.23 230.85   8.22  0.11  5.50 342.66  11.84  0.11 12.62 316.21   8.07
20010915 000000  4.9 188.0  1.78 11.87 221.73  24.51  5  1.68 10.26 218.57  22.87  0.44 11.84 256.02   6.72  0.35 20.64 230.61   8.42  0.10 12.55 315.92   8.19  0.08  5.35 342.54  11.59
20010915 030000  6.8 147.7  1.72 11.73 221.58  25.62  5  1.50 10.28 216.80  26.03  0.56 12.25 226.92  10.70  0.43 20.10 230.19   8.52  0.43 11.77 255.98   6.98  0.10 12.40 315.46   8.48
20010915 060000  5.5 110.3  1.66 11.61 221.57  27.36  4  1.51 10.28 217.62  27.31  0.54 19.54 229.84   8.60  0.38 11.54 258.88   5.60  0.10 12.10 315.75   8.28
20010915 090000  4.9 106.3  1.62 18.78 222.99  25.88  4  1.41 10.22 218.28  26.53  0.66 18.78 229.30   8.58  0.40 11.63 256.61   7.27  0.10 11.99 315.50   8.45
20010915 120000  5.2 166.3  1.66 18.11 223.79  23.44  4  1.40 10.05 219.53  24.78  0.82 18.11 228.79   8.62  0.33 11.21 259.74   5.60  0.10 11.94 315.65   8.40
20010915 150000  3.3 176.0  1.77 17.51 224.76  19.83  4  1.42  9.51 220.36  21.01  0.99 17.51 228.28   8.75  0.36 10.99 258.96   5.51  0.10 11.92 315.70   8.36
20010915 180000  4.8 218.9  1.88 17.03 225.31  17.27  3  1.47  9.55 223.31  20.04  1.17 17.03 227.86   8.71  0.10 11.89 316.09   7.99
20010915 210000  5.6 211.6  1.96 16.44 225.62  16.25  3  1.44  9.40 223.35  19.46  1.32 16.44 227.87   8.95  0.10 11.86 315.83   8.06
20010916 000000  3.5 174.6  1.98 16.24 225.69  16.15  3  1.42 16.24 227.86   9.18  1.39  9.21 223.00  20.06  0.10 11.83 315.45   8.23
20010916 030000  2.8 156.5  1.97 15.68 226.20  15.42  3  1.49 15.68 228.20   9.27  1.29  9.06 223.06  19.81  0.10 11.78 315.09   8.36
20010916 060000  1.6 120.8  1.94 15.24 226.65  14.73  3  1.54 15.24 228.51   9.37  1.18  8.96 222.94  19.45  0.09 11.73 314.85   8.42
20010916 090000  1.9  87.2  1.90 15.18 227.12  14.23  2  1.55 15.18 228.96   9.47  1.09  8.85 223.21  20.21
20010916 120000  4.4  47.6  1.83 14.70 227.61  13.98  3  1.56 14.70 229.70  10.01  0.96  8.70 221.16  18.29  0.10 11.66 313.38   9.80
20010916 150000  3.2 295.6  1.75 14.28 228.15  16.61  4  1.48 14.28 229.66   9.30  0.90  8.51 220.87  25.16  0.21 10.51 271.17  22.93  0.20 17.96 241.13  14.03
20010916 180000  6.2 251.8  1.71 14.24 229.78  16.48  2  1.48 14.24 231.17  11.51  0.85  8.33 225.20  25.81
20010916 210000  3.6 246.4  1.65 14.11 230.02  16.43  4  1.39 14.11 231.15  10.38  0.83  8.24 224.62  25.00  0.30 16.91 236.40  10.00  0.11 11.36 313.18   9.70
20010917 000000  4.5  21.8  1.55 13.53 229.99  16.52  4  1.33 13.53 231.31  10.88  0.75  8.15 223.51  25.21  0.26 16.76 237.30   6.67  0.10 11.23 315.11   8.49
20010917 030000  5.4 325.6  1.49 13.42 231.18  21.32  4  1.24 13.43 231.46  11.29  0.72  7.98 228.39  37.91  0.38 15.75 232.65   9.58  0.09 11.14 315.32   8.54
20010917 060000  4.4 339.3  1.46 13.39 232.57  23.92  5  1.18 13.40 231.56  11.25  0.72  7.99 236.74  43.31  0.45 15.91 229.96  10.05  0.15 20.78 227.03   7.67  0.09 11.10 315.23   8.56
20010917 090000  3.0  10.4  1.45 13.36 232.33  22.92  4  1.26 13.36 231.29  12.31  0.65  8.12 237.80  43.03  0.29 19.42 225.41   8.43  0.09 11.07 315.17   8.54
20010917 120000  2.8 342.4  1.47 13.22 231.64  21.27  5  1.27 13.22 231.07  12.16  0.63  8.01 234.94  40.66  0.37 19.20 226.27   8.51  0.09 11.06 314.70   8.68  0.07 15.26 305.18  11.74
20010917 150000  2.9 308.0  1.54 12.96 230.78  19.26  5  1.29 12.96 232.91  20.92  0.64 18.18 225.12   9.74  0.53 15.59 224.59   6.88  0.08 11.07 315.22   8.26  0.07 15.24 304.86  11.55
20010917 180000  5.1 238.7  1.64 17.74 230.49  18.07  5  1.32 12.81 233.24  20.15  0.91 17.75 224.98   9.04  0.35 15.51 225.00   0.00  0.08 11.08 314.84   8.67  0.07 15.17 305.20  11.60
20010917 210000  6.3 226.9  1.76 17.49 229.88  16.73  3  1.10 12.10 234.86  23.46  0.99 17.49 226.29   8.77  0.95 14.61 227.54   9.20
20010918 000000  3.1 170.2  1.85 16.74 229.10  15.38  3  1.28 16.74 225.54   8.85  1.25 12.58 233.55  19.92  0.43 14.49 225.00   0.03
20010918 030000  5.0 187.6  1.89 16.56 228.44  14.33  2  1.81 16.56 228.70  11.37  0.55  8.18 225.18  32.22
20010918 060000  5.6 178.2  1.93 16.08 227.52  14.76  2  0.55  7.64 215.15  33.37  1.85 16.08 228.45  11.18
20010918 090000  5.3 174.8  1.95 15.56 227.07  15.01  1  1.95 15.56 227.07  15.01
20010918 120000  5.7 186.8  1.93 15.39 226.94  14.90  1  1.93 15.39 226.94  14.90
20010918 150000  7.9 204.1  1.94 14.79 226.23  15.72  2  0.62  3.44 210.06  31.41  1.84 14.79 227.79  11.66
20010918 180000 10.0 206.3  2.03 14.53 225.27  17.97  2  0.98  4.24 216.12  29.20  1.78 14.53 227.70  11.67
20010918 210000  8.8 209.1  2.03 14.44 225.10  18.95  2  1.08  4.68 217.07  29.10  1.72 14.44 227.91  11.66
20010919 000000  8.9 193.4  2.00 14.25 223.86  20.17  3  1.11  4.85 213.67  29.80  1.65 14.25 227.69  11.66  0.22 19.21 236.99   6.60
20010919 030000  7.5 194.9  1.93 13.90 223.25  20.57  2  1.05  4.96 211.02  30.43  1.62 13.90 227.74  11.72
20010919 060000  8.0 184.9  1.88 13.78 222.70  20.84  3  1.00  4.94 208.20  30.88  1.53 13.78 227.30  11.90  0.45 17.95 231.00   8.99
20010919 090000  6.4 182.7  1.82 13.80 223.19  20.35  4  0.90  4.92 207.88  31.80  1.51 13.81 226.62  10.79  0.47 17.88 232.91   8.54  0.10 12.88 314.29   9.40
20010919 120000  8.6 189.3  1.83 13.89 222.43  20.50  4  0.92  4.80 205.39  30.46  1.45 13.91 226.55  10.93  0.62 17.28 230.19   9.43  0.11 12.94 312.55  10.95
20010919 150000  7.4 194.3  1.84 13.77 222.51  20.43  4  0.93  4.81 206.23  30.60  1.46 13.79 226.16  10.83  0.64 16.87 231.39   8.92  0.11 12.98 311.58  11.94
20010919 180000  8.2 209.7  1.87 13.50 223.62  18.75  4  0.95  4.77 212.20  28.44  1.41 13.51 226.17  10.84  0.77 16.59 229.23   9.92  0.11 13.01 311.38  12.10
20010919 210000 11.1 204.2  2.12 13.41 222.02  20.58  4  1.35  5.05 214.16  27.53  1.43 13.41 225.92  10.65  0.79 16.41 228.93   9.91  0.10 13.00 312.31  11.09
20010920 000000  9.7 186.6  2.25 13.35 219.74  22.99  4  1.52  5.61 210.37  29.50  1.39 13.29 226.18  10.71  0.91 15.69 227.16  10.15  0.10 12.88 314.43   9.17
20010920 030000 10.0 186.8  2.27 15.50 218.92  23.59  3  1.54  5.84 208.76  29.91  1.37 13.11 226.39  11.83  0.94 15.57 227.04  10.64
20010920 060000 10.9 178.7  2.24 15.35 218.37  24.59  4  1.47  5.91 205.00  31.07  1.43 12.75 227.51  11.74  0.89 15.60 225.53   9.45  0.09 12.00 315.47   8.80
20010920 090000  9.4 181.1  2.23 14.80 218.69  24.56  4  1.51  6.02 206.86  30.77  1.22 12.48 227.86  12.29  1.10 14.84 226.26   9.63  0.09 11.97 315.21   8.95
20010920 120000  7.4 189.0  2.16 14.60 220.89  23.34  4  1.42  6.28 211.00  30.60  1.19 12.47 228.73  12.37  1.11 14.68 225.63   9.31  0.09 12.01 314.54   9.28
20010920 150000  7.2 198.6  2.09 14.46 222.71  21.35  2  1.29  6.38 214.05  29.07  1.65 14.46 227.47  12.36
20010920 180000  8.7 212.5  2.20 14.24 223.22  19.20  1  2.20 14.24 223.22  19.20
20010920 210000  9.9 204.7  2.56 14.09 222.67  18.23  2  1.50  6.14 217.10  26.10  2.07 14.09 225.34  11.34
20010921 000000  5.2 204.3  2.81 14.34 223.28  17.34  1  2.81 14.34 223.28  17.34
20010921 030000  7.1 194.6  2.93 14.33 224.06  15.91  1  2.93 14.33 224.06  15.91
20010921 060000  5.4 177.8  2.94 14.08 224.68  15.28  1  2.94 14.08 224.68  15.28
20010921 090000  4.4 159.6  2.85 13.77 225.47  14.63  1  2.85 13.77 225.47  14.63
20010921 120000  3.8 198.8  2.73 13.61 225.97  14.16  1  2.73 13.61 225.97  14.16
20010921 150000  5.1 190.8  2.60 13.52 226.05  14.23  1  2.60 13.52 226.05  14.23
20010921 180000  7.4 209.5  2.50 13.40 225.70  15.02  1  2.50 13.40 225.70  15.02
20010921 210000  8.0 197.5  2.44 13.27 224.77  16.91  1  2.44 13.27 224.77  16.91
20010922 000000 10.0 166.6  2.37 13.07 222.51  20.78  2  1.00  4.51 201.95  33.35  2.14 13.07 226.25  13.97
20010922 030000  6.4 196.5  2.22 12.99 222.76  20.57  1  2.22 12.99 222.76  20.57
20010922 060000  2.3 233.9  2.05 13.05 224.17  19.03  1  2.05 13.05 224.17  19.03
20010922 090000  3.3 214.8  1.89 13.12 225.24  17.96  1  1.89 13.12 225.24  17.96
20010922 120000  1.9 189.2  1.79 12.95 226.04  17.16  1  1.79 12.95 226.04  17.16
20010922 150000  4.5 211.7  1.74 12.74 226.83  16.57  2  0.41  4.24 215.83  29.78  1.69 12.74 227.40  15.25
20010922 180000  4.7 209.3  1.76 12.66 227.99  16.63  1  1.76 12.66 227.99  16.63
20010922 210000  4.0 211.0  1.84 12.67 230.25  16.96  2  1.79 12.20 229.06  16.70  0.44 12.71 249.88   5.59
20010923 000000  2.2 148.6  1.94 12.65 232.85  17.27  2  1.72 12.70 228.03  16.46  0.91 12.58 249.54   6.47
20010923 030000  3.5 196.0  2.01 12.60 234.84  17.58  2  1.51 12.66 247.19  11.82  1.33 12.26 219.08   9.59
20010923 060000  1.6 158.1  2.03 12.52 236.08  17.93  2  1.51 12.06 249.22  10.81  1.35 12.90 219.61  10.04
20010923 090000  0.3 151.8  2.01 12.41 236.79  18.35  2  1.48 12.12 250.93  10.05  1.36 12.89 219.95  10.32
20010923 120000  2.3 201.2  1.98 12.25 237.04  18.82  2  1.45 11.93 251.67  10.55  1.34 12.83 219.84  10.22
20010923 150000  4.2 186.0  1.94 12.06 236.44  19.90  3  1.38 11.77 251.49  14.13  1.35 12.79 220.74  11.11  0.06 17.79 312.24   8.71
20010923 180000  3.0 198.3  1.89 11.95 235.87  20.33  3  1.35 11.71 250.99  15.57  1.32 12.80 220.26  10.64  0.05 17.77 313.51   8.65
20010923 210000  4.9 221.0  1.87 11.93 235.39  20.35  4  1.34 12.72 220.57  10.46  1.30 11.63 251.34  15.78  0.06 21.75 307.19   8.13  0.06 17.74 313.22   9.14
20010924 000000  4.8 192.1  1.85 11.97 234.71  20.61  4  1.47 12.37 223.65  12.36  1.13 10.96 253.86  17.66  0.06 21.72 306.65   8.84  0.06 17.59 314.04   8.07
20010924 030000  6.8 189.5  1.84 11.91 232.76  21.93  4  1.71 12.31 228.61  20.68  0.69 11.02 256.51   8.28  0.07 16.82 312.32   9.28  0.06 21.66 306.91   9.31
20010924 060000  7.9 179.4  1.85 11.77 229.29  24.72  5  0.60  3.31 191.54  32.20  1.67 12.00 229.93  18.68  0.53 10.76 260.34   7.31  0.08 16.66 312.60   8.79  0.07 20.74 307.21   9.06
20010924 090000  8.2 188.8  1.86 11.70 225.94  26.53  5  0.75  3.79 191.53  31.51  1.63 11.89 229.21  19.01  0.45 10.43 259.32   6.90  0.09 20.38 307.52   8.18  0.09 16.62 312.79   8.61
20010924 120000  7.3 191.1  1.82 11.69 225.27  26.05  5  0.77  4.02 197.31  31.90  1.46 11.81 222.18  12.29  0.76 10.18 261.10  13.02  0.11 20.34 307.72   7.95  0.09 16.61 312.86   8.70
20010924 150000  8.5 205.3  1.79 11.69 225.05  24.94  6  0.80  4.03 204.90  30.73  1.47 11.72 223.03  13.41  0.62 10.27 266.13  11.37  0.12 20.33 307.78   8.17  0.09 20.39 226.36   8.32  0.08 16.59 312.95   8.91
20010924 180000  8.8 194.3  1.87 11.68 225.06  25.12  6  1.12  4.54 222.67  33.57  1.42 11.69 221.85  12.89  0.46  9.82 263.96   8.59  0.11 20.28 307.51   8.98  0.09 16.46 312.75   8.87  0.07 23.24 226.14   8.71
20010924 210000 10.4 215.8  1.92 11.64 225.05  24.92  5  1.86 11.65 222.62  23.10  0.42  9.53 263.99   8.83  0.12 19.44 306.71   9.28  0.12 22.59 225.95   7.65  0.10 15.76 312.94   8.35
20010925 000000  8.3 199.6  1.95 11.59 223.83  26.04  6  1.39  5.53 223.69  31.13  1.29 11.65 219.94  12.10  0.35  9.84 262.38   7.63  0.16 19.05 306.81   8.60  0.15 21.72 226.71   7.81  0.12 15.58 312.80   8.13
20010925 030000  8.6 202.1  1.91 11.54 222.06  26.62  6  1.40  5.99 220.63  30.94  1.22 11.56 219.43  11.92  0.29  9.34 260.93   7.55  0.20 19.02 307.37   8.22  0.18 21.60 226.13   7.92  0.13 15.54 312.56   8.27
20010925 060000  7.7 197.3  1.85 11.50 221.23  26.56  6  1.40  6.39 220.13  30.48  1.15 11.49 219.06  11.83  0.22 20.94 226.36   8.04  0.20 19.01 307.77   8.32  0.19  9.58 258.28   4.76  0.13 15.53 312.45   8.38
20010925 090000  4.5 201.9  1.72 11.43 222.04  25.72  6  1.21  6.58 221.50  30.83  1.16 11.43 219.08  12.07  0.25 20.40 226.27   8.15  0.22  9.37 258.83   5.43  0.18 19.00 308.28   8.52  0.12 15.52 312.49   8.54
20010925 120000  4.2 207.0  1.60 11.28 223.45  24.67  5  1.54 11.46 221.29  22.70  0.28 20.25 226.21   8.16  0.27 10.93 256.61   6.79  0.16 18.84 307.76   8.86  0.11 15.47 312.82   8.45
20010925 150000  4.8 221.1  1.52 11.14 225.09  24.71  6  1.43 11.21 222.26  21.93  0.34 19.66 225.86   8.58  0.26 10.31 256.54   6.86  0.21 17.87 306.71   8.68  0.15 14.74 226.49   3.56  0.12 15.19 312.76   8.60
20010925 180000  8.0 221.3  1.53 11.03 226.72  25.95  5  1.43 11.10 223.12  21.73  0.38 19.12 226.00   8.54  0.27 17.78 306.70   8.33  0.25 10.31 255.55   6.64  0.14 14.63 312.66   8.29
20010925 210000  7.1 221.4  1.57 10.96 227.03  27.29  5  1.45 11.03 222.65  22.43  0.40 19.01 225.91   8.73  0.30 17.76 307.11   8.39  0.28 10.31 256.55   6.86  0.16 14.55 312.47   8.26
20010926 000000  2.6 212.1  1.48 17.97 227.12  27.64  6  1.32 10.98 222.06  22.80  0.45 18.72 225.27   9.37  0.29 17.76 307.56   8.59  0.27 10.30 256.66   7.08  0.23 13.70 228.27   4.69  0.17 14.52 312.29   8.37
20010926 030000  3.6 196.4  1.38 17.85 226.84  26.57  6  1.21 10.93 221.66  21.86  0.45 17.96 225.75   9.86  0.28 10.29 256.36   7.39  0.26 13.68 226.19   6.97  0.25 17.75 308.08   8.75  0.16 14.51 312.24   8.45
20010926 060000  0.8 262.1  1.28 17.75 227.06  25.79  5  1.12 10.87 221.39  19.91  0.48 17.83 225.59  10.33  0.29 10.26 257.94   7.75  0.24 17.52 307.82   8.61  0.16 14.49 312.34   8.41
20010926 090000  2.5 345.0  1.21 17.31 228.76  27.14  6  0.98 10.75 221.25  19.46  0.55 17.71 225.01  11.17  0.29 16.68 306.96   8.31  0.28 10.24 257.25   7.07  0.16 12.66 225.00   0.00  0.15 14.45 312.19   8.48
20010926 120000  6.4 347.7  1.20 16.70 235.13  36.86  8  0.30  2.32 342.72  30.03  0.88 10.54 220.26  16.42  0.51 16.99 228.02  11.41  0.36 16.61 306.68   8.22  0.29 10.07 257.36   7.61  0.24 12.91 215.89   8.44  0.15 14.28 312.14   8.50  0.15 14.49 215.00   0.02
20010926 150000  7.0   8.8  1.23 16.63 246.37  47.17  7  0.52  3.16 343.75  32.21  0.78 10.42 219.02  13.20  0.53 16.72 229.84  12.78  0.39 16.60 306.77   8.42  0.31 14.32 214.51   7.51  0.28 10.01 258.56   8.45  0.16 13.75 312.17   8.31
20010926 180000 11.1 341.1  1.62 16.62 294.07  51.80  7  1.23  4.73 331.61  27.97  0.59 10.36 216.91  11.29  0.58 16.69 232.85  13.24  0.45 13.61 218.91  10.79  0.38 16.60 306.99   8.68  0.25  9.86 257.00   7.67  0.18 13.62 312.07   8.29
20010926 210000  9.4 354.0  1.73 16.61 296.37  50.19  9  1.37  5.36 327.79  32.64  0.50 10.36 216.78  10.39  0.49 16.31 227.35  11.46  0.49 18.94 243.62  10.47  0.39 13.25 217.79  10.21  0.34 16.59 307.37   8.83  0.21 10.06 255.77   6.59  0.18 13.58 312.01   8.38  0.14 11.73 249.36   5.41
20010927 000000  8.5   1.9  1.74 16.60 280.41  48.32  8  1.28  5.69 319.31  37.98  0.73 18.74 244.94   9.60  0.49 15.73 225.48   9.10  0.43 12.95 220.09  10.98  0.40 10.21 216.40  10.20  0.36 10.71 251.57   6.26  0.31 16.51 307.63   8.71  0.18 13.56 312.25   8.35
20010927 030000  5.2   9.5  1.88 17.27 263.94  40.22  6  1.21 17.69 241.09  11.75  1.18  6.09 305.21  39.60  0.53 10.31 251.17   7.42  0.50 12.49 218.17  10.65  0.32 15.78 307.50   8.29  0.18 13.54 311.88   8.72
20010927 060000  5.1  17.0  2.16 17.22 255.85  31.95  4  1.68 17.28 241.29  12.11  1.30  9.94 280.96  38.59  0.38 15.55 307.02   8.12  0.17 13.52 312.32   8.40
20010927 090000  6.8  15.6  2.51 16.22 252.78  28.20  4  2.11 16.57 242.93  11.20  1.29  9.53 280.25  39.10  0.41 15.52 306.81   8.26  0.16 13.47 312.23   8.41
20010927 120000  8.8 341.0  2.86 15.87 252.98  28.21  3  2.82 16.09 251.65  27.26  0.42 15.51 306.64   8.77  0.16 13.34 311.75   8.72
20010927 150000  7.6 343.1  3.13 15.61 252.63  26.44  3  3.10 15.64 251.63  25.62  0.40 15.51 306.84   8.89  0.16 12.95 313.60   7.09
20010927 180000  5.8 320.4  3.26 15.36 251.24  23.85  3  3.24 15.33 250.45  23.04  0.36 15.50 306.85   9.20  0.17 12.79 311.62   8.92
20010927 210000  3.8 263.0  3.29 15.04 249.92  21.39  3  3.27 14.97 249.28  20.57  0.33 15.43 306.98   9.21  0.16 12.68 314.29   6.96
20010928 000000  3.3 201.4  3.24 14.62 248.90  20.18  3  3.22 14.60 248.27  19.27  0.32 14.93 308.18   7.84  0.15 12.63 313.77   7.18
20010928 030000  4.0 170.3  3.12 14.43 247.95  19.87  3  3.10 14.41 247.21  18.76  0.34 14.57 307.07   8.68  0.15 12.63 313.82   7.22
20010928 060000  2.4 162.4  2.96 14.24 246.99  20.12  4  2.92 14.18 246.44  18.82  0.36 19.69 227.21   6.90  0.35 14.52 307.00   8.66  0.14 12.62 313.64   7.18
20010928 090000  2.3 144.1  2.81 13.82 246.26  20.19  4  2.76 13.72 245.75  18.72  0.40 19.18 226.03   7.65  0.34 14.51 306.98   8.72  0.14 12.60 311.96   8.47
20010928 120000  0.8 173.9  2.68 13.58 245.45  20.24  4  2.61 13.53 245.06  18.70  0.45 18.94 225.71   7.20  0.33 14.50 307.01   8.79  0.14 12.56 312.11   8.29
20010928 150000  1.0 229.8  2.53 13.40 244.51  20.37  3  2.46 13.37 244.17  18.86  0.49 18.39 227.45   6.83  0.34 14.48 307.88   8.96
20010928 180000  2.2 271.4  2.38 12.97 243.65  20.51  3  2.29 12.96 243.75  18.96  0.57 17.83 225.69   7.50  0.32 14.45 308.18   8.91
20010928 210000  2.6 251.5  2.24 12.72 242.82  20.66  3  2.14 12.70 243.09  19.06  0.57 17.60 224.89   7.73  0.30 14.33 308.12   9.11
20010929 000000  4.2  19.6  2.10 12.62 241.79  20.86  3  1.97 12.59 242.54  19.27  0.66 16.82 225.40   8.50  0.29 13.93 308.18   9.11
20010929 030000  5.0  31.7  2.00 12.46 241.22  25.16  4  1.86 12.44 242.46  24.59  0.71 16.73 225.37   7.90  0.25 13.68 307.63   8.85  0.10 11.80 312.46   8.78
20010929 060000  5.4  31.7  1.95 12.07 240.92  29.23  4  1.72 12.08 244.30  30.10  0.88 16.58 224.64   8.23  0.24 13.61 307.72   8.84  0.10 11.79 312.37   8.63
20010929 090000  4.9  54.1  1.99 16.28 241.21  33.78  5  1.57 11.96 251.54  38.03  1.19 16.29 224.34   8.07  0.23 13.58 307.64   9.03  0.12 14.77 259.58   5.59  0.10 11.78 312.22   8.49
20010929 120000  5.4  42.0  2.14 15.67 244.54  39.10  5  1.40 15.69 224.41   8.24  1.30 11.92 239.93  18.04  0.93  6.06 329.77  30.14  0.23 13.55 307.66   8.85  0.09 11.76 313.62   7.28
20010929 150000 12.4  14.6  2.71 15.35 276.34  55.96  3  1.87  7.43 340.86  29.25  1.95 15.35 228.43  12.29  0.23 13.53 308.01   8.71
20010929 180000 14.7  12.9  3.50 14.98 315.26  56.95  3  2.87  7.75 348.24  29.33  1.99 14.99 227.56  11.74  0.21 13.49 307.57   9.18
20010929 210000 12.9  17.2  3.58 14.54 318.08  57.70  3  2.93  8.04 351.00  28.94  2.04 14.56 227.80  12.60  0.19 13.45 307.97   9.23
20010930 000000  9.5  17.2  3.31 14.35 306.92  59.38  3  2.58  8.10 351.04  28.28  2.07 14.37 228.81  14.50  0.18 13.33 307.61   9.12
20010930 030000  6.2  63.0  2.97 14.18 286.38  58.52  3  2.12  7.95 347.07  28.21  2.07 14.20 229.50  15.78  0.18 13.08 307.18   9.53
20010930 060000  2.8  96.7  2.72 13.82 270.48  55.00  3  2.06 13.85 229.59  16.50  1.77  7.86 341.79  26.73  0.18 12.83 306.58  10.43
20010930 090000  3.9 114.0  2.51 13.55 258.78  51.13  4  1.99 13.57 229.70  16.89  1.48  7.74 338.10  26.07  0.36 17.30 215.42   6.38  0.17 12.76 308.19   9.47
20010930 120000  3.9 115.4  2.34 13.39 249.77  47.27  4  1.95 13.40 229.00  17.03  1.22  7.47 336.26  26.50  0.35 16.73 215.67   6.67  0.17 12.70 307.53  10.07
20010930 150000  3.0 187.0  2.19 13.24 242.90  42.84  4  1.84 13.26 229.06  17.28  1.01  7.26 334.05  26.25  0.63 15.90 217.23   6.77  0.16 12.66 308.47   9.59
20010930 180000  7.0 203.2  2.10 12.90 236.52  38.11  4  1.84 12.93 226.99  16.82  0.88  6.99 324.62  38.09  0.48 15.56 214.54   6.23  0.16 12.62 308.54  10.17
20010930 210000  9.9 192.4  2.11 12.70 228.56  34.12  5  0.78  3.67 199.86  30.65  1.67 12.71 228.35  16.20  0.79 15.33 215.66   7.43  0.64  6.82 329.64  21.05  0.14 12.59 309.19   9.90
20011001 000000 11.2 172.2  2.22 12.65 217.98  33.46  5  1.23  4.63 189.91  32.01  1.68 12.66 225.72  14.20  0.56 14.54 214.08   6.20  0.51  6.57 324.18  22.51  0.13 12.55 309.49   9.47
