Date     Time   Uabs UDir  hs    tp    th     sp     np hs(i) tp(i) th(i)  sp(i)
20041101 000000 10.4 190.0  2.94 13.47 218.46  24.17  5  2.38  7.31 217.33  27.76  1.71 13.48 219.49  10.89  0.21 12.86 315.54   8.54  0.09 21.61 220.55   7.43  0.07 21.84 287.43  11.41
20041101 030000 11.7 191.0  2.79 13.32 216.87  24.80  5  2.26  7.30 214.54  28.27  1.61 13.34 219.98  11.28  0.19 12.68 315.63   8.55  0.12 20.98 220.61   7.21  0.09 21.77 288.27  11.49
20041101 060000 11.8 182.7  2.70 13.01 214.96  25.77  5  2.18  7.14 211.19  29.23  1.57 13.07 220.36  11.39  0.18 12.61 315.94   8.15  0.15 20.63 220.59   7.09  0.11 21.75 290.64  12.35
20041101 090000 10.9 180.3  2.58 12.62 214.64  26.29  5  2.00  6.95 208.70  30.36  1.62 12.62 221.57  12.07  0.18 20.35 220.92   7.41  0.18 12.58 315.84   8.44  0.11 21.75 293.27  13.17
20041101 120000  8.1 182.0  2.42 12.47 216.40  25.83  5  1.71  6.89 207.68  30.94  1.69 12.47 223.39  13.29  0.21 19.80 220.87   7.27  0.17 12.56 315.88   8.24  0.10 21.74 295.52  13.66
20041101 150000 10.0 204.1  2.30 12.33 218.88  24.11  4  2.28 12.32 218.45  23.36  0.24 19.31 221.08   7.28  0.16 12.54 315.72   8.37  0.09 21.67 295.23  14.15
20041101 180000 12.7 209.3  2.56 11.91 220.19  23.26  5  2.53 11.89 219.74  22.73  0.27 19.10 221.63   7.59  0.19 15.49 242.78   9.43  0.15 12.48 315.57   8.43  0.09 20.91 290.58  13.26
20041101 210000 11.0 207.5  2.69 11.71 221.56  24.21  5  2.66 11.70 221.16  23.80  0.29 18.75 221.37   7.17  0.17 15.58 245.73   9.87  0.14 12.31 315.53   8.41  0.12 20.39 288.68  12.14
20041102 000000  7.7 182.9  2.53 11.58 222.19  24.74  6  1.98  7.12 220.26  28.77  1.51 11.57 223.88  12.94  0.32 18.09 221.60   7.12  0.17 15.56 245.84   9.81  0.16 20.34 290.95  12.44  0.13 11.96 315.65   8.28
20041102 030000  8.2 194.1  2.29 11.39 223.39  24.26  5  1.56  6.98 218.45  30.06  1.62 11.34 226.44  14.25  0.35 17.85 222.96   8.18  0.18 20.33 293.96  13.11  0.13 11.84 315.53   8.33
20041102 060000  9.6 192.9  2.16 11.11 223.16  24.41  4  2.12 11.09 222.54  23.60  0.35 17.67 221.77   7.30  0.19 20.33 296.42  13.51  0.12 11.79 315.39   8.50
20041102 090000  8.4 181.6  2.14 10.99 222.70  24.73  4  2.10 10.98 222.15  24.10  0.37 17.07 221.85   7.44  0.17 20.32 297.79  13.85  0.12 11.77 315.25   8.75
20041102 120000  7.6 194.2  2.06 10.84 225.07  23.01  4  2.02 10.83 224.73  22.54  0.40 16.73 221.97   7.37  0.14 20.27 297.11  14.41  0.12 11.76 316.11   7.80
20041102 150000  7.9 195.6  2.04 10.59 226.45  21.84  4  1.99 10.58 226.27  21.48  0.43 16.51 221.59   7.62  0.13 19.42 292.71  14.46  0.11 11.74 316.31   7.65
20041102 180000  8.8 196.2  2.10 10.46 226.91  21.39  4  2.04 10.45 226.61  20.83  0.46 16.22 221.82   7.38  0.17 19.04 292.88  13.55  0.11 11.70 316.24   7.60
20041102 210000  9.5 204.6  2.23 12.01 226.75  21.17  5  1.05  4.65 214.20  31.14  1.86 12.07 229.83  13.66  0.60 15.44 221.21   7.91  0.23 19.01 294.96  13.29  0.11 11.61 316.17   7.60
20041103 000000  7.6 187.4  2.33 12.26 226.73  21.08  4  2.29 12.27 225.88  19.63  0.28 15.51 225.00   0.00  0.27 19.01 295.14  16.03  0.10 11.32 315.59   8.04
20041103 030000  7.5 175.7  2.36 12.14 226.45  20.85  3  2.35 12.14 225.65  19.31  0.26 19.00 297.72  13.48  0.09 11.12 316.11   7.68
20041103 060000  9.3 190.1  2.42 12.02 225.20  20.75  4  0.92  4.26 198.97  30.75  2.23 12.02 228.30  13.43  0.23 19.00 299.20  14.14  0.09 11.05 315.75   7.82
20041103 090000 10.2 184.7  2.53 12.00 223.32  22.36  4  1.20  4.89 201.61  31.60  2.21 12.00 228.33  12.96  0.18 18.98 301.47  15.07  0.09 11.02 316.09   7.92
20041103 120000  8.6 189.3  2.55 11.97 223.59  22.20  4  1.32  5.51 208.43  32.21  2.17 11.98 227.97  12.48  0.17 18.41 302.54  14.87  0.09 11.01 315.65   7.89
20041103 150000  9.1 201.8  2.51 11.95 225.02  21.55  3  2.50 11.95 224.42  20.37  0.24 17.81 301.04  13.64  0.09 11.01 315.66   7.91
20041103 180000 11.7 199.0  2.64 11.97 224.85  22.41  3  2.62 11.97 223.97  20.77  0.31 17.77 300.57  13.15  0.09 11.00 315.66   7.94
20041103 210000 12.8 201.2  2.80 12.19 223.40  23.79  2  2.78 12.19 222.51  22.25  0.34 17.76 300.75  13.54
20041104 000000  9.1 193.2  2.69 12.41 223.57  24.65  2  2.67 12.41 222.64  23.13  0.34 17.76 301.14  13.93
20041104 030000  9.2 188.1  2.49 12.39 224.59  23.81  2  2.47 12.39 223.73  22.30  0.30 17.76 302.92  14.29
20041104 060000  9.4 190.6  2.41 12.32 224.02  23.29  2  2.40 12.31 223.32  21.92  0.26 17.72 306.72  14.05
20041104 090000  9.6 189.3  2.36 12.26 223.87  23.39  2  2.34 12.26 223.13  21.86  0.26 17.28 310.76  11.13
20041104 120000  9.9 183.1  2.33 12.22 223.11  24.92  3  1.23  5.10 203.62  33.02  1.95 12.21 228.14  12.01  0.31 16.67 308.40  12.35
20041104 150000 10.4 192.1  2.34 12.12 221.90  26.63  3  1.34  5.16 203.04  32.23  1.88 12.11 227.85  12.20  0.37 16.62 306.15  13.06
20041104 180000 13.6 208.1  2.52 12.02 223.60  25.24  2  2.49 12.01 222.08  22.56  0.40 16.60 304.76  13.73
20041104 210000 15.2 207.8  3.01 11.88 223.15  25.86  3  2.98 11.87 222.10  24.12  0.38 16.59 304.01  14.49  0.08 12.70 313.79   9.14
20041105 000000 13.0 190.3  3.13  7.42 219.26  27.85  3  3.10  7.42 218.39  26.48  0.36 16.57 304.00  15.64  0.08 12.66 314.11   9.16
20041105 030000 12.3 178.4  2.92  7.67 217.40  28.78  5  2.90  7.67 216.58  27.47  0.32 16.50 306.92  14.67  0.12 17.85 217.42   7.82  0.08 12.64 313.71   9.46  0.06 20.63 221.42   6.72
20041105 060000 12.6 164.0  2.76  7.94 214.34  31.03  6  2.73  7.94 213.45  29.69  0.30 16.16 310.24  12.89  0.17 16.96 218.08   7.13  0.08 12.60 313.71   9.48  0.07 20.48 222.23   6.97  0.05 20.39 308.74   8.95
20041105 090000 12.5 164.4  2.67  9.97 210.67  33.21  5  2.64  9.96 209.54  31.62  0.32 15.63 311.63  11.43  0.23 16.65 218.05   6.99  0.08 12.57 313.07  10.10  0.07 20.30 307.61   9.33
20041105 120000 11.7 169.2  2.62  9.49 209.12  33.60  7  2.37  9.38 204.91  33.76  1.03 11.52 220.33  10.09  0.35 15.54 311.02  11.27  0.26 16.33 217.45   7.03  0.12 19.28 222.15   7.27  0.08 12.49 313.43  10.05  0.08 20.29 308.02   9.68
20041105 150000 11.5 185.0  2.52  9.32 211.93  31.13  7  2.30  9.31 208.66  30.58  0.91 11.59 219.79   9.57  0.36 15.51 309.28  12.80  0.31 15.76 217.33   7.73  0.14 19.04 222.13   7.22  0.07 12.42 313.74   9.43  0.07 20.25 308.23  10.69
20041105 180000 14.0 206.4  2.79  8.18 216.34  26.69  5  2.74  8.18 215.18  24.78  0.38 15.57 217.88   7.21  0.36 15.48 307.29  14.43  0.07 20.08 308.27  10.88  0.07 12.35 315.78   7.62
20041105 210000 13.6 200.2  3.19  8.14 217.47  26.27  5  3.14  8.14 216.67  25.00  0.38 15.42 215.90   6.75  0.35 15.44 306.22  15.45  0.19 18.05 221.85   7.39  0.09 19.22 308.77  10.01
20041106 000000 10.0 191.8  3.01  8.40 217.47  26.79  6  2.88  8.40 216.53  26.09  0.60 11.91 216.76   7.08  0.49 14.81 217.56   7.06  0.34 15.37 306.01  16.36  0.21 17.95 221.98   7.14  0.12 19.06 308.74   9.43
20041106 030000 10.4 182.9  2.73  8.39 217.13  26.78  8  2.57  8.39 215.84  25.97  0.66 11.55 217.89   6.91  0.45 14.67 217.40   7.97  0.29 14.88 313.66   9.53  0.26 17.61 220.95   7.35  0.14 15.50 278.71   8.00  0.13 19.02 308.83   9.41  0.05 11.74 315.89   7.55
20041106 060000  7.9 163.5  2.45  8.28 217.54  26.98  6  2.27  8.28 216.03  26.04  0.60 11.45 218.66   6.87  0.60 14.45 217.34   7.57  0.31 14.77 309.91  14.74  0.13 18.98 308.54  10.08  0.06 11.74 316.28   7.66
20041106 090000  6.7 150.9  2.24  8.25 218.72  26.53  7  2.05  8.25 217.25  25.28  0.60 14.20 216.75   7.09  0.46 11.79 217.20   6.61  0.32 16.80 220.91   7.02  0.31 14.58 311.98  12.67  0.12 18.93 308.75  10.94  0.07 11.79 314.26   8.89
20041106 120000  5.1 165.7  2.13  8.50 220.07  25.14  6  1.94  8.50 218.60  23.26  0.73 13.82 217.51   7.19  0.36 16.70 219.57   8.68  0.31 14.50 312.76  11.10  0.12 18.70 309.30  10.98  0.07 11.78 314.35   8.99
20041106 150000  7.1 204.5  2.09  8.67 220.66  23.73  5  1.88  8.67 219.04  21.09  0.84 13.52 218.26   7.47  0.31 14.44 311.93  11.83  0.16 17.94 309.65  10.28  0.07 11.80 314.66   9.04
20041106 180000 12.1 212.3  2.29  8.63 219.83  23.42  5  2.19  8.63 218.14  20.01  0.53 15.57 218.62   8.05  0.32 14.40 310.46  13.39  0.20 17.83 309.60   9.64  0.18 20.10 224.68   6.95
20041106 210000 10.2 207.2  2.51  8.21 218.66  24.52  6  2.28  8.21 217.06  23.13  0.79 13.31 218.11   7.63  0.55 15.54 217.87   7.56  0.31 14.35 308.51  15.17  0.21 17.79 309.46   9.69  0.19 19.74 225.32   6.37
20041107 000000  6.9 201.7  2.45  7.97 218.94  25.08  7  2.21  7.97 217.35  24.10  0.78 13.19 217.63   7.71  0.54 15.35 218.14   7.04  0.33 18.61 223.09   8.33  0.26 13.86 316.09   7.46  0.20 17.76 309.34   9.99  0.17 14.50 283.79   9.95
20041107 030000  6.5 206.2  2.26  7.93 219.85  24.69  7  1.99  7.93 218.31  23.72  0.75 12.89 217.66   7.56  0.60 14.69 217.20   7.75  0.35 18.22 223.66   7.79  0.26 13.67 316.28   7.43  0.19 17.72 309.48  10.80  0.17 14.50 283.86   9.82
20041107 060000  5.4 198.9  2.11 14.30 220.61  24.33  7  1.79  7.91 218.97  23.06  0.77 12.78 217.61   7.76  0.61 14.57 217.58   7.77  0.39 17.95 222.48   8.85  0.28 13.64 314.51   9.20  0.20 17.50 309.95  10.94  0.14 14.48 278.58   8.11
20041107 090000  4.2 201.7  1.99 14.14 221.64  24.37  7  1.63  7.91 219.71  22.08  0.78 12.72 218.23   7.53  0.57 14.52 216.11   8.55  0.46 17.67 222.60   7.73  0.28 13.56 314.70   9.04  0.24 16.79 310.01  10.71  0.12 14.49 277.27   8.95
20041107 120000  5.0 204.7  1.91 13.43 222.32  24.71  7  1.48  7.92 219.82  21.20  1.02 13.31 217.36   8.36  0.48 17.38 222.67   7.55  0.29 16.67 309.99   9.97  0.28 13.51 314.72   8.90  0.11  9.66 270.93   5.55  0.09 14.47 276.78   9.35
20041107 150000  3.6 211.4  1.85 13.31 222.35  24.81  6  1.39  7.91 219.44  20.34  0.99 13.25 217.04   8.63  0.55 16.73 221.85   8.25  0.30 16.64 310.15   9.74  0.29 13.49 312.38  12.19  0.13  9.51 270.09   5.51
20041107 180000  6.0 211.7  1.80 16.55 222.15  24.57  6  1.28  7.89 219.02  20.23  1.03 13.15 217.26   8.94  0.58 16.50 221.13   8.81  0.30 16.63 310.49   9.74  0.28 13.42 312.38  12.00  0.14  9.43 269.60   5.50
20041107 210000  5.6 213.9  1.75 16.40 221.79  24.59  6  1.25  7.85 218.37  20.20  0.98 12.80 217.43   8.69  0.61 16.17 220.01   9.76  0.29 16.64 310.89  10.16  0.28 13.33 311.38  13.07  0.15  9.22 268.96   6.43
20041108 000000  3.3 199.5  1.69 12.72 221.66  25.10  7  1.11  7.77 217.75  21.16  1.04 12.55 216.66   8.88  0.60 15.75 221.11   8.90  0.29 16.59 310.88  10.47  0.25 12.80 316.04   7.64  0.15  9.04 268.13   7.06  0.13 13.55 283.58  10.45
20041108 030000  4.8 169.5  1.64 15.49 221.89  26.34  7  1.05  7.68 216.57  20.73  1.01 12.43 216.88   9.31  0.59 15.57 219.65   8.88  0.31 16.09 310.68  10.67  0.25 12.70 316.00   7.71  0.16  8.99 268.12   7.12  0.15 13.55 282.95   9.74
20041108 060000  5.4 181.7  1.60 15.38 222.14  28.16  7  1.07 12.52 216.48   9.24  0.92  7.61 214.68  22.13  0.57 15.48 219.31   8.98  0.36 15.64 310.18  10.48  0.26 12.66 316.19   7.83  0.16  8.85 267.58   8.18  0.15 13.55 282.15  10.03
20041108 090000  3.3 225.6  1.55 15.31 223.30  29.43  6  1.28 12.41 216.01  15.68  0.72 14.78 217.04   9.25  0.39 15.57 310.24  10.31  0.27 12.68 314.81   9.25  0.15  8.84 269.31   6.50  0.14 13.54 277.60   8.85
20041108 120000  4.4 272.8  1.51 15.22 224.34  30.25  6  1.20 12.41 216.18  15.22  0.74 14.42 217.30   9.16  0.41 15.57 310.74  10.17  0.26 12.64 314.76   9.18  0.16  8.64 268.41   7.25  0.13 13.54 278.01   7.85
20041108 150000  2.6 315.5  1.46 15.04 224.45  30.52  6  1.19 12.46 216.11  13.83  0.67 14.53 216.61   9.14  0.41 15.58 311.47   9.95  0.25 12.58 314.90   8.85  0.17  8.57 268.44   7.27  0.12 13.53 278.05  10.06
20041108 180000  2.9  72.2  1.42 14.47 224.23  30.59  5  1.33 14.24 216.13  13.17  0.39 15.60 312.08   9.74  0.25 12.47 315.04   8.57  0.17  8.54 268.39   7.03  0.10 13.50 279.34   9.67
20041108 210000  4.1 257.8  1.40 14.14 224.25  30.76  5  1.06 12.17 216.93  16.28  0.78 14.07 215.13   9.26  0.39 15.60 310.16  12.32  0.25 12.15 316.17   7.61  0.18  8.51 268.43   7.04
20041109 000000  3.3 220.1  1.40 14.04 223.91  31.02  5  1.02 12.19 216.40  15.33  0.81 13.92 214.35   9.13  0.41 15.44 310.89  11.25  0.23 11.99 315.64   8.43  0.18  8.47 268.56   7.10
20041109 030000  5.4 177.5  1.42 13.99 223.32  32.07  4  1.32 13.61 214.29  13.09  0.44 14.70 310.87  10.85  0.24 11.95 314.69  10.38  0.19  8.40 268.65   7.53
20041109 060000  7.1 189.8  1.50 13.81 222.20  32.98  7  0.46  2.88 201.01  32.17  1.31 13.48 214.20   9.50  0.47 14.60 311.04  10.42  0.23 11.85 315.76   8.83  0.19  8.32 268.61   7.54  0.08 12.65 279.57   6.36  0.05 21.78 316.58   7.42
20041109 090000  7.0 187.8  1.55 13.58 221.43  33.27  8  0.57  3.40 201.93  31.79  1.32 13.33 214.05   8.87  0.49 14.59 311.21  10.48  0.22 11.83 315.21   8.96  0.19  8.19 268.55   7.02  0.09 12.66 279.08   6.67  0.07 22.28 205.35   5.87  0.07 21.75 316.88   7.29
20041109 120000  8.5 200.0  1.63 12.94 220.01  32.49  8  0.74  3.73 204.94  29.47  1.33 13.01 214.03   8.69  0.48 14.60 311.42  10.37  0.20 11.76 316.28   7.83  0.19  8.01 268.40   6.98  0.16 21.24 205.60   5.97  0.12 12.66 281.68   9.42  0.07 21.73 317.20   7.29
20041109 150000  9.2 202.6  1.78 12.67 217.81  31.10  8  1.02  4.46 207.24  28.02  1.31 12.70 214.29   8.49  0.46 14.63 311.67  10.31  0.32 20.24 206.25   6.27  0.21 11.79 315.06   9.08  0.18  7.92 268.14   7.08  0.11 12.66 278.10   7.52  0.08 21.44 316.89   7.38
20041109 180000 10.6 199.8  2.08 12.56 216.63  28.91  8  1.44  5.28 211.65  27.08  1.29 12.57 214.49   8.41  0.54 19.16 206.99   6.82  0.44 14.67 312.37   9.75  0.19 11.70 316.15   7.76  0.17  7.84 267.99   7.31  0.13 12.68 281.55   9.88  0.10 20.43 316.53   7.46
20041109 210000 11.6 208.2  2.31 12.49 215.79  27.53  6  2.11 12.47 213.63  22.16  0.79 18.53 208.30   8.03  0.42 14.71 312.57   9.69  0.19 11.73 314.63   9.15  0.13 20.35 316.55   7.42  0.10 12.66 277.36   7.91
20041110 000000 10.3 203.1  2.48 17.61 214.34  27.07  5  1.85  6.33 211.71  27.15  1.20 12.30 214.52   8.02  1.03 17.66 209.02   8.00  0.47 14.66 311.50  11.80  0.15 20.33 316.73   7.46
20041110 030000  8.4 193.4  2.47 16.92 214.06  26.74  5  1.77  6.61 211.43  27.38  1.31 17.02 210.47   8.21  1.01 12.06 214.03   7.96  0.47 14.16 311.56  11.34  0.15 20.27 316.65   7.47
20041110 060000  7.3 189.4  2.44 16.41 214.54  26.04  6  1.66  6.82 212.15  26.72  1.48 16.46 210.88   7.96  0.87 11.65 214.49   8.11  0.45 13.87 311.04  11.19  0.16 19.52 316.36   7.53  0.14 11.09 315.98   7.70
20041110 090000  5.0 188.2  2.38 15.89 215.89  25.65  6  1.53  6.95 214.94  25.77  1.49 16.03 210.31   7.55  0.93 12.26 215.09   8.12  0.45 13.84 310.94  11.11  0.20 19.06 316.21   7.56  0.14 11.05 315.71   7.89
20041110 120000  7.0 191.6  2.35 15.43 216.82  25.38  5  1.45  7.10 217.02  24.65  1.77 15.48 211.67   7.93  0.45 13.85 310.78  11.18  0.23 19.02 316.19   7.62  0.13 11.02 315.56   7.95
20041110 150000  6.3 206.0  2.29 15.23 217.16  25.19  5  1.38  7.30 217.70  24.25  1.76 15.26 211.86   8.07  0.45 13.87 310.58  11.39  0.23 19.00 316.17   7.72  0.13 11.01 315.46   7.89
20041110 180000  9.4 210.7  2.30 15.03 217.84  24.85  5  1.48  7.36 219.38  23.38  1.69 15.05 211.67   7.83  0.43 13.87 310.45  11.58  0.23 18.90 315.98   7.73  0.12 10.90 315.58   8.03
20041110 210000  8.6 212.3  2.30 14.51 218.12  25.35  5  1.54  7.20 219.08  24.46  1.64 14.55 212.18   8.18  0.41 13.85 310.43  11.76  0.25 18.09 315.74   7.76  0.12 10.89 315.71   8.28
20041111 000000  7.3 206.3  2.28 14.35 218.60  26.39  4  1.59  6.95 219.04  25.02  1.55 14.37 212.19   8.06  0.41 13.83 310.99  11.66  0.29 17.82 315.56   7.84
20041111 030000  5.7 198.8  2.19 14.25 219.51  27.18  4  1.51  6.95 219.88  25.57  1.50 14.28 212.62   8.13  0.40 13.81 310.95  12.00  0.31 17.78 315.59   7.92
20041111 060000  6.4 191.7  2.07 14.07 220.05  27.63  4  1.41  6.94 220.24  25.65  1.43 14.09 212.88   8.19  0.40 13.84 310.89  11.95  0.30 17.76 315.50   8.01
20041111 090000  4.7 191.2  1.95 13.68 220.80  28.01  5  1.35 13.66 213.03   8.24  1.31  6.90 221.09  25.45  0.39 13.90 310.34  11.92  0.29 17.67 315.49   7.95  0.09 10.39 314.46   7.63
20041111 120000  6.4 196.4  1.86 13.53 221.52  28.63  5  1.22  6.87 221.51  25.41  1.32 13.51 213.40   8.66  0.39 13.93 310.08  12.05  0.30 16.98 315.21   8.05  0.09 10.35 314.39   7.62
20041111 150000  7.0 201.8  1.83 13.44 221.90  29.68  6  1.22  6.89 220.13  25.39  1.26 13.42 213.82   8.56  0.38 13.85 310.01  11.85  0.33 16.68 314.94   8.14  0.09 10.35 314.03   8.37  0.06 21.81 315.80   7.77
20041111 180000  7.6 209.4  1.80 13.34 222.24  30.31  6  1.20  6.92 220.03  25.46  1.23 13.32 213.83   8.85  0.37 13.63 310.06  12.00  0.35 16.63 314.82   8.28  0.08 21.76 315.19   8.00  0.07 10.19 313.80   8.40
20041111 210000  7.8 198.8  1.77 13.14 221.82  30.60  6  1.25  6.93 218.68  25.65  1.15 13.12 213.97   8.33  0.36 13.36 310.52  12.59  0.34 16.62 314.61   8.33  0.08 21.75 315.30   8.10  0.07 10.16 313.46   8.47
20041112 000000  6.7 209.2  1.71 12.85 221.66  30.80  5  1.21  6.85 218.32  26.41  1.11 12.80 214.27   8.67  0.37 13.13 311.53  12.54  0.31 16.62 314.47   8.36  0.08 21.71 315.86   7.92
20041112 030000  6.2 197.8  1.61 12.74 222.58  31.79  6  1.11  6.67 219.09  27.06  1.06 12.67 214.25   8.51  0.35 13.11 311.61  13.27  0.32 16.41 314.80   8.01  0.09 20.79 316.28   7.68  0.06 20.92 211.97   6.99
20041112 060000  6.1 201.7  1.50 12.69 224.42  33.99  7  1.00  6.41 219.34  27.49  0.99 12.60 214.39   8.46  0.35 13.19 312.11  13.12  0.34 15.75 315.11   7.76  0.12 20.37 315.73   7.80  0.09 20.38 213.66   6.64  0.06  9.73 313.32   8.90
20041112 090000  4.9 181.5  1.40 12.68 227.15  36.70  7  0.94 12.55 214.72   8.81  0.87  6.24 219.81  28.71  0.37 15.59 314.26   8.29  0.35 13.24 313.11  13.19  0.14 20.33 315.40   7.98  0.14 19.67 213.12   6.68  0.05  9.62 312.33   7.74
20041112 120000  3.9 187.7  1.29 12.71 230.25  38.81  6  0.91 12.53 216.29  11.54  0.71  5.73 219.45  29.94  0.39 15.56 314.20   8.48  0.36 13.27 313.27  13.05  0.20 19.09 213.48   6.33  0.14 20.33 315.53   8.09
20041112 150000  1.9  26.3  1.21 15.46 232.95  39.67  7  0.86 12.50 216.35  11.41  0.57  5.44 222.15  30.26  0.38 15.55 314.16   8.59  0.36 13.24 313.58  12.99  0.28 18.51 212.64   6.82  0.14 20.26 316.07   7.84  0.13 13.59 252.31   7.43
20041112 180000  2.5 344.3  1.16 15.45 234.80  39.98  7  0.81 12.48 216.75  11.99  0.45  4.96 225.21  30.53  0.40 17.78 213.58   6.46  0.37 13.16 314.66  12.26  0.35 15.55 314.24   8.60  0.19 13.26 254.57  10.62  0.16 19.38 316.38   7.64
20041112 210000  4.8  28.0  1.18 15.42 237.84  43.98 10  0.70 12.35 217.22  10.15  0.48 17.42 213.93   6.73  0.41  4.80 242.15  60.28  0.38 15.43 313.93   9.23  0.34 14.33 211.78   4.90  0.34 12.76 315.88  12.66  0.20 19.05 315.84   7.75  0.19 10.93 253.79   8.83  0.19 13.02 248.94   7.94  0.12  5.92 298.68  49.85
20041113 000000  5.0 341.9  1.25 15.58 240.08  43.09 10  0.35  4.07 306.74  50.62  0.75 13.00 215.58   8.37  0.57 16.74 213.82   7.29  0.38 10.45 245.98  11.89  0.38 15.15 315.32   7.98  0.35 12.75 314.47  14.18  0.22 19.01 315.57   7.93  0.21  4.99 206.17  36.44  0.19 12.67 251.19   5.07  0.08  5.85 275.83   9.25
20041113 030000  3.9 334.4  1.36 15.72 241.19  40.10  7  0.74 13.34 215.16   7.84  0.71  9.68 255.28  35.26  0.64 16.45 214.64   7.42  0.41 14.73 314.38   8.83  0.33 12.56 316.67  13.36  0.25 12.00 251.95   6.44  0.22 19.00 315.53   8.06
20041113 060000  2.9 273.7  1.48 15.37 240.53  36.50  7  0.86  8.41 250.52  26.49  0.77 13.68 215.72   8.24  0.68 16.15 214.89   7.49  0.43 14.63 314.13   8.70  0.32 12.42 317.92  13.82  0.28 11.82 253.25   7.40  0.20 18.95 316.18   7.79
20041113 090000  4.8 189.7  1.58 15.21 239.90  34.49  6  1.05 15.69 215.39   7.73  0.98  8.30 247.35  23.04  0.43 14.62 314.58   8.52  0.32 12.37 317.85  13.96  0.31 11.42 252.55   7.59  0.23 18.35 316.26   7.44
20041113 120000  6.4 177.1  1.67 15.10 238.48  34.63  6  1.09  8.35 242.83  26.88  1.07 15.50 215.80   8.00  0.42 14.58 314.83   8.56  0.33 11.25 253.17   7.96  0.31 12.30 318.36  13.68  0.27 17.84 316.15   7.74
20041113 150000  6.8 183.9  1.77 14.90 237.37  34.69  6  1.17  8.22 240.03  29.84  1.12 15.37 216.54   8.33  0.48 14.53 314.18   9.78  0.39 11.06 254.72   8.04  0.30 17.78 315.74   7.87  0.17 11.20 331.78   5.29
20041113 180000  8.1 196.0  1.86 14.75 236.27  33.98  5  1.28  8.29 237.84  30.18  1.13 15.20 216.86   8.28  0.50 14.46 316.74  10.59  0.42 11.00 255.01   8.54  0.30 17.76 315.18   8.08
20041113 210000  9.3 195.3  1.98 14.64 233.30  33.55  5  1.39  8.11 231.50  31.96  1.19 14.93 218.25   9.26  0.51 10.47 256.09   9.09  0.49 14.38 316.90  10.55  0.28 17.72 314.81   8.17
20041114 000000  9.0 191.9  2.13 14.55 229.51  33.63  6  1.57  7.80 225.48  32.98  1.24 14.71 219.47  10.32  0.48 10.43 257.51   8.68  0.44 14.30 314.38   9.52  0.26 17.54 315.20   8.06  0.22 11.54 326.99   8.04
20041114 030000 10.5 190.6  2.20 14.45 226.78  33.90  6  1.63  5.85 219.95  33.27  1.28 14.54 220.74  11.20  0.49 10.18 259.71   9.38  0.42 14.17 313.81  10.64  0.29 16.79 315.66   7.71  0.21 11.54 326.95   8.02
20041114 060000  9.0 187.9  2.22 14.35 225.95  33.85  5  1.48  5.92 209.08  30.05  1.41 14.42 225.75  16.35  0.66  7.55 261.01  10.08  0.46 13.89 316.47  10.87  0.32 16.64 315.68   7.92
20041114 090000  8.7 181.3  2.18 14.18 226.59  33.34  5  1.42  6.20 210.59  30.51  1.46 14.27 226.90  16.55  0.54  7.42 261.93   9.54  0.45 13.70 316.36  10.82  0.33 16.61 315.37   8.04
20041114 120000  8.2 190.2  2.16 13.79 227.37  32.14  4  1.44  6.62 216.67  31.50  1.52 13.98 228.27  17.23  0.43 13.61 316.43  10.99  0.33 16.58 314.59   8.16
20041114 150000  9.7 201.2  2.23 13.58 226.72  30.46  4  1.50  6.66 216.87  29.56  1.56 13.60 228.39  16.71  0.43 13.55 317.22  10.25  0.30 16.56 313.19   8.01
20041114 180000 13.5 199.2  2.60 13.48 223.38  29.08  4  2.55 13.47 221.01  24.71  0.39 13.50 314.94   9.12  0.28 16.45 314.59   8.34  0.14 10.54 329.81   6.78
20041114 210000 13.4 205.8  2.92 13.37 222.97  28.83  4  2.88  6.95 221.20  25.62  0.36 13.44 315.48   9.02  0.30 15.85 314.25   8.26  0.13 10.52 330.03   6.37
20041115 000000 10.8 198.0  2.86  7.35 222.35  29.51  5  2.48  7.35 219.87  29.43  1.36 12.96 222.61  10.97  0.35 13.41 315.57   8.86  0.29 15.62 314.54   8.39  0.12 10.27 331.59   5.53
20041115 030000 10.9 193.7  2.67 12.88 221.71  29.71  5  2.26  7.38 218.41  29.60  1.35 12.61 223.04  11.34  0.34 13.31 316.22   8.94  0.30 15.55 314.31   8.34  0.10 10.13 330.57   6.27
20041115 060000 10.4 181.5  2.55 12.76 220.65  30.19  5  2.15  7.35 216.58  29.99  1.30 12.48 223.36  11.52  0.33 13.09 316.34   8.75  0.29 15.52 313.83   8.36  0.10 10.11 330.57   6.24
20041115 090000  9.4 186.0  2.42 12.71 220.90  29.91  5  2.02  7.40 216.69  29.51  1.26 11.24 223.47  12.13  0.30 15.45 313.98   8.28  0.30 12.85 315.76   8.68  0.11 10.14 331.09   6.00
20041115 120000  8.6 190.1  2.32 12.60 221.68  28.83  5  1.83  7.55 217.20  29.33  1.36 11.04 223.24  12.25  0.30 12.72 316.65   8.65  0.28 15.45 312.37   7.91  0.10 10.11 330.97   6.02
20041115 150000  9.1 206.2  2.30 12.49 222.19  26.93  4  2.27 10.75 220.21  22.82  0.29 15.30 314.02   8.83  0.27 12.61 315.36   8.43  0.09 10.08 330.89   6.03
20041115 180000 14.5 207.9  2.72 12.42 220.14  25.36  3  2.69 10.63 218.87  22.48  0.29 12.61 317.51   9.24  0.26 15.02 313.15   8.84
20041115 210000 12.9 208.6  3.19  7.94 219.27  25.20  3  3.17  7.93 218.44  23.32  0.27 12.58 318.05   8.58  0.25 14.69 312.88   9.01
20041116 000000 11.0 198.4  3.30  8.91 218.09  25.10  3  3.28  8.91 217.37  23.46  0.26 12.57 318.06   8.47  0.24 14.58 312.77   9.12
20041116 030000  9.9 190.6  3.22  9.19 217.23  24.83  5  2.74  9.18 215.96  26.04  1.66 10.69 218.00  12.44  0.25 14.48 313.51   8.93  0.22 12.47 316.57   8.14  0.07  9.62 331.88   5.19
20041116 060000  8.1 175.2  3.02  9.42 217.85  24.46  4  3.01  9.40 217.14  22.75  0.24 14.45 313.33   8.76  0.21 12.41 316.74   7.83  0.06  9.60 331.82   5.21
20041116 090000  6.9 159.4  2.84 10.05 218.96  23.91  3  2.82 10.05 218.22  22.13  0.22 14.47 312.33   8.27  0.22 12.38 318.02   8.77
20041116 120000  6.1 173.1  2.70 10.16 220.13  22.87  3  2.48 10.15 219.13  22.40  1.04 13.34 220.77   9.92  0.30 14.38 314.89   9.10
20041116 150000  7.8 201.9  2.60 10.19 220.68  21.75  4  2.27 10.17 219.87  21.78  1.23 13.31 220.24  10.97  0.22 14.33 312.14   9.05  0.18 12.05 318.02   8.59
20041116 180000 12.5 217.0  2.74 10.23 220.38  21.49  2  2.73 10.20 219.80  19.96  0.27 14.23 314.40   9.54
20041116 210000  9.3 205.3  2.88  9.27 219.97  22.36  5  2.58  9.27 219.10  23.05  1.25 13.12 221.06  10.13  0.21 14.01 311.93   9.96  0.19 19.41 221.15   9.22  0.14 11.71 318.55   8.71
20041117 000000  8.5 200.3  2.78  9.17 220.18  22.46  5  2.46  9.16 219.37  23.40  1.23 12.75 220.97  10.26  0.32 18.63 220.09   8.69  0.20 13.70 311.80  10.21  0.14 11.70 318.50   8.66
20041117 030000  6.6 192.6  2.62  9.31 220.42  21.86  5  2.26  9.30 219.37  23.08  1.23 12.72 221.71  10.19  0.47 18.04 220.31   9.05  0.19 13.59 311.85  10.21  0.14 11.69 318.82   8.34
20041117 060000  4.5 169.3  2.50 12.74 221.07  20.80  5  2.10  9.36 220.18  22.21  1.16 12.68 221.84  10.06  0.68 17.04 220.42   9.28  0.18 13.57 311.17   9.27  0.14 11.74 319.61   8.14
20041117 090000  4.2 153.7  2.49  9.50 221.66  19.58  4  2.03  9.49 221.02  21.14  1.17 12.58 222.06  10.00  0.81 16.91 220.36   8.94  0.22 13.52 314.21   9.87
20041117 120000  3.9 177.4  2.56 16.47 222.03  18.39  4  2.07  9.62 221.94  19.94  1.08 12.48 221.88   9.51  1.03 16.47 220.01   9.12  0.22 13.50 314.02   9.68
20041117 150000  6.9 207.1  2.63 15.86 221.96  17.65  4  2.06  9.61 221.88  19.59  1.15 15.92 221.00   9.23  1.13 12.41 221.27   9.25  0.21 13.48 313.61   9.94
20041117 180000 10.6 213.1  2.71 15.66 221.69  17.95  4  2.14  9.47 221.16  20.17  1.30 15.66 221.75   9.59  1.02 12.40 221.62   8.94  0.20 13.46 313.14  10.40
20041117 210000  8.7 211.4  2.73 15.30 221.68  18.82  3  2.17  9.24 220.83  21.38  1.65 15.31 222.30   9.39  0.19 13.42 312.80  10.84
20041118 000000  6.4 212.0  2.67 14.87 221.84  19.14  3  2.09  9.00 220.46  22.05  1.66 14.88 223.19   9.64  0.18 13.36 312.77  11.01
20041118 030000  6.5 198.9  2.56 14.56 222.22  18.81  3  1.94  8.78 220.56  22.04  1.65 14.58 223.70   9.53  0.18 13.24 312.80  11.16
20041118 060000  6.0 198.3  2.44 14.45 222.56  18.30  3  1.74  8.57 220.45  22.21  1.70 14.46 224.04   9.72  0.17 12.99 312.83  11.13
20041118 090000  5.7 194.2  2.36 14.52 222.95  17.73  4  1.64  8.40 220.63  21.74  1.38 14.28 222.80   9.26  0.97 16.89 227.70   9.69  0.17 12.83 312.82  11.06
20041118 120000  4.8 200.1  2.34 16.32 223.39  17.01  4  1.56  8.30 221.24  21.34  1.40 14.36 224.18   8.34  1.02 16.69 225.18  11.48  0.17 12.75 312.57  11.41
20041118 150000  6.1 227.0  2.35 15.76 223.84  16.29  3  1.78 15.76 224.67   9.68  1.53  8.30 221.97  20.61  0.16 12.70 312.91  10.80
20041118 180000  8.9 198.6  2.41 15.46 223.29  16.99  3  1.60  8.30 220.48  21.56  1.80 15.46 224.94   9.73  0.16 12.66 312.77  10.90
20041118 210000  7.7 211.1  2.42 15.18 223.15  17.36  3  1.63  8.20 220.02  21.93  1.78 15.18 225.18   9.71  0.15 12.64 312.54  11.05
20041119 000000  6.7 195.3  2.40 14.67 223.16  17.66  3  1.58  7.94 219.37  22.76  1.80 14.67 225.50   9.75  0.15 12.62 312.22  11.25
20041119 030000  6.5 196.1  2.36 14.46 223.30  17.76  3  1.54  7.69 218.95  23.05  1.78 14.47 225.97   9.67  0.14 12.59 311.88  11.42
20041119 060000  6.4 187.2  2.32 14.27 223.44  17.81  3  1.47  7.43 218.19  23.44  1.79 14.27 226.38   9.84  0.14 12.56 311.33  12.00
20041119 090000  6.8 192.4  2.26 14.07 223.55  17.77  3  1.42  7.36 218.08  23.51  1.76 14.07 226.49   9.96  0.14 12.51 311.15  12.12
20041119 120000  6.7 190.2  2.20 14.04 223.68  17.74  3  1.34  7.32 217.63  23.79  1.74 14.04 226.69  10.03  0.13 12.42 311.08  12.19
20041119 150000  6.5 212.2  2.12 14.09 224.31  17.28  3  1.27  7.27 218.53  23.27  1.70 14.09 226.99  10.23  0.13 12.16 311.60  11.58
20041119 180000  9.5 207.4  2.15 13.87 224.32  17.97  4  1.34  7.20 218.48  23.56  1.68 13.87 227.42  10.20  0.12 11.97 311.74  11.45  0.06 22.23 313.74   7.95
20041119 210000  7.9 206.7  2.21 13.61 224.05  19.27  4  1.45  6.81 218.30  24.91  1.67 13.61 227.64  10.20  0.12 11.90 311.96  11.23  0.07 21.93 314.14   8.12
20041120 000000  7.6 202.3  2.23 13.49 224.27  19.76  4  1.46  6.71 218.52  25.78  1.67 13.49 227.81  10.10  0.12 11.86 312.04  11.15  0.08 21.80 314.43   8.23
20041120 030000  6.5 198.7  2.21 13.40 224.80  19.77  4  1.42  6.75 219.01  26.07  1.68 13.40 228.07  10.09  0.12 11.84 311.82  11.17  0.10 21.62 313.76   8.21
20041120 060000  7.6 192.9  2.19 13.27 225.06  19.91  4  1.40  6.82 218.56  26.02  1.68 13.27 228.57  10.21  0.12 21.18 313.15   8.06  0.12 11.81 311.40  11.20
20041120 090000  5.2 180.0  2.15 12.92 225.95  19.80  4  1.69 12.92 229.34  10.75  1.32  6.92 218.63  25.81  0.14 20.61 313.53   8.17  0.12 11.79 311.16  11.20
20041120 120000  5.3 194.9  2.10 12.74 227.34  18.98  3  2.09 12.74 226.82  17.60  0.16 20.44 314.32   8.33  0.12 11.75 310.89  11.08
20041120 150000  4.9 226.9  2.05 12.64 228.35  18.56  4  2.04 12.64 227.72  16.82  0.18 20.30 314.10   8.28  0.09 11.66 312.16  10.13  0.07 14.45 314.93   7.59
20041120 180000  8.0 213.8  2.05 12.52 228.71  19.16  5  1.41  7.73 225.89  21.98  1.46 12.53 229.64   9.99  0.21 20.08 313.30   8.16  0.09 11.50 312.69  10.15  0.08 14.40 314.34   8.41
20041120 210000  6.7 213.2  2.03 12.35 228.59  20.32  4  2.02 12.36 227.57  17.81  0.24 19.62 313.06   8.12  0.09 11.35 311.54  11.49  0.08 14.37 314.83   8.25
20041121 000000  5.3 210.5  2.01 12.18 228.50  21.06  4  1.99 12.18 227.38  18.39  0.25 19.26 313.41   8.30  0.09 11.22 311.54  11.43  0.08 14.27 314.57   8.40
20041121 030000  5.1 202.4  2.00 12.09 228.59  21.43  5  1.45 12.09 230.42  10.30  1.35  7.01 223.63  24.50  0.25 19.09 313.68   8.41  0.08 13.81 314.96   7.76  0.08 11.13 312.75  10.00
20041121 060000  5.8 206.2  1.99 12.00 228.72  21.95  5  1.43 12.00 229.94  10.19  1.35  7.02 224.01  24.54  0.28 18.90 313.21   8.37  0.09 13.54 313.29   9.73  0.08 11.11 312.57  10.00
20041121 090000  3.9 191.8  1.97 11.94 229.05  22.47  5  1.47 11.94 229.78  10.75  1.27  7.10 223.57  24.71  0.32 18.62 312.59   8.18  0.10 13.48 313.58   8.87  0.07 11.01 313.56   9.88
20041121 120000  3.6 218.6  1.96 11.97 229.30  22.36  5  1.49 11.96 229.55  11.07  1.22  7.24 223.67  24.17  0.33 18.21 312.58   8.22  0.10 13.44 314.13   8.59  0.07 11.00 313.64  10.11
20041121 150000  5.9 210.4  1.96 13.44 228.96  21.88  5  1.19  7.33 223.77  23.74  1.07 11.22 232.34  11.49  1.06 13.57 225.57   9.91  0.32 18.00 312.87   8.37  0.12 13.39 314.32   8.83
20041121 180000 10.3 199.7  2.09 13.32 225.95  23.33  4  1.36  7.32 218.90  25.93  1.55 13.32 228.12  11.19  0.32 17.83 312.71   8.59  0.12 13.24 314.20   9.31
20041121 210000 10.6 206.4  2.29 12.96 223.76  24.66  4  1.63  6.27 216.55  26.50  1.57 12.96 227.58  11.08  0.35 17.55 311.95   8.56  0.12 12.84 314.27   9.31
20041122 000000  8.1 199.4  2.37 12.68 223.51  25.83  4  1.76  6.56 217.31  27.34  1.54 12.68 226.86  10.82  0.39 17.08 311.45   8.32  0.12 12.67 313.96   9.61
20041122 030000  7.3 195.1  2.26 12.53 224.47  25.90  4  1.62  6.77 218.74  27.89  1.52 12.53 226.05  10.42  0.39 16.88 311.54   8.31  0.12 12.61 313.87   9.54
20041122 060000  5.2 192.0  2.11 12.39 225.23  25.18  4  1.51 12.38 225.75  10.56  1.41  6.72 219.53  27.65  0.37 16.78 311.99   8.44  0.13 12.56 313.69   9.68
20041122 090000  4.7 206.6  1.97 12.21 226.43  24.15  4  1.53 12.19 225.77  10.75  1.18  6.55 220.94  27.56  0.36 16.68 312.07   8.63  0.13 12.51 314.03   9.43
20041122 120000  4.3 191.7  1.87 12.04 227.75  23.97  4  1.49 12.04 225.53  10.63  1.05  6.45 223.49  26.65  0.38 16.43 311.33   8.75  0.13 12.39 314.25   9.44
20041122 150000  6.4 222.5  1.83 11.95 228.90  24.50  4  0.99  6.51 225.79  25.50  1.48 11.95 225.13  10.68  0.42 15.91 310.58   8.71  0.12 12.06 314.66   9.35
20041122 180000  7.1 194.5  1.85 11.88 228.49  25.27  3  1.79 11.88 224.67  17.24  0.44 15.73 310.33   8.57  0.12 11.89 314.95   9.27
20041122 210000  7.8 231.0  1.88 11.81 228.27  24.91  3  1.82 11.81 224.74  17.38  0.43 15.67 310.59   8.60  0.12 11.83 315.03   9.23
20041123 000000  2.6 199.2  1.85 11.74 227.51  24.73  3  1.80 11.74 224.29  17.75  0.40 15.61 311.10   8.61  0.12 11.79 314.90   9.26
20041123 030000  1.6 162.2  1.77 11.67 227.18  24.58  4  1.72 11.66 223.91  17.27  0.39 15.52 311.21   8.80  0.13 11.76 314.66   9.36  0.12 16.65 220.54   7.27
20041123 060000  2.5 207.2  1.69 11.60 227.56  25.07  5  1.63 11.59 223.71  16.50  0.40 15.31 310.75   8.91  0.13 11.70 314.48   9.34  0.10 16.62 218.87   7.15  0.07 19.49 223.51   7.64
20041123 090000  3.4 198.8  1.61 11.54 228.40  26.15  4  1.55 11.54 223.54  15.67  0.43 14.85 310.18   8.84  0.12 11.57 314.43   9.33  0.07 19.32 223.38   7.51
20041123 120000  4.3 202.9  1.55 11.50 228.53  27.05  5  1.47 11.52 223.02  15.48  0.44 14.70 309.86   8.79  0.15 15.65 221.01   6.22  0.12 11.26 314.56   9.32  0.07 19.25 224.09   7.53
20041123 150000  5.3 206.0  1.50 11.49 228.01  27.29  4  1.41 11.52 222.31  15.57  0.43 14.63 309.75   8.81  0.23 15.45 225.06   9.28  0.11 11.12 314.87   9.24
20041123 180000  5.6 195.2  1.47 11.50 227.02  27.19  4  1.40 11.52 221.81  16.34  0.40 14.58 310.04   8.82  0.20 15.54 222.31   8.43  0.11 11.07 315.21   9.16
20041123 210000  8.6 216.1  1.54 11.45 225.25  26.66  5  0.73  3.74 218.50  28.34  1.27 11.48 221.70  12.26  0.38 14.51 310.41   8.86  0.21 15.40 222.42   8.07  0.11 11.04 315.43   9.13
20041124 000000  7.7 183.7  1.61 11.21 222.13  27.92  6  0.88  4.50 211.38  30.77  1.25 11.23 221.09  11.86  0.37 14.39 310.61   8.94  0.29 14.59 226.09  10.46  0.10 11.03 315.11   9.54  0.06 21.77 310.70   9.94
20041124 030000  6.6 182.2  1.64 11.02 221.33  28.19  5  1.56 11.02 217.52  21.51  0.37 14.18 310.57   9.00  0.32 14.53 223.74  10.29  0.10 11.00 314.71   9.83  0.06 21.75 312.23   8.78
20041124 060000  7.2 191.3  1.69 10.90 222.09  27.07  5  1.61 10.90 218.72  20.88  0.36 13.92 310.42   9.01  0.35 14.48 222.05   9.37  0.10 10.95 315.07   9.01  0.07 21.56 311.01   9.00
20041124 090000  4.5 193.2  1.73 10.79 223.32  26.02  5  1.64 10.79 220.25  20.19  0.38 14.33 221.91  10.83  0.35 13.79 310.21   9.14  0.09 20.50 308.69   9.87  0.09 10.82 315.23   8.99
20041124 120000  4.0 208.5  1.73 10.41 224.11  25.02  6  1.33  8.90 221.50  22.27  0.91 10.63 221.74  11.33  0.49 13.73 218.34  10.96  0.34 13.71 310.20   9.19  0.11 20.37 308.96   9.75  0.08 10.53 315.06   9.31
20041124 150000  5.0 233.4  1.73 10.22 224.00  23.96  6  1.32  8.88 222.58  21.63  0.86 10.51 221.71  10.95  0.63 13.66 216.50  10.00  0.32 13.65 310.22   9.39  0.12 20.35 309.76   9.77  0.08 10.41 315.79   9.26
20041124 180000  6.2 200.4  1.80 13.61 223.14  23.10  6  1.31  8.80 223.17  22.31  0.90 10.24 221.92  10.90  0.78 13.65 214.42   8.99  0.30 13.58 310.40   9.43  0.12 20.34 310.90   9.42  0.07 10.36 315.82  10.00
20041124 210000  6.1 220.8  1.88 13.57 222.28  21.79  5  1.62 10.10 222.70  18.80  0.90 13.60 213.95   8.79  0.28 13.49 310.53   9.52  0.12 20.20 310.71   9.36  0.07 10.34 316.75   9.24
20041125 000000  4.9 201.9  1.96 13.43 221.73  20.90  5  1.64 10.03 222.73  18.30  1.04 13.46 213.94   8.09  0.27 13.37 310.50   9.70  0.16 19.20 309.83   8.84  0.07 10.32 317.31   9.11
20041125 030000  5.1 176.6  2.03 13.11 220.80  20.72  4  1.65  9.54 221.55  18.48  1.15 13.12 214.51   7.92  0.26 13.18 310.85   9.99  0.20 19.05 309.11   9.19
20041125 060000  5.7 190.9  2.06 13.09 220.19  20.04  4  1.55 13.10 216.62   9.43  1.32  8.74 221.62  20.80  0.25 13.03 310.69  10.35  0.21 19.02 308.81   9.72
20041125 090000  4.1 185.2  2.06 13.12 219.78  19.13  4  1.60 13.15 216.58   9.10  1.26  8.68 221.56  20.66  0.24 12.97 310.46  10.65  0.20 19.01 308.85  10.22
20041125 120000  5.4 201.3  2.06 13.15 219.60  18.16  3  2.03 13.17 218.43  14.20  0.22 12.96 310.64  10.26  0.18 18.98 309.05  10.64
20041125 150000  4.8 200.2  2.06 13.13 219.77  18.15  3  2.04 13.14 218.51  13.88  0.21 18.40 309.70  10.08  0.21 13.02 310.28  10.40
20041125 180000  6.7 189.5  2.09 13.10 220.05  19.29  3  2.06 13.09 218.47  14.22  0.27 17.85 310.06   9.00  0.20 13.19 309.80  10.62
20041125 210000  8.7 213.0  2.16 13.01 220.33  20.24  3  2.13 13.00 218.58  15.02  0.31 17.79 309.31   9.37  0.20 13.33 308.96  11.53
20041126 000000  8.2 203.5  2.22 12.94 220.18  20.67  3  2.19 12.92 218.55  16.11  0.31 17.78 308.37   9.99  0.19 13.44 308.38  12.24
20041126 030000  8.3 191.9  2.21 12.87 219.14  20.70  3  2.19 12.86 217.76  16.93  0.28 17.77 307.31  10.63  0.18 13.53 308.03  12.75
20041126 060000  8.3 184.9  2.19 12.82 218.06  21.18  3  2.16 12.82 216.83  17.88  0.26 17.70 307.69  11.08  0.17 14.09 307.66  13.04
20041126 090000  8.3 184.0  2.17 12.80 217.47  22.63  3  2.14 12.81 216.00  18.84  0.29 16.98 309.61  10.43  0.17 12.56 307.33  13.00
20041126 120000  8.4 193.7  2.11 12.79 218.71  23.45  3  2.07 12.80 216.62  18.18  0.35 16.69 310.31   9.62  0.16 12.63 306.89  12.81
20041126 150000  8.3 203.6  2.07 12.74 219.67  24.12  3  2.03 12.74 217.13  17.93  0.38 16.64 309.76   9.62  0.17 12.75 306.69  12.60
20041126 180000 10.0 198.1  2.10 12.66 220.22  23.95  4  1.16  5.05 214.38  28.22  1.70 12.66 219.20  10.27  0.38 16.62 308.58  10.06  0.17 12.92 305.81  13.38
20041126 210000 12.6 209.5  2.43 12.58 219.39  24.12  6  2.39 12.56 217.68  20.63  0.36 16.61 307.22  10.69  0.20 18.12 227.00   7.07  0.12 12.57 315.47   8.22  0.11 13.49 294.49  10.29  0.06 23.40 304.16   9.68
20041127 000000 10.4 196.0  2.56 12.47 218.33  24.88  7  2.01  6.64 215.42  26.82  1.49 12.45 219.10   8.79  0.34 17.37 225.24   7.96  0.34 16.56 306.86  11.46  0.12 12.62 314.22   8.38  0.10 13.57 291.95  10.35  0.07 23.31 303.60  10.10
20041127 030000  9.4 197.4  2.50 12.31 218.65  24.94  6  1.91  6.98 215.08  27.14  1.52 12.30 219.52   8.76  0.38 17.10 226.70   7.44  0.35 16.31 308.13  11.83  0.15 13.37 303.64  15.22  0.08 23.29 303.22  10.43
20041127 060000  9.1 183.1  2.44 12.06 219.13  25.17  6  1.80  7.07 214.52  27.26  1.49 12.05 220.00   8.77  0.57 16.30 224.51   8.05  0.38 15.72 309.55  11.15  0.15 13.40 302.96  15.36  0.09 23.25 303.44  10.40
20041127 090000  6.4 175.6  2.33 15.57 220.62  25.10  6  1.63  7.06 215.33  27.16  1.48 11.96 220.82   8.86  0.64 15.96 224.27   8.53  0.40 15.61 309.94  10.54  0.14 13.37 302.53  15.21  0.10 22.84 304.10   9.80
20041127 120000  8.0 188.7  2.22 15.40 222.36  24.44  6  1.42  7.00 216.90  26.90  1.52 12.01 221.34   9.20  0.64 15.72 225.04   8.06  0.40 15.57 309.47  10.38  0.14 13.23 302.49  14.99  0.13 21.90 303.78   9.60
20041127 150000  7.8 205.5  2.17 15.28 223.30  23.91  4  1.34  6.91 216.88  26.14  1.65 14.58 223.00   9.23  0.42 15.55 307.76  11.30  0.16 21.80 302.92   9.96
20041127 180000  9.8 205.8  2.26 15.12 224.15  23.41  5  1.52  6.57 219.02  24.57  1.61 14.11 224.00   8.96  0.39 15.51 307.36  11.14  0.17 21.77 302.23  10.41  0.14 12.54 303.13  14.62
20041127 210000  9.2 212.1  2.37 14.26 224.55  23.98  5  1.71  6.65 219.93  25.17  1.59 13.78 224.95   8.99  0.39 15.44 307.11  11.80  0.17 21.76 301.97  10.74  0.14 12.52 304.08  13.74
20041128 000000  8.2 201.7  2.45 14.25 224.54  24.92  5  1.88  7.06 220.12  25.41  1.50 13.88 225.64   9.12  0.40 15.31 307.85  11.90  0.18 21.63 302.89  10.52  0.14 12.52 303.98  13.82
20041128 030000  7.5 197.9  2.46 14.23 225.05  25.46  5  1.90  7.42 219.90  25.27  1.48 13.81 226.95   9.61  0.40 15.05 308.65  11.69  0.22 20.63 303.47   9.85  0.14 12.52 303.23  14.16
20041128 060000  7.7 191.9  2.41 13.89 226.11  25.68  5  1.81  7.55 219.95  25.11  1.50 13.47 228.09  10.24  0.40 14.78 309.02  11.40  0.27 20.40 302.89   9.82  0.14 12.52 303.57  13.92
20041128 090000  7.1 191.1  2.33 13.38 227.47  25.69  4  1.64  7.55 219.65  25.48  1.57 13.30 229.30  10.97  0.41 14.66 308.31  11.60  0.31 20.36 301.88  10.27
20041128 120000  6.3 194.5  2.22 13.18 229.40  25.34  4  1.45  7.47 220.12  25.28  1.60 13.15 230.82  11.90  0.40 14.58 307.93  11.39  0.31 20.35 301.18  10.82
20041128 150000  7.6 211.5  2.13 12.23 231.05  25.21  4  1.32  7.35 221.18  25.38  1.59 12.24 231.80  12.34  0.41 14.51 307.59  11.37  0.30 20.33 301.19  11.19
20041128 180000 10.7 208.1  2.20 12.04 230.40  26.36  4  1.49  6.94 220.13  25.42  1.54 12.07 232.96  12.95  0.42 14.45 307.31  11.73  0.31 20.13 302.27  10.90
20041128 210000 10.0 208.0  2.34 12.29 229.63  28.15  5  1.74  6.46 220.14  26.43  1.45 12.31 233.85  13.29  0.40 14.41 307.48  11.91  0.37 19.21 302.89  10.23  0.12 11.76 305.13  12.23
20041129 000000  7.4 205.0  2.34 12.50 230.60  29.46  6  1.81  6.85 222.06  27.37  1.31 12.47 232.17  12.21  0.43 19.06 302.43  10.19  0.40 14.36 307.37  12.17  0.32 11.09 258.55   5.03  0.12 11.76 306.07  12.05
20041129 030000  7.6 194.7  2.27 12.93 231.51  29.82  6  1.73  7.02 222.28  27.60  1.30 12.58 232.48  12.57  0.46 19.03 301.51  10.62  0.39 14.30 307.24  12.33  0.31 11.08 259.17   5.52  0.13 11.79 306.62  12.58
20041129 060000  7.3 197.3  2.21 13.20 231.51  29.56  5  1.65  7.05 222.20  27.85  1.28 12.68 230.81  10.68  0.45 19.02 300.79  11.12  0.41 10.75 259.72   5.83  0.39 14.20 307.54  12.13
20041129 090000  6.0 199.3  2.15 12.97 232.24  28.62  4  1.50  7.05 221.58  27.57  1.43 12.64 234.22  13.73  0.42 19.01 300.78  11.63  0.38 13.95 307.31  12.28
20041129 120000  5.2 188.8  2.09 12.68 233.82  27.82  4  1.47 12.55 234.81  13.98  1.38  7.07 222.76  26.96  0.41 18.88 301.50  11.58  0.37 13.71 307.71  11.99
20041129 150000  6.2 225.0  2.06 12.53 235.87  27.81  3  1.97 12.44 230.85  20.97  0.45 18.10 302.27  10.83  0.37 13.60 308.21  11.81
20041129 180000  9.0 211.1  2.11 12.28 236.03  28.98  4  2.00 12.13 230.05  21.70  0.52 17.85 302.46  10.65  0.37 13.54 308.24  11.88  0.22 10.33 255.00   0.02
20041129 210000  8.8 209.8  2.19 17.79 234.80  30.32  5  2.05 11.85 227.74  22.99  0.56 17.80 301.87  10.91  0.37 13.50 307.52  13.03  0.35 10.31 262.15   6.11  0.21 15.87 244.78   8.13
20041130 000000  6.7 195.1  2.18 17.77 234.18  31.25  6  1.69  6.94 225.20  28.13  1.10 11.72 229.45  10.41  0.56 17.79 301.16  11.31  0.40 10.02 261.60   6.71  0.36 13.47 307.65  12.40  0.30 15.55 240.48   8.67
20041130 030000  7.0 201.6  2.08 17.76 234.34  31.59  6  1.59  6.96 224.32  28.64  1.04 11.63 230.52  11.91  0.54 17.78 300.90  11.73  0.46 14.74 240.47   8.86  0.36 13.44 307.55  12.38  0.34  9.77 263.91   7.14
20041130 060000  8.6 198.1  2.01 17.72 233.51  32.12  6  1.48  6.81 221.52  29.74  1.04 11.65 229.58  10.62  0.51 17.74 301.17  11.96  0.50 14.60 241.40   9.03  0.40  9.54 263.83   7.39  0.35 13.40 307.51  12.46
20041130 090000  6.8 193.1  1.96 11.75 234.52  32.49  6  1.41  6.48 221.43  30.36  0.99 11.66 230.13  10.62  0.57 14.32 240.37   8.53  0.51 17.58 301.61  11.68  0.41  9.50 263.47   7.80  0.35 13.34 308.23  12.48
20041130 120000  6.0 193.7  1.89 16.82 237.71  32.55  6  1.23  6.34 221.21  30.63  0.96 11.55 230.98  10.60  0.66 13.99 239.23   9.20  0.54 16.91 302.23  11.54  0.53  8.23 258.67  14.10  0.35 13.25 308.60  12.34
20041130 150000  7.1 216.0  1.84 16.67 240.85  32.27  6  1.05  5.93 218.47  28.88  1.00 11.50 232.90  10.80  0.68 13.71 236.20   9.14  0.61  9.03 263.20  10.67  0.58 16.71 302.34  11.38  0.35 13.09 308.91  12.38
20041130 180000  8.2 208.8  1.86 16.63 241.99  31.84  5  1.04  5.58 221.06  28.91  1.25 13.27 234.40  10.37  0.61 16.66 302.03  11.53  0.56  8.02 265.37  10.21  0.34 12.91 309.64  12.04
20041130 210000  7.9 216.5  1.86 16.61 242.22  31.77  5  1.03  5.20 220.99  29.59  1.26 12.68 234.46  10.01  0.61 16.64 301.68  11.77  0.58  8.92 264.13  11.11  0.34 12.80 309.94  12.10
20041201 000000  7.2 196.9  1.85 16.58 241.67  31.95  5  1.00  5.14 218.94  30.65  1.29 12.46 234.98   9.97  0.61 16.63 302.04  12.07  0.53  8.52 266.46  10.58  0.31 12.73 309.63  12.34
