Date     Time   Uabs UDir  hs    tp    th     sp     np hs(i) tp(i) th(i)  sp(i)
20050501 000000  4.5 201.0  1.74 14.44 229.20  27.05  4  0.61  4.01 226.82  34.81  1.53 14.40 222.93  12.41  0.50 14.51 298.93  10.79  0.20 11.47 314.91   8.45
20050501 030000  4.6 176.3  1.65 14.29 230.10  27.38  4  0.52  3.99 223.10  35.91  1.48 14.20 223.86  12.79  0.49 14.47 299.03  10.84  0.20 11.46 314.25   9.06
20050501 060000  4.9 201.4  1.64 14.15 232.80  26.67  5  0.42  3.90 217.88  34.89  1.46 13.90 226.47  13.96  0.48 14.41 299.52  10.63  0.31 16.05 246.26   8.76  0.20 11.46 313.89   9.21
20050501 090000  6.0 184.0  1.82 14.09 237.55  24.94  4  1.47 13.47 226.58  17.46  0.94 15.36 248.91   9.54  0.45 14.33 301.08   9.55  0.20 11.45 313.85   9.30
20050501 120000  4.6 170.0  2.11 14.00 243.11  22.94  4  1.76 14.48 247.25  17.32  1.07 13.50 221.91   8.30  0.44 14.24 301.46   9.53  0.19 11.40 313.84   9.40
20050501 150000  3.7 193.0  2.36 13.75 248.10  20.57  4  2.07 14.07 251.85  14.74  1.03 13.32 223.13   8.68  0.41 14.15 303.91   7.63  0.19 11.19 315.23   7.85
20050501 180000  4.9 202.7  2.51 13.52 251.98  19.26  4  2.28 13.51 254.68  13.72  0.93 13.22 223.88   8.90  0.45 14.03 305.74   8.74  0.10 17.89 296.77  10.44
20050501 210000  6.6 220.0  2.59 13.35 254.60  19.28  3  2.40 13.29 256.88  14.45  0.86 13.05 223.51   8.99  0.45 13.89 305.62   8.69
20050502 000000  3.0 169.4  2.60 13.22 256.42  20.08  4  2.41 13.08 259.13  15.04  0.86 13.10 221.97   9.23  0.41 13.80 304.16   7.54  0.16 10.90 316.61   7.16
20050502 030000  3.5 211.4  2.56 13.09 257.78  20.50  4  2.35 12.85 261.52  14.04  0.92 13.26 221.06   9.30  0.41 13.72 304.16   7.52  0.17 10.87 315.70   7.55
20050502 060000  1.6 166.5  2.51 12.95 258.09  21.54  3  2.27 12.73 263.57  13.91  0.99 13.18 220.16   9.52  0.41 13.64 304.29   7.52
20050502 090000  1.1  27.1  2.46 12.82 257.65  22.87  3  2.18 12.64 264.86  13.56  1.06 12.90 219.01   9.35  0.40 13.59 304.56   7.55
20050502 120000  2.1 307.1  2.41 12.71 256.66  24.27  3  2.09 12.56 265.82  13.69  1.13 12.72 218.24   9.15  0.39 13.52 305.41   7.28
20050502 150000  2.5 303.6  2.37 12.63 255.37  25.57  4  2.00 12.53 266.34  13.92  1.21 12.54 218.28   9.62  0.38 13.50 305.65   7.56  0.15 16.63 300.58  10.26
20050502 180000  1.0 248.7  2.31 12.53 254.00  26.64  5  1.87 12.37 267.42  13.29  1.30 12.63 219.64  11.05  0.38 13.48 305.63   7.35  0.15 16.62 301.27  10.38  0.14 10.36 317.19   6.72
20050502 210000  3.2 336.1  2.23 12.39 253.11  28.19  5  1.75 12.23 268.84  14.88  1.31 12.57 219.42  11.00  0.37 13.45 305.82   7.20  0.14 16.61 302.06  10.57  0.12 10.25 320.16   5.01
20050503 000000  6.7 349.5  2.16 12.24 253.05  31.28  6  1.65 11.94 272.15  19.87  1.30 12.62 219.15  11.19  0.36 13.42 306.01   7.19  0.31 17.80 225.29   7.17  0.12 10.23 320.12   5.01  0.11 16.61 305.81   9.20
20050503 030000  7.5 356.0  2.19 12.19 254.10  36.08  5  1.65 11.82 279.08  27.13  1.26 12.76 218.03  10.67  0.63 16.73 225.65   8.34  0.30 13.22 309.09   4.95  0.10 16.55 309.92   6.70
20050503 060000  9.6  19.2  2.36 12.39 255.63  42.84  5  1.71 11.66 290.02  36.71  1.21 13.19 218.17  10.98  1.02 16.07 223.06   8.72  0.35 12.94 305.00   7.83  0.11 10.17 319.81   5.27
20050503 090000 10.2  18.1  2.67 15.52 259.67  48.11  4  1.91 11.46 304.66  40.11  1.83 15.52 221.16  10.45  0.33 12.79 305.02   7.76  0.16 15.61 301.57  10.98
20050503 120000 10.2 351.8  3.22 15.27 275.09  50.94  5  2.04  7.47 335.16  26.96  2.04 15.19 221.49  10.34  1.39 10.60 275.15  11.63  0.32 12.71 305.17   7.68  0.19 15.54 300.75  11.36
20050503 150000 13.2 355.5  3.76 14.99 289.16  50.79  5  2.80  8.41 329.92  28.51  2.14 14.79 221.71  10.43  1.28 10.61 276.78  11.40  0.27 12.73 309.17   6.81  0.20 15.51 300.42  12.60
20050503 180000 14.5 358.2  4.16  9.20 302.14  50.55  4  3.56  9.10 326.39  31.86  2.13 14.77 221.56  10.44  0.18 15.52 300.20  13.48  0.06 21.77 302.51   9.76
20050503 210000 15.3 356.5  4.52  9.59 308.62  48.28  4  4.02  9.48 326.31  32.25  2.05 14.60 220.86  10.10  0.16 15.55 305.68   9.53  0.07 21.74 302.85   9.92
20050504 000000 16.9   4.8  4.77 10.60 310.95  47.81  4  4.33 10.39 325.79  34.72  1.99 14.32 221.25  11.02  0.14 16.59 245.00   0.00  0.07 21.70 303.88   9.27
20050504 030000 14.0 352.7  4.55 10.59 303.66  47.99  2  4.01 10.37 322.89  34.05  2.15 13.90 225.74  14.85
20050504 060000 10.2 320.1  4.05 13.19 283.84  47.68  4  3.21 10.02 316.54  32.12  2.45 13.34 229.28  16.14  0.18 14.62 305.74   8.63  0.10 20.45 302.62   9.65
20050504 090000  6.3 275.5  3.69 12.63 264.35  44.54  5  2.69 12.75 230.08  16.50  2.28  9.46 299.89  21.54  1.06  7.71   4.89  17.42  0.19 14.50 303.03   9.93  0.12 20.35 301.83  10.57
20050504 120000  5.3 212.1  3.46 12.06 251.46  40.90  4  2.87 12.12 230.06  17.96  1.91  9.39 312.36  27.51  0.20 14.50 302.83   9.85  0.13 20.33 302.26  10.57
20050504 150000  5.5 178.9  3.23 11.35 241.95  37.76  6  2.41 10.83 231.79  21.28  1.53 13.10 217.62   9.80  1.46  8.64 311.73  25.65  0.23 11.98 306.02   8.89  0.19 14.52 302.72  10.65  0.13 20.29 302.36  10.55
20050504 180000  9.6 183.4  3.01 12.56 233.93  35.06  5  2.75 12.62 223.24  20.03  1.18  8.61 308.01  23.69  0.22 11.78 305.29   9.43  0.18 14.51 303.61  10.01  0.13 20.10 302.34  10.41
20050504 210000  8.7 178.4  2.87 12.68 228.21  32.14  5  2.70 12.71 221.01  21.24  0.92  8.29 305.37  21.60  0.19 11.75 306.08   8.48  0.17 14.51 302.87  11.63  0.15 19.20 301.98  10.25
20050505 000000 10.1 183.0  2.80 12.62 224.89  29.38  5  2.68 12.64 219.91  21.22  0.74  8.19 303.30  20.04  0.19 19.05 301.69  10.26  0.17 11.75 305.74   9.55  0.15 14.49 303.02  11.99
20050505 030000 11.2 181.3  2.84 12.54 221.09  27.80  5  2.77 12.56 217.94  22.47  0.57  7.99 301.53  19.17  0.21 19.01 301.77  10.62  0.16 11.74 306.36   9.41  0.14 14.30 303.74  10.68
20050505 060000  9.8 181.4  2.80 12.52 219.63  26.25  4  2.78 12.53 218.95  25.14  0.20 18.99 301.57  11.12  0.15 11.72 305.15   9.42  0.14 13.70 302.65  10.41
20050505 090000 10.4 185.2  2.74 12.52 218.44  25.03  5  2.71 12.52 216.92  22.13  0.33  7.76 303.03  15.21  0.19 18.93 301.83  11.03  0.16 13.61 301.03  11.06  0.14 11.71 305.34   9.28
20050505 120000 10.7 179.3  2.73 12.51 216.82  24.79  4  2.71 12.50 216.15  23.56  0.19 18.53 301.65  10.84  0.17 13.59 300.87  11.16  0.13 11.69 305.67   9.27
20050505 150000  8.9 189.2  2.69 12.44 216.58  24.22  4  2.68 12.43 215.80  22.71  0.22 17.86 301.22  10.75  0.18 13.59 300.81  11.19  0.12 11.62 306.94   8.70
20050505 180000  8.8 194.5  2.65 12.32 217.48  23.31  6  2.60 12.33 216.08  21.19  0.39 16.28 229.40   9.90  0.26 17.79 301.29  10.56  0.18 13.61 300.75  11.38  0.12  7.53 305.60  11.50  0.11 11.51 306.62   8.50
20050505 210000  9.6 205.6  2.63 12.04 218.07  22.89  5  2.56 12.05 216.68  21.04  0.50 15.56 226.87  11.28  0.27 17.77 301.36  10.89  0.17 13.61 300.76  11.72  0.10 11.28 307.34   9.01
20050506 000000  9.5 190.5  2.59 11.80 217.92  23.18  5  2.52 11.81 216.56  21.58  0.52 15.28 227.16  11.70  0.26 17.75 301.35  11.24  0.16 13.62 300.60  12.14  0.09 11.14 307.30   9.06
20050506 030000  9.1 191.7  2.53 11.62 217.25  23.42  5  2.01  8.34 216.72  25.80  1.51 11.63 216.12  12.35  0.23 17.70 301.61  11.69  0.15 13.58 300.14  12.46  0.08 11.06 308.26   8.04
20050506 060000  6.7 180.7  2.42 11.38 217.44  23.36  7  1.86  8.19 215.94  25.97  1.43 11.40 216.59  13.21  0.49 14.67 224.66  12.52  0.21 17.34 301.47  11.74  0.18 19.31 245.27  12.22  0.14 13.43 299.51  12.97  0.07 10.98 307.69   8.21
20050506 090000  4.4 171.8  2.25 11.12 218.81  23.04  7  1.71  8.20 217.31  24.95  1.35 11.12 216.92  12.96  0.43 14.62 227.26  13.64  0.23 16.70 300.95  11.17  0.23 18.79 245.81  11.49  0.14 12.93 299.80  11.85  0.07 10.96 307.05   8.16
20050506 120000  5.0 187.8  2.05 10.99 220.26  23.34  7  1.53  8.18 219.21  24.18  1.24 10.99 215.93  12.12  0.40 14.59 229.94  14.31  0.28 16.62 300.80  10.83  0.25 18.34 245.95  11.84  0.15 12.85 300.04  10.94  0.07 10.96 306.56   9.11
20050506 150000  5.9 185.0  1.89 10.88 221.10  24.33  7  1.40  8.17 219.34  23.95  1.12 10.87 216.23  12.73  0.34 17.96 245.86  11.01  0.33 14.40 217.53   6.55  0.30 16.61 300.96  11.03  0.15 12.82 300.69  10.13  0.07 10.94 306.51   9.15
20050506 180000  8.1 208.0  1.78 10.76 221.55  24.84  8  1.24  7.66 218.59  24.50  1.10 10.75 216.17  12.76  0.40 13.81 222.00  10.43  0.33 17.67 246.47  12.27  0.30 16.60 300.96  11.23  0.19 14.07 255.09   6.88  0.16 12.84 299.05  11.71  0.07 10.92 306.66   9.23
20050506 210000  9.5 202.5  1.85 10.61 220.60  25.21  8  1.74 10.60 216.64  21.28  0.33 13.66 221.97   9.50  0.33 16.92 251.70   9.13  0.27 13.91 251.63   9.08  0.27 16.58 302.47  10.38  0.16 12.82 299.50  11.43  0.10 19.46 220.44   8.56  0.07 10.90 306.58   9.58
20050507 000000  7.7 196.5  1.79 10.48 220.39  26.39  9  1.35  7.06 216.95  27.10  0.98 10.46 214.53  11.64  0.34 16.77 252.21  10.22  0.32 13.61 222.23   9.26  0.30 12.97 253.97   7.12  0.23 16.50 303.76  10.41  0.16 12.80 298.92  11.80  0.13 19.10 219.69   7.92  0.06 10.84 307.64   8.19
20050507 030000  8.1 165.2  1.69 10.36 218.24  29.30  8  1.29  6.82 212.15  30.42  0.88 10.35 213.59  11.74  0.38 16.47 249.38  11.34  0.33 12.87 253.49   8.78  0.30 13.39 218.67   6.16  0.23 15.78 302.51  10.86  0.16 12.79 301.50  10.61  0.13 18.99 219.19   8.20
20050507 060000  4.4 158.4  1.52 15.62 220.78  30.12  8  1.06  6.68 213.17  31.68  0.86 10.24 213.18  11.55  0.39 15.79 250.71  11.30  0.36 12.60 253.15   8.84  0.25 13.48 218.56   7.08  0.25 15.56 301.88  10.31  0.15 12.74 301.51  10.69  0.12 18.96 217.57   7.69
20050507 090000  4.2 176.9  1.37 15.54 224.92  29.85  8  1.18 10.16 214.72  23.55  0.40 15.57 252.39   9.11  0.36 12.04 254.98   8.01  0.29 13.29 219.55   8.39  0.28 15.53 301.38  10.12  0.14 12.68 301.92  10.47  0.14 18.97 220.02   8.70  0.05 15.94 219.53   4.98
20050507 120000  5.7 189.1  1.29 15.48 226.99  30.78  9  1.07 10.04 213.98  22.68  0.42 15.37 252.37   9.37  0.38 11.86 254.20   8.84  0.31 15.52 301.38  10.16  0.21 13.04 221.62   6.91  0.14 18.70 219.09   8.95  0.13 12.60 301.18  10.04  0.06 15.92 219.47   4.97  0.05 10.31 306.83   9.89
20050507 150000  5.2 153.1  1.24 15.41 227.54  32.60  8  1.01  9.83 211.75  24.69  0.46 14.77 251.73   9.31  0.38 11.68 253.92  10.01  0.30 15.51 301.37  10.23  0.18 12.78 220.34   8.99  0.16 17.87 219.32   8.65  0.13 12.53 301.43   9.87  0.05 10.27 306.96   9.57
20050507 180000  5.3 209.1  1.18 15.24 231.51  31.05  6  0.89  9.68 213.27  23.46  0.57 14.43 246.66  13.33  0.39 11.30 253.74   9.49  0.28 15.50 301.86  10.47  0.14 12.56 218.06   4.61  0.14 12.45 300.26  10.37
20050507 210000  7.2 226.9  1.23 14.19 234.69  28.22  6  0.88  9.59 217.17  23.61  0.70 13.83 246.49  10.91  0.35 11.08 256.76   7.40  0.25 15.44 302.42  10.87  0.21 17.14 222.22  10.19  0.15 12.41 297.55  12.65
20050508 000000  4.5 113.8  1.29 12.98 236.65  27.50  5  0.94 13.09 247.14  10.77  0.82  9.52 215.65  27.06  0.24 15.11 302.53  10.92  0.21 17.18 218.98   8.51  0.15 12.38 301.29  10.39
20050508 030000  1.7 125.8  1.35 12.53 240.65  23.90  6  1.09 12.56 246.30  10.20  0.68  9.47 215.90  26.61  0.24 14.60 301.85  10.70  0.23 16.95 218.58   8.72  0.22 16.90 253.32  10.29  0.14 12.39 302.95   9.71
20050508 060000  1.4 240.2  1.47 11.95 244.12  20.35  6  1.29 11.95 246.97   9.59  0.54  9.40 215.68  26.00  0.30 16.29 220.70   8.82  0.26 14.53 301.00  10.48  0.22 16.94 255.16   9.41  0.14 12.09 301.49  10.62
20050508 090000  1.0  64.9  1.66 11.59 247.26  17.45  6  1.55 11.54 248.35  10.28  0.35  9.15 203.44  13.87  0.32 15.99 220.02   8.59  0.28 14.51 300.05  10.55  0.19 17.10 258.17   8.35  0.14 11.98 300.88  10.90
20050508 120000  3.0 321.6  1.85 11.11 250.03  16.02  5  1.78 11.11 250.28  12.57  0.32 15.89 219.46   9.80  0.28 14.51 299.78  10.52  0.19  9.06 203.37   8.01  0.18 16.79 259.51   7.45
20050508 150000  1.0 154.9  1.91 10.76 252.38  16.06  4  1.84 10.77 252.91  13.05  0.39 15.55 219.39   9.39  0.29 14.50 297.51  12.34  0.09  9.32 198.60   5.24
20050508 180000  4.4 226.3  1.86 10.46 253.97  16.78  3  1.79 10.46 255.00  13.61  0.43 15.43 218.97   9.21  0.26 14.48 298.27  12.26
20050508 210000  3.9 209.0  1.78 10.32 254.36  18.01  5  1.53 10.32 257.82  15.30  0.73 12.48 250.14   7.44  0.49 15.24 220.01   9.63  0.23 14.45 301.24  10.60  0.05 20.33 297.73  11.81
20050509 000000  3.7 215.0  1.71 10.22 254.15  18.84  5  1.43 10.22 258.81  15.74  0.75 12.44 249.72   8.12  0.52 14.97 219.55   9.59  0.22 14.24 300.77  10.98  0.06 21.80 214.53   6.85
20050509 030000  3.3 151.5  1.66 14.08 253.37  19.56  5  1.36 10.10 258.90  16.32  0.75 12.51 249.71   7.94  0.54 14.82 219.21   9.76  0.20 13.75 300.99  10.80  0.09 21.42 214.26   6.86
20050509 060000  2.5 105.9  1.64 13.67 252.13  21.93  5  1.28  9.93 258.56  20.47  0.82 12.54 250.82   8.82  0.57 14.76 218.90   9.36  0.20 13.61 301.19  10.37  0.12 20.47 215.09   7.27
20050509 090000  2.4  92.9  1.63 13.70 251.35  21.17  7  1.22  9.86 258.77  18.99  0.86 13.12 250.27   7.99  0.60 14.62 219.27   9.57  0.19 13.58 300.57  10.62  0.15 20.32 214.68   6.70  0.08 18.99 294.13  12.04  0.06 15.56 301.44   5.98
20050509 120000  0.9  76.5  1.61 13.84 250.59  20.91  7  1.17  9.87 258.20  18.61  0.90 12.83 249.87   8.44  0.58 14.17 217.98   8.65  0.19 13.57 299.60  10.39  0.18 19.49 214.59   7.36  0.09 19.00 296.46  11.66  0.08 15.55 300.25   9.93
20050509 150000  2.0 259.6  1.59 13.80 249.97  20.83  6  1.44 12.74 254.80  15.63  0.58 13.98 218.10   8.84  0.22 19.05 215.32   7.64  0.19 13.57 299.22  10.32  0.09 19.00 297.00  12.33  0.07 15.52 304.30   7.64
20050509 180000  2.7 250.3  1.55 13.55 249.54  20.80  6  1.39 12.85 254.70  15.41  0.56 13.81 218.88   9.08  0.29 18.67 215.59   7.49  0.19 13.57 299.20  10.26  0.08 19.00 297.47  12.87  0.07 15.52 304.26   7.73
20050509 210000  4.1 240.3  1.51 13.42 248.84  20.95  5  1.34 13.23 254.88  15.37  0.59 13.61 221.33   9.72  0.32 17.92 215.59   7.56  0.20 13.57 298.90  10.42  0.07 18.91 296.79  13.15
20050510 000000  0.9   2.4  1.55 13.28 246.73  20.78  4  1.49 13.24 247.65  18.79  0.37 17.68 215.99   6.91  0.20 13.58 299.14  10.54  0.09 17.90 294.94  11.67
20050510 030000  0.4   1.8  1.79 12.79 243.12  19.50  3  1.73 12.79 244.74  18.43  0.44 17.03 215.21   6.92  0.12 17.78 295.59  10.76
20050510 060000  0.6 310.2  2.08 12.46 241.23  18.35  3  2.03 12.46 242.22  17.55  0.44 16.77 215.55   7.25  0.14 17.75 294.73  12.25
20050510 090000  2.5 219.1  2.28 12.35 240.60  18.20  4  2.19 12.34 242.00  16.73  0.60 16.28 215.98   7.52  0.15 14.32 305.20   7.98  0.15 17.73 292.78  14.71
20050510 120000  6.4 193.1  2.65 12.62 236.81  18.63  3  2.65 12.61 236.52  18.11  0.16 14.38 303.36   9.81  0.12 17.75 296.92  13.04
20050510 150000  5.7 172.2  3.34 14.72 232.45  17.72  2  3.34 15.02 232.37  17.57  0.12 14.51 305.54   7.62
20050510 180000  8.7 191.1  3.94 14.85 231.31  16.72  1  3.94 14.85 231.31  16.72
20050510 210000 10.3 195.4  4.29 14.68 231.50  17.23  3  0.94  4.17 209.63  31.07  4.18 14.68 232.38  15.35  0.16 16.62 300.61  10.10
20050511 000000  9.1 173.8  4.43 14.62 231.78  18.39  2  4.42 14.62 231.70  18.23  0.17 16.60 299.92  10.25
20050511 030000 11.0 175.5  4.48 14.58 231.18  20.12  1  4.48 14.58 231.18  20.12
20050511 060000  9.8 156.5  4.44 14.54 230.76  21.51  1  4.44 14.54 230.76  21.51
20050511 090000  8.4 154.2  4.35 14.56 230.96  20.78  2  0.72  4.27 146.01  21.11  4.29 14.56 232.53  16.47
20050511 120000  6.8 166.1  4.31 14.67 230.87  19.00  1  4.31 14.67 230.87  19.00
20050511 150000  6.7 183.3  4.30 14.85 230.12  17.73  1  4.30 14.85 230.12  17.73
20050511 180000 11.4 196.0  4.33 15.00 228.25  18.02  2  4.33 14.98 228.16  17.84  0.17 15.53 300.38   9.30
20050511 210000 10.4 199.8  4.30 15.02 226.97  18.71  2  4.29 14.98 226.85  18.48  0.20 15.51 296.57  11.51
20050512 000000  8.6 190.6  4.10 14.96 226.44  18.88  2  4.10 14.92 226.30  18.61  0.20 15.51 296.55  11.83
20050512 030000  8.6 185.9  3.87 14.90 225.98  18.74  2  3.86 14.86 225.83  18.46  0.20 15.51 296.66  12.39
20050512 060000  6.4 185.2  3.62 14.76 225.98  17.89  2  3.61 14.73 225.83  17.57  0.19 15.51 297.57  12.34
20050512 090000  4.6 149.2  3.43 14.60 225.73  17.02  2  3.43 14.60 225.63  16.75  0.15 15.50 301.69  10.06
20050512 120000  2.3 186.6  3.32 14.50 225.33  16.22  1  3.32 14.50 225.33  16.22
20050512 150000  0.5 173.0  3.28 14.39 225.02  15.49  2  3.28 14.39 224.90  15.16  0.15 14.54 301.05   9.44
20050512 180000  3.0 205.5  3.33 14.38 224.77  14.91  2  3.32 14.37 224.60  14.42  0.19 14.50 298.25  10.45
20050512 210000  1.5 226.8  3.47 14.70 224.55  14.31  2  3.46 14.77 224.35  13.72  0.21 14.49 297.50  10.80
20050513 000000  3.5 195.8  3.61 15.34 224.51  13.96  2  3.60 15.46 224.32  13.37  0.22 14.49 297.07  11.42
20050513 030000  4.2 190.9  3.68 15.70 224.55  14.03  2  3.67 15.74 224.37  13.52  0.21 14.49 296.84  11.88
20050513 060000  7.1 165.2  3.66 15.63 224.39  14.61  2  3.66 15.66 224.25  14.23  0.18 14.49 297.10  12.36
20050513 090000  6.3 174.9  3.58 15.48 224.24  15.06  1  3.58 15.48 224.24  15.06
20050513 120000  8.8 178.3  3.52 15.32 223.51  16.06  1  3.52 15.32 223.51  16.06
20050513 150000  8.4 165.7  3.42 15.20 222.30  17.71  1  3.42 15.20 222.30  17.71
20050513 180000  9.9 189.8  3.32 15.04 221.48  17.51  2  3.32 15.04 221.40  17.30  0.13 13.56 299.61   9.66
20050513 210000 11.9 195.2  3.34 14.63 220.12  18.75  3  1.53  5.37 209.92  30.83  2.97 14.64 222.34  12.34  0.15 13.55 297.12  11.10
20050514 000000  9.2 177.8  3.20 14.39 219.39  19.61  2  3.19 14.40 219.26  19.33  0.15 13.55 296.93  11.42
20050514 030000 10.7 194.5  3.08 14.21 218.69  19.31  3  1.48  5.65 208.41  31.10  2.69 14.23 221.22  12.02  0.15 13.55 296.89  11.67
20050514 060000  9.7 190.3  3.00 13.86 218.17  19.62  2  3.00 13.88 218.04  19.33  0.14 13.54 296.67  12.18
20050514 090000  9.8 186.5  2.85 13.58 217.72  19.91  2  2.85 13.58 217.60  19.66  0.13 13.54 296.83  12.56
20050514 120000  9.0 190.5  2.71 13.42 217.35  19.77  3  1.46  6.32 210.01  29.93  2.28 13.42 219.87  12.16  0.10 13.50 300.32  10.34
20050514 150000  9.3 183.3  2.64 13.27 216.09  20.39  1  2.64 13.27 216.09  20.39
20050514 180000  8.7 190.3  2.54 13.00 216.49  19.67  2  1.52  6.65 213.17  28.80  2.04 13.00 218.13  11.55
20050514 210000 11.2 201.1  2.62 12.76 216.26  19.58  4  1.78  6.83 215.19  26.24  1.89 12.76 217.06  10.52  0.35 15.51 215.00   0.00  0.09 12.68 297.63  11.32
20050515 000000 10.3 190.7  2.77 12.60 215.40  21.36  4  2.12  7.19 214.90  26.48  1.71 12.60 215.89  10.03  0.50 15.62 215.99   6.62  0.09 12.67 296.68  11.62
20050515 030000 10.5 186.2  2.80 12.48 214.00  22.65  4  2.22  7.46 213.06  27.44  1.52 12.47 215.23   9.67  0.79 15.32 215.30   9.00  0.10 12.66 295.15  13.16
20050515 060000  8.7 181.8  2.66 12.32 213.95  22.64  4  2.09  7.52 213.05  27.56  1.48 12.30 214.77   9.84  0.72 15.33 216.38   8.15  0.09 12.66 296.38  12.37
20050515 090000  8.8 186.9  2.47 11.95 214.57  21.96  4  1.90  7.42 213.95  27.20  1.32 11.93 214.81   9.78  0.88 14.59 216.03   9.12  0.09 12.66 297.02  12.23
20050515 120000  8.1 181.6  2.30 11.78 214.88  21.75  4  1.72  7.23 214.49  27.61  1.27 11.77 214.71   9.81  0.84 14.53 216.06   8.02  0.09 12.64 296.85  12.98
20050515 150000  8.3 187.7  2.13 14.00 214.78  21.44  4  1.53  6.95 213.87  28.03  1.14 11.55 215.19  10.27  0.95 14.02 215.85   8.69  0.09 12.63 296.97  13.27
20050515 180000  9.6 214.1  2.04 13.71 215.68  20.56  3  1.42  6.54 215.29  27.34  1.47 13.72 215.87  10.24  0.07 12.57 300.84  10.49
20050515 210000  8.4 205.6  2.00 13.58 216.55  20.43  2  1.33  5.89 217.17  28.00  1.50 13.58 216.11  11.35
20050516 000000  7.1 200.2  1.92 13.53 216.14  19.63  2  1.11  5.64 218.15  29.72  1.56 13.53 215.24  11.46
20050516 030000  7.3 183.4  1.93 14.06 214.59  18.55  2  1.93 14.06 214.53  18.39  0.06 11.86 300.86  10.53
20050516 060000  6.1 162.7  1.96 14.34 213.67  17.52  1  1.96 14.34 213.67  17.52
20050516 090000  4.2 138.7  1.98 14.39 213.82  15.71  1  1.98 14.39 213.82  15.71
20050516 120000  2.7 149.6  1.99 14.38 214.19  14.00  1  1.99 14.38 214.19  14.00
20050516 150000  3.2 153.0  2.01 14.38 214.63  12.82  1  2.01 14.38 214.63  12.82
20050516 180000  5.1 207.2  2.02 14.39 215.09  12.43  1  2.02 14.39 215.09  12.43
20050516 210000  4.1 226.1  2.07 14.45 215.89  12.54  1  2.07 14.45 215.89  12.54
20050517 000000  0.8 286.3  2.14 14.61 217.00  12.91  1  2.14 14.61 217.00  12.91
20050517 030000  1.9  44.7  2.22 14.69 218.44  13.83  1  2.22 14.69 218.44  13.83
20050517 060000  5.3  14.4  2.41 14.71 220.48  17.74  1  2.41 14.71 220.48  17.74
20050517 090000  6.6  19.2  2.88 14.67 222.83  21.74  1  2.88 14.67 222.83  21.74
20050517 120000  7.1   0.1  3.53 14.59 225.00  21.53  1  3.53 14.59 225.00  21.53
20050517 150000  6.8 349.0  4.02 14.71 226.89  20.35  1  4.02 14.71 226.89  20.35
20050517 180000  4.9 326.0  4.33 15.10 227.93  19.05  1  4.33 15.10 227.93  19.05
20050517 210000  3.9 313.2  4.46 15.29 228.35  17.78  1  4.46 15.29 228.35  17.78
20050518 000000  5.7 325.6  4.41 15.30 228.57  17.69  1  4.41 15.30 228.57  17.69
20050518 030000  5.9 337.3  4.26 15.19 228.56  18.48  1  4.26 15.19 228.56  18.48
20050518 060000  9.0 357.4  4.07 14.90 229.13  23.00  1  4.07 14.90 229.13  23.00
20050518 090000  9.9 355.7  3.84 14.64 230.98  29.63  1  3.84 14.64 230.98  29.63
20050518 120000 13.3 352.1  3.65 14.47 235.67  37.64  2  1.33  4.62 342.62  32.32  3.40 14.47 228.23  18.17
20050518 150000 11.3 332.1  3.48 14.30 241.72  39.96  2  1.49  5.32 329.82  31.55  3.15 14.30 230.08  20.06
20050518 180000 11.6 273.4  3.63 14.10 240.28  33.47  1  3.63 14.10 240.28  33.47
20050518 210000  6.3 246.3  3.98 13.65 233.71  27.27  1  3.98 13.65 233.71  27.27
20050519 000000  3.1 269.0  4.03 13.37 231.48  24.58  1  4.03 13.37 231.48  24.58
20050519 030000  2.2 180.5  3.84 13.26 231.34  23.63  1  3.84 13.26 231.34  23.63
20050519 060000  1.5 305.8  3.60 13.35 230.97  23.17  1  3.60 13.35 230.97  23.17
20050519 090000  3.7 348.3  3.37 13.34 230.45  22.99  1  3.37 13.34 230.45  22.99
20050519 120000  5.0   2.2  3.16 13.24 229.89  23.10  1  3.16 13.24 229.89  23.10
20050519 150000  2.8 339.6  3.02 13.15 229.39  22.77  2  3.02 13.15 229.40  22.77  0.07 21.81 217.04   7.74
20050519 180000  7.5 220.7  2.96 12.89 229.01  22.16  1  2.96 12.89 229.01  22.16
20050519 210000  7.5 200.5  2.94 12.66 228.00  22.08  2  2.93 12.66 228.02  22.09  0.11 20.58 216.88   7.71
20050520 000000  6.0 199.5  2.85 12.51 227.61  21.88  2  2.84 12.51 227.64  21.89  0.14 20.41 217.32   7.71
20050520 030000  5.8 193.3  2.73 12.38 227.32  21.39  2  2.72 12.38 227.35  21.41  0.17 20.21 217.57   7.54
20050520 060000  7.3 185.8  2.62 12.26 226.16  21.26  2  2.61 12.26 226.22  21.30  0.21 19.32 217.35   7.72
20050520 090000  7.1 157.0  2.52 12.01 223.91  22.16  2  2.51 12.01 223.98  22.25  0.25 19.10 217.42   7.38
20050520 120000  6.7 167.3  2.39 11.87 222.47  22.01  2  2.38 11.87 222.53  22.14  0.28 18.98 218.22   7.29
20050520 150000  9.1 172.7  2.35 11.79 219.40  22.59  2  2.33 11.79 219.43  22.79  0.33 18.24 217.74   7.45
20050520 180000 10.3 180.3  2.38 11.75 216.13  23.39  2  2.34 11.75 216.08  23.68  0.40 17.87 217.61   7.39
20050520 210000 12.3 177.3  2.49 11.71 212.06  25.06  3  1.62  5.62 201.26  32.93  1.84 11.71 218.88  13.60  0.43 17.77 217.93   7.37
20050521 000000 12.2 170.7  2.53 11.68 208.57  27.12  3  1.83  6.02 199.46  33.96  1.69 11.68 216.88  12.03  0.48 17.52 217.40   7.72
20050521 030000 11.8 164.4  2.46 11.64 205.67  28.91  3  1.82  6.15 195.18  35.06  1.56 11.64 216.11  12.26  0.55 16.75 217.42   7.60
20050521 060000 11.3 164.6  2.38 11.60 203.60  29.40  3  1.75  5.99 191.19  35.13  1.49 11.60 215.53  12.20  0.60 16.62 217.12   7.67
20050521 090000  9.9 151.1  2.22 11.51 203.08  30.21  4  1.58  6.06 188.26  36.61  1.44 11.51 215.20  12.13  0.58 16.60 216.34   7.46  0.06 15.60 303.54  10.92
20050521 120000  7.5 154.5  2.01 11.35 205.78  28.51  4  1.23  6.10 184.44  37.01  1.44 11.35 215.72  13.27  0.67 16.12 216.30   8.28  0.07 15.55 301.66  12.71
20050521 150000  7.6 164.7  1.88 15.55 207.91  25.60  5  1.07  6.08 189.21  35.96  1.39 11.23 214.62  12.55  0.66 15.66 216.18   8.29  0.09  9.84 278.19  15.89  0.07 15.54 301.81  12.63
20050521 180000  8.5 206.2  1.83 15.46 210.55  22.10  5  1.58 11.15 208.27  24.22  0.65 12.99 215.73  10.90  0.65 15.57 216.17   8.01  0.09  9.91 276.21  16.60  0.07 15.53 301.95  12.83
20050521 210000  7.9 196.4  1.84 15.36 212.16  20.94  4  1.20  5.97 208.90  28.56  1.19 11.14 213.80  12.78  0.73 15.38 215.22   8.10  0.06 15.50 303.69  10.73
20050522 000000  8.0 188.1  1.78 15.17 213.46  21.56  5  1.21  6.02 212.39  28.68  1.09 10.96 212.05  10.43  0.70 15.16 217.38   9.07  0.14 11.24 263.54  15.07  0.07 15.32 302.94  11.63
20050522 030000  7.0 173.3  1.69 14.82 214.09  22.79  6  1.15  6.00 213.46  30.44  1.05 10.54 212.17  10.24  0.64 14.90 217.70   9.69  0.15 11.24 259.05   9.92  0.07 14.67 299.72  10.33  0.05 11.52 308.04   8.52
20050522 060000  3.8 150.7  1.55 14.71 216.07  22.75  7  1.02  5.97 217.13  30.64  0.83 10.43 211.44  10.32  0.61 14.82 218.44  10.14  0.51 12.29 214.51   8.58  0.18 11.00 259.14   9.19  0.08 14.56 299.45  10.40  0.05 11.57 307.97   8.61
20050522 090000  2.4 115.7  1.40 14.65 218.15  21.79  6  0.88 10.27 212.74  10.75  0.87  5.79 220.89  29.21  0.62 14.67 218.79  10.48  0.20 10.95 257.96   9.34  0.09 14.53 299.26  10.75  0.06 11.59 308.36   8.65
20050522 120000  2.1 157.5  1.26 14.57 219.78  21.10  6  0.80 12.10 213.49  11.08  0.72  5.68 223.30  28.64  0.61 14.58 219.85  10.29  0.22 10.73 256.98   9.06  0.09 14.52 299.36  11.12  0.06 11.59 308.69   8.73
20050522 150000  2.0 177.7  1.15 14.49 221.31  20.54  6  0.72 14.49 219.15  10.25  0.64  9.73 214.72  13.11  0.58  5.44 225.29  28.66  0.24 10.39 256.84   8.69  0.09 14.52 299.60  11.41  0.06 11.57 308.83   8.98
20050522 180000  3.0 262.2  1.09 14.44 223.01  19.72  5  0.75  9.62 219.96  21.46  0.73 14.43 220.55  10.41  0.29 10.29 253.89  10.35  0.08 14.50 300.33  11.32  0.05 11.50 309.42   8.90
20050522 210000  4.6 335.9  1.11 14.36 226.28  21.68  3  1.11 14.35 225.79  20.76  0.08 14.38 300.41  10.88  0.05 11.27 310.59   8.35
20050523 000000  7.0   2.5  1.23 14.12 235.00  35.75  5  0.46  2.88 331.95  35.33  0.87 10.04 230.03  17.07  0.73 14.14 222.19  10.15  0.09 13.78 300.24  10.59  0.05 11.16 309.50   9.15
20050523 030000  9.5 354.8  1.49 13.62 261.46  50.60  5  0.93  4.25 332.64  32.66  0.96  9.86 233.83  15.04  0.65 13.61 221.17   9.36  0.10 13.62 299.80  10.83  0.05 11.05 309.76   9.18
20050523 060000  9.0 356.7  1.69 13.50 275.68  48.03  6  1.19  5.57 323.90  30.71  1.01  9.75 239.60  14.75  0.55 13.51 220.44   8.57  0.30 16.70 222.37   8.01  0.11 13.58 299.82  10.88  0.05 10.99 309.91   9.26
20050523 090000 14.1   5.9  2.45  6.68 308.26  48.24  5  2.06  6.37 333.68  32.66  1.11  9.88 248.52  15.13  0.57 13.34 225.67  12.18  0.44 15.92 221.76   7.93  0.12 13.57 300.15  10.91
20050523 120000 16.2   9.6  3.43  9.14 305.39  48.06  5  2.21  6.79 356.78  27.33  2.46  9.43 276.99  25.57  0.71 13.33 224.86   8.99  0.55 15.52 220.86   8.27  0.14 13.59 299.43  11.47
20050523 150000 11.9   1.1  3.66 10.99 293.34  46.82  4  1.89  7.20   2.93  24.45  2.96 10.90 277.65  27.99  1.02 14.54 223.04   9.44  0.06 19.03 300.64   9.57
20050523 180000  9.1 349.4  3.59 13.37 277.20  43.60  3  3.58 13.37 277.36  43.71  0.29 18.19 255.98   8.47  0.07 19.00 303.73   7.87
20050523 210000  8.7   3.8  3.87 13.40 263.11  37.35  2  3.87 13.40 263.09  37.35  0.08 18.98 304.09   7.79
20050524 000000 11.7   1.7  4.21 13.39 258.78  35.32  1  4.21 13.39 258.78  35.32
20050524 030000  9.3   0.2  4.28 13.76 256.50  33.90  1  4.28 13.76 256.50  33.90
20050524 060000  5.1   6.5  4.10 13.84 252.78  30.78  1  4.10 13.84 252.78  30.78
20050524 090000  4.5  57.9  3.84 13.42 248.58  28.52  1  3.84 13.42 248.58  28.52
20050524 120000  4.9  97.0  3.57 12.85 243.97  28.10  1  3.57 12.85 243.97  28.10
20050524 150000  3.7  98.6  3.28 12.48 239.82  27.72  2  3.28 12.48 239.73  27.63  0.13 17.74 304.94   7.80
20050524 180000  4.0 191.3  2.99 12.02 236.53  27.44  2  2.99 12.02 236.41  27.31  0.14 17.74 302.56  10.40
20050524 210000  4.7 183.6  2.75 11.78 234.11  27.19  4  2.74 11.78 233.97  26.96  0.17 16.84 214.41   5.59  0.12 17.74 303.42  10.63  0.11 12.63 302.48  10.11
20050525 000000  3.3 167.1  2.53 11.62 232.61  26.82  3  2.53 11.61 232.38  26.55  0.11 12.54 304.03  10.05  0.11 17.70 301.25  12.77
20050525 030000  5.4 136.1  2.34 11.43 231.24  27.11  5  2.31 11.41 231.35  26.92  0.31 15.71 212.49   6.06  0.11 17.28 301.30  11.05  0.11 12.12 303.36  10.54  0.10 20.48 218.59   7.59
20050525 060000  3.1 118.0  2.15 11.20 230.68  27.18  4  2.11 11.19 230.77  26.90  0.37 15.68 214.73   7.30  0.15 16.63 300.90  10.52  0.11 11.97 304.08  10.07
20050525 090000  3.6  97.4  2.01 11.06 230.48  26.76  5  1.94 11.05 230.69  26.32  0.43 15.29 214.44   5.95  0.19 16.58 300.88  11.13  0.17 19.26 218.62   8.03  0.11 11.93 304.34   9.82
20050525 120000  2.3  96.8  1.88 10.99 230.19  26.54  5  1.80 10.98 230.29  25.83  0.42 15.12 214.63   5.69  0.23 18.75 217.91   8.31  0.21 16.58 301.36  11.65  0.11 11.90 304.87   9.43
20050525 150000  3.1 111.9  1.76 10.94 229.86  26.14  4  1.51 10.85 231.75  26.89  0.87 12.87 220.34  12.66  0.21 16.57 301.63  12.10  0.11 11.88 304.35   9.90
20050525 180000  0.7 199.5  1.65 10.85 229.64  25.69  6  1.24 10.60 220.64  15.63  0.74 10.93 266.88  20.86  0.70 13.62 216.08   7.29  0.27 18.08 220.73   6.92  0.20 16.57 301.74  13.15  0.11 11.88 304.59   9.72
20050525 210000  3.5 238.8  1.52 10.57 229.74  25.38  6  1.02 10.49 218.36  13.50  0.78 11.61 262.02  19.33  0.73 13.29 215.39   7.71  0.32 17.74 218.42   8.49  0.17 16.55 301.47  14.11  0.11 11.87 305.26   9.85
20050526 000000  3.4 142.0  1.40 10.46 230.42  25.52  6  0.88 10.43 216.49  12.55  0.76 11.58 260.66  18.69  0.65 13.13 216.71   7.21  0.40 17.06 218.50   8.36  0.16 16.34 300.97  13.41  0.12 11.86 305.46   9.76
20050526 030000  5.7 150.0  1.31 11.77 229.52  29.69  8  0.27  2.28 152.28  27.41  0.72 10.28 216.46  11.58  0.71 10.72 259.73  18.14  0.65 12.22 216.65   8.44  0.39 16.81 219.46   8.62  0.19 15.51 301.03  11.52  0.11 11.86 305.18   9.20  0.06 20.44 304.43   9.97
20050526 060000  3.6 100.8  1.25 16.23 232.18  29.69  6  0.90 13.51 217.83  10.37  0.73 10.78 252.85  33.03  0.40 16.72 220.88   7.97  0.24 15.47 301.51  10.41  0.12 11.85 306.63   9.12  0.07 20.43 305.65   9.70
20050526 090000  1.5  67.5  1.42 15.56 234.88  25.57  5  1.30 13.37 233.85  22.45  0.49 16.14 220.05   7.88  0.28 15.47 301.75  10.74  0.12 11.80 306.38   9.44  0.07 20.40 306.65   9.32
20050526 120000  0.5 234.3  1.75 15.40 236.41  21.60  6  1.44 11.24 239.84  18.90  0.79 13.08 223.08   9.47  0.50 15.71 220.00   7.94  0.29 15.48 301.26  12.24  0.12 11.68 305.94   9.74  0.08 20.14 305.89   9.60
20050526 150000  2.7  44.8  1.95 11.38 237.70  20.26  6  1.61 10.95 242.05  17.70  0.94 12.95 223.97   8.55  0.49 15.60 220.21   8.17  0.28 15.48 301.12  13.11  0.12 11.54 307.01   8.68  0.11 19.28 304.82  10.19
20050526 180000  0.9 334.1  2.00 12.33 238.49  21.91  3  1.98 12.34 237.21  20.00  0.28 15.48 302.05  13.33  0.13 19.13 304.65  10.29
20050526 210000  1.2   7.2  2.06 12.45 237.66  21.01  4  2.04 12.44 236.54  19.18  0.23 15.44 301.86  12.78  0.15 19.10 305.44  10.09  0.11 11.33 307.30   8.46
20050527 000000  2.5 320.5  2.19 12.70 235.81  20.33  5  2.16 12.65 234.74  18.53  0.23 14.51 302.59  11.18  0.21 19.57 237.54   8.75  0.15 19.08 306.73   9.62  0.11 11.31 306.91   8.24
20050527 030000  2.2  37.9  2.35 13.25 234.21  19.61  5  2.30 13.00 233.02  17.63  0.33 19.14 239.12   8.89  0.26 14.35 302.64  10.42  0.15 19.02 307.48   9.30  0.11 11.31 306.92   8.17
20050527 060000  3.6  46.2  2.49 13.32 233.61  20.76  5  2.40 13.14 232.02  18.79  0.55 18.68 238.75   9.33  0.30 14.41 302.47  10.36  0.18 18.57 306.00  10.94  0.12 11.34 307.13   8.10
20050527 090000  3.6  50.5  2.62 13.41 233.56  19.67  5  2.46 13.20 231.70  17.32  0.81 17.95 236.30  11.21  0.32 14.44 302.54  10.48  0.23 17.92 305.22  10.50  0.12 11.37 307.13   8.19
20050527 120000  1.3 346.7  2.82 14.14 233.11  18.30  5  2.67 13.70 230.93  15.56  0.82 17.96 240.41   8.08  0.32 14.46 302.52  10.75  0.26 17.84 305.17  10.62  0.12 11.37 307.25   8.03
20050527 150000  1.4  59.5  3.11 16.73 232.04  16.93  4  2.49 14.12 231.41  15.37  1.82 16.89 230.12  11.54  0.33 14.46 303.17  10.66  0.28 17.82 305.98  10.25
20050527 180000  3.3 249.4  3.40 16.43 231.07  15.71  4  3.37 16.41 230.26  13.40  0.27 14.46 301.88  11.37  0.26 17.81 307.98   9.45  0.16 12.57 307.81   7.77
20050527 210000  2.6 248.8  3.55 16.12 230.80  15.01  4  3.52 16.11 230.12  12.95  0.26 17.73 309.00   9.27  0.23 14.44 301.66  11.70  0.18 12.61 307.75   7.84
20050528 000000  2.4 203.8  3.51 15.58 231.21  15.07  3  3.48 15.55 230.45  12.73  0.30 16.99 307.58   9.69  0.28 12.86 304.88   9.64
20050528 030000  3.0  84.2  3.38 15.44 232.00  15.69  3  3.35 15.39 230.91  12.53  0.37 16.68 305.96  10.12  0.28 13.26 304.61   9.54
20050528 060000  2.4 102.8  3.27 15.36 232.65  16.28  3  3.23 15.31 231.28  12.40  0.41 16.64 306.28   9.55  0.30 13.41 303.80  10.17
20050528 090000  3.5  78.0  3.20 15.23 232.97  16.46  3  3.16 15.19 231.52  12.42  0.40 16.63 306.97   9.57  0.32 13.47 303.54  10.28
20050528 120000  3.8  34.3  3.17 14.89 232.98  17.93  3  3.13 14.89 231.64  14.63  0.37 16.61 308.66   9.34  0.32 13.49 303.31  10.47
20050528 150000  4.9  43.7  3.12 14.66 233.23  17.99  3  3.08 14.65 231.90  14.76  0.35 16.47 309.62   9.04  0.32 13.50 303.11  10.54
20050528 180000  4.1 298.7  3.04 14.60 233.80  18.61  3  3.00 14.55 232.26  14.98  0.39 15.74 308.65   8.84  0.31 13.50 303.67   9.99
20050528 210000  5.0 352.3  2.96 14.62 234.90  20.41  3  2.91 14.48 232.88  16.29  0.46 15.58 307.20   9.00  0.31 13.51 303.92  10.33
20050529 000000  2.9 350.6  2.87 14.72 236.14  22.27  4  2.81 14.38 233.80  18.15  0.49 15.55 306.69   9.16  0.23 13.55 304.63  10.33  0.19 11.82 304.80   9.69
20050529 030000  4.5  19.0  2.82 14.31 237.00  22.85  3  2.76 14.18 234.68  18.99  0.52 15.51 306.62   9.56  0.22 12.02 305.51   8.93
20050529 060000  2.9  31.2  2.77 13.99 237.81  23.49  3  2.72 13.93 235.68  20.16  0.47 15.47 308.13   9.16  0.25 12.40 303.66   9.58
20050529 090000  1.3 109.9  2.70 13.76 238.80  23.47  3  2.65 13.67 236.76  20.32  0.43 15.34 309.24   8.77  0.26 12.52 304.57   9.43
20050529 120000  7.2 173.8  2.68 13.61 238.23  24.39  3  2.63 13.51 236.17  21.33  0.43 14.79 309.50   8.53  0.26 12.57 304.56   9.69
20050529 150000  8.3 173.6  2.93 13.53 235.01  24.91  4  0.70  3.63 186.53  32.13  2.80 13.44 235.41  18.51  0.44 14.60 308.56   8.65  0.27 12.65 305.67   9.89
20050529 180000  9.4 184.9  3.35 13.50 233.61  23.38  2  3.31 13.41 232.09  20.88  0.53 14.52 306.99   9.31
20050529 210000 10.8 195.6  3.76 13.57 233.27  22.68  3  3.72 13.47 232.13  20.73  0.51 14.49 307.22   8.99  0.12 10.98 307.63   8.62
20050530 000000  8.1 177.3  3.89 13.60 235.01  21.97  2  3.85 13.52 234.01  20.27  0.51 14.45 306.92   9.41
20050530 030000  9.0 179.3  3.89 13.58 236.11  21.64  2  3.86 13.53 235.22  20.12  0.48 14.39 307.44   9.40
20050530 060000  7.9 164.5  3.83 13.60 236.80  21.43  2  3.80 13.56 236.00  20.04  0.45 14.26 308.14   9.35
20050530 090000  6.2 165.3  3.72 13.65 237.74  20.15  2  3.70 13.63 236.99  18.74  0.43 13.86 308.84   9.06
20050530 120000  8.3 178.2  3.61 13.70 237.79  19.84  2  3.58 13.72 237.00  18.33  0.43 13.64 308.67   8.97
20050530 150000  6.7 178.1  3.48 13.70 237.16  20.13  2  3.46 13.75 236.31  18.54  0.42 13.56 308.21   9.00
20050530 180000  8.2 208.3  3.33 13.66 237.07  19.40  2  3.30 13.72 236.14  17.58  0.43 13.52 307.29   9.86
20050530 210000  7.8 205.5  3.18 13.59 236.35  19.73  2  3.15 13.64 235.34  17.76  0.42 13.50 306.93  10.10
20050531 000000  8.8 199.7  3.01 13.52 235.43  20.57  2  2.99 13.54 234.34  18.51  0.41 13.47 307.16   9.95
20050531 030000  6.4 194.2  2.81 13.43 234.97  21.10  2  2.78 13.42 233.80  18.93  0.40 13.44 307.58   9.92
20050531 060000  5.9 178.0  2.59 13.34 234.86  21.12  2  2.56 13.32 233.61  18.75  0.38 13.37 308.35   9.44
20050531 090000  6.1 170.8  2.41 13.29 234.33  21.30  2  2.38 13.33 233.01  18.77  0.36 13.19 308.60   9.41
20050531 120000  7.2 188.1  2.33 13.37 233.53  21.14  3  2.30 13.57 232.22  18.57  0.34 12.80 308.34   9.30  0.06 16.51 318.82   6.37
20050531 150000  4.8 187.8  2.35 15.02 233.10  19.99  2  2.33 15.02 231.88  17.39  0.34 12.69 308.22   9.75
20050531 180000  6.9 201.4  2.44 14.87 233.15  18.54  3  2.41 14.87 232.03  15.93  0.33 12.65 307.52   9.79  0.07 15.62 317.79   6.92
20050531 210000  6.4 200.6  2.55 14.56 233.05  17.85  3  2.53 14.57 232.04  15.37  0.33 12.63 307.24   9.97  0.08 15.53 317.79   6.99
20050601 000000  6.9 195.1  2.69 14.38 232.96  17.60  3  2.67 14.39 232.06  15.37  0.33 12.62 306.98  10.36  0.08 15.51 317.95   6.93
