Date     Time   Uabs UDir  hs    tp    th     sp     np hs(i) tp(i) th(i)  sp(i)
19950301 000000  7.0 190.3  0.50  3.10 194.05  29.83  1  0.50  3.10 194.05  29.83
19950301 030000  7.0 190.3  0.50  3.10 194.05  29.83  1  0.50  3.10 194.05  29.83
19950301 060000  7.3 193.6  0.65  3.65 199.12  29.90  1  0.65  3.65 199.12  29.90
19950301 090000  6.8 189.2  0.75  4.13 204.48  30.59  1  0.75  4.13 204.48  30.59
19950301 120000  6.5 189.9  0.76  4.56 209.81  30.47  1  0.76  4.56 209.81  30.47
19950301 150000  7.0 213.3  0.78  4.77 215.55  28.98  1  0.78  4.77 215.55  28.98
19950301 180000  7.8 219.4  0.91  4.79 221.39  27.52  1  0.91  4.79 221.39  27.52
19950301 210000  8.6 214.2  1.07  4.90 222.46  27.76  1  1.07  4.90 222.46  27.76
19950302 000000  7.2 198.8  1.12  5.20 219.55  29.22  1  1.12  5.20 219.55  29.22
19950302 030000  8.2 186.9  1.16  5.45 214.40  29.74  1  1.16  5.45 214.40  29.74
19950302 060000  7.4 178.0  1.19  5.70 211.88  29.37  1  1.19  5.70 211.88  29.37
19950302 090000  8.0 181.5  1.21  6.00 210.62  28.55  1  1.21  6.00 210.62  28.55
19950302 120000  6.8 182.1  1.24  6.27 210.61  27.57  1  1.24  6.27 210.61  27.57
19950302 150000  7.7 206.2  1.24  6.56 212.95  25.43  1  1.24  6.56 212.95  25.43
19950302 180000  9.4 214.5  1.41  6.68 215.44  23.85  1  1.41  6.68 215.44  23.85
19950302 210000 11.0 212.0  1.74  6.26 215.29  24.87  1  1.74  6.26 215.29  24.87
19950303 000000  7.9 195.6  1.79  6.58 213.24  26.92  1  1.79  6.58 213.24  26.92
19950303 030000  8.6 193.5  1.69  6.76 212.52  27.11  1  1.69  6.76 212.52  27.11
19950303 060000  8.6 187.3  1.60  6.79 211.46  26.99  1  1.60  6.79 211.46  26.99
19950303 090000  8.0 185.8  1.55  6.80 210.76  26.76  1  1.55  6.80 210.76  26.76
19950303 120000  9.6 187.3  1.53  6.81 209.90  26.46  1  1.53  6.81 209.90  26.46
19950303 150000  7.6 203.3  1.52  6.79 211.26  25.91  1  1.52  6.79 211.26  25.91
19950303 180000 10.7 221.3  1.66  6.63 215.58  24.82  1  1.66  6.63 215.58  24.82
19950303 210000 10.4 211.4  1.96  6.70 215.86  25.84  1  1.96  6.70 215.86  25.84
19950304 000000  7.9 200.8  1.93  6.95 215.08  26.92  1  1.93  6.95 215.08  26.92
19950304 030000  8.8 198.2  1.86  7.12 213.31  26.52  1  1.86  7.12 213.31  26.52
19950304 060000  8.3 203.1  1.84  7.25 212.59  25.68  1  1.84  7.25 212.59  25.68
19950304 090000  8.8 191.6  1.85  7.32 212.44  25.37  1  1.85  7.32 212.44  25.37
19950304 120000  7.2 191.0  1.77  7.38 214.12  25.29  1  1.77  7.38 214.12  25.29
19950304 150000  6.6 216.7  1.65  7.42 216.73  24.63  1  1.65  7.42 216.73  24.63
19950304 180000  9.3 224.1  1.64  7.42 219.61  24.19  1  1.64  7.42 219.61  24.19
19950304 210000  9.0 212.1  1.72  7.32 220.16  24.97  1  1.72  7.32 220.16  24.97
19950305 000000  5.9 201.3  1.68  7.22 220.40  25.73  1  1.68  7.22 220.40  25.73
19950305 030000  7.1 202.9  1.62  7.25 220.84  25.72  1  1.62  7.25 220.84  25.72
19950305 060000  9.2 192.3  1.62  7.38 219.02  26.17  1  1.62  7.38 219.02  26.17
19950305 090000  8.8 193.5  1.67  7.50 217.63  26.51  1  1.67  7.50 217.63  26.51
19950305 120000  6.9 189.9  1.71  7.66 218.11  26.08  1  1.71  7.66 218.11  26.08
19950305 150000  7.6 208.2  1.74  7.92 219.75  24.60  1  1.74  7.92 219.76  24.61
19950305 180000  9.1 214.9  1.88  8.14 220.42  23.18  1  1.88  8.14 220.42  23.18
19950305 210000 10.2 206.5  2.05  8.27 219.42  23.11  1  2.05  8.27 219.42  23.11
19950306 000000  9.0 202.3  2.18  8.23 217.52  23.63  2  2.18  8.23 217.52  23.64  0.06 20.56 223.92   7.70
19950306 030000  8.2 199.6  2.25  8.27 216.85  23.56  2  2.25  8.27 216.83  23.59  0.13 19.86 222.37   8.24
19950306 060000  8.3 198.1  2.30  8.48 216.76  22.97  2  2.28  8.48 216.70  23.10  0.26 19.17 221.18   8.77
19950306 090000  7.4 194.7  2.39  8.85 217.25  21.81  2  2.33  8.85 217.07  22.25  0.52 18.16 220.71   8.59
19950306 120000  9.3 196.9  2.73  9.41 218.18  20.16  2  2.56  9.41 217.85  21.24  0.95 17.51 220.48   8.41
19950306 150000 10.8 207.7  3.20  9.83 219.09  18.91  2  2.84  9.83 218.57  20.84  1.48 16.64 220.92   8.43
19950306 180000 12.7 211.8  3.72 16.21 219.87  18.67  2  3.18  9.90 219.27  21.08  1.92 16.21 221.42   8.97
19950306 210000 12.5 209.1  4.04 15.49 220.41  19.23  2  3.28  9.77 219.46  22.51  2.36 15.49 222.13   9.96
19950307 000000  7.1 202.2  4.06 15.22 220.68  19.59  1  4.06 15.22 220.68  19.59
19950307 030000  9.7 193.9  3.89 14.92 220.84  19.12  1  3.89 14.92 220.84  19.12
19950307 060000 10.2 190.2  3.73 14.48 220.51  18.94  1  3.73 14.48 220.51  18.94
19950307 090000  8.8 186.0  3.67 14.30 220.42  18.71  1  3.67 14.30 220.42  18.71
19950307 120000 10.8 174.9  3.68 14.09 218.92  20.06  1  3.68 14.09 218.92  20.06
19950307 150000 10.0 195.3  3.54 13.52 218.55  20.00  1  3.54 13.52 218.55  20.00
19950307 180000 13.2 208.0  3.51 13.40 218.10  19.88  1  3.51 13.40 218.10  19.88
19950307 210000 13.7 203.9  3.62 13.25 217.44  21.03  1  3.62 13.25 217.44  21.03
19950308 000000 12.7 190.8  3.50 12.74 216.04  22.79  1  3.50 12.74 216.04  22.79
19950308 030000 10.5 183.2  3.21 12.59 215.11  23.40  2  2.75  8.62 213.32  26.15  1.67 12.59 219.61  12.23
19950308 060000 13.1 180.2  3.01 12.54 213.26  24.13  2  2.56  8.51 211.42  27.27  1.58 12.54 217.61  11.49
19950308 090000 11.0 183.4  2.92 12.42 213.07  23.79  2  2.48  8.39 211.68  27.00  1.54 12.43 216.32  11.51
19950308 120000  9.6 185.0  2.83 12.09 214.08  23.04  2  2.36  8.43 213.43  26.61  1.56 12.09 215.42  11.13
19950308 150000  8.2 200.9  2.68 11.99 216.01  21.53  2  2.17  8.61 216.19  25.31  1.57 11.99 215.69  11.27
19950308 180000  9.6 217.9  2.61 12.00 217.68  20.25  1  2.61 12.00 217.68  20.25
19950308 210000 10.2 212.4  2.63 12.11 218.25  20.38  1  2.63 12.11 218.25  20.38
19950309 000000  8.2 204.7  2.57 12.05 218.04  21.02  2  1.96  8.18 218.28  25.37  1.67 12.05 217.73  12.82
19950309 030000  6.0 198.1  2.44 11.82 218.19  20.80  1  2.44 11.82 218.19  20.80
19950309 060000  7.1 198.2  2.33 11.67 218.54  20.07  1  2.33 11.67 218.54  20.07
19950309 090000  5.4 191.9  2.28 11.52 218.86  19.38  1  2.28 11.52 218.86  19.38
19950309 120000  5.8 184.1  2.24 10.99 219.01  18.82  1  2.24 10.99 219.01  18.82
19950309 150000  4.7 220.2  2.15 10.85 219.25  18.41  2  1.86  9.41 220.22  19.96  1.08 11.26 216.48  12.37
19950309 180000  6.1 232.3  2.03 10.84 219.96  18.59  2  1.79  9.23 221.12  19.96  0.96 11.20 216.13  12.07
19950309 210000  6.1 222.0  1.89 10.87 220.24  19.07  2  1.53  8.75 222.09  21.62  1.11 10.87 216.89  12.18
19950310 000000  5.2 195.7  1.78 10.94 219.63  19.12  3  1.45  8.41 222.25  21.69  1.03 10.94 214.75  11.13  0.08 19.20 218.88   7.21
19950310 030000  3.5 203.8  1.71 11.15 218.91  18.49  4  1.29  7.89 222.96  22.17  0.89 11.07 215.45  10.14  0.68 12.94 211.14   9.57  0.13 18.24 218.63   7.26
19950310 060000  5.4 200.3  1.68 11.54 218.41  17.55  3  1.22 11.54 214.54  10.16  1.13  7.46 223.23  22.75  0.20 17.85 219.33   7.25
19950310 090000  4.3 194.3  1.67 11.40 218.38  16.79  3  1.32 11.40 216.04  10.74  0.98  7.16 222.90  24.00  0.29 17.23 218.81   6.90
19950310 120000  4.0 196.9  1.68 11.20 218.93  15.97  2  1.62 11.20 219.00  16.42  0.44 16.60 218.04   7.29
19950310 150000  4.1 246.5  1.71 11.00 219.64  15.30  2  1.60 11.00 219.85  16.03  0.61 16.14 218.20   8.39
19950310 180000  4.9 244.9  1.78 15.46 220.54  15.51  2  1.58 10.73 220.97  16.99  0.84 15.46 219.08   8.14
19950310 210000  5.7 228.8  1.85 15.23 220.80  15.32  2  1.55 10.55 221.83  17.34  1.01 15.23 218.44   8.52
19950311 000000  3.7 192.8  1.88 14.49 220.63  14.90  2  1.46 10.45 222.05  17.66  1.19 14.49 218.58   8.97
19950311 030000  2.7 189.3  1.90 14.34 220.54  14.33  1  1.90 14.34 220.54  14.33
19950311 060000  3.6 191.7  1.91 14.11 220.53  13.87  1  1.91 14.11 220.53  13.87
19950311 090000  3.6 183.8  1.90 13.67 220.58  13.60  1  1.90 13.67 220.58  13.60
19950311 120000  4.0 158.1  1.88 13.56 220.70  13.47  1  1.88 13.56 220.70  13.47
19950311 150000  2.8 237.4  1.85 13.52 220.97  13.23  1  1.85 13.52 220.97  13.23
19950311 180000  5.6 243.1  1.82 13.46 221.77  13.73  1  1.82 13.46 221.77  13.73
19950311 210000  5.4 223.5  1.82 13.38 222.21  14.13  1  1.82 13.38 222.21  14.13
19950312 000000  5.4 174.5  1.81 13.30 221.73  14.31  1  1.81 13.30 221.73  14.31
19950312 030000  3.6 200.9  1.79 13.20 221.59  13.92  2  1.72 13.20 221.53  14.27  0.51 17.29 222.30   9.07
19950312 060000  5.2 193.5  1.78 13.08 221.33  13.73  2  1.65 13.08 220.89  14.25  0.69 16.60 223.81   9.93
19950312 090000  4.2 188.7  1.81 13.20 220.92  13.93  2  1.60 13.15 221.04  14.79  0.85 16.20 220.51  10.34
19950312 120000  3.3 191.1  1.89 15.49 220.66  13.80  2  1.64 13.24 220.19  14.69  0.94 15.75 222.06  10.55
19950312 150000  2.9 242.1  1.98 15.24 220.43  13.75  4  1.24 13.26 220.33  10.43  1.18  8.62 219.34  18.38  1.00 15.39 221.80   9.19  0.06 23.31 295.56   9.61
19950312 180000  5.0 258.4  2.05 13.76 220.72  14.15  3  1.65 13.76 220.76   9.80  1.22  8.37 220.43  19.30  0.06 23.28 293.47   9.95
19950312 210000  3.8 250.3  2.08 13.95 221.11  14.18  4  1.67 13.95 221.11   9.57  1.23  8.16 220.85  19.56  0.06 23.28 294.18  10.50  0.06 18.96 297.82   9.37
19950313 000000  1.5 160.8  2.06 14.11 221.53  13.82  4  1.74 14.11 221.27   9.75  1.10  8.01 221.84  20.05  0.07 18.73 298.22   9.55  0.06 23.21 294.46  10.85
19950313 030000  2.5 221.0  2.05 14.10 222.06  13.56  4  1.80 14.10 221.86   9.50  0.98  7.67 222.09  21.11  0.08 18.09 298.71   9.37  0.07 22.14 293.20   9.97
19950313 060000  3.3 172.4  2.06 14.06 222.31  13.94  3  2.06 14.06 222.08  13.25  0.10 21.81 292.07  10.37  0.09 17.88 298.48   9.29
19950313 090000  3.2 191.9  2.10 13.89 222.83  13.45  4  2.03 13.89 222.07  12.68  0.52 16.70 229.67   6.93  0.12 21.77 291.69  10.76  0.10 17.77 297.04  11.02
19950313 120000  4.0 168.9  2.16 15.17 223.14  13.30  3  2.15 15.17 222.83  12.32  0.12 21.76 292.88  10.63  0.11 17.69 298.32  10.26
19950313 150000  3.4 225.7  2.20 15.30 223.67  13.03  3  2.19 15.29 223.36  12.01  0.12 17.48 298.28  10.10  0.11 21.74 293.82  11.25
19950313 180000  4.2 240.2  2.22 14.87 224.44  13.03  4  2.21 14.87 224.07  11.85  0.14 16.97 298.58   9.85  0.12 21.47 292.43  11.41  0.07 24.70 229.64   8.37
19950313 210000  5.3 232.3  2.21 14.59 225.32  13.55  4  2.20 14.59 224.80  12.04  0.16 20.47 292.15  10.06  0.14 23.45 228.25   7.63  0.14 16.75 298.48   9.64
19950314 000000  5.7 164.0  2.20 14.50 225.65  14.65  4  2.17 14.49 224.94  12.85  0.25 22.34 227.54   7.46  0.19 20.37 291.48  10.13  0.16 16.64 298.19   9.45
19950314 030000  6.8 198.4  2.19 14.52 225.76  15.49  4  2.13 14.51 224.86  13.64  0.43 21.46 227.57   7.38  0.20 20.36 290.03  12.61  0.17 16.53 297.90   9.71
19950314 060000  9.0 183.6  2.26 14.49 224.90  17.47  4  2.15 14.47 223.70  16.26  0.67 20.40 228.33   7.71  0.19 16.39 297.38   9.30  0.19 20.34 291.95  12.60
19950314 090000 10.7 190.0  2.52 14.36 222.73  20.08  5  1.40  5.42 208.63  27.02  1.83 14.35 227.15   9.58  0.99 19.50 228.84   8.25  0.20 16.17 297.15   9.65  0.17 20.30 294.56  11.14
19950314 120000  7.8 183.9  2.78 18.86 223.07  20.79  5  1.72  6.57 212.45  27.20  1.61 14.14 227.36   9.13  1.45 18.83 229.21   8.81  0.20 15.85 297.28   9.54  0.19 19.79 293.27  10.72
19950314 150000  6.5 205.8  2.85 18.20 225.76  18.77  5  1.64  7.03 217.05  26.04  1.67 18.11 228.65   8.09  1.61 13.80 228.76   9.44  0.25 19.11 290.78  11.06  0.20 15.66 297.45   9.77
19950314 180000  8.6 212.9  2.93 17.60 227.30  17.30  5  1.48  7.06 218.71  25.47  2.04 17.55 228.92   8.21  1.45 13.37 229.23  10.06  0.28 19.03 291.89  10.24  0.20 15.51 297.05   9.72
19950314 210000  8.9 208.4  3.00 17.08 227.78  17.20  5  1.43  6.83 218.10  26.19  2.10 17.10 228.97   8.32  1.54 13.46 230.23   9.82  0.28 19.02 292.78  10.84  0.22 15.38 296.82   9.98
19950315 000000  8.0 192.6  2.98 16.72 227.83  17.52  5  1.36  6.35 216.02  27.60  2.27 16.74 228.95   8.48  1.34 12.73 231.85   9.85  0.26 19.01 294.51  11.34  0.24 15.28 296.53  10.38
19950315 030000  7.7 188.8  2.92 16.43 227.78  17.71  5  1.33  6.21 214.70  27.78  2.58 16.46 229.91   8.95  0.25 15.19 296.60  10.86  0.22 18.99 295.00  11.24  0.09 23.62 297.03   9.17
19950315 060000  6.5 172.8  2.85 16.29 227.85  18.06  5  1.33  6.37 214.89  27.37  2.49 16.30 229.99   9.00  0.24 18.68 291.78  12.17  0.24 15.05 297.16  11.94  0.13 23.35 294.47  10.46
19950315 090000  4.7 148.9  2.76 15.94 228.24  18.23  5  2.39 15.98 230.00   9.11  1.34  6.69 216.77  25.89  0.30 17.87 291.80  10.16  0.23 14.75 298.01  13.14  0.14 23.31 295.58  10.73
19950315 120000  6.3 177.4  2.82 15.55 228.48  18.25  4  2.78 15.57 227.13  15.49  0.35 17.79 291.80  10.01  0.23 14.51 298.97  14.18  0.14 23.29 296.97  11.06
19950315 150000  5.4 198.1  2.95 15.38 228.72  18.18  4  2.92 15.40 227.39  15.42  0.36 17.77 292.73  10.36  0.24 14.34 299.64  15.03  0.15 23.11 296.46  10.99
19950315 180000  8.5 220.3  3.03 15.20 228.76  18.43  6  2.08  9.75 224.68  19.93  2.15 15.23 229.93   9.75  0.34 17.77 294.03  10.96  0.23 14.31 295.03   9.63  0.19 22.02 294.65  10.62  0.10 13.18 332.07   4.57
19950315 210000  9.3 207.6  3.05 14.79 228.20  19.22  6  2.06  9.42 222.80  21.19  2.20 14.84 230.39  10.20  0.29 17.76 295.37  11.21  0.24 21.83 293.36  11.24  0.24 14.29 293.96  10.97  0.11 12.85 332.10   4.56
19950316 000000  5.4 202.2  3.00 14.55 227.47  20.03  6  2.10 14.57 230.32  10.14  2.09  9.26 221.84  22.02  0.26 17.71 295.84  10.82  0.25 21.79 294.04  11.79  0.24 14.25 293.36  11.62  0.11 12.74 332.07   4.57
19950316 030000  5.2 176.0  2.87 14.43 227.47  20.13  6  2.03 14.44 229.96  10.00  1.98  8.99 221.67  21.90  0.30 17.01 292.04  12.13  0.24 21.78 295.50  12.24  0.22 14.17 293.69  11.03  0.13 12.62 331.76   5.12
19950316 060000  3.5 124.8  2.73 14.31 227.81  20.30  6  2.03 14.33 229.60  10.04  1.76  8.75 220.82  21.82  0.36 16.68 291.44  11.24  0.24 21.68 296.17  11.78  0.21 13.93 293.80  11.00  0.13 12.40 331.73   5.20
19950316 090000  3.0 110.8  2.61 14.12 228.54  20.74  6  2.00 14.16 229.13  10.14  1.58  8.58 220.81  21.22  0.41 16.63 291.64  11.10  0.29 20.73 294.92  10.84  0.19 13.63 295.06   9.96  0.14 12.09 332.02   4.76
19950316 120000  3.4 133.7  2.52 13.88 229.21  21.22  6  1.96 13.92 228.85  10.23  1.46  8.59 220.76  20.31  0.42 16.61 292.26  11.52  0.35 20.43 293.62  11.27  0.19 13.49 294.94   9.83  0.15 12.00 331.57   5.45
19950316 150000  1.1 181.5  2.43 13.79 229.39  21.30  6  1.90 13.84 228.41  10.41  1.39  8.71 221.23  19.22  0.40 16.61 293.27  12.21  0.37 20.38 293.77  11.97  0.19 13.43 293.35  11.20  0.15 11.90 331.56   5.51
19950316 180000  6.2 229.6  2.36 13.76 229.01  20.95  7  1.85 13.81 227.86  10.63  1.36  8.75 222.04  18.80  0.36 20.37 295.10  12.48  0.35 16.60 294.26  12.54  0.20 13.41 293.27  11.26  0.16 11.74 331.64   5.43  0.06 23.40 227.53   8.59
19950316 210000  8.1 210.5  2.36 13.69 227.53  21.20  7  1.43  8.76 220.98  20.20  1.80 13.74 227.15  10.86  0.32 20.36 296.42  12.78  0.32 16.54 294.90  12.11  0.19 13.36 293.95  11.08  0.16 11.50 331.96   4.95  0.09 22.96 227.67   8.65
19950317 000000  7.6 185.0  2.36 13.53 225.92  22.97  7  1.51  8.75 218.37  22.55  1.73 13.56 226.25  11.02  0.34 20.08 296.69  11.55  0.32 16.21 293.62  11.80  0.18 13.33 293.87  11.04  0.16 11.38 331.87   5.13  0.13 22.00 228.15   8.50
19950317 030000  4.2 175.1  2.33 13.40 226.34  24.59  7  1.64 13.42 225.04  11.19  1.53  8.18 219.02  22.68  0.43 19.18 295.15  10.97  0.36 15.65 292.52  11.34  0.18 21.76 228.99   8.91  0.17 13.26 293.73  11.21  0.16 11.31 331.89   5.13
19950317 060000  1.9 191.1  2.29 13.32 227.43  25.70  7  1.65 13.32 224.44  11.50  1.41  7.86 218.85  22.60  0.50 19.08 294.68  11.26  0.39 15.57 291.93  11.32  0.24 20.94 228.84   8.48  0.16 13.06 294.15  11.34  0.16 11.19 332.03   4.92
19950317 090000  2.0 146.2  2.21 13.21 228.00  26.17  7  1.61 13.22 223.41  11.60  1.31  7.73 219.74  21.94  0.51 19.06 295.26  11.96  0.41 15.54 291.81  12.34  0.32 20.47 229.28   8.51  0.16 11.04 332.11   4.79  0.15 12.77 295.05  10.59
19950317 120000  1.3 147.4  2.11 12.91 228.01  26.11  7  1.56 12.92 221.78  11.55  1.20  7.64 221.75  21.30  0.47 19.06 296.75  12.46  0.42 15.52 292.94  12.63  0.39 20.24 229.68   8.59  0.16 10.89 332.12   4.81  0.15 12.67 293.94  11.83
19950317 150000  2.0 256.3  2.05 12.67 227.68  25.74  7  1.49 12.67 220.84  11.77  1.15  7.90 222.66  19.92  0.49 19.32 229.47   8.47  0.44 19.04 299.46  12.44  0.39 15.51 293.04  12.46  0.16 10.80 331.71   5.46  0.14 12.60 292.96  11.10
19950317 180000  5.1 224.1  2.04 12.53 227.98  26.03  6  1.85 12.53 221.38  15.39  0.57 19.08 229.59   8.31  0.48 18.81 299.77  11.74  0.36 15.47 292.97  13.44  0.16 10.72 332.21   4.74  0.14 12.56 294.07  11.78
19950317 210000  6.6 214.9  2.08 12.39 228.69  27.32  6  1.85 12.39 220.77  15.67  0.64 18.82 230.02   8.36  0.56 18.00 298.11  11.57  0.36 15.41 294.90  12.75  0.16 10.64 331.94   5.17  0.14 12.56 293.89  11.28
19950318 000000  5.4 188.6  2.11 17.90 229.44  29.08  6  1.83 12.17 219.76  16.46  0.71 17.95 229.99   8.31  0.65 17.88 297.41  11.70  0.36 15.06 295.34  12.36  0.16 10.49 332.09   4.96  0.14 12.59 294.78  11.43
19950318 030000  3.2 161.6  2.10 17.81 230.53  30.22  5  1.78 11.94 219.40  16.57  0.77 17.77 229.79   8.39  0.69 17.86 298.36  12.27  0.39 14.66 294.27  11.56  0.16 10.33 332.10   5.01
19950318 060000  3.9 157.2  2.08 17.71 231.11  30.83  5  1.73 11.82 219.15  16.55  0.81 17.48 230.04   8.32  0.71 17.87 300.28  12.37  0.38 14.55 292.41  11.47  0.15 10.22 332.07   5.09
19950318 090000  2.8 195.8  2.07 17.36 231.35  30.80  6  1.35 11.73 219.31  12.10  1.04  7.36 219.60  21.59  0.87 16.69 229.56   8.45  0.70 17.90 302.47  11.75  0.37 14.50 291.73  11.56  0.15 10.14 332.04   5.13
19950318 120000  2.2 152.2  2.07 16.81 232.18  31.07  6  1.29 11.64 218.65  12.32  0.99 16.52 229.60   8.28  0.98  7.18 219.94  21.36  0.71 17.88 303.60  10.98  0.38 14.50 293.36  11.76  0.14 10.07 332.00   5.19
19950318 150000  3.4 236.2  2.07 16.66 234.11  32.00  6  1.27 11.53 220.07  12.29  1.01  7.64 220.43  20.75  0.95 16.28 229.54   8.69  0.75 17.73 302.98  10.71  0.42 14.61 296.97  12.63  0.14  9.99 332.01   5.24
19950318 180000  6.6 230.4  2.12 16.43 236.29  32.97  4  1.57 11.38 220.27  16.80  1.07 15.55 229.60   8.33  0.93 17.39 301.45  11.39  0.14  9.81 331.91   5.32
19950318 210000  6.1 214.0  2.17 16.30 237.69  33.89  4  1.62 11.32 221.02  17.46  1.05 15.38 229.28   8.77  0.99 17.03 301.53  11.48  0.13  9.67 332.06   5.16
19950319 000000  5.9 192.8  2.17 16.46 238.66  35.02  5  1.20  8.20 220.61  21.38  1.14 15.22 228.96   9.45  1.02 16.89 301.96  11.47  0.93 10.92 218.48  12.13  0.12  9.57 332.00   5.22
19950319 030000  4.4 197.8  2.12 16.59 239.49  35.96  4  1.42 14.64 224.81  12.28  1.19  8.11 219.98  21.30  1.03 16.83 302.53  11.31  0.12  9.50 331.93   5.33
19950319 060000  5.1 198.6  2.08 16.64 239.90  36.72  5  1.21 14.50 229.30   9.34  1.14  7.53 219.97  21.16  1.03 16.79 303.14  10.99  0.69 12.54 207.17   7.16  0.11  9.43 331.98   5.37
19950319 090000  3.9 193.5  2.05 16.62 240.35  37.64  5  1.29 14.25 226.84  10.97  1.04 16.73 303.61  10.54  1.03  7.26 219.51  21.93  0.63 11.98 204.67   6.74  0.11  9.35 331.77   5.53
19950319 120000  3.8 190.9  2.04 16.53 241.00  38.60  5  1.07 16.61 303.69  10.35  1.04 12.47 210.12   9.70  1.00 14.18 232.28   6.71  0.97  7.03 219.97  21.67  0.11  9.17 331.67   5.64
19950319 150000  4.0 236.1  2.03 16.35 241.72  39.37  5  1.22 12.35 213.67  11.86  1.10 16.43 303.52  10.44  0.91  7.02 220.33  21.02  0.77 14.00 233.84   6.73  0.10  9.06 331.52   5.80
19950319 180000  5.9 235.9  2.04 16.08 241.76  39.69  4  1.57 11.71 216.49  16.57  1.11 16.18 303.24  10.66  0.68 13.38 233.75   7.26  0.10  8.98 331.84   5.54
19950319 210000  5.4 217.7  2.04 15.79 240.97  40.05  4  1.57 11.72 215.66  16.71  1.11 15.93 303.03  10.78  0.66 13.37 233.06   7.63  0.09  8.93 331.74   5.63
19950320 000000  1.3 223.8  2.02 15.70 240.06  40.39  4  1.65 12.45 216.01  15.96  1.10 15.83 303.00  10.80  0.37 13.66 238.38   5.86  0.09  8.87 331.66   5.69
19950320 030000  2.1 220.2  2.01 15.63 239.55  40.57  3  1.68 12.66 216.35  15.54  1.10 15.77 303.17  10.65  0.09  8.77 331.58   5.76
19950320 060000  3.1 185.3  2.00 15.54 239.04  40.65  3  1.67 12.44 215.88  15.09  1.09 15.69 303.38  10.38  0.09  8.58 331.45   5.87
19950320 090000  2.8 201.4  1.98 15.43 238.93  40.66  3  1.65 12.27 215.79  14.89  1.08 15.59 303.53  10.11  0.08  8.49 331.30   6.03
19950320 120000  1.6 231.4  1.94 15.33 239.02  40.60  3  1.62 12.27 215.90  14.87  1.06 15.47 303.51  10.06  0.08  8.44 331.74   5.70
19950320 150000  4.5 306.8  1.91 15.24 239.90  40.84  4  1.60 12.40 216.97  17.97  1.03 15.38 303.36  10.22  0.07  8.42 331.62   5.81  0.06 20.69 303.09  10.50
19950320 180000  4.4 318.1  1.88 15.19 240.47  40.84  3  1.53 11.75 215.91  18.44  1.02 15.30 303.24  10.66  0.39 12.71 244.67   7.87
19950320 210000  3.3 299.2  1.84 15.15 240.91  40.71  4  1.49 11.71 216.03  18.19  1.00 15.22 303.08  10.65  0.40 12.65 245.69   7.82  0.08 19.10 216.79   7.52
19950321 000000  3.7 291.6  1.80 15.10 241.58  40.54  3  1.42 11.37 215.24  16.82  0.99 15.13 302.88  10.67  0.48 12.42 244.43   7.98
19950321 030000  3.4 262.3  1.74 15.01 242.83  40.56  7  1.34 11.29 215.13  16.38  0.97 15.01 302.70  10.72  0.47 12.16 244.82   8.01  0.15 15.64 218.20   8.28  0.15 15.58 244.31   8.24  0.14 19.38 301.46  12.22  0.13 17.96 216.84   7.69
19950321 060000  1.6 215.1  1.67 14.80 244.27  40.63  5  1.27 12.27 214.90  15.76  0.94 14.84 302.60  10.65  0.52 11.79 245.02   8.21  0.14 19.29 303.18  11.87  0.13 17.97 217.51   7.26
19950321 090000  1.5 306.3  1.61 14.65 245.60  40.67  6  1.19 11.82 214.76  15.58  0.92 14.71 302.49  10.69  0.50 11.74 244.33   8.27  0.18 14.86 248.89   6.32  0.13 17.95 213.14   7.21  0.13 19.16 302.05  10.36
19950321 120000  2.6 284.4  1.55 14.54 246.41  40.65  4  1.08 12.28 214.16  16.11  0.90 14.61 302.38  10.65  0.56 11.63 244.86   8.44  0.33 14.88 215.07   8.93
19950321 150000  6.1 327.8  1.55 14.45 248.90  42.01  8  1.07 12.00 217.45  29.01  0.86 14.53 302.18  10.84  0.49 11.58 244.66   8.15  0.32 13.98 243.68   7.98  0.26 14.89 216.55   6.34  0.22 18.18 301.47  10.57  0.19 17.16 215.79   9.13  0.13 20.67 208.14  10.33
19950321 180000  5.1 299.6  1.57 14.37 250.62  42.84  8  0.46  3.26 310.24  31.33  1.02 11.93 211.99  11.82  0.83 14.46 302.05  10.73  0.47 11.42 245.60   8.09  0.38 14.35 240.70   9.16  0.25 18.07 302.58  11.76  0.24 19.83 206.39   9.34  0.12 16.67 216.83   3.87
19950321 210000  2.4 298.4  1.57 14.32 247.48  42.30  8  1.04 11.84 212.28  11.91  0.81 14.40 301.77  11.02  0.44  3.56 306.47  32.42  0.43 11.06 245.80   8.17  0.39 14.36 242.57   7.76  0.36 18.73 203.60   8.17  0.26 17.91 303.48  11.40  0.16 12.66 245.00   0.02
19950322 000000  1.4 323.5  1.60 14.27 243.25  41.69  7  1.00 12.02 211.90  11.41  0.84 14.35 301.78  11.19  0.56 17.77 203.99   9.31  0.46 11.29 245.76   8.30  0.39  3.69 305.82  31.20  0.37 14.21 241.19   6.86  0.18 12.66 245.00   0.02
19950322 030000  1.1 278.9  1.64 14.11 239.60  41.04  5  0.96 11.76 210.04  10.81  0.83 14.29 301.63  11.10  0.71 17.15 204.88   9.23  0.67 13.52 242.55   8.80  0.36  3.81 305.48  28.40
19950322 060000  2.9 202.4  1.69 13.82 237.49  40.64  7  0.87 11.80 210.41  10.57  0.85 16.54 203.28   7.75  0.75 14.20 300.72  11.43  0.68 13.50 242.61   8.47  0.36  4.17 304.52  24.60  0.36 16.85 303.06  10.93  0.27 13.54 219.96   5.00
19950322 090000  3.7 176.5  1.73 16.22 235.48  40.41  6  0.99 16.19 204.29   7.72  0.81 11.60 210.86  11.44  0.73 14.09 300.57  11.34  0.69 13.42 241.99   9.06  0.42  4.57 290.18  43.64  0.38 16.87 302.31  11.43
19950322 120000  5.5 189.5  1.74 15.38 233.88  40.17  5  1.31 15.58 207.37  10.62  0.70 13.89 300.21  11.57  0.67 13.28 242.63   8.98  0.46  4.73 279.02  51.44  0.41 16.77 302.73  11.34
19950322 150000  6.5 197.5  1.74 15.21 232.10  39.68  4  0.51  4.81 259.26  52.07  1.30 15.35 206.73  11.50  0.78 13.75 300.96  11.63  0.68 12.63 242.37   8.79
19950322 180000  5.7 217.6  1.74 15.15 231.15  38.92  6  0.51  3.28 204.59  30.91  1.27 15.19 208.07  10.08  0.69 13.68 299.26  11.78  0.67 12.58 242.48   8.90  0.34  4.83 305.05  16.56  0.33 15.68 308.93   6.27
19950322 210000  6.2 233.3  1.73 15.06 232.06  38.21  5  0.53  4.80 254.19  44.01  1.31 14.89 207.92  11.21  0.65 12.41 243.79   7.71  0.55 13.43 301.34  11.40  0.52 15.46 300.86  11.41
19950323 000000  3.2 202.8  1.73 14.53 232.26  37.83  5  1.33 14.54 208.98  10.78  0.63 12.02 243.79   7.71  0.61 13.69 301.23  11.46  0.49  4.72 255.57  45.49  0.47 15.73 299.79  11.65
19950323 030000  4.6 169.7  1.73 14.32 232.06  37.40  4  1.49 14.30 215.76  16.15  0.59 13.69 302.20  11.19  0.50 15.77 297.79  11.75  0.41  4.71 263.70  50.55
19950323 060000  5.3 187.8  1.74 14.19 231.11  36.52  3  0.41  4.73 250.33  54.48  1.51 14.15 216.38  15.86  0.76 15.13 300.13  11.81
19950323 090000  5.6 175.9  1.75 13.94 229.75  35.40  3  0.45  4.79 230.40  53.29  1.53 13.63 217.11  15.81  0.73 14.52 299.93  12.02
19950323 120000  6.4 173.4  1.76 13.55 228.77  34.44  4  0.44  3.08 223.29  53.42  1.55 13.38 217.68  16.15  0.65 14.47 298.66  12.36  0.27 12.37 306.88   6.77
19950323 150000  5.0 206.3  1.78 13.31 228.89  33.31  5  0.38  4.91 234.31  50.83  1.59 13.20 218.08  16.50  0.64 14.49 298.49  12.28  0.26 12.37 307.95   5.51  0.06 20.46 288.53  11.84
19950323 180000  8.0 216.1  1.87 13.13 228.79  31.84  4  0.63  3.42 219.09  32.92  1.61 12.97 219.54  16.08  0.70 14.54 299.41  12.10  0.08 20.39 289.78  12.24
19950323 210000  8.9 213.1  1.98 13.08 228.19  31.28  4  0.87  4.01 221.16  31.74  1.63 12.80 219.51  15.11  0.71 14.62 298.85  12.25  0.08 20.38 290.57  12.24
19950324 000000  7.1 188.0  1.99 13.01 226.76  31.53  5  0.89  4.39 214.52  32.94  1.50 13.26 215.97  13.00  0.70 14.71 298.32  12.47  0.63 11.84 241.19   6.24  0.08 20.36 290.62  13.29
19950324 030000  6.7 181.7  1.93 12.90 226.14  31.43  5  0.80  4.44 209.13  33.70  1.50 13.05 216.57  13.45  0.67 14.90 297.90  12.51  0.61 11.66 241.52   6.43  0.09 20.24 289.49  13.37
19950324 060000  5.7 178.8  1.86 13.05 226.35  30.84  4  0.71  4.40 207.25  33.29  1.59 12.32 220.57  15.63  0.64 13.92 297.87  12.35  0.10 19.61 288.20  12.74
19950324 090000  4.6 171.4  1.79 13.18 227.19  30.34  5  0.62  4.38 207.97  32.97  1.55 12.17 221.00  15.87  0.61 13.77 297.88  12.37  0.13 19.17 288.34  12.17  0.06 20.54 239.48   7.91
19950324 120000  5.6 180.9  1.73 13.17 228.17  30.33  5  0.54  4.38 205.74  31.42  1.52 12.27 221.67  16.35  0.60 13.75 297.90  12.20  0.14 19.09 289.08  12.19  0.08 20.33 240.56   8.57
19950324 150000  4.1 206.5  1.67 12.87 229.49  30.45  4  1.55 12.37 220.75  18.89  0.60 13.82 297.34  12.44  0.15 19.07 290.30  12.17  0.12 19.80 240.49   8.40
19950324 180000  6.6 233.8  1.66 12.68 230.67  30.24  5  1.42 12.57 218.24  17.83  0.60 13.92 296.78  12.61  0.57 11.04 243.23   7.66  0.16 19.21 241.12  10.17  0.15 19.06 292.72  11.17
19950324 210000  7.5 215.3  1.71 12.56 230.46  30.07  6  0.79  4.26 220.25  27.40  1.26 12.46 219.03  15.55  0.59 14.05 296.27  12.74  0.54 10.98 242.22   7.46  0.22 19.01 240.99   9.28  0.15 18.99 292.72  11.13
19950325 000000  6.6 184.7  1.73 12.42 229.29  30.78  6  0.90  4.95 217.83  29.84  1.23 12.41 219.20  15.09  0.58 14.10 295.65  13.05  0.47 11.21 244.11   8.17  0.28 18.48 240.94   9.56  0.18 18.73 291.72  11.11
19950325 030000  5.1 197.5  1.70 12.15 229.17  30.73  5  1.49 12.26 218.56  21.84  0.55 14.09 295.39  13.13  0.45 11.25 243.42   7.47  0.34 18.01 241.03   9.36  0.21 18.04 289.93  11.85
19950325 060000  6.8 189.9  1.65 11.90 229.27  30.47  5  1.39 11.91 216.55  21.07  0.56 11.03 243.48   8.35  0.52 13.83 295.33  13.21  0.40 17.78 241.77   9.39  0.23 17.91 290.71  11.19
19950325 090000  4.4 186.3  1.60 11.76 229.78  30.43  5  1.33 11.74 216.70  21.24  0.53 10.98 242.63   8.10  0.50 13.45 295.47  13.16  0.45 17.25 242.07   9.72  0.24 17.84 292.11  11.28
19950325 120000  1.5 183.2  1.54 11.63 231.40  29.94  5  1.27 11.64 218.01  20.55  0.50 16.87 242.11   9.72  0.48 10.94 243.02   7.58  0.48 13.32 295.48  13.23  0.25 17.83 293.70  11.45
19950325 150000  3.7 247.5  1.50 11.46 232.95  29.45  7  1.00 11.53 217.79  15.62  0.64  5.28 219.07  27.42  0.55 16.63 242.21   9.92  0.52 10.91 243.09   7.56  0.47 13.28 295.91  12.58  0.24 17.82 294.46  11.57  0.08 20.36 301.02   5.77
19950325 180000  5.0 229.4  1.50 11.17 234.18  29.05  6  0.65  5.33 222.13  26.45  0.96 11.25 217.49  15.43  0.59 16.06 242.15   9.58  0.53 10.87 244.08   8.56  0.46 13.29 295.61  12.69  0.27 17.77 294.83  11.41
19950325 210000  5.2 220.4  1.49 15.89 234.90  29.05  5  1.12 11.03 218.05  19.62  0.62 15.74 242.24   9.55  0.55 10.83 244.07   8.49  0.45 13.30 294.97  12.98  0.30 17.55 293.71  11.65
19950326 000000  5.4 177.0  1.51 15.76 234.49  29.64  5  1.14 10.94 217.44  20.74  0.66 15.53 242.93  10.13  0.51 10.75 243.24   7.63  0.43 13.30 294.78  12.93  0.33 16.84 293.67  11.48
19950326 030000  5.4 198.3  1.55 15.33 234.19  29.55  6  1.14 10.83 216.00  20.08  0.70 15.16 242.97  10.29  0.53 10.58 244.27   8.40  0.42 13.29 294.50  12.99  0.30 16.70 289.89  10.12  0.20 18.99 302.10  10.21
19950326 060000  5.2 184.9  1.56 14.61 234.15  29.18  6  1.15 10.71 216.61  20.39  0.74 14.70 242.80  10.38  0.51 10.38 243.62   7.92  0.39 13.22 295.20  12.19  0.32 16.68 290.80  10.46  0.19 18.98 305.05   8.21
19950326 090000  5.3 194.0  1.56 14.41 234.13  28.88  6  1.16 10.71 216.93  20.14  0.77 14.49 243.10  10.23  0.48 10.18 243.99   7.88  0.37 13.12 295.01  12.39  0.35 16.72 294.69  12.10  0.14 19.03 300.90   5.91
19950326 120000  5.1 177.0  1.57 14.10 234.04  28.98  5  1.16 10.12 216.83  20.47  0.80 14.22 243.06   9.94  0.44 10.14 244.39   7.22  0.39 16.80 296.46  11.63  0.35 12.80 295.21  12.46
19950326 150000  2.8 226.1  1.55 13.67 235.27  28.87  5  1.13 10.20 217.78  19.93  0.82 13.75 242.75  10.72  0.41 16.98 297.98  10.91  0.41  9.78 246.66   7.27  0.33 12.64 295.72  12.37
19950326 180000  7.2 219.4  1.59 13.51 235.88  28.92  5  1.17 10.21 219.44  20.39  0.82 13.56 241.80  10.75  0.46 17.40 296.87  11.83  0.40  9.76 246.75   7.08  0.32 12.57 295.16  12.99
19950326 210000  6.2 211.9  1.62 13.34 235.26  29.67  5  1.21  9.49 219.02  21.56  0.85 13.41 241.58  11.91  0.48 17.48 296.62  11.82  0.33 10.08 249.03   5.13  0.31 12.53 295.64  12.45
19950327 000000  4.4 192.5  1.60 12.96 235.29  30.11  7  1.17 10.26 217.82  21.68  0.82 13.12 243.20   9.76  0.40  9.56 243.97   7.79  0.37 15.98 288.19  10.73  0.33 17.71 303.38  10.26  0.30 12.50 296.02  12.07  0.17 13.88 199.48   7.08
19950327 030000  4.6 204.2  1.58 12.71 235.14  30.46  7  0.82  6.24 221.23  26.18  0.79 10.38 213.37  11.62  0.78 12.79 243.02   8.77  0.52 15.84 293.46  14.15  0.40  9.59 246.74   7.77  0.29 12.51 295.05  12.49  0.27 13.51 201.23   8.73
19950327 060000  4.8 192.8  1.57 12.59 235.00  31.43  5  1.17 11.61 215.34  20.15  0.76 12.66 243.68   8.74  0.55 15.95 294.09  14.31  0.35  9.53 245.45   7.40  0.29 12.51 294.84  12.49
19950327 090000  2.2 199.1  1.55 12.49 235.59  32.72  4  1.15 11.61 214.43  19.57  0.80 12.57 243.83   8.30  0.60 16.11 294.63  15.14  0.28 12.50 294.61  12.47
19950327 120000  2.4 289.0  1.52 12.34 236.21  33.69  4  1.13 11.12 214.18  18.93  0.76 12.36 244.49   9.05  0.61 16.20 296.05  14.45  0.26 12.43 295.52  12.49
19950327 150000  4.6 268.1  1.47 12.00 236.88  34.33  7  0.85 11.47 208.44  10.85  0.71 12.17 245.69   8.17  0.70  6.54 224.14  24.84  0.60 16.18 296.73  13.91  0.26 12.38 296.15  12.34  0.07 16.69 223.09   8.28  0.06 19.22 216.71   7.69
19950327 180000  5.7 239.1  1.44 11.82 237.08  34.43  7  0.71  6.68 227.12  25.97  0.83 11.37 207.93  10.73  0.68 11.92 245.68   8.50  0.58 15.90 297.15  13.05  0.25 12.21 296.79  12.46  0.09 16.06 222.05   8.47  0.07 18.96 217.90   7.34
19950327 210000  5.5 212.3  1.40 11.73 236.99  34.97  5  0.67  6.25 225.07  26.50  0.79 11.55 206.82   9.72  0.68 11.76 244.22   9.45  0.58 15.51 296.39  13.49  0.25 11.96 297.26  12.53
19950328 000000  5.5 189.1  1.36 15.34 238.03  36.45  6  0.61  5.84 218.65  27.90  0.77 11.52 207.75  10.94  0.67 11.71 244.58   9.54  0.61 15.37 296.52  13.59  0.23 11.86 296.98  12.59  0.08 18.41 218.88   7.01
19950328 030000  4.5 194.2  1.33 15.31 241.35  37.79  6  0.92 11.27 210.69  19.88  0.65 15.32 296.76  13.58  0.65 11.71 245.22   8.43  0.23 11.81 296.76  12.96  0.12 15.61 222.87   8.06  0.09 18.02 218.28   7.84
19950328 060000  4.8 200.1  1.28 15.28 245.21  38.18  6  0.84 11.22 210.68  19.28  0.68 15.28 296.44  14.01  0.63 11.68 245.07   8.21  0.22 11.77 296.56  13.25  0.13 15.56 223.76  10.70  0.10 17.95 218.91   7.98
19950328 090000  4.9 197.1  1.23 15.23 247.57  38.27  6  0.76 11.20 209.75  19.34  0.68 15.23 296.13  14.14  0.63 11.60 244.70   8.28  0.21 11.74 297.27  12.77  0.13 15.35 222.61   9.49  0.12 17.68 218.01   7.80
19950328 120000  6.6 189.6  1.19 15.05 247.58  38.66  6  0.71 11.03 207.93  21.08  0.65 15.10 296.20  13.71  0.63 11.64 244.58   8.81  0.21 11.75 297.22  12.84  0.15 14.69 220.66   9.21  0.14 17.29 220.32   7.19
19950328 150000  5.5 218.4  1.16 14.70 248.20  37.94  7  0.67 11.05 209.23  22.46  0.63 14.72 295.67  14.43  0.62 11.58 243.90   8.64  0.22 11.78 297.44  12.94  0.20 14.64 222.61   9.99  0.16 16.87 219.35   7.90  0.05 20.28 312.79   8.05
19950328 180000  6.3 219.6  1.26 14.53 244.78  35.86  7  0.57  3.44 218.02  28.58  0.68 11.36 242.43   8.98  0.62 14.56 296.34  13.53  0.46 11.20 207.78   9.58  0.39 14.49 221.01   8.67  0.21 11.75 298.57  13.04  0.09 19.06 315.97   7.49
19950328 210000  6.2 209.5  1.50 14.37 238.94  32.62  5  0.57  3.60 217.43  29.68  1.04 11.49 231.01  15.49  0.67 14.48 296.70  13.87  0.63 13.77 219.09   9.82  0.10 18.92 315.81   7.54
19950329 000000  6.8 191.3  1.78 14.22 234.63  29.81  5  0.54  3.55 210.57  31.38  1.55 11.71 227.07  14.52  0.68 14.45 297.42  13.19  0.12 18.81 316.41   7.57  0.11 19.25 221.01   6.58
19950329 030000  6.6 192.4  1.95 11.50 233.16  28.58  5  0.58  3.52 205.61  30.60  1.73 11.49 227.50  14.76  0.68 14.42 297.36  13.29  0.14 18.47 315.00   7.12  0.13 18.99 219.91   7.68
19950329 060000  5.9 178.7  2.00 11.20 233.32  27.87  5  0.53  3.61 205.20  32.56  1.80 11.20 227.81  15.11  0.67 14.37 296.20  13.97  0.17 18.30 221.07   8.09  0.16 17.91 315.67   7.52
19950329 090000  4.5 185.7  2.01 11.10 233.02  27.31  6  0.46  3.66 207.01  32.96  1.83 11.10 227.42  15.81  0.65 14.28 295.41  14.46  0.19 17.94 222.31   7.98  0.18 17.74 315.65   7.58  0.06 23.23 314.87   7.71
19950329 120000  5.2 179.0  1.98 10.99 232.37  27.64  5  1.86 10.98 225.81  18.30  0.62 14.08 295.03  14.47  0.22 17.55 315.04   7.54  0.20 17.83 222.15   7.73  0.07 23.01 314.73   7.79
19950329 150000  5.6 218.8  1.90 10.77 232.57  28.86  5  1.77 10.76 225.47  19.17  0.60 13.74 295.33  14.57  0.24 17.40 314.98   7.45  0.23 17.54 220.75   8.19  0.09 22.18 314.60   7.81
19950329 180000  8.4 219.9  1.88 10.43 232.89  30.52  7  0.75  3.91 220.72  27.62  1.38 10.54 219.42  15.94  0.75  9.83 249.48   8.97  0.59 13.63 296.17  14.47  0.26 17.03 314.85   7.46  0.23 17.45 221.84   7.73  0.12 21.83 314.36   8.01
19950329 210000  9.8 207.5  1.98 10.21 231.28  32.26  7  1.63 10.36 218.84  23.76  0.76 10.02 248.88   9.78  0.58 13.58 296.35  14.02  0.40 13.79 219.83   9.57  0.29 16.71 315.56   7.59  0.27 16.79 221.73   8.88  0.14 21.72 314.46   7.92
19950330 000000  9.5 200.7  1.98 13.56 230.15  34.39  7  1.62 10.07 216.93  26.65  0.75  9.70 247.58  10.83  0.57 13.54 296.80  14.02  0.45 14.16 219.78   9.91  0.32 16.56 315.69   7.60  0.28 16.65 222.33   9.22  0.16 21.52 314.53   7.79
19950330 030000  7.9 200.7  1.89 13.53 230.91  36.02  8  1.37  5.96 217.78  29.69  0.71  9.63 248.47  10.52  0.64  9.85 207.69  10.36  0.56 13.51 296.34  14.53  0.47 14.17 218.59   9.71  0.35 16.38 315.00   7.81  0.31 16.58 223.54   8.79  0.18 20.81 314.55   7.94
19950330 060000  7.2 201.6  1.75 13.48 234.15  37.16  9  1.19  5.95 218.54  30.14  0.70  9.38 248.14  10.89  0.59  9.91 206.09   9.76  0.54 13.50 296.27  14.60  0.50 13.33 220.09   9.47  0.37 16.27 314.98   7.94  0.29 17.66 226.86   8.25  0.22 20.48 314.60   7.66  0.08 10.04 316.99   7.21
19950330 090000  7.1 195.9  1.66 13.45 236.86  37.86  8  1.07  5.80 218.49  30.69  0.70  9.37 248.03  11.86  0.53 13.48 297.64  14.81  0.51 13.38 220.04   9.05  0.51  9.61 205.85  10.40  0.37 16.06 315.07   7.66  0.36 18.18 228.77   8.48  0.27 20.29 314.40   8.21
19950330 120000  8.9 196.6  1.66 13.40 236.51  38.40  7  1.15  5.66 214.74  29.21  0.67  9.30 247.21  12.23  0.49 13.36 219.30   9.37  0.47 13.30 293.94  14.54  0.47 17.56 229.06   8.31  0.43 15.69 315.32   7.51  0.29 20.12 314.78   7.98
19950330 150000  7.8 197.5  1.65 16.43 237.33  38.81  8  1.03  5.38 215.75  31.78  0.66  9.08 247.35  12.75  0.59 17.38 229.98   8.55  0.47 13.14 219.14   9.07  0.46 13.18 294.87  14.65  0.43 15.51 315.43   7.58  0.39  9.47 203.54   8.08  0.32 19.60 315.02   8.05
19950330 180000  9.8 213.4  1.75 15.90 236.90  37.36  7  1.35  9.01 223.63  28.69  0.70 17.13 231.34   8.82  0.49 12.63 219.71   9.07  0.46 15.35 314.97   7.93  0.36 19.20 314.87   7.74  0.33 12.77 304.89   8.94  0.27 13.37 279.27   8.03
19950330 210000 10.2 206.3  1.93 15.75 236.07  36.00  6  1.47  5.16 223.50  28.38  0.88 16.36 232.81   8.99  0.47 12.53 218.76   8.73  0.46 15.29 314.87   7.86  0.43 12.98 295.50  16.06  0.41 19.00 315.00   7.91
19950331 000000  9.4 193.6  2.10 15.59 234.48  35.66  5  1.38  5.37 214.29  29.97  1.28 15.87 232.73  10.64  0.62 15.17 306.85  14.83  0.52  8.67 246.29  12.90  0.45 18.83 315.10   7.92
19950331 030000 11.3 181.5  2.43 15.32 230.34  35.10  6  1.54  5.53 205.30  30.67  1.65 15.45 235.12  10.54  0.51 14.96 314.86   7.75  0.48 18.54 315.20   7.90  0.47  8.64 245.76  13.92  0.33 13.00 291.54  10.54
19950331 060000 10.1 177.4  2.67 15.09 231.57  32.86  4  1.56  5.93 204.52  30.98  2.03 15.20 236.74  11.01  0.59 14.49 308.50  13.30  0.51 18.06 315.34   7.87
19950331 090000  8.7 171.2  2.83 14.71 233.69  30.45  5  1.49  6.64 206.25  31.28  1.71 13.18 237.03  10.86  1.50 14.98 237.09  11.56  0.58 14.38 309.15  13.89  0.51 17.90 314.90   7.82
19950331 120000 10.7 172.6  2.96 14.45 233.23  30.47  4  2.85 14.48 228.83  24.25  0.55 17.70 315.21   8.02  0.50 14.40 313.77   8.38  0.19 12.73 286.73   6.97
19950331 150000  7.9 181.2  2.95 14.26 234.26  29.27  3  2.85 14.24 229.90  22.62  0.58 17.54 315.38   8.26  0.51 14.32 311.65  10.31
19950331 180000 11.2 203.2  3.00 13.90 233.50  28.18  3  2.89 13.82 229.23  21.02  0.58 17.28 315.07   8.19  0.52 14.33 312.53  10.27
19950331 210000 13.3 203.5  3.21 13.53 230.90  28.21  3  3.12 13.48 227.16  21.76  0.60 16.93 315.10   7.86  0.49 14.15 312.62  10.61
19950401 000000 13.3 193.0  3.39 13.33 228.14  29.32  4  2.57  7.45 217.97  27.03  2.08 13.29 234.24  12.38  0.66 16.70 314.87   7.93  0.40 13.45 312.21  11.74
