Date     Time   Uabs UDir  hs    tp    th     sp     np hs(i) tp(i) th(i)  sp(i)
20011101 000000  5.1 171.2  1.37  9.75 224.89  24.87  8  1.10  7.79 222.13  24.36  0.56 11.46 215.79  10.59  0.36  9.93 250.27   8.08  0.34  9.26 228.90   4.88  0.27 14.42 221.27   8.75  0.15 12.73 314.81   9.97  0.10 10.88 316.16   8.35  0.09 17.80 318.40   7.61
20011101 030000  5.3 207.8  1.33  9.54 225.05  24.89  8  1.14  8.25 221.80  22.20  0.46 11.31 217.11  10.27  0.36  9.62 252.04   7.08  0.27 14.31 220.88   8.60  0.15 12.72 314.57  10.15  0.12 17.77 318.36   8.61  0.10 10.88 316.23   8.32  0.06 18.99 229.75   9.46
20011101 060000  6.7 191.5  1.35 11.00 223.61  25.12  7  1.22  9.14 222.62  23.37  0.44 11.22 218.76   9.80  0.29 14.15 220.72   9.65  0.14 12.75 313.57  10.95  0.12 17.76 318.88   6.86  0.11 10.98 316.95   8.47  0.07 18.76 230.31  10.44
20011101 090000  3.8 179.9  1.35 10.99 223.86  24.71  7  1.17  8.21 220.48  22.57  0.47 11.11 224.28  13.57  0.32 13.88 220.51   9.46  0.27  9.22 254.47   7.40  0.17 12.58 314.97  10.21  0.11 17.74 316.69  11.47  0.10 17.96 229.18  10.47
20011101 120000  2.3 150.2  1.36 10.93 224.97  23.69  6  1.19  8.21 223.86  22.38  0.50 10.99 222.80  12.74  0.36 13.69 221.93   9.63  0.16 12.09 315.06  10.16  0.13 17.80 229.18  13.39  0.11 17.27 317.51   8.83
20011101 150000  4.8 230.2  1.41  8.21 225.78  23.21  7  1.21  8.21 224.10  21.47  0.53 10.77 226.29  13.22  0.42 13.52 221.75   9.37  0.16 11.94 314.90  10.15  0.15 17.67 230.95  13.78  0.15 16.64 317.82   8.14  0.08 20.04 217.25   6.96
20011101 180000  7.7 224.2  1.53  8.22 226.27  23.45  6  1.28  8.22 224.49  21.97  0.60 10.41 226.83  13.09  0.46 13.32 222.20   9.73  0.27 17.16 226.19  13.22  0.18 16.60 318.19   7.61  0.16 11.90 314.51  10.11
20011101 210000  8.4 206.7  1.69 12.93 224.41  24.26  6  1.43  8.16 221.43  23.45  0.59 10.32 231.65  13.45  0.52 12.99 224.10  10.33  0.36 17.59 222.93  10.75  0.19 16.59 318.16   7.63  0.16 11.90 313.82  10.68
20011102 000000  6.5 183.0  1.76 16.71 223.28  24.76  6  1.46  7.87 219.62  24.99  0.84 12.70 229.95  13.13  0.45 16.92 220.09   7.97  0.18 16.57 318.21   7.63  0.13 11.86 317.46   7.39  0.08 13.50 301.02  10.80
20011102 030000  7.6 194.5  1.80 16.40 223.09  24.46  5  1.40  7.21 218.26  26.02  0.95 12.65 230.87  13.21  0.57 16.48 219.72   7.63  0.16 16.42 318.37   7.06  0.15 11.92 313.06  11.38
20011102 060000  6.7 184.3  1.84 15.59 223.53  24.35  5  1.42  6.92 219.15  26.45  0.87 12.60 231.32  12.52  0.76 15.60 221.94   9.42  0.18 15.64 318.25   7.12  0.14 11.92 313.47  10.75
20011102 090000  5.0 181.9  1.84 15.32 225.48  23.84  5  1.33  6.90 220.80  26.26  0.97 12.92 231.86  12.46  0.78 15.31 222.01   8.67  0.21 15.53 318.02   7.13  0.14 11.91 313.93  10.62
20011102 120000  3.9 200.1  1.81 14.73 227.39  22.95  4  1.29 14.50 228.28  11.70  1.24  6.97 223.37  25.34  0.24 15.51 317.89   7.24  0.13 11.89 314.17  10.40
20011102 150000  4.9 231.7  1.77 14.29 228.83  22.02  4  1.30 14.22 229.06  11.58  1.18  7.07 225.18  24.18  0.24 15.49 317.68   7.43  0.13 12.40 314.67   9.59
20011102 180000  8.0 220.9  1.80 13.81 229.43  21.45  4  1.17  7.14 224.86  23.80  1.35 13.72 230.46  11.98  0.23 15.44 317.67   7.32  0.13 12.51 313.54  10.39
20011102 210000  8.7 206.2  1.90 13.43 227.83  22.18  4  1.25  6.92 220.76  25.50  1.41 13.40 231.01  11.46  0.22 15.21 317.34   8.04  0.13 12.54 312.95  10.73
20011103 000000  6.7 190.7  2.01 13.07 226.93  23.03  4  1.33  6.24 218.68  27.00  1.48 13.11 231.21  10.89  0.22 14.64 317.55   7.75  0.13 12.55 312.47  11.08
20011103 030000  7.2 193.4  2.04 12.89 227.72  22.95  4  1.29  6.29 218.93  27.89  1.55 12.91 231.39  10.27  0.24 14.54 317.50   7.74  0.13 12.56 312.15  11.33
20011103 060000  7.1 197.2  2.05 12.82 228.28  22.93  4  1.20  6.22 215.66  27.94  1.63 12.82 232.52  10.75  0.27 14.51 316.04   9.27  0.09 11.14 317.99   6.85
20011103 090000  6.8 189.4  2.00 12.67 229.47  22.77  4  1.08  6.06 214.84  28.91  1.66 12.65 233.07  10.71  0.30 14.48 315.61  10.27  0.05 20.54 223.14   7.27
20011103 120000  6.0 196.1  1.95 12.44 230.80  22.13  5  0.95  5.83 213.82  28.94  1.68 12.42 233.82  11.11  0.28 14.43 315.02  11.01  0.10 19.55 222.98   7.17  0.10 11.64 316.27   8.66
20011103 150000  6.5 201.4  1.91 12.27 231.84  21.26  5  0.85  5.64 214.03  29.10  1.68 12.28 234.26  11.18  0.27 14.29 314.82  11.36  0.17 19.08 222.78   7.49  0.10 11.66 315.42   8.79
20011103 180000  8.4 213.4  1.96 12.17 231.63  20.78  4  1.92 12.19 230.60  18.08  0.26 18.24 223.07   7.72  0.25 13.83 314.58  11.70  0.11 11.75 314.55  10.13
20011103 210000  9.5 202.2  2.09 12.02 229.66  22.23  4  1.17  4.98 215.42  27.41  1.67 12.03 234.80  11.45  0.37 17.87 223.29   7.51  0.26 13.64 316.60   8.00
20011104 000000  6.8 186.4  2.14 11.83 229.00  23.50  4  1.30  5.67 217.16  28.59  1.59 11.82 234.98  11.64  0.52 17.25 223.39   7.55  0.28 13.59 315.84   9.25
20011104 030000  9.4 196.2  2.19 11.64 228.13  23.95  4  1.43  6.36 218.59  28.32  1.51 11.62 234.41  11.97  0.64 16.76 223.94   7.47  0.29 13.55 315.96   9.42
20011104 060000  8.4 190.2  2.31 11.60 226.90  24.33  4  1.58  6.91 219.17  28.38  1.46 11.58 233.86  12.26  0.79 16.40 223.02   7.82  0.29 13.51 316.44   9.04
20011104 090000  7.5 196.4  2.39 15.60 227.27  23.19  4  1.58  7.48 221.83  27.79  1.48 11.67 232.12  13.21  0.96 15.67 223.76   8.69  0.29 13.46 316.47   9.43
20011104 120000  5.4 195.6  2.43 15.34 227.89  21.59  4  2.11 11.81 228.17  21.67  1.18 15.36 223.57   8.98  0.28 13.35 317.34   9.02  0.07 14.46 281.64   6.65
20011104 150000  8.4 209.7  2.51 14.63 227.67  20.43  4  2.14 11.93 227.83  20.60  1.28 14.71 224.47   9.85  0.28 13.06 318.06   9.09  0.07 14.49 281.44   6.27
20011104 180000 10.6 212.2  2.69 14.43 226.67  20.40  4  2.22 11.65 226.72  21.36  1.50 14.44 224.60  10.50  0.27 12.81 318.40   9.51  0.07 14.49 281.20   6.23
20011104 210000 10.7 201.1  2.87 14.20 225.58  21.60  3  2.85 14.21 225.02  20.16  0.27 12.72 318.57   9.88  0.05 14.53 286.04   4.31
20011105 000000  5.4 181.9  2.88 13.78 225.84  22.13  2  2.86 13.80 225.28  20.72  0.28 12.68 318.60  10.23
20011105 030000  7.0 191.8  2.80 13.56 227.32  21.03  2  2.78 13.58 226.71  19.42  0.28 12.65 318.80  10.33
20011105 060000 10.1 187.1  2.79 13.42 226.39  21.56  2  2.78 13.43 225.76  19.95  0.28 12.63 318.63  10.99
20011105 090000 10.3 184.3  2.85 13.28 224.29  22.73  2  2.83 13.29 223.71  21.29  0.28 12.61 319.01  10.99
20011105 120000  8.1 181.7  2.81 13.02 223.96  22.62  3  1.36  5.82 207.59  31.43  2.44 13.03 227.67  14.07  0.27 12.53 319.69  10.65
20011105 150000  9.8 205.6  2.74 12.89 224.31  21.23  3  1.24  5.59 208.73  29.27  2.43 12.89 227.22  14.27  0.26 12.15 319.56  11.49
20011105 180000 10.8 208.6  2.80 14.16 223.85  20.93  3  1.52  5.59 216.41  27.78  2.34 14.18 226.00  13.75  0.26 11.98 319.40  12.09
20011105 210000 11.3 209.6  2.83 13.99 223.10  21.60  4  1.74  5.98 218.71  27.95  2.22 14.05 224.74  13.03  0.25 11.95 320.50  10.98  0.07 13.60 282.46   6.78
20011106 000000  7.8 202.3  2.70 13.64 222.46  22.39  4  1.64  6.33 216.96  29.16  2.13 13.66 224.52  13.21  0.25 12.00 320.39  11.23  0.07 13.58 281.92   6.60
20011106 030000  9.4 197.4  2.53 13.54 221.92  22.47  4  1.48  6.32 215.91  29.96  2.04 13.55 223.80  12.90  0.25 12.06 320.22  11.43  0.06 13.56 281.72   6.20
20011106 060000 10.7 186.2  2.46 13.46 220.02  23.62  2  2.45 13.48 219.36  21.92  0.26 12.15 319.21  12.69
20011106 090000  8.4 189.5  2.39 13.39 219.87  23.63  3  1.43  6.06 211.74  30.81  1.90 13.40 222.89  13.06  0.25 12.26 319.48  12.41
20011106 120000  7.3 188.2  2.28 13.30 220.80  22.76  2  2.27 13.31 220.09  20.81  0.25 12.39 319.62  12.23
20011106 150000  9.0 207.7  2.21 13.14 221.19  21.93  3  1.17  6.13 213.27  29.51  1.87 13.16 222.98  13.61  0.24 12.49 319.60  12.23
20011106 180000 11.3 209.8  2.36 12.80 221.05  21.99  2  2.35 12.81 220.46  20.31  0.24 12.55 319.51  12.37
20011106 210000 12.7 207.6  2.59 12.65 220.61  23.25  2  2.58 12.65 220.14  22.03  0.23 12.58 319.18  12.61
20011107 000000 10.6 193.5  2.59 12.56 219.05  24.43  3  1.93  6.40 216.59  29.26  1.72 12.56 220.83  11.97  0.22 12.51 318.64  12.91
20011107 030000 10.2 186.5  2.47 12.47 217.88  24.96  3  1.79  6.45 213.84  30.28  1.69 12.48 220.91  12.27  0.22 12.13 318.02  13.11
20011107 060000  9.2 187.6  2.32 12.34 218.45  24.46  5  1.62  6.50 214.65  30.36  1.65 12.35 220.61  12.04  0.21 11.91 317.50  13.60  0.06 21.93 301.71  10.21  0.06 17.76 311.04   8.50
20011107 090000  6.5 195.2  2.17 12.12 220.50  23.20  5  1.43  6.55 218.82  29.50  1.62 12.12 220.54  12.37  0.21 11.96 316.22  14.63  0.07 21.78 302.95   9.77  0.06 17.69 311.25   8.93
20011107 120000  7.1 177.0  2.07 12.02 221.76  22.56  5  1.26  6.66 221.75  29.46  1.63 12.02 220.63  12.91  0.20 12.02 315.71  14.47  0.08 21.73 303.69   9.68  0.07 17.57 311.69   8.80
20011107 150000  6.6 218.7  2.01 11.99 223.06  21.64  5  1.23  7.18 225.65  27.04  1.58 11.99 220.43  13.08  0.20 12.16 315.74  13.47  0.09 21.69 303.88   9.68  0.08 17.29 311.38   9.43
20011107 180000 10.4 216.0  2.15 11.99 223.29  21.82  4  2.14 11.99 222.60  20.14  0.20 12.41 315.19  13.27  0.09 21.61 303.42  10.40  0.08 16.84 311.06   8.84
20011107 210000  9.9 209.3  2.32 12.02 222.32  22.97  5  1.73  6.71 223.58  26.21  1.53 12.01 219.51  13.25  0.19 12.52 315.15  12.89  0.10 21.21 302.73  10.69  0.09 16.67 309.43  10.07
20011108 000000  7.9 185.7  2.35 12.03 220.96  24.07  5  1.82  7.18 220.42  26.87  1.46 12.01 220.17  14.01  0.19 12.58 314.98  12.95  0.11 20.47 302.91  10.33  0.10 16.60 310.35   9.41
20011108 030000  8.8 194.2  2.32 11.99 219.67  24.45  5  1.85  7.53 219.27  26.88  1.38 11.98 218.49  13.30  0.18 12.64 314.84  12.89  0.12 20.36 303.92   9.94  0.11 16.56 311.31   8.81
20011108 060000  6.6 198.5  2.22 11.89 219.82  24.41  5  1.76  7.64 219.31  26.66  1.34 11.88 218.59  13.39  0.18 12.73 314.30  13.22  0.14 20.32 304.43   9.87  0.12 16.48 312.42   8.99
20011108 090000  5.0 217.8  2.05 11.73 221.41  24.00  6  1.60  7.68 220.87  25.63  1.15 11.95 215.92  11.06  0.49 10.84 241.11   6.19  0.17 12.91 314.25  13.20  0.14 20.29 304.34  10.48  0.13 16.34 311.96   8.99
20011108 120000  3.3 207.3  1.89 11.56 222.91  23.72  6  1.43  7.84 222.40  24.82  1.08 11.85 216.06  11.60  0.53 10.92 240.89   7.18  0.18 13.16 314.08  12.45  0.14 20.22 303.43  11.25  0.12 15.80 311.98   9.01
20011108 150000  4.8 219.8  1.77 11.41 224.10  23.72  6  1.32  8.20 224.08  23.73  1.02 11.72 215.47  11.70  0.51 10.82 242.16   7.38  0.19 12.09 313.69  12.09  0.15 19.86 302.36  11.64  0.14 15.60 311.71   9.17
20011108 180000  6.9 230.7  1.71 11.22 225.26  24.12  6  1.30  8.77 225.00  23.14  0.95 11.63 215.95  11.84  0.49 10.73 240.99   6.56  0.17 12.02 312.92  12.49  0.17 15.47 312.43   9.22  0.16 19.15 303.13  11.42
20011108 210000  5.4 226.1  1.65 11.01 226.48  24.99  5  1.54 11.51 222.38  20.78  0.50 10.54 240.75   5.67  0.19 15.43 312.42   8.88  0.18 12.00 312.80  12.68  0.18 19.04 304.01  11.11
20011109 000000  4.2 182.9  1.56 10.81 226.91  25.59  7  1.20  8.75 225.63  23.04  0.85 11.19 217.35  12.37  0.41 10.32 241.50   5.18  0.19 15.39 312.75   8.85  0.18 19.01 303.94  11.11  0.18 12.02 312.76  12.31  0.06 23.32 311.32   8.30
20011109 030000  5.2 205.4  1.48 10.71 227.01  26.02  7  1.13  8.77 224.97  22.87  0.80 11.14 217.69  12.24  0.40 10.31 241.32   5.11  0.19 18.97 303.58  11.67  0.18 15.30 313.01   8.86  0.18 12.08 312.83  11.97  0.07 23.28 312.46   8.53
20011109 060000  3.4 229.8  1.40 10.74 227.52  26.29  7  1.04  8.28 225.67  22.92  0.76 11.05 216.19  10.83  0.43 10.19 240.21   5.15  0.20 18.88 303.32  12.64  0.18 14.98 313.25   8.57  0.17 12.20 313.05  11.73  0.07 23.27 313.62   8.63
20011109 090000  2.6 251.8  1.34 10.65 228.38  26.78  6  1.21 10.93 221.90  19.71  0.48 10.19 240.09   5.58  0.21 18.59 303.30  13.41  0.18 14.58 312.94   8.32  0.17 12.34 313.85  11.43  0.09 22.85 312.45   8.34
20011109 120000  3.6 184.4  1.31 10.47 229.11  28.10  4  1.26 10.45 224.29  19.52  0.27 14.44 313.41   9.53  0.21 17.98 303.36  13.36  0.12 21.84 310.76   8.32
20011109 150000  3.6 218.8  1.29 10.33 230.25  29.02  4  1.23 10.31 224.49  19.04  0.29 14.40 313.31   9.33  0.21 17.83 303.03  12.90  0.15 21.77 311.22   8.55
20011109 180000  7.0 232.2  1.33 10.18 231.32  29.28  6  1.10 10.51 222.06  21.10  0.63  9.85 235.35   8.20  0.30 14.37 313.17   9.38  0.23 17.76 303.36  12.66  0.15 21.76 312.41   8.77  0.05 16.47 224.31   8.61
20011109 210000  7.4 213.0  1.39  9.98 230.22  29.56  6  0.62  3.84 228.70  31.43  1.17  9.97 223.63  15.75  0.29 14.34 313.12   9.49  0.25 17.68 304.46  13.16  0.13 21.74 313.72   8.60  0.10 18.42 221.72   7.15
20011110 000000  7.3 190.0  1.43  9.84 227.36  31.05  6  0.67  3.93 211.56  33.17  1.18  9.84 224.43  16.21  0.28 14.26 313.22   9.51  0.27 17.59 304.56  13.92  0.16 20.78 312.42   8.27  0.16 17.74 221.65   7.39
20011110 030000  7.5 180.7  1.43  9.79 226.41  32.53  5  1.34  9.79 220.12  23.48  0.27 13.97 313.50   9.31  0.26 17.48 303.74  14.74  0.25 17.06 221.16   7.30  0.23 20.38 311.03   8.37
20011110 060000  9.0 188.2  1.53  9.79 222.69  32.61  6  0.92  4.29 204.71  31.41  1.09  9.78 224.52  14.23  0.36 16.58 221.50   7.64  0.26 20.34 311.11   8.78  0.26 13.59 313.86   9.06  0.24 17.20 302.15  14.99
20011110 090000  8.3 173.8  1.60 16.30 221.07  32.60  6  1.01  4.77 203.33  32.31  1.06  9.82 225.60  13.54  0.50 15.99 221.33   7.78  0.26 13.47 313.98   8.96  0.24 20.33 311.92   9.05  0.23 16.75 301.91  14.87
20011110 120000  6.7 176.1  1.61 15.59 223.01  31.13  5  1.39  9.93 217.61  26.05  0.69 15.49 221.78   8.02  0.26 13.42 313.84   8.87  0.25 16.53 303.47  14.61  0.22 20.26 313.63   8.61
20011110 150000  8.5 205.0  1.70 15.28 224.69  29.65  5  1.38 10.19 218.75  24.32  0.88 15.17 222.58   8.23  0.28 16.43 305.22  14.22  0.27 13.40 313.66   9.01  0.25 19.26 313.46   8.18
20011110 180000 11.5 215.1  2.06 14.58 225.20  28.11  5  1.69 10.28 220.32  23.74  1.07 14.56 223.13   8.47  0.33 19.04 312.07   8.36  0.30 16.39 305.21  14.33  0.27 13.39 313.29   9.28
20011110 210000 10.7 206.7  2.28 14.30 224.23  28.13  5  1.87  5.84 219.52  25.05  1.19 14.32 223.34   8.78  0.37 19.01 311.36   8.82  0.29 16.39 304.47  14.29  0.25 13.34 313.09   9.44
20011111 000000  6.2 176.8  2.27 13.85 223.42  27.97  6  1.60  6.12 214.76  28.37  1.27 13.92 223.73   8.93  0.85 10.47 229.96  10.22  0.35 19.00 311.12   9.28  0.27 16.40 302.19  15.46  0.24 13.27 312.89   9.40
20011111 030000 10.2 188.7  2.18 13.58 222.09  27.36  4  1.45  6.05 210.70  29.03  1.57 13.60 225.87   9.84  0.39 18.94 307.56  13.37  0.23 12.97 313.71   9.39
20011111 060000 10.5 187.3  2.16 13.39 220.53  28.35  5  1.41  5.65 205.91  29.66  1.57 13.40 226.14   9.76  0.31 18.22 314.03   8.32  0.26 15.53 303.10  15.65  0.20 12.59 313.79   9.62
20011111 090000  8.6 179.6  2.08 13.19 221.83  30.40  5  1.31  5.50 204.73  31.11  1.53 13.24 226.39   9.75  0.38 17.81 313.41   8.24  0.26 15.23 304.60  15.99  0.20 12.57 313.48   9.31
20011111 120000  7.2 186.4  1.92 13.01 225.85  31.59  5  1.07  5.29 204.55  32.21  1.50 13.15 227.08  10.09  0.43 17.77 312.25   8.53  0.28 15.22 305.02  15.42  0.20 12.54 313.53   9.19
20011111 150000  9.0 193.9  1.83 12.95 226.18  32.47  6  1.00  4.67 201.77  31.27  1.36 13.11 226.51  10.04  0.44 17.76 311.27   9.04  0.42 15.70 237.65   6.57  0.29 15.27 304.31  15.21  0.20 12.51 313.73   9.08
20011111 180000 11.5 208.4  1.99 15.07 224.71  30.33  4  1.92 13.82 220.10  22.80  0.40 17.76 310.39   9.48  0.29 15.38 304.22  15.13  0.20 12.52 313.34   9.12
20011111 210000 11.1 205.0  2.13 14.54 224.70  28.94  5  1.55  5.47 216.51  29.28  1.38 14.44 226.71  10.07  0.39 17.65 312.23   9.53  0.21 12.57 312.51   8.98  0.20 15.50 290.80  11.28
20011112 000000  7.9 194.5  2.22 14.28 225.59  26.67  3  1.40  5.60 217.63  30.48  1.66 14.26 225.97   9.99  0.47 16.81 309.68  12.79
20011112 030000  8.5 188.5  2.43 13.65 226.39  24.34  4  1.22  5.55 215.54  31.49  2.04 13.65 226.51  10.54  0.43 16.62 310.09  12.17  0.22 13.48 313.82   8.41
20011112 060000  7.8 189.9  2.55 13.35 227.78  23.30  3  2.50 13.33 225.39  17.99  0.45 16.60 310.63  11.18  0.24 13.64 311.95   9.94
20011112 090000  6.9 200.1  2.55 13.14 229.54  22.60  3  2.50 13.10 227.14  17.23  0.43 16.60 311.61   8.75  0.27 14.19 307.06  14.42
20011112 120000  5.7 193.8  2.49 12.83 230.91  22.07  3  2.43 12.79 228.45  16.71  0.42 16.58 310.94   9.24  0.28 14.30 302.07  18.11
20011112 150000  7.9 218.0  2.42 12.70 231.69  21.63  2  2.37 12.67 229.33  16.45  0.48 16.51 308.10  13.30
20011112 180000  7.8 212.1  2.39 12.62 231.63  21.83  2  2.34 12.59 229.41  17.08  0.46 16.28 308.26  13.65
20011112 210000  6.8 214.2  2.31 12.61 231.59  22.02  2  2.26 12.59 229.36  17.26  0.45 15.61 308.54  14.05
20011113 000000  1.8 229.2  2.21 12.64 231.50  22.02  3  2.16 12.62 229.17  16.94  0.41 15.52 308.07  14.19  0.16 12.63 315.38   9.05
20011113 030000  1.4 140.3  2.10 12.82 231.46  21.99  3  2.06 12.82 229.02  16.47  0.39 15.50 310.13  11.23  0.16 12.67 314.68   9.07
20011113 060000  1.0 143.8  2.03 13.90 231.49  22.04  3  1.99 13.79 228.89  16.05  0.39 15.49 310.50   9.89  0.15 12.60 315.23   9.13
20011113 090000  0.9 160.6  1.99 13.65 231.75  22.13  3  1.95 13.59 228.97  15.80  0.40 15.46 309.89  10.51  0.16 12.62 314.35   9.72
20011113 120000  1.5 186.9  1.99 13.55 232.14  22.02  2  1.95 13.47 229.44  15.88  0.42 15.40 310.57  10.34
20011113 150000  4.1 216.0  2.14 13.44 233.24  21.37  2  2.10 13.32 231.09  16.63  0.41 15.29 310.62  10.62
20011113 180000  8.5 218.8  2.53 13.00 235.36  20.73  3  0.56  3.23 228.53  30.35  2.44 12.98 234.30  17.04  0.38 15.01 310.87  10.81
20011113 210000  9.3 210.3  2.89 12.78 235.43  21.30  2  2.87 12.77 234.57  19.64  0.35 14.67 311.80  10.19
20011114 000000  7.6 190.8  2.99 12.68 233.86  22.17  3  2.62 12.66 236.83  21.74  1.40 14.97 220.74   9.69  0.33 14.53 311.48  10.77
20011114 030000  9.0 194.9  2.99 14.50 231.12  22.62  2  2.97 14.51 230.44  21.32  0.32 14.48 312.18   9.98
20011114 060000 10.4 191.0  3.12 14.46 227.24  22.96  2  3.10 14.46 226.64  21.75  0.31 14.43 311.78  10.17
20011114 090000 10.0 187.3  3.27 14.44 225.02  22.72  2  3.25 14.44 224.50  21.62  0.30 14.40 311.82  10.01
20011114 120000  9.0 178.5  3.38 14.60 224.32  21.80  2  3.36 14.68 223.86  20.76  0.29 14.38 311.84  10.10
20011114 150000  9.3 208.2  3.39 14.87 224.26  20.15  3  2.20  9.16 226.16  26.69  2.56 15.06 222.29  10.11  0.28 14.36 311.62  10.18
20011114 180000 13.4 210.8  3.55 14.88 223.11  19.61  2  3.54 15.03 222.76  18.70  0.27 14.33 311.55  10.26
20011114 210000 14.4 203.6  3.95 14.98 220.48  21.78  2  3.94 15.20 220.23  21.19  0.25 14.25 311.63  10.32
20011115 000000 12.6 192.0  3.98 15.56 218.80  22.92  3  3.11  8.37 216.31  27.61  2.47 15.61 221.80   8.51  0.24 13.92 311.48  10.75
20011115 030000 12.8 189.7  3.77 15.49 217.67  22.97  3  2.91  8.35 214.03  27.71  2.38 15.50 221.98   8.61  0.23 13.63 311.91  10.55
20011115 060000 13.3 181.8  3.60 15.33 216.09  23.74  4  2.75  8.14 210.75  28.35  2.30 15.33 222.26   8.70  0.23 13.55 312.21  10.21  0.07 23.27 307.86   8.74
20011115 090000 10.2 171.9  3.34 15.16 216.30  23.99  4  2.52  8.07 210.62  28.87  2.18 15.17 222.32   8.62  0.23 13.53 311.71  10.88  0.09 22.99 307.62   8.75
20011115 120000 10.7 165.4  3.04 14.98 216.34  24.34  4  2.21  7.93 209.69  29.96  2.07 14.99 222.10   8.67  0.22 13.54 312.04   9.95  0.11 21.99 307.44   9.17
20011115 150000 10.2 198.2  2.80 14.60 217.37  22.79  5  1.92  7.66 209.94  28.55  2.02 14.62 222.37   8.84  0.21 13.54 311.32  10.46  0.13 21.82 306.28   8.80  0.08 16.63 315.14   8.21
20011115 180000 12.2 208.4  2.91 14.36 217.86  21.69  3  2.90 14.38 217.37  20.45  0.22 13.54 311.54  10.46  0.15 21.79 306.00   9.00
20011115 210000 13.6 201.4  3.18 14.23 217.81  22.89  3  3.17 14.25 217.40  21.93  0.21 13.55 311.63  10.31  0.15 21.75 306.20   9.19
20011116 000000 11.4 190.1  3.21 14.15 217.03  24.44  4  2.71  7.79 214.66  26.98  1.70 14.16 221.03   8.97  0.21 13.56 311.67  10.52  0.16 21.53 306.63   8.96
20011116 030000 10.0 182.1  3.00 14.00 216.87  24.83  5  2.48  7.96 214.36  27.51  1.66 14.03 220.15   9.35  0.20 20.54 306.32   8.77  0.19 13.52 310.87  11.18  0.11 15.65 315.07   8.17
20011116 060000  7.2 176.8  2.74 13.67 218.36  23.99  5  2.17  7.94 216.61  26.76  1.64 13.68 218.95   9.73  0.24 20.39 305.82   8.83  0.17 13.24 311.44  11.74  0.13 15.37 313.84   7.52
20011116 090000  5.6 163.1  2.54 13.52 219.52  22.79  5  1.84  7.90 218.83  26.15  1.73 13.52 218.08  10.37  0.26 20.36 305.42   9.06  0.16 13.08 311.07  11.14  0.14 15.28 315.07   7.88
20011116 120000  6.6 187.5  2.43 13.39 219.86  21.54  5  1.74 13.39 217.06  10.27  1.67  8.00 220.68  24.67  0.26 20.34 305.23   9.39  0.16 13.00 311.98  10.20  0.14 15.21 314.67   8.41
20011116 150000  6.5 201.6  2.37 13.26 219.78  20.92  4  2.35 13.26 218.60  17.78  0.26 20.26 305.60   9.38  0.16 13.05 312.17   9.98  0.14 15.04 314.73   8.35
20011116 180000 10.1 223.3  2.43 13.13 220.53  21.09  3  2.40 13.13 219.24  17.74  0.28 19.54 305.90   9.08  0.21 14.19 313.32   9.38
20011116 210000 10.4 205.0  2.61 12.88 220.22  22.81  4  1.91  7.37 220.48  24.65  1.74 12.87 216.98  10.30  0.33 19.09 305.89   8.94  0.21 14.21 313.50   9.42
20011117 000000  6.5 212.3  2.62 12.74 219.74  24.34  4  1.96  7.39 219.05  26.21  1.68 12.72 216.98   9.44  0.36 19.03 305.68   9.07  0.22 14.24 313.73   9.66
20011117 030000  7.0 183.0  2.47 12.64 220.28  24.54  4  1.82  7.53 219.31  26.04  1.61 12.63 217.39   9.88  0.37 19.01 305.48   9.31  0.22 14.25 313.98   9.88
20011117 060000  6.0 186.3  2.30 12.55 221.04  24.22  4  1.62 12.53 218.20  10.94  1.57  7.57 219.93  26.09  0.36 19.00 305.39   9.48  0.22 14.24 314.16  10.23
20011117 090000  5.5 177.5  2.18 12.45 221.77  24.06  3  2.14 12.44 219.50  19.04  0.36 18.90 305.62   9.36  0.22 14.17 314.40  10.32
20011117 120000  6.1 180.9  2.11 12.36 222.60  24.53  3  2.07 12.35 219.86  18.55  0.39 18.20 305.92   9.12  0.21 13.72 314.77  10.02
20011117 150000  6.8 208.2  2.08 12.25 223.46  25.43  3  2.02 12.20 220.06  18.23  0.44 17.85 306.09   9.05  0.21 13.46 315.03  10.01
20011117 180000 11.3 219.0  2.23 12.02 223.51  25.88  3  2.17 11.97 220.28  19.40  0.46 17.79 306.08   9.15  0.21 13.39 315.34   9.94
20011117 210000 10.1 204.9  2.39 17.76 221.88  26.89  4  2.00  7.28 219.17  24.75  1.22 11.86 218.90   9.42  0.46 17.77 305.98   9.33  0.21 13.37 315.63   9.88
20011118 000000  8.3 192.4  2.37  7.38 220.57  28.01  4  2.03  7.38 217.50  26.03  1.13 11.81 218.96   9.20  0.44 17.76 305.89   9.44  0.20 13.37 315.91   9.76
20011118 030000  7.4 189.4  2.26  7.46 220.10  28.59  4  1.97  7.46 216.98  25.95  1.01 11.83 217.78   7.90  0.44 17.69 306.01   9.36  0.20 13.36 316.13   9.74
20011118 060000  6.5 185.8  2.10  7.45 220.54  29.51  4  1.81  7.45 216.60  25.69  0.95 11.83 217.51   7.88  0.46 17.41 306.18   9.17  0.20 13.32 316.25   9.74
20011118 090000  4.7 158.6  1.94 16.75 221.95  30.84  4  1.59  7.34 216.71  25.81  0.97 11.78 217.40   8.65  0.49 16.77 306.31   9.09  0.20 13.20 316.29   9.76
20011118 120000  4.6 181.2  1.79 16.64 223.89  31.39  4  1.34  7.09 217.66  25.80  1.05 11.68 217.61   9.07  0.51 16.65 306.33   9.17  0.20 12.83 316.25   9.89
20011118 150000  7.0 213.3  1.74 16.60 224.86  30.74  4  1.17  6.90 218.53  25.32  1.16 11.56 218.11  10.08  0.51 16.62 306.40   9.26  0.20 12.66 316.34   9.90
20011118 180000 10.3 212.7  1.94 16.58 223.23  29.11  4  1.86 11.40 218.23  19.95  0.50 16.60 306.47   9.30  0.19 12.60 316.45   9.87  0.05 21.67 309.94   8.12
20011118 210000  9.1 201.6  2.10 16.55 222.22  29.03  5  1.57  6.28 217.63  26.45  1.30 11.25 218.55  10.90  0.50 16.57 306.63   9.23  0.19 12.58 316.57   9.90  0.06 21.55 310.07   8.15
20011119 000000  6.0 186.5  2.10 16.46 222.55  29.75  5  1.51  6.61 217.33  27.95  1.35 11.29 218.98  11.35  0.51 16.48 306.64   9.09  0.19 12.58 316.76   9.77  0.07 21.27 310.09   8.10
20011119 030000  5.5 197.6  2.00 11.77 223.86  30.25  5  1.36  6.75 216.73  26.90  1.35 11.64 220.34  13.37  0.53 16.21 306.66   8.98  0.19 12.57 317.01   9.63  0.08 20.58 309.09   8.46
20011119 060000  2.8 179.7  1.86 15.64 225.22  30.52  4  1.77 11.76 219.10  20.12  0.52 15.72 306.58   9.03  0.19 12.54 317.32   9.37  0.10 20.33 308.95   8.85
20011119 090000  3.0 193.1  1.73 15.51 226.23  30.41  4  1.64 11.77 219.56  18.78  0.50 15.59 306.48   9.15  0.19 12.47 317.39   9.46  0.12 20.23 309.08   8.68
20011119 120000  3.4 179.5  1.63 15.44 226.73  30.23  4  1.54 11.80 219.72  17.59  0.48 15.54 306.50   9.18  0.19 12.31 317.66   9.37  0.13 20.10 309.25   8.50
20011119 150000  6.4 225.4  1.61 15.38 227.02  30.28  4  1.52 11.95 219.74  16.97  0.48 15.50 306.69   9.14  0.18 12.08 317.89   9.28  0.14 19.69 309.40   8.39
20011119 180000  5.7 222.6  1.63 15.30 227.27  30.91  4  1.53 12.32 219.54  17.14  0.50 15.45 306.78   9.02  0.18 11.99 317.89   9.30  0.16 19.21 309.53   8.20
20011119 210000  5.3 215.6  1.67 15.17 227.40  31.49  4  1.57 12.57 219.16  17.03  0.53 15.38 306.75   8.93  0.19 19.02 309.34   8.07  0.18 11.94 317.91   9.17
20011120 000000  1.1 158.7  1.72 14.85 226.93  31.27  4  1.61 12.72 218.69  16.35  0.53 15.26 306.63   8.92  0.22 18.93 309.03   8.40  0.18 11.90 318.00   9.31
20011120 030000  3.4 217.7  1.76 14.60 225.93  29.80  4  1.66 13.14 218.53  15.10  0.51 15.02 306.38   9.03  0.23 18.81 308.81   8.54  0.18 11.87 317.99   9.28
20011120 060000  2.9 169.9  1.85 14.56 224.63  27.42  4  1.76 13.30 218.60  13.82  0.48 14.70 306.22   9.20  0.25 18.46 308.93   8.47  0.17 11.79 318.34   9.07
20011120 090000  2.6 180.6  1.96 14.57 224.02  25.27  4  1.88 14.63 219.04  12.67  0.46 14.55 306.23   9.21  0.26 17.95 309.01   8.30  0.17 11.76 318.41   9.08
20011120 120000  1.3 179.6  2.09 14.56 224.22  24.07  3  2.01 14.76 219.67  11.79  0.48 14.47 307.80   9.86  0.29 17.83 309.29   8.08
20011120 150000  3.3 245.5  2.19 14.55 225.10  23.77  3  2.11 14.81 220.57  11.48  0.49 14.41 307.96   9.75  0.33 17.74 309.13   8.12
20011120 180000  3.9 233.3  2.26 14.54 225.83  23.62  3  2.17 14.79 221.23  11.02  0.50 14.36 307.92   9.65  0.36 17.67 309.10   8.30
20011120 210000  5.2 213.2  2.29 14.50 226.48  23.55  3  2.20 14.70 221.84  10.96  0.50 14.32 307.83   9.69  0.37 17.50 308.99   8.43
20011121 000000  4.1 214.1  2.27 14.46 227.12  23.56  3  2.18 14.60 222.44  11.06  0.49 14.26 307.71   9.74  0.38 16.93 308.98   8.40
20011121 030000  6.1 166.5  2.26 14.36 227.41  24.30  4  2.17 14.44 222.63  12.48  0.46 14.16 306.67   9.20  0.40 16.70 309.11   8.23  0.13 11.08 319.25   9.82
20011121 060000  7.0 168.9  2.27 14.23 227.60  25.35  4  2.18 14.29 222.79  14.60  0.45 13.85 306.73   9.20  0.43 16.64 309.36   8.12  0.12 10.96 319.82   9.28
20011121 090000  5.9 169.0  2.26 14.08 228.46  26.24  5  2.17 14.17 223.55  16.20  0.44 13.61 306.77   9.12  0.43 16.61 309.54   8.23  0.12 10.96 319.58   9.23  0.06 21.83 311.80   8.10
20011121 120000  3.7 182.4  2.22 13.82 230.11  26.16  5  2.12 14.06 225.03  15.97  0.47 16.52 309.55   8.27  0.39 13.49 306.28   9.20  0.13 11.05 319.25   8.61  0.07 21.78 311.78   8.46
20011121 150000  6.9 213.8  2.18 13.65 231.07  26.28  4  2.09 13.80 225.88  16.10  0.48 16.38 309.41   8.33  0.40 13.43 307.92   9.75  0.07 21.74 312.00   8.44
20011121 180000  8.7 215.8  2.22 13.56 231.38  26.86  4  2.13 13.61 226.36  17.71  0.48 15.91 309.49   8.33  0.39 13.41 307.91   9.72  0.09 21.35 311.27   8.40
20011121 210000  9.5 206.4  2.30 13.48 229.90  28.04  5  1.04  4.40 224.69  33.48  1.95 13.50 225.28  13.93  0.48 15.64 309.61   8.31  0.39 13.39 307.88   9.71  0.11 20.48 311.02   8.33
20011122 000000  7.2 205.2  2.30 13.41 229.11  28.45  4  2.22 13.41 224.33  20.41  0.48 15.56 309.76   8.36  0.39 13.38 307.69   9.61  0.13 20.38 311.39   8.38
20011122 030000  8.0 182.8  2.28 13.33 227.77  28.94  5  2.18 13.31 223.27  20.69  0.47 15.53 309.92   8.50  0.39 13.40 307.83   9.43  0.29 16.76 202.46   5.30  0.13 20.35 311.87   8.59
20011122 060000  8.4 186.1  2.30 13.25 226.16  28.80  3  2.22 13.21 221.46  20.51  0.60 15.46 309.16   8.93  0.14 20.28 312.23   8.56
20011122 090000  7.1 184.6  2.31 13.19 225.74  28.49  4  2.11 13.14 222.72  20.46  0.69 14.84 207.01   6.76  0.59 15.38 309.22   8.89  0.17 19.50 311.50   8.19
20011122 120000  6.9 189.5  2.28 13.20 226.04  28.27  4  2.20 13.20 221.30  19.49  0.52 15.23 309.33   8.81  0.26 12.53 309.19   9.03  0.21 19.09 311.04   8.09
20011122 150000  7.2 202.1  2.24 13.11 225.98  28.10  4  2.15 13.18 221.23  19.14  0.48 14.87 309.78   8.52  0.29 12.64 307.94   9.69  0.24 19.03 311.33   8.41
20011122 180000 10.3 210.8  2.30 13.03 225.12  27.57  5  1.22  5.22 220.57  29.06  1.86 13.10 221.09  13.55  0.47 14.64 309.80   8.41  0.26 12.53 307.89   9.97  0.24 19.01 311.85   8.70
20011122 210000  9.0 205.8  2.32 12.94 224.76  28.18  5  1.38  5.51 221.60  29.99  1.77 12.97 220.36  12.40  0.44 14.56 309.56   8.54  0.28 12.61 308.92   9.64  0.24 18.91 312.58   8.43
20011123 000000  6.6 187.1  2.15 12.86 225.68  29.72  4  1.16  5.64 219.40  31.84  1.71 12.84 221.20  13.51  0.52 14.47 309.48   8.88  0.28 18.11 312.19   8.27
20011123 030000  6.8 185.7  2.00 12.80 227.16  31.70  5  0.93  5.48 214.07  33.81  1.65 12.74 221.88  13.58  0.53 14.41 309.50   8.92  0.35 17.82 311.75   8.01  0.14  8.44 274.75   4.85
20011123 060000  6.9 177.5  1.89 12.76 228.88  33.17  4  1.76 12.67 220.35  20.29  0.53 14.35 309.36   8.88  0.39 17.78 311.72   8.27  0.15  7.92 272.90   5.87
20011123 090000  5.0 179.3  1.81 12.74 230.26  33.43  4  1.68 12.63 221.13  19.67  0.52 14.28 309.34   8.84  0.39 17.75 311.77   8.61  0.11  7.89 276.27   4.26
20011123 120000  8.5 178.5  1.84 12.68 227.65  33.81  3  1.72 12.58 219.32  21.10  0.51 14.18 309.36   8.84  0.38 17.67 312.16   8.64
20011123 150000 12.9 193.6  2.30 12.58 218.90  32.80  3  2.21 12.48 213.85  24.30  0.49 13.91 309.50   8.80  0.40 17.30 312.61   8.47
20011123 180000 15.2 196.0  3.19 12.36 215.86  29.71  3  3.13 12.26 213.40  25.11  0.46 13.67 309.85   8.87  0.42 16.75 312.45   8.26
20011123 210000 14.3 196.5  3.45  7.93 216.10  28.95  3  3.40  7.93 214.11  25.18  0.45 16.63 312.08   8.11  0.41 13.55 309.90   9.29
20011124 000000 11.9 180.5  3.44  8.16 216.50  29.27  4  2.87  8.16 211.86  29.17  1.81 11.97 220.81  12.08  0.45 16.58 312.14   8.39  0.37 13.47 309.55   8.76
20011124 030000 15.3 184.9  3.60  8.40 213.87  29.99  3  3.55  8.40 212.24  27.01  0.45 16.55 312.01   8.46  0.36 13.43 309.56   8.79
20011124 060000 14.7 176.4  3.71  8.99 212.44  30.75  4  3.26  8.99 207.52  30.26  1.67 12.04 222.71  12.05  0.43 16.47 312.04   8.38  0.35 13.43 309.54   9.41
20011124 090000 13.0 172.4  3.66  9.71 213.47  30.41  4  3.36  9.71 209.97  29.24  1.35 12.92 223.70  11.70  0.42 16.23 311.92   8.58  0.34 13.47 310.27   8.81
20011124 120000  9.7 180.7  3.49 10.23 216.55  28.46  4  3.17 10.21 213.27  27.28  1.36 12.91 224.18  11.85  0.41 15.73 311.64   8.50  0.32 13.44 310.47   9.49
20011124 150000 10.4 199.1  3.29 11.50 219.71  26.15  4  2.80 10.06 215.22  25.25  1.66 12.15 226.14  12.84  0.41 15.56 311.68   8.22  0.29 13.36 310.32   9.45
20011124 180000 12.2 213.9  3.34 11.74 221.29  24.24  2  3.31 11.61 219.94  21.30  0.49 15.49 311.14   8.61
20011124 210000 12.6 203.2  3.54  9.71 221.25  24.25  2  3.51  9.71 220.08  21.73  0.49 15.45 311.06   8.63
20011125 000000 10.1 201.4  3.56  9.70 221.39  24.71  3  3.19  9.70 219.33  24.05  1.52 12.21 224.11  11.67  0.48 15.41 311.03   8.70
20011125 030000  9.8 197.4  3.41  9.89 221.88  24.67  3  3.03  9.89 219.95  24.01  1.48 12.16 223.67  12.16  0.47 15.34 311.00   8.76
20011125 060000  9.3 197.7  3.25 10.18 222.28  24.21  3  2.92 10.17 220.63  23.21  1.34 12.20 223.30  12.61  0.44 15.18 310.94   8.79
20011125 090000  7.0 186.3  3.12 10.34 222.84  23.67  3  2.83 10.33 221.70  22.66  1.25 12.22 221.76  11.74  0.42 14.76 310.86   8.79
20011125 120000  7.3 189.0  2.99 10.36 223.38  23.08  3  2.72 10.34 222.45  21.89  1.19 12.10 221.32  12.08  0.40 14.57 310.70   8.98
20011125 150000  9.4 210.9  2.87 10.25 223.35  22.89  3  2.64 10.23 222.47  21.45  1.06 12.00 220.74  11.32  0.39 14.50 310.77   8.77
20011125 180000 12.2 209.6  2.94  9.94 222.27  23.25  3  2.92  9.94 221.24  20.97  0.38 14.46 310.80   8.73  0.07 20.59 307.07  10.06
20011125 210000 13.3 201.3  3.13  9.22 219.62  24.59  4  3.11  9.22 218.73  22.73  0.37 14.43 310.67   8.78  0.08 20.26 306.74  10.00  0.05 21.03 222.14   7.52
20011126 000000  8.9 192.2  3.20  8.96 218.18  25.86  4  3.18  8.96 217.35  24.22  0.35 14.40 310.51   8.87  0.08 20.11 306.71  10.84  0.07 20.52 222.29   7.58
20011126 030000 10.6 189.7  2.94  9.08 218.04  26.24  4  2.92  9.08 217.09  24.40  0.34 14.35 310.42   8.94  0.10 20.09 307.13  10.37  0.09 20.33 222.20   7.80
20011126 060000 12.3 185.9  2.75  8.95 215.84  27.09  4  2.73  8.95 214.80  25.10  0.33 14.28 310.42   8.97  0.13 19.96 307.37   9.55  0.11 20.03 222.39   7.83
20011126 090000 11.2 182.5  2.69  8.56 214.12  27.56  6  2.64  8.56 213.06  25.79  0.32 11.06 215.00   0.00  0.31 14.15 310.48   9.02  0.14 19.35 222.83   7.56  0.12 19.46 307.82  10.13  0.07 23.18 305.99   7.97
20011126 120000  7.7 179.5  2.53  8.48 215.59  27.19  4  2.50  8.48 214.47  25.13  0.29 13.92 310.62   9.01  0.17 19.11 222.76   7.70  0.16 19.13 307.12  10.15
20011126 150000 10.1 198.4  2.38  8.51 216.84  26.26  6  2.22  8.51 215.58  25.02  0.76 10.78 215.47   9.14  0.28 13.79 310.70   9.01  0.20 18.90 223.07   7.67  0.15 18.99 307.49  11.00  0.11 21.93 306.18   8.79
20011126 180000 14.2 211.0  2.79  7.83 217.19  24.70  5  2.75  7.83 216.22  22.80  0.26 13.72 310.71   9.03  0.24 18.26 222.88   7.61  0.17 18.93 307.26  10.51  0.12 21.84 306.36   8.92
20011126 210000 14.9 200.8  3.48  8.28 214.96  26.10  5  3.45  8.28 214.26  24.91  0.29 17.94 223.34   7.65  0.26 13.66 310.60   9.29  0.19 18.84 307.06  10.29  0.14 21.73 306.79   8.07
20011127 000000 11.6 197.7  3.52  8.88 214.76  26.61  4  3.49  8.88 214.01  25.41  0.33 17.81 223.47   7.68  0.26 18.99 307.33   9.33  0.25 13.62 310.77   9.25
20011127 030000 11.5 193.7  3.24  8.95 215.67  26.39  6  3.20  8.95 214.70  24.85  0.38 17.31 223.16   7.99  0.24 13.57 310.78   9.42  0.21 20.47 306.27   8.00  0.18 17.93 309.03  10.26  0.06 24.94 315.14   7.31
20011127 060000 11.1 194.0  2.98  8.67 217.25  26.28  6  2.92  8.67 215.99  24.37  0.45 16.92 222.92   8.00  0.26 20.28 305.86   8.71  0.24 13.52 310.90   9.43  0.17 17.74 311.06   8.53  0.06 24.92 319.01   5.01
20011127 090000 10.1 188.3  2.83  8.51 219.08  26.62  7  2.42  8.51 216.03  26.60  1.31 10.60 222.25  13.44  0.52 16.82 222.12   8.61  0.24 20.31 306.13   7.67  0.24 17.85 306.98  10.38  0.23 13.47 310.91   9.49  0.09 24.09 317.13   6.09
20011127 120000  8.4 185.1  2.73 10.13 221.69  26.50  6  2.07  8.24 216.34  27.41  1.60 10.13 225.42  14.79  0.64 16.48 220.15   9.14  0.38 19.40 306.38   9.17  0.21 13.43 310.95   9.46  0.13 23.35 313.92   8.10
20011127 150000  9.7 210.0  2.72 10.12 223.63  25.63  5  2.53 10.12 222.02  22.70  0.86 15.61 217.80   9.62  0.42 18.98 306.52   9.04  0.20 13.38 310.98   9.49  0.15 23.30 315.17   7.34
20011127 180000 12.3 211.7  2.95 10.11 223.27  24.88  5  2.68 10.10 222.24  22.46  1.13 15.28 216.72   9.32  0.47 18.95 307.36   9.32  0.20 13.32 310.97   9.60  0.10 23.30 315.28   1.65
20011127 210000 12.9 205.1  3.31  8.33 221.33  25.28  4  3.27  8.33 219.64  21.95  0.45 18.88 306.51   8.73  0.23 21.95 313.33   8.26  0.19 13.23 311.09   9.65
20011128 000000 11.9 199.2  3.46  8.56 219.99  26.12  4  3.41  8.56 218.19  22.62  0.49 18.67 306.09   8.60  0.27 21.81 314.48   7.31  0.18 13.04 311.05   9.82
20011128 030000 10.4 195.7  3.44  8.93 220.09  26.55  5  2.86  8.93 218.66  25.96  1.81 13.57 216.42   9.08  0.54 18.02 306.24   8.73  0.27 21.78 314.82   7.40  0.17 12.83 311.15   9.88
20011128 060000 10.5 194.3  3.34  9.13 221.03  26.87  5  2.69  9.13 219.00  25.96  1.86 12.89 217.43   9.20  0.63 17.82 307.30   9.16  0.17 12.73 311.16   9.88  0.16 21.78 315.36   1.88
20011128 090000  8.7 186.4  3.20  9.14 222.36  27.50  6  2.56  9.14 219.53  25.58  1.39 12.31 217.38  11.02  1.14 14.40 220.58   8.46  0.58 17.75 306.13   8.83  0.38 20.47 312.32   8.17  0.16 12.67 311.25   9.84
20011128 120000  7.9 182.0  3.10  9.26 223.69  27.70  6  2.44  9.26 220.19  25.26  1.52 12.52 219.75  10.36  0.91 14.68 221.40   9.79  0.59 17.67 305.75   9.02  0.40 20.39 313.59   7.20  0.15 12.63 311.32   9.87
20011128 150000 10.0 203.5  3.06  9.32 224.35  27.35  5  2.46  9.32 221.01  24.18  1.66 13.48 220.31   9.81  0.60 17.50 305.78   8.90  0.38 20.36 314.20   7.45  0.15 12.61 311.22  10.31
20011128 180000 14.4 206.1  3.40  8.74 221.95  26.81  4  3.32  8.74 219.04  21.24  0.68 16.98 307.25   9.25  0.21 20.40 315.09   3.01  0.13 12.57 312.45   9.04
20011128 210000 14.6 202.2  3.92  8.78 219.86  27.38  4  3.84  8.78 217.43  22.85  0.57 16.65 305.03   8.66  0.49 19.06 312.18   7.76  0.12 12.54 312.64   9.12
20011129 000000 11.5 197.1  3.90  9.06 219.18  28.61  6  3.49  9.06 216.41  25.71  1.53 13.45 217.04   9.52  0.60 16.59 304.72   8.80  0.51 19.01 313.18   6.80  0.16 20.72 210.91   6.43  0.12 12.49 312.66   9.16
20011129 030000 11.4 184.9  3.52  8.93 219.36  29.37  6  3.03  8.93 215.78  26.33  1.59 13.46 217.25   9.16  0.63 16.61 305.38   9.13  0.47 19.04 313.05   7.32  0.31 20.07 212.62   5.83  0.11 12.38 312.69   9.21
20011129 060000  9.2 176.0  3.21 13.52 219.85  29.24  6  2.53  8.50 215.72  27.07  1.68 13.47 217.83   9.34  0.69 18.19 211.84   5.98  0.64 16.59 305.70   8.97  0.41 19.02 313.46   7.60  0.10 12.02 313.48   8.81
20011129 090000  8.0 168.6  3.06 17.39 221.08  28.35  5  2.22  8.34 217.82  26.55  1.67 13.43 217.55   8.50  1.02 17.39 212.66   8.01  0.76 17.38 307.96   9.40  0.09 11.90 313.53   8.94
20011129 120000  7.7 187.2  3.07 16.97 221.79  27.42  3  2.62 13.42 218.78  20.59  1.38 16.69 213.36   7.87  0.79 17.60 308.29   9.31
20011129 150000  9.2 200.8  3.16 16.39 222.00  26.33  3  3.06 16.31 217.87  17.21  0.60 17.75 311.36   8.14  0.54 15.66 304.59   9.25
20011129 180000 11.1 208.3  3.28 15.81 222.20  25.28  3  3.19 15.79 218.49  16.81  0.57 17.76 309.28   9.40  0.56 15.69 306.94   9.01
20011129 210000  8.7 203.4  3.24 15.51 222.59  25.05  2  3.14 15.44 219.01  16.93  0.77 17.50 307.93   9.28
20011130 000000  7.0 216.7  3.09 15.38 223.20  25.00  2  3.00 15.30 219.45  16.43  0.76 16.62 308.09   9.33
20011130 030000  4.6 197.6  2.95 15.23 224.04  25.44  2  2.85 15.12 219.87  15.95  0.76 16.50 308.43   9.32
20011130 060000  4.3 213.1  2.82 14.84 224.98  26.10  2  2.72 14.71 220.29  15.69  0.77 16.49 308.52   9.35
20011130 090000  3.3 177.8  2.75 14.60 225.63  26.46  2  2.64 14.51 220.67  15.72  0.77 16.48 308.39   9.33
20011130 120000  5.0 211.2  2.70 14.47 225.90  26.52  2  2.60 14.39 220.91  15.84  0.76 16.44 308.22   9.48
20011130 150000  4.8 222.5  2.63 14.34 226.10  26.71  2  2.53 14.23 221.03  16.00  0.75 16.31 308.34   9.46
20011130 180000  5.3 237.0  2.54 13.91 226.70  27.11  3  1.77  9.12 224.15  20.27  1.68 13.81 218.66   9.88  0.73 15.81 308.56   9.50
20011130 210000  7.8 215.6  2.48 13.66 226.97  27.44  3  1.72  8.93 223.92  21.37  1.63 13.59 219.40   9.63  0.71 15.59 308.65   9.51
20011201 000000  7.1 194.2  2.42 13.62 226.34  27.98  3  1.74  8.72 222.17  22.01  1.53 13.54 219.74   9.91  0.69 15.52 308.59   9.42
