Date     Time   Uabs UDir  hs    tp    th     sp     np hs(i) tp(i) th(i)  sp(i)
19870601 000000  8.4 188.7  2.14 13.01 237.72  25.74  4  0.93  4.48 209.43  32.78  1.91 13.00 243.53  19.05  0.27 19.99 221.50   7.88  0.13 13.35 315.61   8.36
19870601 030000  7.3 192.9  2.25 12.67 240.84  23.99  3  2.22 12.67 241.13  23.77  0.34 20.30 221.78   8.17  0.13 13.37 315.45   8.44
19870601 060000  8.0 181.8  2.34 12.49 242.57  23.83  3  2.29 12.49 243.15  23.67  0.43 20.19 222.67   8.47  0.11 11.17 316.86   7.14
19870601 090000  6.0 172.0  2.40 12.42 244.56  22.73  2  2.35 12.42 245.65  22.71  0.52 19.16 223.35   8.47
19870601 120000  5.7 167.8  2.52 12.53 246.14  20.74  3  0.56  3.94 194.18  36.88  2.38 12.53 249.47  16.00  0.59 19.10 225.06   8.31
19870601 150000  4.3 192.9  2.67 12.76 247.26  18.99  2  2.56 12.76 249.19  18.46  0.75 18.74 225.03   8.37
19870601 180000  9.3 211.8  2.84 13.03 246.66  19.64  3  0.68  3.46 209.51  29.69  2.60 13.03 251.49  15.28  0.93 17.80 225.41   9.20
19870601 210000  7.5 200.8  2.93 13.22 246.17  20.63  3  2.65 13.16 250.79  19.82  1.21 17.61 225.94   9.23  0.29 14.49 225.00   0.00
19870602 000000  8.5 201.7  2.97 13.26 245.33  21.08  3  2.53 12.73 252.20  20.47  1.50 16.70 227.05   9.69  0.43 20.41 238.28   5.55
19870602 030000  7.0 184.1  3.02 13.32 244.02  21.35  3  2.37 12.95 254.01  20.93  1.80 16.38 227.83   9.95  0.49 20.42 239.02   5.26
19870602 060000  6.6 173.4  3.05 15.64 242.74  21.32  3  2.29 12.91 254.02  21.71  1.78 16.18 228.03  10.02  0.95 20.45 232.36   8.18
19870602 090000  3.2 141.0  3.06 15.22 242.32  20.07  2  2.83 15.22 243.98  20.99  1.16 20.22 232.86   8.57
19870602 120000  2.9 142.3  3.02 15.09 241.98  19.08  3  2.27 13.23 250.34  20.26  1.58 15.44 230.98  11.19  1.22 20.07 232.57   9.50
19870602 150000  4.8 243.5  3.01 19.32 241.80  18.40  3  2.19 13.30 251.87  18.59  1.57 19.33 232.82   9.13  1.33 15.32 227.89  10.66
19870602 180000  3.9 143.5  2.96 18.91 241.35  18.30  3  2.05 12.60 252.57  19.29  1.52 15.20 230.28   9.78  1.51 18.93 232.75   9.78
19870602 210000  1.5 356.3  2.87 18.41 241.29  18.06  2  2.24 18.41 232.65  10.48  1.80 12.54 255.29  19.07
19870603 000000  2.9 344.6  2.77 17.70 241.17  17.78  2  2.42 17.70 234.12  11.47  1.34 13.42 264.97  14.71
19870603 030000  2.1   2.3  2.66 17.38 241.11  17.64  1  2.66 17.38 241.11  17.64
19870603 060000  2.7 303.7  2.56 16.61 241.30  17.78  1  2.56 16.61 241.30  17.78
19870603 090000  6.1  24.0  2.56 16.36 242.35  20.83  1  2.56 16.36 242.35  20.83
19870603 120000  4.8 324.9  2.67 15.89 244.62  22.38  1  2.67 15.89 244.62  22.38
19870603 150000  1.5 293.3  2.77 15.49 246.21  21.28  1  2.77 15.49 246.21  21.28
19870603 180000  0.8 334.5  2.73 15.36 247.34  21.25  1  2.73 15.36 247.34  21.25
19870603 210000  1.2 175.2  2.64 15.18 247.67  21.39  1  2.64 15.18 247.67  21.39
19870604 000000  4.5 198.3  2.56 14.74 246.89  21.60  2  2.53 14.74 246.36  21.53  0.37 11.84 270.08   7.99
19870604 030000  5.7 189.7  2.53 14.45 245.16  21.72  1  2.53 14.45 245.16  21.72
19870604 060000  7.4 177.1  2.57 14.19 242.82  22.24  1  2.57 14.19 242.82  22.24
19870604 090000  8.0 185.4  2.65 13.79 240.77  22.67  3  0.70  3.63 199.50  33.61  2.54 13.79 243.38  18.98  0.22 20.38 229.96   9.49
19870604 120000  9.0 176.6  2.69 13.53 239.33  23.96  2  2.65 13.53 239.16  24.17  0.47 18.28 244.62  14.71
19870604 150000  7.7 184.6  2.66 13.37 239.84  23.40  3  2.62 13.37 239.80  23.63  0.41 19.05 233.81  10.92  0.25 16.69 260.27   5.97
19870604 180000 10.6 195.3  2.71 13.24 238.26  24.12  3  1.14  4.57 207.43  30.54  2.41 13.24 244.38  17.49  0.44 18.99 231.81   9.08
19870604 210000  9.9 195.0  2.69 13.05 238.10  24.41  4  1.27  5.03 212.49  31.23  2.30 13.05 245.05  17.06  0.55 18.20 233.68   9.60  0.06 14.47 315.00   7.30
19870605 000000  8.0 202.5  2.60 12.81 239.00  23.77  4  1.20  5.19 214.63  31.94  2.18 12.81 245.82  16.76  0.75 17.76 234.84   9.89  0.07 14.45 315.10   7.32
19870605 030000  8.3 183.7  2.53 12.70 239.39  23.49  3  2.33 12.70 239.98  25.02  0.98 17.45 236.08  10.06  0.06 14.42 315.13   7.42
19870605 060000  7.8 173.8  2.54 16.54 239.67  22.42  2  2.20 12.69 240.97  25.01  1.26 16.54 235.99  10.31
19870605 090000  6.4 160.3  2.69 16.25 239.14  20.34  2  1.93 16.25 235.30   9.97  1.86 11.93 243.71  26.81
19870605 120000  5.0 163.3  2.86 16.06 239.07  17.67  1  2.86 16.06 239.07  17.67
19870605 150000  6.0 174.8  2.99 15.29 238.90  16.24  1  2.99 15.29 238.90  16.24
19870605 180000  8.9 195.5  3.08 15.16 237.85  16.83  1  3.08 15.16 237.85  16.83
19870605 210000 10.3 195.2  3.17 15.02 236.28  18.50  2  1.07  4.35 210.11  31.19  2.99 15.02 239.11  13.44
19870606 000000  8.7 189.6  3.15 14.58 235.23  20.07  2  1.16  4.90 206.88  32.20  2.93 14.58 238.94  13.63
19870606 030000  6.5 174.8  3.00 14.35 235.97  19.21  1  3.00 14.35 235.97  19.21
19870606 060000  7.8 179.7  2.86 14.18 236.33  18.57  1  2.86 14.18 236.33  18.57
19870606 090000  7.7 174.6  2.77 13.95 235.46  19.86  1  2.77 13.95 235.46  19.86
19870606 120000  9.8 173.2  2.71 13.76 233.86  22.10  1  2.71 13.76 233.86  22.10
19870606 150000  9.2 181.2  2.66 13.65 232.40  23.14  3  1.08  4.65 195.49  31.33  2.43 13.65 238.36  13.92  0.09 23.26 219.21   7.39
19870606 180000  9.5 188.9  2.61 13.58 231.76  22.63  3  1.14  4.89 201.58  30.38  2.34 13.58 237.89  14.02  0.11 22.65 219.29   7.34
19870606 210000 10.2 197.0  2.63 13.55 230.41  22.37  3  1.29  5.13 206.43  28.45  2.29 13.55 237.17  14.18  0.14 21.99 219.37   7.43
19870607 000000  8.7 185.5  2.61 13.60 230.31  22.00  3  1.25  5.26 209.36  31.69  2.28 13.60 235.74  13.81  0.17 21.81 220.00   7.28
19870607 030000 10.1 181.5  2.66 13.60 228.35  22.96  3  1.31  5.22 204.17  30.99  2.31 13.60 235.05  13.83  0.22 21.16 219.67   7.87
19870607 060000  8.9 165.6  2.66 13.47 228.34  23.38  3  1.26  5.60 202.43  33.82  2.33 13.47 234.63  13.44  0.26 20.56 220.52   7.99
19870607 090000  7.3 158.3  2.61 13.33 229.37  22.46  2  2.60 13.33 229.47  22.55  0.27 20.49 220.57   7.72
19870607 120000  6.2 186.2  2.58 13.23 230.86  20.52  3  2.56 13.23 231.01  20.54  0.34 20.03 220.92   8.18  0.06 20.32 315.12   8.33
19870607 150000  4.8 158.3  2.56 13.28 232.09  18.63  3  2.53 13.28 232.29  18.63  0.38 19.32 221.86   7.31  0.07 20.23 315.22   8.37
19870607 180000  5.5 198.2  2.53 13.53 233.46  16.53  3  2.49 13.53 233.72  16.35  0.42 19.16 221.38   8.00  0.09 19.78 315.10   8.81
19870607 210000  7.9 195.5  2.54 13.49 233.12  17.15  4  0.69  3.74 201.51  29.39  2.40 13.49 235.53  12.72  0.40 19.14 221.39   8.72  0.11 19.13 315.01   8.69
19870608 000000  8.5 178.9  2.56 13.41 231.88  19.66  3  2.49 13.41 232.19  19.62  0.58 18.04 223.70   9.21  0.13 19.03 314.59   9.01
19870608 030000  8.6 169.9  2.57 13.34 230.80  21.82  4  0.90  4.37 189.15  31.16  2.32 13.34 236.20  12.72  0.60 17.91 222.36   8.74  0.14 18.98 313.88   9.62
19870608 060000  9.9 165.2  2.58 13.24 229.73  24.22  4  1.00  4.39 186.46  34.72  2.24 13.24 236.36  12.85  0.78 17.64 226.79   8.75  0.16 18.83 314.26   8.65
19870608 090000  8.5 162.0  2.59 13.07 229.53  24.79  4  1.01  4.55 184.87  35.06  2.19 13.07 236.31  12.66  0.92 16.90 229.59  11.43  0.18 18.11 314.26   8.61
19870608 120000  8.2 170.9  2.59 16.36 230.17  24.13  4  0.92  4.39 181.06  34.31  2.21 12.97 236.70  12.73  0.96 16.67 226.70   9.62  0.20 17.86 314.65   8.36
19870608 150000  8.2 173.2  2.57 16.25 230.23  23.59  5  0.92  4.41 183.57  32.14  2.16 12.95 235.98  12.58  1.03 16.57 230.69  11.71  0.21 17.80 314.10   8.68  0.09 13.37 314.64   7.70
19870608 180000  8.0 196.5  2.49 15.38 231.54  21.48  6  0.88  4.48 195.57  31.80  1.98 13.02 236.68  12.94  1.19 15.83 231.37  10.78  0.22 17.73 314.17   8.75  0.19 19.08 222.64   4.95  0.09 13.39 314.63   7.84
19870608 210000 10.0 200.8  2.53 15.23 231.03  21.27  5  1.13  4.69 209.73  30.05  2.24 15.22 235.07  12.61  0.23 17.51 314.34   8.52  0.18 19.06 223.66   5.65  0.09 13.40 314.57   7.95
19870609 000000 12.0 195.5  2.68 15.14 229.03  23.72  4  1.50  5.40 213.02  30.85  2.20 15.13 234.60  12.79  0.26 16.85 314.38   8.49  0.09 13.37 314.76   7.64
19870609 030000 10.2 186.5  2.78 13.62 228.14  25.13  3  2.74 13.65 227.47  23.98  0.30 18.74 224.86   7.88  0.29 16.69 314.16   8.84
19870609 060000  9.9 179.3  2.73 13.58 227.90  25.54  3  2.70 13.57 227.16  24.31  0.31 18.32 225.47   8.20  0.30 16.64 313.96   9.21
19870609 090000  8.1 178.3  2.65 13.58 228.93  24.46  3  2.63 13.57 228.10  22.91  0.29 16.58 313.68   9.41  0.08 12.64 314.36   8.57
19870609 120000  6.8 172.7  2.62 13.42 229.56  23.56  3  2.60 13.42 228.68  21.84  0.30 16.39 313.24  10.07  0.08 12.57 315.21   7.26
19870609 150000  6.7 190.7  2.58 13.23 231.17  22.04  3  2.55 13.23 230.15  19.89  0.32 15.78 313.10  10.42  0.09 12.57 315.26   7.32
19870609 180000  7.7 204.5  2.55 12.95 232.32  21.12  3  2.53 12.96 231.15  18.53  0.35 15.61 313.21  10.24  0.08 12.55 315.07   7.31
19870609 210000 10.0 199.3  2.61 12.63 231.30  22.19  3  2.59 12.63 230.14  19.73  0.35 15.56 313.81   9.13  0.08 12.52 314.47   7.69
19870610 000000 10.1 187.4  2.65 12.40 230.12  24.16  3  2.63 12.40 228.99  22.02  0.35 15.51 313.29  10.01  0.08 12.44 314.62   7.76
19870610 030000  8.2 190.4  2.58 12.23 230.78  24.46  2  2.56 12.23 229.64  22.35  0.35 15.43 313.78   9.16
19870610 060000  9.8 192.4  2.50 12.03 230.65  25.35  4  2.41 12.03 229.89  23.58  0.56 16.60 220.78   8.20  0.35 15.20 313.72   9.24  0.07 11.77 315.39   7.27
19870610 090000  8.6 186.1  2.43 11.89 230.52  26.63  5  2.32 11.89 229.73  24.97  0.58 16.57 220.19   8.39  0.36 14.77 313.84   8.99  0.28 14.52 225.92   2.90  0.07 11.77 314.77   8.18
19870610 120000  7.8 177.0  2.33 11.82 231.57  27.46  5  2.11 11.18 229.95  25.86  0.79 15.47 220.08   7.91  0.45 11.89 259.97   5.48  0.37 14.63 313.87   8.76  0.08 11.77 314.51   8.19
19870610 150000  7.9 189.8  2.20 11.75 233.01  27.60  5  1.95 11.09 230.63  25.72  0.78 15.39 219.74   8.23  0.56 12.08 259.24   5.18  0.37 14.57 313.59   9.02  0.08 11.76 314.26   8.25
19870610 180000  7.7 194.5  2.09 11.67 234.28  27.62  5  1.78 10.49 230.79  25.50  0.79 15.35 219.53   8.12  0.66 11.75 259.59   5.24  0.37 14.52 313.38   9.15  0.08 11.75 314.10   8.39
19870610 210000  7.4 196.7  2.00 11.59 234.96  27.66  4  1.52 11.56 239.39  28.87  0.90 10.57 227.90   9.52  0.86 15.27 219.29   8.02  0.38 14.45 313.32   9.17
19870611 000000  4.2 174.9  1.91 14.59 236.04  27.58  4  1.37 11.71 243.48  28.28  0.91 11.05 227.37  10.88  0.89 14.90 219.08   8.80  0.38 14.34 313.61   8.75
19870611 030000  4.3 197.1  1.85 14.38 236.35  27.09  3  1.34 14.55 222.21  11.51  1.22 11.52 248.96  25.70  0.38 14.13 313.63   8.74
19870611 060000  3.9 187.1  1.85 14.12 235.38  26.82  3  1.41 14.32 220.49  11.06  1.14 11.50 253.06  22.64  0.38 13.86 313.39   9.07
19870611 090000  3.9 202.5  1.88 13.71 234.00  26.44  4  1.56 14.14 219.76  12.71  0.98 11.48 262.18   9.67  0.37 13.76 313.58   8.66  0.07 11.01 314.40   8.50
19870611 120000  7.6 180.3  2.01 11.65 230.24  27.07  5  1.42 11.62 218.93  17.78  1.00 15.04 216.26   9.13  0.95 11.37 262.88   9.93  0.37 13.68 313.40   8.76  0.07 11.06 314.51   8.01
19870611 150000 10.1 196.2  2.28 13.87 226.04  27.53  4  1.85 11.34 219.99  23.84  1.01 15.10 216.52   9.04  0.77 11.20 264.38   7.53  0.36 13.62 313.21   8.95
19870611 180000  9.3 204.3  2.40 14.17 225.54  27.14  4  1.46  6.55 221.90  31.72  1.74 14.54 219.58  12.29  0.69 10.95 264.93   7.30  0.35 13.57 313.16   8.94
19870611 210000  9.7 193.8  2.41 14.20 224.97  27.19  3  2.30 14.32 220.35  22.86  0.65 10.31 266.14   7.05  0.34 13.50 313.16   8.98
19870612 000000  7.0 147.8  2.41 14.19 224.36  27.69  3  2.26 14.25 218.35  22.70  0.78  8.60 264.17   8.64  0.33 13.44 313.15   9.21
19870612 030000 10.5 195.2  2.54 14.11 223.21  25.95  4  2.43 14.16 218.84  21.49  0.68  9.45 266.93   7.26  0.32 13.36 313.28   9.08  0.10 21.69 227.54   7.88
19870612 060000  9.8 194.3  2.77 13.24 222.44  24.46  3  2.75 13.21 221.67  22.87  0.31 13.27 312.98   9.51  0.11 21.63 226.55   9.51
19870612 090000 10.1 180.7  2.93 13.08 221.94  23.94  3  2.91 13.02 221.31  22.65  0.29 13.21 313.31   8.89  0.15 20.56 227.82   8.52
19870612 120000 11.7 170.3  2.97 12.79 220.56  25.13  3  2.96 12.73 219.99  24.06  0.28 13.06 312.74   9.37  0.19 20.24 225.60   7.93
19870612 150000  8.5 191.9  2.94 12.55 221.55  23.33  2  2.92 12.50 221.06  22.23  0.26 12.95 312.78   8.97
19870612 180000 10.7 211.0  2.97 12.38 222.73  21.11  2  2.96 12.32 222.29  20.02  0.25 12.87 312.57   9.00
19870612 210000 10.1 206.6  2.97 12.28 223.43  20.77  3  2.95 12.22 222.96  19.81  0.28 19.22 228.89   6.50  0.25 12.79 312.22   9.40
19870613 000000  9.9 195.3  2.88 12.29 222.91  20.80  2  2.87 12.24 222.51  19.79  0.23 12.74 312.41   9.27
19870613 030000  7.5 201.0  2.84 12.43 222.81  19.83  3  2.78 12.40 222.33  19.08  0.51 18.14 225.58   7.93  0.22 12.68 312.61   9.22
19870613 060000  6.1 187.7  2.88 12.61 222.45  18.84  3  2.83 12.60 222.02  18.13  0.47 18.29 225.62   6.35  0.21 12.61 312.76   9.22
19870613 090000  4.0 162.3  2.97 12.75 222.34  17.90  3  2.86 12.76 221.87  17.48  0.76 17.67 224.77   8.91  0.20 12.56 312.85   9.20
19870613 120000  5.3 157.9  3.00 12.84 222.27  17.53  3  2.88 12.86 221.62  17.29  0.84 17.32 226.80   7.51  0.19 12.50 312.89   9.14
19870613 150000  4.7 160.9  2.98 12.86 222.25  17.29  3  2.78 12.89 221.60  17.43  1.06 16.65 224.91   8.37  0.18 12.45 312.79   9.13
19870613 180000  6.4 200.3  2.92 12.85 222.10  17.08  3  2.72 12.88 221.41  17.31  1.06 16.57 224.94   7.96  0.17 12.38 312.32   9.50
19870613 210000  9.1 193.3  2.86 12.85 221.37  17.76  3  2.56 12.90 220.33  18.58  1.26 15.91 224.58   8.56  0.16 12.30 312.06   9.57
19870614 000000 10.8 177.9  2.82 15.42 219.09  20.49  3  2.52 12.90 217.35  21.68  1.25 15.60 224.90   8.38  0.15 12.17 311.70   9.60
19870614 030000  8.8 171.4  2.70 15.30 218.66  21.21  3  2.20 12.33 215.71  24.11  1.55 15.30 223.66   9.31  0.15 12.05 311.35   9.84
19870614 060000  9.2 173.0  2.57 15.04 218.72  21.21  3  2.49 15.04 218.32  21.26  0.60 18.27 222.10   7.80  0.14 11.96 311.14  10.13
19870614 090000  9.0 163.8  2.50 14.52 217.96  22.20  3  2.43 14.52 217.47  22.30  0.57 18.27 223.41   7.63  0.13 11.89 311.20  10.55
19870614 120000 12.0 168.1  2.52 14.36 215.27  24.93  3  2.34 14.36 213.60  25.99  0.93 17.16 223.93   8.75  0.12 11.83 311.48   9.83
19870614 150000 10.6 170.1  2.58 14.31 214.38  24.79  4  1.63  6.16 199.45  32.82  1.67 14.19 221.47  10.13  1.09 16.67 225.07   8.58  0.11 11.78 311.32   9.85
19870614 180000  9.5 182.3  2.44 16.30 216.75  22.58  4  1.47  6.38 203.60  31.45  1.63 14.18 222.46   9.65  1.06 16.61 224.29   9.63  0.11 11.74 310.66   9.96
19870614 210000 10.2 190.1  2.36 15.43 217.73  21.11  3  1.37  5.64 204.88  29.82  1.92 15.43 223.27   9.92  0.10 11.70 311.00   9.61
19870615 000000 11.4 178.7  2.40 15.21 215.67  23.32  2  1.47  5.34 200.65  31.18  1.90 15.21 223.39  10.68
19870615 030000  8.9 158.5  2.34 14.87 215.90  24.37  3  1.34  5.54 197.78  34.42  1.92 14.87 223.01  10.59  0.09 16.63 308.91  10.79
19870615 060000  9.3 161.6  2.27 14.43 216.51  23.89  2  2.27 14.43 216.41  23.69  0.09 16.62 309.25  10.67
19870615 090000  9.5 157.6  2.33 14.18 213.66  25.80  3  0.91  4.32 161.04  27.66  2.14 14.18 221.07  13.43  0.14 20.43 240.86   6.16
19870615 120000 10.5 163.4  2.38 14.08 211.90  26.38  2  0.98  4.46 161.92  28.64  2.17 14.08 219.99  13.72
19870615 150000  9.8 165.6  2.42 14.00 211.13  25.86  2  0.82  4.34 150.20  23.59  2.27 14.00 217.33  15.65
19870615 180000 10.3 183.1  2.37 13.81 212.13  23.78  3  2.36 13.81 211.81  23.55  0.21 19.09 240.81   6.11  0.09 15.66 305.14  11.71
19870615 210000 11.6 182.4  2.43 13.58 211.19  23.85  3  1.55  5.45 196.91  29.34  1.87 13.58 219.66  12.86  0.09 15.56 304.19  11.49
19870616 000000  9.0 174.8  2.37 13.44 211.20  25.12  4  1.57  5.78 198.17  31.15  1.76 13.44 219.44  12.68  0.25 17.97 240.11   5.75  0.09 15.54 304.46  11.56
19870616 030000  9.6 156.5  2.20 13.34 210.57  26.59  4  1.36  5.49 192.19  33.86  1.72 13.34 219.44  12.69  0.24 17.85 240.36   5.97  0.09 15.53 305.46  11.22
19870616 060000 11.1 156.0  2.17 13.19 206.89  29.28  3  1.33  5.09 181.43  34.61  1.71 13.19 219.30  13.15  0.08 15.53 306.32  11.24
19870616 090000 11.6 161.3  2.31 12.90 203.44  29.80  4  1.58  5.50 183.13  33.10  1.67 12.90 218.13  12.97  0.23 17.03 237.96   5.28  0.07 15.53 306.85  11.34
19870616 120000 12.4 168.6  2.43 12.75 203.52  28.41  5  1.72  5.82 187.50  32.03  1.21 13.64 210.66  10.23  1.18 12.60 223.44  11.68  0.25 16.54 240.95   5.52  0.07 15.50 305.64  11.98
19870616 150000 12.5 167.5  2.66 12.66 203.38  27.90  2  2.07  6.39 193.40  31.25  1.67 12.66 216.76  13.16
19870616 180000 11.3 184.5  2.73 12.60 208.45  24.45  3  2.18  7.43 203.54  28.04  1.65 12.60 216.08  12.67  0.07 14.62 303.29  11.40
19870616 210000 11.3 187.1  2.83 12.55 211.30  22.73  3  2.33  7.95 209.10  25.87  1.60 12.56 215.44  12.35  0.08 14.54 303.44  11.59
19870617 000000 11.4 177.9  2.87 12.55 211.84  23.09  3  2.33  8.27 209.25  26.52  1.68 12.55 216.24  12.72  0.09 14.53 303.64  11.74
19870617 030000 10.1 169.8  2.88 12.60 211.79  23.51  3  2.22  8.57 208.62  28.07  1.83 12.60 215.88  12.90  0.08 14.52 304.64  11.22
19870617 060000  9.8 170.7  2.85 12.68 212.19  23.13  2  2.85 12.68 212.15  23.03  0.08 14.53 304.95  11.42
19870617 090000  9.3 169.0  2.81 12.73 212.59  22.74  4  2.24  9.38 210.98  26.62  1.64 12.73 215.79  12.56  0.39 15.56 203.17   4.02  0.07 14.53 305.43  11.42
19870617 120000  8.6 177.9  2.73 12.74 213.56  21.90  2  2.19 10.02 212.96  25.67  1.63 12.75 214.56  12.35
19870617 150000  6.5 179.0  2.66 12.71 215.16  20.37  2  2.16 10.03 215.49  23.61  1.56 12.73 214.57  11.85
19870617 180000  6.4 202.5  2.63 12.61 216.66  18.86  2  2.12 10.03 217.80  21.73  1.55 12.64 214.66  11.58
19870617 210000  7.1 204.8  2.62 12.42 217.47  18.09  2  2.62 12.41 217.43  17.98  0.07 13.67 305.70  11.13
19870618 000000  2.9 216.0  2.57 12.29 217.85  17.87  2  2.57 12.29 217.80  17.73  0.07 13.62 305.23  11.13
19870618 030000  3.8 151.6  2.51 12.18 218.26  17.46  2  2.51 12.18 218.21  17.30  0.08 13.61 305.13  11.16
19870618 060000  4.7 146.7  2.45 11.86 218.35  17.27  2  2.45 11.86 218.29  17.09  0.08 13.61 305.47  11.14
19870618 090000  3.8 144.9  2.42 11.65 218.39  16.86  2  2.41 11.65 218.33  16.67  0.08 13.63 306.25  11.08
19870618 120000  4.2 157.9  2.39 11.57 218.22  16.54  3  2.32 11.57 218.17  16.62  0.54 15.80 218.14  10.24  0.07 13.65 307.50  10.92
19870618 150000  2.4 146.6  2.32 11.50 218.11  16.01  3  2.26 11.50 218.14  16.07  0.50 15.76 216.32   9.12  0.07 13.67 308.94  10.65
19870618 180000  4.7 213.4  2.24 11.48 217.95  15.64  3  2.13 11.48 218.26  15.84  0.69 15.36 214.55  10.46  0.07 13.67 310.05  10.37
19870618 210000  6.6 198.5  2.18 11.48 217.48  15.99  5  1.80 10.08 218.70  17.50  0.90 12.23 214.85  11.10  0.81 14.75 214.41  10.61  0.23 18.53 218.17   8.04  0.07 13.61 311.31   9.17
19870619 000000  8.2 183.0  2.13 11.51 216.19  17.46  5  1.65  9.44 216.11  20.06  1.10 11.51 217.29  12.12  0.72 14.69 213.22  10.79  0.24 18.18 219.00   9.27  0.07 13.30 309.47  10.66
19870619 030000  6.2 155.7  2.08 14.40 215.61  18.82  6  1.71  9.56 216.14  21.36  0.88 11.79 215.01  11.84  0.69 14.53 212.48   8.58  0.41 17.15 215.96   9.03  0.07 13.00 308.58  10.90  0.06 21.64 257.86   4.66
19870619 060000  5.8 159.5  2.05 14.30 216.17  19.23  6  1.69  8.89 216.91  21.73  0.78 14.31 213.34   9.53  0.74 11.51 213.26  10.98  0.41 16.92 219.49   7.88  0.10 20.55 255.60   6.71  0.08 12.93 308.19  10.88
19870619 090000  5.2 149.0  2.00 13.93 216.55  19.44  5  1.59  8.58 217.42  22.33  0.86 14.01 214.90   9.33  0.84 11.51 213.53  11.39  0.15 20.33 255.83   6.83  0.09 12.91 308.30  10.80
19870619 120000  8.3 159.5  1.96 13.63 214.77  21.91  6  1.56  8.41 214.16  25.36  0.72 11.47 213.25  12.08  0.65 15.58 216.90   7.55  0.63 13.46 211.98   8.55  0.23 19.38 255.21   7.25  0.09 12.90 308.73  10.66
19870619 150000  5.7 159.9  1.88 13.54 214.92  22.04  5  1.48  8.05 213.49  25.13  0.95 13.38 212.46  10.42  0.58 15.64 218.75   7.36  0.30 18.92 255.80   7.10  0.09 12.90 309.32  10.53
19870619 180000  7.5 200.2  1.83 13.53 216.25  21.20  4  1.40  7.79 214.06  23.63  1.11 13.55 214.64   9.81  0.39 18.23 255.48   7.29  0.08 12.89 310.12  10.30
19870619 210000  9.6 186.9  1.94 17.58 215.60  22.76  5  1.53  7.41 211.92  24.30  1.08 14.12 213.99   9.19  0.50 17.78 254.43   8.28  0.10 12.82 261.11   6.41  0.08 12.86 311.85   8.94
19870620 000000  8.5 174.2  2.02 16.91 215.50  25.52  5  1.62  6.84 210.29  26.86  1.04 14.25 214.34   9.25  0.59 17.25 254.59   8.10  0.13 12.54 261.15   5.82  0.07 12.77 312.36   8.82
19870620 030000  7.1 161.9  1.98 16.53 217.70  26.91  5  1.57  6.83 210.88  27.99  0.99 14.12 214.85   9.35  0.69 16.65 254.80   7.44  0.17 11.99 260.98   6.97  0.07 12.66 312.49   8.72
19870620 060000  8.6 172.7  1.92 15.88 219.70  28.09  5  1.46  6.74 210.07  28.93  0.96 13.64 215.01   9.95  0.79 15.97 254.58   7.53  0.17 11.70 262.20   6.50  0.07 12.57 312.14   8.74
19870620 090000  8.7 166.2  1.93 15.47 220.63  29.89  4  1.42  6.47 206.72  30.24  0.93 15.53 254.66   7.78  0.92 13.58 216.04   9.87  0.08 12.51 311.63   8.83
19870620 120000 12.0 165.8  1.98 15.11 218.23  34.37  5  1.45  6.20 197.71  33.83  1.02 15.19 253.75   8.15  0.87 13.56 216.49  10.27  0.19 10.98 265.85   6.20  0.08 12.46 311.25   8.90
19870620 150000  9.1 177.4  1.98 14.50 221.33  33.67  4  1.40  5.87 198.62  32.66  1.11 14.55 254.39   8.11  0.85 13.54 218.14  10.58  0.09 12.43 311.08   8.96
19870620 180000 10.1 198.6  2.07 14.31 223.98  30.36  5  1.51  5.84 205.27  28.34  1.18 14.34 253.75   9.28  0.77 13.58 219.06  10.99  0.17 15.51 225.00   0.03  0.08 12.39 311.15   8.99
19870620 210000 10.8 192.7  2.23 14.08 224.86  29.03  5  1.71  6.09 209.87  27.20  1.25 14.18 252.84   9.94  0.62 13.17 218.86  10.84  0.30 14.63 217.37   6.32  0.08 12.30 311.46   8.99
19870621 000000 10.5 191.5  2.32 13.65 223.76  29.68  5  1.83  6.39 209.36  27.88  1.26 13.69 252.86   9.92  0.63 13.19 218.85  10.25  0.25 14.69 220.56   6.12  0.07 12.12 313.84   7.19
19870621 030000 11.4 180.2  2.49 13.49 220.48  30.58  5  2.04  6.62 207.04  28.33  1.28 13.47 249.69  13.86  0.55 14.43 221.18   8.28  0.34 17.97 252.11  11.49  0.07 11.94 313.34   8.39
19870621 060000 10.5 182.7  2.38 13.35 222.98  30.42  5  1.89  6.82 208.67  29.00  1.12 13.30 254.55   8.05  0.74 14.17 222.42   9.84  0.53 16.71 249.34  10.60  0.07 11.88 313.44   8.41
19870621 090000  9.8 183.1  2.31 13.22 224.71  30.02  6  1.79  6.72 209.50  29.12  1.06 13.11 254.83   7.69  0.73 13.79 223.06   9.91  0.68 15.94 248.88   9.68  0.10 20.48 220.06   7.84  0.08 11.82 313.70   8.32
19870621 120000 10.3 188.5  2.26 13.09 226.74  29.33  6  1.71  6.68 210.78  28.98  1.14 13.09 251.67   9.98  0.73 15.60 248.12  11.03  0.58 13.12 219.89   9.32  0.12 20.21 220.81   6.90  0.08 11.79 313.68   8.59
19870621 150000 10.5 184.4  2.37 14.28 225.58  29.51  4  1.83  6.69 210.36  28.83  1.06 14.64 240.50  15.92  1.06 12.45 251.55  10.68  0.08 11.77 313.61   8.76
19870621 180000 10.6 199.0  2.53 14.27 226.18  28.03  4  2.04  7.18 214.60  27.81  1.49 14.27 246.13  14.07  0.15 19.35 220.97   6.36  0.08 11.77 314.15   8.53
19870621 210000 11.5 194.2  2.68 13.83 226.05  27.34  4  2.21  7.48 216.55  27.23  1.49 13.83 245.41  14.80  0.16 19.20 221.57   6.70  0.08 11.75 315.50   7.57
19870622 000000  9.0 185.6  2.67 13.51 226.12  27.60  3  2.20  7.67 217.64  28.51  1.46 13.51 244.38  14.87  0.36 15.83 217.29   7.56
19870622 030000  9.3 172.9  2.55 13.30 225.69  28.13  5  2.04  7.77 215.79  29.20  1.30 13.40 249.88  10.09  0.60 12.59 217.54   7.03  0.53 15.34 221.87   9.26  0.07 15.57 316.04   8.64
19870622 060000  8.9 172.8  2.41 12.98 225.63  28.07  5  1.85  7.83 214.64  29.88  1.20 12.96 251.45   8.32  0.85 13.20 222.85   8.83  0.46 15.64 218.57   8.86  0.08 15.51 315.79   8.52
19870622 090000  9.5 175.5  2.33 12.69 224.30  28.33  5  1.80  7.87 213.30  30.04  1.21 12.55 248.87  10.36  0.63 14.39 220.26   8.62  0.60 12.57 217.50   7.02  0.08 15.47 315.54   9.50
19870622 120000 11.4 170.8  2.38 12.55 220.62  29.90  6  1.89  7.88 209.49  31.16  1.16 12.63 247.96  10.25  0.62 14.62 218.50   7.51  0.61 11.69 216.92   7.64  0.08 15.38 314.90   8.50  0.06 11.16 314.59   8.34
19870622 150000 11.2 179.3  2.49 12.44 218.29  29.61  5  2.09  7.83 209.94  30.25  1.18 12.37 241.74  15.72  0.66 14.56 218.28   8.12  0.09 15.18 314.50   9.28  0.06 11.10 314.63   8.36
19870622 180000 11.5 187.0  2.55 12.38 218.40  28.09  6  2.23  8.01 212.96  28.65  0.89 11.93 248.37   9.95  0.77 14.46 219.19   9.15  0.34 11.15 219.35   4.96  0.10 14.72 314.79   9.03  0.06 11.07 314.31   8.59
19870622 210000 12.2 191.0  2.61  7.86 217.88  27.10  5  2.33  7.86 213.27  27.22  0.88 11.74 247.34  11.35  0.78 14.28 217.97   8.29  0.10 14.58 314.70   8.90  0.06 11.05 314.25   8.68
19870623 000000 11.8 182.3  2.59  7.75 216.90  27.79  5  2.34  7.75 212.95  27.97  0.83 14.06 218.68   8.59  0.72 12.33 251.95   7.79  0.11 14.52 314.91   8.40  0.06 11.03 314.10   8.75
19870623 030000 10.4 177.2  2.43  7.80 217.01  28.41  5  2.18  7.80 213.22  28.96  0.84 13.94 218.20   9.04  0.65 11.87 252.72   7.43  0.11 14.47 314.88   8.53  0.05 11.01 314.46   8.39
19870623 060000 10.1 173.7  2.26 13.03 216.49  29.00  6  1.94  7.78 211.28  30.19  0.93 13.86 217.77   9.79  0.66 11.73 252.25   8.67  0.18 10.33 225.00   0.02  0.12 14.42 315.00   8.45  0.05 10.98 314.50   8.37
19870623 090000  9.7 175.9  2.12 13.37 216.44  28.80  5  1.77  7.73 211.04  30.52  0.90 13.70 215.87  10.02  0.66 11.66 249.63  11.15  0.33 10.79 224.45   7.64  0.12 14.30 315.12   8.28
19870623 120000  6.6 174.8  1.97 13.36 217.91  28.07  4  1.62  7.68 213.31  29.84  0.95 13.54 215.33  10.38  0.59 11.60 253.44   7.46  0.14 13.96 315.14   8.08
19870623 150000  6.0 176.9  1.83 13.32 220.48  26.12  5  1.37  7.69 217.23  28.96  0.98 13.38 215.11  10.63  0.61  9.90 250.79  10.93  0.33  9.57 209.38  12.92  0.14 13.69 315.00   8.07
19870623 180000  7.7 197.3  1.76 13.37 221.54  24.35  6  1.31  7.81 219.95  26.38  0.71 14.46 218.49   8.35  0.70 12.45 211.86  11.85  0.54 11.38 253.20   8.75  0.28  9.46 203.36   7.51  0.14 13.60 314.68   8.28
19870623 210000  8.9 193.1  1.81 14.21 220.39  24.30  4  1.43  8.26 218.18  25.64  0.97 14.41 214.81  10.23  0.51 11.08 253.42   8.82  0.14 13.56 314.62   8.29
19870624 000000  8.0 185.0  1.84 14.38 219.34  25.50  5  1.48  7.87 217.18  27.39  0.98 14.51 215.01  10.25  0.46 10.98 254.96   7.76  0.15 13.52 314.70   8.28  0.06 21.89 218.43   7.39
19870624 030000  7.2 168.7  1.82 14.23 219.16  26.27  5  1.48  7.31 217.52  28.77  0.97 14.41 215.82   9.93  0.38 10.91 255.61   7.03  0.15 13.47 314.72   8.25  0.06 21.84 219.09   7.59
19870624 060000  8.7 169.2  1.77 13.97 218.99  26.97  5  1.43  7.27 216.98  29.82  0.96 14.18 216.38   9.76  0.37 10.87 256.05   7.11  0.16 13.37 314.68   8.26  0.09 21.23 220.14   7.25
19870624 090000  8.1 167.3  1.76 13.85 217.48  28.24  5  1.43  7.20 214.44  31.20  0.94 13.98 216.74  10.00  0.36 10.82 256.60   7.28  0.16 13.12 314.64   8.21  0.11 20.54 219.36   7.75
19870624 120000  5.5 161.6  1.73 13.69 218.32  27.64  5  1.39  7.06 214.82  30.31  0.93 13.89 217.17   9.89  0.39 10.76 256.75   8.05  0.16 12.84 314.51   8.19  0.13 20.38 218.78   7.54
19870624 150000  4.9 187.3  1.62 13.47 221.57  25.78  5  1.27  7.02 219.10  28.13  0.90 13.70 217.44   9.70  0.41 10.74 256.26   8.49  0.17 19.80 218.97   8.01  0.16 12.74 314.36   8.24
19870624 180000  6.1 192.2  1.55 13.38 223.15  24.55  5  1.17  6.94 220.38  26.24  0.87 13.58 217.59   9.65  0.45 10.74 255.44   8.65  0.20 19.21 218.68   7.97  0.16 12.69 314.21   8.30
19870624 210000  6.4 192.9  1.51 13.38 223.39  24.38  5  1.12  6.82 219.49  25.49  0.84 13.51 217.90   9.59  0.48 10.67 255.78   8.66  0.24 19.05 218.33   7.61  0.17 12.66 314.09   8.33
19870625 000000  8.9 183.6  1.54 13.35 220.80  26.26  5  1.19  6.58 215.27  27.33  0.79 13.45 218.25   9.65  0.47 10.55 256.41   8.77  0.28 18.63 217.88   7.81  0.17 12.63 313.97   8.34
19870625 030000  8.0 175.9  1.66 13.29 218.43  27.52  5  1.35  6.34 212.78  28.34  0.77 13.38 218.29   9.78  0.47 10.40 256.15   9.05  0.32 17.96 217.50   7.75  0.17 12.58 313.79   8.35
19870625 060000  8.4 174.0  1.72 13.22 218.36  27.96  5  1.44  6.63 213.34  28.57  0.63 13.24 218.71  10.08  0.51 17.67 217.07   8.05  0.46 10.25 257.62   9.02  0.17 12.51 313.65   8.33
19870625 090000  7.3 169.8  1.74  6.82 218.01  28.17  5  1.49  6.82 214.13  28.94  0.58 13.15 218.83   9.38  0.52 17.43 216.66   8.38  0.41 10.07 257.16   9.33  0.17 12.39 313.48   8.35
19870625 120000  4.8 165.5  1.69  6.95 220.15  26.79  6  1.44  6.95 217.66  27.61  0.63 12.89 218.19  10.16  0.46 16.75 216.47   7.33  0.35  9.94 259.90   9.19  0.17 12.15 313.28   8.53  0.06 15.66 250.64   5.44
19870625 150000  4.4 141.7  1.61 16.41 221.54  25.55  5  1.35  7.05 219.38  26.30  0.58 12.75 219.65  11.57  0.56 16.41 217.67   9.96  0.32  9.84 261.25   8.92  0.17 12.00 313.25   8.57
19870625 180000  3.6 194.5  1.53 16.22 222.57  24.28  5  1.24  7.04 220.47  24.76  0.66 16.22 219.57  12.73  0.51 12.55 220.05  10.58  0.30  9.89 263.35   7.51  0.17 11.92 313.41   8.36
19870625 210000  5.1 190.7  1.47 14.78 223.55  23.81  5  1.11  6.93 219.46  23.81  0.72 14.84 222.78  14.89  0.52 12.51 221.01  11.69  0.34  9.68 261.99   8.66  0.17 11.87 313.41   8.30
19870626 000000  0.6 214.4  1.44 14.46 225.05  24.00  6  0.96 14.60 223.69  14.52  0.91  6.71 215.85  24.90  0.35  8.69 234.24  11.59  0.35  9.55 262.78   8.93  0.22 13.70 250.69   7.28  0.17 11.84 313.14   8.53
19870626 030000  4.1 355.3  1.41 13.66 227.48  23.79  5  1.02 14.48 223.63  13.44  0.78  6.42 215.95  25.51  0.46 13.12 251.99   6.87  0.32  9.62 264.16   7.56  0.17 11.80 313.12   8.27
19870626 060000  4.0   5.8  1.39 13.39 230.60  27.33  4  0.86 13.76 218.67  10.26  0.81 12.42 248.62  13.55  0.70  6.12 219.12  37.74  0.17 11.77 312.91   8.30
19870626 090000  4.7   5.0  1.35 13.32 232.89  29.18  4  0.83 13.61 218.94  10.71  0.80 11.32 251.09  13.09  0.68  6.02 222.90  42.36  0.17 11.74 312.75   8.32
19870626 120000  7.4   0.7  1.33 13.19 237.67  35.60  5  0.39  2.59 348.28  30.77  0.79 13.54 218.77  10.64  0.78 11.65 253.24  12.46  0.59  6.05 217.92  19.82  0.17 11.71 312.67   8.33
19870626 150000  5.7 358.9  1.32 12.40 244.67  40.20  5  0.52  3.50 336.10  30.21  0.77 11.46 254.32  13.01  0.75 13.17 218.24  10.56  0.52  6.06 218.90  18.65  0.17 11.66 312.64   8.36
19870626 180000  5.3 335.1  1.31 12.30 253.38  43.80  6  0.63  4.35 332.11  27.08  0.77 10.98 254.85  13.59  0.71 12.77 217.59   9.99  0.43  6.01 220.39  19.16  0.18 11.56 312.68   8.36  0.06 19.49 221.52   8.54
19870626 210000  5.4 334.2  1.34 11.45 264.89  45.93  6  0.77  5.00 328.00  25.16  0.84 11.02 250.29  19.40  0.54 12.47 216.21  10.12  0.41 14.35 220.04   8.18  0.17 11.36 312.71   8.36  0.08 19.13 221.35   8.32
19870627 000000  9.2   5.1  1.44 11.15 284.29  50.10  6  1.00  5.34 333.72  27.74  0.80 10.61 253.00  18.04  0.53 12.38 217.61  11.02  0.33 14.44 218.77   7.43  0.17 11.22 312.70   8.36  0.09 19.03 222.34   8.86
19870627 030000  6.4 351.6  1.50 10.95 294.54  48.43  5  1.12  5.65 332.19  27.01  0.78 10.37 255.18  17.03  0.58 12.84 217.64  10.04  0.17 11.14 312.64   8.34  0.10 18.64 222.38   8.94
19870627 060000  5.7 325.7  1.51 10.63 297.93  46.25  5  1.17  5.93 330.01  25.78  0.75 10.27 257.58  15.90  0.55 13.41 217.84  10.03  0.17 11.08 312.91   7.97  0.12 17.99 221.87   9.57
19870627 090000  4.8 315.3  1.48 10.44 296.52  44.49  5  1.15  5.99 326.59  26.07  0.74 10.11 258.78  15.67  0.52 13.45 217.78  10.50  0.17 11.06 312.54   8.12  0.14 17.88 220.98  10.91
19870627 120000  7.1   7.7  1.43 10.31 296.46  45.77  5  1.09  5.93 329.27  27.88  0.74 10.04 260.54  14.84  0.49 13.39 217.62  10.62  0.18 17.75 217.71  12.31  0.17 11.06 312.61   8.08
19870627 150000  5.0  19.7  1.37 10.17 293.33  46.52  6  1.01  5.73 330.06  27.90  0.73  9.91 261.46  14.64  0.47 13.17 217.45  10.82  0.22 17.92 209.31  10.49  0.17 11.08 312.57   8.17  0.12 17.25 229.52   8.67
19870627 180000  7.5 312.2  1.38 10.02 287.97  46.62  6  0.99  5.61 326.78  27.26  0.74  9.73 262.03  14.70  0.46 12.76 217.83  11.75  0.38 17.05 210.12  11.05  0.17 11.09 313.36   7.50  0.06 16.62 314.40   8.18
19870627 210000  6.5 344.2  1.48 16.77 283.14  49.27  7  1.04  5.53 327.31  27.66  0.74  9.63 262.25  14.82  0.57 16.80 208.93   8.89  0.44 12.62 217.62  11.87  0.16 11.07 313.64   7.31  0.08 15.86 264.67   7.50  0.06 16.61 314.50   8.27
19870628 000000 10.6   2.3  1.71 16.50 287.62  54.85  7  1.23  5.59 336.50  28.77  0.79 16.52 208.82   8.29  0.76  9.61 262.13  14.66  0.42 12.57 217.11  11.35  0.16 11.06 313.67   7.32  0.12 15.42 265.81   7.65  0.06 16.57 314.85   8.16
19870628 030000  8.9   7.9  1.93 16.03 286.71  56.85  7  1.39  5.92 338.39  28.24  1.01 16.05 209.40   8.17  0.76  9.63 262.81  14.10  0.39 12.39 218.01  12.17  0.20 14.79 265.90   7.84  0.16 11.01 312.93   8.08  0.06 16.31 315.54   7.32
19870628 060000  6.7 357.8  2.10 16.11 279.36  57.23  6  1.46  6.33 337.74  27.72  1.25 16.19 210.69   8.67  0.76  9.69 263.62  13.29  0.32 13.98 265.46   7.81  0.14 10.97 313.32   7.44  0.08 15.65 314.55   8.13
19870628 090000  9.1 359.4  2.25 15.95 270.67  56.00  6  1.48  6.48 336.66  26.36  1.42 16.06 211.29   8.46  0.80  9.68 265.25  12.49  0.45 13.18 265.07   8.68  0.14 10.82 312.38   8.90  0.10 15.56 314.18   8.44
19870628 120000  7.0 358.5  2.40 15.56 265.15  54.79  6  1.49  6.44 337.25  26.73  1.56 15.62 212.01   8.56  0.74  9.69 266.96  11.81  0.73 12.66 263.96   8.92  0.14 10.70 313.69   7.31  0.11 15.55 313.66   8.92
19870628 150000  5.3 339.0  2.43 15.32 252.66  49.09  5  1.28  6.33 334.25  26.89  1.68 15.40 212.87   8.72  1.20 12.61 265.09  10.44  0.14 10.69 314.06   7.21  0.11 15.54 313.15   9.55
19870628 180000  3.6 298.7  2.48 15.06 245.11  42.43  5  1.78 15.20 213.92   9.14  1.37 12.49 264.70  11.04  1.05  6.02 331.44  27.00  0.14 10.70 314.13   7.33  0.10 15.49 315.49   7.43
19870628 210000  2.1 251.6  2.56 14.70 241.06  36.90  5  1.90 14.85 215.39   9.91  1.48 12.33 264.76  11.28  0.86  5.79 328.40  27.46  0.14 10.73 314.11   7.47  0.11 15.22 315.53   7.35
19870629 000000  3.0 219.8  2.65 14.50 238.49  32.87  3  2.08 14.61 217.89  11.77  1.64 12.39 275.97  26.29  0.13 14.64 315.74   7.39
19870629 030000  3.7 159.2  2.69 14.38 236.81  30.33  3  2.15 14.48 218.54  11.87  1.61 11.58 272.93  23.24  0.15 14.54 315.91   7.15
19870629 060000  5.8 155.3  2.67 14.32 235.62  29.54  3  2.15 14.37 218.56  12.02  1.58 11.76 270.35  24.16  0.15 14.53 315.76   7.23
19870629 090000  4.3 167.2  2.61 14.27 234.93  28.96  3  2.09 14.31 217.67  11.19  1.56 11.66 268.76  23.05  0.15 14.53 315.13   7.42
19870629 120000  4.3 176.6  2.52 14.17 234.14  28.39  3  2.05 14.16 218.06  11.93  1.45 11.21 269.41  21.68  0.15 14.53 313.97   8.62
19870629 150000  3.0 171.2  2.40 13.94 233.25  27.76  3  1.97 13.94 217.35  11.22  1.36 11.00 268.95  19.53  0.16 14.41 311.26  10.80
19870629 180000  6.1 213.3  2.29 13.68 232.03  27.33  3  1.88 13.69 216.86  10.65  1.29 10.92 266.49  21.46  0.17 13.88 311.79  10.82
19870629 210000  5.8 208.0  2.17 13.55 230.95  26.94  3  1.80 13.54 217.08  10.91  1.20 10.76 264.68  23.32  0.18 13.66 312.73  10.11
19870630 000000  3.8 228.2  2.05 13.46 230.33  26.61  5  1.71 13.45 216.76  10.71  1.11 10.38 263.73  22.34  0.19 13.61 313.88   8.88  0.14 20.06 233.64   7.59  0.11 10.37 314.89   7.41
19870630 030000  2.6 228.2  1.93 13.38 230.04  26.22  6  1.63 13.35 216.93  10.90  0.99 10.28 265.64  19.97  0.24 19.13 234.02   7.66  0.18 13.60 314.17   8.60  0.10 10.34 315.60   7.29  0.06 16.61 312.14   8.77
19870630 060000  6.7 214.9  1.85 13.29 229.59  25.82  6  1.55 13.24 217.09  11.10  0.93  8.82 264.15  22.45  0.36 18.84 234.90   8.33  0.17 13.58 313.86   8.88  0.10 10.32 315.75   7.16  0.07 16.55 312.38   8.86
19870630 090000  4.5 195.7  1.79 13.19 229.61  25.63  6  1.46 13.14 217.12  11.32  0.88 10.02 262.89  25.18  0.51 17.91 235.44   8.61  0.16 13.56 313.72   8.65  0.09 10.30 316.09   7.47  0.07 16.64 312.97   8.91
19870630 120000  2.7 176.7  1.73 13.01 230.23  25.18  5  1.36 12.97 217.10  11.30  0.83  7.47 263.44  24.35  0.63 17.61 235.25   8.70  0.18 13.47 313.64   8.60  0.08 10.29 316.28   7.44
19870630 150000  2.1 162.1  1.70 16.71 231.27  24.29  6  1.27 12.79 217.11  11.22  0.81 16.76 235.72   8.73  0.71  7.97 265.26  23.48  0.27  9.69 265.51   8.45  0.19 12.99 313.69   8.51  0.08 10.27 316.34   7.26
19870630 180000  2.3 238.7  1.75 16.37 232.76  22.78  5  1.17 12.61 216.68  10.90  1.06 16.39 236.26   8.79  0.68  7.28 265.35  22.30  0.23  9.64 264.62   7.80  0.21 12.79 314.05   8.41
19870630 210000  2.5 223.0  1.92 15.54 234.79  20.54  4  1.41 15.56 236.56   9.47  1.25 12.44 228.73  24.85  0.29  9.40 264.15   9.39  0.23 12.75 313.94   8.31
19870701 000000  2.3 190.0  2.19 15.21 236.65  18.22  3  2.18 15.20 236.04  16.75  0.18 12.73 314.43   8.34  0.13 15.55 312.66   8.61
