Date     Time   Uabs UDir  hs    tp    th     sp     np hs(i) tp(i) th(i)  sp(i)
19830501 000000  4.7 223.0  2.56 13.73 223.70  19.53  4  2.43 13.73 222.66  17.53  0.74 20.33 223.23   8.70  0.29 15.77 307.32   9.72  0.15 12.58 310.18   8.50
19830501 030000  7.1 211.1  2.64 16.11 223.86  18.24  4  2.47 16.27 222.67  16.27  0.88 20.12 225.14   9.06  0.29 15.61 307.49   9.85  0.15 12.55 310.58   8.74
19830501 060000  7.9 190.1  2.77 15.96 223.23  17.48  4  2.43 16.09 222.14  16.29  1.29 18.77 223.37   9.05  0.29 15.54 307.74   9.64  0.15 12.50 310.48   9.38
19830501 090000  5.3 201.5  2.87 15.75 223.26  16.48  3  2.86 15.84 222.50  13.96  0.30 15.49 307.72   9.45  0.14 12.33 311.69   8.74
19830501 120000  4.4 188.0  2.91 15.68 223.55  15.71  3  2.89 15.76 222.75  12.92  0.31 15.45 307.88   9.43  0.13 12.05 311.93   7.87
19830501 150000  4.4 195.1  2.87 15.56 223.81  15.55  3  2.84 15.61 222.90  12.29  0.33 15.38 307.94   9.54  0.14 11.96 312.14   7.94
19830501 180000  4.6 209.1  2.77 15.48 224.05  15.66  3  2.74 15.52 223.00  11.83  0.34 15.27 308.34   9.46  0.14 11.96 311.15   9.31
19830501 210000  5.6 222.4  2.66 15.54 224.18  15.92  3  2.63 15.71 223.02  11.66  0.35 15.03 308.68   9.52  0.14 11.85 311.08   9.74
19830502 000000  1.7 315.5  2.57 16.55 224.13  16.07  3  2.55 16.66 222.89  11.52  0.35 14.71 308.57   9.92  0.14 11.85 312.74   8.23
19830502 030000  4.8 336.8  2.56 16.77 224.14  17.49  3  2.53 16.80 222.91  13.54  0.34 14.58 308.94   9.57  0.14 11.76 312.83   8.56
19830502 060000  3.9 356.5  2.66 16.67 224.36  18.65  2  2.63 16.68 223.22  15.38  0.37 14.51 309.60   9.40
19830502 090000  3.6   6.0  2.86 16.45 224.90  17.69  2  2.84 16.46 223.88  14.59  0.37 14.47 309.77   9.28
19830502 120000  6.1 354.1  3.11 16.34 226.52  18.82  2  3.08 16.34 225.58  16.29  0.39 14.44 310.02   9.17
19830502 150000  7.8   2.2  3.33 16.26 229.87  23.90  2  3.31 16.26 228.95  22.27  0.41 14.42 310.24   9.14
19830502 180000  7.4 338.6  3.54 15.88 233.90  26.95  3  0.93  5.02 327.16  30.13  3.39 15.89 229.19  13.06  0.42 14.40 310.34   9.07
19830502 210000  8.9 348.1  3.73 15.66 238.09  29.97  2  3.71 15.68 237.30  29.16  0.42 14.36 310.39   9.00
19830503 000000  7.5 359.0  3.82 15.60 241.47  32.82  3  1.60  7.19 310.62  31.98  3.45 15.63 230.66  12.69  0.41 14.27 310.48   9.03
19830503 030000  9.4   6.1  3.83 15.61 243.26  34.76  4  1.75  7.46 309.73  34.93  3.38 15.64 230.72  12.48  0.33 13.65 310.73   9.62  0.24 15.45 310.65   7.99
19830503 060000  6.7 357.6  3.85 15.67 243.65  34.18  3  3.82 15.70 242.92  33.67  0.32 13.55 310.31   9.49  0.26 15.41 311.70   8.80
19830503 090000  7.2 347.2  3.86 15.73 242.66  30.80  2  3.84 15.76 241.92  30.16  0.42 13.64 310.25   9.89
19830503 120000  6.4 351.4  3.89 15.62 242.26  28.57  2  3.87 15.64 241.60  27.88  0.41 13.64 311.78   8.43
19830503 150000  5.1 329.9  3.90 15.48 242.00  26.75  2  3.88 15.49 241.39  26.05  0.39 13.70 311.73   8.47
19830503 180000  4.1 269.6  3.88 15.34 241.31  25.42  2  3.86 15.36 240.70  24.64  0.39 13.80 311.59   8.30
19830503 210000  6.5 207.1  3.83 15.19 239.85  24.18  2  3.81 15.22 239.24  23.31  0.39 14.00 311.81   8.18
19830504 000000  7.9 178.3  3.78 14.99 237.34  23.69  2  3.76 15.04 236.72  22.72  0.38 14.18 311.77   8.37
19830504 030000  9.4 190.4  3.72 14.71 234.16  23.59  3  0.87  4.03 201.12  31.27  3.59 14.74 235.16  20.64  0.38 14.20 311.66   8.83
19830504 060000  9.4 172.9  3.64 14.53 230.60  23.90  3  3.62 14.55 229.95  22.76  0.36 14.20 311.74   9.04  0.09 17.83 308.15   7.77
19830504 090000  8.5 184.5  3.51 14.42 228.44  22.98  3  3.49 14.43 227.81  21.77  0.34 14.14 311.58   9.30  0.09 17.82 307.97   7.87
19830504 120000  9.7 182.9  3.38 14.32 226.26  22.62  3  3.37 14.33 225.66  21.37  0.32 13.94 311.77   9.06  0.09 17.78 307.28   8.73
19830504 150000  8.6 197.4  3.24 14.18 225.23  21.75  3  3.22 14.20 224.63  20.39  0.31 13.62 311.85   8.90  0.10 17.65 307.77   8.64
19830504 180000 10.7 207.0  3.14 13.88 224.12  21.45  3  3.13 13.91 223.50  20.00  0.29 13.48 312.12   8.65  0.13 17.22 307.95   8.72
19830504 210000 11.9 202.2  3.19 13.70 222.37  22.03  4  1.88  6.71 215.36  27.92  2.56 13.73 224.90  14.29  0.29 13.42 311.92   9.03  0.14 16.81 307.98   8.60
19830505 000000  9.4 197.7  3.07 13.69 221.46  22.80  3  3.06 13.73 220.83  21.37  0.28 13.39 311.98   9.14  0.15 16.73 307.68   8.65
19830505 030000  7.5 170.7  2.85 13.78 221.12  22.78  4  1.74  7.43 215.72  29.98  2.24 13.83 222.94  12.75  0.27 13.36 312.07   9.01  0.14 16.68 307.25   8.74
19830505 060000  7.0 155.0  2.64 13.87 221.08  22.20  3  2.63 13.94 220.34  20.44  0.25 13.33 311.95   8.99  0.14 16.64 306.82   8.83
19830505 090000  6.2 163.9  2.51 13.88 220.61  21.48  3  2.49 13.96 219.83  19.54  0.24 13.27 311.78   9.00  0.15 16.58 306.65   9.06
19830505 120000  8.7 177.3  2.47 13.81 219.21  21.59  3  2.46 13.87 218.41  19.57  0.23 13.14 311.83   8.82  0.17 16.48 306.96   8.96
19830505 150000  4.8 192.5  2.45 13.72 219.25  20.75  3  2.44 13.76 218.43  18.56  0.22 12.89 311.96   8.78  0.19 16.28 307.13   9.03
19830505 180000  8.3 208.8  2.47 13.64 220.11  19.52  4  1.39  7.63 218.11  25.37  2.01 13.67 219.83  11.37  0.21 12.75 312.01   8.92  0.20 15.91 307.13   9.04
19830505 210000  8.5 205.9  2.52 13.62 220.42  19.58  4  1.50  7.46 218.65  24.95  2.01 13.65 220.23  11.56  0.20 12.67 312.20   8.94  0.19 15.71 306.87   9.11
19830506 000000  5.6 209.4  2.54 13.66 221.21  19.96  4  1.55  7.04 219.85  25.60  2.00 13.69 220.95  11.80  0.19 12.62 312.19   9.02  0.19 15.61 306.53   9.16
19830506 030000  6.5 203.1  2.50 13.72 222.35  19.97  4  1.51  6.99 221.81  25.89  1.98 13.74 221.65  11.82  0.19 15.55 305.95   9.43  0.18 12.58 312.39   8.74
19830506 060000  7.8 200.0  2.44 13.74 223.17  19.93  4  1.46  6.99 222.56  25.92  1.94 13.75 222.45  11.79  0.20 15.50 305.88   9.36  0.17 12.54 312.46   8.58
19830506 090000  5.9 194.2  2.37 15.16 223.90  20.00  4  1.40  7.00 223.12  26.09  1.90 15.12 223.13  11.66  0.21 15.44 306.23   9.30  0.16 12.50 312.11   8.74
19830506 120000  5.4 202.9  2.30 14.48 224.82  19.70  4  1.86 14.35 223.71  11.56  1.32  7.02 224.44  25.40  0.23 15.37 306.53   9.31  0.16 12.45 311.73   8.91
19830506 150000  6.1 215.5  2.24 14.37 225.55  19.38  4  1.27  7.03 225.60  24.69  1.83 14.33 224.15  11.54  0.24 15.25 306.71   9.33  0.16 12.36 311.41   9.21
19830506 180000  7.7 215.0  2.23 14.28 225.93  19.18  3  2.21 14.24 224.99  16.79  0.24 14.96 306.73   9.38  0.15 12.21 311.36   9.17
19830506 210000  8.0 200.8  2.25 14.05 225.35  19.77  4  1.33  6.97 223.87  25.20  1.80 13.94 224.81  11.58  0.23 14.67 306.51   9.51  0.14 12.03 311.74   8.88
19830507 000000  3.8 199.8  2.23 13.64 225.28  20.10  4  1.77 13.60 224.99  11.72  1.32  6.79 223.40  25.89  0.22 14.55 306.33   9.45  0.14 11.94 311.85   8.90
19830507 030000  7.5 193.4  2.18 13.50 225.25  20.20  4  1.27  6.70 222.98  26.07  1.75 13.48 225.03  11.88  0.23 14.50 306.23   9.36  0.13 11.87 311.96   8.90
19830507 060000  9.6 176.2  2.20 13.39 222.61  23.09  4  1.29  6.53 213.56  30.42  1.76 13.37 225.49  12.03  0.24 14.47 306.29   9.23  0.12 11.79 312.53   9.00
19830507 090000  8.0 180.8  2.18 13.19 222.04  23.85  4  1.30  6.24 212.16  30.74  1.72 13.15 225.46  12.17  0.25 14.44 306.36   9.35  0.12 11.75 312.94   8.52
19830507 120000  7.8 181.3  2.14 12.91 222.22  23.79  4  1.30  6.31 212.97  30.11  1.68 12.89 225.45  12.31  0.26 14.40 306.63   9.47  0.11 11.71 312.30   8.89
19830507 150000  6.6 190.6  2.10 12.81 223.21  22.79  4  1.31  6.54 216.95  28.17  1.63 12.78 225.11  12.46  0.26 14.32 306.74   9.55  0.10 11.68 311.94   8.92
19830507 180000 10.2 203.0  2.19 12.79 222.59  22.11  5  1.48  6.75 217.40  25.66  1.56 12.75 224.92  12.66  0.34 19.39 226.27   8.27  0.25 14.17 306.67   9.67  0.10 11.63 311.57   9.01
19830507 210000 11.7 199.9  2.51 12.80 220.33  23.07  5  1.91  6.51 215.59  25.55  1.56 12.75 224.90  12.77  0.39 19.22 226.15   8.37  0.25 13.82 306.61   9.61  0.10 11.55 311.35   9.00
19830508 000000 10.6 194.0  2.69 12.78 219.53  24.08  4  2.14  6.98 215.36  26.63  1.55 12.71 224.68  12.55  0.43 19.11 225.78   8.48  0.26 13.67 307.18   9.42
19830508 030000  9.8 192.5  2.70 12.63 219.47  24.26  4  2.10  7.21 214.84  27.32  1.59 12.55 224.68  12.36  0.54 18.65 224.77   9.29  0.26 13.60 307.02   9.35
19830508 060000 10.3 187.5  2.58 12.22 219.97  23.86  4  1.91  7.21 215.06  27.71  1.58 12.21 224.29  12.16  0.64 18.14 223.47   9.59  0.26 13.55 306.95   9.34
19830508 090000  7.3 188.5  2.46 12.09 220.69  23.07  5  1.69  7.02 215.69  27.97  1.57 12.06 224.03  12.30  0.79 17.81 221.58  10.22  0.26 13.52 306.60   9.19  0.08 11.01 311.29   9.68
19830508 120000  9.2 184.0  2.40 17.48 220.62  22.40  5  1.55  6.98 215.36  27.90  1.54 12.03 224.12  12.58  0.95 17.48 219.40  10.65  0.26 13.49 306.67   9.15  0.07 10.98 312.12   9.36
19830508 150000  8.3 204.4  2.41 16.76 220.23  21.41  5  1.51  6.97 217.05  26.99  1.41 12.09 223.67  12.76  1.22 16.77 217.31  11.10  0.26 13.46 306.73   9.06  0.07 10.96 313.59   7.60
19830508 180000  9.3 212.2  2.52 16.40 220.01  20.38  4  1.57  7.02 219.44  25.42  1.45 16.41 216.02  11.01  1.31 12.28 223.40  13.55  0.26 13.42 307.28   8.86
19830508 210000  7.6 211.3  2.65 15.85 219.94  20.03  3  1.67  7.11 222.14  25.04  2.04 15.86 217.69  12.34  0.25 13.35 307.23   8.78
19830509 000000  7.2 200.7  2.72 15.33 219.93  19.59  3  1.84  7.68 222.54  23.40  1.99 15.34 216.97  11.87  0.24 13.07 307.11   8.77
19830509 030000  6.7 205.9  2.78 15.00 219.71  19.27  3  1.89  8.20 222.54  23.31  2.03 15.01 216.65  11.35  0.24 12.78 307.02   8.75
19830509 060000  6.2 188.9  2.81 14.58 219.54  19.04  3  2.00 14.59 216.90  11.19  1.96  8.46 221.61  22.68  0.23 12.68 307.01   8.81
19830509 090000  5.3 187.9  2.76 14.32 219.41  18.74  3  2.00 14.31 217.32  11.00  1.89  8.48 220.94  22.58  0.23 12.65 307.16   8.72
19830509 120000  6.4 178.7  2.64 14.09 219.29  18.55  4  1.96 14.08 217.95  10.88  1.75  8.28 219.97  22.71  0.21 12.62 308.02   8.49  0.10 14.46 304.50   8.54
19830509 150000  6.9 193.2  2.50 13.78 219.29  18.27  4  1.58  7.97 219.66  23.00  1.93 13.79 218.22  10.74  0.21 12.61 307.89   8.54  0.09 14.47 305.40   8.36
19830509 180000  9.6 207.0  2.47 13.55 218.91  18.32  3  1.50  7.61 217.58  23.75  1.95 13.58 218.85  10.89  0.23 12.61 307.55   8.50
19830509 210000 10.1 200.1  2.56 13.41 218.37  19.20  3  1.66  6.93 216.18  24.54  1.93 13.44 219.10  10.70  0.22 12.60 307.43   8.52
19830510 000000 11.2 186.2  2.64 13.34 216.84  21.17  3  1.75  6.54 212.18  27.38  1.97 13.38 219.49  10.73  0.21 12.58 307.30   8.48
19830510 030000  7.3 192.7  2.65 13.68 217.72  20.81  3  1.77  6.82 213.88  26.92  1.96 13.77 219.91  10.64  0.21 12.44 307.22   8.54
19830510 060000  7.4 181.1  2.58 14.10 219.13  19.44  4  1.64  7.07 216.40  25.82  1.98 14.12 220.26  10.58  0.17 12.02 308.05   8.24  0.11 13.62 305.64   8.80
19830510 090000  4.2 175.5  2.53 13.77 220.29  17.95  5  1.78 13.80 219.89  10.31  1.46  7.30 217.80  24.97  1.03 18.19 223.99  10.99  0.16 11.91 308.15   8.30  0.11 13.60 305.74   8.81
19830510 120000  7.1 185.6  2.51 17.82 220.92  16.99  4  1.35  7.41 218.21  24.38  1.60 13.52 220.00   9.95  1.37 17.82 223.46  10.88  0.19 11.87 307.55   8.46
19830510 150000  2.4 201.0  2.52 17.66 221.66  16.16  4  1.63 13.25 220.88  10.21  1.43 17.66 223.25  10.65  1.27  7.54 219.48  23.75  0.19 11.86 307.68   8.60
19830510 180000  7.0 224.4  2.59 17.21 222.75  15.50  4  1.30  7.65 222.58  22.46  1.65 17.21 223.60  10.61  1.50 12.93 220.93   9.88  0.19 11.87 307.83   8.58
19830510 210000  6.1 203.2  2.65 16.72 223.16  15.61  4  1.36  7.72 222.52  22.64  1.78 16.72 223.82  10.31  1.41 12.69 221.66  10.29  0.19 11.88 307.76   8.69
19830511 000000  5.2 213.0  2.67 16.54 223.43  15.38  4  1.92 16.54 223.62  10.06  1.35  7.65 222.76  22.61  1.27 12.29 222.50  10.39  0.19 11.89 307.77   8.62
19830511 030000  5.3 194.3  2.69 15.85 223.64  15.15  4  2.06 15.85 223.82   9.97  1.33  7.55 222.56  22.54  1.09 11.70 222.85  10.42  0.19 11.92 307.80   8.63
19830511 060000  5.6 182.0  2.70 15.68 223.75  15.02  4  2.10 15.68 223.92  10.00  1.30  7.50 222.13  22.63  1.05 11.62 223.63  10.50  0.18 11.97 307.92   8.56
19830511 090000  3.2 168.5  2.70 16.33 223.86  14.61  4  2.20 16.33 223.97  10.08  1.22  7.50 222.72  22.41  0.96 11.00 222.95  11.30  0.18 12.03 307.94   8.68
19830511 120000  6.6 182.1  2.71 16.55 223.57  14.50  4  2.26 16.54 223.57   9.91  1.18  7.56 222.16  22.81  0.89 10.85 223.40  11.70  0.18 12.10 307.81   9.06
19830511 150000  3.4 184.6  2.73 16.40 223.24  14.22  1  2.73 16.40 223.24  14.22
19830511 180000  7.7 208.1  2.78 16.08 222.90  14.03  1  2.78 16.08 222.90  14.03
19830511 210000  7.4 198.9  2.88 15.65 222.51  14.79  1  2.88 15.65 222.51  14.79
19830512 000000  6.7 206.8  2.98 15.46 222.38  15.48  1  2.98 15.46 222.38  15.48
19830512 030000  6.2 181.4  3.06 15.31 222.35  16.15  2  2.57 15.31 222.30  11.53  1.65  8.01 222.45  23.88
19830512 060000  8.4 176.5  3.07 15.16 222.13  16.91  2  1.79  8.13 221.29  23.98  2.49 15.16 222.54  11.66
19830512 090000  6.2 167.9  3.00 14.84 222.09  17.05  3  2.45 14.84 222.50  10.47  1.72  8.24 220.67  24.52  0.16 16.87 310.70   7.50
19830512 120000  6.4 175.3  2.92 14.59 222.21  16.78  2  2.92 14.59 222.10  16.44  0.12 16.78 311.23   8.29
19830512 150000  4.9 185.7  2.90 14.52 222.25  16.22  2  2.90 14.52 222.13  15.84  0.13 16.57 310.44   8.86
19830512 180000  8.2 204.9  2.97 14.59 221.67  15.91  3  2.87 14.58 222.11  15.63  0.75 16.86 213.05   7.32  0.15 16.31 309.76   8.93
19830512 210000  7.9 206.5  3.06 15.40 221.04  15.88  2  3.05 15.32 220.88  15.36  0.16 16.05 309.43   9.19
19830513 000000  7.8 197.6  3.12 15.30 220.54  16.04  2  3.12 15.29 220.39  15.55  0.16 15.99 309.49   9.35
19830513 030000  2.8 172.2  3.13 15.10 220.80  15.77  2  3.12 15.10 220.68  15.37  0.14 16.10 310.46   8.73
19830513 060000  3.8 158.6  3.07 14.66 221.33  15.29  3  2.68 14.65 221.02  11.34  1.51  8.18 221.89  22.69  0.13 16.03 310.75   8.68
19830513 090000  2.3 136.3  2.97 14.43 221.90  14.85  2  2.97 14.43 221.76  14.36  0.14 15.75 310.16   9.20
19830513 120000  1.2 168.8  2.85 14.28 222.54  14.47  2  2.84 14.27 222.38  13.89  0.15 15.57 309.82   9.20
19830513 150000  0.3 170.6  2.72 14.09 223.20  14.27  2  2.71 14.09 223.00  13.52  0.16 15.43 309.35   9.28
19830513 180000  4.9 232.8  2.61 13.82 223.88  14.39  2  2.60 13.81 223.61  13.43  0.18 15.31 309.16   9.34
19830513 210000  3.2 209.5  2.52 13.65 224.24  14.54  2  2.51 13.64 223.94  13.48  0.18 15.26 309.22   9.49
19830514 000000  1.5 327.8  2.43 13.51 224.38  14.61  2  2.43 13.51 224.07  13.51  0.18 15.25 309.36   9.62
19830514 030000  1.9 240.9  2.34 13.41 224.36  14.65  2  2.33 13.41 224.06  13.57  0.17 15.23 309.40   9.71
19830514 060000  4.4 167.0  2.25 13.33 223.95  15.37  2  2.25 13.32 223.64  14.35  0.16 15.03 309.19   9.75
19830514 090000  1.1  58.9  2.16 13.23 223.83  15.57  2  2.16 13.23 223.49  14.45  0.16 14.68 308.80   9.81
19830514 120000  3.7  21.2  2.08 13.08 224.27  19.53  2  2.07 13.07 223.83  18.44  0.18 14.55 308.39   9.92
19830514 150000  4.4 359.8  2.00 12.85 224.63  21.27  2  1.99 12.84 224.07  20.02  0.19 14.46 308.44   9.78
19830514 180000  5.0 322.1  1.94 12.71 225.37  21.97  2  1.92 12.70 224.68  20.52  0.21 14.39 308.40   9.95
19830514 210000  4.7 331.2  1.89 12.64 226.30  23.34  3  1.87 12.62 225.56  21.92  0.21 14.36 308.58  10.01  0.12 17.88 220.90   6.31
19830515 000000  2.8 347.0  1.85 12.63 226.47  23.00  2  1.84 12.61 225.70  21.50  0.21 14.33 308.69  10.04
19830515 030000  4.3 357.7  1.84 12.67 226.90  24.30  2  1.82 12.65 226.19  23.04  0.20 14.28 308.56  10.23
19830515 060000  3.9 356.2  1.80 12.62 227.59  25.40  3  0.41  3.61 330.53  32.56  1.74 12.60 224.29  13.68  0.19 14.13 308.34  10.33
19830515 090000  5.2   2.8  1.73 12.48 228.89  26.96  5  0.43  3.77 329.76  32.25  1.65 12.47 224.90  13.79  0.19 16.70 222.29   7.08  0.17 13.80 306.71  10.37  0.08 10.94 313.24   8.52
19830515 120000  2.2 338.1  1.63 12.32 230.88  28.24  5  1.54 12.31 225.86  13.97  0.45  3.95 323.78  32.59  0.19 16.73 222.31   6.86  0.18 13.65 306.90  10.02  0.09 10.99 312.77   8.98
19830515 150000  3.8 308.5  1.52 12.24 233.50  28.10  5  0.46  4.33 310.44  30.10  1.38 11.99 228.93  13.47  0.42 12.37 208.21   6.68  0.19 13.57 307.17   9.94  0.08 10.94 313.37   8.85
19830515 180000  5.3 242.6  1.47 12.30 237.57  27.89  6  0.55  5.03 290.40  30.10  1.26 11.89 232.30  12.27  0.46 12.56 205.91   5.77  0.20 13.52 307.55   9.87  0.06 11.02 311.40   9.34  0.06  9.65 315.01   8.72
19830515 210000  3.0 203.2  1.51 12.32 241.52  26.73  4  1.47 12.25 240.82  25.46  0.25 15.67 222.68   7.46  0.21 13.48 307.78   9.98  0.08 10.95 313.16   9.40
19830516 000000  5.8 188.1  1.74 12.00 244.00  24.67  4  1.71 11.95 243.50  23.65  0.23 15.68 222.50   5.30  0.21 13.46 307.38  10.67  0.07 10.90 314.30   7.46
19830516 030000  6.4 190.5  1.90 11.75 244.14  24.77  2  1.89 11.73 243.48  24.02  0.21 13.43 306.73  11.97
19830516 060000  8.0 181.8  1.97 11.58 241.87  27.07  3  1.94 11.57 241.52  26.69  0.27 18.35 232.23  11.00  0.19 13.36 306.13  12.53
19830516 090000  7.8 179.5  2.09 11.32 239.26  27.60  4  0.68  3.62 190.98  33.71  1.93 11.31 243.67  21.52  0.35 18.61 236.71   9.33  0.18 13.22 306.74  11.60
19830516 120000  6.6 178.6  2.39 11.34 237.14  24.72  5  0.69  3.80 191.19  34.17  1.92 11.33 242.22  21.58  1.02 14.09 235.09  12.89  0.71 17.25 235.65   9.98  0.17 12.86 306.79  11.10
19830516 150000  9.3 192.1  2.90 14.47 235.28  21.65  4  0.78  3.83 193.95  30.87  2.59 14.25 238.43  17.96  1.03 16.81 233.65  10.74  0.17 12.76 307.79  10.34
19830516 180000 10.4 200.4  3.35 14.87 234.32  20.10  3  1.11  4.54 208.59  31.23  3.15 14.88 236.87  15.62  0.18 12.69 307.35  10.89
19830516 210000  9.3 205.8  3.53 14.76 234.34  19.01  3  1.19  4.97 213.98  30.48  3.31 14.77 236.47  14.98  0.18 12.65 308.13  10.85
19830517 000000 10.5 197.1  3.52 14.46 233.53  18.99  2  3.52 14.46 233.38  18.66  0.18 12.64 308.66  10.72
19830517 030000  9.6 196.7  3.49 14.35 231.73  19.87  3  1.25  5.15 206.68  29.62  3.25 14.35 234.77  14.85  0.18 12.63 309.64  10.21
19830517 060000  8.9 180.6  3.34 14.29 230.67  20.27  2  3.33 14.29 230.51  19.93  0.17 12.62 310.94   9.25
19830517 090000  6.7 176.3  3.15 14.18 229.75  19.99  2  3.15 14.18 229.58  19.63  0.17 12.60 311.20   9.27
19830517 120000  8.8 184.7  2.98 14.03 228.58  19.67  3  2.97 14.04 228.39  19.22  0.15 12.54 310.04   9.22  0.08 16.48 314.62   8.08
19830517 150000  6.6 191.7  2.82 13.93 227.37  19.52  3  2.82 13.93 227.14  18.97  0.15 12.42 309.89   9.36  0.09 16.03 314.42   8.00
19830517 180000  7.3 213.8  2.68 13.79 226.65  18.92  3  2.68 13.79 226.38  18.23  0.15 12.13 309.55   9.91  0.11 15.64 314.07   8.33
19830517 210000  6.0 207.5  2.55 13.62 225.93  18.72  3  2.54 13.62 225.61  17.87  0.15 11.99 309.49  10.29  0.12 15.56 314.01   8.60
19830518 000000  6.0 213.4  2.42 13.46 225.43  18.48  3  2.41 13.46 225.06  17.47  0.15 11.91 309.17  10.90  0.12 15.53 314.26   8.59
19830518 030000  4.5 226.3  2.30 13.35 225.07  18.37  3  2.29 13.36 224.64  17.19  0.15 11.88 309.30  11.14  0.12 15.50 314.53   8.49
19830518 060000  4.8 217.5  2.19 13.29 224.93  18.38  3  2.18 13.29 224.43  16.95  0.15 11.86 309.48  10.88  0.13 15.38 314.67   8.25
19830518 090000  3.4 205.4  2.08 13.21 224.86  18.61  3  2.07 13.21 224.22  16.79  0.16 11.84 309.22  10.96  0.15 14.81 314.59   8.16
19830518 120000  4.0 182.8  1.97 12.89 224.90  19.06  3  1.95 12.91 224.07  16.71  0.17 14.58 314.44   8.13  0.15 11.82 309.91  10.36
19830518 150000  1.8 113.0  1.84 12.64 225.05  19.52  3  1.82 12.66 223.99  16.57  0.18 14.54 314.27   8.22  0.16 11.80 309.95  10.89
19830518 180000  9.5 343.7  1.75 12.54 229.41  31.68  4  0.48  2.74 335.38  30.19  1.66 12.56 223.92  16.22  0.19 14.52 314.59   8.37  0.16 11.77 310.65  10.28
19830518 210000 12.4 355.9  1.98 12.47 267.98  56.37  4  1.33  4.78 336.34  32.09  1.45 12.49 223.11  15.12  0.18 14.48 314.87   8.36  0.16 11.73 310.68  10.60
19830519 000000 18.9 351.6  2.73  6.18 324.11  49.22  3  2.45  6.15 339.60  29.96  1.21 12.42 222.51  14.65  0.06 22.24 217.82   7.31
19830519 030000 16.7 344.8  3.79  8.18 328.15  37.91  3  3.66  8.17 332.62  30.32  0.98 12.31 221.51  13.45  0.06 21.90 218.82   7.50
19830519 060000 11.3 342.1  3.84  8.98 318.44  38.96  5  3.73  8.97 322.18  34.29  0.83 12.26 218.33  10.21  0.27 15.63 227.05   9.69  0.22 13.70 315.57   7.76  0.07 21.88 218.84   7.34
19830519 090000 11.2 353.2  3.44  9.14 308.30  41.30  6  2.92  8.87 327.42  30.40  1.56 10.18 266.43  12.27  0.88 12.02 219.59  10.40  0.25 15.48 232.65   7.12  0.23 13.64 315.21   8.01  0.11 21.36 220.71   8.63
19830519 120000  9.6 345.0  3.09  9.17 300.06  42.28  4  2.92  9.10 307.76  36.82  0.97 11.92 221.44  10.88  0.23 13.60 316.05   7.31  0.10 20.74 218.04   7.33
19830519 150000  5.3 358.6  2.78  9.26 291.25  41.66  5  2.57  9.15 301.72  35.22  0.92 11.78 221.48  11.92  0.49 14.75 225.72  11.39  0.23 13.59 316.13   7.34  0.10 20.58 218.83   6.91
19830519 180000  2.1 222.0  2.54  9.31 282.22  40.21  5  2.28  9.27 295.19  32.99  0.89 11.79 220.44  12.30  0.62 14.78 227.65  14.14  0.25 13.48 317.06   6.92  0.10 20.54 219.04   7.04
19830519 210000  5.3 190.1  2.37  9.34 273.36  38.47  5  2.05  9.24 288.61  31.11  0.87 11.87 219.16  11.50  0.65 14.73 220.68  10.01  0.43 14.31 253.28  10.34  0.26 13.32 316.12   7.43
19830520 000000  4.5 158.5  2.30  9.46 264.91  36.94  6  1.83  9.39 284.38  30.53  0.85 11.59 222.60  14.41  0.85 14.38 221.10  10.05  0.62 13.68 257.72   9.78  0.28 13.16 315.74   8.14  0.14 19.49 219.77   6.85
19830520 030000  6.3 168.7  2.27 13.60 258.02  35.72  7  0.35  2.56 173.99  33.42  1.67  9.44 279.99  27.50  0.93 14.03 222.17  10.85  0.81 12.03 257.07   9.89  0.76 11.57 217.42  11.64  0.29 12.81 316.01   8.65  0.15 19.41 220.02   6.98
19830520 060000  6.7 162.6  2.25 13.42 251.35  35.31  6  0.46  3.00 166.36  33.22  1.79 12.47 269.45  25.41  1.23 13.76 219.71  10.79  0.30 12.73 315.79   8.33  0.14 19.39 219.27   7.94  0.11 22.16 220.71   6.75
19830520 090000  6.3 173.3  2.23 13.28 246.00  33.72  6  0.49  3.25 170.19  32.85  1.65  9.76 266.99  24.13  1.36 13.53 221.48  10.86  0.29 12.71 316.84   7.62  0.17 21.60 221.04   7.55  0.16 18.47 218.58   6.64
19830520 120000  4.3 195.2  2.17 13.16 242.57  31.70  6  0.45  3.35 178.20  33.34  1.63 13.31 227.33  14.15  1.29 11.20 273.23  22.47  0.30 12.66 316.50   7.79  0.22 18.14 219.11   8.23  0.21 21.33 221.41   7.61
19830520 150000  6.9 186.4  2.09 12.87 239.35  30.62  6  0.49  3.27 189.25  31.31  1.61 13.00 227.39  14.00  1.10 10.91 274.44  21.73  0.33 17.41 218.10   7.13  0.31 12.63 316.17   8.12  0.29 20.55 221.77   9.29
19830520 180000 10.0 195.7  2.08 12.70 233.90  30.53  5  1.14  9.54 215.55  25.57  1.62 12.71 242.51  27.67  0.45 17.03 219.99   8.04  0.34 20.49 222.69   9.34  0.31 12.59 316.25   8.17
19830520 210000  9.9 198.8  2.16 12.59 229.23  29.66  7  1.16  4.69 212.68  30.93  1.37 12.59 223.74  11.65  0.87  8.94 272.03  18.60  0.62 16.54 220.53   8.59  0.47 20.02 222.65   9.72  0.30 12.51 316.64   7.85  0.07 16.62 301.04  13.80
19830521 000000  9.2 189.3  2.22 12.50 226.81  28.39  7  1.33  5.43 217.03  31.99  1.26 12.51 223.48  11.88  0.78 16.22 221.28   8.76  0.69  9.26 273.04  16.59  0.62 19.22 223.83   9.85  0.30 12.41 316.90   7.89  0.07 16.59 304.75   9.23
19830521 030000  7.9 196.0  2.24 16.04 225.98  26.90  7  1.34  5.93 217.04  30.38  1.14 12.39 222.63  11.17  1.02 16.00 222.97   9.78  0.65  8.97 272.00  15.98  0.61 19.37 223.77   9.10  0.30 12.17 316.75   7.99  0.08 16.57 304.78   9.25
19830521 060000  9.2 188.9  2.29 15.62 225.00  25.75  7  1.38  6.44 219.89  33.39  1.22 15.61 225.44   9.62  1.05 12.09 221.85  11.71  0.67 19.28 221.98   8.81  0.42  8.65 267.63  10.04  0.30 11.97 316.95   7.67  0.08 16.55 304.83   9.63
19830521 090000  6.4 182.9  2.33 15.52 225.21  24.14  6  1.35  6.39 221.14  33.55  1.36 15.51 225.12   9.00  0.93 18.90 226.81  10.87  0.89 11.74 224.78  16.54  0.29 11.89 316.86   7.68  0.08 16.50 304.96   9.16
19830521 120000  6.7 195.2  2.36 17.74 226.55  21.72  5  1.15  6.38 219.86  31.69  1.66 15.50 226.02  10.16  1.12 18.17 225.45  10.25  0.39  8.18 264.28  12.60  0.30 11.85 316.07   8.21
19830521 150000  6.9 202.0  2.44 17.57 227.38  19.86  6  1.02  6.00 217.71  29.22  1.79 16.13 227.44  10.16  1.20 18.10 225.17   9.59  0.42  8.19 268.22  14.87  0.29 11.82 316.64   7.88  0.10 15.59 304.69   9.23
19830521 180000  9.6 213.9  2.58 17.36 227.46  18.75  3  2.56 17.36 226.62  16.32  0.28 11.78 316.53   7.86  0.12 15.53 304.42   9.55
19830521 210000  8.3 211.5  2.70 16.90 227.65  18.44  4  1.13  5.10 219.42  28.93  2.43 16.91 228.34  11.37  0.28 11.73 316.45   7.91  0.13 15.51 304.51   9.60
19830522 000000  8.9 202.0  2.75 16.52 227.50  18.11  4  1.10  5.05 217.61  29.89  2.50 16.53 228.40  10.97  0.26 11.68 316.51   7.95  0.13 15.50 304.82   9.41
19830522 030000  7.3 196.0  2.76 16.26 227.26  17.84  5  1.05  5.05 215.78  31.21  2.52 16.26 227.81   9.71  0.29  7.64 266.84  14.31  0.25 11.61 316.45   7.94  0.12 15.47 305.14   9.36
19830522 060000  7.9 188.2  2.75 15.81 227.18  17.25  4  0.97  5.01 213.77  31.94  2.55 15.82 227.80   9.71  0.28  7.48 263.96  14.55  0.26 11.53 315.31   8.30
19830522 090000  7.6 186.5  2.76 15.52 226.77  17.32  4  0.95  4.87 210.81  33.20  2.57 15.52 227.99  10.00  0.23 11.39 316.39   8.00  0.12 14.65 304.37   9.28
19830522 120000  7.5 195.8  2.77 15.33 226.93  16.75  4  0.88  4.72 208.78  32.38  2.61 15.34 228.06  10.07  0.22 11.26 316.33   7.91  0.15 14.53 304.22   9.35
19830522 150000  7.8 189.0  2.84 15.23 226.89  16.29  5  0.86  4.52 207.36  31.56  2.04 15.10 228.51  10.62  1.75 17.72 227.29   9.03  0.21 11.18 316.11   8.09  0.17 14.51 304.40   9.41
19830522 180000  9.1 201.2  2.99 17.27 226.49  15.91  4  0.95  4.42 207.95  29.57  2.82 17.27 227.82   9.83  0.20 11.14 316.03   8.14  0.17 14.50 304.48   9.51
19830522 210000  9.5 195.4  3.20 16.49 225.92  15.86  4  1.11  4.66 209.17  29.19  2.99 16.50 227.53   9.63  0.19 11.10 315.95   8.31  0.16 14.49 304.77   9.50
19830523 000000 10.6 186.3  3.39 18.55 224.84  16.55  5  1.22  4.89 204.30  29.89  2.62 16.17 226.98   9.84  1.76 19.28 227.60   8.78  0.18 11.07 315.85   8.45  0.14 14.48 305.26   9.58
19830523 030000  9.6 174.9  3.55 18.50 223.93  17.35  2  1.31  5.26 200.31  30.95  3.30 18.50 227.07  10.69
19830523 060000  7.8 155.7  3.58 17.81 224.11  16.93  2  1.18  5.51 197.55  32.77  3.38 17.81 226.76  10.65
19830523 090000  6.3 153.4  3.55 17.47 224.56  15.67  3  1.00  5.61 197.12  33.01  3.40 17.47 226.28   9.69  0.21 13.58 309.68  10.89
19830523 120000  6.9 169.2  3.48 17.25 224.66  14.85  3  0.86  5.62 194.61  31.64  3.37 17.25 226.02   9.79  0.22 13.56 308.62  10.98
19830523 150000  6.8 179.4  3.37 16.68 224.44  14.73  2  3.37 16.68 224.21  13.92  0.21 13.55 308.14  11.02
19830523 180000  8.9 185.3  3.27 16.44 223.72  15.24  3  0.94  4.89 196.65  27.37  3.13 16.44 225.60  10.05  0.20 13.54 308.13  10.99
19830523 210000  8.9 191.2  3.16 16.27 222.92  16.15  3  1.14  5.05 202.31  27.46  2.94 16.27 225.42  10.16  0.18 13.53 308.58  11.05
19830524 000000  6.1 189.1  2.99 16.09 222.78  16.79  3  1.19  5.41 206.30  28.90  2.74 16.09 225.31  10.34  0.16 13.49 309.14  11.05
19830524 030000  6.7 160.8  2.76 15.62 223.02  17.20  2  1.08  5.58 206.89  30.72  2.54 15.62 225.55  11.48
19830524 060000  6.7 145.4  2.53 15.40 223.33  17.71  3  0.96  5.64 206.54  32.68  2.33 15.40 225.49  10.95  0.15 12.78 308.32  10.89
19830524 090000  5.8 157.7  2.33 15.26 223.57  18.06  3  0.86  5.70 204.70  32.84  2.16 15.26 225.77  11.26  0.15 12.70 307.35  10.76
19830524 120000  7.3 168.8  2.19 15.19 223.42  18.96  3  0.80  5.63 198.86  32.32  2.03 15.19 226.23  11.56  0.16 12.68 306.70  10.68
19830524 150000  4.3 172.3  2.12 15.24 223.84  18.78  3  0.79  5.52 200.06  31.14  1.96 15.24 226.69  11.55  0.16 12.67 305.65  11.45
19830524 180000  4.8 217.5  2.10 15.31 225.37  16.87  4  0.73  5.46 206.54  29.17  1.83 15.31 226.36  11.51  0.71 19.08 233.10   8.59  0.16 12.66 306.05  10.92
19830524 210000  5.5 210.0  2.14 15.11 226.54  15.51  3  2.01 15.11 225.30  14.95  0.70 19.09 234.07   9.25  0.15 12.64 305.90  11.31
19830525 000000  3.8 212.3  2.18 14.64 227.47  14.64  3  1.88 14.64 226.53  15.02  1.09 17.85 229.33   9.72  0.14 12.61 306.29  10.94
19830525 030000  7.1 208.7  2.22 14.48 227.93  14.32  3  1.91 14.48 226.58  14.98  1.14 17.66 230.90   8.49  0.13 12.54 306.48  10.91
19830525 060000  8.4 196.1  2.30 16.70 227.58  15.44  2  1.88 14.23 226.72  17.47  1.33 16.84 229.24  10.02
19830525 090000  5.5 173.4  2.36 16.45 227.89  16.16  3  2.00 14.11 227.38  17.43  1.25 16.74 228.62  10.08  0.12 11.96 306.45  10.61
19830525 120000  6.2 201.2  2.41 15.70 229.20  14.62  3  1.88 13.56 230.00  16.29  1.50 15.95 227.58   9.75  0.13 11.89 306.15  10.59
19830525 150000  6.4 188.8  2.48 15.46 229.61  14.41  3  1.98 13.69 230.03  15.89  1.48 15.76 228.45   9.48  0.13 11.86 305.85  10.68
19830525 180000  8.7 207.6  2.58 15.20 229.43  14.73  3  0.74  3.77 211.45  29.45  2.46 15.20 230.71  10.85  0.13 11.84 306.26  10.38
19830525 210000  6.7 193.3  2.62 14.60 229.20  15.92  3  0.83  4.26 211.05  31.37  2.48 14.60 230.80  11.18  0.13 11.82 306.21  10.44
19830526 000000  4.5 196.9  2.57 14.52 229.90  15.16  3  0.66  4.20 209.92  33.15  2.48 14.52 230.95  11.51  0.12 11.81 307.92   9.11
19830526 030000  7.6 204.0  2.60 14.67 229.96  15.13  3  0.66  3.95 207.27  29.77  2.52 14.67 231.17  11.92  0.12 11.79 308.24   9.18
19830526 060000 10.8 191.3  2.79 15.44 228.21  18.21  2  1.04  4.53 204.46  28.40  2.59 15.44 231.58  12.81
19830526 090000  8.0 199.9  2.90 15.31 228.57  18.69  1  2.90 15.31 228.57  18.69
19830526 120000  9.9 187.6  2.98 15.05 228.48  18.88  1  2.98 15.05 228.48  18.88
19830526 150000  6.0 194.9  3.01 14.68 228.76  18.01  1  3.01 14.68 228.76  18.01
19830526 180000  9.5 210.1  3.06 14.55 228.48  17.15  1  3.06 14.55 228.48  17.15
19830526 210000 10.5 203.4  3.16 14.49 227.14  17.98  1  3.16 14.49 227.14  17.98
19830527 000000  5.1 195.2  3.12 14.43 226.80  18.50  1  3.12 14.43 226.80  18.50
19830527 030000  7.2 196.2  2.93 14.33 227.44  17.51  1  2.93 14.33 227.44  17.51
19830527 060000  8.2 192.4  2.76 14.24 227.08  17.18  1  2.76 14.24 227.08  17.18
19830527 090000  7.8 195.2  2.62 14.14 226.49  17.26  1  2.62 14.14 226.49  17.26
19830527 120000  4.2 182.3  2.47 14.05 226.81  16.50  2  2.47 14.05 226.81  16.50  0.06 23.42 219.63   7.01
19830527 150000  0.8 341.9  2.31 13.75 227.31  15.29  1  2.31 13.75 227.31  15.29
19830527 180000  6.0 251.3  2.26 13.52 227.66  14.57  1  2.26 13.52 227.66  14.57
19830527 210000  6.8 190.4  2.46 13.40 226.53  14.86  1  2.46 13.40 226.53  14.86
19830528 000000  7.9 173.7  2.95 13.52 225.26  16.30  2  0.63  3.60 194.46  31.32  2.88 13.52 226.49  13.86
19830528 030000  9.3 172.0  3.45 15.02 224.29  17.66  1  3.45 15.02 224.29  17.66
19830528 060000  9.9 176.4  3.77 15.31 224.04  17.92  1  3.77 15.31 224.04  17.92
19830528 090000 10.6 174.2  3.97 15.37 223.53  18.48  1  3.97 15.37 223.53  18.48
19830528 120000  9.2 179.2  4.02 15.33 223.71  17.96  1  4.02 15.33 223.71  17.96
19830528 150000  8.2 182.5  4.00 15.28 224.14  16.76  1  4.00 15.28 224.14  16.76
19830528 180000  9.6 196.9  3.97 15.28 224.09  15.86  1  3.97 15.28 224.09  15.86
19830528 210000 11.0 198.8  3.98 15.53 223.38  16.05  2  1.34  5.30 207.54  28.60  3.75 15.53 225.17  12.45
19830529 000000  6.7 200.1  3.92 16.17 223.03  16.47  1  3.92 16.17 223.03  16.47
19830529 030000  9.5 187.0  3.75 16.12 222.75  16.26  1  3.75 16.12 222.75  16.26
19830529 060000  9.6 177.0  3.57 15.73 221.80  17.14  1  3.57 15.73 221.80  17.14
19830529 090000  8.4 175.7  3.36 15.48 221.23  17.49  1  3.36 15.48 221.23  17.49
19830529 120000 10.5 172.0  3.18 15.35 220.20  18.59  1  3.18 15.35 220.20  18.59
19830529 150000  9.5 178.3  3.05 15.24 218.81  19.87  2  1.13  4.82 186.76  30.59  2.84 15.24 223.06  12.44
19830529 180000 10.6 202.3  2.94 15.10 219.13  18.58  3  1.21  4.90 201.45  31.44  2.68 15.10 222.09  11.70  0.13 16.56 303.04  10.51
19830529 210000 11.3 197.5  2.93 14.73 218.85  19.13  3  1.42  5.17 209.43  30.91  2.55 14.72 221.20  11.74  0.14 16.53 303.31  10.48
19830530 000000  9.7 192.0  2.83 14.46 218.54  19.48  2  2.82 14.46 218.37  19.05  0.15 16.51 302.45  11.58
19830530 030000  8.2 191.1  2.76 14.35 218.97  18.97  2  2.75 14.34 218.76  18.46  0.16 16.48 302.32  11.54
19830530 060000  9.5 191.7  2.71 14.33 218.88  18.88  2  2.70 14.32 218.67  18.35  0.16 16.39 302.34  11.71
19830530 090000  6.6 167.2  2.64 14.38 219.28  18.93  2  2.64 14.37 219.06  18.38  0.16 16.04 302.42  11.73
19830530 120000  6.4 174.7  2.54 14.38 220.50  18.23  2  2.54 14.37 220.25  17.58  0.17 15.55 302.49  11.70
19830530 150000  6.5 165.1  2.46 14.28 221.37  18.25  2  2.45 14.26 221.08  17.52  0.17 15.45 302.36  11.74
19830530 180000  9.1 206.6  2.42 14.03 222.22  18.02  2  2.42 14.01 221.90  17.20  0.18 15.41 302.20  11.89
19830530 210000  7.9 210.2  2.41 13.85 223.78  18.23  2  2.40 13.83 223.43  17.37  0.19 15.40 302.01  12.07
19830531 000000  8.5 213.6  2.35 13.88 225.23  18.53  2  2.34 13.86 224.83  17.62  0.19 15.39 302.07  12.12
19830531 030000  6.3 208.4  2.29 14.02 226.70  18.94  3  2.28 13.98 226.27  17.99  0.19 15.35 302.90  12.31  0.05 17.79 294.61   9.51
19830531 060000  5.3 189.5  2.21 14.20 228.27  19.00  3  2.20 14.16 227.81  18.00  0.19 15.25 303.34  12.38  0.06 17.77 298.53  11.15
19830531 090000  1.9 149.2  2.13 14.25 230.04  18.63  3  2.03 14.22 229.32  18.17  0.64 17.94 231.61   8.99  0.20 14.78 303.57  12.25
19830531 120000  0.2  84.2  2.07 14.23 231.86  18.02  3  1.91 14.21 231.07  17.68  0.76 17.93 232.70   8.81  0.21 14.50 303.79  12.39
19830531 150000  2.5 250.3  2.03 14.19 233.54  17.45  3  1.77 14.14 232.95  17.54  0.97 17.06 232.72   9.02  0.22 14.42 304.18  12.23
19830531 180000  6.5 246.7  2.03 14.09 235.11  17.19  3  1.70 14.00 234.57  17.59  1.08 17.03 233.92   8.65  0.23 14.38 303.96  12.42
19830531 210000  4.8 290.4  2.04 16.87 236.37  17.77  4  1.59 13.64 236.76  19.08  1.26 16.90 233.71   9.11  0.23 14.36 304.56  12.42  0.09 16.68 296.99  12.89
19830601 000000  4.6 333.4  2.04 16.58 237.16  18.93  4  1.47 13.34 237.91  22.00  1.39 16.58 234.58   9.10  0.23 14.34 304.48  12.50  0.11 16.59 299.49  14.51
