Date     Time   Uabs UDir  hs    tp    th     sp     np hs(i) tp(i) th(i)  sp(i)
19980101 000000  9.5 199.6  2.23 17.79 220.69  34.07  5  1.77  6.09 211.65  26.32  1.11 11.04 216.46  11.25  0.55 17.80 298.14  13.17  0.50 13.81 309.71  11.30  0.26 13.66 215.05   6.12
19980101 030000 10.6 190.5  2.24 17.72 220.67  34.96  4  2.09 10.93 212.81  24.32  0.58 17.72 298.71  12.83  0.49 13.64 310.10  11.37  0.27 13.76 214.81   5.62
19980101 060000 10.2 187.1  2.23 17.61 220.14  35.81  6  1.86  6.74 210.66  27.47  0.90 10.82 216.75  11.41  0.60 17.62 299.55  12.84  0.47 13.54 310.10  11.34  0.35 13.45 216.88   5.74  0.06 21.78 310.09   9.60
19980101 090000  9.8 185.5  2.19 17.43 220.52  35.91  5  1.84  6.89 211.11  27.48  0.84 10.69 216.88  11.40  0.59 17.43 299.86  13.05  0.46 13.49 310.09  11.34  0.40 13.18 216.78   7.45
19980101 120000 10.1 188.8  2.14 16.94 221.02  35.44  5  1.81  7.00 212.09  27.08  0.78 10.50 217.18  11.93  0.57 16.95 299.18  13.44  0.45 13.46 310.02  11.39  0.39 12.94 217.19   6.98
19980101 150000 11.0 205.1  2.21 16.71 221.25  33.75  5  2.05  6.99 214.30  24.61  0.55 16.72 297.80  13.71  0.44 13.43 310.02  11.48  0.43 12.74 214.95   8.74  0.10 20.40 306.64   9.33
19980101 180000 12.8 206.3  2.57  7.03 220.40  31.03  4  2.47  7.03 215.38  23.46  0.57 16.62 297.21  13.48  0.42 13.40 310.11  11.73  0.10 20.39 306.26   9.39
19980101 210000 13.6 205.3  2.89  7.48 219.35  30.55  4  2.80  7.48 215.18  24.29  0.61 16.57 297.50  13.31  0.40 13.35 310.34  11.75  0.10 20.39 306.61   9.19
19980102 000000  9.9 202.3  2.82  7.84 219.45  31.68  5  2.68  7.84 214.87  25.50  0.64 16.52 298.11  13.28  0.42 12.08 215.55   7.89  0.38 13.28 310.80  11.46  0.08 18.79 224.52   8.67
19980102 030000 10.8 192.1  2.57  7.81 219.11  32.79  6  2.42  7.81 213.74  25.83  0.61 16.46 297.95  13.39  0.44 11.88 215.58   7.09  0.36 13.10 311.06  11.15  0.15 19.17 308.57  10.12  0.11 18.58 223.76   8.23
19980102 060000 11.8 187.1  2.48  7.68 216.67  32.89  5  2.38  7.68 211.66  25.67  0.56 16.32 298.02  13.71  0.35 12.81 311.34  11.16  0.16 19.10 307.45  10.48  0.13 17.94 223.45   7.98
19980102 090000  8.9 183.1  2.33  7.70 217.27  32.72  5  2.23  7.70 212.35  25.70  0.50 15.82 298.26  14.42  0.34 12.69 311.29  10.66  0.17 17.80 223.31   7.99  0.16 19.09 305.26  10.03
19980102 120000  8.8 179.3  2.13  7.65 219.19  32.93  5  2.03  7.64 213.58  25.27  0.50 15.58 298.25  14.25  0.32 12.64 311.52  11.16  0.21 17.64 224.09   8.18  0.15 19.09 304.70  10.38
19980102 150000 10.4 204.6  2.08 15.55 220.24  32.78  5  1.97  7.43 214.00  24.36  0.52 15.51 297.74  13.93  0.31 12.60 311.82  10.72  0.27 16.97 224.22   8.22  0.17 18.81 305.91   9.76
19980102 180000 12.3 204.8  2.34 15.56 219.59  30.94  5  2.23  7.02 214.33  23.47  0.55 15.48 297.37  13.76  0.34 16.67 223.62   8.21  0.30 12.57 311.48  11.18  0.19 18.31 306.77   9.93
19980102 210000 13.7 204.3  2.74  7.30 218.09  29.73  5  2.63  7.30 214.15  24.19  0.56 15.45 297.11  13.89  0.41 16.55 224.23   8.57  0.28 12.52 311.74  11.03  0.21 18.00 305.63  10.06
19980103 000000 13.8 195.1  3.00  7.75 215.97  29.67  5  2.90  7.75 212.79  25.44  0.53 15.42 296.73  14.12  0.47 16.19 224.67   8.68  0.27 12.47 311.27  11.49  0.23 17.92 305.79  11.24
19980103 030000 11.8 188.9  2.88  7.92 215.28  29.99  6  2.72  7.92 211.69  26.57  0.59 15.57 224.28   9.21  0.48 15.37 296.88  14.95  0.47 12.05 223.47   8.57  0.25 12.37 311.53  11.53  0.23 17.91 304.63  11.79
19980103 060000 10.3 187.1  2.67  7.90 216.77  29.32  7  2.48  7.90 212.88  26.27  0.66 15.43 225.68  10.33  0.53 12.57 224.60   8.14  0.33 15.16 289.18  10.04  0.25 15.03 314.39   7.16  0.24 12.12 311.96  10.41  0.23 17.85 303.54  11.59
19980103 090000  8.7 185.8  2.52  7.95 220.23  28.00  7  2.04  7.95 212.36  26.62  1.04  9.92 230.24  12.10  0.87 15.19 225.52  10.45  0.38 14.63 299.27  14.08  0.34 12.02 228.72   4.83  0.25 17.65 305.34  11.95  0.21 11.88 314.65   8.47
19980103 120000  7.8 193.8  2.47 14.48 223.91  26.17  6  1.85  8.20 215.87  25.84  1.13 14.45 226.68  10.95  1.07  9.80 230.86  11.71  0.37 14.50 299.50  13.62  0.27 17.46 305.28  11.39  0.19 11.78 315.34   8.47
19980103 150000  7.9 211.1  2.47 14.35 226.55  24.55  5  2.02  9.02 222.32  22.77  1.33 14.28 227.76  11.00  0.39 14.47 299.24  13.50  0.27 17.22 304.77  11.60  0.18 11.76 314.74   8.56
19980103 180000  9.4 218.0  2.56 14.26 227.86  23.53  5  1.87  8.38 221.97  22.95  1.67 14.14 229.71  12.11  0.39 14.46 299.37  13.88  0.28 17.08 302.98  11.21  0.17 11.74 314.63   8.70
19980103 210000 10.1 208.4  2.69 14.10 227.41  23.72  5  2.00  8.20 221.52  23.87  1.74 13.45 230.11  12.05  0.39 14.45 299.54  14.02  0.28 16.93 302.09  11.47  0.16 11.72 314.29   9.36
19980104 000000 11.2 193.5  2.81 13.42 225.27  24.91  5  2.17  8.06 219.30  25.57  1.72 13.25 229.65  12.15  0.37 14.43 299.85  14.77  0.27 16.81 301.38  11.97  0.14 11.62 314.26   8.88
19980104 030000 10.4 191.5  2.88 13.31 223.69  25.28  5  2.27  8.10 218.39  26.57  1.71 13.23 228.37  11.26  0.28 14.33 293.06  10.88  0.27 16.70 301.40  11.95  0.22 14.52 318.96   4.89
19980104 060000  8.8 188.9  2.90 13.25 223.87  24.56  5  2.32  8.49 219.46  25.77  1.68 13.19 227.94  11.42  0.29 16.57 303.30  12.45  0.23 14.11 291.35  10.40  0.21 14.34 316.52   8.02
19980104 090000  7.0 195.5  2.87 13.15 225.04  23.08  6  2.14  8.81 220.79  24.94  1.87 12.97 227.46  12.44  0.31 16.50 306.31  12.45  0.25 13.61 297.60  15.77  0.08 19.00 316.29   7.28  0.06 23.37 314.67   7.88
19980104 120000  6.1 173.7  2.81 12.85 225.68  21.93  5  2.78 12.71 224.46  19.44  0.28 16.40 302.34  11.72  0.27 13.59 304.55  14.92  0.08 19.00 316.52   7.33  0.07 23.31 315.46   7.99
19980104 150000  7.0 220.5  2.71 12.81 226.12  20.96  4  2.68 12.70 224.86  18.25  0.29 16.26 302.38  11.81  0.26 13.54 304.90  14.54  0.07 23.21 315.14   8.12
19980104 180000  9.7 217.0  2.73 12.81 225.88  20.67  4  2.70 12.72 224.65  17.98  0.29 15.95 301.37  12.14  0.26 13.53 305.05  14.64  0.08 22.51 314.20   8.01
19980104 210000 10.0 207.7  2.85 12.74 224.68  21.33  5  2.82 12.68 223.53  18.88  0.28 15.76 301.69  12.67  0.26 13.53 305.30  14.75  0.10 21.88 314.60   7.89  0.06 20.37 222.78   8.04
19980105 000000  9.0 192.4  2.99 12.62 223.24  22.31  5  2.96 12.58 222.22  20.18  0.25 13.53 306.25  14.94  0.25 15.63 298.09  11.42  0.13 17.69 316.11   6.72  0.11 21.80 315.39   7.95
19980105 030000  9.0 198.5  3.06 12.47 222.54  22.43  6  3.04 12.45 221.63  20.54  0.25 15.61 300.18  12.29  0.23 13.55 306.48  14.82  0.12 19.05 222.39   7.57  0.11 21.74 315.58   8.10  0.10 17.75 319.48   4.97
19980105 060000 10.2 197.3  3.15 12.20 221.89  22.34  5  3.13 12.14 221.13  20.73  0.32 15.50 303.90  13.56  0.16 18.42 222.38   7.39  0.12 21.52 314.44   8.20  0.11 17.63 316.01   6.31
19980105 090000  8.6 189.6  3.27 11.64 221.81  22.26  4  3.24 11.63 221.13  20.83  0.32 15.51 305.19  13.33  0.20 17.90 221.94   7.79  0.14 20.58 314.03   8.03
19980105 120000 11.4 183.4  3.39 10.51 220.84  23.01  4  3.36 10.51 220.22  21.77  0.30 15.55 305.94  13.48  0.28 17.44 221.52   8.09  0.16 20.41 314.62   8.01
19980105 150000 10.5 205.3  3.35 10.44 221.08  22.79  5  2.88 10.09 217.81  23.09  1.65 11.87 228.13  13.25  0.32 16.82 220.73   7.34  0.30 15.57 305.83  13.80  0.16 20.36 315.12   8.11
19980105 180000 12.2 213.2  3.41  9.87 221.28  22.45  4  3.37  9.87 220.72  21.37  0.40 16.59 221.51   8.21  0.29 14.90 305.93  14.43  0.15 20.27 314.58   8.42
19980105 210000 14.4 203.4  3.79  9.33 219.30  24.00  5  3.74  9.33 218.82  23.27  0.51 15.99 220.60   9.01  0.27 14.75 301.90  16.86  0.16 19.87 313.37   8.38  0.09 16.59 319.45   4.97
19980106 000000 10.9 195.9  3.83  9.45 218.19  25.19  5  3.76  9.45 217.61  24.61  0.65 15.63 221.69   8.88  0.24 14.72 301.89  13.72  0.18 19.19 313.29   8.22  0.13 12.63 318.60  11.63
19980106 030000 11.5 187.5  3.60  9.55 217.71  25.17  4  3.50  9.55 217.05  24.70  0.81 15.41 219.82   9.02  0.27 14.81 305.73  16.10  0.19 19.08 313.76   8.30
19980106 060000 11.7 186.1  3.44  9.45 217.09  24.88  4  3.26  9.45 216.21  24.79  1.05 15.13 219.65   8.88  0.26 14.90 307.73  15.19  0.18 19.03 313.95   8.52
19980106 090000 10.8 180.9  3.39  9.41 217.04  24.38  4  3.14  9.40 216.12  24.74  1.24 14.63 219.06   9.14  0.25 14.94 308.47  15.08  0.18 18.92 313.15   8.79
19980106 120000  9.2 191.7  3.32 14.41 218.25  23.07  5  2.96  9.52 217.37  24.06  1.46 14.41 219.30   8.99  0.21 14.89 306.77  11.80  0.18 18.44 311.96   8.83  0.10 11.77 328.58   7.22
19980106 150000 10.1 201.3  3.24 14.25 219.33  21.63  4  2.78  9.64 218.84  23.62  1.65 14.25 219.62   9.57  0.20 17.94 311.98   8.70  0.09 11.56 329.70   6.89
19980106 180000 12.3 208.9  3.39 14.11 219.16  20.98  4  2.88  9.29 218.90  22.99  1.78 14.11 218.92  10.14  0.20 17.85 312.56   8.81  0.09 11.35 329.80   6.80
19980106 210000 13.8 204.3  3.76 13.95 218.28  21.71  4  3.75 13.91 217.93  20.84  0.19 14.33 302.99  16.01  0.19 17.80 312.81   8.90  0.09 11.20 329.81   6.75
19980107 000000  9.4 201.0  3.85  9.15 217.95  22.89  5  3.33  9.15 216.79  24.70  1.93 13.70 219.93  11.19  0.19 14.34 305.02  14.87  0.18 17.70 311.97   9.22  0.09 11.10 329.96   6.70
19980107 030000  7.7 190.5  3.55 13.55 219.22  22.55  5  3.00  9.37 218.06  24.54  1.88 13.54 220.68  11.19  0.19 14.33 305.80  15.08  0.19 17.33 310.62   9.33  0.09 11.00 330.06   6.68
19980107 060000  6.2 192.4  3.23 13.44 220.51  21.54  4  2.48  9.36 218.92  24.42  2.05 13.42 221.66  12.33  0.20 16.82 310.30   9.37  0.19 14.29 313.10  14.90
19980107 090000  5.6 183.3  2.99 13.33 221.30  20.55  3  2.97 13.32 220.81  19.26  0.20 16.71 310.84   9.52  0.18 14.14 313.45  15.43
19980107 120000  4.3 184.4  2.81 13.17 221.75  19.70  4  2.79 13.16 221.23  18.24  0.20 16.67 311.44   9.61  0.15 13.73 306.05  15.23  0.09 10.57 331.02   6.68
19980107 150000  3.9 240.3  2.66 12.79 222.30  19.01  4  2.65 12.77 221.76  17.44  0.19 16.61 311.34   9.89  0.15 13.58 306.27  14.97  0.09 10.50 331.30   6.65
19980107 180000  7.8 236.1  2.56 12.61 223.33  18.91  4  2.55 12.60 222.75  17.24  0.19 16.48 310.00  10.11  0.15 13.53 307.20  15.05  0.09 10.49 331.52   6.62
19980107 210000  5.4 210.2  2.47 12.50 223.65  19.19  3  2.46 12.49 223.00  17.35  0.20 15.97 308.77  10.10  0.17 13.51 314.12  16.65
19980108 000000  4.9 175.7  2.36 12.40 223.56  19.20  3  2.35 12.39 222.82  17.11  0.20 15.71 308.04  10.89  0.17 13.48 315.25  16.61
19980108 030000  4.7 178.5  2.26 12.26 223.27  19.19  4  2.25 12.22 222.49  16.93  0.20 15.63 308.22  11.19  0.14 13.47 313.05  14.01  0.08 10.71 331.74   6.76
19980108 060000  5.1 185.3  2.20 11.81 223.15  18.81  4  2.19 11.80 222.39  16.51  0.20 15.60 308.41  11.54  0.13 13.42 314.07  14.07  0.08 10.32 332.39   6.15
19980108 090000  5.1 186.6  2.19 11.60 222.90  18.48  3  2.17 11.59 222.16  16.21  0.23 15.55 310.46  13.35  0.07 10.12 332.14   6.53
19980108 120000  3.1 166.6  2.15 11.49 222.71  18.37  4  2.13 11.48 221.94  16.00  0.23 15.51 309.80  13.68  0.07 10.11 332.12   6.38  0.06 20.43 229.40   7.08
19980108 150000  3.6 279.0  2.04 11.46 223.03  18.53  5  2.02 11.39 222.04  15.78  0.21 15.37 306.22  11.35  0.16 15.99 233.62   9.43  0.14 12.58 322.15  13.59  0.10 20.11 228.88   6.60
19980108 180000  4.9 266.8  1.93 11.13 224.09  19.15  5  1.89 11.07 222.82  15.96  0.22 14.84 305.21  11.77  0.19 15.76 234.34  10.78  0.15 12.61 320.78  15.08  0.14 19.21 228.97   7.58
19980108 210000  4.4 243.8  1.84 10.97 224.95  19.46  6  1.79 10.94 223.41  15.90  0.23 15.49 233.98   9.31  0.20 18.90 228.76   6.97  0.18 14.64 310.43   9.23  0.15 12.58 322.68  13.44  0.14 16.60 295.70   9.75
19980109 000000  3.1 185.5  1.77 10.86 225.37  19.41  7  1.70 10.83 223.65  15.67  0.28 18.01 228.06   6.83  0.27 15.02 232.63   7.78  0.18 14.58 311.58   8.48  0.14 16.58 294.57   9.81  0.11 12.64 312.56  11.99  0.10 11.06 332.85   5.43
19980109 030000  3.1 188.4  1.71 10.80 225.68  19.28  8  1.61 10.78 223.53  15.37  0.39 17.71 228.84   7.60  0.32 14.27 232.99   7.89  0.16 14.50 312.34   8.74  0.15 16.47 296.08  10.75  0.11 12.64 309.68  14.62  0.11 11.02 332.91   5.14  0.05 19.20 305.76   8.25
19980109 060000  4.5 166.9  1.65 10.80 225.88  19.48  7  1.53 10.79 223.47  15.60  0.46 16.87 228.82   7.69  0.33 14.37 233.06   6.98  0.19 14.45 311.91  10.35  0.16 16.31 294.99  11.52  0.11 10.94 332.70   5.37  0.06 19.19 305.59   8.50
19980109 090000  4.3 186.5  1.61 16.59 226.19  19.87  4  1.50 10.81 223.90  15.75  0.52 16.69 229.38   7.90  0.25 14.80 303.66  13.47  0.12 10.82 332.08   5.51
19980109 120000  6.0 206.2  1.61 15.88 226.36  20.13  4  1.45 10.74 223.59  16.11  0.63 15.99 229.42   8.29  0.26 15.19 303.07  13.25  0.12 10.54 331.93   5.55
19980109 150000  5.7 210.5  1.66 15.56 226.08  20.32  5  1.48 11.64 223.03  16.52  0.69 15.60 229.62   8.08  0.25 15.32 302.00  13.20  0.12 10.48 330.20   7.27  0.10 17.84 306.11   8.09
19980109 180000  6.1 222.5  1.76 15.38 225.70  20.63  6  1.56 11.55 222.54  17.37  0.76 15.38 229.79   8.49  0.19 15.50 293.53  10.69  0.18 13.78 310.56   9.06  0.13 11.61 329.95   7.36  0.10 17.90 305.87   8.52
19980109 210000  6.3 219.3  1.80 14.79 225.59  21.04  6  1.58 11.07 222.11  18.06  0.80 14.76 230.38   8.46  0.21 15.46 296.09  11.13  0.16 13.58 310.62   9.57  0.13 11.59 330.10   7.08  0.10 17.91 305.27   8.73
19980110 000000  4.9 197.7  1.77 14.56 225.73  21.33  5  1.53 10.97 221.64  18.20  0.85 14.54 230.89   9.02  0.22 15.44 296.60  11.12  0.20 13.54 319.44  11.91  0.10 17.93 305.37   8.77
19980110 030000  6.6 207.0  1.74 14.36 226.01  21.56  4  1.45 10.91 221.05  18.34  0.91 14.35 231.26   8.91  0.25 15.39 298.77  10.67  0.20 13.53 320.23  10.94
19980110 060000  3.9 179.9  1.71 13.96 226.54  21.69  5  1.42 10.84 221.35  18.21  0.90 13.97 231.84   9.09  0.26 14.33 302.33  12.61  0.14 16.74 306.52   8.21  0.12 10.72 331.82   5.74
19980110 090000  5.2 188.3  1.67 13.70 227.53  21.25  4  1.32 10.76 221.89  17.74  0.98 13.67 231.39   9.83  0.28 14.29 307.36  16.50  0.16 16.66 306.23   7.88
19980110 120000  7.5 176.2  1.67 13.52 226.74  22.73  4  1.64 13.49 224.52  17.88  0.26 14.35 301.99  12.57  0.15 16.67 306.03   8.11  0.12 10.35 331.43   6.04
19980110 150000  7.4 210.2  1.69 13.36 226.83  22.88  4  1.66 13.33 224.58  18.04  0.27 14.45 302.11  12.00  0.14 16.73 306.41   8.43  0.12 10.32 331.24   6.17
19980110 180000  9.9 215.8  1.89 13.18 226.43  23.45  3  1.86 13.16 224.51  19.62  0.32 14.54 302.76  11.61  0.12 10.29 331.07   6.28
19980110 210000 10.5 204.2  2.10 12.83 223.62  24.98  4  1.53  5.62 215.99  26.30  1.39 12.81 228.58  11.68  0.33 14.66 302.62  11.50  0.12 10.24 330.74   6.36
19980111 000000  9.8 211.1  2.18 12.63 222.49  25.68  4  1.71  6.32 215.20  26.10  1.31 12.60 229.96  11.03  0.33 14.80 302.95  10.99  0.12  9.95 330.64   6.44
19980111 030000  9.0 198.5  2.21 12.54 221.82  26.08  4  1.81  6.80 215.16  26.12  1.23 12.51 230.58  10.70  0.32 15.01 303.02  11.11  0.11  9.82 330.49   6.54
19980111 060000  8.0 189.4  2.19 12.49 222.43  25.87  3  1.79  7.20 216.15  25.98  1.21 12.47 230.75  10.64  0.33 14.87 306.24  13.76
19980111 090000  7.3 188.1  2.13 12.42 223.52  25.48  4  1.72  7.55 217.18  25.68  1.21 12.39 230.96  10.64  0.32 14.29 303.67  11.43  0.10  9.80 331.43   5.46
19980111 120000  9.0 188.6  2.08 12.10 224.19  25.39  4  1.71  7.92 218.11  24.70  1.12 12.01 232.09  11.07  0.33 14.28 303.84  11.76  0.10  9.91 331.71   5.52
19980111 150000  9.1 210.8  2.10 11.82 224.67  24.84  4  1.74  8.19 218.91  23.76  1.12 11.79 232.31  11.50  0.33 14.26 304.04  11.42  0.09 10.05 331.49   5.67
19980111 180000 10.7 215.4  2.26 11.76 224.96  24.15  5  2.02  8.20 221.57  22.72  0.94 11.74 232.04  11.10  0.33 14.22 303.92  11.20  0.09 10.07 331.28   5.84  0.05 21.58 302.97  10.83
19980111 210000 10.4 208.9  2.40  7.83 224.04  24.89  5  2.21  7.82 221.18  23.75  0.88 11.74 232.32  10.54  0.32 14.10 303.85  10.89  0.09 10.03 330.92   5.94  0.06 21.15 302.58  11.24
19980112 000000  9.8 204.5  2.37  7.79 223.18  25.72  5  2.17  7.79 220.42  24.93  0.89 11.72 230.39  10.07  0.32 13.79 303.63  11.12  0.08  9.71 331.02   6.03  0.07 20.55 303.64  11.40
19980112 030000  7.3 192.9  2.26  7.75 222.88  26.05  5  2.06  7.74 219.88  25.18  0.87 11.64 230.07   9.87  0.31 13.62 303.94  10.81  0.08  9.62 330.90   6.15  0.07 20.39 304.73  11.67
19980112 060000  5.0 189.6  2.10  7.79 224.21  25.45  5  1.82  7.79 220.20  24.77  1.00 11.36 230.03  10.09  0.32 13.55 304.62  10.47  0.08  9.57 330.81   6.21  0.07 20.33 304.87  11.59
19980112 090000  4.7 191.4  1.99 11.12 225.43  24.57  5  1.70  8.07 221.21  23.08  0.97 11.13 230.25  10.75  0.33 13.53 305.23  10.22  0.09 20.29 303.74  11.39  0.08  9.53 330.70   6.32
19980112 120000  5.5 174.3  1.94 11.01 225.75  23.94  6  1.58  8.60 221.31  22.56  1.00 10.99 229.54  11.28  0.35 13.94 222.92   8.08  0.33 13.50 305.45  10.34  0.10 20.20 302.48  11.73  0.08  9.44 331.34   5.50
19980112 150000  5.3 231.7  1.89 10.95 226.30  23.10  6  1.51  8.75 221.95  21.49  1.02 10.93 228.91  10.98  0.32 13.47 305.75  10.04  0.32 13.72 225.31   9.65  0.11 19.95 302.44  12.46  0.07  9.20 332.02   4.95
19980112 180000  8.3 226.0  1.90 10.92 227.03  22.75  6  1.52  8.74 223.04  21.68  0.96 10.91 229.76  10.05  0.50 13.53 225.45   8.28  0.31 13.37 305.55  10.49  0.11 19.31 301.53  12.15  0.07  9.09 331.96   4.96
19980112 210000  9.1 208.5  2.02 12.74 225.04  23.80  7  1.65  8.23 220.65  23.31  0.87 10.79 229.76  10.71  0.69 12.79 227.37   8.29  0.29 12.95 306.04  10.26  0.13 19.05 303.52  12.83  0.11 15.65 298.42   9.91  0.07  9.03 331.88   5.03
19980113 000000  6.8 200.6  2.11 12.61 223.49  25.26  7  1.76  7.39 218.93  25.20  0.97 10.99 229.48   9.42  0.55 13.04 224.72   8.45  0.28 12.74 305.04  11.26  0.14 19.02 303.22  12.07  0.13 15.60 302.90  12.63  0.07  8.99 331.75   5.13
19980113 030000  6.1 204.7  2.06 12.50 223.78  25.87  6  1.73  7.42 219.17  25.26  1.05 12.39 228.47   8.99  0.29 12.69 306.03   9.91  0.16 18.99 303.49  12.17  0.13 15.61 302.45  12.75  0.07  8.93 331.68   5.18
19980113 060000  7.4 192.0  1.92 12.34 224.40  26.24  6  1.55  7.36 218.53  25.49  1.07 11.99 228.68   8.93  0.30 12.68 306.58   9.97  0.17 18.96 301.70  12.41  0.14 15.63 304.10  12.09  0.07  8.84 331.63   5.23
19980113 090000  7.1 187.4  1.78 12.06 224.66  27.12  5  1.28  7.15 215.11  27.33  1.17 11.83 229.00   9.73  0.31 12.67 306.81   9.68  0.22 18.86 302.40  13.00  0.06  8.68 331.57   5.28
19980113 120000  8.0 186.3  1.65 11.84 225.59  27.44  5  1.09  6.73 214.21  28.79  1.18 11.70 228.35   9.99  0.31 12.65 306.30  10.22  0.21 18.60 303.04  13.32  0.06  8.59 331.92   5.24
19980113 150000  8.3 212.4  1.59 11.65 226.22  27.25  4  1.54 11.55 222.71  21.34  0.32 12.60 306.36  10.21  0.19 17.89 301.66  13.90  0.06  8.55 331.75   5.35
19980113 180000  8.9 216.5  1.64 11.53 226.65  27.26  5  1.60 11.40 223.27  21.72  0.27 12.49 307.27   9.57  0.19 17.83 298.74  12.04  0.18 15.10 305.89  13.19  0.06  8.54 331.56   5.48
19980113 210000  8.6 200.4  1.57 11.41 226.58  29.32  6  1.14  5.17 217.43  28.88  1.01 11.20 228.22   9.46  0.26 12.17 307.46   9.72  0.23 17.77 301.05  12.44  0.19 15.09 305.74  12.76  0.06  8.52 331.40   5.61
19980114 000000  7.8 199.3  1.47 11.21 226.24  31.61  6  1.06  5.03 214.40  29.88  0.92 11.05 228.41   9.32  0.26 12.01 308.10   9.78  0.26 17.75 300.85  12.64  0.20 15.21 307.18  12.86  0.06  8.45 331.27   5.73
19980114 030000  8.3 189.1  1.40 11.08 224.75  33.67  7  1.03  4.82 210.74  30.17  0.84 10.94 228.75   9.61  0.26 17.72 299.97  13.10  0.26 11.95 307.98   9.45  0.21 15.22 310.13  12.39  0.06 16.86 224.19   7.93  0.05  8.33 331.68   5.09
19980114 060000  9.3 189.9  1.38 11.05 221.82  35.03  7  1.07  4.76 207.54  29.88  0.76 10.90 229.23   9.49  0.26 11.92 308.31   9.49  0.25 17.64 298.13  13.28  0.21 15.12 311.11  12.09  0.08 16.59 223.15   7.88  0.05  8.25 331.60   5.15
19980114 090000  7.7 189.0  1.34 11.06 222.81  35.56  6  1.03  4.89 208.18  30.63  0.74 10.93 229.56   9.27  0.26 17.38 298.75  13.60  0.25 11.89 308.33   9.43  0.20 14.49 311.52  12.24  0.09 16.57 223.34   8.35
19980114 120000  6.7 186.9  1.28 10.93 226.49  35.27  6  0.92  4.86 209.46  30.95  0.77 10.84 230.57   9.25  0.25 11.85 308.43   9.25  0.25 16.79 296.24  13.10  0.24 14.51 310.87  11.48  0.12 16.01 223.26   8.36
19980114 150000  7.2 216.9  1.27 10.55 231.91  33.81  7  0.81  4.74 212.64  30.35  0.86 10.47 231.93   9.83  0.27 14.42 310.66  11.63  0.26 16.66 296.98  12.09  0.24 11.80 309.00   9.77  0.14 15.80 223.01   8.82  0.06 20.53 289.70  11.15
19980114 180000  7.9 219.4  1.36 10.23 234.55  31.99  7  0.87  4.42 217.84  28.08  0.92 10.19 233.47  10.34  0.31 16.61 298.91  12.72  0.28 14.35 310.87  12.03  0.22 11.74 308.56   9.53  0.16 15.69 222.26   9.30  0.07 20.42 289.00   9.63
19980114 210000  9.2 210.3  1.48  9.96 234.06  31.66  7  1.37  9.94 226.86  22.75  0.33 16.59 299.00  12.92  0.29 14.30 311.26  12.26  0.22 15.43 222.51   9.80  0.21 11.66 309.42   9.36  0.08 20.31 289.14   9.31  0.05 20.60 221.02   9.53
19980115 000000  8.7 209.8  1.57 16.51 231.48  32.51 10  1.12  4.90 216.21  28.91  0.94  9.66 236.18  10.86  0.33 16.58 298.54  13.30  0.29 14.21 312.07  11.66  0.28 15.27 221.06   9.03  0.21 11.60 310.06   9.27  0.10 13.36 248.62   5.85  0.09 20.21 289.65   8.80  0.07 23.92 234.12   8.91  0.05 20.32 217.85   6.35
19980115 030000  7.8 174.6  1.55  9.51 230.81  34.01 10  1.06  5.17 212.67  32.24  0.91  9.50 237.95  11.13  0.43 14.78 222.13   9.78  0.31 16.53 297.43  13.59  0.28 13.91 312.95  10.76  0.20 11.54 310.57   9.36  0.11 12.75 250.24   6.59  0.11 19.60 290.08   9.47  0.10 23.36 233.42   8.98  0.05 20.32 217.95   7.26
19980115 060000  7.5 182.4  1.51 13.71 231.14  33.56 11  0.95  5.19 210.78  33.14  0.76  8.97 241.94  11.20  0.57 14.24 221.44   9.10  0.48 10.29 230.04   9.21  0.29 16.39 296.11  13.33  0.28 13.67 313.56   9.89  0.20 11.46 311.10   9.80  0.14 12.73 250.52   6.42  0.13 19.20 289.97   9.66  0.12 23.24 231.61   8.74  0.06 23.31 306.75   8.52
19980115 090000  9.0 182.2  1.62 13.51 227.88  33.22  9  0.96  4.61 204.44  32.83  1.02 11.89 235.94  12.82  0.62 14.25 219.62   8.69  0.29 13.57 313.52   9.63  0.28 15.75 295.22  13.14  0.20 11.33 312.24  10.50  0.19 21.99 230.09   9.32  0.14 19.10 289.76  10.31  0.07 23.28 307.06   8.56
19980115 120000  7.6 177.1  1.75 13.27 227.52  31.97  8  0.95  4.63 202.92  33.72  1.35 12.62 229.58  13.60  0.32 13.49 313.52   9.98  0.31 15.57 295.75  12.83  0.25 21.78 229.58   8.96  0.16 11.02 311.07  10.63  0.15 19.05 290.44   9.97  0.07 23.28 307.67   8.74
19980115 150000  9.0 210.2  1.92 13.30 228.84  28.66  7  1.82 12.57 223.75  21.34  0.35 15.52 297.32  13.10  0.32 13.43 313.12  10.61  0.30 21.59 228.46   8.33  0.18 18.88 290.75   9.63  0.17 11.05 311.45   9.95  0.08 23.01 307.67   8.48
19980115 180000 10.5 212.4  2.31 13.38 229.05  25.98  8  2.12 13.38 225.02  20.68  0.53 17.00 228.36   9.61  0.48 20.34 227.90   9.04  0.38 15.51 297.57  13.57  0.32 13.37 313.04  10.86  0.20 18.45 290.23  10.30  0.16 11.01 311.47   9.84  0.11 21.90 306.15   9.05
19980115 210000 11.0 204.5  2.66 15.43 227.70  25.07  8  1.60  5.69 222.13  29.08  1.97 13.57 226.26  11.34  0.54 20.36 226.34   9.86  0.38 15.50 297.99  13.30  0.31 13.28 313.72   9.92  0.23 17.94 290.33  10.36  0.16 11.01 311.69   9.67  0.14 21.78 305.89   8.81
19980116 000000  7.3 188.9  2.88 15.40 226.39  24.06  9  1.63  6.13 219.65  29.80  1.86 13.90 225.61  11.74  1.06 15.94 226.15   9.46  0.85 19.15 226.58   9.62  0.36 15.49 297.69  13.74  0.31 13.02 313.53  10.60  0.26 17.84 290.48  10.52  0.16 21.76 305.87   8.93  0.15 10.94 311.60   9.44
19980116 030000 10.5 188.7  3.04 15.22 224.77  23.26  7  1.50  6.25 210.59  30.50  2.39 14.99 226.18  11.75  0.99 18.99 226.66   8.82  0.33 15.46 295.88  13.43  0.33 12.80 314.38   9.21  0.28 17.80 290.42  11.13  0.15 21.73 306.18   9.18
19980116 060000 11.2 186.7  3.24 14.70 222.96  23.37  6  2.86 14.63 220.08  21.67  1.41 18.30 225.53   9.28  0.34 15.13 295.88  13.21  0.31 12.66 315.06   8.85  0.27 17.77 289.99  11.02  0.16 21.49 306.53   8.72
19980116 090000 10.8 189.5  3.34 17.55 222.78  23.14  6  2.83 14.19 219.14  22.11  1.68 17.59 226.13   8.81  0.31 14.59 293.73  13.63  0.31 17.50 290.57  10.05  0.31 12.62 315.40   8.50  0.20 20.49 305.35   9.33
19980116 120000  9.7 191.2  3.31 17.38 223.82  22.83  6  1.72  6.51 211.46  30.02  2.77 17.41 225.37  10.05  0.34 16.82 290.83  10.02  0.33 14.50 296.31  13.22  0.29 12.57 315.09   8.66  0.24 20.37 305.04   9.24
19980116 150000 10.0 204.3  3.28 16.74 224.87  22.49  5  3.22 16.78 222.62  18.06  0.37 16.68 291.34   9.99  0.35 14.49 296.07  13.49  0.29 12.54 314.83   8.96  0.26 20.34 304.87   9.39
19980116 180000 13.4 205.0  3.53 16.47 224.19  22.73  5  3.47 16.43 222.15  18.83  0.39 16.63 292.51   9.22  0.36 14.50 296.08  13.62  0.28 12.50 314.67   9.20  0.26 20.29 304.61   9.74
19980116 210000 16.2 200.4  4.12 16.31 220.41  25.45  5  4.07 16.23 218.89  22.93  0.38 16.62 292.57   9.30  0.37 14.51 296.64  13.99  0.26 20.11 304.68   9.73  0.26 12.41 314.58   8.86
19980117 000000 15.1 186.8  4.43 15.97 216.23  27.25  5  3.58  8.50 209.42  28.76  2.53 15.73 224.71   9.52  0.45 14.56 301.38  15.38  0.35 16.61 292.64   9.35  0.29 19.26 304.33   9.79
19980117 030000 16.6 184.3  4.48 15.50 212.57  29.03  3  4.44 15.48 211.26  27.02  0.55 16.31 297.33  14.26  0.33 19.07 304.17   9.76
19980117 060000 12.7 183.6  4.01 15.40 215.72  28.32  4  3.19  8.44 207.24  29.53  2.35 15.37 225.33   9.74  0.54 15.58 296.55  13.96  0.34 19.03 304.15   9.86
19980117 090000 12.8 185.1  3.64 15.32 218.02  27.50  6  2.73  8.28 208.30  29.02  2.33 15.24 225.59  10.26  0.44 15.55 292.66   9.04  0.34 19.01 304.34  10.24  0.27 13.58 297.61  15.80  0.18 11.75 315.42   8.31
19980117 120000 10.1 188.8  3.40 15.22 220.12  26.90  7  2.51  8.23 211.15  28.40  2.21 15.07 225.67  10.37  0.43 15.53 292.61   9.20  0.33 18.91 304.99   9.72  0.28 13.59 295.91  14.69  0.18 11.74 315.46   8.40  0.09 24.01 295.98   9.80
19980117 150000  9.8 201.6  3.19 15.12 222.95  25.58  7  2.21  8.25 214.96  27.51  2.21 14.86 225.23  10.59  0.44 15.50 292.96   9.08  0.35 18.43 304.24  10.23  0.27 13.55 295.34  15.69  0.17 11.73 315.46   8.49  0.11 23.50 295.94   9.89
19980117 180000 10.6 216.7  3.24 14.87 224.44  24.23  6  2.32  8.07 218.86  24.60  2.16 14.69 225.10  11.17  0.51 15.45 293.86  11.34  0.38 17.92 304.33   9.75  0.17 11.71 315.56   8.38  0.13 23.34 295.90   9.86
19980117 210000  9.4 212.3  3.34 14.56 224.84  23.90  5  2.40  8.12 220.50  24.27  2.22 14.50 224.45  11.69  0.52 15.35 296.16  12.79  0.40 17.83 304.52   9.70  0.15 23.20 295.78  10.13
19980118 000000  5.6 192.3  3.35 14.35 224.73  23.81  5  2.34 14.32 223.44  12.18  2.29  8.43 220.97  24.78  0.51 14.79 296.13  12.78  0.41 17.79 304.87  10.23  0.17 22.97 295.86  10.29
19980118 030000  6.4 199.6  3.22 14.16 225.12  23.51  4  3.14 14.07 222.47  18.62  0.51 14.49 296.37  12.55  0.40 17.76 305.08  10.81  0.20 22.23 295.94  10.28
19980118 060000  6.0 194.1  3.05 13.93 225.86  23.41  4  2.97 13.77 222.83  17.72  0.51 14.46 296.32  12.10  0.40 17.67 305.84  10.19  0.24 21.91 295.79  10.38
19980118 090000  5.1 197.4  2.92 13.73 226.63  23.58  4  2.83 13.61 223.16  17.00  0.50 14.44 296.60  11.91  0.42 17.28 305.22  10.11  0.27 21.79 295.76  10.49
19980118 120000  6.2  29.8  2.78 13.60 227.47  24.11  4  2.69 13.50 223.41  16.52  0.49 14.43 296.67  11.82  0.44 16.78 304.79  10.01  0.29 21.67 295.91  10.67
19980118 150000  6.2 332.3  2.63 13.48 229.31  26.68  4  2.53 13.39 224.44  19.17  0.49 14.40 296.77  11.76  0.46 16.68 304.88  10.01  0.33 21.44 296.09  10.84
19980118 180000  3.5 300.3  2.50 13.28 230.38  27.02  4  2.39 13.19 224.72  18.28  0.48 14.33 296.72  12.30  0.47 16.64 305.14  10.26  0.37 20.71 296.30  10.72
19980118 210000  2.2 280.6  2.37 12.99 230.98  27.36  4  2.24 12.91 224.47  17.02  0.47 14.19 297.03  12.25  0.46 16.62 306.20  10.13  0.41 20.48 296.01  10.87
19980119 000000  2.9 229.2  2.25 12.84 231.82  27.90  4  2.12 12.77 224.45  16.18  0.45 13.71 297.49  11.46  0.45 20.38 296.22  11.14  0.45 16.60 307.34  10.14
19980119 030000  3.0 108.5  2.13 12.75 233.09  29.11  4  1.97 12.68 224.30  15.67  0.49 20.31 296.50  11.25  0.47 16.45 307.07   9.61  0.42 13.55 297.08  12.01
19980119 060000  0.7 105.4  2.02 12.68 235.27  30.78  4  1.84 12.59 224.37  15.37  0.54 20.19 296.97  11.25  0.49 15.95 305.81  10.12  0.40 13.47 298.11  11.91
19980119 090000  3.7 246.8  1.93 12.58 237.80  32.29  4  1.73 12.46 224.77  15.59  0.57 19.44 297.10  11.30  0.50 15.66 305.70  10.06  0.41 13.47 298.33  11.65
19980119 120000  4.2 208.6  1.85 12.27 239.75  33.46  4  1.63 12.17 224.80  15.61  0.60 19.19 297.07  11.50  0.50 15.59 305.74  10.17  0.42 13.45 298.05  12.00
19980119 150000  5.6 213.5  1.79 12.04 241.58  34.74  4  1.55 11.98 224.60  15.99  0.63 19.13 297.40  11.63  0.49 15.56 305.84  10.29  0.42 13.45 298.53  12.32
19980119 180000  6.5 221.4  1.76 11.94 244.06  36.17  5  0.45  3.05 225.48  31.27  1.42 11.88 224.52  14.68  0.69 19.19 298.08  11.56  0.47 15.54 306.29  10.32  0.41 13.46 299.63  11.62
19980119 210000  5.9 214.3  1.73 11.87 246.60  37.53  4  1.43 11.81 224.30  17.61  0.75 19.34 298.48  11.51  0.46 15.52 307.28  10.23  0.40 13.47 299.48  11.19
19980120 000000  4.2 185.5  1.68 18.86 247.44  38.35  5  1.36 11.72 223.55  18.02  0.61 15.40 304.94  11.50  0.61 18.44 293.24  10.24  0.43 20.40 306.26   8.40  0.21 17.80 219.09   8.67
19980120 030000  6.1 194.6  1.66 18.08 246.11  38.80  5  1.32 11.64 222.42  18.25  0.75 18.20 298.31  12.08  0.49 15.21 306.96   9.97  0.32 17.00 218.42   9.07  0.30 12.77 299.01  11.68
19980120 060000  9.6 188.5  1.79 18.06 239.59  39.97  8  0.73  3.56 203.22  30.04  1.07 11.52 224.40  14.19  0.79 18.23 298.95  12.02  0.55 16.30 217.17   7.84  0.50 13.29 212.06   7.22  0.46 14.83 306.76  10.29  0.29 12.66 299.71  12.89  0.23 12.72 244.76   3.62
19980120 090000  9.2 183.7  2.03 18.42 233.78  40.35  7  1.03  4.49 202.09  30.73  1.16 12.17 222.64  13.10  0.87 18.54 299.63  11.83  0.80 15.52 215.83   8.10  0.44 14.66 306.61  10.32  0.27 12.58 300.35  12.01  0.21 12.68 245.30   1.70
19980120 120000  7.2 185.1  2.17 18.52 232.17  38.85  7  1.12  5.02 204.54  30.41  1.27 12.07 221.12  12.00  0.90 18.60 299.55  11.70  0.85 15.17 217.91   8.63  0.43 14.62 306.07  10.89  0.28 12.60 300.69  12.51  0.18 12.66 245.21   1.42
19980120 150000  7.8 201.1  2.21 14.63 232.58  36.53  7  1.05  5.31 208.57  29.44  1.21 11.73 221.91  12.27  1.13 14.70 219.27   8.25  0.89 18.48 299.26  11.83  0.41 14.60 306.26  10.74  0.27 12.61 299.71  10.17  0.07  9.90 321.86   5.99
19980120 180000  9.8 207.9  2.33 14.48 230.68  34.18  6  1.18  5.07 211.41  26.86  1.31 12.07 221.96  11.29  1.15 14.40 220.21   8.54  0.87 17.83 299.33  12.21  0.38 14.57 306.27  10.56  0.28 12.64 301.52  10.96
19980120 210000 11.0 203.9  2.54 14.31 228.85  33.44  5  1.47  5.42 212.24  26.69  1.81 14.08 221.87   9.83  0.90 17.66 299.91  12.13  0.39 14.43 307.42   9.47  0.21 12.45 301.16  11.63
19980121 000000 12.4 202.8  2.75 17.53 226.91  33.68  3  2.55 14.05 217.23  20.66  0.94 17.64 300.55  11.85  0.44 14.38 305.56  10.86
19980121 030000 11.3 191.1  2.92 17.51 225.40  33.43  4  1.94  6.45 210.00  27.76  1.92 13.96 222.89   9.72  0.96 17.61 300.35  11.65  0.41 14.26 306.68  10.96
19980121 060000 11.7 193.1  3.07 13.83 224.09  32.10  3  2.01  6.76 209.20  27.95  2.09 13.68 223.05   9.97  1.02 17.55 301.09  11.77
19980121 090000 11.0 185.4  3.23 13.66 223.28  30.52  3  2.07  7.08 209.47  28.62  2.29 13.56 223.05  10.43  0.98 17.33 300.98  11.89
19980121 120000 11.3 180.9  3.31 13.67 223.47  29.43  3  3.17 13.58 218.21  21.31  0.94 16.81 301.08  12.08  0.15 11.79 304.55  11.07
19980121 150000 12.7 195.3  3.44 13.80 222.56  28.56  2  3.32 13.73 217.93  21.03  0.93 16.65 301.40  12.07
19980121 180000 12.8 210.8  3.71 13.77 222.71  26.84  2  3.60 13.72 218.97  20.40  0.91 16.60 301.27  12.11
19980121 210000 14.5 202.2  4.03 13.59 221.97  26.38  2  3.93 13.55 219.01  21.30  0.88 16.56 301.48  11.58
19980122 000000 11.6 198.5  4.11 13.43 221.26  26.90  3  3.09  8.81 213.55  26.16  2.57 13.39 225.34  13.11  0.85 16.51 301.57  11.43
19980122 030000 12.6 193.3  4.00 13.30 220.53  27.30  2  3.91 13.26 217.87  22.94  0.82 16.42 301.55  11.71
19980122 060000 11.2 186.5  3.82 13.14 220.68  27.46  2  3.74 13.07 217.99  23.08  0.79 16.24 301.67  11.92
19980122 090000 10.8 181.3  3.65 12.68 221.02  27.39  2  3.58 12.63 218.36  23.05  0.75 15.91 301.94  11.87
19980122 120000  8.7 181.4  3.49 12.45 221.69  26.84  2  3.41 12.42 219.02  22.45  0.72 15.70 301.26  12.60
19980122 150000  9.1 205.3  3.28 12.30 223.18  25.79  2  3.20 12.27 220.44  21.09  0.69 15.60 301.18  12.55
19980122 180000 11.6 211.7  3.23 12.00 223.44  25.08  3  3.16 11.95 220.83  20.40  0.66 15.53 301.79  11.91  0.11 20.30 296.67  12.16
19980122 210000 11.8 206.0  3.37 11.69 222.69  25.36  3  3.31 11.67 220.37  21.30  0.66 15.48 301.62  12.24  0.06 20.16 221.94   8.28
19980123 000000  7.6 212.6  3.35  9.55 222.83  25.99  4  2.81  9.37 219.06  24.33  1.72 11.38 224.33  14.36  0.64 15.44 301.84  12.25  0.07 19.70 220.85   8.70
19980123 030000  7.1 197.2  3.14  9.96 223.67  25.93  2  3.08  9.96 221.20  21.82  0.63 15.40 301.86  12.34
19980123 060000  7.8 191.2  2.96 10.75 223.85  25.60  4  2.89 10.74 221.26  21.19  0.59 15.36 301.55  12.90  0.13 19.15 300.46   7.04  0.12 19.00 222.13   8.49
19980123 090000  7.0 183.3  2.89 10.64 223.58  25.05  4  2.82 10.62 221.08  20.65  0.57 15.29 301.44  13.10  0.15 18.78 221.80   8.21  0.13 19.08 300.46   6.43
19980123 120000  9.5 184.7  2.89 10.37 222.46  25.14  4  2.82 10.37 220.11  20.94  0.56 15.16 301.74  12.64  0.17 18.14 221.50   8.40  0.07 22.00 312.26   8.09
19980123 150000  9.8 201.7  2.87 10.11 221.72  25.31  4  2.81 10.10 219.41  21.20  0.55 14.95 301.77  12.80  0.23 17.86 221.42   8.64  0.08 21.80 313.33   8.04
19980123 180000 12.4 211.1  3.03  9.76 221.30  25.01  5  2.97  9.75 219.26  21.40  0.51 14.83 301.66  13.69  0.26 17.75 222.16   8.62  0.19 18.17 300.34   7.88  0.09 21.77 315.55   7.33
19980123 210000 14.2 205.2  3.49  8.98 219.76  25.30  5  3.44  8.98 218.25  22.73  0.48 14.75 302.61  13.01  0.28 17.35 222.14   8.35  0.22 17.89 295.79  11.52  0.09 21.76 316.41   7.38
19980124 000000 12.4 200.1  3.61  9.17 217.99  27.08  6  3.55  9.17 216.55  24.89  0.47 14.69 302.85  13.42  0.33 16.80 222.11   8.28  0.23 17.74 293.77   9.62  0.14 20.59 311.72   8.31  0.11 14.49 220.23   4.99
19980124 030000 10.6 193.4  3.31  9.20 217.97  27.63  5  3.24  9.20 216.17  24.99  0.45 14.65 301.35  13.25  0.39 16.68 222.36   8.78  0.26 17.67 299.85  13.77  0.17 20.39 312.50   8.23
19980124 060000  8.0 189.7  2.93  9.12 219.45  27.77  5  2.84  9.12 217.04  24.29  0.42 16.55 222.61   8.58  0.42 14.62 300.29  14.68  0.33 16.99 300.14  13.71  0.18 20.35 314.10   8.29
19980124 090000  5.4 180.3  2.60  9.06 221.80  27.55  5  2.50  9.06 218.83  23.21  0.45 16.56 297.17  14.39  0.44 15.85 222.44   8.36  0.29 14.30 309.46   7.95  0.17 20.34 316.04   7.41
19980124 120000  6.2 169.9  2.37  9.05 223.57  27.46  6  2.25  9.05 219.99  22.25  0.47 15.66 222.39   8.64  0.44 16.48 296.62  14.11  0.28 14.29 309.49   7.85  0.20 19.73 313.17   7.26  0.17 13.68 221.59   4.74
19980124 150000  5.6 221.8  2.21  9.04 225.31  27.40  5  2.07  9.04 221.05  21.04  0.54 15.56 222.78   8.70  0.39 14.51 304.14  13.50  0.32 16.55 294.02  12.53  0.28 19.02 310.99   8.07
19980124 180000  8.3 207.1  2.17  9.09 226.01  27.63  4  2.01  9.09 221.41  20.63  0.56 15.38 222.28   8.76  0.51 16.27 300.09  14.69  0.28 19.04 312.45   8.63
19980124 210000  8.3 214.4  2.16  9.19 225.86  27.80  4  1.98  9.19 221.18  20.93  0.62 14.68 222.50   9.16  0.52 16.10 300.08  14.95  0.27 19.01 313.47   8.66
19980125 000000  7.0 206.4  2.11 14.68 225.90  28.05  4  1.93  9.29 221.05  21.14  0.61 14.59 222.53   8.52  0.54 15.79 300.29  15.06  0.21 19.03 315.63   7.67
19980125 030000  5.7 200.6  2.03 14.63 226.61  28.59  4  1.81  9.44 220.98  20.98  0.70 14.48 222.67   8.88  0.53 15.67 299.65  14.61  0.28 17.99 312.62   7.44
19980125 060000  5.9 196.3  1.98 14.49 227.43  29.26  4  1.73  9.53 220.94  20.26  0.73 14.29 222.31   9.30  0.50 15.48 299.28  14.69  0.37 17.79 311.06   8.68
19980125 090000  3.5 197.9  1.95 13.92 227.78  29.17  4  1.70  9.56 221.01  19.24  0.71 13.79 222.42   8.71  0.51 15.40 300.11  14.76  0.37 17.80 311.56   9.23
19980125 120000  3.5 229.6  1.94 13.73 227.31  28.23  5  1.71  9.52 220.87  18.10  0.68 13.70 223.03   8.76  0.51 15.20 300.51  14.70  0.32 17.80 313.82   8.45  0.05 21.87 226.47   8.22
19980125 150000  4.6 243.8  1.92 13.68 226.89  27.49  5  1.63  9.45 220.64  17.99  0.83 13.51 222.84   9.03  0.52 15.02 300.99  14.19  0.27 17.68 315.46   7.93  0.07 21.67 226.65   8.24
19980125 180000  5.5 225.6  1.92 13.61 227.66  28.14  6  1.63  9.39 220.87  17.88  0.80 13.40 223.09   9.50  0.52 16.42 300.04  14.14  0.30 14.35 314.85   6.43  0.12 20.76 307.79  10.44  0.10 20.86 226.93   8.18
19980125 210000  5.0 223.1  1.88 13.43 229.14  29.67  6  1.59  9.34 221.07  17.69  0.75 13.20 223.09   8.80  0.57 16.45 301.89  14.20  0.28 14.23 314.65   6.74  0.15 20.63 306.14  11.68  0.13 20.46 227.28   8.16
19980126 000000  2.9 219.2  1.82 13.18 230.47  30.74  5  1.50  9.46 221.04  17.37  0.75 12.97 223.88   9.01  0.65 16.47 304.79  13.84  0.18 20.66 306.71  11.58  0.16 20.26 227.30   8.26
19980126 030000  4.7 199.4  1.74 12.98 230.99  31.07  5  1.34  9.66 221.17  17.63  0.86 12.74 222.71   9.53  0.63 16.42 304.53  14.14  0.21 19.48 227.63   8.21  0.20 20.68 310.01   9.28
19980126 060000  5.0 179.0  1.67 12.84 230.80  31.41  5  1.29  9.74 220.22  17.86  0.80 12.63 223.45   9.13  0.58 16.07 304.11  14.67  0.26 19.11 227.53   8.16  0.26 19.68 307.57  12.56
19980126 090000  5.1 190.2  1.62 12.73 231.73  32.61  6  1.24  9.74 220.06  18.13  0.75 12.54 222.83   8.85  0.55 15.45 302.99  15.08  0.32 18.90 227.51   8.30  0.31 19.51 309.42  10.22  0.15 13.52 315.89   2.85
19980126 120000  5.1 202.0  1.59 12.64 234.23  34.51  6  1.08  9.42 219.61  18.97  0.85 12.48 222.67   9.36  0.58 15.44 304.25  14.19  0.40 18.09 227.42   8.29  0.34 19.53 309.20  11.11  0.15 13.52 315.85   2.80
19980126 150000  5.6 213.5  1.58 17.92 236.60  35.96  6  1.04  9.43 220.32  18.47  0.80 12.43 221.70  10.06  0.60 15.44 304.16  14.57  0.47 17.80 226.99   8.49  0.40 19.51 310.17   9.67  0.15 13.52 316.00   3.00
19980126 180000  7.0 216.2  1.61 17.73 236.98  36.32  5  1.08  9.48 220.34  19.12  0.77 12.36 221.67  10.55  0.61 15.43 304.76  14.45  0.54 17.57 226.78   8.52  0.43 19.30 310.25   9.42
19980126 210000  8.5 205.5  1.73 17.21 233.85  36.17  5  0.83  4.07 217.05  29.06  1.14 12.20 220.15  11.56  0.64 16.78 226.19   8.86  0.58 15.35 304.95  14.31  0.48 18.52 309.12  10.70
19980127 000000  5.7 208.8  1.78 16.60 232.40  36.51  5  0.90  4.62 214.64  29.89  1.12 12.03 219.42  11.52  0.71 16.53 226.06   8.84  0.55 18.28 309.82  10.19  0.53 14.96 303.94  14.60
19980127 030000  7.4 187.3  1.77 16.46 232.91  37.35  4  1.40 12.01 216.66  20.91  0.76 16.31 225.98   8.72  0.59 18.28 309.68  10.49  0.52 14.55 304.22  14.89
19980127 060000  9.7 181.1  1.88 15.43 228.93  38.79  5  0.98  4.47 202.25  31.03  1.08 12.09 218.17  12.11  0.88 15.59 225.23   9.00  0.61 18.18 309.56  10.38  0.53 14.50 304.77  14.88
19980127 090000 11.3 186.5  2.14 14.98 223.04  38.31  4  1.76 12.35 208.59  25.26  0.89 15.31 225.39   9.01  0.63 17.72 309.10  10.61  0.54 14.49 305.27  14.46
19980127 120000  8.9 199.7  2.21 14.81 222.89  37.82  4  1.50  5.64 204.52  29.59  1.40 15.16 220.97  11.14  0.67 17.10 309.10  10.80  0.49 14.42 304.70  13.97
19980127 150000 10.9 192.7  2.27 14.56 222.41  36.76  4  1.58  5.85 205.98  28.10  1.40 14.62 221.09  11.11  0.68 17.05 308.67  11.21  0.47 14.41 305.56  13.62
19980127 180000 16.5 210.9  2.97 14.34 219.43  31.96  4  2.85  6.53 214.48  23.83  0.70 16.98 308.13  11.88  0.41 14.28 306.18  13.29  0.06 23.36 299.64   9.96
19980127 210000 15.9 199.1  3.69  7.96 214.04  30.73  3  3.61  7.96 211.09  25.52  0.78 16.81 307.63  12.10  0.07 23.29 299.56  10.57
19980128 000000 13.9 196.4  3.76  8.54 213.09  30.26  4  3.68  8.54 210.36  25.27  0.72 16.46 306.70  12.18  0.26 13.51 313.77   7.99  0.07 23.23 299.50  10.60
19980128 030000 14.0 185.5  3.81  8.90 212.02  30.52  5  3.61  8.90 208.24  26.20  0.94 13.62 225.73   8.70  0.70 16.13 307.35  12.11  0.28 13.48 309.09  10.41  0.08 23.02 298.93  10.37
19980128 060000 11.7 181.0  3.55  9.24 214.31  30.74  5  3.38  9.24 210.46  25.96  0.79 13.65 226.94   8.06  0.71 16.07 306.98  12.23  0.25 13.49 312.72   7.54  0.10 22.05 298.77  10.42
19980128 090000 11.0 178.2  3.39  9.58 216.11  30.34  3  3.31  9.58 213.00  24.91  0.73 16.03 307.68  11.87  0.12 21.82 298.74  10.97
19980128 120000  9.9 183.1  3.20  9.70 218.01  29.80  3  3.12  9.70 214.69  23.98  0.71 15.91 307.59  11.88  0.13 21.76 299.44  10.75
19980128 150000 10.5 202.1  3.00  9.64 220.28  29.07  3  2.92  9.64 216.64  22.60  0.70 15.71 307.50  11.82  0.14 21.71 299.36  11.00
19980128 180000 11.5 209.2  3.01  9.47 221.45  28.16  4  2.93  9.46 217.93  21.74  0.69 15.52 307.68  11.54  0.15 21.51 298.89  10.67  0.05 18.87 218.11   8.56
19980128 210000 12.1 209.1  3.18  9.22 221.69  27.71  4  3.10  9.22 218.57  22.02  0.68 15.42 307.93  11.30  0.18 20.59 298.13  10.79  0.07 18.06 217.67   8.96
19980129 000000 11.9 203.2  3.26  9.21 221.42  27.94  4  3.18  9.21 218.48  22.71  0.67 15.36 308.10  11.23  0.21 20.38 298.38  10.72  0.09 17.83 217.81   9.18
19980129 030000  8.0 197.7  3.16  9.37 222.21  28.14  4  3.08  9.37 219.15  22.82  0.65 15.32 308.22  11.24  0.24 20.34 299.16  10.98  0.10 17.73 218.30   9.12
19980129 060000  7.4 191.4  2.99  9.71 223.64  27.62  4  2.91  9.71 220.39  21.90  0.63 15.26 308.19  11.55  0.25 20.31 299.58  11.20  0.12 17.33 218.08   8.80
19980129 090000  6.8 191.5  2.89  9.96 224.27  26.92  4  2.81  9.95 221.00  20.93  0.61 15.21 308.46  11.21  0.25 20.21 299.73  10.85  0.14 16.75 217.49   9.02
19980129 120000  7.9 177.8  2.87 10.09 223.91  26.70  4  2.79 10.08 220.71  20.75  0.59 15.12 308.59  10.98  0.26 19.44 298.95  10.46  0.16 16.67 217.97   9.51
19980129 150000  9.2 211.3  2.89 10.19 224.16  26.19  4  2.81 10.19 220.98  20.20  0.58 14.89 308.62  10.84  0.30 19.07 298.36  10.38  0.17 16.52 217.92   8.90
19980129 180000 10.8 211.3  2.94 10.28 224.12  26.12  4  2.86 10.28 220.97  20.25  0.56 14.66 308.39  11.04  0.35 19.01 298.65  10.86  0.20 15.89 218.07   8.77
19980129 210000 11.5 207.8  3.02 10.35 223.05  26.31  4  2.94 10.34 220.11  20.88  0.55 14.55 308.49  10.99  0.37 18.99 299.41  11.12  0.22 15.64 218.34   8.69
19980130 000000  5.7 207.6  3.08 10.27 221.66  26.64  4  3.00 10.26 218.94  21.71  0.53 14.48 308.57  11.15  0.36 18.95 299.63  11.23  0.21 15.62 221.24   7.14
19980130 030000  7.9 192.3  2.99 10.25 221.43  26.40  4  2.92 10.24 218.74  21.43  0.51 14.44 308.86  11.17  0.35 18.79 299.56  10.99  0.20 15.60 223.36   8.01
19980130 060000  7.1 180.0  2.86 10.33 221.15  26.32  4  2.80 10.33 218.34  20.95  0.48 14.40 309.31  10.94  0.36 17.99 299.24  10.60  0.05 24.94 295.77   9.64
19980130 090000  6.1 181.5  2.71 10.37 221.46  26.43  4  2.64 10.37 218.26  20.29  0.47 14.35 309.60  10.78  0.39 17.80 299.09  10.49  0.06 24.78 295.78   9.88
19980130 120000  7.6 166.0  2.57 10.34 221.28  27.38  4  2.49 10.34 217.60  20.57  0.44 14.29 309.72  10.66  0.43 17.76 299.36  10.87  0.07 24.36 296.17  10.16
19980130 150000  6.7 215.5  2.45 10.27 222.25  27.11  4  2.37 10.27 218.23  19.57  0.44 17.73 299.77  11.15  0.42 14.17 309.71  10.57  0.09 23.58 296.19  10.03
19980130 180000 10.4 221.1  2.52 10.22 222.71  26.33  4  2.45 10.22 219.09  19.50  0.44 17.69 299.72  11.25  0.40 13.92 309.71  10.52  0.10 23.39 296.16  10.08
19980130 210000  9.2 211.6  2.64 10.25 221.99  26.33  5  2.49 10.24 218.96  20.98  0.62 14.13 217.12  11.41  0.44 17.53 299.45  11.25  0.38 13.71 309.73  10.47  0.12 23.28 296.24  10.21
19980131 000000  4.9 197.1  2.60 10.27 221.91  26.47  5  2.45 10.27 218.66  21.25  0.63 13.73 219.88   9.64  0.43 16.89 299.29  11.10  0.37 13.61 309.78  10.53  0.14 23.10 296.39  10.21
19980131 030000  4.5 206.7  2.55 10.47 222.19  26.03  4  2.48 10.46 218.88  19.81  0.44 16.66 299.95  11.03  0.35 13.56 309.96  10.73  0.16 22.45 296.33  10.08
19980131 060000  5.3 199.3  2.63 11.01 221.87  24.99  4  2.56 10.96 218.73  18.65  0.45 16.60 300.25  11.09  0.34 13.52 310.28  10.61  0.18 21.94 296.64  10.22
19980131 090000  4.5 196.8  2.84 11.28 220.89  23.67  5  2.43 10.79 217.79  19.19  1.34 12.79 219.44  11.88  0.45 16.57 300.39  11.15  0.33 13.49 310.58  10.63  0.21 21.82 296.44  10.29
19980131 120000  5.0 171.1  2.92 11.20 220.28  23.23  4  2.86 11.18 217.70  17.45  0.46 16.53 300.25  11.12  0.31 13.46 311.26  10.04  0.23 21.75 296.74  10.63
19980131 150000  6.6 226.8  2.82 11.08 220.83  23.51  4  2.76 11.05 218.00  17.32  0.46 16.45 299.65  11.10  0.30 13.43 311.36  10.00  0.26 21.57 297.62  10.79
19980131 180000  7.0 222.0  2.71 11.58 221.82  24.31  4  2.64 11.53 218.64  17.81  0.47 16.21 299.37  11.29  0.29 20.80 297.32  10.54  0.28 13.37 311.29  10.41
19980131 210000  6.5 215.1  2.63 11.71 222.24  24.90  4  2.55 11.66 218.75  18.02  0.46 15.76 299.48  11.36  0.33 20.44 296.96  10.52  0.27 13.23 311.43  10.26
19980201 000000  6.3 204.2  2.66 11.68 222.06  24.79  4  2.58 11.63 218.58  17.89  0.45 15.60 300.37  11.58  0.36 20.36 296.80  10.76  0.25 12.88 311.04  10.69
