Date     Time   Uabs UDir  hs    tp    th     sp     np hs(i) tp(i) th(i)  sp(i)
19810301 000000  1.5 203.9  2.99 14.32 223.58  17.97  3  2.95 14.31 221.86  12.98  0.37 21.41 302.35  10.21  0.36 14.41 301.48  14.26
19810301 030000  2.2 240.0  2.92 14.28 224.70  19.36  3  2.86 14.26 222.23  12.68  0.48 20.44 301.40   9.77  0.37 14.40 300.77  15.54
19810301 060000  3.8 209.2  2.86 14.22 225.72  20.98  3  2.78 14.18 222.42  12.65  0.57 20.35 301.18  10.15  0.36 14.44 303.60  13.63
19810301 090000  3.8 195.1  2.78 14.03 225.92  21.26  3  2.70 13.98 222.50  12.62  0.57 20.33 301.32  10.64  0.35 14.46 305.01  13.23
19810301 120000  3.8 197.7  2.70 13.92 225.44  20.64  3  2.63 13.90 222.41  12.61  0.50 20.29 302.08  11.29  0.35 14.49 305.30  13.74
19810301 150000  3.2 232.7  2.62 15.06 225.34  20.71  3  2.55 15.06 222.32  12.68  0.49 19.87 302.71  10.59  0.34 13.91 305.85  13.78
19810301 180000  6.1 237.6  2.58 14.24 226.55  22.96  4  2.48 14.29 222.35  13.13  0.59 19.08 302.31   9.75  0.28 13.52 299.51  12.99  0.17 15.20 319.74   4.99
19810301 210000  6.8 212.3  2.56 14.24 227.93  25.61  3  2.44 14.27 222.26  14.22  0.70 19.01 301.65  10.25  0.33 13.71 304.92  14.13
19810302 000000  4.6 195.8  2.49 14.22 228.06  26.61  3  2.36 14.24 221.84  14.71  0.71 18.99 301.34  10.69  0.33 13.76 305.50  13.46
19810302 030000  3.0 198.6  2.40 14.18 227.43  26.23  3  2.28 14.20 221.55  14.58  0.65 18.96 301.58  11.16  0.34 13.82 305.96  13.40
19810302 060000  5.6 179.5  2.32 14.10 226.38  25.74  3  2.22 14.11 221.05  14.66  0.59 18.82 302.24  11.20  0.34 13.89 306.85  13.48
19810302 090000  5.7 188.6  2.28 13.88 226.36  26.71  3  2.18 13.88 220.51  14.94  0.61 17.98 302.59  10.65  0.33 13.93 307.42  13.65
19810302 120000  5.0 181.4  2.26 13.69 227.80  28.66  3  2.12 13.67 220.39  15.05  0.70 17.80 302.33  10.27  0.32 13.95 308.11  13.86
19810302 150000  5.2 222.9  2.21 13.55 229.44  29.65  3  2.06 13.54 220.81  14.63  0.75 17.76 301.74  10.46  0.30 13.77 309.25  13.49
19810302 180000  5.3 251.7  2.16 13.43 230.69  29.75  3  2.00 13.42 221.68  14.52  0.75 17.73 301.32  10.81  0.31 13.59 308.10  14.26
19810302 210000  5.0 240.0  2.11 13.32 230.83  29.31  3  1.96 13.31 222.25  14.73  0.70 17.70 301.04  11.05  0.32 13.49 308.89  13.99
19810303 000000  1.7 287.2  2.06 13.21 230.23  28.79  3  1.92 13.19 222.14  14.41  0.66 17.55 301.32  11.06  0.33 13.41 309.05  14.15
19810303 030000  4.6 215.7  2.05 13.04 230.02  29.05  3  1.91 13.01 221.83  14.37  0.65 16.90 301.95  10.68  0.34 13.27 308.79  14.90
19810303 060000  7.1 195.9  2.08 12.83 229.39  29.95  4  1.94 12.81 220.95  15.53  0.68 16.67 302.40  10.63  0.32 12.99 308.41  14.71  0.07 20.85 213.88   7.24
19810303 090000  6.0 190.3  2.07 12.70 229.16  30.62  4  1.93 12.67 220.50  16.62  0.69 16.61 301.74  10.58  0.30 12.85 309.51  15.13  0.09 20.42 214.45   6.99
19810303 120000  2.7 221.4  2.01 12.60 229.95  30.69  4  1.86 12.57 221.02  16.58  0.68 16.58 301.06  10.77  0.30 12.78 309.57  15.14  0.14 19.66 214.51   7.27
19810303 150000  4.2 221.2  1.94 12.52 230.98  30.39  4  1.79 12.50 221.93  16.01  0.66 16.54 300.32  11.15  0.30 12.72 311.12  13.70  0.19 19.11 216.04   8.61
19810303 180000  5.5 233.1  1.88 12.45 231.90  30.28  5  1.02  8.18 222.04  22.20  1.39 12.42 223.10  10.87  0.65 16.47 300.27  11.67  0.30 12.71 309.92  14.84  0.26 18.56 217.13   9.64
19810303 210000  5.5 228.5  1.86 12.35 232.40  30.61  6  1.02  8.18 222.92  23.41  1.35 12.30 223.48  10.95  0.63 16.29 300.39  11.39  0.33 17.86 217.08   8.99  0.30 12.69 310.59  14.75  0.10 20.30 307.85  11.07
19810304 000000  3.4 349.5  1.83 12.10 232.38  30.84  6  1.65 12.02 223.33  16.88  0.62 15.86 300.80  11.79  0.37 17.77 216.44   8.35  0.28 12.62 309.15  12.80  0.11 20.21 309.39  10.63  0.09 10.37 329.89   7.06
19810304 030000  3.0 255.0  1.80 11.91 231.92  30.66  7  1.59 11.84 223.38  17.17  0.60 15.65 301.10  11.04  0.50 16.84 217.89   9.09  0.24 12.39 311.43  12.06  0.15 19.77 311.15  10.04  0.09 10.31 329.84   7.04  0.06 24.97 298.48  10.61
19810304 060000  3.3 175.1  1.79 15.96 230.94  30.05  8  1.49 11.82 222.95  17.47  0.59 15.56 300.99  11.38  0.58 16.60 217.33   8.67  0.47 13.85 224.65   8.36  0.22 12.10 311.75  11.99  0.14 19.35 310.55   9.49  0.09 10.22 329.76   7.03  0.06 24.92 298.63  10.51
19810304 090000  2.9 174.1  1.77 15.72 230.35  29.55  6  1.49 12.14 222.94  16.68  0.72 16.25 218.44   8.90  0.56 15.51 300.41  11.58  0.25 12.02 313.72  13.54  0.14 19.14 311.34   9.71  0.08 24.60 298.57  10.22
19810304 120000  2.5 196.6  1.76 15.52 230.29  29.32  6  1.44 12.47 223.02  16.09  0.79 15.63 218.41   8.39  0.56 15.45 300.63  11.89  0.24 11.92 313.82  13.57  0.15 19.06 309.01   9.95  0.10 23.61 298.41  10.33
19810304 150000  3.7 248.4  1.77 15.39 230.59  29.43  6  1.35 12.34 223.64  16.45  0.94 15.39 218.82   8.56  0.55 15.38 300.12  11.90  0.24 11.96 315.33  11.40  0.19 18.87 309.51  10.11  0.12 23.42 298.48  10.73
19810304 180000  4.9 239.5  1.77 15.13 230.89  29.51  6  1.34 12.18 224.06  16.66  0.96 15.00 218.88   8.21  0.54 15.28 299.57  11.47  0.24 18.64 311.82   9.93  0.24 11.91 313.92  12.87  0.13 23.37 298.83  10.91
19810304 210000  5.7 217.2  1.80 14.68 230.31  29.00  7  1.32 11.81 224.00  16.89  1.04 14.56 219.34   8.52  0.54 15.18 300.26  11.95  0.24 18.19 310.90   9.86  0.19 11.76 316.00   8.20  0.15 23.30 298.99  10.73  0.08  9.59 331.01   6.23
19810305 000000  3.1 171.7  1.84 14.51 229.19  28.18  7  1.33 11.62 222.71  17.13  1.11 14.38 220.61   8.62  0.52 15.06 300.59  12.71  0.23 17.97 311.66   9.32  0.19 11.74 314.11  10.02  0.18 22.97 298.65  10.39  0.08  9.52 330.86   6.29
19810305 030000  3.0 212.1  1.87 14.39 229.03  27.31  5  1.30 14.19 222.35   9.34  1.20  8.63 221.92  17.32  0.53 14.87 303.01  13.89  0.25 17.80 311.97   9.34  0.21 22.10 298.27  10.49
19810305 060000  6.3 169.6  1.92 14.30 228.33  27.52  6  1.37 14.11 223.80  10.01  1.19  8.68 218.87  18.68  0.49 14.73 303.14  13.67  0.24 21.93 298.25  10.99  0.23 17.80 307.45   8.46  0.18 11.60 317.92   9.76
19810305 090000  3.5 168.2  1.95 14.17 228.50  27.73  6  1.41 13.99 223.99   9.67  1.19  8.73 218.52  19.24  0.47 14.59 302.52  14.02  0.30 17.62 309.13   8.86  0.26 21.88 298.80  11.27  0.18 11.54 317.77   9.73
19810305 120000  5.0 187.6  1.95 13.79 229.16  27.95  5  1.38 13.63 224.80   9.78  1.22  8.74 218.50  17.48  0.47 14.43 303.34  14.00  0.36 17.23 311.54   9.33  0.27 21.82 299.28  11.05
19810305 150000  5.2 225.4  1.95 13.57 229.95  28.47  5  1.37 13.45 225.28   9.66  1.21  8.77 218.41  17.06  0.49 14.42 304.12  14.00  0.34 16.95 312.33   9.24  0.31 21.56 299.05  10.47
19810305 180000  8.0 211.9  2.01 13.43 230.00  28.99  5  1.30  9.11 218.57  19.02  1.36 13.26 225.69   9.74  0.48 14.39 305.20  14.12  0.37 20.72 298.61  10.45  0.33 16.76 311.91   9.18
19810305 210000  7.9 210.1  2.10 13.25 228.79  29.16  5  1.97 12.87 221.58  16.50  0.44 14.35 303.40  13.42  0.41 20.54 298.40  11.00  0.34 16.59 312.88   8.99  0.14 11.12 319.17   8.84
19810306 000000  3.3 218.4  2.19 13.42 227.48  29.05  6  1.96 12.64 220.29  17.72  0.69 15.92 224.18   9.08  0.47 14.43 307.47  13.96  0.42 20.50 298.73  11.49  0.31 16.60 307.82   7.76  0.12 11.00 319.40   9.34
19810306 030000  6.6 205.1  2.29 15.52 226.96  28.43  3  2.17 15.39 220.57  16.32  0.59 16.31 308.74  12.14  0.42 20.46 299.43  11.48
19810306 060000  7.0 184.5  2.36 15.46 226.54  28.58  4  1.67 10.19 215.68  18.97  1.48 15.36 225.43   9.35  0.61 16.08 309.16  12.15  0.44 20.32 299.64  10.94
19810306 090000  5.3 177.2  2.35 15.33 227.23  29.16  5  1.61 10.21 216.01  19.35  1.53 15.21 224.44   9.07  0.51 19.83 299.44  10.49  0.43 13.77 307.99  13.62  0.41 15.85 311.61   9.57
19810306 120000  3.8 176.3  2.31 15.04 228.46  29.45  5  1.58 14.71 224.02   9.06  1.48  9.90 216.45  18.88  0.57 19.28 299.18  10.72  0.44 13.68 308.75  13.11  0.37 15.75 312.33   9.15
19810306 150000  3.7 201.5  2.26 14.50 229.19  29.27  5  1.69 14.49 223.86   9.47  1.26  9.42 215.66  18.42  0.58 19.20 299.19  11.19  0.39 13.52 307.67  13.05  0.39 15.51 313.41   9.13
19810306 180000  8.6 233.4  2.28 14.25 229.72  28.95  5  1.32  9.42 219.73  20.92  1.69 14.29 223.36   9.28  0.57 19.17 299.30  11.59  0.46 15.32 312.84   9.79  0.31 13.38 306.46  12.31
19810306 210000  7.9 218.4  2.33 14.08 229.12  29.37  4  0.95  4.77 226.82  28.96  1.98 14.08 220.70  11.39  0.56 15.22 310.80  11.05  0.56 19.12 299.75  11.55
19810307 000000  2.6 234.7  2.32 13.85 228.67  30.22  4  2.17 13.75 220.70  16.41  0.58 19.00 300.14  11.05  0.57 15.11 310.83  10.95  0.06 24.79 222.14   8.01
19810307 030000  4.0 202.2  2.30 13.62 229.25  30.84  4  2.14 13.54 220.27  15.29  0.64 18.71 300.19  10.78  0.57 14.89 310.95  10.95  0.09 23.99 222.38   7.98
19810307 060000  4.8 181.8  2.27 13.46 229.87  31.52  4  2.09 13.41 219.83  14.33  0.69 18.16 300.23  10.73  0.55 14.63 311.10  11.07  0.14 23.41 222.85   8.19
19810307 090000  5.6 161.5  2.21 13.35 229.75  32.24  4  2.01 13.33 219.10  14.51  0.71 18.00 300.29  10.99  0.52 14.46 311.41  11.03  0.20 22.99 223.10   8.17
19810307 120000  5.3 178.2  2.13 13.22 229.51  32.49  4  1.93 13.21 218.59  14.41  0.69 17.93 300.10  11.53  0.50 14.28 311.77  10.92  0.27 22.15 223.45   7.98
19810307 150000  5.1 212.1  2.07 13.00 229.58  32.26  4  1.86 12.94 218.55  13.46  0.67 17.87 300.37  11.39  0.49 14.16 312.19  10.52  0.37 21.77 223.43   8.21
19810307 180000  6.2 217.6  2.10 12.89 229.67  32.03  4  1.86 12.80 218.81  13.84  0.68 17.80 300.64  11.24  0.49 14.11 312.58   9.89  0.47 21.27 223.91   8.16
19810307 210000  7.6 216.4  2.14 12.83 229.74  32.15  5  0.67  3.89 221.35  28.89  1.75 12.73 218.30  10.68  0.70 17.70 300.88  11.13  0.58 20.55 224.07   7.98  0.49 14.09 312.36   9.98
19810308 000000  2.6 205.6  2.22 12.78 228.90  32.43  4  1.92 12.68 217.75  15.66  0.73 17.53 301.12  10.90  0.69 20.21 223.95   8.14  0.47 14.08 312.33   9.87
19810308 030000  5.2 185.8  2.25 18.80 228.76  31.94  4  1.91 12.61 217.63  15.17  0.80 19.47 223.88   8.11  0.75 17.21 301.21  11.03  0.46 13.98 312.30   9.94
19810308 060000  6.4 180.1  2.29 18.71 227.47  31.21  4  1.91 12.56 216.90  15.54  0.92 19.04 223.46   8.26  0.74 16.90 301.17  11.37  0.44 13.70 312.34  10.08
19810308 090000  4.9 165.3  2.29 17.97 226.90  30.47  4  1.89 12.57 216.85  15.82  1.00 18.56 223.20   8.17  0.72 16.77 301.17  11.41  0.42 13.45 312.44  10.26
19810308 120000  4.1 172.9  2.28 17.60 226.89  29.79  4  1.82 12.77 217.03  15.69  1.11 17.91 222.88   8.36  0.71 16.70 301.05  11.50  0.40 13.28 313.07   9.42
19810308 150000  3.7 226.0  2.27 17.17 227.47  29.09  4  1.74 13.14 217.75  14.62  1.22 17.59 222.49   8.17  0.71 16.63 301.23  11.35  0.38 13.23 313.41   9.19
19810308 180000  7.1 227.7  2.29 16.80 228.26  28.77  4  1.69 12.96 219.09  15.06  1.30 17.03 222.10   8.29  0.72 16.57 301.45  11.14  0.37 13.21 313.45   9.29
19810308 210000  7.5 210.2  2.31 16.60 227.86  28.89  5  1.23  8.81 217.03  21.30  1.34 16.66 221.83   8.59  1.19 12.73 221.02   8.82  0.72 16.50 301.79  10.75  0.36 13.18 313.05   9.40
19810309 000000  4.6 191.8  2.31 16.42 226.96  28.99  4  1.70 12.64 218.15  17.84  1.36 16.42 221.60   8.61  0.71 16.41 302.01  10.72  0.34 13.05 312.97   9.47
19810309 030000  4.2 207.6  2.30 16.19 226.40  28.42  4  1.60 12.41 218.04  18.30  1.47 16.15 220.91   8.77  0.69 16.28 302.12  10.74  0.33 12.85 312.99   9.50
19810309 060000  7.8 194.9  2.33 15.78 225.03  27.86  5  1.34  8.76 214.43  21.66  1.45 15.69 221.00   9.18  1.00 12.41 221.07   9.31  0.67 16.00 302.17  10.76  0.31 12.73 313.09   9.61
19810309 090000  5.9 182.4  2.35 15.53 224.38  27.48  4  1.76 15.42 220.84   9.43  1.38  8.74 214.40  21.75  0.65 15.77 301.94  10.84  0.30 12.64 313.50   8.97
19810309 120000  2.9 180.7  2.32 15.40 224.80  27.10  4  1.73 15.26 220.62   9.66  1.37  8.66 215.95  20.50  0.66 15.65 302.03  10.85  0.26 12.46 314.78   8.81
19810309 150000  3.9 229.4  2.25 15.29 225.61  27.11  4  1.64 15.04 220.34   9.60  1.37  8.54 217.87  18.88  0.66 15.56 301.98  10.89  0.24 12.41 314.86   8.28
19810309 180000  7.1 215.8  2.19 15.15 226.26  27.45  5  1.31  8.36 218.20  19.30  1.61 14.57 220.70   9.72  0.66 15.51 301.91  10.81  0.25 12.41 314.23   8.66  0.07 20.34 299.68  10.25
19810309 210000  8.0 211.1  2.18 14.91 226.01  27.82  5  1.35  8.16 218.28  20.47  1.56 14.40 220.43   9.76  0.65 15.46 302.10  10.78  0.24 12.30 313.90   8.82  0.07 20.37 299.80  11.18
19810310 000000  4.0 213.4  2.14 14.73 225.48  28.19  4  1.58 14.34 219.84   9.94  1.27  8.02 217.81  22.40  0.64 15.42 302.35  10.72  0.23 12.07 313.64   9.01
19810310 030000  4.4 216.6  2.07 14.65 225.37  27.87  5  1.60 14.30 219.70  10.26  1.15  7.94 217.66  22.15  0.62 15.38 302.63  10.64  0.22 11.95 313.56   9.18  0.09 22.08 200.36   6.02
19810310 060000  6.9 187.3  2.06 14.54 224.05  27.57  5  1.07  7.87 215.93  23.03  1.63 14.19 219.07  10.28  0.60 15.31 302.69  10.48  0.20 11.85 314.29   8.35  0.18 20.75 200.55   5.41
19810310 090000  6.2 182.2  2.06 14.36 222.52  27.32  6  1.02  7.79 213.97  24.09  1.65 13.93 218.47  10.49  0.57 15.18 302.81  10.48  0.32 19.93 202.00   5.13  0.18 11.77 315.10   8.22  0.13 19.06 299.28  10.78
19810310 120000  7.4 197.1  2.12 14.16 220.69  26.77  6  1.04  7.57 211.88  24.30  1.66 13.69 218.55  10.41  0.56 14.88 302.68  10.62  0.55 18.60 201.58   5.23  0.18 11.78 314.22   8.97  0.13 19.09 300.53  11.41
19810310 150000  7.0 206.7  2.17 14.05 220.17  26.03  6  1.04  7.25 214.51  24.59  1.64 13.55 218.72  10.49  0.77 17.54 203.04   5.96  0.54 14.66 302.77  10.75  0.16 18.94 300.17  10.75  0.16 11.67 315.09   8.11
19810310 180000 10.3 213.9  2.29 14.14 220.04  25.31  5  1.22  6.29 217.54  24.41  1.59 13.49 219.31  10.63  0.94 16.64 204.73   7.07  0.55 14.55 303.42  11.04  0.17 18.84 301.46  11.12
19810310 210000  8.6 212.0  2.37 14.66 219.96  25.51  5  1.38  5.65 218.06  25.69  1.52 13.29 220.18  11.03  1.04 15.87 205.79   6.40  0.54 14.50 303.22  10.99  0.17 18.65 301.41  11.26
19810311 000000  4.0 213.4  2.29 14.60 220.19  25.87  4  1.80 15.04 215.99  11.87  1.30  6.03 217.58  26.71  0.52 14.46 303.12  10.89  0.19 18.09 300.81  11.80
19810311 030000  6.2 188.2  2.17 14.38 220.69  26.08  4  1.19  6.25 217.30  26.19  1.73 14.35 216.36  11.98  0.51 14.44 303.29  10.83  0.22 17.86 300.13  11.27
19810311 060000  8.0 187.3  2.09 14.15 220.09  26.87  4  1.10  6.40 212.15  27.66  1.69 13.97 217.13  12.01  0.49 14.41 303.42  10.88  0.25 17.76 300.40  11.44
19810311 090000  7.1 174.1  2.02 13.66 219.48  28.32  4  1.11  6.45 208.27  29.32  1.60 13.53 217.67  11.97  0.47 14.38 303.68  10.90  0.27 17.77 300.37  11.65
19810311 120000  6.3 176.1  1.96 13.40 220.29  28.33  3  1.88 13.30 215.58  19.73  0.45 14.33 303.59  10.89  0.29 17.72 301.18  12.39
19810311 150000  3.7 211.7  1.95 13.11 222.00  26.68  3  1.88 12.93 217.54  17.97  0.43 14.20 303.64  11.08  0.29 17.67 301.31  12.49
19810311 180000  7.4 234.8  2.00 12.85 223.14  25.30  4  1.25  7.72 220.45  22.20  1.47 12.75 218.22  12.22  0.42 13.95 303.34  11.03  0.28 17.45 301.55  12.81
19810311 210000  7.9 213.4  2.06 12.77 222.92  25.41  4  1.32  7.68 220.91  22.89  1.50 12.67 217.73  12.17  0.40 13.72 304.03  10.97  0.33 16.75 300.53  12.23
19810312 000000  3.9 208.7  2.05 12.67 222.62  26.35  4  1.52 12.57 217.34  11.53  1.27  7.49 220.00  24.84  0.38 13.62 303.60  10.78  0.38 16.63 300.54  13.48
19810312 030000  4.9 212.7  1.99 12.54 223.66  26.86  5  1.49 12.44 217.30  11.39  1.20  7.06 221.27  24.36  0.40 16.61 301.17  12.55  0.38 13.57 303.52  10.75  0.05 16.48 255.00   0.02
19810312 060000  7.1 192.7  1.94 12.36 224.09  27.50  4  1.11  6.83 220.09  25.63  1.50 12.28 218.17  11.66  0.42 16.62 300.42  13.86  0.38 13.55 303.54  10.74
19810312 090000  7.0 190.9  1.91 12.05 224.16  28.10  4  1.83 11.98 218.70  18.59  0.42 16.62 299.91  14.74  0.37 13.53 303.37  10.60  0.06 10.26 315.65   7.78
19810312 120000  5.8 191.2  1.88 11.85 224.42  28.32  3  1.80 11.81 218.96  19.00  0.42 16.59 300.01  14.64  0.36 13.47 303.80  10.97
19810312 150000  6.4 215.3  1.82 11.71 225.66  28.02  3  1.74 11.68 220.09  18.39  0.40 16.31 300.43  13.82  0.37 13.49 304.52  10.30
19810312 180000  4.7 211.9  1.79 11.54 226.91  28.30  5  1.70 11.51 220.85  18.26  0.42 15.79 300.37  13.26  0.36 13.43 305.26  10.17  0.13 18.84 221.95   8.51  0.09 15.51 259.61   4.98
19810312 210000  8.4 216.8  1.77 11.29 228.02  28.90  4  1.67 11.25 221.48  18.48  0.47 15.60 300.09  14.62  0.32 13.26 304.72  10.36  0.18 18.04 219.58   8.09
19810313 000000  5.0 211.4  1.74 11.12 228.48  30.13  4  1.03  7.14 220.84  26.39  1.25 11.08 221.60  13.13  0.59 15.59 301.27  13.85  0.25 17.79 220.06   8.25
19810313 030000  5.9 201.3  1.66 10.98 229.97  30.75  6  1.28 10.82 217.15  20.69  0.69 11.23 235.63   6.99  0.52 15.60 299.91  14.49  0.43 13.86 226.67   9.49  0.34 17.25 219.86   8.52  0.28 12.68 305.55  10.15
19810313 060000  6.9 187.6  1.62 16.24 229.80  31.31  7  0.94 11.07 235.11  14.43  0.93 10.60 210.94  11.49  0.53 15.64 300.85  13.29  0.45 13.76 226.76  10.57  0.45 16.68 220.06   8.60  0.24 12.49 307.50   9.93  0.10 14.49 259.93   5.00
19810313 090000  5.8 185.0  1.60 16.26 229.64  31.52  7  1.03 10.98 223.94  25.67  0.68 10.43 213.47   9.47  0.60 13.24 223.29   9.42  0.56 16.43 219.82   9.07  0.50 15.69 301.24  14.34  0.28 12.60 303.98  10.85  0.14 14.48 255.99   8.64
19810313 120000  3.9 188.6  1.56 15.71 230.75  30.84  6  0.95 10.54 227.11  23.91  0.65 15.83 218.97   8.34  0.63 10.80 211.32   9.00  0.62 12.95 226.53  11.01  0.51 15.73 301.02  14.12  0.24 12.43 309.09   8.39
19810313 150000  4.7 212.0  1.54 15.47 231.35  30.32  5  0.87 15.47 222.14   9.98  0.86 10.84 229.16  22.45  0.73 12.38 214.54   9.33  0.51 15.53 301.09  15.08  0.26 12.49 307.30   9.21
19810313 180000  6.8 226.8  1.58 15.32 231.84  30.03  5  0.88 10.74 230.47  22.58  0.87 15.32 220.93   9.35  0.79 12.41 217.94  11.20  0.51 15.27 300.80  15.59  0.28 12.55 308.47   8.90
19810313 210000  5.6 229.3  1.58 14.85 232.32  30.49  3  0.86  9.97 230.58  23.14  1.19 14.78 220.14  10.99  0.58 15.25 303.76  13.56
19810314 000000  1.1 189.7  1.54 14.56 232.73  30.88  3  1.42 14.50 223.00  15.95  0.59 15.19 303.36  14.28  0.12 13.54 260.07   5.00
19810314 030000  2.0 178.4  1.50 14.42 233.40  31.21  4  1.31 14.36 223.04  12.55  0.59 15.17 303.32  14.44  0.41  4.18 221.38  30.74  0.14 13.54 260.11   5.00
19810314 060000  3.9 177.0  1.47 14.24 233.75  32.06  4  1.34 14.13 222.56  15.36  0.60 15.11 303.67  14.61  0.14 13.54 260.33   5.26  0.05 20.36 316.85   7.34
19810314 090000  4.3 184.8  1.43 13.88 234.82  32.74  3  1.29 13.65 222.87  15.21  0.60 15.00 304.44  14.82  0.13 13.54 260.14   5.00
19810314 120000  3.6 185.1  1.40 13.67 235.87  33.55  2  1.26 13.47 223.23  15.60  0.61 14.83 303.67  16.81
19810314 150000  3.7 224.1  1.36 13.57 237.53  33.86  5  1.17 13.36 223.80  15.66  0.61 14.74 303.95  17.33  0.29 16.80 228.71   7.55  0.16 20.41 232.30   8.43  0.08 19.13 316.11   7.78
19810314 180000  5.6 237.3  1.35 13.52 239.25  33.79  5  1.12 13.25 225.54  16.64  0.59 14.68 306.46  14.31  0.39 16.34 229.15   7.92  0.22 19.84 232.51   8.23  0.10 19.06 316.41   7.74
19810314 210000  4.1 217.0  1.34 13.49 241.16  33.71  6  1.07 13.17 226.50  16.62  0.59 14.58 306.64  14.44  0.40 15.79 230.60   7.61  0.32 19.02 231.68   9.10  0.13 12.65 260.21   5.03  0.12 19.05 316.26   7.16
19810315 000000  1.4  89.9  1.33 15.09 242.79  33.56  7  1.02 12.83 227.69  16.21  0.56 14.34 310.31  10.42  0.48 15.65 231.14   8.27  0.34 19.04 231.57  10.52  0.17 14.57 278.33   7.75  0.15 12.66 261.56   6.00  0.12 19.07 315.73   7.51
19810315 030000  1.0 198.6  1.35 14.52 244.00  33.11  7  0.86 12.41 230.42  17.27  0.67 15.21 228.18   9.72  0.57 14.07 310.79  10.35  0.49 18.07 231.44   9.65  0.19 14.46 279.57   7.36  0.14 18.75 315.75   7.79  0.14 12.64 260.33   4.99
19810315 060000  4.0 163.1  1.40 14.42 243.02  33.79  7  0.94 12.68 227.94  21.06  0.60 14.11 307.96  13.79  0.59 14.78 230.79   9.10  0.57 17.83 232.59   9.69  0.16 18.19 316.05   7.69  0.13 12.63 260.54   4.97  0.06 24.95 306.55   8.34
19810315 090000  4.3 140.6  1.46 14.38 242.40  33.33  6  0.85 12.30 227.69  24.69  0.77 17.10 230.79  10.53  0.65 14.33 233.82  10.49  0.59 13.99 308.35  13.65  0.19 18.04 316.20   7.65  0.06 24.82 306.22   8.53
19810315 120000  3.8 159.9  1.55 14.30 240.63  32.32  5  1.16 14.30 231.66  19.65  0.83 16.79 226.81  12.59  0.58 13.89 308.70  13.46  0.21 18.00 316.11   7.73  0.08 23.85 304.97   9.20
19810315 150000  4.5 235.5  1.72 13.89 237.56  30.87  6  1.13 13.42 233.50  19.18  0.97 16.37 230.28   9.93  0.58 13.86 308.54  14.31  0.57 14.25 206.10   6.74  0.23 17.93 315.49   7.49  0.11 23.41 304.73   9.40
19810315 180000  6.9 210.6  1.93 13.65 234.15  29.77  7  0.46  2.91 221.10  33.15  1.23 13.43 234.87  15.29  0.95 15.91 230.67  10.75  0.84 14.20 207.59   8.17  0.57 13.78 308.76  14.32  0.26 17.77 315.09   7.98  0.13 23.34 305.48   8.95
19810315 210000  8.9 204.6  2.14 13.49 231.11  29.38  6  1.56 13.39 218.67  22.53  0.98 15.66 232.33   8.18  0.88 13.30 236.13   8.51  0.57 13.71 309.19  13.95  0.27 17.66 315.45   7.91  0.14 23.30 306.11   8.72
19810316 000000  7.0 206.1  2.27 13.16 229.90  29.32  6  1.67 12.62 217.92  23.65  0.99 15.44 231.12   9.13  0.99 13.13 236.35   8.87  0.55 13.56 310.60  11.69  0.29 17.52 315.64   7.94  0.16 23.03 305.27   9.14
19810316 030000  7.2 191.1  2.25 12.78 230.73  29.40  6  1.69 12.65 218.42  22.44  1.09 15.15 234.12   8.89  0.77 12.29 238.80   9.05  0.54 13.46 310.12  12.78  0.31 17.22 315.47   7.95  0.20 22.00 304.28   9.37
19810316 060000  8.0 177.2  2.22 12.67 230.12  30.98  7  1.71 12.49 217.54  23.90  1.05 14.66 233.31   9.76  0.68 12.19 241.79   8.48  0.51 13.35 310.14  13.00  0.33 16.88 314.84   8.02  0.24 21.85 304.47   9.38  0.12 10.28 312.94   8.75
19810316 090000  7.1 166.7  2.13 12.62 230.62  32.17  7  1.28 12.42 229.84  31.73  1.23 12.28 214.60  10.70  0.97 14.42 231.01   9.73  0.48 13.26 310.08  13.23  0.36 16.73 314.56   7.85  0.25 21.81 305.21   9.21  0.12 10.29 312.95   8.59
19810316 120000  9.8 176.4  2.05 12.69 229.52  34.18  5  1.45 11.81 211.03  27.87  1.30 14.12 235.67  11.34  0.45 13.09 311.80  10.38  0.38 16.63 314.62   8.03  0.26 21.75 305.79   8.94
19810316 150000  7.3 196.0  1.98 13.23 230.96  34.14  6  0.92  4.62 204.17  33.91  1.31 13.33 236.04  13.70  0.96 11.67 214.08  11.03  0.45 13.16 310.94  11.38  0.38 16.56 314.98   8.02  0.31 21.24 304.94   9.07
19810316 180000 10.2 221.0  2.03 13.26 232.78  33.24  5  1.19  4.86 218.82  29.42  1.49 13.28 228.33  15.90  0.44 13.18 310.76  11.30  0.38 16.42 314.99   7.94  0.38 20.49 304.13   9.34
19810316 210000 10.2 206.7  2.21 13.21 231.84  33.55  6  1.77  5.66 219.68  26.54  1.11 13.37 236.14  11.25  0.43 13.18 310.04  11.67  0.42 20.40 304.34   9.51  0.39 16.06 314.60   7.94  0.08  9.69 312.84   9.95
19810317 000000  8.8 191.0  2.16 13.16 231.27  34.91  7  1.65  6.23 220.14  29.17  1.04 13.16 234.73  12.39  0.58 10.41 211.82   8.87  0.42 13.15 309.97  11.55  0.42 15.78 313.92   8.38  0.41 20.38 304.98   9.43  0.08  9.67 312.83   9.74
19810317 030000  5.5 185.8  2.04 13.23 232.39  35.43  7  1.51  6.44 219.44  29.05  1.00 13.28 236.50  11.20  0.61 10.72 213.66  10.04  0.42 15.70 313.70   8.42  0.41 12.99 310.13  11.58  0.41 20.29 305.54   9.02  0.08  9.66 313.03   9.71
19810317 060000  5.6 176.7  1.98 13.49 235.55  34.96  5  1.35  6.53 219.29  28.04  1.24 13.50 232.73  13.96  0.47 19.58 304.98   8.89  0.46 15.56 311.88  10.53  0.35 12.56 313.25   8.51
19810317 090000  5.8 167.3  2.03 13.37 237.81  34.02  5  1.42 13.37 234.48  12.86  1.21  6.80 217.25  27.86  0.56 19.12 304.28   9.23  0.44 15.46 312.12  10.80  0.33 12.44 313.17   8.60
19810317 120000  6.7 163.9  2.13 13.11 238.15  32.73  4  1.98 13.17 229.02  21.67  0.59 19.06 304.34   9.38  0.43 15.31 313.22   8.79  0.31 12.38 312.61   9.95
19810317 150000  6.5 189.3  2.22 12.86 238.07  30.74  4  2.09 12.90 230.39  20.60  0.56 19.03 304.66   9.39  0.42 15.09 313.22   8.76  0.31 12.38 312.45   9.25
19810317 180000 11.1 208.3  2.47 12.81 234.46  29.89  4  2.36 12.82 228.55  21.55  0.54 18.97 305.42   9.07  0.44 14.89 312.82   8.65  0.28 12.34 311.77  10.33
19810317 210000 11.5 207.9  2.91 12.79 231.17  29.41  3  2.81 12.78 226.72  22.98  0.56 18.61 305.54   8.89  0.52 14.77 312.24   9.34
19810318 000000  3.6 205.1  3.14 12.66 231.08  29.91  5  2.49  8.15 220.11  26.21  1.71 12.64 239.72  10.87  0.64 17.91 304.91   9.07  0.50 14.64 312.33   9.33  0.31 19.14 226.88   7.26
19810318 030000  6.1 207.3  3.05 17.80 233.27  29.57  5  2.27  8.52 220.41  25.60  1.77 12.42 240.80  11.69  0.69 17.81 304.49   9.31  0.54 18.42 227.75   7.82  0.48 14.49 312.41   9.48
19810318 060000  4.6 190.4  2.85 17.75 235.35  28.74  5  1.97  8.56 221.87  25.10  1.70 12.24 241.05  11.86  0.82 17.63 227.23   8.34  0.69 17.78 304.46   9.41  0.45 14.35 312.64   9.56
19810318 090000  3.8 185.5  2.75 17.65 236.58  27.31  5  1.80  8.69 224.19  23.66  1.52 12.13 241.18  11.66  1.17 16.75 231.02  11.87  0.66 17.76 304.93   9.22  0.43 14.23 312.72   9.61
19810318 120000  2.2 185.5  2.77 17.24 236.49  25.85  4  2.23 12.05 231.79  20.13  1.45 16.53 231.70  11.89  0.64 17.67 305.56   9.15  0.43 14.17 312.51   9.30
19810318 150000  6.0 211.5  2.86 16.55 235.76  24.79  3  2.76 16.28 231.39  16.99  0.64 17.14 305.89   9.11  0.42 14.12 312.17   9.41
19810318 180000  9.8 215.7  3.01 16.27 234.15  24.57  3  2.91 15.75 230.12  17.23  0.66 16.74 305.54   9.24  0.41 14.01 312.05   9.43
19810318 210000  8.3 208.7  3.10 16.08 233.27  24.60  4  1.79  9.07 222.73  23.29  2.42 15.48 232.84  12.25  0.67 16.67 305.10   9.31  0.40 13.77 312.29   9.08
19810319 000000  2.7 234.8  3.11 15.48 233.00  24.54  3  3.01 15.20 229.12  17.45  0.71 16.63 304.93   9.20  0.35 13.45 314.06   9.10
19810319 030000  6.0 205.6  3.06 15.09 232.95  24.23  4  2.45 14.97 231.78  12.14  1.67  8.94 222.65  22.86  0.70 16.61 305.09   9.21  0.34 13.39 313.67   9.26
19810319 060000  5.5 177.1  2.96 14.84 232.50  24.17  3  2.87 14.71 228.59  16.64  0.67 16.54 305.75   9.14  0.34 13.37 312.11  10.23
19810319 090000  4.3 154.6  2.82 14.62 232.19  24.07  3  2.73 14.51 228.27  16.33  0.64 16.35 306.04   9.37  0.32 13.35 312.01   9.79
19810319 120000  2.8 166.7  2.69 14.44 232.12  23.97  3  2.60 14.36 228.13  15.93  0.61 15.95 306.21   9.30  0.31 13.35 312.54   9.07
19810319 150000  2.4 203.9  2.59 14.28 232.25  24.15  3  2.50 14.23 227.96  15.45  0.63 15.77 306.17   9.36  0.28 13.21 313.49   8.47
19810319 180000  6.4 226.9  2.50 14.02 232.41  24.73  2  2.40 13.99 227.70  15.37  0.69 15.69 307.17   9.64
19810319 210000  7.5 208.1  2.43 13.71 232.00  25.65  3  2.33 13.66 227.03  16.25  0.65 15.61 306.31   9.28  0.24 12.58 312.38  10.44
19810320 000000  2.7 172.7  2.39 13.54 230.74  26.69  3  2.29 13.50 225.73  17.80  0.63 15.51 305.84   9.62  0.23 12.56 312.49  10.34
19810320 030000  3.6 174.9  2.28 13.40 231.05  26.51  3  2.18 13.38 225.94  17.28  0.61 15.43 305.74   9.68  0.23 12.52 313.15  10.32
19810320 060000  5.8 167.1  2.17 13.22 231.03  26.80  3  2.08 13.21 225.80  17.38  0.59 15.38 306.22   9.59  0.22 12.50 313.57   9.36
19810320 090000  5.5 169.6  2.07 12.85 231.16  27.22  2  1.98 12.84 225.75  17.59  0.61 15.34 307.60   9.63
19810320 120000  5.1 160.2  2.01 12.69 231.07  27.80  2  1.92 12.67 225.56  18.30  0.59 15.31 307.86   9.52
19810320 150000  3.7 206.1  1.96 12.60 231.79  27.02  2  1.87 12.58 226.33  17.23  0.58 15.24 307.77   9.54
19810320 180000  8.7 221.1  2.00 12.52 231.41  26.14  3  1.05  6.89 219.40  23.37  1.60 12.50 229.29  12.30  0.56 14.94 307.26   9.78
19810320 210000  8.5 214.8  2.15 12.38 229.41  26.36  3  1.36  6.00 219.66  24.70  1.57 12.35 229.29  12.08  0.55 14.58 306.76  10.09
19810321 000000  5.5 211.8  2.23 12.13 228.71  26.86  6  1.52  6.42 220.84  26.08  1.40 12.10 230.33  11.74  0.64 14.70 220.86   9.51  0.53 14.49 306.70  10.11  0.10 19.02 305.09  10.96  0.06 23.27 309.40   8.02
19810321 030000  7.0 200.0  2.26 14.35 228.43  26.53  5  1.48  6.59 221.04  26.71  1.36 12.03 229.71  11.53  0.88 14.73 222.60   9.86  0.54 14.46 306.67  10.21  0.07 23.18 309.91   8.30
19810321 060000  7.9 199.6  2.29 14.25 227.93  25.68  5  1.35  6.54 220.16  26.87  1.28 13.97 224.02   9.95  1.21 11.87 229.52  12.51  0.54 14.46 306.93  10.03  0.09 22.93 309.52   9.03
19810321 090000  7.3 192.6  2.36 13.94 227.32  24.75  4  1.21  6.29 217.88  27.93  1.94 13.58 226.09  11.41  0.54 14.48 307.13   9.85  0.11 22.09 309.21   8.75
19810321 120000  3.7 178.5  2.40 13.68 227.87  23.48  5  1.75 13.27 227.25  11.40  1.09 15.57 222.41   9.03  1.08  5.99 219.78  28.55  0.53 14.51 307.16   9.72  0.14 21.82 308.79   8.58
19810321 150000  3.1 237.4  2.40 13.76 228.88  22.03  6  1.93 13.33 227.34  11.14  1.01 15.65 222.83  10.23  0.87  5.78 221.86  28.67  0.50 14.55 306.58   9.89  0.17 21.74 308.89   9.01  0.14 17.73 312.13   6.82
19810321 180000  5.3 259.0  2.40 14.30 229.79  21.20  4  1.96 13.04 228.01  15.11  1.28 14.82 224.01  10.10  0.51 14.81 306.74  10.03  0.18 21.65 309.20   9.00
19810321 210000  3.1 241.9  2.38 14.24 230.49  21.05  5  1.94 13.12 228.53  14.29  1.27 14.70 224.64  10.25  0.37 13.59 307.77  10.37  0.35 15.59 305.19   9.71  0.20 21.30 309.17   8.91
19810322 000000  2.0 208.8  2.36 14.07 231.21  21.51  4  2.29 14.12 227.65  12.79  0.38 15.67 307.23   9.04  0.35 13.49 306.00  10.76  0.25 20.53 308.96   8.28
19810322 030000  1.5 225.3  2.31 13.61 232.00  22.32  4  2.23 13.58 227.86  12.40  0.43 13.72 306.27   9.96  0.31 16.44 307.94   9.48  0.30 20.39 308.86   8.09
19810322 060000  3.2 248.9  2.25 13.46 232.68  22.99  4  2.17 13.40 228.12  12.43  0.45 13.82 306.91   9.80  0.32 20.34 308.90   8.48  0.27 16.57 307.03   9.95
19810322 090000  0.9  73.3  2.17 13.37 233.13  23.49  4  2.08 13.30 228.20  12.28  0.44 14.00 306.14   9.89  0.34 20.26 308.87   8.75  0.28 16.46 308.82   9.73
19810322 120000  0.9  99.7  2.09 13.33 233.79  24.37  5  2.00 13.23 228.24  12.15  0.44 14.19 305.85   9.69  0.36 19.94 308.73   8.73  0.26 16.51 309.46   9.52  0.06 21.15 215.27   7.52
19810322 150000  2.6 208.8  2.03 13.35 235.04  26.06  4  1.92 13.21 228.20  12.11  0.52 14.53 306.58   9.79  0.43 19.24 308.41   8.44  0.07 20.76 215.71   7.63
19810322 180000  5.9 216.2  2.02 13.27 235.84  27.82  3  1.89 13.13 227.77  12.77  0.53 15.13 306.38  10.00  0.49 19.08 308.65   8.30
19810322 210000  7.8 208.6  2.06 13.02 235.12  29.00  4  0.56  3.18 218.64  30.52  1.84 12.96 227.45  11.86  0.55 15.27 306.25  10.11  0.50 19.05 309.14   8.27
19810323 000000  6.1 200.0  2.08 12.87 233.70  30.10  4  0.69  3.78 213.29  32.79  1.82 12.81 226.82  11.77  0.53 18.97 308.26   8.80  0.53 15.26 307.06  10.12
19810323 030000  6.5 179.9  2.05 12.80 233.35  31.21  5  0.64  3.81 205.97  34.59  1.79 12.72 226.37  11.95  0.55 18.78 308.01   8.79  0.51 15.26 307.21  10.14  0.11 19.30 215.41   8.13
19810323 060000  8.1 183.7  2.10 12.73 232.31  32.48  5  0.70  3.71 198.06  32.96  1.81 12.64 225.94  12.08  0.60 18.15 308.03   8.74  0.51 15.22 307.15   9.90  0.12 19.05 215.27   8.14
19810323 090000  7.5 175.3  2.26 12.61 231.13  32.43  4  2.10 12.52 222.42  19.54  0.66 17.91 308.38   8.51  0.48 14.53 306.72  10.18  0.14 18.85 215.70   8.19
19810323 120000  4.9 187.7  2.37 12.47 231.86  30.92  4  2.22 12.39 223.92  18.48  0.69 17.84 308.67   8.51  0.45 14.25 306.11  10.32  0.14 18.46 215.94   7.68
19810323 150000  5.8 200.3  2.42 12.36 232.85  29.61  5  2.28 12.30 225.33  17.13  0.66 17.80 308.67   8.60  0.49 14.38 306.43  10.26  0.13 18.15 214.42   7.32  0.05 23.29 304.03   9.33
19810323 180000  7.4 224.5  2.47 12.28 233.86  28.89  4  2.32 12.20 226.52  16.52  0.69 17.72 307.68   9.32  0.48 14.34 307.75   9.24  0.13 18.02 214.64   6.91
19810323 210000  8.9 214.0  2.53 12.17 234.25  29.05  3  2.38 12.09 226.82  16.93  0.71 17.51 307.51   9.12  0.48 14.37 307.60   9.58
19810324 000000  5.7 210.4  2.55 12.07 233.76  30.23  4  2.39 12.01 225.93  18.20  0.76 16.99 307.72   8.96  0.44 14.26 307.29  10.04  0.10 21.82 303.68   9.20
19810324 030000  4.7 188.3  2.50 12.00 234.23  30.43  3  2.33 11.94 225.94  17.58  0.88 16.78 307.82   9.17  0.11 21.78 303.45   9.32
19810324 060000  4.2 184.5  2.42 11.92 234.47  30.50  4  2.25 11.88 225.78  16.75  0.78 16.70 307.95   9.07  0.39 13.61 307.88   9.73  0.11 21.75 302.86   9.40
19810324 090000  3.2 168.3  2.33 11.86 234.87  30.83  3  2.16 11.82 225.56  16.01  0.80 16.66 307.99   8.94  0.37 13.44 306.53  10.57
19810324 120000  4.5 170.1  2.25 11.80 235.51  31.62  4  2.07 11.76 225.17  15.59  0.79 16.61 307.44   9.29  0.36 13.40 308.17   9.62  0.19 20.45 303.16   9.18
19810324 150000  2.3 216.3  2.17 11.74 236.49  32.69  4  1.98 11.70 224.77  15.27  0.80 16.51 307.10   9.35  0.37 13.40 308.06   9.67  0.21 20.39 302.96   9.46
19810324 180000  6.8 237.2  2.12 11.65 237.49  33.64  4  1.91 11.61 224.66  15.59  0.82 16.30 306.80   9.46  0.37 13.39 308.57   9.41  0.22 20.35 302.45   9.52
19810324 210000  6.7 210.0  2.11 11.54 237.01  34.71  3  1.89 11.51 223.71  17.22  0.91 15.91 306.76   9.67  0.13 20.44 305.30   4.45
19810325 000000  3.9 205.7  2.04 11.41 237.20  35.98  3  1.82 11.37 222.78  18.21  0.87 15.73 306.97   9.65  0.31 19.23 303.55   9.03
19810325 030000  4.0 197.2  1.97 11.21 238.27  37.06  3  1.74 11.18 222.37  18.62  0.84 15.65 307.06   9.72  0.38 19.05 302.94   8.96
19810325 060000  4.9 198.5  1.88 15.60 239.51  37.99  4  1.64 11.02 222.09  18.89  0.78 15.60 307.13   9.49  0.40 19.00 302.09   9.21  0.28 12.62 307.66  10.69
19810325 090000  4.4 181.5  1.79 15.55 241.01  39.06  6  1.14 10.89 220.58  12.97  1.03  6.57 223.45  25.14  0.79 15.55 306.80   9.49  0.37 19.01 301.33   9.80  0.26 12.56 309.28  10.21  0.16 15.80 217.45  10.09
19810325 120000  1.0 194.0  1.70 15.48 244.00  40.12  5  1.02  6.56 224.21  24.14  0.98 10.75 219.70  12.83  0.89 15.47 306.02  10.06  0.23 15.75 222.97  12.21  0.21 19.14 305.42   4.70
19810325 150000  1.9 304.3  1.62 15.37 248.49  40.95  5  0.95  6.49 224.87  23.93  0.86 10.48 219.82  12.73  0.77 15.32 306.23  10.19  0.52 17.88 304.46   9.05  0.35 14.98 225.38  11.42
19810325 180000  3.8 290.6  1.59 15.19 252.90  40.90  5  0.87  6.38 226.73  24.39  0.77 15.25 306.79  10.04  0.75 10.33 219.73  12.78  0.57 17.81 302.38   9.10  0.52 14.33 227.56  11.19
19810325 210000  2.9 296.2  1.61 17.71 253.97  39.75  5  0.79  6.23 226.94  24.58  0.77 15.16 306.64  10.08  0.73 10.27 223.19  13.59  0.69 13.48 228.37  11.14  0.60 17.78 301.92   9.31
19810326 000000  0.7 321.6  1.66 17.66 252.64  38.08  4  1.15 12.61 227.75  12.44  0.78 15.03 306.49   9.87  0.70  6.16 227.88  24.57  0.57 17.78 301.13   9.81
19810326 030000  1.5 277.9  1.70 14.69 251.38  36.58  4  1.38 11.93 229.59  15.51  0.74 14.79 305.77  10.47  0.60 17.60 302.61  10.05  0.23 15.56 213.76   4.16
19810326 060000  1.8 207.4  1.72 14.60 251.33  35.68  5  1.23 11.13 233.92  15.07  0.69 13.04 220.71   9.00  0.69 14.50 305.44  10.06  0.66 17.12 303.35  10.67  0.24 15.53 214.27   3.57
19810326 090000  1.1 242.7  1.74 16.59 252.66  35.52  4  1.34 11.11 232.92  14.64  0.70 14.49 306.41  10.25  0.68 16.77 302.17   9.48  0.51 14.91 218.30   8.69
19810326 120000  2.1   4.5  1.74 16.60 254.39  35.69  6  1.17 10.72 237.30  13.92  0.75 16.66 302.09   9.39  0.70 12.70 219.65   9.03  0.67 14.40 306.70  10.28  0.35 16.80 223.50   8.53  0.24 14.49 215.00   0.00
19810326 150000  3.6 320.1  1.74 16.58 256.33  36.55  6  1.11 10.21 240.10  19.99  0.74 16.66 301.59   9.79  0.70 14.45 306.51   9.73  0.65 12.73 222.18   8.91  0.47 14.67 216.49   7.45  0.35 16.88 225.96   7.68
19810326 180000  4.4 273.3  1.74 16.52 256.20  36.37  5  1.05 10.13 241.42  18.22  0.83 16.55 301.94   9.62  0.83 14.11 219.87   9.16  0.60 14.26 307.17  10.34  0.42 16.63 225.66   7.06
19810326 210000  2.7 262.5  1.73 16.36 254.80  36.34  4  1.01 16.46 303.63  10.18  1.00 10.04 241.96  16.60  0.82 13.56 219.55   8.29  0.56 15.86 223.25   8.45
19810327 000000  2.2 282.6  1.74 15.89 252.77  36.43  4  1.00 16.24 303.52  10.24  0.91  9.58 241.93  15.86  0.84 13.25 221.02   9.21  0.70 15.54 222.01   8.60
19810327 030000  2.0 218.2  1.76 15.66 251.11  36.61  4  1.00 15.77 303.41  10.20  0.91 13.16 220.01   8.04  0.84  9.38 242.97  14.40  0.74 15.46 222.12   8.87
19810327 060000  3.0 173.9  1.80 15.58 249.44  37.16  4  1.25 14.48 220.92   8.75  1.02 15.66 303.33  10.12  0.79  9.11 241.34  18.36  0.07 21.69 303.24   9.67
19810327 090000  1.4 147.6  1.83 15.53 249.09  37.21  5  1.03 15.61 303.24  10.07  0.95 14.63 221.34   9.25  0.94 12.40 221.50   9.20  0.70  8.41 243.09  17.02  0.09 21.64 302.73  10.33
19810327 120000  1.0 239.2  1.87 15.52 248.32  36.89  4  1.25 12.78 228.31  14.95  1.05 15.58 303.23  10.00  0.91 14.86 221.15   9.51  0.11 21.64 302.47  10.43
19810327 150000  2.3 273.7  1.95 15.49 246.58  35.76  5  1.17 11.80 232.09  14.55  1.05 15.53 303.07  10.11  0.87 15.84 220.36   9.21  0.77 13.58 221.38  11.04  0.11 21.63 302.44  10.44
19810327 180000  5.0 264.1  2.07 15.41 244.66  34.12  4  1.50 13.22 231.13  15.61  1.03 15.46 303.00  10.09  0.98 15.33 220.23   9.39  0.11 21.47 302.82  10.06
19810327 210000  2.5 252.3  2.17 15.24 242.82  32.76  4  1.64 13.17 231.81  15.53  1.01 15.35 302.93  10.14  0.99 15.22 219.03   8.96  0.14 20.52 303.50   9.60
19810328 000000  0.8  79.1  2.24 14.95 241.48  32.01  3  2.00 12.77 228.21  15.02  1.00 15.25 302.96  10.16  0.17 20.32 303.46   9.51
19810328 030000  2.3 162.4  2.26 14.68 240.86  32.03  4  1.66 12.36 232.24  15.57  1.15 14.48 218.66   8.39  0.99 15.18 303.06  10.18  0.21 20.26 302.63   9.98
19810328 060000  4.4 172.5  2.24 14.56 239.98  32.81  3  2.00 12.48 226.62  16.02  0.98 15.14 303.11  10.18  0.21 20.25 302.08  10.27
19810328 090000  6.0 155.2  2.22 14.40 238.49  34.20  3  1.98 13.27 224.85  18.22  0.97 15.10 303.23  10.10  0.21 20.20 302.02  10.42
19810328 120000  4.7 133.2  2.17 14.23 237.60  35.27  3  1.94 13.27 223.60  19.68  0.95 15.03 303.20  10.13  0.21 19.84 302.82  10.06
19810328 150000  3.3 165.2  2.10 14.24 238.14  34.92  3  1.87 11.93 223.64  17.97  0.93 14.78 303.17  10.19  0.26 19.11 303.21   9.55
19810328 180000  5.0 214.3  2.05 14.28 238.38  35.08  4  1.53 11.63 225.30  18.81  0.96 13.81 218.20   9.50  0.90 14.58 303.09  10.37  0.32 19.00 303.03   9.79
19810328 210000  6.0 215.5  2.01 14.32 238.44  35.31  5  0.37  2.69 205.06  33.66  1.30 10.94 228.45  17.34  1.14 13.40 217.64   8.82  0.88 14.47 303.24  10.33  0.35 18.96 302.32  10.13
19810329 000000  2.8 218.4  1.95 14.35 238.85  35.69  4  1.29 10.86 226.31  19.86  1.12 13.24 218.13   9.14  0.87 14.41 303.34  10.36  0.34 18.93 301.89  10.60
19810329 030000  0.3  15.4  1.88 14.36 239.39  35.94  4  1.22 10.77 225.97  19.35  1.10 14.25 218.61   9.21  0.86 14.38 303.45  10.37  0.32 18.88 302.03  10.94
19810329 060000  1.6 245.6  1.83 14.33 240.08  36.25  5  1.20 14.25 218.20   9.50  1.03 10.19 228.71  19.61  0.85 14.36 303.49  10.38  0.32 18.49 302.83  10.68  0.17 21.30 219.62   7.82
19810329 090000  0.8 148.3  1.79 14.26 241.20  36.77  5  1.16 14.03 218.52   9.38  0.97 10.14 228.15  19.34  0.84 14.34 303.52  10.38  0.38 17.88 303.25  10.13  0.25 20.61 222.52   8.20
19810329 120000  1.2 107.5  1.76 14.12 242.51  37.31  5  1.18 13.53 218.77   9.42  0.82  9.57 230.31  20.27  0.81 14.29 303.50  10.41  0.45 17.78 303.15  10.07  0.41 19.98 221.28   8.88
19810329 150000  0.9  66.7  1.73 13.73 243.16  37.48  6  1.11 13.32 218.86   9.13  0.79 14.21 303.44  10.24  0.78  9.53 229.81  20.70  0.55 19.34 222.11   8.93  0.49 17.74 302.27  11.13  0.06  8.99 328.18   7.12
19810329 180000  3.3 256.5  1.71 13.47 242.84  37.18  6  1.03 13.06 219.79   8.71  0.76 13.92 303.46  10.23  0.73  9.48 228.71  22.26  0.70 18.97 221.79   8.82  0.50 17.71 301.55  12.70  0.06  8.98 328.43   7.08
19810329 210000  3.3 248.5  1.71 17.97 241.80  36.35  5  1.15 12.77 223.61  17.43  0.90 18.67 222.55   8.52  0.73 13.62 303.53  10.24  0.48 17.68 301.99  12.55  0.06  9.00 327.19   7.49
19810330 000000  0.7 206.8  1.71 17.84 240.29  35.35  4  1.06 17.99 223.00   8.95  1.05 12.57 223.82  17.79  0.71 13.53 303.77  10.45  0.45 17.58 303.28  11.53
19810330 030000  2.3 173.6  1.75 17.61 239.61  34.48  5  1.22 17.73 223.29   8.85  0.94 12.38 224.56  18.86  0.70 13.48 303.86  10.48  0.46 16.90 304.24  10.14  0.11 15.68 261.31   6.42
19810330 060000  4.4 174.0  1.82 17.02 239.73  33.95  6  1.37 17.45 223.73   8.96  0.82 12.07 226.08  20.98  0.69 13.46 303.82  10.62  0.50 16.69 302.98   9.56  0.14 19.03 316.81   3.90  0.13 15.51 260.71   5.59
19810330 090000  4.0 145.4  1.93 16.73 238.98  34.17  6  1.51 16.86 224.21   9.21  0.77 12.06 221.68  26.96  0.67 13.44 303.66  10.78  0.58 16.65 304.04   9.87  0.19  8.57 269.04  11.03  0.13 15.51 260.74   5.71
19810330 120000  3.1 128.0  2.01 16.62 239.19  33.25  4  1.76 16.62 223.91  12.63  0.65 13.42 304.04  10.31  0.62 16.63 303.93  10.07  0.38  8.74 272.33  18.61
19810330 150000  1.3 281.6  2.10 16.47 239.16  31.74  5  1.82 16.37 224.62   9.55  0.64 13.38 303.69  10.82  0.63 16.62 304.09  10.27  0.55  8.63 261.26  31.32  0.17 14.50 261.32   6.12
19810330 180000  5.0 252.8  2.20 16.02 239.27  30.32  5  1.89 15.75 224.90   9.52  0.69  8.50 264.71  22.01  0.62 13.31 303.19  11.58  0.61 16.62 304.53  10.51  0.19 14.48 260.24   5.42
19810330 210000  4.1 245.4  2.25 15.56 239.25  29.51  6  1.93 15.47 225.08   9.41  0.77  8.33 266.62  19.52  0.59 16.60 305.10  10.41  0.59 13.18 303.54  11.30  0.19 14.48 260.81   5.97  0.12 11.95 259.84   5.00
19810331 000000  4.7 209.2  2.27 15.32 239.46  29.36  5  1.95 15.19 225.54   9.88  0.81  8.28 267.30  19.50  0.60 16.39 305.37  10.18  0.57 12.76 302.52  12.80  0.09 23.36 305.53   8.41
19810331 030000  3.0 186.8  2.26 15.08 240.17  29.82  6  1.94 14.74 225.73  10.11  0.80  8.05 269.64  19.64  0.63 15.86 305.43   9.65  0.52 12.64 304.52  10.60  0.18 11.35 262.40   6.55  0.11 23.30 305.89   8.38
19810331 060000  5.9 181.7  2.23 14.71 240.83  30.61  6  1.89 14.45 225.93  10.23  0.81  8.31 267.34  26.39  0.67 15.72 305.08  10.01  0.49 12.59 304.47  10.54  0.22 11.09 263.48   6.39  0.12 23.29 306.38   8.32
19810331 090000  6.1 177.7  2.20 14.50 240.80  31.76  5  1.84 14.30 226.24  10.42  0.87  8.31 261.29  35.17  0.68 15.66 304.99  10.24  0.47 12.56 304.27  10.22  0.13 23.06 305.99   8.40
19810331 120000  9.1 170.1  2.21 14.43 238.98  34.07  6  0.59  3.20 179.01  31.48  1.80 14.19 226.73  10.61  0.74  8.24 272.93  12.96  0.69 15.62 304.76  10.41  0.46 12.55 304.70  10.22  0.17 21.90 304.90   8.58
19810331 150000  7.6 191.4  2.21 14.72 238.33  34.24  7  0.68  3.70 185.66  32.37  1.80 14.09 227.42  10.72  0.69 15.60 304.92  10.48  0.63  8.36 274.99  12.22  0.45 12.54 304.44  10.40  0.28 10.42 263.51   6.35  0.22 21.79 304.99   8.65
19810331 180000  9.3 209.6  2.29 15.30 238.16  31.76  7  0.89  4.01 211.41  30.99  1.68 14.32 227.14  10.76  0.73 18.16 234.96   8.52  0.68 15.58 305.39  10.13  0.64  8.33 273.52  11.34  0.43 12.53 304.52  10.75  0.23 21.78 305.44   8.70
19810331 210000 10.3 204.4  2.43 15.26 236.48  30.90  7  1.11  4.50 215.36  31.74  1.73 14.67 228.30  10.94  0.82 18.14 234.46   8.92  0.67 15.55 305.65  10.16  0.58  9.48 274.23  10.53  0.41 12.51 305.42  10.10  0.21 21.74 305.72   8.59
19810401 000000 10.4 193.5  2.56 15.05 233.80  31.05  6  1.22  4.80 208.02  32.04  1.96 14.59 232.29  15.72  0.76 18.00 237.02   8.29  0.66 15.49 305.98   9.86  0.39 12.47 305.77   9.94  0.25 20.80 305.00   8.71
