Date     Time   Uabs UDir  hs    tp    th     sp     np hs(i) tp(i) th(i)  sp(i)
19931101 000000 13.3 189.5  2.42 15.08 214.98  30.38  5  1.87  5.82 209.57  34.62  1.48 15.08 219.00  12.69  0.31 17.89 229.52   5.84  0.26 17.01 313.97   8.21  0.17 13.33 310.45  13.45
19931101 030000 11.1 166.6  2.46 14.37 211.23  31.51  4  1.97  6.30 204.99  34.64  1.44 14.40 217.89  11.06  0.29 16.85 313.72   8.30  0.18 13.28 309.98  13.21
19931101 060000  9.1 154.3  2.22 14.30 212.28  32.01  5  1.68  6.55 204.43  36.21  1.36 14.33 216.74  10.69  0.41 16.76 228.64   5.55  0.30 16.79 313.48   8.43  0.18 13.31 309.72  12.74
19931101 090000  7.3 146.8  2.02 14.22 213.52  31.64  5  1.42  6.57 204.45  37.00  1.34 14.25 216.51  10.42  0.38 16.74 229.04   5.49  0.30 16.73 313.23   8.53  0.19 13.33 307.76  14.54
19931101 120000  8.3 178.4  1.91 13.78 214.77  29.73  4  1.26  6.56 205.00  35.07  1.39 13.83 217.72  11.00  0.30 16.59 313.12   8.49  0.18 13.31 308.84  12.88
19931101 150000  8.4 203.1  1.92 13.58 215.86  27.35  5  1.24  6.47 207.45  31.04  1.34 13.60 216.50  10.90  0.48 15.67 228.38   5.24  0.31 16.25 313.17   8.38  0.17 13.26 308.34  13.42
19931101 180000 10.2 214.2  2.14 13.50 217.63  25.10  4  1.53  6.08 213.50  26.23  1.46 13.51 218.05  11.25  0.34 15.88 313.09   8.34  0.16 13.07 308.68  13.30
19931101 210000 11.1 202.6  2.40 13.40 218.52  25.26  4  1.83  6.33 215.81  26.28  1.50 13.41 218.37  11.45  0.36 15.82 312.72   8.46  0.15 12.81 308.96  13.27
19931102 000000  8.0 205.8  2.44 13.01 219.02  25.86  4  1.87  6.66 216.48  27.26  1.53 13.03 218.65  11.74  0.36 15.80 312.25   8.66  0.15 12.71 309.59  12.67
19931102 030000  7.6 195.1  2.34 12.79 219.81  25.51  4  1.72  6.85 217.10  26.98  1.53 12.80 219.13  12.15  0.36 15.75 311.89   8.86  0.16 12.67 308.93  12.28
19931102 060000  7.3 172.2  2.20 14.23 220.11  25.52  5  1.53  6.86 216.34  27.17  1.27 12.53 220.35  13.40  0.85 14.50 218.47  10.58  0.36 15.63 311.81   8.93  0.16 12.64 308.65  11.98
19931102 090000  4.8 175.4  2.05 13.69 221.41  25.28  4  1.49 13.38 220.43  12.99  1.34  6.82 217.25  26.24  0.36 15.33 312.01   8.84  0.16 12.62 308.09  12.09
19931102 120000  7.5 180.2  1.95 13.39 221.95  26.01  5  1.22  6.78 215.98  26.39  1.46 13.34 221.31  13.54  0.38 15.04 312.14   8.70  0.15 12.61 308.06  12.04  0.08 19.50 203.19   5.53
19931102 150000  7.1 208.7  1.89 13.25 222.93  26.24  5  1.17  6.85 216.08  25.18  1.42 13.23 222.39  14.21  0.39 14.97 311.94   8.68  0.15 18.79 205.86   6.73  0.15 12.58 308.08  12.14
19931102 180000  7.6 219.0  1.90 12.79 224.15  26.05  6  1.26  7.06 219.05  23.58  1.33 12.90 222.25  13.91  0.40 14.97 311.45   8.96  0.20 11.87 257.32   5.44  0.20 17.95 203.11   4.85  0.15 12.58 308.81  11.98
19931102 210000  9.0 208.2  1.99 12.55 223.81  26.33  5  1.39  7.19 218.22  23.81  1.30 12.65 222.99  13.65  0.43 14.97 310.86   9.47  0.29 17.21 204.29   5.99  0.26 11.81 260.50   6.52
19931103 000000  6.0 205.7  2.04 12.39 222.96  27.12  6  1.51  6.86 217.87  24.66  1.17 12.50 221.62  11.99  0.41 14.93 310.80   9.27  0.40 16.37 205.96   7.06  0.37 11.52 258.90   6.06  0.13 11.97 308.95  11.77
19931103 030000  5.2 165.9  1.99 12.10 223.22  27.50  6  1.51  7.10 218.93  24.84  1.07 12.35 221.04  11.43  0.46 15.75 205.36   6.61  0.41 14.73 310.92   9.30  0.38 11.15 255.51   6.94  0.14 11.91 309.06  11.13
19931103 060000  4.2 134.5  1.90 11.89 223.91  27.85  6  1.39  7.21 219.24  24.54  0.97 12.10 220.88  11.46  0.60 15.10 210.03  10.49  0.42 10.94 255.39   7.98  0.41 14.41 311.12   9.26  0.14 11.89 308.74  11.52
19931103 090000  4.2 124.8  1.79 14.42 224.70  28.72  6  1.21  7.19 217.67  24.89  0.99 11.99 221.77  11.61  0.58 14.70 207.15   7.78  0.49 10.89 256.06   8.03  0.41 14.24 311.23   9.18  0.14 11.87 308.87  11.55
19931103 120000  1.8  79.5  1.70 14.16 226.12  29.00  6  1.06  7.26 218.50  24.89  0.98 11.88 221.29  12.08  0.64 14.49 213.16  13.13  0.46 10.93 259.70   6.02  0.41 14.20 311.15   8.99  0.14 11.89 309.37  11.49
19931103 150000  4.9 280.3  1.65 13.68 228.27  29.28  5  1.15 13.48 218.90  12.96  0.98  7.42 221.16  24.93  0.50 10.98 258.93   7.51  0.44 14.19 310.72   9.40  0.05 19.70 301.46   9.84
19931103 180000  3.8 295.3  1.62 13.49 229.32  29.50  5  1.13 13.26 218.32  12.43  0.93  7.49 222.11  24.62  0.54 10.97 258.31   8.21  0.44 14.19 310.58   9.38  0.06 19.21 301.73   9.71
19931103 210000  2.7 335.2  1.59 13.16 229.47  29.91  5  1.10 12.83 217.54  12.02  0.89  7.69 220.92  23.85  0.57 10.93 258.09   8.58  0.45 14.15 310.52   9.44  0.07 19.08 301.69   9.87
19931104 000000  6.7 355.9  1.56 12.83 230.52  33.43  5  1.11 12.67 217.23  12.06  0.83  7.42 224.25  36.29  0.54 10.85 259.34  11.03  0.45 14.06 310.57   9.44  0.08 19.01 301.63  10.24
19931104 030000  6.0 338.2  1.54 12.73 232.95  38.37  6  0.45  3.05 331.58  34.28  1.13 12.55 216.44  12.04  0.66  7.38 216.29  15.39  0.50 10.29 259.38   8.93  0.44 13.74 310.57   9.52  0.10 18.92 302.08  10.03
19931104 060000  4.3 347.8  1.50 12.62 233.04  38.90  7  0.47  3.30 326.02  35.15  1.12 12.39 215.63  11.64  0.59  7.31 215.11  14.17  0.48 10.24 259.34   9.41  0.43 13.53 310.69   9.36  0.11 18.72 302.09   9.76  0.07 20.03 226.65   8.08
19931104 090000  6.0 335.1  1.48 12.48 232.75  38.90  6  0.47  3.35 322.55  34.92  1.25 12.19 215.22  11.90  0.45 10.19 260.05   9.47  0.42 13.43 310.68   9.32  0.13 18.12 301.98   9.66  0.09 19.41 227.99   7.58
19931104 120000  5.9 346.6  1.47 12.30 233.07  39.15  6  0.50  3.50 318.43  36.44  1.25 12.04 215.84  12.33  0.41 13.38 310.48   9.45  0.38  9.68 263.34   7.77  0.15 18.91 230.00   7.68  0.15 17.89 301.95   9.59
19931104 150000  5.8 331.3  1.49 12.09 234.60  39.38  5  1.37 11.92 225.87  34.94  0.41 13.35 310.33   9.55  0.33  9.59 265.21   7.98  0.21 18.46 230.72   7.31  0.16 17.81 301.93   9.66
19931104 180000  5.1 305.0  1.53 11.96 235.86  38.01  5  0.63  4.30 297.95  36.64  1.28 11.83 219.43  16.17  0.40 13.33 310.35   9.29  0.34 17.61 230.09   8.38  0.17 17.75 301.93   9.75
19931104 210000  2.9 277.7  1.57 11.90 235.28  35.35  5  1.27 11.76 219.54  15.69  0.64  4.65 288.53  35.46  0.51 16.94 230.03   8.86  0.40 13.29 310.29   9.26  0.19 17.66 301.93   9.68
19931105 000000  2.0 253.8  1.63 11.87 234.35  32.61  5  1.27 11.70 219.45  14.61  0.69 16.38 230.79   9.16  0.62  4.90 284.59  32.72  0.39 13.23 310.13   9.31  0.21 17.41 301.99   9.54
19931105 030000  3.5 198.1  1.71 16.17 233.19  29.94  5  1.21 11.68 219.78  14.36  0.94 15.80 228.65   9.68  0.61  4.97 277.59  34.37  0.38 13.10 310.05   9.35  0.23 16.85 301.96   9.50
19931105 060000  6.7 167.4  1.81 15.28 231.40  28.37  5  1.16 11.56 218.94  13.38  1.14 15.20 229.06   9.83  0.66  5.45 261.04  44.01  0.36 12.86 309.92   9.41  0.24 16.70 301.81   9.51
19931105 090000  7.2 170.3  1.92 14.67 228.67  28.45  6  0.55  3.24 182.70  33.62  1.29 14.72 229.20   9.98  1.12 11.53 219.25  12.89  0.52  5.89 278.27  19.63  0.34 12.73 309.77   9.47  0.26 16.64 301.76   9.60
19931105 120000  8.4 179.2  2.01 14.24 227.23  27.57  5  0.69  3.60 188.03  31.76  1.77 14.30 225.75  12.20  0.48  5.81 276.02  18.16  0.32 12.65 309.57   9.44  0.27 16.59 301.95   9.83
19931105 150000  9.0 204.1  2.13 13.78 226.25  25.95  5  0.97  4.37 204.70  30.57  1.81 13.85 226.62  12.16  0.39  6.01 278.40  15.33  0.31 12.60 309.52   9.36  0.27 16.52 301.72   9.72
19931105 180000 11.4 216.6  2.37 13.54 226.66  24.58  3  2.33 13.60 224.90  21.47  0.29 12.55 309.52   9.17  0.27 16.31 301.60   9.75
19931105 210000 11.3 206.9  2.52 13.33 225.72  24.96  4  1.81  5.98 219.58  28.03  1.71 13.40 228.77  11.65  0.28 15.76 301.69   9.81  0.28 12.51 309.46   9.08
19931106 000000 10.8 197.2  2.58 13.08 223.22  26.18  5  1.94  6.43 215.41  28.22  1.66 13.18 229.41  11.71  0.29 15.60 301.68   9.72  0.26 12.48 309.35   9.15  0.07 19.04 306.32  10.21
19931106 030000 11.1 186.8  2.57 12.91 221.60  27.54  5  1.99  6.73 212.75  28.84  1.58 12.99 230.53  11.47  0.31 15.55 301.48   9.83  0.25 12.44 309.34   9.04  0.06 19.04 308.57   8.79
19931106 060000 10.2 185.1  2.47 12.83 221.85  28.17  5  1.91  6.89 212.61  29.56  1.51 12.88 231.08  11.59  0.31 15.51 301.20   9.83  0.23 12.43 309.06   9.16  0.06 19.05 309.05   8.94
19931106 090000 10.3 177.2  2.41 12.71 220.77  28.97  5  1.88  6.87 210.83  30.01  1.45 12.74 231.72  11.62  0.30 15.47 300.86   9.92  0.22 12.42 308.61   9.23  0.06 19.08 309.29   9.01
19931106 120000  9.8 177.0  2.29 12.58 220.42  29.48  4  1.78  6.86 209.31  30.47  1.40 12.59 232.36  11.73  0.29 15.38 300.59  10.39  0.21 12.41 308.18   9.43
19931106 150000 11.0 193.1  2.26 12.48 219.08  28.87  4  1.80  6.69 208.35  28.80  1.33 12.48 232.68  11.92  0.28 14.99 300.77  10.12  0.20 12.39 307.89   9.55
19931106 180000 12.5 210.1  2.46 12.38 220.73  26.30  4  2.44 12.38 219.53  24.34  0.27 14.63 300.53  10.12  0.19 12.33 307.59   9.71  0.08 17.85 306.88   8.44
19931106 210000 13.5 203.0  2.76  6.93 221.07  26.57  5  2.72  6.93 220.18  25.15  0.30 16.24 212.36   6.32  0.29 14.55 300.51  10.25  0.17 12.09 307.37  10.34  0.08 17.87 306.96   8.92
19931107 000000 11.3 185.1  2.71  7.32 219.63  28.29  6  2.47  7.32 215.78  27.83  1.01 11.91 234.31  12.34  0.33 16.00 212.80   7.13  0.30 14.51 300.28   9.94  0.16 11.85 308.59   9.03  0.08 17.97 307.18   9.13
19931107 030000 10.7 175.4  2.55  7.39 217.36  29.53  6  2.29  7.39 212.55  28.95  0.94 11.78 235.77  12.43  0.48 15.27 216.65   8.50  0.30 14.48 300.43  10.11  0.13 11.70 307.97   9.68  0.09 18.27 306.23  10.24
19931107 060000  8.9 160.8  2.30 11.69 218.41  30.04  6  1.98  7.42 212.18  30.22  1.03 11.69 233.82  13.14  0.47 15.45 214.56   8.02  0.29 14.45 299.74   9.90  0.13 11.71 308.58   9.55  0.09 18.72 305.89  10.19
19931107 090000  7.4 165.1  2.10 11.60 220.72  28.61  6  1.73  7.45 214.86  29.71  1.02 11.60 231.84  13.78  0.55 15.14 216.06   8.27  0.27 14.37 299.15  10.25  0.13 11.72 307.88   9.48  0.09 18.81 305.68  10.18
19931107 120000  7.4 179.8  1.99 11.48 222.14  26.91  7  1.52  8.17 215.52  28.80  1.02 11.45 232.73  14.58  0.73 15.35 217.60   8.84  0.25 14.07 299.49  10.39  0.13 11.70 307.92   9.92  0.09 18.85 304.58  10.61  0.07 16.63 301.51   9.44
19931107 150000  9.3 205.4  2.02 15.19 222.40  24.96  6  1.81 11.17 221.55  24.69  0.85 15.25 218.94   8.67  0.25 13.68 299.50  10.79  0.12 11.71 308.17  10.43  0.10 16.86 303.33  10.74  0.07 19.13 305.36   8.26
19931107 180000 11.4 212.5  2.32 14.55 222.56  23.65  4  2.30 14.66 221.49  21.72  0.25 13.59 299.69  10.60  0.13 17.27 304.82   9.61  0.12 11.70 309.52  10.29
19931107 210000 11.6 207.2  2.66 14.37 222.24  24.54  4  2.25  6.92 219.92  25.82  1.38 14.44 224.91  12.48  0.28 13.55 301.52  11.24  0.14 17.74 304.91   9.83
19931108 000000  7.9 186.9  2.69 14.08 222.16  25.10  4  2.24  7.37 220.16  27.12  1.45 14.20 223.71  11.29  0.28 13.53 301.40  11.35  0.15 17.80 304.59  10.04
19931108 030000  8.7 191.9  2.60 13.67 222.27  24.13  4  2.00  7.38 219.46  27.62  1.64 13.70 223.92  11.03  0.27 13.51 301.32  11.63  0.16 17.82 303.83  10.10
19931108 060000  8.9 180.4  2.59 13.50 222.23  23.01  5  1.82  7.20 218.26  27.92  1.72 13.51 224.40  11.27  0.57 17.15 222.95   7.63  0.25 13.47 301.23  12.00  0.17 17.83 303.00  10.40
19931108 090000  6.7 172.4  2.59 13.37 223.00  21.56  5  1.68  7.12 218.77  27.93  1.57 13.22 226.02  11.41  1.17 16.07 221.91   8.34  0.23 13.37 301.14  12.72  0.18 17.83 302.93  10.50
19931108 120000  7.1 181.0  2.58 13.33 224.11  19.77  5  1.47  7.11 219.35  27.31  1.79 13.36 226.42  11.23  1.10 15.83 221.96   9.01  0.21 12.99 301.33  13.24  0.19 17.82 303.37  10.47
19931108 150000  8.8 211.2  2.62 15.20 224.35  18.47  3  2.60 15.18 223.65  16.74  0.21 17.04 303.83  10.47  0.20 12.74 301.86  13.61
19931108 180000 10.3 215.2  2.84 15.05 223.85  18.60  4  1.61  6.22 219.70  25.39  2.33 15.03 224.73  10.61  0.23 16.85 304.12  10.32  0.19 12.68 302.58  13.64
19931108 210000 10.6 204.3  3.07 14.58 223.21  19.47  4  1.84  6.42 219.44  26.47  2.44 14.58 224.24  10.37  0.24 16.85 304.10  10.26  0.19 12.65 302.86  13.50
19931109 000000 10.3 189.7  3.20 14.42 222.14  20.20  4  1.88  6.79 216.25  28.02  2.56 14.41 224.12  10.33  0.25 16.91 303.68  10.48  0.19 12.64 302.83  13.42
19931109 030000  9.8 191.4  3.21 14.32 221.81  19.98  4  1.80  6.92 213.72  28.31  2.65 14.31 224.34  10.36  0.26 17.08 303.16  10.67  0.18 12.62 302.79  13.56
19931109 060000 10.3 178.9  3.20 14.28 221.05  20.79  4  1.74  6.84 209.83  29.79  2.66 14.28 224.45  10.40  0.26 17.39 303.03  10.77  0.17 12.60 302.22  13.87
19931109 090000  8.7 179.2  3.11 14.34 221.55  20.56  4  1.57  6.69 207.88  29.83  2.66 14.32 224.91  10.87  0.28 17.45 303.35  10.71  0.15 12.55 303.13  13.66
19931109 120000  8.0 172.0  2.99 15.04 222.44  20.08  3  2.97 14.90 221.71  18.39  0.30 17.44 304.24  10.16  0.14 12.43 303.00  14.35
19931109 150000  9.3 202.6  2.90 15.11 223.14  19.42  2  2.88 15.06 222.33  17.43  0.34 17.35 304.86  10.26
19931109 180000 11.0 204.7  2.98 14.87 223.09  19.92  3  1.48  5.45 212.44  27.81  2.56 14.75 225.17  11.36  0.36 17.00 305.14  10.08
19931109 210000 11.1 206.5  2.99 14.66 223.29  20.60  4  1.59  5.71 214.57  28.16  2.51 14.58 225.18  11.58  0.36 16.53 304.95  10.36  0.09 21.49 300.88   9.82
19931110 000000  7.5 196.4  2.91 14.61 223.61  20.97  4  1.49  5.90 214.89  29.69  2.48 14.55 225.12  11.99  0.35 16.43 304.61  10.34  0.11 21.23 300.17  10.07
19931110 030000  6.6 195.3  2.78 14.63 224.46  20.11  3  2.76 14.56 223.40  17.67  0.35 16.38 304.62  10.27  0.12 20.75 300.02  10.26
19931110 060000  7.4 196.8  2.73 14.64 224.78  19.50  4  0.97  5.53 212.15  30.39  2.52 14.55 225.10  12.76  0.36 16.33 304.84  10.25  0.13 20.54 300.31  10.38
19931110 090000  6.3 187.0  2.71 14.62 224.98  19.61  3  2.68 14.52 223.65  16.35  0.37 16.26 305.54  10.13  0.16 20.40 300.62  10.61
19931110 120000  6.8 188.0  2.70 14.51 225.43  19.72  3  2.66 14.43 223.92  16.01  0.39 16.16 305.47  10.23  0.18 20.27 300.63  10.54
19931110 150000  7.2 208.0  2.69 14.39 225.87  19.80  3  2.65 14.33 224.24  15.80  0.40 15.87 305.40  10.18  0.19 20.11 300.30  10.28
19931110 180000  9.4 214.8  2.75 14.29 225.85  20.39  3  2.71 14.21 224.17  16.48  0.41 15.56 305.39  10.12  0.21 19.81 299.67  10.38
19931110 210000  9.2 206.6  2.77 14.20 225.85  21.34  4  1.24  5.18 216.11  28.33  2.44 14.09 225.97  12.80  0.41 15.36 305.14  10.21  0.23 19.36 299.85  10.41
19931111 000000  6.6 197.3  2.67 14.09 226.36  21.88  4  1.08  5.34 214.09  30.67  2.39 13.91 226.27  12.94  0.41 15.23 304.71  10.63  0.25 19.18 300.12  10.53
19931111 030000  5.4 169.1  2.54 13.91 227.33  21.76  3  2.49 13.77 225.13  17.18  0.41 15.18 304.64  10.72  0.27 19.07 300.62  10.57
19931111 060000  9.7 182.8  2.51 13.78 226.01  23.42  3  2.46 13.67 223.70  18.98  0.40 15.14 304.88  10.64  0.29 18.96 300.46  10.54
19931111 090000  9.5 181.5  2.54 13.69 224.15  25.27  5  1.09  4.61 196.73  31.51  2.23 13.61 226.48  12.54  0.40 15.07 305.02  10.78  0.30 18.80 299.96  10.48  0.19 11.89 267.01   7.19
19931111 120000  8.7 178.0  2.50 13.63 223.74  26.03  4  1.12  4.80 197.02  32.59  2.18 13.55 226.56  12.79  0.39 14.94 305.14  10.65  0.31 18.48 299.72  10.50
19931111 150000  9.5 205.8  2.46 13.56 224.89  24.88  4  1.12  4.84 204.62  30.78  2.13 13.49 226.50  12.77  0.39 14.74 305.27  10.61  0.33 18.07 299.72  10.66
19931111 180000 11.3 210.9  2.66 13.48 225.67  24.10  4  1.57  5.41 218.26  28.42  2.08 13.40 226.05  12.30  0.38 14.53 305.29  10.63  0.34 17.92 299.72  10.83
19931111 210000 13.0 205.4  2.94 13.37 224.72  24.95  3  2.90 13.28 222.92  21.91  0.37 14.36 305.23  10.79  0.34 17.84 299.41  10.93
19931112 000000  9.6 204.0  3.00 13.26 224.28  25.35  4  2.12  6.87 219.68  29.12  2.06 13.14 225.35  11.70  0.36 17.75 299.45  11.18  0.35 14.25 305.05  10.68
19931112 030000  9.9 191.3  2.91 13.09 224.04  25.36  4  1.97  7.19 218.11  29.72  2.09 12.96 225.54  12.09  0.36 17.64 299.42  10.98  0.33 14.21 304.58  10.99
19931112 060000 10.9 185.2  2.86 12.94 222.81  26.00  3  2.82 12.85 220.99  23.08  0.38 17.41 299.32  10.85  0.32 14.17 304.56  11.08
19931112 090000 10.4 184.4  2.85 12.89 221.70  26.60  4  2.20  8.03 217.27  28.75  1.74 12.80 223.53  10.69  0.38 16.95 299.18  10.99  0.31 14.15 304.80  11.13
19931112 120000  9.4 183.8  2.75 12.94 221.71  26.56  4  2.16  8.10 218.18  28.26  1.63 12.83 222.26  10.42  0.38 16.75 299.21  11.11  0.30 14.12 305.04  11.03
19931112 150000 10.9 203.1  2.70 13.06 220.91  25.99  4  2.11  7.90 217.26  27.25  1.62 12.92 221.50  10.91  0.38 16.67 298.87  11.47  0.29 14.07 304.99  11.18
19931112 180000 14.6 204.2  3.05 13.52 219.14  24.91  3  3.01 13.43 217.64  22.20  0.38 16.63 298.56  11.11  0.29 13.87 305.07  11.46
19931112 210000 14.2 204.2  3.52  7.76 218.35  24.78  3  3.49  7.76 217.27  22.85  0.39 16.56 298.57  11.24  0.26 13.58 305.00  11.23
19931113 000000  9.9 202.8  3.49 14.10 218.59  24.39  4  2.77  7.95 217.06  27.04  2.07 14.13 218.24   9.61  0.40 16.46 299.35  11.01  0.23 13.37 303.37  12.25
19931113 030000  8.1 196.1  3.30 13.87 219.84  22.69  4  2.28  7.91 217.66  27.22  2.34 13.91 219.57  10.39  0.40 16.19 299.13  11.35  0.23 13.35 304.28  11.40
19931113 060000  6.7 201.8  3.19 13.70 221.42  20.90  4  1.92  7.99 219.37  26.32  2.51 13.72 220.73  11.38  0.39 15.74 299.47  11.38  0.21 13.31 305.32  10.99
19931113 090000  5.8 190.7  3.14 13.60 222.85  19.81  3  3.11 13.61 221.72  17.23  0.38 15.61 299.54  11.38  0.20 13.31 305.52  11.10
19931113 120000  7.2 178.9  3.13 13.53 223.64  19.59  3  3.10 13.54 222.59  17.20  0.37 15.56 299.34  11.20  0.20 13.32 305.82  11.16
19931113 150000  9.8 207.7  3.17 13.47 223.50  19.70  2  3.14 13.47 222.55  17.57  0.40 15.52 300.55  11.45
19931113 180000 12.7 212.7  3.35 13.39 222.97  20.15  2  3.33 13.39 222.18  18.45  0.39 15.48 300.30  11.48
19931113 210000 12.1 204.1  3.47 13.35 222.26  21.41  2  3.45 13.32 221.55  20.00  0.38 15.42 299.82  12.16
19931114 000000  9.3 197.0  3.33 13.40 221.96  21.94  2  3.31 13.34 221.24  20.55  0.37 15.28 300.17  12.08
19931114 030000  8.8 193.8  3.13 13.56 222.22  21.30  3  2.09  8.19 219.17  26.70  2.31 13.44 223.20  11.11  0.35 14.90 300.28  12.17
19931114 060000  8.2 195.4  2.99 13.81 222.61  20.50  3  2.97 13.59 221.88  18.96  0.31 14.66 299.51  11.88  0.11 12.47 308.66  11.34
19931114 090000  6.7 193.2  2.87 14.00 223.20  19.77  3  2.86 13.69 222.50  18.23  0.30 14.58 299.48  11.72  0.10 12.44 311.97   8.91
19931114 120000  5.9 198.4  2.78 13.81 223.56  19.13  2  2.76 13.62 222.87  17.55  0.30 14.54 300.59  11.83
19931114 150000  8.0 220.5  2.71 13.54 223.57  18.91  2  2.70 13.46 222.86  17.26  0.30 14.50 300.66  11.65
19931114 180000  8.7 220.1  2.68 13.38 223.48  19.28  2  2.66 13.34 222.75  17.60  0.30 14.46 300.86  11.53
19931114 210000  8.8 212.2  2.60 13.27 222.87  19.84  3  2.58 13.24 222.07  18.05  0.28 14.41 300.06  11.73  0.11 16.78 306.46   9.73
19931115 000000  4.1 202.1  2.45 13.16 222.28  20.23  3  2.43 13.13 221.40  18.29  0.28 14.35 300.05  11.89  0.12 16.92 306.30  10.07
19931115 030000  6.1 203.6  2.26 12.82 222.25  20.15  3  2.24 12.77 221.29  17.99  0.26 14.26 300.00  12.06  0.12 17.18 306.18  10.31
19931115 060000  7.1 182.9  2.11 12.61 221.41  20.79  3  2.09 12.58 220.40  18.56  0.25 14.04 299.62  12.61  0.11 17.36 305.83  10.81
19931115 090000  6.2 195.2  1.97 12.48 221.10  21.05  4  1.95 12.47 220.03  18.70  0.23 13.73 299.35  12.85  0.11 17.24 306.88  10.61  0.06 20.35 304.62   9.81
19931115 120000  7.8 199.7  1.89 12.38 220.51  21.41  4  1.87 12.37 219.34  18.84  0.23 13.61 299.77  12.79  0.12 16.81 307.29  10.08  0.06 20.34 304.65   9.87
19931115 150000  9.6 209.2  1.92 12.17 219.59  22.29  4  1.90 12.15 218.35  19.62  0.22 13.55 299.66  12.40  0.15 16.22 307.75   9.86  0.06 20.33 305.97   9.93
19931115 180000  9.3 205.7  1.97 11.92 219.41  23.52  4  1.16  5.31 217.36  29.73  1.56 11.90 218.44  13.52  0.22 13.52 299.91  12.08  0.19 16.01 307.53   9.86
19931115 210000 10.4 201.8  2.01 11.80 217.60  24.72  4  1.99 11.79 216.21  21.99  0.22 13.49 299.76  12.21  0.19 16.04 306.93  10.35  0.08 19.21 306.25   9.78
19931116 000000  8.0 213.9  2.03 11.73 217.22  25.28  5  1.53  5.83 216.18  28.16  1.31 11.72 215.38  11.49  0.22 13.47 299.79  12.23  0.18 16.11 306.64  10.80  0.10 19.05 304.59  10.10
19931116 030000  8.9 199.5  1.91 11.67 217.00  25.51  5  1.40  5.91 215.92  28.75  1.27 11.65 215.04  11.42  0.21 13.44 299.70  12.51  0.18 16.11 306.48  11.27  0.11 19.02 304.32  10.05
19931116 060000  7.9 187.0  1.76 11.64 215.88  25.94  5  1.24  5.79 213.93  30.19  1.22 11.59 214.60  10.94  0.20 13.37 299.74  12.92  0.17 15.91 306.95  11.38  0.11 19.01 304.63  10.35
19931116 090000  6.3 175.8  1.63 11.95 215.43  25.93  5  1.07  5.59 212.05  31.16  1.19 11.65 214.80  10.91  0.19 13.12 300.67  12.89  0.17 15.71 307.69  11.36  0.10 18.96 306.44  10.02
19931116 120000  6.2 180.9  1.53 12.59 216.44  25.28  5  0.89  5.42 212.40  31.48  1.21 12.19 215.20  10.93  0.21 15.44 308.01  10.18  0.17 12.77 299.85  13.25  0.09 18.85 307.07   9.83
19931116 150000  5.7 211.4  1.50 12.57 218.15  24.54  5  0.76  5.27 213.56  30.36  1.25 12.46 216.14  11.34  0.22 15.23 308.15   9.95  0.17 12.68 299.45  14.33  0.14 17.84 304.68  10.14
19931116 180000 10.6 226.4  1.74 14.56 221.35  24.15  5  1.58 12.32 220.01  20.94  0.65 14.72 214.52   6.79  0.23 15.08 307.24  10.29  0.17 12.64 301.13  12.51  0.16 17.79 304.55  10.28
19931116 210000  9.7 205.5  1.94 14.41 221.10  24.94  5  1.82 12.67 219.80  22.46  0.58 14.71 215.01   7.95  0.23 14.99 306.66  10.79  0.17 12.63 301.47  12.37  0.16 17.78 304.66  10.56
19931117 000000  8.5 204.9  2.00 14.26 220.31  25.07  5  1.40  5.67 218.97  28.80  1.38 14.15 218.58  11.94  0.22 14.94 306.40  11.38  0.17 12.61 300.91  13.46  0.15 17.76 305.43  10.60
19931117 030000 10.3 188.9  2.15 13.83 217.79  25.62  6  1.62  5.94 214.99  29.18  1.39 13.59 218.59  11.55  0.21 14.88 306.03  11.67  0.16 12.61 302.50  12.38  0.13 17.77 307.34  10.57  0.06 21.40 219.77   7.27
19931117 060000  6.0 164.1  2.13 13.35 219.08  25.44  6  1.57  6.45 217.60  29.83  1.40 13.36 218.35  10.58  0.18 14.68 307.77  11.94  0.16 17.10 304.83  10.12  0.15 12.61 303.28  12.62  0.07 20.60 218.48   8.23
19931117 090000  3.5 150.6  2.02 13.25 221.56  23.82  4  1.51 13.25 219.91  11.80  1.31  6.71 220.70  29.28  0.22 14.49 306.33  12.65  0.20 16.62 304.44   9.54
19931117 120000  4.4 179.1  1.94 13.16 223.09  22.85  4  1.90 13.14 221.67  19.49  0.23 18.15 208.91   9.28  0.23 16.58 303.76  10.19  0.22 14.38 307.24  11.60
19931117 150000  5.1 225.5  1.90 12.76 223.89  22.28  4  1.84 12.68 222.65  18.45  0.34 17.59 206.91   8.61  0.23 14.30 307.04  11.36  0.23 16.58 304.09  10.52
19931117 180000  7.4 233.1  1.91 12.58 224.14  22.22  4  1.81 12.53 223.83  18.59  0.54 16.46 207.37   8.30  0.24 14.23 306.60  11.52  0.22 16.57 304.90  10.72
19931117 210000  8.0 214.9  1.96 12.55 222.90  22.42  5  1.81 12.51 223.64  19.42  0.70 15.76 207.20   8.14  0.23 14.20 305.76  11.07  0.18 16.59 307.63  10.78  0.10 11.79 302.43  13.56
19931118 000000  7.1 214.8  1.98 15.10 221.24  22.64  4  1.72 12.36 223.03  20.87  0.94 15.13 209.63   7.94  0.26 14.19 303.89  11.70  0.14 16.52 312.74   6.98
19931118 030000  5.4 193.2  1.96 14.40 220.46  22.84  2  1.93 14.37 218.92  19.43  0.31 15.38 305.58  11.05
19931118 060000  6.5 192.9  1.91 14.05 220.34  23.07  2  1.88 14.05 218.51  18.99  0.33 15.44 305.15  10.92
19931118 090000  6.4 189.0  1.84 13.54 220.25  23.71  2  1.81 13.51 218.13  19.09  0.34 15.46 305.04  11.04
19931118 120000  5.8 180.7  1.75 13.39 220.74  24.32  4  0.87  5.76 221.56  30.99  1.48 13.36 217.38  12.68  0.34 15.47 305.31  11.09  0.05 18.98 307.33   8.41
19931118 150000  6.5 212.8  1.65 13.30 221.79  24.35  3  1.61 13.27 219.26  18.99  0.28 15.46 303.77  11.09  0.18 13.36 310.84   9.64
19931118 180000  8.1 221.7  1.63 13.08 222.94  24.12  2  1.60 12.99 220.60  19.21  0.32 15.39 306.32  11.13
19931118 210000  9.1 207.6  1.70 12.79 222.96  24.64  4  1.07  4.85 222.13  28.36  1.23 12.74 219.33  12.31  0.38 15.83 227.08   7.01  0.32 15.06 306.32  10.99
19931119 000000  4.4 205.3  1.72 12.75 224.06  25.39  4  1.07  5.14 221.13  29.91  1.30 12.69 222.07  11.60  0.32 14.49 305.93  10.73  0.08 17.76 303.94  11.21
19931119 030000  6.3 201.5  1.70 14.42 227.02  24.41  5  0.91  5.20 222.23  30.53  1.04 12.42 223.39  12.45  0.92 14.48 227.13   9.42  0.35 14.46 305.35  10.85  0.10 17.69 303.98  10.41
19931119 060000  7.4 184.0  1.82 14.24 228.58  23.39  3  1.78 14.14 226.01  18.45  0.36 14.45 304.97  10.97  0.10 17.77 304.71  11.41
19931119 090000  6.6 186.9  2.03 13.69 230.20  21.51  3  1.99 13.57 228.18  17.36  0.36 14.44 304.98  11.19  0.10 17.69 306.49  10.69
19931119 120000  4.3 178.6  2.23 13.19 231.78  19.46  4  0.61  4.16 209.63  35.06  1.79 13.12 234.78  11.81  1.13 15.66 223.70   7.75  0.37 14.42 305.12  11.65
19931119 150000  6.8 225.9  2.38 12.79 232.85  17.73  4  1.83 12.58 236.09  15.98  1.24 14.99 223.71   7.51  0.81 18.08 227.27   8.46  0.36 14.40 305.57  11.66
19931119 180000  5.9 219.4  2.51 14.40 233.27  17.06  5  1.77 12.39 238.28  15.84  1.38 17.44 226.09   8.60  1.07 14.27 225.76   7.88  0.34 14.35 305.88  11.52  0.12 16.63 306.27  10.84
19931119 210000  7.2 214.0  2.63 16.71 233.17  16.80  4  2.15 14.11 234.32  15.51  1.47 16.88 227.46   8.43  0.33 14.18 306.21  11.18  0.15 16.57 306.17  10.78
19931120 000000  6.1 186.2  2.78 16.41 232.69  16.86  3  2.76 16.40 231.75  14.43  0.32 13.70 306.37  10.61  0.16 16.58 307.60  10.31
19931120 030000  7.2 187.4  2.94 15.78 232.43  16.74  3  2.91 15.77 231.58  14.52  0.32 13.57 305.53  11.03  0.16 16.60 309.12  10.98
19931120 060000  9.2 180.2  3.09 15.45 231.89  17.74  3  3.07 15.45 231.10  15.86  0.33 13.52 304.76  11.80  0.16 16.57 310.06  10.65
19931120 090000  6.7 183.2  3.17 15.31 232.44  17.46  2  3.15 15.31 231.70  15.68  0.36 13.50 305.88  11.74
19931120 120000  7.5 178.3  3.21 15.14 232.88  17.05  3  3.19 15.13 232.16  15.27  0.33 13.48 305.76  10.79  0.15 15.61 310.68  10.50
19931120 150000  9.4 207.6  3.28 14.90 232.48  17.20  4  0.88  4.02 207.62  30.71  3.14 14.88 233.41  11.88  0.31 13.45 306.35  10.39  0.19 15.50 309.59  10.58
19931120 180000  9.9 210.7  3.38 14.83 232.23  17.62  4  1.22  4.86 220.57  30.20  3.13 14.80 233.03  11.75  0.29 13.42 306.87  10.48  0.22 15.51 309.58  10.41
19931120 210000 10.9 203.3  3.46 14.85 230.72  18.87  4  1.48  5.32 219.33  30.47  3.11 14.82 232.23  11.56  0.27 13.33 306.69  10.28  0.24 15.49 310.99  10.43
19931121 000000  8.9 200.0  3.51 14.91 229.06  19.92  3  1.62  5.92 215.59  30.53  3.09 14.88 231.54  11.78  0.35 15.46 309.20  10.57
19931121 030000  8.9 196.6  3.48 15.00 228.34  19.48  3  1.57  6.39 216.05  30.31  3.09 14.98 230.45  11.82  0.33 12.72 309.85  10.47
19931121 060000  9.8 187.3  3.45 15.10 227.33  19.51  4  1.47  6.42 211.61  29.65  3.10 15.11 229.80  12.40  0.24 12.66 307.04   9.81  0.23 16.46 314.26   8.92
19931121 090000  8.5 190.7  3.39 15.15 226.66  19.41  4  3.37 15.16 226.09  17.99  0.24 12.64 307.24   9.87  0.17 16.66 317.64   7.29  0.16 14.61 310.90   9.04
19931121 120000  6.0 188.3  3.29 15.09 226.62  18.88  3  3.27 15.10 225.98  17.21  0.25 16.51 313.25   9.80  0.23 12.63 307.30  10.14
19931121 150000  8.4 211.8  3.19 14.92 226.66  18.26  2  3.17 14.94 225.93  16.23  0.35 12.69 310.68  10.42
19931121 180000  9.7 216.6  3.18 14.62 226.14  18.83  2  3.16 14.62 225.36  16.69  0.37 14.98 311.25  10.42
19931121 210000 10.1 209.5  3.15 14.44 225.50  19.79  3  1.53  5.97 219.54  27.83  2.73 14.43 226.14  12.41  0.37 15.35 311.99  10.34
19931122 000000  8.0 203.4  3.05 14.28 224.95  20.44  2  3.03 14.27 224.11  18.26  0.36 15.40 312.98   9.80
19931122 030000  7.0 202.5  2.89 14.09 224.75  20.30  2  2.87 14.08 223.89  18.03  0.34 15.40 313.40   9.66
19931122 060000  8.0 196.6  2.75 13.73 224.31  20.26  2  2.73 13.71 223.43  17.88  0.33 15.30 313.70   9.47
19931122 090000  5.9 204.4  2.62 13.52 224.22  20.47  2  2.60 13.50 223.23  17.79  0.34 14.78 313.80   9.65
19931122 120000  5.9 195.3  2.50 13.37 224.38  20.79  3  2.48 13.36 223.20  17.60  0.30 14.57 314.98   8.97  0.18 12.43 312.16  10.26
19931122 150000  6.8 229.9  2.42 13.25 224.49  21.25  3  2.39 13.24 223.13  17.58  0.36 14.49 314.42   9.49  0.06 17.82 314.12   8.35
19931122 180000  8.5 217.3  2.40 13.05 224.25  21.96  3  2.37 13.03 222.83  18.30  0.36 14.45 314.46   9.60  0.08 17.64 314.78   8.28
19931122 210000  8.9 205.6  2.35 12.78 223.01  23.08  3  2.32 12.75 221.56  19.50  0.35 14.37 314.22   9.98  0.09 17.67 315.27   7.88
19931123 000000  7.1 195.1  2.24 12.63 222.05  24.03  3  2.21 12.60 220.54  20.46  0.34 14.13 314.27   9.87  0.08 17.67 315.07   8.08
19931123 030000  7.3 198.4  2.10 12.52 221.84  24.55  2  2.07 12.50 220.20  20.74  0.34 13.74 314.37   9.77
19931123 060000  9.1 191.9  2.03 12.38 220.62  25.61  2  2.00 12.37 218.88  21.67  0.34 13.65 314.64   9.51
19931123 090000  7.4 186.4  1.95 12.03 220.26  26.78  4  1.92 12.02 218.32  22.63  0.33 13.61 315.01   9.72  0.08 16.68 310.73   7.34  0.06 22.65 221.62   7.85
19931123 120000  8.4 183.3  1.85 11.81 220.50  27.56  6  1.33  7.02 218.97  28.82  1.23 11.80 217.37  13.40  0.33 13.58 314.98   9.56  0.14 16.72 236.15   9.97  0.10 16.62 314.50   7.77  0.08 21.88 221.80   7.86
19931123 150000  8.8 213.1  1.81 11.71 221.21  27.27  6  1.35  7.01 220.11  27.12  1.14 11.69 217.11  13.88  0.32 13.53 315.01   9.47  0.16 16.55 235.92  10.03  0.12 16.54 314.62   8.44  0.11 21.62 221.93   7.96
19931123 180000 11.5 214.2  1.99 11.62 221.68  26.39  5  1.95 11.59 219.78  22.83  0.31 13.42 314.90   9.52  0.19 16.18 236.33  10.29  0.14 21.20 222.31   7.90  0.11 16.55 314.22   8.65
19931123 210000 11.3 209.2  2.22 11.35 220.45  26.60  5  2.18 11.31 218.94  24.08  0.30 13.16 314.70   9.85  0.23 15.72 236.01  10.56  0.17 20.50 222.56   7.78  0.09 16.64 312.41   9.41
19931124 000000  8.3 205.4  2.24  6.89 219.29  27.57  6  1.99  6.89 217.98  27.20  0.90 11.12 215.02  12.81  0.31 12.92 314.16  10.29  0.25 15.62 235.85  10.04  0.23 10.17 245.80   2.84  0.23 20.20 222.73   7.93
19931124 030000  6.3 201.9  2.08  7.08 219.90  27.90  7  1.81  7.08 218.25  27.44  0.86 11.02 214.87  13.01  0.30 15.44 235.53  10.14  0.30 12.85 314.24  10.45  0.27 19.78 223.24   7.99  0.24 10.13 245.68   2.67  0.09 15.89 312.64   8.28
19931124 060000  7.2 195.8  1.90 10.91 220.71  27.94  8  1.60  7.03 218.81  27.06  0.77 10.98 210.33   9.72  0.33 19.15 223.21   8.09  0.32 14.92 236.62   9.43  0.31 10.19 243.94   6.69  0.29 12.81 314.37  10.50  0.18 12.66 242.88   6.44  0.13 15.56 312.30   9.36
19931124 090000  7.7 192.3  1.76 10.81 220.95  28.31  8  1.42  6.88 217.53  27.68  0.72 10.90 210.51  10.37  0.39 18.91 223.35   8.11  0.38  9.87 241.58   6.35  0.36 14.64 236.29   9.67  0.28 12.79 313.84  10.68  0.22 12.66 235.59   9.57  0.14 15.51 314.66   8.87
19931124 120000  7.3 178.3  1.65 10.51 221.18  29.04  7  1.27  6.61 216.34  28.89  0.74 10.79 213.52  13.40  0.43 18.56 223.57   8.19  0.40 14.55 235.67   9.56  0.35  9.84 244.71   7.45  0.28 12.78 313.92  10.68  0.13 15.53 314.04   9.30
19931124 150000  8.0 210.8  1.58 17.94 222.62  28.28  8  1.13  6.38 216.59  28.85  0.66 10.42 209.54   9.60  0.49 17.96 223.83   8.18  0.46 14.40 235.66   9.63  0.44  9.62 242.11   8.29  0.27 12.77 314.23  10.58  0.19 11.83 239.86   5.00  0.13 15.56 312.31  10.25
19931124 180000 10.6 218.6  1.76 17.72 223.48  26.80  6  1.55 10.28 219.57  25.14  0.56 17.73 223.99   8.17  0.43 13.97 236.52   9.51  0.29 11.88 238.89   7.98  0.27 12.75 314.45  10.45  0.11 15.64 310.42  10.50
19931124 210000  9.6 202.2  1.86 17.46 222.14  27.53  6  1.62  5.63 216.93  26.47  0.58 17.49 223.91   8.26  0.50 13.66 235.34   9.26  0.36  9.45 244.07   7.83  0.29 12.69 313.49  11.04  0.22 11.83 241.34   6.66
19931125 000000  6.5 196.4  1.72 16.89 222.04  28.57  7  1.27  5.64 215.89  30.57  0.63 10.23 210.86  10.79  0.62 13.57 236.26   9.28  0.60 16.93 224.03   8.23  0.32  8.90 245.46   7.55  0.25 12.61 314.40  11.06  0.13 14.73 309.25  10.05
19931125 030000  7.6 201.2  1.59 16.66 223.78  27.90  8  1.07  5.45 216.60  30.98  0.64 10.16 211.87  11.26  0.64 16.67 223.99   8.41  0.58 13.47 235.70   9.37  0.30  9.04 248.10   7.04  0.24 11.01 240.97   5.28  0.22 12.41 313.85  11.54  0.18 14.40 311.57  10.77
19931125 060000  8.9 184.0  1.60 16.50 221.70  28.83  8  1.04  4.91 209.87  32.34  0.70 16.51 223.87   8.48  0.60 10.37 209.91   9.36  0.56 13.22 236.29   8.80  0.40  9.50 243.26   9.33  0.27 11.03 241.97   6.27  0.22 12.34 315.64   9.13  0.19 14.42 308.84  12.83
19931125 090000  8.0 180.6  1.59 16.24 220.83  29.40  7  1.02  4.76 207.01  33.45  0.72 16.26 223.63   8.66  0.61 10.74 211.44  10.25  0.56 12.87 236.16   9.02  0.46 10.94 243.43   7.73  0.23 12.38 313.37  11.52  0.16 14.58 310.54  11.71
19931125 120000  8.8 183.7  1.57 15.76 220.91  28.94  6  0.98  4.64 206.52  33.44  0.75 15.80 222.59   8.98  0.73 12.70 238.70   8.85  0.58 10.48 211.59  10.40  0.22 12.33 313.13  11.86  0.16 14.62 310.44  11.41
19931125 150000  9.8 204.3  1.67 15.56 220.75  26.98  5  1.24  4.68 210.55  27.23  0.81 15.58 222.24   9.16  0.72 12.62 238.27   8.76  0.23 12.28 313.47  11.58  0.15 14.82 308.35  12.02
19931125 180000 12.5 212.2  2.10 15.41 222.09  25.89  3  1.89  5.52 220.95  26.17  0.89 15.42 221.78   9.31  0.26 12.17 311.57  12.14
19931125 210000 13.0 203.6  2.47 15.19 218.93  26.73  4  2.26  6.28 217.57  27.23  0.94 15.19 221.68   9.29  0.18 11.91 316.47   8.20  0.18 15.23 305.82  13.42
19931126 000000  9.6 199.8  2.48 15.02 217.57  26.57  5  2.12  6.76 213.58  27.97  1.05 15.01 220.84   9.68  0.70 12.15 235.67   8.53  0.19 13.66 305.90  13.08  0.17 11.80 317.01   8.21
19931126 030000  8.3 183.8  2.31 15.07 218.09  25.82  6  1.83  6.82 213.22  28.46  1.15 15.07 220.72   9.39  0.76 11.87 231.45  13.45  0.20 13.58 307.35  13.24  0.15 11.69 316.42   8.81  0.13  9.66 215.00   0.03
19931126 060000  6.9 170.7  2.17 14.91 218.79  24.52  5  1.58  6.72 213.18  28.50  1.34 14.92 220.65   9.60  0.59 11.62 235.40  11.30  0.19 13.75 306.46  12.68  0.16 11.71 317.65   7.57
19931126 090000  6.0 176.9  2.10 14.61 219.72  22.67  3  1.57 14.62 222.60  11.15  1.38  6.58 213.61  27.91  0.24 13.84 310.91  12.26
19931126 120000  5.5 186.8  2.09 14.40 220.49  21.17  3  1.61 14.41 222.55  10.72  1.32  6.62 214.99  26.67  0.24 14.10 310.98  12.18
19931126 150000  6.9 227.5  2.11 14.24 222.09  19.52  4  1.27  6.86 219.12  25.04  1.59 14.24 222.74  10.57  0.48 16.80 219.87   7.45  0.24 14.24 310.58  12.54
19931126 180000 10.6 213.6  2.29 14.23 222.63  19.57  3  1.50  6.64 221.08  24.40  1.71 14.20 222.62  10.22  0.24 14.30 310.34  12.64
19931126 210000 10.4 205.3  2.50 15.09 221.26  20.89  3  1.75  6.28 218.39  25.71  1.77 15.13 222.79  10.03  0.24 14.32 310.16  12.73
19931127 000000  7.9 212.0  2.55 14.45 221.00  21.42  4  1.78  6.69 217.71  26.75  1.81 14.47 222.90   9.68  0.21 14.31 308.05  12.91  0.10 10.96 318.46   8.69
19931127 030000  7.3 189.3  2.51 14.33 221.34  20.83  4  1.68  6.92 217.63  26.80  1.86 14.33 223.16   9.65  0.21 14.27 308.50  12.74  0.10 10.96 318.53   8.89
19931127 060000  7.8 192.1  2.47 14.18 221.66  20.02  4  1.58  7.06 217.29  26.20  1.88 14.18 223.60   9.64  0.21 14.15 308.93  12.50  0.10 10.94 318.60   9.08
19931127 090000  7.0 197.9  2.46 13.77 222.36  19.04  3  1.53  7.38 217.79  25.01  1.92 13.77 224.24   9.90  0.23 13.73 310.72  12.63
19931127 120000  5.7 178.1  2.48 13.63 223.14  18.25  2  2.47 13.63 222.69  16.93  0.22 13.54 311.06  12.39
19931127 150000  7.0 221.1  2.48 13.56 224.00  17.54  2  2.47 13.56 223.56  16.20  0.22 13.50 310.71  12.85
19931127 180000  9.0 222.9  2.49 13.45 224.69  17.76  2  2.48 13.45 224.25  16.47  0.22 13.48 310.92  12.58
19931127 210000  9.5 210.6  2.51 13.30 224.54  18.99  2  2.50 13.29 224.09  17.78  0.22 13.48 310.39  13.09
19931128 000000  7.5 207.7  2.49 13.14 224.16  20.19  3  1.65  7.38 219.34  25.34  1.85 13.11 226.89  10.70  0.22 13.47 310.37  12.95
19931128 030000  7.4 199.4  2.41 12.96 224.43  20.47  3  1.57  7.14 219.52  26.42  1.82 12.93 226.92  10.42  0.22 13.45 310.32  12.84
19931128 060000  8.0 192.9  2.33 12.83 224.98  20.40  4  1.47  7.07 219.21  26.39  1.79 12.80 227.71  10.97  0.20 13.41 311.71  12.08  0.07 15.73 291.97   7.45
19931128 090000  6.8 198.0  2.25 12.70 225.81  20.10  4  1.44  7.09 221.53  26.25  1.72 12.69 227.69  10.59  0.20 13.33 311.83  12.09  0.07 15.88 288.66   9.19
19931128 120000  6.0 195.0  2.19 12.60 226.88  19.55  3  2.18 12.59 226.39  18.35  0.19 13.14 312.21  11.98  0.07 15.57 292.34   8.47
19931128 150000  8.3 219.9  2.19 12.52 227.65  19.05  3  2.18 12.51 227.18  17.87  0.19 12.84 312.26  11.78  0.06 15.73 287.98   8.95
19931128 180000  9.5 211.8  2.28 12.49 227.16  19.73  3  1.54  7.55 224.07  24.72  1.68 12.47 228.86  11.15  0.19 12.75 312.25  11.64
19931128 210000 11.1 204.0  2.40 12.48 225.27  21.14  3  1.72  7.40 220.04  25.19  1.66 12.47 229.75  11.19  0.19 12.71 312.21  11.54
19931129 000000  7.2 192.6  2.47 12.50 223.59  22.60  3  1.78  7.03 217.38  27.17  1.71 12.49 229.04  11.16  0.19 12.68 311.16  12.11
19931129 030000  8.3 193.2  2.37 12.55 224.32  21.86  3  1.62  7.18 217.87  27.01  1.73 12.55 228.87  11.98  0.18 12.65 312.79  11.33
19931129 060000  9.8 188.3  2.34 12.70 223.28  22.01  4  1.53  7.09 215.43  27.84  1.57 12.42 231.28  10.91  0.79 13.81 215.61   7.35  0.17 12.62 312.44  11.93
19931129 090000  8.1 191.2  2.30 12.90 223.10  21.77  3  1.41  6.82 214.24  28.62  1.81 12.93 227.45  12.38  0.16 12.57 313.09  11.31
19931129 120000  7.9 194.9  2.23 12.95 223.86  20.61  4  1.27  6.64 216.27  28.83  1.41 12.50 230.71  11.05  1.17 14.24 220.66  11.77  0.16 12.50 313.81  10.75
19931129 150000  8.2 206.8  2.20 12.89 223.87  19.91  3  1.15  6.50 216.01  29.29  1.86 12.91 226.10  12.32  0.16 12.41 313.94  10.70
19931129 180000  6.0 211.8  2.21 12.84 223.90  19.74  4  1.19  5.49 218.19  28.90  1.86 12.86 225.48  11.99  0.16 12.31 313.21  11.54  0.06 14.58 296.15  13.13
19931129 210000  4.5 204.8  2.09 12.93 224.53  18.45  3  2.09 12.95 224.12  17.30  0.16 12.09 313.62  10.80  0.07 14.55 290.59  14.60
19931130 000000  3.6 173.3  2.07 13.13 224.27  16.88  2  2.07 13.16 223.86  15.60  0.17 12.00 311.11  12.63
19931130 030000  6.8 185.6  2.19 13.07 222.73  16.45  2  2.18 13.08 222.38  15.26  0.17 11.93 311.64  12.12
19931130 060000  7.4 189.9  2.35 12.93 221.74  16.27  2  2.34 12.94 221.44  15.24  0.17 11.88 311.44  12.31
19931130 090000  7.5 183.9  2.48 12.93 221.27  16.68  2  2.48 12.94 221.01  15.82  0.16 11.84 311.70  12.29
19931130 120000  8.3 182.1  2.53 13.07 220.99  17.19  2  2.53 13.07 220.75  16.43  0.16 11.80 312.14  12.12
19931130 150000  8.9 208.7  2.59 13.14 221.35  16.74  3  0.89  4.37 208.87  29.35  2.43 13.14 222.59  12.52  0.15 11.77 312.65  11.92
19931130 180000 10.2 214.9  2.72 13.15 221.84  17.54  3  1.28  5.27 218.48  27.58  2.39 13.16 222.50  12.25  0.15 11.75 314.57   9.97
19931130 210000  9.9 205.0  2.73 13.10 221.74  18.47  2  2.72 13.11 221.58  17.99  0.14 11.71 314.55  10.01
19931201 000000 10.0 197.9  2.67 13.01 221.08  19.20  2  2.67 13.01 220.91  18.73  0.14 11.67 314.45  10.11
