Date     Time   Uabs UDir  hs    tp    th     sp     np hs(i) tp(i) th(i)  sp(i)
19830201 000000  6.1 219.6  2.01 15.68 246.21  42.58  7  1.40  6.76 218.01  26.41  0.94 15.55 299.39  12.13  0.71 10.78 216.54  10.76  0.66 17.80 306.30   7.98  0.39 12.98 226.20   9.12  0.24  7.72 270.27   6.52  0.23 24.80 305.89   8.68
19830201 030000  4.4 196.2  1.98 15.55 247.67  42.95  6  1.36  6.72 218.97  27.24  0.93 15.50 299.52  12.00  0.74 10.71 215.89  10.33  0.68 17.81 305.41   9.12  0.38 13.92 228.23   8.74  0.29 23.83 305.21   8.79
19830201 060000  5.9 206.0  1.95 15.48 249.23  43.00  5  1.31  6.81 218.47  26.02  0.97 15.52 299.21  12.33  0.80 10.48 218.48  11.28  0.61 17.89 305.87   9.02  0.36 23.44 304.82   8.93
19830201 090000  4.7 190.9  1.91 15.48 251.02  43.20  6  1.21  6.90 216.72  24.89  0.98 15.52 299.30  12.79  0.83 10.36 218.61  10.97  0.58 17.92 304.70   9.89  0.41 23.32 305.57   8.93  0.18  7.60 270.77   5.94
19830201 120000  0.5 219.9  1.89 15.63 254.79  43.18  5  1.17  6.98 217.93  24.62  1.16 15.68 300.31  13.08  0.66 10.30 216.27  10.48  0.47 23.09 305.73   8.79  0.42 13.03 227.20   8.66
19830201 150000  4.8 258.2  1.89 16.23 259.47  42.66  5  1.18 16.25 299.61  14.22  1.10  7.00 219.70  24.36  0.69 10.27 216.65  10.94  0.57 22.11 304.96   8.93  0.37 13.11 226.86   9.38
19830201 180000  8.1 245.6  1.93 16.36 261.21  41.38  5  1.15  7.01 224.31  25.55  1.19 16.37 298.08  16.04  0.66 10.21 216.94  11.53  0.65 21.89 304.48   9.18  0.37 13.08 225.35   9.49
19830201 210000  5.3 213.2  1.93 21.78 261.45  41.42  6  1.12  7.00 223.47  26.55  1.10 16.44 301.19  11.61  0.69 21.78 305.01   9.15  0.67 10.11 216.66  11.47  0.44 15.59 259.33   9.74  0.38 12.88 226.39  10.11
19830202 000000  3.6 219.3  1.92 21.54 263.52  41.19  6  1.09  6.89 221.06  25.93  1.07 16.40 301.69  11.17  0.75 21.54 305.18   9.12  0.59  9.90 217.71  11.88  0.57 15.14 259.51  10.18  0.37 12.61 226.17  10.33
19830202 030000  6.6 192.0  1.96 20.63 266.31  41.05  6  1.06  6.67 218.63  25.99  1.05 15.68 302.57  10.87  0.84 20.65 304.95   8.99  0.72 14.51 261.51  12.65  0.54  9.78 216.13  10.33  0.32 12.38 223.87   9.26
19830202 060000  7.5 185.7  2.02 20.42 266.24  41.80  7  1.06  6.49 214.45  27.73  1.04 15.52 303.19   9.62  0.91 20.46 304.20   9.32  0.81 13.96 260.09  13.17  0.59  9.64 217.16  12.94  0.21 12.56 220.75   6.44  0.09 15.48 207.00   7.07
19830202 090000  6.2 178.0  2.04 20.34 265.72  41.87  5  1.10  6.28 213.61  28.03  1.00 15.54 302.19  10.29  0.96 20.34 304.15   9.47  0.88 13.67 254.49  16.83  0.49  9.55 216.06  13.69
19830202 120000  3.6 188.5  2.04 20.19 266.50  40.74  5  1.11  6.28 216.36  26.95  0.99 15.51 302.18  10.29  0.96 20.20 304.69   9.39  0.92 13.02 254.96  16.46  0.40  9.49 214.56   9.72
19830202 150000  5.5 223.8  2.06 19.53 267.74  39.44  5  1.11  6.48 218.81  24.73  1.01 19.55 304.65   9.30  0.99 15.47 301.89  10.54  0.96 12.80 252.93  16.71  0.31  9.34 212.33  10.18
19830202 180000  8.8 226.5  2.15 19.15 265.70  39.13  5  1.24  6.65 219.80  23.13  1.05 19.19 304.27   9.30  0.99 15.38 301.96  10.47  0.97 12.82 255.06  12.64  0.26 14.27 207.24   7.16
19830202 210000  9.3 208.8  2.35 19.04 257.21  40.94  5  1.52  6.45 217.30  24.11  1.12 19.04 304.02   9.44  1.00 13.22 254.38  12.53  0.92 15.21 301.25  10.49  0.32 13.65 210.47   9.22
19830203 000000  6.3 183.8  2.56 18.96 249.30  41.57  6  1.81  6.96 215.68  24.97  1.14 18.96 303.72   9.72  0.92 14.93 299.60  11.67  0.84 11.78 249.96  11.06  0.57 13.53 255.55  13.03  0.34 13.53 210.11   8.74
19830203 030000  8.4 193.8  2.66 18.84 246.30  41.27  5  1.94  7.57 215.88  25.54  1.15 18.84 303.70   9.75  1.07 12.65 251.38  13.18  0.87 14.88 300.91  10.77  0.38 13.30 211.09   8.99
19830203 060000  8.8 193.3  2.76 18.50 243.30  40.67  5  2.07  8.02 216.19  25.48  1.15 18.50 303.51   9.66  1.07 12.61 250.09  13.12  0.83 14.80 301.30  11.32  0.40 13.21 214.21   8.44
19830203 090000  6.1 188.2  2.89 18.01 241.55  39.00  5  2.25  8.61 218.59  24.59  1.16 18.05 303.52   9.42  1.10 12.64 249.17  13.90  0.78 14.78 302.28  11.19  0.35 13.28 212.60   8.07
19830203 120000  6.5 183.6  2.92 17.87 242.50  37.65  4  2.25  9.10 220.71  23.92  1.23 17.88 304.11   9.49  1.22 12.55 243.25  14.95  0.69 14.45 299.20  10.70
19830203 150000  5.2 209.9  2.82 17.80 244.99  37.30  4  2.04  9.24 220.98  23.14  1.35 12.27 242.57  16.58  1.22 17.80 303.69   9.79  0.68 14.60 300.50  10.28
19830203 180000 10.1 213.6  2.74 17.73 246.25  37.33  4  1.86  8.84 220.11  23.49  1.44 11.93 240.13  15.40  1.22 17.73 303.19   9.91  0.70 14.66 299.94  10.92
19830203 210000  8.0 215.0  2.76 17.64 245.21  37.71  4  1.99  8.65 220.63  24.15  1.40 17.64 302.12  10.57  1.27 11.76 242.69  13.76  0.30 11.91 211.20   6.01
19830204 000000  5.8 200.6  2.74 17.53 245.60  37.95  5  1.99  8.20 221.73  24.89  1.40 17.54 302.16  10.62  1.19 11.55 243.73  12.84  0.44 11.88 210.95   6.78  0.08 16.71 214.24   7.57
19830204 030000  4.6 206.7  2.67 17.40 246.49  38.19  4  2.22 11.60 227.97  24.27  1.39 17.40 302.19  10.77  0.52 11.31 213.41   7.94  0.09 16.62 214.64   8.61
19830204 060000  6.9 209.9  2.59 17.11 246.85  38.33  4  2.14 10.94 227.89  23.64  1.37 17.12 302.36  10.54  0.53 11.34 210.52   6.95  0.05 20.37 216.11   8.80
19830204 090000  4.3 199.8  2.52 16.81 246.80  38.45  5  2.08 10.47 226.85  23.03  1.35 16.81 302.20  10.57  0.46 11.72 212.65   7.12  0.10 15.90 215.20  10.37  0.06 20.27 215.78   8.44
19830204 120000  4.4 201.1  2.47 16.67 246.84  38.50  5  1.77  9.39 222.31  22.35  1.33 16.67 302.04  10.60  0.90 10.81 244.49  12.92  0.59 11.28 211.26   8.86  0.14 15.62 215.60  10.16
19830204 150000  4.6 229.6  2.41 16.60 247.38  38.62  6  1.76  9.41 223.82  21.94  1.33 16.61 301.96  10.57  0.71 11.01 214.79   9.74  0.65 11.01 249.85  10.36  0.13 15.58 215.34  11.76  0.08 19.21 216.38   8.69
19830204 180000  5.9 214.2  2.36 16.57 248.64  38.87  5  1.85  9.50 222.71  20.48  1.33 16.58 301.76  10.83  0.58 10.68 251.80   7.80  0.13 15.56 217.24  12.27  0.09 19.05 216.19   8.47
19830204 210000  6.9 218.5  2.31 16.54 249.56  39.20  5  1.83  9.74 223.84  21.10  1.33 16.54 301.83  10.79  0.43 10.85 250.23   8.03  0.14 15.36 215.94  11.84  0.10 18.96 216.34   8.76
19830205 000000  4.7 189.5  2.25 16.47 249.65  39.68  7  1.76  9.54 222.71  21.07  1.30 16.48 301.91  10.72  0.46 10.44 253.33   9.32  0.15 14.71 211.43   8.94  0.09 18.76 217.41   9.29  0.08 15.60 243.42  10.13  0.06 22.02 214.58   7.65
19830205 030000  4.5 215.5  2.20 16.34 249.39  39.88  5  1.78  9.66 224.07  21.60  1.28 16.35 301.87  10.83  0.18 14.71 219.00  16.15  0.10 18.00 215.83   7.84  0.08 21.83 215.65   7.76
19830205 060000  7.0 202.8  2.17 16.07 248.46  40.38  6  1.75  9.46 222.75  21.62  1.27 16.10 301.88  10.96  0.16 14.57 213.99   8.92  0.10 21.34 216.12   7.82  0.10 17.76 217.40  11.41  0.09 15.50 244.82   6.95
19830205 090000  3.7 191.6  2.14 15.82 248.91  41.06  5  1.70  9.14 221.79  21.72  1.27 15.84 302.08  10.88  0.22 14.45 222.04  16.89  0.12 17.74 215.11   7.98  0.11 20.63 215.25   7.60
19830205 120000  2.6 201.0  2.08 15.72 250.74  41.59  7  1.62  8.90 221.26  21.45  1.27 15.73 302.18  10.92  0.20 14.16 212.30   8.91  0.15 17.47 221.75  14.52  0.13 20.45 215.55   7.52  0.11 14.64 246.58   7.27  0.10 12.73 245.88   9.46
19830205 150000  3.7 286.2  2.01 15.68 253.09  41.99  6  1.51  8.64 221.20  21.34  1.27 15.68 302.10  11.03  0.24 13.84 211.43   8.54  0.15 16.68 211.59   8.34  0.15 20.28 216.64   8.76  0.13 14.58 246.92   6.94
19830205 180000  5.2 242.0  1.94 15.69 255.56  42.14  8  1.41  8.49 221.52  21.62  1.26 15.68 302.03  11.07  0.29 13.75 209.24   7.69  0.17 19.64 214.82   7.98  0.17 16.62 214.90   7.68  0.14 14.49 244.81   8.17  0.10 16.77 246.27   7.52  0.09 12.78 251.30   7.09
19830205 210000  3.2 243.8  1.90 15.78 257.40  42.39  8  1.29  8.10 219.38  20.46  1.27 15.77 302.07  11.14  0.41 13.74 209.74   8.82  0.32  9.26 254.36   9.41  0.20 19.17 215.29   7.47  0.16 13.77 244.81   7.42  0.09 16.77 248.89   5.22  0.09 11.82 249.78   6.06
19830206 000000  3.3 336.2  1.88 15.95 258.92  42.78  8  1.29 15.97 302.26  11.20  1.18  7.98 219.60  20.28  0.57 13.61 209.04   8.78  0.29  9.16 254.90   9.99  0.21 19.10 215.95   7.52  0.15 13.60 246.11   7.18  0.12 16.59 248.17   4.91  0.10 11.87 249.44   5.92
19830206 030000  4.5 323.7  1.87 16.05 260.43  43.56  9  1.29 16.15 302.45  11.17  1.10  7.87 219.87  25.15  0.66 13.43 209.27   8.34  0.29  8.92 255.43  10.36  0.20 19.04 216.57   7.16  0.17 16.13 245.31   8.16  0.15 13.60 246.35   7.83  0.13 11.85 245.39   8.19  0.05 23.49 308.02   8.14
19830206 060000  2.7 181.9  1.84 15.89 259.58  43.73  8  1.27 16.13 302.44  11.34  0.96  7.82 219.93  24.91  0.82 13.26 210.33   8.99  0.26  8.87 256.07  10.77  0.23 18.42 216.42   8.61  0.18 15.70 246.39   7.93  0.14 11.81 245.34   7.73  0.13 13.43 248.82   6.11
19830206 090000  1.7  58.7  1.82 15.66 258.27  43.85  8  1.25 15.82 302.50  11.16  0.89 13.02 210.58   8.62  0.86  7.72 218.68  23.43  0.26  8.80 255.09  10.55  0.25 17.91 215.29   7.36  0.22 12.57 247.02   8.09  0.18 15.67 249.60   6.35  0.10 21.83 307.15   8.48
19830206 120000  1.2 324.9  1.80 15.54 257.96  43.93  9  1.24 15.62 302.49  11.30  0.92 12.73 210.24   8.01  0.80  7.55 217.72  21.77  0.25 17.83 215.40   7.56  0.24  8.64 255.43  11.19  0.22 15.49 247.89   8.37  0.18 12.68 245.64   7.41  0.14 11.05 246.04   8.61  0.12 21.85 307.72   8.22
19830206 150000  3.0 256.8  1.80 15.50 258.98  44.04  9  1.25 15.57 302.66  11.39  0.97 12.56 210.48   8.11  0.72  7.39 217.51  21.64  0.24 15.31 248.27   7.81  0.23 17.84 216.56   7.69  0.22  8.50 256.37  11.35  0.18 11.08 245.77   7.44  0.15 12.69 245.17   7.95  0.13 21.99 307.30   8.17
19830206 180000  5.5 239.7  1.82 15.50 260.56  43.87  9  1.27 15.57 302.85  11.49  0.96 12.42 210.28   8.03  0.72  7.24 220.50  24.21  0.28 14.77 246.13   8.28  0.23 17.59 215.84   7.93  0.20  8.41 257.15  11.09  0.20 11.05 245.22   7.43  0.14 22.50 305.69   9.03  0.12 12.67 250.17   6.39
19830206 210000  4.9 241.6  1.84 15.49 261.35  43.47  6  0.80  7.09 225.96  27.54  1.26 15.56 303.11  11.22  0.92 12.23 209.98   7.31  0.42 14.50 247.89   9.90  0.24 16.77 216.85   8.88  0.20 20.52 306.68   8.74
19830207 000000  2.8 194.5  1.78 15.41 263.01  43.57  7  1.24 15.49 303.16  11.24  0.93 12.01 211.58  10.47  0.68  6.85 222.11  28.10  0.31 11.65 249.84  11.25  0.31 14.23 250.11   6.22  0.24 20.49 307.12   8.46  0.24 16.69 215.47   7.52
19830207 030000  3.9 214.0  1.72 15.18 264.43  43.30  8  1.21 15.32 303.11  11.27  0.88 11.91 210.32   8.16  0.60  6.61 220.06  27.28  0.35 13.65 247.97   7.63  0.27 10.22 251.84  11.66  0.26 20.65 306.65   8.35  0.24 16.68 216.49   7.82  0.23 11.73 250.08   8.65
19830207 060000  4.8 180.5  1.68 14.93 265.49  43.16  7  1.18 15.09 303.15  11.17  0.84 11.89 210.29   8.37  0.55  6.39 216.11  27.58  0.50 13.56 248.74   8.67  0.29 21.08 306.59   8.53  0.23 16.67 217.45   7.97  0.19  8.33 257.77  11.58
19830207 090000  4.1 167.9  1.66 14.90 266.98  43.47  5  1.17 14.98 303.31  11.14  0.95 11.79 209.38  18.44  0.58 13.42 248.55  10.63  0.34 21.24 306.28   8.78  0.22 16.67 218.09   8.90
19830207 120000  3.2 147.7  1.66 14.98 269.46  43.41  7  1.16 14.99 303.51  11.20  0.76 11.71 210.07   8.87  0.50  5.98 204.14  34.22  0.41 12.93 246.42   7.73  0.41 10.84 253.10   9.97  0.41 19.35 306.32   8.60  0.24 15.70 217.22   9.50
19830207 150000  4.2 227.9  1.63 15.05 272.62  41.78  5  1.16 15.02 303.71  11.28  0.84 11.67 209.87  18.03  0.60 12.63 249.60   9.64  0.45 19.56 306.10   8.45  0.24 15.61 217.53   9.55
19830207 180000  6.6 211.2  1.64 15.05 272.27  41.18  5  0.86 11.62 212.92  19.47  1.13 15.00 303.88  11.27  0.61 12.56 249.59   9.56  0.48 20.03 305.58   8.70  0.26 15.60 217.72  10.39
19830207 210000  9.0 226.5  1.74 14.92 264.96  42.27  6  0.85  3.93 221.49  27.85  1.11 14.88 303.91  11.28  0.64 11.58 209.79   8.61  0.62 12.46 249.45   9.69  0.50 20.05 305.52   8.74  0.26 15.60 219.25  11.01
19830208 000000  2.0 188.7  1.71 14.70 266.53  42.82  7  1.06 14.71 303.87  11.28  0.82  4.54 217.86  29.53  0.60 11.33 210.44   9.67  0.58 19.81 305.60   8.78  0.44 12.20 246.35   9.24  0.42  9.77 253.36   9.53  0.25 15.68 220.75  11.07
19830208 030000  2.0 215.5  1.67 14.55 269.94  42.44  8  1.03 14.57 303.87  11.25  0.76  4.90 215.93  29.08  0.67 18.92 305.69   8.63  0.56 11.27 211.23   9.99  0.42  9.60 253.14   9.79  0.41 11.99 247.50   8.36  0.19 17.14 225.26  11.82  0.17 14.64 211.33   5.07
19830208 060000  7.1 188.4  1.69 14.46 268.88  43.48  8  0.81  5.23 211.90  28.11  1.00 14.47 303.82  11.33  0.72 18.87 305.38   8.70  0.51 11.32 210.58   9.23  0.43  9.42 252.85  10.43  0.39 11.86 246.84   8.10  0.21 14.63 213.90   7.78  0.18 16.91 228.26  11.66
19830208 090000  5.1 180.2  1.69 14.41 268.40  44.03  8  0.83  5.40 210.22  28.73  0.98 14.41 303.98  11.28  0.74 18.89 304.85   8.94  0.48 11.20 210.63   9.38  0.41  9.12 254.07  10.36  0.39 11.80 246.78   7.82  0.25 14.46 212.92   6.89  0.20 16.70 229.71  11.37
19830208 120000  3.3 207.2  1.65 14.36 271.02  42.43  7  0.96 14.37 304.12  11.32  0.77  5.78 213.96  27.25  0.75 18.82 304.57   9.03  0.45 11.19 209.67   8.75  0.43 11.77 245.80   8.97  0.38  8.81 255.49  10.01  0.32 14.49 219.66  12.00
19830208 150000  2.8 266.0  1.67 14.32 270.76  41.67  7  0.95 14.33 303.62  11.61  0.81  6.93 217.51  23.85  0.79 18.63 305.32   8.95  0.44 11.04 211.01   9.57  0.43 11.69 246.06   8.45  0.34  8.59 257.55   9.10  0.32 14.05 220.04  12.05
19830208 180000  5.6 221.3  1.77 18.09 267.08  41.78  8  0.98  7.20 219.62  21.31  0.90 18.12 304.85   8.86  0.89 14.27 304.27  11.57  0.45 11.50 246.99   7.75  0.39 11.41 210.97   9.14  0.36 13.49 219.24  12.06  0.31  8.40 259.48   8.37  0.06 21.35 213.30   7.07
19830208 210000  7.5 212.3  1.91 17.81 260.66  42.71  6  1.17  7.29 218.63  22.13  0.95 17.83 304.77   8.97  0.86 14.23 304.37  11.33  0.57 11.21 249.89  10.14  0.55 15.44 215.65  11.67  0.08 20.47 212.87   6.88
19830209 000000  3.5 198.5  1.99 17.73 254.86  43.41  7  1.32  7.08 217.04  23.80  0.96 17.74 304.44   9.13  0.83 14.11 304.17  11.53  0.57 11.03 248.16   9.45  0.49 11.75 212.65   8.18  0.24 15.54 230.93  11.98  0.09 20.38 212.85   6.88
19830209 030000  8.2 196.0  2.17 17.68 246.21  42.92  6  1.61  7.25 217.33  24.95  0.96 17.68 304.02   9.25  0.78 13.88 304.31  11.68  0.54 11.32 216.46  11.80  0.52 10.85 245.79   7.93  0.11 20.22 214.02   8.38
19830209 060000 11.6 189.5  2.39 17.62 236.20  43.41  5  1.97  7.40 212.49  25.73  0.97 17.62 304.31   9.38  0.75 13.73 303.64  11.68  0.55 10.21 246.61   8.15  0.13 19.29 213.17   7.38
19830209 090000 13.2 184.0  2.81 17.52 224.06  42.16  5  2.51  7.35 209.00  27.21  0.96 17.51 304.20   9.23  0.75 13.64 303.91  11.81  0.32 14.53 230.06  12.38  0.15 19.08 213.12   7.36
19830209 120000  6.0 194.5  2.75 17.32 228.46  42.01  5  2.43  7.83 212.45  27.51  1.02 17.32 304.43   9.13  0.68 13.59 303.39  12.10  0.34 14.42 230.01  11.75  0.16 19.01 213.18   7.33
19830209 150000  9.3 196.7  2.48 16.94 236.43  42.15  5  2.11  7.91 216.57  26.28  1.06 16.91 304.01   9.28  0.64 13.52 304.20  11.58  0.37 14.21 229.65  12.19  0.18 18.61 212.82   6.87
19830209 180000 11.8 211.8  2.51 16.75 235.95  40.69  5  2.15  7.67 217.59  24.77  1.05 16.70 303.85   9.37  0.63 13.51 303.82  11.41  0.39 13.76 228.32  13.48  0.21 17.89 212.78   6.95
19830209 210000 13.2 206.4  2.87 16.66 230.77  37.94  4  2.59  7.36 218.03  24.65  1.05 16.61 303.51   9.45  0.58 13.43 304.13  11.68  0.23 17.81 213.05   7.10
19830210 000000  8.4 190.4  3.02 16.60 228.50  38.01  5  2.74  7.90 216.93  26.60  1.04 16.56 303.34   9.66  0.59 13.48 304.26  11.34  0.39 13.55 231.42  12.73  0.23 17.72 213.11   7.13
19830210 030000 10.5 194.1  2.94 16.53 228.94  38.10  5  2.65  8.37 216.85  26.15  1.06 16.51 303.48   9.70  0.53 13.36 303.66  12.20  0.40 13.44 231.65  12.90  0.25 17.07 213.32   7.58
19830210 060000 10.9 187.5  2.95 16.47 228.11  37.67  6  2.67  8.59 216.52  25.68  1.16 16.43 303.62  10.12  0.29 13.46 239.06   9.82  0.28 16.68 214.30   9.08  0.14 12.66 215.00   0.00  0.10 16.89 250.57   6.60
19830210 090000 10.1 187.0  3.08  9.10 226.93  35.86  4  2.85  9.09 217.44  24.81  1.13 16.31 303.55  10.16  0.28 16.64 213.33   7.27  0.06 23.60 304.72   9.57
19830210 120000  6.0 195.0  3.08  9.48 227.53  34.27  5  2.86  9.48 218.80  23.54  1.09 16.10 303.49  10.04  0.28 16.56 213.57   7.66  0.16 16.39 249.42   7.90  0.07 23.46 304.66   9.70
19830210 150000  7.9 210.1  2.90  9.59 229.00  33.86  5  2.67  9.58 219.62  22.05  1.07 15.78 303.34  10.07  0.30 16.22 213.31   7.64  0.18 16.25 250.53   9.02  0.09 23.41 304.69   9.56
19830210 180000 10.0 210.6  2.74 15.64 228.99  34.47  4  2.51  9.51 218.93  21.74  1.05 15.65 303.20  10.11  0.33 15.66 212.68   7.18  0.10 23.30 304.51   9.67
19830210 210000 10.9 208.8  2.81 15.55 227.36  34.09  4  2.58  9.33 218.17  22.10  1.03 15.57 303.20  10.08  0.36 15.55 212.07   7.50  0.12 22.96 304.40   9.71
19830211 000000  6.1 192.8  2.92 15.49 225.82  33.62  5  2.70  9.16 217.41  22.76  1.01 15.52 303.21  10.10  0.40 15.44 212.00   7.40  0.26 15.29 249.76   9.02  0.15 22.22 303.90  10.21
19830211 030000  7.9 197.9  2.90 15.41 225.68  33.18  4  2.69  9.35 217.93  22.61  0.98 15.47 303.38   9.96  0.45 15.25 211.22   7.83  0.18 22.01 304.32   9.63
19830211 060000  9.7 189.9  2.86 15.30 224.34  33.11  4  2.65  9.51 216.86  22.78  0.94 15.42 303.47   9.92  0.52 14.61 212.83   8.63  0.20 21.94 304.36   9.60
19830211 090000  7.0 168.1  2.91  9.85 223.36  32.24  4  2.71  9.82 216.79  22.75  0.89 15.37 303.57   9.88  0.49 14.40 211.86   7.37  0.22 21.84 304.11   9.67
19830211 120000  7.0 176.9  2.97 10.17 223.61  30.89  4  2.81 10.15 217.77  21.97  0.85 15.30 303.59   9.92  0.32 14.54 210.47   5.67  0.26 21.62 303.71   9.85
19830211 150000  8.7 198.5  2.88 10.19 224.11  30.85  4  2.73 10.17 218.18  21.81  0.82 15.22 303.62   9.94  0.30 21.13 303.54   9.79  0.29 14.52 209.66   6.85
19830211 180000 12.4 207.4  2.95  9.92 223.05  30.47  4  2.82  9.90 217.52  21.94  0.79 15.09 303.50  10.17  0.34 20.72 303.52   9.82  0.18 14.49 215.00   0.03
19830211 210000 11.4 209.3  3.09  9.08 222.86  30.20  4  2.97  9.08 217.94  22.69  0.76 14.84 303.52  10.16  0.37 20.60 303.63   9.82  0.05 17.93 221.88   8.76
19830212 000000  5.8 208.3  3.06  8.90 222.84  30.94  5  2.80  8.90 217.99  24.37  0.79 11.45 210.66   7.89  0.75 14.67 302.97  11.13  0.40 20.50 303.60   9.80  0.39 13.57 237.48  10.17
19830212 030000  5.9 205.9  2.81  9.13 224.40  31.65  6  2.55  9.13 218.69  23.92  0.73 14.60 303.53  10.44  0.69 11.84 210.22   8.58  0.44 20.33 303.22   9.85  0.42 13.58 229.41  10.38  0.09 17.39 222.37   9.27
19830212 060000  4.5 187.6  2.59  9.67 225.89  32.24  6  2.28  9.65 219.57  23.00  0.76 11.25 206.39   7.80  0.71 14.53 303.58  10.50  0.49 20.07 302.87   9.93  0.48 13.45 228.54   9.38  0.11 16.79 223.21   8.83
19830212 090000  2.4 206.9  2.46 10.26 227.35  32.47  4  2.30 10.23 219.04  20.81  0.68 14.49 303.83  10.27  0.54 19.67 302.78  10.05  0.13 16.72 222.71   8.95
19830212 120000  2.9 205.9  2.36 10.32 228.43  32.59  4  2.19 10.30 219.32  19.70  0.66 14.44 303.79  10.55  0.57 19.43 302.85  10.13  0.16 16.50 224.53   8.82
19830212 150000  4.7 239.6  2.25 10.22 229.67  33.00  4  2.07 10.21 219.70  19.07  0.64 14.40 303.94  10.62  0.59 19.29 302.96  10.09  0.19 15.87 223.65   8.85
19830212 180000  7.2 218.6  2.16 10.13 231.28  33.81  4  1.97 10.12 220.23  19.19  0.61 14.34 304.12  10.62  0.61 19.16 302.90   9.98  0.21 15.70 224.08   8.60
19830212 210000  7.4 215.0  2.13 18.96 232.52  34.82  4  1.91 10.07 220.24  19.69  0.66 18.97 302.55  10.00  0.60 14.28 304.29  10.66  0.26 15.44 224.47   8.60
19830213 000000  6.6 198.9  2.15 18.68 232.63  35.53  4  1.92 10.02 219.73  20.35  0.72 18.70 302.30  10.13  0.58 14.18 304.35  10.63  0.31 14.88 223.64   8.52
19830213 030000  6.1 206.1  2.20 18.32 232.14  35.72  4  1.96  9.34 219.30  20.74  0.75 18.34 302.30  10.30  0.56 14.07 304.47  10.49  0.34 14.74 223.24   9.04
19830213 060000  7.2 194.2  2.22 18.13 231.15  35.73  4  1.97  8.83 218.59  21.10  0.75 18.15 302.49  10.35  0.55 13.89 304.45  10.89  0.43 14.22 223.01   9.23
19830213 090000  6.8 194.9  2.24 18.00 230.41  35.60  4  1.98  8.69 218.13  21.11  0.76 18.04 302.71  10.28  0.54 13.79 304.83  10.69  0.48 13.81 222.69   8.96
19830213 120000  7.6 195.4  2.27 17.89 230.59  35.37  4  1.99  8.73 218.33  20.77  0.79 17.94 302.77  10.15  0.56 13.69 221.53   9.66  0.52 13.69 305.09  10.64
19830213 150000  5.8 221.8  2.31 17.73 231.40  35.06  5  2.01  8.88 218.96  20.23  0.83 17.80 302.66  10.12  0.50 13.59 305.18  10.61  0.45 13.38 220.74   9.83  0.43 15.73 222.69   8.50
19830213 180000  9.0 223.8  2.36 17.44 232.28  34.76  5  2.02  8.83 219.73  20.13  0.88 17.58 302.52  10.21  0.52 15.21 221.38   8.83  0.48 12.97 223.33   9.29  0.47 13.50 304.89  11.03
19830213 210000  8.9 213.7  2.37 17.04 232.11  35.31  5  1.99  8.57 219.32  21.32  0.89 17.22 302.33  10.37  0.60 15.04 221.94   9.57  0.51 12.70 221.12   7.21  0.45 13.44 305.11  11.04
19830214 000000  3.5 203.0  2.32 16.89 232.05  36.23  5  1.90  8.12 218.32  22.78  0.90 17.03 302.43  10.50  0.70 14.84 221.41   8.93  0.53 12.51 223.01   9.27  0.44 13.41 304.93  11.51
19830214 030000  6.2 215.8  2.22 16.82 233.91  37.15  5  1.68  7.69 218.50  24.01  0.95 14.63 221.94   9.74  0.90 16.96 302.59  10.48  0.44 10.08 217.82   6.28  0.43 13.40 305.22  11.17
19830214 060000  9.0 197.8  2.17 16.79 234.46  38.53  4  1.54  7.35 216.09  25.21  1.14 14.42 221.51  10.34  0.93 16.94 302.72  10.35  0.43 13.37 305.15  11.16
19830214 090000  8.1 198.5  2.16 16.72 234.94  39.44  4  1.48  6.99 213.97  25.83  1.17 13.95 222.21  10.22  0.95 16.91 302.73  10.24  0.43 13.32 305.04  11.01
19830214 120000  7.7 198.1  2.14 16.57 236.61  39.33  4  1.43  6.78 214.88  25.52  1.20 13.73 222.63  10.27  0.98 16.83 302.60  10.24  0.41 13.13 305.63  10.74
19830214 150000  8.4 207.2  2.18 16.38 236.10  38.63  4  1.46  6.92 215.48  24.86  1.22 13.61 222.78  10.11  0.99 16.66 302.63  10.33  0.39 12.82 305.19  11.78
19830214 180000  8.6 215.8  2.23 16.23 235.22  37.61  4  1.59  7.10 217.03  23.88  1.17 13.42 223.26  10.07  0.97 16.50 302.58  10.41  0.38 12.71 306.11  11.69
19830214 210000  7.5 215.8  2.20 16.16 236.50  37.21  4  1.55  7.28 219.05  23.70  1.17 13.23 223.15  10.15  0.97 16.42 302.82  10.46  0.35 12.65 306.74  10.91
19830215 000000  8.4 204.0  2.19 16.13 236.74  36.90  4  1.54  7.43 219.84  23.37  1.17 13.15 223.08  10.24  0.97 16.39 302.99  10.33  0.33 12.58 306.73  11.48
19830215 030000  5.5 204.3  2.17 16.14 238.45  36.37  4  1.50  7.77 222.06  23.14  1.18 13.04 223.99  11.25  0.97 16.36 303.00  10.31  0.33 12.58 307.33   9.83
19830215 060000  6.6 203.7  2.15 16.17 239.76  35.49  6  1.51  8.28 225.29  22.10  1.15 12.87 223.49  11.26  0.96 16.33 303.11  10.26  0.29 12.45 307.20   9.96  0.09 17.91 213.92   6.51  0.05 25.89 307.08   8.45
19830215 090000  4.7 182.6  2.14 16.18 239.94  35.00  6  1.52  8.51 226.49  21.48  1.13 12.73 222.99  11.23  0.95 16.29 303.15  10.33  0.29 12.35 307.04  10.64  0.10 17.85 219.85   6.01  0.08 25.11 307.28   8.77
19830215 120000  4.0 189.3  2.19 16.15 238.67  34.14  5  1.60  9.04 226.01  20.06  1.13 12.57 223.06  11.52  0.95 16.21 303.24  10.55  0.24 11.83 309.28   8.52  0.10 25.01 308.04   8.55
19830215 150000  4.5 215.2  2.28 16.07 236.37  33.01  6  1.74  9.76 225.29  18.81  1.11 12.34 222.07  11.32  0.93 16.06 303.23  10.66  0.25 11.87 309.37   9.84  0.18 16.75 216.60   8.71  0.11 24.88 308.05   8.42
19830215 180000  8.4 233.9  2.38 11.93 234.81  32.00  6  1.88  9.79 224.76  18.97  1.09 12.13 223.05  11.81  0.92 15.79 303.24  10.66  0.21 11.76 310.55   8.85  0.20 16.70 215.90   8.75  0.15 24.10 307.23   8.70
19830215 210000  8.9 211.4  2.44 15.60 232.96  31.76  5  1.98  9.76 223.55  20.18  1.09 12.05 223.08  11.82  0.89 15.64 303.10  10.63  0.20 11.75 310.16   8.76  0.19 23.49 307.12   8.92
19830216 000000  7.3 200.4  2.39 15.52 231.27  32.56  6  1.92  9.71 220.98  21.00  1.01 11.99 224.40  12.30  0.86 15.54 303.04  10.62  0.39 15.58 217.61  12.12  0.23 23.38 307.63   8.80  0.20 11.72 308.52  10.25
19830216 030000  6.5 170.9  2.33 15.46 229.98  33.48  5  1.85  9.67 218.86  21.99  1.00 11.90 224.91  12.12  0.86 15.47 303.35  10.70  0.47 15.52 214.80  11.96  0.26 23.24 307.61   8.63
19830216 060000  7.6 171.6  2.30 15.41 229.72  33.93  5  1.74  9.42 218.82  22.09  1.04 11.67 223.49  12.85  0.84 15.43 303.42  10.85  0.61 15.38 210.14   8.62  0.31 22.53 306.89   8.76
19830216 090000  4.8 154.5  2.29 15.33 229.32  34.31  5  1.71  9.23 218.56  21.62  0.93 11.60 222.54  12.90  0.83 15.40 303.50  10.88  0.78 14.68 211.89  11.01  0.37 21.98 306.66   9.02
19830216 120000  6.3 155.7  2.29 15.25 228.23  34.18  6  1.67  9.11 218.52  21.34  0.95 14.63 210.07   9.89  0.85 11.40 223.02  13.11  0.81 15.36 303.24  10.96  0.40 21.87 306.90   9.11  0.08 10.99 315.54   2.40
19830216 150000  3.9 212.0  2.30 15.20 226.88  33.36  6  1.61  9.10 218.96  20.36  1.06 14.72 209.36   9.50  0.89 11.31 220.02  12.65  0.77 15.29 302.84  11.08  0.43 21.73 307.02   8.94  0.12 10.99 312.79   8.26
19830216 180000  5.7 234.3  2.32 15.18 226.27  32.99  5  1.56  9.04 219.39  19.30  1.19 15.34 208.33   8.31  0.86 11.30 221.16  13.02  0.75 15.14 302.82  11.24  0.48 21.10 306.49   8.91
19830216 210000  6.8 214.0  2.37 15.09 225.69  33.13  5  1.50  8.77 219.88  20.30  1.34 15.47 209.41   9.29  0.87 10.96 218.05  12.53  0.73 14.85 302.64  11.47  0.55 20.56 306.17   9.16
19830217 000000  7.3 183.7  2.49 14.85 223.61  32.85  6  1.68  8.54 217.34  21.54  1.41 15.44 209.14   8.81  0.73 10.86 219.72  13.02  0.71 14.68 302.41  11.82  0.57 20.46 306.11   9.31  0.06 26.73 298.49   9.10
19830217 030000  8.0 201.5  2.64 14.72 222.10  31.91  5  1.93  8.26 216.75  21.91  1.55 15.00 210.48   9.91  0.70 14.60 302.28  12.04  0.57 20.33 306.11   9.30  0.08 26.58 299.33   9.32
19830217 060000  7.7 181.6  2.77 14.65 221.53  31.43  5  2.15  8.43 216.74  22.28  1.50 14.82 209.84   9.19  0.69 14.56 302.11  12.04  0.59 19.85 306.06   9.21  0.10 25.79 299.08   9.36
19830217 090000  5.5 189.5  2.79 14.60 222.40  31.64  6  2.18  8.72 217.46  22.03  1.48 14.70 209.87   9.24  0.67 14.54 302.48  11.72  0.63 19.25 305.78   9.34  0.13 25.12 298.87   9.42  0.07 13.43 265.00   0.00
19830217 120000  6.7 184.4  2.75 14.49 223.01  31.92  5  2.15  8.98 217.64  21.71  1.43 14.47 210.09   9.20  0.66 14.52 302.28  12.06  0.65 19.14 305.64   9.53  0.15 25.01 299.54   9.61
19830217 150000  5.7 213.9  2.67 14.33 223.99  32.03  5  2.11  8.97 218.03  21.02  1.35 14.20 210.75   9.87  0.66 19.05 305.40   9.61  0.64 14.48 302.12  12.38  0.18 24.82 299.92   9.55
19830217 180000  9.0 216.5  2.65 14.22 224.66  31.99  5  2.15  8.75 218.55  20.94  1.25 14.09 210.85  10.06  0.65 18.83 305.38   9.52  0.62 14.43 302.13  12.34  0.22 23.88 299.17   9.50
19830217 210000 10.5 206.2  2.80 14.12 223.61  31.82  5  2.37  8.40 217.71  22.07  1.17 13.93 210.84   9.77  0.66 18.19 305.37   9.45  0.60 14.39 301.99  12.47  0.27 23.47 299.22   9.84
19830218 000000  5.5 191.3  2.91  8.35 222.50  32.33  5  2.52  8.35 216.62  23.60  1.11 13.60 210.88  10.03  0.66 17.96 305.25   9.66  0.58 14.37 301.80  13.05  0.30 23.38 299.94   9.99
19830218 030000  8.8 197.4  2.75  8.40 223.32  33.75  5  2.34  8.40 216.21  24.21  1.11 13.38 211.29  10.04  0.68 17.86 305.31   9.82  0.56 14.34 301.45  13.38  0.34 23.14 300.25   9.78
19830218 060000 12.4 189.4  2.66 17.73 221.67  35.88  4  2.47  8.14 212.24  23.20  0.69 17.76 305.22   9.74  0.54 14.28 301.16  13.71  0.42 22.12 299.54   9.75
19830218 090000 10.8 184.6  2.73  7.84 219.82  36.44  5  2.36  7.84 210.26  25.67  0.97 13.07 212.29  10.79  0.69 17.58 305.05   9.72  0.51 14.12 301.34  13.52  0.48 21.91 299.36  10.02
19830218 120000  6.1 187.7  2.64  8.04 222.48  36.27  6  2.27  8.04 212.68  25.19  0.88 12.78 213.87  11.21  0.68 17.23 305.03   9.65  0.51 21.84 299.99  10.15  0.50 13.80 301.46  13.53  0.22 15.77 203.13   6.96
19830218 150000  7.5 207.0  2.49 16.78 226.43  36.01  6  2.09  8.21 215.57  23.49  0.90 12.57 215.13  11.81  0.65 16.88 304.88   9.67  0.55 21.59 300.65   9.99  0.50 13.66 302.01  13.82  0.26 15.66 205.12   8.19
19830218 180000 10.3 219.0  2.48 16.64 229.31  36.18  5  2.02  8.07 217.16  22.53  0.99 12.38 215.87  12.70  0.66 16.72 305.62   9.95  0.64 20.63 300.08   9.79  0.48 13.62 300.93  13.96
19830218 210000 10.7 208.1  2.65 20.45 229.05  36.10  7  2.13  7.68 216.86  23.55  1.05 12.19 218.68  12.61  0.71 20.46 299.46  10.04  0.68 16.62 305.65  10.14  0.47 13.61 300.72  13.70  0.36 14.85 203.83   6.80  0.15 13.54 245.00   0.00
19830219 000000 11.1 200.5  2.72 20.38 228.36  36.68  7  2.20  7.52 215.71  24.76  1.08 11.92 219.57  13.75  0.74 20.40 299.70  10.19  0.71 16.49 305.16  10.32  0.44 13.60 300.40  14.32  0.35 14.91 204.73   5.97  0.20 12.66 245.00   0.00
19830219 030000  8.5 194.5  2.68 20.23 229.23  37.16  7  2.14  7.72 215.86  25.34  0.94 11.73 218.40  11.73  0.79 20.23 301.21  10.42  0.68 16.33 303.54  10.84  0.49 14.35 205.40   8.71  0.47 12.68 242.09   6.01  0.39 13.44 301.43  14.17
19830219 060000  9.1 188.8  2.61 19.47 230.82  37.54  7  2.04  7.90 216.35  25.15  0.85 11.87 215.53  10.11  0.83 19.47 301.13  10.16  0.69 16.18 301.34  11.94  0.61 12.03 240.87   6.50  0.51 13.96 205.54   7.95  0.33 13.42 309.68   9.88
19830219 090000  7.5 185.6  2.57 19.16 232.82  37.73  7  1.99  8.03 217.71  24.76  0.88 19.17 300.22   9.97  0.84 11.43 216.02  10.43  0.70 15.82 302.21  12.20  0.57 11.90 241.85   5.68  0.55 13.99 206.29  10.43  0.24 12.66 313.65   6.97
19830219 120000  3.8 168.2  2.54 19.07 235.14  37.28  6  1.94  8.61 219.69  23.42  0.95 11.73 211.01  10.31  0.92 19.08 299.79  10.07  0.69 15.60 302.53  12.53  0.65 11.47 242.15   6.85  0.24 12.62 313.42   7.20
19830219 150000  6.4 211.5  2.52 18.98 236.69  36.73  6  1.91  9.02 220.71  21.82  0.95 18.98 300.10  10.31  0.94 12.08 211.71  11.36  0.68 11.19 243.22   6.61  0.67 15.47 302.30  12.44  0.23 12.59 313.20   7.41
19830219 180000 11.3 211.6  2.62 18.79 234.51  36.48  5  2.23  9.12 218.09  21.00  0.97 18.80 300.98  10.49  0.69 11.22 241.40   8.25  0.63 15.32 301.23  12.02  0.23 12.59 313.12   7.40
19830219 210000 12.5 203.4  3.07 18.27 227.85  34.84  4  2.84  8.28 217.87  22.85  0.96 18.29 301.04  10.44  0.63 15.32 301.17  11.69  0.23 12.61 313.22   6.99
19830220 000000  9.4 191.7  3.31  8.85 226.04  34.53  4  2.99  8.85 218.28  24.87  0.95 18.02 300.34  10.20  0.80 12.04 207.14  10.38  0.68 15.34 303.40  12.26
19830220 030000  9.7 192.9  3.20 17.85 226.04  35.23  2  2.98  9.04 216.78  24.44  1.17 17.85 301.17  10.98
19830220 060000 11.4 181.7  3.06 17.75 225.12  36.30  3  2.74  9.02 215.69  25.58  1.16 17.75 300.98  10.97  0.75 13.25 207.92   9.50
19830220 090000  9.3 170.7  3.13 17.65 223.23  35.58  4  2.87  9.29 214.41  24.97  1.13 17.65 300.87  10.98  0.52 13.15 207.24   6.33  0.06 26.04 304.21   8.77
19830220 120000  7.7 182.0  3.14  9.78 223.33  34.16  5  2.94  9.78 214.93  23.26  1.04 17.53 299.63  10.83  0.36 14.23 311.10   6.96  0.10 16.64 211.67   4.96  0.08 25.12 303.94   8.91
19830220 150000  9.2 196.2  3.02  9.85 224.15  33.67  4  2.82  9.84 215.48  22.04  1.08 17.37 300.92  11.03  0.11 16.62 214.63   7.77  0.10 24.98 304.79   9.18
19830220 180000 11.9 206.4  3.04  9.69 224.06  32.83  4  2.85  9.69 215.84  21.30  1.06 17.13 300.96  10.98  0.11 24.88 304.94   8.93  0.07 16.63 214.68   1.77
19830220 210000 12.4 210.0  3.37  9.21 222.81  31.07  3  3.21  9.21 216.53  21.84  1.03 16.88 300.97  10.98  0.14 24.39 304.36   9.16
19830221 000000  7.0 189.4  3.61  9.54 221.91  30.54  4  3.46  9.54 216.75  22.99  1.00 16.71 300.96  10.97  0.18 23.51 303.95   9.18  0.15 15.56 210.67   6.12
19830221 030000  9.1 195.5  3.48  9.88 222.25  30.42  4  3.33  9.88 216.97  22.65  0.97 16.60 300.85  11.06  0.20 23.37 304.31   9.02  0.16 15.54 212.32   5.54
19830221 060000  9.9 186.9  3.38 10.15 222.18  30.17  3  3.24 10.14 216.87  22.20  0.94 16.53 300.77  11.09  0.23 23.27 304.69   9.14
19830221 090000  8.3 178.0  3.40 10.69 222.82  29.47  3  3.27 10.67 217.81  21.81  0.91 16.49 300.77  11.13  0.27 22.84 304.12   9.19
19830221 120000 10.2 176.1  3.38 10.80 223.18  29.54  3  3.24 10.79 218.20  22.02  0.88 16.45 300.91  11.14  0.32 22.00 303.78   9.19
19830221 150000  8.7 197.8  3.28 10.79 224.15  29.12  3  3.15 10.78 219.12  21.38  0.85 16.40 301.15  11.16  0.36 21.87 304.08   9.11
19830221 180000 12.8 207.0  3.39 10.73 223.86  28.03  3  3.27 10.73 219.50  20.94  0.81 16.29 301.48  11.06  0.38 21.77 304.29   9.06
19830221 210000 14.0 204.5  3.90 10.21 222.12  27.15  3  3.80 10.20 218.99  21.92  0.76 15.95 301.71  10.85  0.42 21.40 303.94   9.12
19830222 000000 10.6 184.0  4.08 10.24 221.22  28.24  3  3.99 10.24 218.31  23.72  0.73 15.63 301.59  10.83  0.48 20.58 303.55   9.28
19830222 030000  9.7 187.7  3.74 10.29 221.99  28.95  3  3.63 10.29 218.46  23.61  0.71 15.52 301.46  10.79  0.52 20.46 303.79   9.35
19830222 060000 11.0 184.9  3.45 10.18 221.66  29.60  3  3.34 10.17 217.55  23.38  0.69 15.48 301.32  10.94  0.53 20.38 304.01   9.21
19830222 090000  8.9 183.0  3.27 10.04 222.25  29.92  3  3.15 10.04 217.67  23.03  0.67 15.45 301.41  10.99  0.55 20.16 303.92   9.13
19830222 120000  9.4 184.1  3.10 10.03 223.89  30.07  3  2.98 10.03 218.71  22.37  0.64 15.42 301.57  11.02  0.60 19.35 303.51   9.24
19830222 150000  9.0 204.0  2.97 10.02 225.49  29.92  3  2.84 10.02 219.82  21.45  0.64 19.15 303.46   9.45  0.60 15.36 301.56  11.17
19830222 180000 10.5 212.9  2.95 10.02 226.41  29.36  3  2.82 10.02 220.88  20.96  0.66 19.09 303.75   9.62  0.56 15.24 301.47  10.94
19830222 210000 10.4 209.3  2.98  9.68 226.58  29.50  3  2.85  9.68 221.22  21.57  0.67 19.00 303.83   9.44  0.53 14.86 301.53  10.88
19830223 000000  7.3 196.2  2.91  8.98 226.54  30.74  4  2.49  8.90 219.01  24.01  1.23 10.64 227.40  14.16  0.70 18.75 303.59   9.24  0.52 14.59 301.74  10.95
19830223 030000  9.3 203.2  2.73  8.58 227.62  32.10  4  2.30  8.58 219.77  24.73  1.16 10.71 222.96  11.80  0.74 18.13 303.38   9.31  0.51 14.50 300.94  11.71
19830223 060000 11.6 187.8  2.68 17.93 225.88  33.64  5  2.15  8.23 215.20  26.31  1.28 10.37 225.83  12.72  0.76 17.94 303.14   9.48  0.49 14.46 301.37  11.25  0.30 15.07 214.34   7.19
19830223 090000  9.6 182.2  2.73 17.84 224.75  33.70  5  2.20  8.18 215.03  27.10  1.24 10.48 224.30  11.48  0.78 17.86 303.27   9.66  0.51 14.45 214.01   7.20  0.47 14.42 300.44  11.36
19830223 120000  7.3 180.5  2.73 17.76 225.75  32.68  5  2.20  8.50 217.40  25.83  1.07 10.58 225.80  11.95  0.81 13.59 212.80   7.39  0.78 17.79 303.26   9.64  0.45 14.40 300.20  11.99
19830223 150000  9.4 203.9  2.75 17.63 225.85  31.53  4  2.36  8.65 219.57  23.16  1.09 12.21 215.40   9.22  0.78 17.69 303.31   9.57  0.43 14.37 300.53  11.80
19830223 180000 13.9 210.9  3.12 17.40 223.34  29.36  3  2.99  8.35 218.07  20.87  0.78 17.53 303.20   9.50  0.42 14.33 300.96  11.90
19830223 210000 13.4 204.4  3.64  8.50 220.82  28.55  3  3.54  8.50 217.12  22.50  0.79 17.22 302.98   9.48  0.38 14.01 301.38  12.42
19830224 000000  6.6 189.9  3.62  8.92 220.29  29.15  4  3.18  8.92 217.24  25.44  1.49 13.49 213.93   7.88  0.79 16.93 303.05   9.65  0.34 13.66 300.57  11.59
19830224 030000 10.9 195.6  3.31 16.37 220.53  29.42  4  2.73  8.70 216.81  25.41  1.66 13.62 214.28   8.68  0.80 16.80 302.87   9.71  0.33 13.56 300.92  11.82
19830224 060000 11.7 186.7  3.22 13.56 219.31  29.77  5  2.47  8.26 214.30  26.36  1.87 13.56 214.70   8.95  0.81 16.72 303.01   9.74  0.33 13.53 299.53  11.98  0.08 25.04 297.54   9.83
19830224 090000 11.0 190.2  3.28 13.36 218.99  29.13  5  2.39  8.05 213.13  26.37  2.06 13.25 215.84  10.01  0.80 16.65 302.84   9.70  0.34 13.59 300.72  12.08  0.10 24.82 297.64   9.96
19830224 120000  9.9 182.4  3.29 13.05 219.63  28.59  4  3.18 12.93 215.28  21.01  0.80 16.58 302.90   9.66  0.28 13.45 300.59  11.75  0.12 24.64 297.89  10.27
19830224 150000 10.8 203.3  3.27 12.87 220.53  27.40  3  3.17 12.78 216.56  20.22  0.80 16.48 302.69   9.94  0.14 24.15 297.99  10.02
19830224 180000 14.3 208.7  3.62 12.90 219.71  25.92  3  3.53 12.80 216.75  20.31  0.77 16.39 302.69  10.06  0.17 23.43 298.45  10.40
19830224 210000 13.8 203.2  4.07  8.97 218.37  25.75  3  3.99  8.97 216.12  21.51  0.75 16.28 302.90   9.93  0.20 23.22 298.39  10.30
19830225 000000  8.8 203.3  4.19  9.66 218.04  25.75  4  3.34  9.42 217.16  25.68  2.40 13.15 213.69  10.40  0.74 16.13 302.60  10.39  0.22 23.07 298.33  10.22
19830225 030000 10.7 194.0  4.00 15.20 218.06  25.41  4  3.03  9.48 216.79  25.62  2.50 13.71 214.39  11.00  0.72 15.82 302.76   9.91  0.26 22.71 298.55  10.29
19830225 060000 11.4 187.8  3.86 15.21 217.51  25.21  4  2.90  9.48 215.77  25.31  2.43 14.06 214.27  10.12  0.70 15.63 302.29  10.47  0.29 21.92 298.52  10.28
19830225 090000 11.6 180.4  3.83 15.19 216.68  25.53  3  3.76 14.22 214.35  20.96  0.66 15.52 302.42  10.23  0.34 21.72 298.69  10.25
19830225 120000  7.0 193.3  3.72 15.14 217.51  25.23  3  3.65 14.42 215.12  20.52  0.62 15.45 302.60  10.22  0.38 21.62 298.72  10.28
19830225 150000  9.9 197.7  3.55 15.01 218.57  24.68  3  3.48 14.43 215.99  19.46  0.60 15.39 302.83  10.05  0.41 21.43 298.84  10.36
19830225 180000 12.5 208.7  3.50 14.60 218.93  24.62  3  3.43 14.36 216.25  19.20  0.57 15.34 303.09   9.94  0.45 20.64 298.75  10.28
19830225 210000 13.3 208.0  3.77 14.42 218.92  24.84  3  3.69 14.27 216.51  20.13  0.54 15.27 303.24   9.78  0.51 20.34 299.02  10.22
19830226 000000  6.5 202.1  3.83 14.29 218.55  26.07  4  3.26  9.21 217.45  24.24  1.85 14.18 212.22   8.77  0.56 20.25 299.33  10.31  0.51 15.10 303.16   9.82
19830226 030000  9.6 198.7  3.54 14.18 218.69  26.55  4  2.92  9.32 218.06  24.44  1.86 14.06 210.73   9.02  0.58 20.17 299.28  10.36  0.48 14.70 303.04   9.93
19830226 060000 10.0 190.5  3.31 14.04 218.50  26.97  4  2.72  9.21 217.31  24.12  1.73 13.72 210.50   9.21  0.60 19.94 299.18  10.38  0.46 14.53 302.96  10.03
19830226 090000  9.2 187.7  3.27 13.63 218.81  27.14  4  2.63  9.38 217.25  24.35  1.80 13.46 211.64  10.22  0.64 19.19 299.53  10.45  0.42 14.46 302.53  10.24
19830226 120000  8.7 186.5  3.25 13.35 219.70  27.48  4  2.70 10.06 217.34  23.40  1.64 13.25 212.32  11.35  0.69 18.99 299.91  10.49  0.39 14.40 302.00  10.41
19830226 150000  9.0 204.3  3.15 10.83 220.53  27.77  4  2.62 10.10 217.82  22.93  1.56 13.14 212.49  11.32  0.72 18.92 299.89  10.57  0.37 14.37 302.59  10.05
19830226 180000 12.2 213.1  3.17 10.72 220.62  27.59  3  3.06 10.71 216.51  20.59  0.72 18.86 299.85  10.62  0.36 14.34 301.87  10.75
19830226 210000 10.5 207.2  3.17  9.86 220.87  28.15  4  2.75  9.85 218.27  23.30  1.37 12.58 211.41  10.88  0.72 18.75 299.94  10.71  0.34 14.29 302.48  10.01
19830227 000000  5.5 201.3  3.04 10.17 221.76  29.01  4  2.62 10.03 218.75  23.65  1.31 12.45 211.37  10.94  0.73 18.18 299.89  10.70  0.34 14.26 303.68   9.99
19830227 030000  6.2 205.4  2.88 10.26 223.03  29.35  3  2.47 10.06 219.66  22.84  1.24 12.37 210.63   9.96  0.83 17.81 300.60  10.72
19830227 060000  6.8 183.2  2.76 10.29 223.44  29.74  5  2.40 10.29 218.87  21.80  1.07 12.22 211.13  11.13  0.76 17.73 299.26  10.52  0.25 20.41 311.14   6.06  0.24 13.46 302.03  10.55
19830227 090000  4.6 177.7  2.67 10.33 223.92  29.77  5  2.33 10.33 218.84  20.82  0.98 12.34 210.79  11.35  0.80 17.70 300.36  10.78  0.24 13.44 301.77  10.92  0.14 19.12 217.34   8.42
19830227 120000  5.4 180.8  2.63 10.39 224.39  29.69  4  2.49 10.38 217.81  19.27  0.81 17.70 300.13  10.80  0.22 13.43 307.87   8.44  0.14 19.17 215.90   8.42
19830227 150000  5.4 204.4  2.59 10.35 225.08  29.80  3  2.44 10.35 218.18  18.84  0.84 17.67 300.90  10.82  0.19 18.32 217.19   7.89
19830227 180000 12.4 213.3  2.72 10.25 224.37  29.44  5  2.56 10.25 218.16  19.80  0.84 17.22 300.91  10.86  0.25 15.35 216.99   5.62  0.21 18.14 216.15   8.20  0.15 15.62 238.64   5.39
19830227 210000 10.2 203.3  2.89 10.07 223.01  29.40  5  2.74 10.07 217.68  21.37  0.83 16.82 300.89  10.84  0.28 14.90 213.95   6.49  0.24 17.95 218.40   7.90  0.16 15.55 238.16   4.82
19830228 000000  4.0 213.2  2.87  9.84 223.26  29.50  3  2.73  9.84 218.08  21.71  0.81 16.78 300.97  10.90  0.27 17.63 218.22   7.45
19830228 030000  4.5 205.2  2.73  9.74 224.35  29.70  4  2.58  9.73 218.47  21.17  0.81 16.84 301.13  10.96  0.31 17.30 219.33   9.21  0.22 14.51 239.12   5.33
19830228 060000  6.8 206.8  2.54  9.63 225.17  30.40  5  2.35  9.63 218.42  20.77  0.81 16.97 301.19  10.92  0.32 17.02 217.34   7.46  0.32 13.74 212.56   6.75  0.28 14.52 233.80   7.43
19830228 090000  2.2 180.5  2.36  9.47 226.12  31.26  5  2.14  9.47 218.09  20.37  0.81 17.10 301.15  10.89  0.36 13.92 233.50   7.51  0.34 16.69 218.54   7.64  0.31 13.73 210.86   5.17
19830228 120000  2.0 232.1  2.22  9.28 227.20  31.80  4  1.97  9.28 218.22  19.99  0.80 16.96 301.12  10.90  0.53 13.64 223.60  11.94  0.33 16.61 217.38   8.39
19830228 150000  4.3 237.1  2.09  9.15 228.02  32.13  4  1.84  9.15 218.38  19.66  0.78 16.66 301.22  10.97  0.53 13.59 224.30  12.11  0.33 16.52 217.74   8.66
19830228 180000  6.6 229.8  1.99 16.46 229.21  32.52  4  1.71  9.01 219.09  20.09  0.76 16.52 301.55  11.03  0.60 13.09 222.96  12.74  0.34 16.28 220.20   8.21
19830228 210000  6.0 212.8  1.90 16.40 230.46  33.28  4  1.61  8.74 219.53  20.68  0.75 16.48 301.86  10.96  0.57 12.81 224.94  12.22  0.38 15.63 218.18   9.45
19830301 000000  7.1 194.0  1.86 16.36 230.27  34.04  4  1.54  8.53 218.58  21.42  0.74 16.46 301.93  10.88  0.65 12.66 223.50  13.15  0.34 15.65 220.60  10.08
