Date     Time   Uabs UDir  hs    tp    th     sp     np hs(i) tp(i) th(i)  sp(i)
19921101 000000  6.9 193.3  3.02  8.45 217.91  25.78  5  2.70  8.45 216.58  25.35  1.30 11.67 218.36  16.56  0.29 18.94 305.61   8.98  0.22 13.70 306.83   9.12  0.08 24.93 304.73   9.62
19921101 030000  9.6 189.9  2.72  8.31 218.30  26.71  6  2.33  8.31 216.78  26.44  1.26 11.66 215.09  15.33  0.47 13.96 233.53   9.49  0.33 18.55 305.95   8.76  0.21 13.53 306.77   9.26  0.08 24.88 305.73   9.10
19921101 060000  9.4 186.5  2.42 11.65 218.66  28.15  7  2.00  7.94 214.79  26.97  1.22 11.63 218.85  16.87  0.41 14.09 236.54   8.64  0.37 17.94 305.94   8.63  0.20 13.48 306.93   8.77  0.11 23.65 303.77   9.95  0.06 20.53 221.07   7.10
19921101 090000  8.1 181.6  2.17 11.66 219.78  29.42  6  1.73  7.50 214.82  27.83  1.23 11.64 220.66  17.00  0.38 17.84 305.43   8.83  0.20 13.46 306.90   8.76  0.16 23.35 302.86  10.19  0.08 20.35 221.49   7.47
19921101 120000  7.8 185.0  2.02 11.71 220.64  30.31  7  1.58  7.14 214.80  28.25  0.86 11.66 207.33   8.93  0.80 11.59 236.82   9.47  0.38 17.79 305.19   9.05  0.20 13.44 306.61   8.78  0.18 23.32 303.51  10.24  0.10 19.93 218.55   8.38
19921101 150000  9.6 206.2  1.97 12.21 221.92  30.12  7  1.50  6.82 216.21  27.29  0.88 11.75 207.80   9.16  0.77 12.30 237.34   9.43  0.41 17.68 305.55   9.05  0.20 13.42 306.34   9.00  0.17 23.31 304.89   9.79  0.15 19.06 216.84   9.32
19921101 180000 12.8 206.4  2.44  6.32 219.30  29.04  5  2.38  6.32 216.27  24.03  0.45 17.31 306.06   8.88  0.20 13.37 306.04   9.19  0.18 23.05 304.98   9.58  0.13 19.19 220.91   6.05
19921101 210000 12.9 194.9  2.77  6.91 216.45  29.77  5  2.68  6.91 212.68  24.72  0.49 16.81 306.16   8.79  0.44 11.19 245.74   7.76  0.25 21.91 303.25  10.04  0.19 13.26 305.82   9.35
19921102 000000 12.2 192.5  2.82  7.20 214.86  29.78  5  2.66  7.20 212.04  25.55  0.73 15.61 210.97   9.94  0.48 16.71 305.71   8.91  0.30 21.81 302.91  10.38  0.17 12.89 305.85   9.59
19921102 030000 10.7 192.9  2.83 16.45 214.93  28.22  5  2.49  7.29 212.72  25.58  1.22 15.07 210.76   9.42  0.46 16.65 305.32   9.01  0.30 21.79 303.38  10.58  0.16 12.70 305.85   9.33
19921102 060000 11.7 192.6  2.93 16.18 214.66  26.60  5  2.18  7.38 211.78  26.93  1.87 15.09 213.14  12.26  0.46 16.56 305.50   9.15  0.27 21.78 304.88  10.25  0.15 12.62 305.94   9.20
19921102 090000 11.5 196.0  3.15 15.68 214.69  25.94  5  2.33  7.61 212.97  26.43  2.03 14.83 211.83  10.63  0.49 16.38 305.97   9.09  0.30 21.33 304.89   9.91  0.14 12.59 305.75   9.47
19921102 120000  7.6 188.0  3.29 15.67 216.16  26.07  5  2.36  8.04 214.60  26.18  2.19 14.86 212.37  10.47  0.52 15.98 306.23   9.02  0.40 20.45 303.51  10.08  0.14 12.57 305.88   9.21
19921102 150000 10.7 212.8  3.28 15.53 217.51  25.47  5  2.07  8.22 215.31  25.69  2.45 15.32 214.17  12.65  0.53 15.75 306.12   9.07  0.45 20.38 303.18  10.49  0.14 12.55 305.97   9.09
19921102 180000 12.3 214.0  3.48 15.36 217.58  24.42  4  3.42 15.14 215.27  19.31  0.51 15.66 305.76   9.09  0.42 20.37 303.39  10.85  0.14 12.54 306.15   9.26
19921102 210000 12.7 203.1  3.53 14.88 216.44  24.36  4  3.47 14.57 214.52  20.08  0.49 15.59 305.48   9.13  0.36 20.36 304.74  11.06  0.13 12.52 306.44   9.59
19921103 000000 13.2 190.7  3.41 14.52 214.24  25.51  3  3.36 14.38 212.15  20.92  0.49 15.49 305.65   9.32  0.38 20.07 304.92  10.42
19921103 030000 11.9 182.8  3.28 14.28 213.64  27.49  4  2.24  7.19 207.18  28.64  2.30 14.09 213.88  10.79  0.49 15.37 305.85   9.36  0.49 19.14 303.92  10.08
19921103 060000 13.3 170.5  3.16 13.90 212.45  30.01  4  2.07  6.85 201.96  31.47  2.26 13.75 213.93  10.77  0.55 19.05 303.47  10.42  0.49 15.24 305.84   9.41
19921103 090000 12.0 175.7  3.06 13.95 212.15  29.72  4  2.00  6.68 201.20  30.90  2.20 13.73 213.96  10.77  0.53 19.03 303.34  10.78  0.47 15.10 305.58   9.52
19921103 120000 11.8 178.9  3.04 14.20 211.47  28.52  4  1.97  6.61 200.71  30.31  2.22 13.92 213.96  11.18  0.47 19.03 303.97  11.28  0.45 14.92 305.26   9.52
19921103 150000 11.2 195.0  3.02 14.22 213.31  26.43  4  1.88  6.80 205.21  28.99  2.28 14.08 214.09  11.44  0.43 18.97 304.60  11.08  0.43 14.78 305.02   9.48
19921103 180000 11.8 206.9  3.16 14.11 215.91  25.26  3  3.09 13.90 213.38  19.70  0.48 18.40 304.32  10.49  0.41 14.66 304.96   9.59
19921103 210000 15.6 197.1  3.68 13.87 214.95  26.57  3  3.61 13.71 212.76  22.23  0.56 17.87 303.92  10.35  0.39 14.54 304.97   9.81
19921104 000000  8.2 181.0  3.79 13.68 214.11  27.74  4  2.96  8.50 210.70  28.29  2.26 13.58 213.92  12.21  0.59 17.80 303.60  10.66  0.37 14.45 305.02   9.79
19921104 030000 12.5 175.5  3.53 13.54 213.68  28.08  4  2.78  8.86 210.64  28.57  2.07 13.46 212.72  11.44  0.56 17.78 303.37  11.03  0.36 14.40 304.85  10.00
19921104 060000 11.4 175.7  3.28 13.43 213.78  27.83  4  2.55  8.87 210.04  28.34  1.97 13.36 213.82  11.96  0.51 17.77 303.44  11.37  0.34 14.36 304.67   9.94
19921104 090000 10.1 178.5  3.10 13.30 214.93  27.28  4  2.38  9.39 211.40  27.30  1.90 13.24 214.27  12.59  0.50 17.71 303.66  11.18  0.33 14.32 304.34  10.03
19921104 120000  7.8 188.2  2.99 13.11 217.09  26.69  3  2.92 12.96 214.34  21.34  0.53 17.48 303.79  10.84  0.32 14.28 304.23   9.95
19921104 150000  7.4 216.6  2.88 12.74 219.62  26.13  3  2.80 12.66 216.30  19.50  0.58 16.82 303.77  10.76  0.32 14.21 304.28   9.94
19921104 180000  6.6 223.9  2.79 12.56 221.15  25.90  3  2.71 12.50 217.56  18.75  0.59 16.67 303.45  10.95  0.31 14.04 304.39   9.91
19921104 210000  6.1 212.5  2.70 12.43 221.64  25.59  3  2.62 12.38 218.05  18.38  0.57 16.62 303.05  11.17  0.30 13.73 304.56   9.88
19921105 000000  2.0 212.0  2.63 12.29 221.78  25.10  3  2.56 12.26 218.28  17.91  0.56 16.60 302.79  11.31  0.29 13.59 304.73   9.97
19921105 030000  3.4 229.4  2.62 12.01 221.95  24.63  3  2.54 11.96 218.49  17.31  0.56 16.57 303.13  11.29  0.27 13.49 304.25   9.82
19921105 060000  2.5 214.3  2.60 11.79 221.94  24.74  3  2.52 11.77 218.29  16.86  0.57 16.51 303.49  11.15  0.26 13.46 304.47   9.78
19921105 090000  0.6  73.3  2.46 11.63 221.80  25.68  3  2.37 11.61 217.58  16.68  0.58 16.34 303.79  11.16  0.26 13.44 304.71   9.75
19921105 120000  0.9 279.4  2.33 11.53 221.89  26.07  3  2.25 11.51 217.37  16.51  0.57 15.83 303.63  11.55  0.27 13.41 304.92   9.70
19921105 150000  4.8 286.3  2.19 11.44 222.41  26.72  3  2.11 11.28 217.76  17.45  0.53 15.61 303.34  11.82  0.27 13.38 304.91   9.65
19921105 180000  5.1 253.8  2.06 11.03 223.25  27.49  3  1.98 10.99 218.27  18.15  0.51 15.54 303.02  11.88  0.27 13.33 305.04   9.57
19921105 210000  4.3 222.3  1.93 10.93 224.14  28.73  2  1.83 10.90 218.19  18.07  0.59 15.51 303.41  11.44
19921106 000000  3.2 195.6  1.80 10.90 225.71  30.60  4  1.69 10.88 218.10  18.08  0.58 15.49 302.98  11.48  0.18 12.56 309.44   6.95  0.10 16.39 248.56   9.85
19921106 030000  3.9 210.4  1.69 15.46 227.56  32.34  5  1.57 10.85 218.27  18.28  0.59 15.46 303.42  11.40  0.21 12.59 305.71   9.60  0.11 16.05 248.88   9.20  0.05 22.98 310.48  10.37
19921106 060000  3.1 201.7  1.60 15.41 228.87  33.33  5  1.47 10.80 218.47  18.52  0.58 15.42 303.30  11.55  0.20 12.56 306.23   8.96  0.13 15.78 250.47  10.05  0.07 22.10 309.53  10.86
19921106 090000  2.9 191.2  1.51 15.28 229.18  33.49  5  1.38 10.71 218.49  18.60  0.54 15.30 303.10  11.92  0.21 12.56 305.92   9.32  0.16 15.58 247.85  10.08  0.08 21.87 309.31  10.85
19921106 120000  3.8 200.2  1.42 14.79 228.54  33.36  6  1.30 10.44 218.01  18.67  0.49 14.84 302.70  12.75  0.22 12.55 306.21   9.28  0.16 15.32 246.21   9.49  0.10 21.77 310.82  10.39  0.07 11.00 260.26   5.93
19921106 150000  4.9 254.5  1.35 14.56 229.47  33.80  6  1.23 10.40 218.34  19.00  0.46 14.60 303.55  12.32  0.23 12.55 306.43   9.31  0.21 15.02 245.27  10.70  0.11 21.67 311.94   9.61  0.07 10.86 259.19   7.64
19921106 180000  5.1 243.9  1.32 14.51 232.55  35.42  5  1.18 10.40 219.59  20.46  0.53 14.54 304.60  11.61  0.24 14.98 244.35  10.60  0.14 21.34 311.57   9.53  0.08 10.59 259.62   7.55
19921106 210000  3.8 223.7  1.28 14.51 236.24  37.68  6  0.83  7.80 224.37  25.05  0.72 10.41 213.19   8.71  0.56 14.53 304.69  11.43  0.27 14.93 244.21  10.59  0.17 20.54 310.74   9.91  0.08 10.38 258.68   8.92
19921107 000000  1.3  39.8  1.23 14.50 240.71  39.45  6  0.75  7.68 224.25  24.55  0.68 10.36 212.84   8.43  0.59 14.52 304.35  11.37  0.31 14.24 244.26  10.09  0.20 20.35 311.05  10.15  0.08 10.22 259.78   8.25
19921107 030000  3.3 247.0  1.19 14.48 244.92  40.14  7  0.70  7.57 224.79  24.35  0.62 10.22 213.12   8.74  0.58 14.50 303.48  11.52  0.34 14.29 244.90  10.14  0.23 20.27 311.95   9.67  0.14 11.75 310.63   6.06  0.08 10.11 261.43   7.47
19921107 060000  4.5 193.8  1.14 14.42 247.19  40.52  7  0.63  7.17 223.91  24.81  0.59 10.09 213.79   8.87  0.56 14.48 303.33  11.62  0.37 13.98 246.08   9.87  0.25 20.14 312.74   9.30  0.15 11.73 309.18   8.58  0.08  9.78 262.43   7.91
19921107 090000  3.1 185.3  1.10 14.32 249.17  40.92  7  0.61  7.02 222.10  24.92  0.53  9.84 213.46   8.51  0.52 14.45 303.47  11.94  0.41 13.42 246.32   9.93  0.30 19.62 312.68   8.71  0.16 11.74 308.86   8.44  0.08  9.69 263.68   8.62
19921107 120000  5.5 183.3  1.08 13.96 251.03  41.92  7  0.61  6.82 218.14  25.47  0.48 14.38 303.89  11.82  0.46  9.55 214.83   8.65  0.43 13.03 247.60   9.50  0.35 19.09 312.44   9.08  0.18 11.81 309.86   8.52  0.08  9.60 262.44   8.24
19921107 150000  5.8 228.6  1.08 18.96 254.82  41.99  6  0.61  6.61 218.97  24.59  0.51 14.08 306.25  11.07  0.47 12.74 248.05   9.52  0.41  9.14 214.79   8.31  0.40 18.96 311.99   9.52  0.08  9.46 263.39   8.43
19921107 180000  7.1 220.8  1.19 18.87 254.09  41.16  5  0.74  6.43 224.30  26.74  0.52 13.89 307.29  10.19  0.51 12.54 249.09   9.86  0.43 18.87 312.22   9.67  0.39  8.70 213.91   8.67
19921107 210000  6.2 211.3  1.21 18.73 257.11  41.92  6  0.73  6.27 221.64  28.06  0.55 12.15 249.09   9.55  0.54 13.83 307.29  10.11  0.46 18.73 312.70   9.53  0.35  8.40 214.78   9.00  0.08  9.14 264.36   8.42
19921108 000000  5.1 189.3  1.21 13.60 259.55  42.50  6  0.69  6.10 217.05  28.78  0.60 11.96 249.25   9.49  0.55 13.75 306.25  10.95  0.49 18.30 313.07   8.84  0.26  8.14 213.67   9.05  0.16 10.67 216.40   6.74
19921108 030000  5.0 210.2  1.21 17.83 264.12  41.21  5  0.65  5.95 216.24  26.81  0.66 11.91 248.94   9.99  0.55 17.84 313.11   8.75  0.53 13.70 305.13  10.94  0.12 10.29 213.38   6.41
19921108 060000  6.8 181.5  1.26 17.70 263.45  42.14  4  0.66  5.74 210.65  28.38  0.73 11.98 248.43  10.85  0.59 17.70 312.56   9.08  0.53 13.69 305.24  11.24
19921108 090000  5.4 181.9  1.29 17.61 264.33  41.74  4  0.64  3.91 208.80  30.22  0.78 12.08 248.18  11.11  0.61 17.62 312.18   9.55  0.53 13.69 305.87  11.48
19921108 120000  6.7 194.3  1.32 17.51 264.71  40.70  4  0.61  4.01 208.83  29.85  0.85 11.87 247.71  12.02  0.65 17.52 312.17   9.58  0.50 13.74 306.75  11.01
19921108 150000  7.5 205.8  1.40 17.31 260.87  40.87  4  0.69  3.71 210.42  27.94  0.89 11.68 247.17  11.88  0.68 17.32 312.56   9.73  0.46 13.72 305.56  11.04
19921108 180000  6.5 210.4  1.44 16.81 259.89  40.22  4  0.74  4.00 214.45  28.18  0.92 11.61 246.54  12.29  0.72 16.83 312.42   9.23  0.42 13.46 306.01  11.62
19921108 210000  8.3 192.7  1.51 16.60 256.49  41.89  4  0.81  4.03 210.47  28.63  0.94 11.60 245.74  12.84  0.76 16.61 311.58   9.34  0.37 13.23 309.45  11.28
19921109 000000  6.1 185.7  1.52 16.50 256.40  42.61  3  0.81  4.27 208.98  30.33  0.95 11.51 244.57  13.22  0.87 16.51 311.02   9.96
19921109 030000  6.1 209.4  1.49 16.43 259.96  41.30  3  0.70  4.29 210.65  30.76  0.97 11.21 243.22  13.63  0.88 16.44 310.83  10.13
19921109 060000  5.3 191.3  1.46 16.35 261.70  40.06  3  0.59  4.24 210.95  30.90  1.01 11.07 241.68  13.79  0.88 16.36 310.53  10.48
19921109 090000  4.6 191.1  1.47 16.21 261.75  39.22  3  0.51  4.10 209.78  31.19  1.06 10.95 240.32  13.93  0.88 16.22 310.30  10.84
19921109 120000  3.1 190.3  1.47 15.85 262.06  38.15  3  1.10 10.78 239.32  14.21  0.88 15.88 310.34  10.88  0.42  4.00 210.82  31.88
19921109 150000  3.3 205.5  1.47 15.60 262.47  37.57  3  1.17 10.41 236.84  18.04  0.88 15.62 310.52  10.86  0.12 15.77 236.24   5.95
19921109 180000  2.9 345.4  1.46 15.47 263.38  37.47  3  1.13 10.29 237.64  17.34  0.88 15.49 310.77  10.68  0.25 13.90 227.60   9.49
19921109 210000  0.9 293.9  1.43 15.38 264.20  37.79  4  1.10 10.21 237.36  17.56  0.88 15.41 310.91  10.51  0.25 13.99 229.53   8.90  0.07 19.05 307.48   8.32
19921110 000000  1.6 284.3  1.39 15.32 264.57  38.35  3  1.09 10.10 236.25  18.04  0.86 15.35 310.82  10.45  0.08 19.03 308.04   8.45
19921110 030000  3.4  21.1  1.36 15.26 265.07  39.09  4  1.03  9.78 235.42  19.83  0.85 15.28 310.59  10.58  0.22 14.10 235.92   6.76  0.08 19.02 307.69   8.02
19921110 060000  3.3  24.8  1.33 15.19 267.82  41.80  5  0.85  9.49 247.14  29.95  0.85 15.21 310.32  10.76  0.42 12.63 221.19  12.53  0.40 10.12 208.63   6.74  0.07 19.01 307.67   8.05
19921110 090000  1.2  24.1  1.29 15.09 269.48  41.44  3  0.94  9.60 236.88  29.93  0.85 15.11 310.04  10.98  0.29 12.83 232.56   8.28
19921110 120000  1.7 123.7  1.26 14.81 271.43  40.73  4  0.89  9.50 237.83  29.12  0.83 14.85 309.87  11.32  0.29 12.64 233.02   9.50  0.14 17.82 307.50   7.86
19921110 150000  1.2 196.2  1.23 14.61 273.04  40.22  5  0.84  9.20 240.65  29.12  0.82 14.64 309.85  11.53  0.28 12.42 235.85   9.14  0.16 12.33 200.76   7.67  0.15 17.79 307.32   8.69
19921110 180000  3.6 225.6  1.21 14.51 273.05  40.11  7  0.80 14.53 309.79  11.80  0.52  6.26 262.01  29.78  0.46  8.97 248.81  14.46  0.46  9.42 206.48   8.61  0.32 11.97 235.98  11.46  0.15 17.77 307.59   9.01  0.09 10.33 255.00   0.00
19921110 210000  2.9 205.6  1.20 14.44 273.48  39.48  7  0.78 14.45 309.74  12.07  0.57  6.32 262.96  27.09  0.41  8.97 249.15  13.38  0.39  9.07 208.09   9.41  0.33 11.86 238.34  11.25  0.23 11.40 200.13   6.95  0.13 17.77 307.53   8.11
19921111 000000  1.5 159.5  1.18 14.38 274.06  38.36  7  0.77 14.39 309.98  10.92  0.57  6.31 266.38  24.12  0.40  8.91 248.43  13.75  0.37 11.75 243.38  10.77  0.31 10.97 204.29   9.51  0.30  9.17 205.81   8.56  0.11 17.77 311.40   6.59
19921111 030000  1.5 240.6  1.21 14.33 272.93  37.16  6  0.74 14.34 309.71  11.15  0.73  8.82 260.19  22.32  0.42 11.44 243.67  10.16  0.40 10.68 203.59   8.19  0.19 16.74 309.62   6.50  0.10 16.32 235.46  16.70
19921111 060000  3.5 182.7  1.25 14.29 271.01  36.17  7  0.77  8.25 259.54  23.17  0.72 14.29 309.48  11.34  0.49 11.11 245.57   9.89  0.38 10.69 203.72   8.61  0.24 16.64 307.29   7.78  0.11 15.68 238.27  13.09  0.07 20.16 219.35   8.17
19921111 090000  3.0 175.6  1.29 14.25 269.81  34.69  7  0.71  7.52 264.36  22.10  0.71 14.24 309.18  11.52  0.65 10.94 247.52  10.15  0.38 10.62 204.34   9.19  0.24 16.62 306.75   8.67  0.15 15.34 239.13  14.10  0.09 19.70 219.36   7.85
19921111 120000  2.8 188.4  1.31 14.21 268.77  33.89  8  0.71  7.48 265.79  20.32  0.70 14.17 309.04  11.50  0.68 10.70 247.36  10.20  0.37 10.63 203.16   8.23  0.23 16.61 307.19   9.01  0.18 14.69 246.91   9.25  0.10 19.07 220.91   8.06  0.09 15.60 213.74   7.02
19921111 150000  4.0 223.7  1.32 14.12 266.94  34.03  8  0.71  7.48 264.56  22.48  0.70 10.39 247.45   9.91  0.69 14.08 308.90  11.56  0.36 10.42 202.02   7.26  0.23 14.38 245.38   8.06  0.20 16.61 307.80   9.22  0.12 15.54 216.32   7.56  0.12 18.98 220.71   8.06
19921111 180000  4.3 233.2  1.33 13.84 265.21  34.08  8  0.77 10.25 248.88  10.52  0.69 13.86 308.70  11.51  0.65  6.85 264.38  25.54  0.36 10.32 201.63   7.23  0.28 13.80 244.51   8.37  0.16 16.62 311.14   7.13  0.14 18.72 219.74   8.45  0.12 14.67 215.09   7.96
19921111 210000  2.2 214.4  1.32 13.62 264.81  34.14  6  0.99 10.16 254.88  19.46  0.70 13.69 308.77  11.22  0.35 10.25 200.56   6.50  0.30 13.58 245.08   7.26  0.17 17.95 220.70   8.13  0.15 14.57 215.30   7.78
19921112 000000  6.5 197.6  1.33 13.45 262.24  35.61  8  0.29  2.32 202.14  29.94  0.94 10.08 255.48  17.47  0.65 13.57 308.39  11.73  0.37 12.99 243.90   8.74  0.34 10.21 200.17   6.55  0.27 15.56 310.26   5.38  0.18 17.88 221.32   8.55  0.16 14.87 214.29   7.66
19921112 030000  4.4 193.9  1.33 13.28 260.15  35.85  9  0.36  2.84 210.30  35.79  0.90  9.97 254.82  17.20  0.61 13.48 308.91  11.59  0.42 12.65 245.68   7.92  0.31 15.53 307.46   7.92  0.29 10.09 201.51   6.60  0.21 17.74 220.99   8.68  0.17 14.18 217.16   8.59  0.17 11.52 195.02   3.24
19921112 060000  5.7 195.2  1.31 13.19 258.53  35.75  8  0.34  2.73 203.86  34.01  0.90  9.87 253.92  17.26  0.59 13.42 308.83  11.86  0.44 12.50 244.75   8.19  0.32 10.20 199.26   6.33  0.30 15.53 306.81   7.84  0.23 17.17 220.92   9.15  0.17 14.02 212.65   9.15
19921112 090000  6.3 177.3  1.32 13.17 254.68  37.34  8  0.42  2.85 193.58  34.61  0.85  9.81 254.10  17.00  0.56 13.38 308.88  11.46  0.52 12.03 243.72   8.25  0.31 10.27 199.07   6.44  0.28 15.53 306.83   9.48  0.26 16.76 221.90   8.24  0.15 13.91 210.44   5.28
19921112 120000  8.3 188.1  1.36 12.13 249.28  38.79  7  0.55  3.08 193.88  33.97  0.82  9.78 253.10  16.41  0.56 11.93 243.76   8.17  0.56 13.36 308.75  11.62  0.32 16.68 220.41   9.63  0.29 10.75 198.69   6.24  0.24 15.53 305.77   8.84
19921112 150000  9.7 204.7  1.52 11.90 242.69  37.46  5  0.92  3.87 211.87  33.88  1.00 11.68 246.98  12.04  0.57 13.37 307.84  11.60  0.31 16.55 222.57   9.60  0.18 15.53 310.67   7.18
19921112 180000  9.5 212.7  1.72 11.55 240.11  34.70  4  1.21  4.70 221.55  31.70  1.01 11.39 245.75   9.89  0.60 13.42 308.31  10.60  0.32 15.77 222.35  10.58
19921112 210000  8.7 213.5  1.76 11.22 240.61  33.76  5  1.22  5.06 222.48  31.34  1.07 11.13 245.71   9.87  0.49 12.95 310.12   9.85  0.35 14.52 304.14  10.92  0.32 15.63 221.96   9.01
19921113 000000  4.6 204.0  1.69 11.06 242.86  33.43  7  1.04  5.15 222.52  32.87  1.11 10.97 246.51   9.42  0.43 12.59 311.98   9.57  0.40 14.37 303.17  10.16  0.35 15.56 222.29   9.51  0.22 10.10 197.76   5.67  0.06 23.30 306.17   8.23
19921113 030000  3.3 193.9  1.60 11.04 245.76  31.83  7  1.14 10.92 247.27   9.51  0.86  5.03 222.82  33.02  0.42 14.32 304.03  10.60  0.39 12.50 312.31   9.37  0.38 15.21 225.62   9.99  0.21 10.01 198.29   5.97  0.07 23.27 305.84   8.40
19921113 060000  4.2 205.0  1.55 12.47 247.83  29.85  7  0.70  4.91 221.43  32.20  1.20 10.98 248.20  10.89  0.44 12.62 310.33   9.46  0.37 14.62 225.37   9.92  0.31 14.51 306.91   9.89  0.19  9.76 197.69   5.70  0.07 23.14 306.20   8.36
19921113 090000  5.4 194.0  1.52 12.40 248.77  28.51  7  0.59  4.73 218.26  31.60  1.23 11.16 248.32  10.36  0.45 12.65 308.58  11.11  0.36 14.53 224.56   8.82  0.28 14.51 306.49  10.15  0.18  9.62 198.03   6.14  0.09 22.10 306.46   8.12
19921113 120000  7.2 190.8  1.54 12.30 247.79  29.33  7  0.60  4.46 209.36  31.21  1.25 11.34 249.06  10.53  0.44 12.65 309.20  10.33  0.37 14.49 224.29   8.58  0.25 14.51 307.33   9.19  0.17  9.50 197.62   5.76  0.12 21.82 306.43   8.18
19921113 150000  8.2 210.4  1.61 11.83 244.77  30.57  5  0.79  3.93 209.97  29.08  1.26 11.50 249.01  10.32  0.51 12.78 308.19  10.43  0.35 14.51 223.15   8.36  0.13 21.78 306.09   8.40
19921113 180000  8.9 210.7  1.68 11.70 243.14  30.62  5  0.94  4.27 215.20  29.12  1.23 11.51 249.46  10.14  0.50 13.18 308.02  10.43  0.40 13.76 226.79   9.56  0.14 21.73 305.89   8.54
19921113 210000  8.6 204.0  1.69 11.63 242.05  31.57  6  0.99  4.52 213.95  29.97  1.22 11.48 249.95  10.00  0.43 13.35 304.93   9.87  0.39 13.64 225.03   8.72  0.24 11.69 317.57   5.92  0.15 21.49 306.29   8.24
19921114 000000  8.2 196.0  1.66 11.54 241.53  33.12  6  0.95  4.55 209.58  31.47  1.19 11.26 250.20  10.04  0.41 13.60 225.29   8.59  0.40 13.38 304.29  10.54  0.27 11.74 314.65   7.86  0.19 20.52 306.23   8.24
19921114 030000  6.9 191.3  1.59 11.35 243.69  33.08  7  0.82  4.48 207.62  32.70  1.17 11.11 250.43  10.45  0.44 13.57 226.31   8.71  0.39 13.37 303.45  10.88  0.27 11.74 314.67   7.77  0.23 20.39 306.05   8.39  0.12  8.91 197.09   5.23
19921114 060000  8.8 187.6  1.60 11.26 241.70  34.18  6  0.85  4.16 202.70  31.32  1.16 11.03 249.99  10.97  0.46 13.58 227.83   9.40  0.37 13.35 302.88  11.14  0.28 11.70 313.68   8.05  0.25 20.35 306.03   8.51
19921114 090000 10.0 186.3  1.72 11.39 234.94  36.81  5  1.07  4.43 199.90  31.89  1.25 11.13 246.23  13.42  0.38 13.32 302.99  10.42  0.26 20.30 306.17   8.52  0.25 11.55 315.31   7.81
19921114 120000  7.5 184.5  1.71 11.55 236.81  36.46  5  1.01  4.59 200.91  34.36  1.27 11.28 245.44  13.74  0.45 13.23 307.00  10.90  0.28 20.01 306.30   8.36  0.09  8.58 196.42   4.79
19921114 150000  9.8 201.1  1.75 11.34 236.65  34.99  4  1.05  4.54 204.30  31.68  1.30 11.23 244.37  13.86  0.44 13.24 306.43  11.19  0.33 19.17 306.09   8.42
19921114 180000 12.3 205.8  2.02 11.19 233.71  33.13  3  1.94 11.13 228.59  27.92  0.42 13.20 306.31  11.40  0.38 19.05 305.80   8.59
19921114 210000 12.6 203.8  2.27 11.05 230.66  32.75  4  2.17 11.00 226.85  28.71  0.40 19.02 305.82   8.71  0.39 12.89 306.10  11.56  0.33 16.98 218.09   8.26
19921115 000000 11.3 188.6  2.33 18.92 226.31  33.77  6  1.97  6.16 217.55  31.97  1.03 10.87 239.76  12.70  0.47 16.52 218.09   8.28  0.40 18.98 306.10   8.78  0.34 12.71 304.58  11.37  0.14 10.87 317.26   4.18
19921115 030000 11.5 189.2  2.39 18.69 222.39  33.48  6  2.03  6.53 213.74  30.86  0.97 10.63 238.47  12.98  0.60 16.06 218.48   7.99  0.42 18.82 306.27   8.63  0.32 12.63 303.93  11.66  0.14 10.87 316.11   5.66
19921115 060000  9.8 178.1  2.39 17.88 221.12  33.67  7  1.94  7.01 209.79  30.44  0.95 10.34 241.57  11.65  0.79 15.88 217.87   7.55  0.47 18.09 305.99   8.57  0.35 12.58 304.38  12.76  0.24  8.43 245.00   0.02  0.17 12.66 225.00   0.03
19921115 090000  7.7 160.2  2.27 17.69 222.07  34.10  5  1.76  7.35 209.32  31.12  0.95 15.87 218.88   8.06  0.90 10.15 241.76  11.10  0.50 17.85 305.53   8.68  0.34 12.55 304.17  12.57
19921115 120000  6.7 176.3  2.13 17.60 224.13  33.41  4  1.72  7.47 217.83  30.55  1.10 16.09 219.65   8.63  0.52 17.78 305.40   8.83  0.33 12.54 303.38  12.92
19921115 150000  6.5 212.7  2.02 17.50 226.72  31.99  4  1.51  7.43 221.14  28.70  1.18 16.12 219.18   8.11  0.54 17.75 305.54   8.93  0.32 12.53 303.75  12.79
19921115 180000 10.7 218.0  2.20 17.33 227.01  29.82  4  1.70  6.82 223.04  25.99  1.25 15.45 219.08   7.84  0.56 17.69 305.86   8.94  0.32 12.53 303.08  13.28
19921115 210000  8.2 211.6  2.29 16.48 227.23  29.95  5  1.67  6.56 221.65  27.44  1.31 15.24 218.95   7.52  0.58 17.53 305.93   8.84  0.58  9.56 240.23  10.08  0.30 12.51 303.35  12.86
19921116 000000  7.6 199.7  2.29 16.32 227.77  30.07  4  1.72  6.80 224.39  26.98  1.35 15.08 219.05   7.53  0.60 16.96 305.65   8.81  0.29 12.50 303.17  13.02
19921116 030000  5.8 206.2  2.24 16.33 228.36  29.87  4  1.64  6.91 225.24  26.47  1.37 14.57 218.91   7.34  0.62 16.71 305.39   8.96  0.27 12.46 302.40  12.83
19921116 060000  6.1 201.1  2.19 16.37 229.13  29.46  4  1.56  6.98 226.46  25.66  1.38 14.32 219.05   7.44  0.62 16.63 305.04   9.02  0.27 12.43 302.65  13.48
19921116 090000  3.6 182.8  2.11 16.42 230.18  29.58  4  1.46  7.01 227.93  25.00  1.37 14.14 219.00   7.45  0.62 16.58 305.13   9.12  0.26 12.30 303.03  13.35
19921116 120000  6.8 185.8  2.05 16.41 230.83  30.32  4  1.38  7.01 228.08  24.95  1.35 13.83 218.92   7.45  0.65 16.53 305.39   9.16  0.26 12.12 302.90  13.24
19921116 150000  7.1 216.0  2.03 16.31 231.13  30.73  4  1.32  7.04 228.25  24.59  1.36 13.69 218.64   7.54  0.66 16.45 305.53   9.11  0.25 12.03 303.28  13.04
19921116 180000  9.6 220.6  2.13 15.93 229.95  30.17  4  1.48  7.09 226.75  23.96  1.36 14.02 218.15   7.57  0.67 16.28 305.58   9.17  0.23 11.98 301.20  13.17
19921116 210000  9.0 210.4  2.25 15.52 228.09  30.10  4  1.66  6.76 224.77  25.42  1.36 14.55 217.79   7.83  0.66 15.84 305.35   9.25  0.23 11.95 301.40  12.86
19921117 000000  9.6 182.2  2.27 15.37 225.34  31.33  5  1.69  6.78 220.63  28.16  1.34 14.41 217.25   7.64  0.64 15.62 305.16   9.36  0.22 11.90 300.89  13.12  0.15 14.56 252.20   6.07
19921117 030000  9.4 190.3  2.26 15.28 223.15  31.87  5  1.68  6.74 216.82  28.94  1.33 14.29 217.11   7.92  0.63 15.52 305.01   9.31  0.23 13.71 252.98   6.41  0.22 11.90 302.91  12.86
19921117 060000  2.7 309.3  2.20 15.22 224.66  31.98  5  1.62  6.69 217.95  28.38  1.29 14.19 216.90   8.04  0.63 15.47 305.06   9.33  0.35 13.05 253.08   6.67  0.22 11.90 303.24  12.89
19921117 090000  4.1 258.3  2.04 15.19 229.02  32.54  5  1.41  6.69 221.61  27.45  1.23 14.09 216.80   8.17  0.65 15.42 305.17   9.34  0.46 12.60 253.68   6.92  0.21 11.91 304.32  12.22
19921117 120000  4.2 182.9  1.90 15.13 232.88  33.42  5  1.21  6.60 223.80  26.93  1.17 13.93 216.90   8.47  0.67 15.37 305.20   9.37  0.55 12.10 254.71   7.09  0.21 11.88 304.73  12.25
19921117 150000  3.3 251.1  1.79 15.02 236.04  33.84  5  1.10 13.77 216.93   8.45  1.06  6.60 225.44  26.61  0.67 15.31 305.24   9.54  0.62 11.76 255.66   7.41  0.20 11.75 304.01  11.34
19921117 180000  6.0 262.6  1.72 14.61 238.86  33.68  5  1.03 13.66 217.28   8.75  1.00  6.72 228.34  27.19  0.67 11.44 256.86   7.55  0.65 15.18 305.09   9.71  0.19 11.70 304.64  11.43
19921117 210000  5.2 222.8  1.65 14.38 240.54  33.41  5  0.93  6.78 228.45  27.72  0.96 13.55 217.68   8.95  0.73 11.09 258.12   7.71  0.61 14.78 305.23   9.60  0.17 11.66 305.29  11.17
19921118 000000  1.6 179.4  1.59 14.26 241.96  33.30  5  0.92 13.48 218.16   8.91  0.84  6.69 226.29  28.44  0.79 10.87 259.26   8.06  0.58 14.55 305.18   9.48  0.17 11.58 308.85  10.32
19921118 030000  2.7 228.0  1.55 14.21 244.75  32.96  6  0.86 10.58 260.53   8.85  0.85 13.40 218.25   8.81  0.73  6.41 225.63  28.92  0.56 14.45 305.78   9.08  0.26 17.47 223.45   7.22  0.17 11.53 308.34  10.15
19921118 060000  3.2 199.5  1.54 14.21 247.36  32.54  6  0.91 10.44 261.75   8.93  0.78 13.32 218.64   9.26  0.63  6.16 226.13  29.42  0.56 14.41 305.56   9.16  0.43 16.06 221.71   7.49  0.17 11.51 309.19  10.30
19921118 090000  3.1 199.1  1.54 14.29 249.08  32.12  6  0.96 10.43 262.16   9.95  0.68 12.98 217.87   8.03  0.58 15.57 221.10   8.20  0.57 14.38 305.57   9.13  0.56  5.90 226.23  29.71  0.16 11.36 310.86   9.66
19921118 120000  4.3 191.2  1.57 14.36 249.36  31.79  8  0.77 10.10 264.02   9.48  0.68 15.43 221.39   7.81  0.63 12.64 217.75   8.34  0.63 11.99 261.46  10.50  0.57 14.36 305.49   9.20  0.51  5.54 225.56  30.25  0.15 11.31 311.02   9.65  0.05 19.06 305.13  11.67
19921118 150000  5.5 231.5  1.60 14.37 248.52  31.13  6  0.52  5.32 227.41  28.81  0.98 14.75 220.40   8.53  0.72 11.51 263.04  10.63  0.69  9.62 264.31   9.83  0.57 14.34 305.93   9.40  0.05 19.00 310.87   7.79
19921118 180000  3.0 231.8  1.67 14.29 246.58  30.24  6  1.14 11.31 255.03  23.02  1.03 14.57 221.17   8.91  0.55 14.27 305.58   9.70  0.32 13.64 255.54   7.40  0.06 18.91 310.01   8.47  0.06 21.79 285.78  10.65
19921118 210000  5.2 223.5  1.73 13.98 244.15  29.10  7  0.72  6.35 228.17  23.97  1.08 14.46 221.28   8.66  0.92 11.06 265.60  11.94  0.51 14.07 304.67  10.38  0.45 13.02 255.16   8.24  0.07 18.65 308.32   9.52  0.07 21.76 287.67  11.04
19921119 000000  1.2 136.1  1.80 13.61 241.31  28.19  8  1.11 13.95 220.95   8.00  0.85  6.97 227.26  22.35  0.81 10.50 266.29  10.25  0.62 12.25 256.18   8.62  0.48 13.64 305.25   9.91  0.11 11.00 314.06   7.73  0.08 18.12 308.20   9.81  0.08 21.76 288.97  11.80
19921119 030000  4.1 203.7  1.83 13.50 239.26  27.59  8  1.15 13.82 220.97   7.88  0.90  7.04 225.22  21.39  0.75 10.17 267.33  10.10  0.67 12.37 255.95   8.62  0.44 13.50 305.56   9.70  0.11 11.00 314.60   7.76  0.08 17.91 309.70   8.81  0.07 21.74 289.89  12.85
19921119 060000  6.3 168.4  1.84 13.43 236.86  28.43  7  1.18 13.78 221.31   8.22  0.98 12.29 261.96  11.13  0.91  7.01 219.35  24.49  0.43 13.44 305.32   9.81  0.11 11.01 315.41   7.81  0.09 17.83 310.50   8.52  0.07 21.69 289.06  13.69
19921119 090000  5.2 175.5  1.80 13.35 236.03  28.75  7  1.17 13.74 221.10   8.02  0.96 11.53 262.07  12.72  0.87  6.92 217.43  25.52  0.42 13.42 305.49   9.66  0.10 17.78 310.24   9.25  0.07 21.35 287.05  12.03  0.05 20.99 221.34   7.32
19921119 120000  3.8 190.8  1.77 13.27 235.94  28.37  6  1.16 13.52 221.02   7.92  0.92 11.84 261.43  11.22  0.86  6.77 218.95  24.27  0.43 13.41 305.81  10.09  0.11 17.71 310.22   8.68  0.09 20.47 286.08  11.67
19921119 150000  6.4 230.3  1.78 13.21 235.53  27.57  7  0.94  6.87 221.30  21.70  1.13 13.35 221.02   7.90  0.89 11.79 261.11  11.23  0.42 13.40 305.86  10.04  0.12 17.54 309.51   8.78  0.11 20.36 288.24  11.18  0.08 20.53 220.53   7.20
19921119 180000  8.0 218.0  1.87 13.16 233.62  27.55  7  1.17  7.19 222.09  22.79  1.10 13.17 221.43   8.38  0.83 11.65 261.61  11.04  0.41 13.38 305.38  10.74  0.13 16.96 307.08  10.65  0.12 20.34 288.88  12.22  0.12 19.83 221.99   7.60
19921119 210000  8.2 205.0  1.90 12.91 231.30  28.28  7  1.27  7.25 219.41  24.26  1.06 12.98 221.39   8.30  0.81 11.62 260.93  11.16  0.40 13.33 305.55  10.66  0.14 19.55 222.34   7.67  0.13 16.75 308.60   9.86  0.13 20.32 289.85  12.78
19921120 000000  3.6 184.8  1.88 12.55 230.01  28.58  7  1.32  7.10 218.66  24.99  1.01 12.75 221.99   8.90  0.75 11.69 261.80  10.83  0.37 13.16 305.75  10.77  0.20 19.13 223.80   7.68  0.14 16.67 309.54   9.81  0.13 20.28 290.87  13.99
19921120 030000  6.8 197.0  1.84 12.28 230.03  28.02  7  1.31  7.20 220.17  24.80  0.95 12.57 221.77   8.83  0.71 11.66 262.41  12.05  0.33 12.79 304.80  11.75  0.32 17.65 226.09   9.05  0.16 16.64 310.72   9.18  0.12 20.25 288.88  13.36
19921120 060000  8.2 188.5  1.84 12.08 228.23  28.41  8  1.36  7.15 218.30  25.85  0.89 12.44 222.41   9.47  0.67 11.60 261.23  10.16  0.41 17.51 225.31   8.46  0.31 12.64 304.52  12.25  0.16 16.62 310.90   8.93  0.12 19.80 289.81  15.52  0.07 10.36 316.46   7.38
19921120 090000  6.6 193.8  1.86 12.00 228.02  27.93  8  1.43  7.32 220.94  26.61  0.81 12.39 221.62   9.06  0.59 11.16 260.37   9.30  0.53 17.35 225.63   8.80  0.29 12.57 305.28  12.12  0.17 16.55 310.31   9.01  0.13 19.15 289.19  12.67  0.07 10.30 315.43   7.72
19921120 120000  6.9 186.5  1.93 11.76 228.83  26.41  8  1.57  7.78 224.93  25.74  0.71 12.26 221.93   9.41  0.64 16.85 225.69   8.41  0.48 10.88 257.07   7.62  0.28 12.55 305.94  11.34  0.18 16.35 309.39   9.39  0.15 19.04 288.18  11.74  0.06 10.29 315.69   7.67
19921120 150000  7.7 218.1  2.07 16.53 228.94  24.67  7  1.75  8.47 225.76  23.46  0.80 16.59 225.79   8.43  0.51 12.19 223.83   9.00  0.43 10.94 257.15   6.89  0.27 12.54 306.36  11.51  0.18 15.77 308.97   9.56  0.16 19.00 289.78  11.55
19921120 180000 10.3 219.0  2.34 16.34 227.22  23.75  6  2.04  8.71 224.52  22.64  1.01 16.42 225.54   8.50  0.39 10.77 258.86   5.23  0.27 12.53 305.95  12.02  0.19 15.63 309.66   9.46  0.17 18.99 289.78  11.98
19921120 210000 11.1 204.9  2.70  8.30 223.51  24.55  5  2.44  8.30 221.58  24.42  1.11 16.13 226.06   8.63  0.25 12.51 306.69  11.10  0.19 15.58 309.70   9.83  0.18 18.88 293.88  14.60
19921121 000000 11.5 193.3  2.91  8.33 220.80  25.74  5  2.62  8.33 218.39  26.08  1.21 15.69 226.17   8.58  0.24 12.48 306.09  11.86  0.20 15.57 310.62   9.33  0.17 18.84 293.94  15.06
19921121 030000  9.3 183.9  2.92 15.47 220.44  25.73  5  2.55  8.40 217.56  26.74  1.36 15.45 225.92   8.68  0.22 15.57 310.76   9.07  0.22 12.43 306.08  12.32  0.14 18.90 289.18  13.04
19921121 060000  7.7 180.9  2.83 15.18 221.82  24.25  4  2.38  8.49 218.98  25.97  1.50 15.11 225.45   8.78  0.27 15.58 304.96  13.17  0.20 12.29 306.78  12.15
19921121 090000  5.6 173.7  2.80 14.68 223.14  21.91  6  2.24  8.61 220.88  24.05  1.66 14.65 224.67   8.88  0.22 15.54 310.39   9.10  0.18 12.01 308.01  11.63  0.16 17.76 288.12  10.41  0.06 20.16 306.60   7.05
19921121 120000  7.5 188.1  2.85 16.60 223.42  19.78  5  2.09  8.72 221.61  22.57  1.47 14.29 225.20   8.90  1.22 16.94 221.39   8.59  0.30 17.58 301.83  14.26  0.17 11.87 308.35  11.66
19921121 150000  7.7 223.4  2.91 16.21 223.49  18.25  5  1.89  8.73 221.40  21.97  2.18 16.19 223.50   9.22  0.26 17.63 297.34  14.88  0.18 14.56 309.23  10.52  0.15 11.78 310.47  10.10
19921121 180000  9.3 219.8  3.00 15.53 223.43  18.17  4  1.92  8.61 221.96  22.46  2.28 15.53 223.05   8.83  0.26 14.64 310.79  10.49  0.24 17.70 296.99  12.56
19921121 210000  8.1 207.2  2.98 15.26 223.20  18.86  4  1.85  8.34 220.83  23.92  2.31 15.27 223.22   9.16  0.29 14.65 310.83  10.37  0.22 17.81 295.88  11.88
19921122 000000  6.5 201.4  2.84 14.88 223.32  19.05  3  1.71  8.04 220.75  24.38  2.24 14.90 223.38   9.55  0.34 14.69 307.74  11.41
19921122 030000  6.2 211.7  2.66 14.56 223.71  18.94  2  2.63 14.55 222.70  16.20  0.35 14.73 307.28  12.37
19921122 060000  6.2 200.4  2.50 14.40 224.00  19.08  3  2.47 14.39 222.76  15.74  0.31 14.81 310.21  10.25  0.19 17.52 297.29  12.65
19921122 090000  4.9 182.8  2.37 14.24 224.22  19.55  3  2.34 14.23 222.68  15.54  0.29 14.75 311.06   9.94  0.25 17.26 296.03  13.20
19921122 120000  4.4 202.4  2.26 13.77 224.45  19.81  2  2.23 13.75 222.65  15.23  0.40 16.78 303.28  14.24
19921122 150000  5.6 244.6  2.18 13.52 224.68  20.12  2  2.15 13.51 222.73  15.23  0.40 16.65 303.06  14.40
19921122 180000  8.1 245.1  2.14 13.41 225.59  21.21  3  2.11 13.38 223.58  16.62  0.30 16.61 296.87  13.76  0.26 14.05 312.32  10.85
19921122 210000  5.3 222.6  2.04 13.24 225.83  22.46  4  2.00 13.18 223.55  17.47  0.29 16.58 298.60  13.67  0.25 14.03 311.15  10.28  0.11 11.06 318.25  10.60
19921123 000000  2.3 218.7  1.89 12.83 226.25  23.62  4  1.85 12.75 223.41  17.53  0.28 16.61 300.77  12.70  0.28 14.02 310.71   9.83  0.11 10.98 319.50  10.65
19921123 030000  2.8 211.5  1.76 12.69 227.01  24.63  5  1.25 12.64 223.27  10.54  1.16  8.29 223.95  23.09  0.29 16.58 302.14  11.73  0.28 14.01 310.55   9.66  0.11 11.00 317.72  12.92
19921123 060000  3.9 198.0  1.65 12.62 227.75  25.12  4  1.60 12.57 223.87  17.37  0.30 16.50 300.85  12.08  0.26 13.83 311.78   8.88  0.11 10.95 318.41  12.89
19921123 090000  3.7 192.4  1.59 12.50 228.49  25.08  4  1.53 12.46 224.39  17.05  0.30 16.31 297.76  12.74  0.26 13.81 311.63   9.02  0.11 10.89 319.34  13.12
19921123 120000  3.8 187.0  1.55 12.19 229.58  24.82  5  1.21 12.14 225.18  11.04  0.88  7.78 225.46  23.65  0.37 15.54 298.89  12.75  0.17 13.49 319.30   4.95  0.11 10.84 320.05  12.55
19921123 150000  6.0 229.4  1.56 11.89 230.82  24.80  4  1.50 11.87 226.17  16.01  0.37 15.48 297.93  14.74  0.20 13.38 313.65   8.32  0.11 10.76 320.33  12.83
19921123 180000  6.8 229.5  1.63 11.76 231.95  25.57  5  0.61  3.66 233.92  31.07  1.44 11.75 226.25  13.42  0.39 15.48 298.71  14.39  0.21 13.33 313.77   8.29  0.11 10.65 320.70  12.90
19921123 210000  6.7 214.9  1.62 11.65 232.09  26.17  4  1.55 11.64 227.20  17.79  0.38 15.50 299.85  12.82  0.24 13.38 312.10   9.87  0.11 10.50 321.17  12.54
19921124 000000  3.4 189.3  1.57 11.45 231.82  26.62  5  1.29 10.95 229.96  19.71  0.77 11.62 218.45   7.35  0.37 15.47 300.50  14.21  0.25 13.20 314.31  10.64  0.06 21.75 223.92   8.02
19921124 030000  4.0 214.4  1.48 11.21 232.34  26.32  5  1.23 10.47 230.59  18.42  0.70 11.54 217.79   8.16  0.41 15.41 306.26  10.95  0.09 10.05 326.99   8.33  0.08 21.46 223.85   8.06
19921124 060000  5.7 197.8  1.43 11.10 232.21  26.43  6  1.35 11.10 227.27  17.44  0.38 15.17 304.69  10.99  0.16 16.93 219.34   7.48  0.13 12.76 318.30   4.70  0.11 20.75 225.15   7.94  0.10 10.04 325.37   9.79
19921124 090000  5.2 185.7  1.39 11.04 231.88  27.56  7  1.30 11.04 226.57  18.64  0.38 14.57 303.20  12.46  0.23 16.44 221.11   7.98  0.17 20.20 223.55   8.41  0.12 12.73 318.25   4.68  0.09  9.91 325.89   9.38  0.05 17.77 311.58   6.33
19921124 120000  5.0 186.8  1.35 11.00 233.00  28.13  7  1.21 10.98 227.15  18.49  0.40 14.48 302.76  12.50  0.35 15.79 221.05   8.22  0.21 19.83 223.92   8.07  0.12 12.54 316.25   3.30  0.09  9.86 325.93   9.49  0.06 17.75 308.71   8.62
19921124 150000  6.9 221.7  1.37 14.51 233.16  28.06  7  1.20 10.90 227.16  18.23  0.42 14.47 301.71  13.27  0.39 15.81 220.79   7.91  0.30 19.15 225.25   7.51  0.12 12.48 316.55   3.62  0.09  9.79 326.04   9.51  0.06 17.76 307.38   8.06
19921124 180000  9.1 213.5  1.56 14.55 230.31  27.93  5  0.85  3.97 220.49  28.57  0.99 10.79 229.43  14.28  0.73 15.84 222.48   7.96  0.45 14.46 302.73  13.45  0.09  9.70 326.28   9.50
19921124 210000  8.3 206.5  1.68 14.59 227.44  28.01  5  0.99  4.58 216.51  29.13  0.94 16.65 221.99   8.11  0.86 10.70 231.79  13.97  0.44 14.44 302.94  13.34  0.08  9.49 327.43   8.32
19921125 000000  7.1 199.1  1.71 14.80 226.39  27.23  5  0.93  4.77 213.77  30.72  1.08 16.30 222.59   8.22  0.84 10.64 231.08  13.80  0.43 14.39 303.77  12.93  0.08  9.30 328.96   7.01
19921125 030000  6.1 194.8  1.72 15.62 226.40  25.55  2  1.67 15.75 222.80  18.62  0.41 14.19 305.94  12.16
19921125 060000  7.1 185.6  1.76 15.61 226.00  24.06  3  1.72 15.66 222.84  17.33  0.39 13.71 306.75  11.13  0.10 16.60 308.38   9.44
19921125 090000  6.9 175.9  1.82 14.97 225.19  23.85  3  1.77 15.24 222.31  17.67  0.38 13.60 306.63  11.19  0.10 16.58 307.59   9.84
19921125 120000  5.9 189.3  1.84 14.57 225.81  22.60  2  1.80 14.68 223.05  16.24  0.39 13.56 306.36  11.28
19921125 150000  6.3 225.1  1.87 14.44 226.69  21.11  3  0.58  4.26 210.19  30.32  1.74 14.61 225.32  10.43  0.40 13.55 305.86  11.71
19921125 180000  6.4 218.5  1.93 13.82 226.92  20.48  2  1.89 14.05 224.39  13.97  0.40 13.53 305.48  12.19
19921125 210000  5.8 209.1  1.95 13.67 226.64  20.27  2  1.91 13.73 224.23  14.01  0.40 13.50 304.97  13.09
19921126 000000  4.9 215.8  1.95 13.67 226.30  19.85  5  0.83  8.23 224.93  25.16  1.37 13.41 224.78   9.50  1.04 15.73 222.16   8.61  0.35 13.41 303.25  13.96  0.16 15.40 312.36   7.67
19921126 030000  3.6 236.0  1.91 15.24 226.24  19.19  4  1.69 15.23 223.65   9.30  0.80  8.17 226.13  23.49  0.33 13.30 304.15  14.11  0.16 15.51 309.62   9.36
19921126 060000  2.6 230.3  1.85 15.09 226.26  18.69  5  1.66 15.07 223.62   9.33  0.73  7.98 227.18  22.40  0.30 12.98 305.43  12.80  0.17 15.38 309.40   9.33  0.06 19.11 305.74   9.10
19921126 090000  1.2 262.9  1.79 14.50 226.33  18.43  5  1.64 14.50 223.45   9.33  0.65  7.72 229.51  21.63  0.30 12.83 307.26  11.98  0.13 15.52 306.39   9.49  0.07 19.05 306.16   8.90
19921126 120000  1.2 232.8  1.75 14.31 226.42  18.51  3  1.60 14.32 223.42   9.43  0.62  7.71 229.89  20.27  0.34 12.77 307.68  10.88
19921126 150000  2.9 225.1  1.70 14.14 226.52  18.87  3  1.66 14.15 224.13  11.43  0.33 12.75 308.01  10.70  0.09 18.20 307.23   8.52
19921126 180000  3.5 205.7  1.65 13.78 226.65  19.60  3  1.62 13.80 224.03  11.76  0.33 12.75 308.15  10.58  0.10 17.99 306.51   9.53
19921126 210000  5.4 210.6  1.62 13.54 226.55  20.31  4  1.58 13.55 223.73  12.17  0.29 12.76 308.28  11.41  0.17 14.64 307.44   8.36  0.12 17.96 306.78   9.51
19921127 000000  7.3 199.0  1.62 13.40 225.59  21.55  4  1.58 13.42 222.78  14.17  0.25 12.61 305.49  12.02  0.21 14.40 311.28   9.36  0.12 17.97 307.14   9.42
19921127 030000  6.8 191.5  1.61 13.31 224.39  22.86  6  0.60  3.52 210.23  32.36  1.37 13.33 223.77  10.37  0.47 16.46 219.32   7.93  0.25 12.67 306.59  12.32  0.19 14.49 310.31  10.28  0.14 17.93 307.04  10.07
19921127 060000  7.4 183.0  1.59 13.18 223.15  24.06  6  0.64  3.63 204.20  33.30  1.33 13.20 223.56  10.24  0.48 16.47 220.20   9.16  0.23 12.54 307.81  14.00  0.20 14.40 308.44   8.52  0.15 17.89 307.73   9.53
19921127 090000  7.7 187.6  1.58 12.84 222.04  25.03  6  0.71  3.74 202.47  32.58  1.26 12.86 223.85  10.32  0.55 15.82 219.23   8.41  0.22 12.50 308.19  13.65  0.19 14.41 307.97   9.37  0.16 17.45 308.18   9.29
19921127 120000  7.5 188.3  1.57 12.69 221.75  25.80  6  0.74  3.90 202.18  32.89  1.19 12.70 223.61  10.37  0.63 15.52 221.19   8.32  0.21 12.43 309.04  13.06  0.19 16.97 307.70   9.96  0.18 14.40 308.27   8.92
19921127 150000  9.0 219.5  1.59 12.63 223.72  24.87  5  0.83  3.99 214.22  30.19  1.15 12.64 223.66  10.23  0.63 15.40 221.43   8.75  0.27 14.30 308.99  11.02  0.21 16.92 308.11   9.56
19921127 180000 10.4 214.8  1.82 12.62 224.28  25.63  5  1.26  4.85 220.34  28.21  1.02 12.48 223.77  10.27  0.75 14.67 222.38   8.29  0.27 12.35 309.06  10.66  0.23 16.98 308.50   9.45
19921127 210000  9.7 217.0  1.82 14.29 223.41  26.36  7  1.29  5.23 218.27  28.08  0.99 12.43 223.70  10.29  0.73 14.51 222.91   8.18  0.25 17.04 308.98   9.15  0.20 13.54 310.60  10.14  0.18 11.84 307.37  10.57  0.08 22.39 234.47   8.22
19921128 000000  8.7 198.2  1.90 14.12 220.31  27.55  6  1.43  5.61 213.45  28.01  1.18 14.18 223.52   9.31  0.25 17.08 309.80   8.89  0.24 13.42 307.62  10.26  0.13 11.71 313.76   8.47  0.12 22.26 232.58   8.86
19921128 030000  8.2 194.8  1.89 13.58 218.65  28.46  6  1.46  5.99 210.55  27.99  1.13 13.65 223.87   9.20  0.27 16.88 308.89   9.63  0.23 13.43 309.28   9.52  0.18 21.81 233.81   8.07  0.14 11.74 311.73  10.19
19921128 060000  4.8 209.9  1.82 13.47 220.58  28.17  6  1.38  6.35 212.60  27.06  1.09 13.48 224.08   9.11  0.29 16.50 309.00   9.47  0.24 13.46 308.19  10.29  0.21 21.83 236.26   7.69  0.12 11.74 316.31   6.22
19921128 090000  2.7 206.2  1.76 13.41 223.11  27.87  7  1.31  6.50 215.06  25.89  0.97 13.40 223.62   8.56  0.43 19.94 232.73   9.58  0.32 16.34 309.19   9.36  0.29 16.43 228.63   5.34  0.23 13.47 308.03  10.39  0.12 11.78 317.91   5.30
19921128 120000  6.7 200.9  1.73 13.36 225.70  27.50  7  1.22  6.56 217.03  25.29  0.91 13.33 224.08   8.51  0.54 19.81 234.07   8.96  0.44 16.09 227.12   8.52  0.35 16.28 309.44   9.16  0.21 13.45 310.65  10.63  0.12 11.65 309.21  10.24
19921128 150000  7.3 211.2  1.81 18.76 227.28  26.28  7  1.27  6.59 218.92  24.55  0.85 13.21 225.13   8.31  0.71 18.90 233.99   9.83  0.52 15.95 227.57   8.17  0.36 16.21 309.77   9.25  0.21 13.49 309.85  10.74  0.11 11.49 310.65   9.34
19921128 180000  8.6 226.5  2.02 18.36 228.45  24.41  6  1.44  6.76 221.74  23.96  0.86 18.42 234.55   9.74  0.80 16.02 229.18   7.83  0.67 12.48 223.81   8.57  0.36 16.05 309.89   9.21  0.21 13.36 310.09  10.43
19921128 210000  9.2 210.0  2.26 17.80 228.08  23.88  3  1.63  6.69 221.21  24.68  1.51 17.92 231.27   9.79  0.41 15.78 309.96   9.56
19921129 000000  8.8 200.4  2.44 17.26 227.49  24.21  4  1.72  6.82 219.03  25.97  1.69 17.35 231.97   9.75  0.37 15.58 309.70   9.46  0.19 12.64 311.11   9.46
19921129 030000  6.5 192.7  2.47 16.83 228.58  24.06  4  1.62  6.89 218.54  26.64  1.81 16.91 232.42   9.75  0.40 15.46 309.76   9.32  0.18 12.55 311.32   9.38
19921129 060000  8.7 197.7  2.46 16.46 229.45  23.67  4  1.48  6.82 217.50  26.80  1.91 16.55 232.63   9.77  0.42 15.38 309.62   9.39  0.18 12.53 312.21   8.35
19921129 090000  7.7 186.1  2.47 16.11 229.21  23.96  4  1.42  6.51 214.99  27.79  1.96 16.23 232.76   9.76  0.42 15.29 309.58   9.40  0.18 12.54 312.36   8.31
19921129 120000  7.4 185.8  2.42 15.70 230.19  23.11  4  1.31  6.39 215.93  27.94  1.98 15.78 232.89   9.85  0.41 15.13 309.62   9.34  0.17 12.55 313.03   7.74
19921129 150000  8.5 210.2  2.38 15.42 230.60  22.18  3  1.24  6.31 216.55  27.00  1.98 15.46 232.96   9.91  0.43 14.80 310.23   9.30
19921129 180000 10.5 210.8  2.56 15.19 228.61  22.67  3  1.59  5.92 217.38  25.53  1.96 15.24 232.81   9.95  0.42 14.63 310.37   9.36
19921129 210000 11.5 211.3  2.70 14.79 226.89  23.86  3  1.87  6.25 217.32  25.97  1.90 14.85 232.62  10.02  0.42 14.54 310.36   9.41
19921130 000000 10.7 194.8  2.75 14.52 224.57  25.75  3  2.03  6.66 215.01  27.37  1.80 14.52 232.40   9.97  0.42 14.47 310.15   9.47
19921130 030000 10.9 190.3  2.76 14.36 222.15  26.77  3  2.12  6.99 212.42  27.72  1.72 14.35 232.02   9.91  0.41 14.40 309.71   9.80
19921130 060000 10.5 185.5  2.71 14.20 220.81  27.26  3  2.11  7.23 210.96  28.03  1.66 14.18 231.67  10.04  0.40 14.31 309.71   9.65
19921130 090000  9.1 177.4  2.57 13.82 221.76  27.08  3  1.98  7.28 212.65  28.48  1.60 13.78 231.06  10.47  0.37 14.19 310.31   9.22
19921130 120000  9.3 179.2  2.38 13.56 223.82  26.29  3  1.75  7.18 214.98  28.62  1.57 13.54 230.68  10.78  0.36 13.94 310.49   9.29
19921130 150000 10.4 203.4  2.32 13.43 224.44  25.15  3  1.63  6.93 214.61  27.58  1.62 13.39 230.79  11.14  0.35 13.75 310.80   9.24
19921130 180000 14.6 215.4  2.88 13.27 223.70  24.77  3  2.85 13.20 222.77  23.02  0.35 13.65 309.54  10.77  0.05 20.37 299.75  10.99
19921130 210000 12.6 206.9  3.14  7.60 223.69  25.91  3  3.12  7.60 222.94  24.59  0.34 13.57 310.13   9.88  0.06 20.29 299.64   9.74
19921201 000000 11.1 198.9  3.01  7.94 222.74  26.58  4  2.72  7.94 220.33  27.01  1.23 12.65 229.04  10.90  0.33 13.51 309.60  10.60  0.06 19.98 297.98   9.19
