Date     Time   Uabs UDir  hs    tp    th     sp     np hs(i) tp(i) th(i)  sp(i)
19960701 000000  3.7 234.4  1.24 12.57 243.48  22.64  4  0.95 12.43 256.91  15.95  0.70 12.75 228.09  10.08  0.37 19.03 205.89   6.45  0.10 10.97 317.63   7.24
19960701 030000  2.4 279.9  1.22 12.44 241.48  23.55  4  0.93 11.90 256.81  14.44  0.63 12.71 225.62   8.34  0.46 18.31 205.91   6.21  0.10 10.92 317.87   6.94
19960701 060000  2.7 317.5  1.25 12.23 239.67  24.44  4  0.93 11.73 256.84  14.81  0.61 12.64 225.62   8.34  0.56 17.77 206.44   6.82  0.10 10.84 317.97   6.88
19960701 090000  4.7   2.7  1.36 11.90 240.97  29.59  4  0.98 11.68 261.41  25.52  0.69 12.65 230.63  11.61  0.63 17.13 206.56   6.67  0.10 10.67 317.94   6.90
19960701 120000  9.3  14.7  1.52 16.62 247.97  41.38  5  0.61  3.28 346.29  34.59  1.04 10.40 254.50  12.78  0.69 16.64 206.78   6.74  0.61 12.57 229.03  11.09  0.09 10.47 317.95   6.91
19960701 150000  8.5  19.5  1.67 16.14 259.66  49.79  5  0.89  4.36 346.75  34.00  1.07  9.68 255.63  12.72  0.72 16.17 206.96   6.87  0.58 12.49 228.56  11.03  0.09 10.38 318.01   6.97
19960701 180000  6.2   0.3  1.71 15.61 264.09  47.92  5  0.97  5.61 334.53  31.67  0.92  9.03 259.00  13.75  0.75 11.35 240.83  15.82  0.75 15.63 207.66   7.56  0.09 10.33 317.94   7.14
19960701 210000  4.0   7.2  1.73 15.31 264.60  44.65  5  0.96  6.00 327.31  27.37  0.92  8.09 263.22  14.81  0.78 11.22 243.71  15.47  0.78 15.35 208.66   8.32  0.09 10.29 317.86   7.38
19960702 000000  4.0  14.0  1.75 14.71 261.03  42.01  4  1.23 11.29 254.71  17.25  0.92  6.06 322.50  25.48  0.82 14.79 209.79   8.60  0.08 10.26 317.65   7.57
19960702 030000  2.7  28.0  1.80 14.36 254.75  38.56  4  1.35 11.65 253.14  17.65  0.87 14.47 211.40   9.35  0.82  5.76 322.03  24.67  0.08 10.23 317.66   7.55
19960702 060000  2.6  81.2  1.91 13.75 249.44  34.27  4  1.50 11.72 251.01  16.74  0.93 14.24 212.53   9.43  0.72  5.62 320.37  25.54  0.08 10.19 317.83   7.40
19960702 090000  3.7  92.3  2.01 13.28 246.56  31.45  4  1.68 11.78 249.54  16.95  0.91 13.82 211.89   9.02  0.62  5.49 326.07  31.32  0.08 10.15 317.92   7.63
19960702 120000  2.7 111.9  2.04 13.22 245.56  28.86  2  1.83 11.65 253.93  26.41  0.90 13.61 212.48   9.18
19960702 150000  4.1 156.4  2.02 12.09 244.58  27.53  2  1.75 11.17 254.65  24.72  1.01 13.45 215.56  10.57
19960702 180000  7.5 198.4  1.97 12.18 242.87  26.98  3  1.73 11.32 251.42  24.84  0.94 13.28 215.16  10.80  0.07  9.85 318.51   6.84
19960702 210000  8.8 193.8  1.96 12.26 239.04  27.69  4  0.64  3.27 199.57  34.03  1.63 11.21 251.46  19.74  0.89 12.80 214.24   9.78  0.06  9.76 319.65   5.63
19960703 000000  5.6 183.9  1.93 12.27 236.09  28.22  3  0.78  4.05 201.42  34.25  1.49 11.02 251.82  18.44  0.96 12.66 217.64  11.19
19960703 030000  5.5 169.8  1.83 11.35 236.49  26.52  4  0.68  4.24 205.29  34.84  1.41 10.93 250.52  17.97  0.94 12.63 218.71  11.71  0.06  9.69 318.21   6.88
19960703 060000  2.7 105.5  1.71 11.36 236.65  25.31  4  1.47 10.96 243.36  25.57  0.85 12.70 218.09  11.95  0.19 15.79 226.10   8.34  0.06  9.63 317.69   7.23
19960703 090000  2.3  89.7  1.60 11.47 237.11  23.63  3  1.41 10.81 243.61  22.52  0.75 12.27 214.52   8.36  0.06  9.62 317.87   7.17
19960703 120000  1.2 356.7  1.50 11.50 237.28  22.43  3  1.39 10.56 241.73  20.73  0.56 11.76 209.98   6.22  0.07  9.62 316.99   8.40
19960703 150000  3.5 320.7  1.42 11.49 238.02  23.31  5  1.18 10.42 245.86  22.71  0.64 12.02 216.98  11.55  0.45 14.26 228.06   9.38  0.05 12.63 315.60   9.11  0.05  9.59 318.04   6.98
19960703 180000  3.4 308.9  1.34 10.63 237.79  22.66  3  1.21 10.63 239.35  23.94  0.42 14.41 226.94   9.63  0.38 12.70 233.83   7.01
19960703 210000  3.6  42.8  1.25 10.89 237.78  24.97  4  1.01 10.13 243.97  27.47  0.58 12.24 225.10  11.77  0.44 14.14 228.36   9.42  0.06 12.58 317.73   7.18
19960704 000000  6.0  47.1  1.17 11.25 237.60  30.39  3  0.24  2.03  35.70  33.77  1.14 11.25 236.49  21.05  0.06 12.52 317.96   7.06
19960704 030000  6.2  38.4  1.14 13.30 240.05  42.45  5  0.39  2.69  34.15  35.76  0.72  9.17 252.52  25.16  0.57 11.10 221.53  12.12  0.56 13.33 228.91   9.44  0.07 12.38 317.70   7.47
19960704 060000  9.2  11.3  1.28 13.40 268.84  54.94  4  0.83  5.08 342.81  36.55  0.85 11.61 234.55  18.01  0.46 13.66 226.71  10.84  0.06 11.97 317.75   7.45
19960704 090000  9.4 346.9  1.66  6.22 303.07  47.01  5  1.42  6.16 325.91  28.88  0.73 11.74 230.51  14.63  0.44 13.69 226.45  10.59  0.07 11.83 318.05   7.46  0.05 17.68 302.66  12.76
19960704 120000 12.3  15.4  2.36  7.25 320.96  40.38  4  2.21  7.24 329.40  31.09  0.74 13.40 227.64  12.28  0.32 12.46 279.39   8.70  0.07 17.68 303.04   9.91
19960704 150000 10.7   2.5  2.95 11.56 312.29  36.20  2  2.88  8.90 315.87  32.35  0.67 13.02 227.33  11.92
19960704 180000 11.4 344.7  3.43 11.05 307.70  33.01  4  3.37 10.95 309.94  30.60  0.62 12.78 227.56  11.55  0.12 18.18 271.97   7.08  0.08 18.98 218.15   8.60
19960704 210000 10.8 338.7  3.58 11.19 305.26  31.63  2  3.53 11.05 307.05  29.64  0.59 12.63 227.20  11.01
19960705 000000  9.6 354.5  3.52 11.80 299.26  31.22  4  3.30 11.70 304.54  29.11  1.07 15.37 271.05   8.84  0.59 12.39 229.60  12.06  0.17 17.55 223.06  12.30
19960705 030000  6.4  19.3  3.45 14.04 291.80  29.85  3  3.41 14.06 293.27  28.51  0.51 12.08 227.18  11.07  0.19 17.49 217.89   8.77
19960705 060000  2.1  37.2  3.32 13.07 285.82  27.65  2  3.31 13.07 286.09  27.37  0.22 16.83 217.40   8.62
19960705 090000  1.3  75.4  3.08 12.65 281.65  26.73  2  3.06 12.65 282.23  26.18  0.31 16.45 220.48   9.80
19960705 120000  5.8  54.7  2.79 12.19 278.26  27.58  2  2.76 12.19 279.35  26.74  0.40 15.73 222.67  10.28
19960705 150000  5.6 149.6  2.51 11.75 274.28  28.49  3  2.47 11.75 275.89  27.42  0.44 15.50 222.09   9.75  0.06 21.85 216.36   8.03
19960705 180000  7.0 184.9  2.35 11.32 268.39  30.48  4  0.40  2.68 179.15  31.37  2.26 11.32 272.24  26.22  0.48 15.27 222.18   9.59  0.08 21.69 215.43   7.39
19960705 210000  8.2 196.7  2.29 11.07 261.72  31.63  3  2.22 11.07 264.33  30.97  0.54 14.67 222.38   9.17  0.12 20.51 215.34   7.38
19960706 000000  4.4 194.8  2.19 10.89 258.69  30.63  4  2.10 10.89 261.98  29.90  0.61 14.45 224.03   9.50  0.16 20.32 215.15   7.50  0.10 15.59 312.46   7.16
19960706 030000  3.7 211.7  2.07 10.56 257.53  29.19  5  0.35  3.38 186.15  31.04  1.91 10.56 263.80  25.40  0.69 14.30 225.76   9.61  0.20 19.52 214.68   7.07  0.11 15.57 312.41   7.22
19960706 060000  2.1 166.7  1.95 10.39 256.07  28.68  4  1.82 10.39 260.94  27.36  0.65 13.87 224.54   9.31  0.26 19.03 214.79   7.16  0.11 15.59 311.32   8.60
19960706 090000  3.4  21.2  1.83 10.18 254.83  28.79  4  1.67 10.18 260.72  27.65  0.68 13.54 227.75  10.35  0.30 18.84 214.44   7.19  0.12 15.63 311.32   8.85
19960706 120000  8.9 349.0  1.78  9.86 259.43  36.88  5  0.55  3.05 342.63  29.92  1.51  9.86 261.12  27.45  0.68 13.41 226.74  10.19  0.35 17.88 214.43   7.06  0.13 16.26 310.26   9.28
19960706 150000  8.2  20.9  1.79  9.66 268.23  45.29  5  1.61  9.66 280.56  44.26  0.64 13.29 226.70   9.84  0.40 17.75 214.46   7.12  0.12 14.64 303.09  12.78  0.09 16.76 314.79   7.55
19960706 180000 12.3 342.4  2.05  9.45 295.88  47.66  6  1.65  5.80 326.56  29.92  0.92  9.65 245.07  15.19  0.65 13.03 228.28   9.92  0.42 17.42 214.49   7.23  0.13 14.60 304.96  11.27  0.09 16.76 315.00   7.54
19960706 210000 14.1 346.4  2.98  7.40 321.02  38.84  6  2.80  7.37 329.24  28.52  0.71  9.54 241.25  12.91  0.55 12.76 227.91   9.95  0.46 16.72 214.71   7.41  0.13 14.60 305.09  11.81  0.09 16.76 315.19   7.60
19960707 000000  9.9 359.3  3.15  8.45 324.84  36.55  5  3.03  8.41 329.77  29.13  0.50 12.65 228.91  10.43  0.48  9.36 236.43  10.13  0.47 16.59 214.82   7.35  0.17 14.65 307.02  12.85
19960707 030000 12.1   5.0  3.13  8.95 324.27  36.98  5  3.03  8.94 328.46  30.94  0.49 12.58 231.05  11.59  0.49 16.42 215.60   7.91  0.33  9.10 234.53   9.27  0.15 15.42 312.59   8.12
19960707 060000 13.2  12.3  3.46  9.08 326.94  37.81  4  3.38  9.08 329.81  33.78  0.52 15.85 217.30  10.65  0.47 12.57 231.95  10.44  0.15 15.56 312.55   7.87
19960707 090000 12.8   1.5  3.44  9.16 323.66  39.17  4  3.35  9.16 327.05  35.17  0.57 15.58 220.80  15.29  0.49 12.36 234.18  11.56  0.13 15.76 314.39   7.36
19960707 120000 12.9   5.7  3.38  9.17 319.81  40.73  6  2.18  8.26 357.84  25.66  2.44  9.43 298.79  22.54  0.57 15.46 217.68   8.87  0.53 12.41 234.91  11.07  0.32 16.48 270.62  11.25  0.13 15.77 314.30   7.37
19960707 150000 13.7 356.3  3.60  9.36 315.75  41.18  5  2.47  7.82 352.65  26.02  2.24  9.62 291.33  19.03  1.08 15.23 278.94  15.10  0.60 15.30 218.96   9.13  0.56 12.10 237.94  11.54
19960707 180000 12.6 335.4  3.96 14.54 302.05  38.68  3  2.32  7.72 348.84  27.05  3.14 14.45 282.75  19.72  0.65 14.86 220.43   9.40
19960707 210000  8.1 333.0  4.07 14.10 287.16  34.19  3  1.67  7.71 352.01  26.36  3.65 13.91 278.59  20.11  0.65 14.51 219.78   8.71
19960708 000000  4.3 269.0  3.98 13.59 277.53  30.27  2  3.92 13.51 279.18  29.12  0.68 14.45 219.42   7.55
19960708 030000  1.7  87.5  3.83 13.33 270.57  28.28  1  3.83 13.33 270.57  28.28
19960708 060000  3.4 123.9  3.70 13.13 264.19  26.97  1  3.70 13.13 264.19  26.97
19960708 090000  5.5 116.2  3.56 13.01 258.62  26.70  1  3.56 13.01 258.62  26.70
19960708 120000  2.6 148.7  3.37 12.89 254.85  26.01  1  3.37 12.89 254.85  26.01
19960708 150000  3.6 119.6  3.15 12.75 251.92  25.50  1  3.15 12.75 251.92  25.50
19960708 180000  4.6 186.5  2.93 12.60 249.04  25.38  1  2.93 12.60 249.04  25.38
19960708 210000  6.2 195.8  2.75 12.43 246.09  25.39  2  2.75 12.41 245.84  25.10  0.18 14.28 312.11   6.83
19960709 000000  7.6 180.2  2.63 12.10 242.32  26.32  4  0.52  3.10 189.34  31.44  2.40 12.08 247.21  23.45  0.90 15.02 220.42   8.51  0.20 14.11 309.37   8.91
19960709 030000  6.8 142.6  2.51 11.89 238.75  27.89  3  2.27 11.87 242.19  28.91  1.05 14.68 222.54   8.65  0.19 14.11 309.86   8.88
19960709 060000  5.0 135.7  2.38 14.15 237.20  26.92  3  2.06 11.73 242.00  28.51  1.18 14.26 222.68   9.33  0.19 14.13 309.92   9.02
19960709 090000  6.2 128.7  2.27 13.71 235.49  26.79  3  1.86 11.36 242.00  29.45  1.29 13.89 222.41   9.03  0.19 14.11 308.00  10.86
19960709 120000  5.3 162.6  2.16 13.52 234.06  26.18  2  2.15 13.52 233.66  25.66  0.18 13.79 307.55  11.02
19960709 150000  5.6 142.5  2.06 13.37 232.72  25.65  3  1.47 10.44 239.10  32.04  1.43 13.36 226.21  11.69  0.17 13.55 307.26  10.82
19960709 180000  5.8 170.0  1.96 13.22 232.03  24.30  2  1.95 13.21 231.64  23.69  0.16 13.46 308.68   9.36
19960709 210000  8.5 187.4  1.93 13.13 229.16  24.61  3  0.69  3.55 192.03  30.39  1.80 13.11 233.32  18.31  0.16 13.40 307.67  10.39
19960710 000000  7.9 175.0  1.92 13.04 226.69  26.05  3  0.88  4.27 197.49  32.81  1.70 13.01 232.74  17.45  0.16 13.37 307.75  10.50
19960710 030000  7.5 148.2  1.84 12.97 225.97  27.76  4  0.55  3.65 156.32  28.08  1.62 12.94 232.51  16.73  0.67  4.66 217.10  21.93  0.16 13.34 307.75  10.66
19960710 060000  7.4 130.4  1.77 12.88 225.30  30.56  3  0.55  3.44 139.72  29.25  1.68 12.86 230.29  17.79  0.16 13.27 307.22  11.11
19960710 090000  6.7 130.0  1.74 13.10 225.80  30.08  3  0.49  3.36 131.19  30.60  1.66 13.08 229.85  17.53  0.15 13.18 307.02  11.08
19960710 120000  4.5 188.2  1.80 14.19 227.32  25.73  2  1.80 14.22 226.91  25.12  0.15 12.78 305.06  13.02
19960710 150000  4.8 135.3  1.96 13.83 228.56  20.93  2  1.96 13.85 228.28  20.39  0.13 12.65 306.76  11.20
19960710 180000  9.6 193.4  2.19 13.49 228.44  18.39  2  2.18 13.50 228.25  17.93  0.13 12.57 307.05  11.19
19960710 210000 10.1 197.8  2.46 13.23 227.39  19.05  3  1.11  4.58 209.24  30.46  2.20 13.25 231.20  10.77  0.12 12.54 307.40  11.17
19960711 000000  9.1 189.7  2.68 12.99 227.16  20.88  3  1.46  5.56 214.86  31.70  2.25 13.01 231.40  10.51  0.12 12.52 307.51  11.21
19960711 030000  7.3 167.3  2.69 12.85 228.23  20.94  4  1.45  6.12 218.06  32.84  2.02 12.86 232.54  10.43  1.02 15.72 227.95  10.63  0.13 12.51 307.41  11.34
19960711 060000  6.2 152.0  2.63 12.88 229.48  19.49  2  2.63 14.61 229.35  19.21  0.12 12.47 307.23  11.44
19960711 090000  5.0 143.8  2.56 14.47 230.10  18.01  2  2.56 14.47 229.98  17.72  0.12 12.41 308.13  10.58
19960711 120000  6.4 171.7  2.52 14.42 229.89  17.06  1  2.52 14.42 229.89  17.06
19960711 150000  4.0 174.5  2.49 14.36 229.52  16.07  1  2.49 14.36 229.52  16.07
19960711 180000  4.7 201.7  2.48 14.16 229.28  14.84  1  2.48 14.16 229.28  14.84
19960711 210000  7.3 204.2  2.49 13.90 228.53  14.71  1  2.49 13.90 228.53  14.71
19960712 000000  5.7 187.6  2.48 13.96 227.84  15.47  1  2.48 13.96 227.84  15.47
19960712 030000  3.0 162.3  2.41 14.57 227.86  15.26  1  2.41 14.57 227.86  15.26
19960712 060000  2.0 142.6  2.32 14.54 227.94  14.88  1  2.32 14.54 227.94  14.88
19960712 090000  2.4 153.4  2.22 14.44 227.92  14.74  1  2.22 14.44 227.92  14.74
19960712 120000  4.1 188.5  2.13 14.33 227.75  14.99  1  2.13 14.33 227.75  14.99
19960712 150000  2.7 173.2  2.03 14.19 227.75  15.20  1  2.03 14.19 227.75  15.20
19960712 180000  4.8 213.8  1.94 13.91 227.85  15.28  2  1.94 13.91 227.84  15.31  0.16 20.69 230.26   8.02
19960712 210000  5.8 207.5  1.88 13.59 227.73  15.83  2  1.86 13.59 227.69  15.96  0.29 19.72 229.59   8.91
19960713 000000  6.6 187.7  1.87 13.43 226.77  17.46  3  1.83 13.43 226.41  17.23  0.41 19.47 230.08   9.21  0.10 12.41 312.40   9.01
19960713 030000  4.7 168.7  1.89 13.33 226.54  17.94  4  1.77 13.34 225.96  18.18  0.64 19.04 229.21   9.42  0.08 11.08 311.74   9.88  0.07 12.61 312.52   8.32
19960713 060000  3.3 174.1  1.94 13.19 226.79  17.01  4  1.75 13.21 226.14  17.69  0.83 18.78 228.67   9.23  0.08 11.03 311.01   9.37  0.07 12.58 312.96   9.07
19960713 090000  3.9 157.2  2.06 18.65 226.80  15.67  3  1.71 14.39 226.19  17.22  1.14 18.65 227.63   8.99  0.10 11.09 311.92   9.14
19960713 120000  4.4 181.5  2.20 18.48 226.39  14.47  3  1.44 14.22 227.06  13.90  1.43 18.48 226.00   8.88  0.84  6.42 225.56  25.12
19960713 150000  2.8 180.4  2.34 17.75 225.88  13.46  2  2.18 17.75 226.01  11.09  0.86  6.70 224.98  23.61
19960713 180000  4.6 202.9  2.47 17.48 225.30  12.64  1  2.47 17.48 225.30  12.64
19960713 210000  5.8 202.3  2.58 16.93 224.59  12.56  1  2.58 16.93 224.59  12.56
19960714 000000  4.5 217.2  2.61 16.48 224.00  12.60  2  2.39 16.48 224.74  10.23  1.05  7.99 219.92  20.52
19960714 030000  3.9 201.7  2.57 16.22 223.64  12.50  3  2.33 16.22 224.24   9.06  1.06  8.24 218.98  19.64  0.20 12.69 280.30  23.35
19960714 060000  2.6 140.6  2.46 15.86 223.52  12.60  3  2.27 15.87 224.11   9.36  0.92  7.98 216.86  19.08  0.23 12.10 279.16  19.28
19960714 090000  2.0 116.8  2.34 15.55 223.60  12.91  3  2.16 15.55 223.87   9.50  0.83  8.08 216.23  17.96  0.29 11.75 276.60  16.04
19960714 120000  0.3 303.0  2.22 15.38 223.73  13.48  2  2.19 15.38 222.63  10.96  0.35 11.22 275.44  14.04
19960714 150000  1.5 232.1  2.13 15.25 223.77  14.20  2  2.09 15.25 222.23  10.78  0.39 10.85 275.67  13.07
19960714 180000  2.9 233.4  2.06 15.08 223.67  15.05  2  2.01 15.08 221.67  10.68  0.42 10.43 276.36  12.48
19960714 210000  4.5 214.1  2.01 14.71 223.53  16.14  3  1.96 14.71 221.10  11.08  0.43 10.12 274.76   7.23  0.12 10.89 314.71   7.35
19960715 000000  3.5 177.1  1.96 14.50 223.12  17.09  3  1.90 14.50 220.32  11.35  0.45  9.75 275.99   7.41  0.12 10.90 314.64   7.32
19960715 030000  2.1 140.2  1.90 14.36 222.93  17.70  3  1.84 14.36 219.77  11.19  0.46  9.55 276.96   7.71  0.12 10.92 313.74   8.08
19960715 060000  1.8  79.1  1.84 14.23 222.74  18.18  3  1.78 14.23 219.27  10.88  0.46  9.29 278.15   7.63  0.12 10.95 312.45   9.12
19960715 090000  1.7  41.4  1.78 14.02 222.53  18.67  3  1.72 14.02 218.75  10.62  0.46  9.04 279.16   7.62  0.12 10.93 312.46   9.01
19960715 120000  1.1 179.4  1.73 13.70 222.22  19.06  3  1.67 13.70 218.24  10.45  0.46  8.90 280.17   7.83  0.12 10.78 313.36   8.37
19960715 150000  2.9 273.3  1.69 13.55 221.88  19.41  4  1.62 13.55 217.65  10.31  0.45  8.72 280.86   8.11  0.13 19.63 239.07  10.31  0.12 10.52 313.51   8.36
19960715 180000  4.5 249.6  1.68 13.45 222.25  20.69  4  1.61 13.45 218.02  12.86  0.44  8.49 281.67   8.42  0.16 19.48 238.25  10.87  0.12 10.43 312.96   8.76
19960715 210000  2.6 250.0  1.64 13.35 221.95  21.02  4  1.56 13.35 217.51  13.07  0.43  8.39 282.37   9.13  0.23 19.06 235.33  10.86  0.12 10.38 313.18   8.99
19960716 000000  3.0 236.1  1.61 13.16 221.72  20.99  5  1.38 13.17 217.94  13.07  0.61 15.77 211.85   7.08  0.42  8.29 282.26   9.84  0.30 18.90 233.74  11.40  0.12 10.30 312.68   8.98
19960716 030000  4.2 218.0  1.59 12.90 221.59  20.86  5  1.31 12.90 217.45  12.85  0.69 15.48 213.03   6.72  0.42  8.12 282.82  10.84  0.38 18.31 232.37  11.05  0.12 10.29 312.66   8.58
19960716 060000  1.8 155.9  1.57 12.83 221.67  20.64  5  1.21 12.83 216.59  10.21  0.77 14.92 213.87   8.13  0.45 18.06 232.09  12.10  0.43  7.96 282.52  12.65  0.12 10.29 311.25   9.97
19960716 090000  1.9 155.0  1.56 14.36 221.93  20.33  4  1.37 14.31 215.15   8.85  0.59 17.44 230.80  11.16  0.43  7.89 281.85  12.42  0.11 10.23 313.45   7.70
19960716 120000  4.4 161.5  1.58 14.40 221.42  21.22  3  1.51 14.40 217.28  13.30  0.42  7.85 281.46  11.89  0.11 10.15 311.40   9.13
19960716 150000  4.6 187.5  1.59 14.91 221.51  21.10  4  1.30 14.14 214.39   9.64  0.77 16.45 229.82  11.59  0.47  7.82 265.98  41.54  0.11 10.05 311.50   9.18
19960716 180000  8.3 198.7  1.64 15.17 220.43  21.80  4  0.50  2.92 196.66  30.61  1.51 15.17 218.89  11.83  0.40  7.77 280.48  10.56  0.11  9.89 311.77   9.15
19960716 210000  7.2 198.4  1.66 14.72 219.89  22.63  5  0.63  3.54 199.64  30.17  1.49 14.72 219.36  12.38  0.36  7.72 281.92   9.81  0.16 10.12 271.16   9.50  0.10  9.77 314.12   7.32
19960717 000000  6.5 189.7  1.63 14.37 220.27  23.06  5  0.65  3.75 201.04  30.45  1.44 14.37 219.85  13.00  0.35  7.66 281.47  10.13  0.16  9.91 272.69  10.76  0.09  9.72 314.28   7.35
19960717 030000  6.6 195.1  1.55 14.05 221.56  23.40  5  0.58  3.73 201.64  31.36  1.39 14.05 220.56  13.64  0.33  7.56 281.84  10.01  0.20  9.63 273.52  11.28  0.09  9.68 313.70   8.21
19960717 060000  6.3 181.0  1.49 13.65 222.50  24.66  5  0.58  3.68 200.08  31.16  1.31 13.65 221.53  14.31  0.32  7.52 281.47  10.30  0.25  9.45 274.46  10.18  0.08  9.64 313.69   8.12
19960717 090000  4.6 177.1  1.41 13.47 225.79  25.63  4  0.50  3.71 202.17  32.51  1.22 13.48 222.22  14.78  0.45  9.14 279.46  12.00  0.19 15.51 245.00   0.00
19960717 120000  7.1 172.7  1.37 13.30 228.04  28.41  5  0.50  3.69 195.28  32.54  1.02 12.94 217.65  10.67  0.51  8.93 279.46  11.35  0.43 15.55 243.85   8.29  0.36 13.52 249.28   5.29
19960717 150000  5.5 180.9  1.34 12.90 231.03  30.53  7  0.51  3.65 194.28  33.53  0.99 12.74 220.95  13.92  0.56  8.65 279.52  10.27  0.43 15.38 245.48   8.32  0.20 13.54 245.00   0.00  0.06  9.62 318.22   4.67  0.06 22.73 224.30   8.46
19960717 180000  8.5 197.2  1.40 12.75 230.87  31.00  6  0.70  3.68 203.60  27.96  0.82 12.14 216.94  10.77  0.60  8.44 280.53  10.90  0.58 15.07 243.78  10.46  0.28 12.65 240.37   5.35  0.08 21.91 225.18   7.86
19960717 210000 10.3 200.2  1.59 14.42 226.66  31.92  5  1.32 11.90 211.76  24.50  0.61 14.66 242.99  10.41  0.61  8.32 281.08  10.90  0.20 12.64 245.85   2.82  0.11 21.78 225.91   7.87
19960718 000000  9.5 187.6  1.68 14.39 222.60  33.56  5  1.24  4.98 205.24  29.55  0.67 13.21 216.33  10.45  0.67 14.57 242.73  10.19  0.59  8.22 281.53  10.93  0.17 20.96 225.45   8.25
19960718 030000  7.1 178.3  1.62 14.27 224.61  33.40  4  1.19  5.39 207.49  30.13  0.91 14.27 230.59  16.68  0.58  8.06 282.08  11.03  0.24 20.43 224.32   9.11
19960718 060000  6.4 173.9  1.54 13.73 227.89  32.53  5  1.08  5.62 210.63  29.84  0.78 13.72 235.94  14.41  0.58  7.97 282.56  11.10  0.41  9.67 211.96  10.49  0.32 20.12 224.47   9.22
19960718 090000  5.7 170.8  1.51 13.56 229.98  31.50  4  1.00  5.75 212.57  28.76  0.86 13.56 230.98  17.09  0.59  7.92 282.70  11.36  0.43 19.32 223.85   9.35
19960718 120000  8.8 191.3  1.56 19.00 228.11  30.84  5  1.05  6.02 211.46  28.00  0.85 13.49 230.96  17.15  0.57  7.86 282.44  10.25  0.55 19.00 223.69   9.56  0.08 11.33 316.95   6.63
19960718 150000  5.4 185.5  1.63 18.58 227.24  29.13  5  1.10  6.10 213.46  27.57  0.83 13.34 231.07  17.03  0.69 18.58 223.17   9.62  0.54  7.81 282.36  10.31  0.08 11.00 315.53   7.67
19960718 180000  7.8 215.1  1.70 17.87 227.27  26.19  4  1.14  6.20 217.23  25.24  0.83 17.87 222.64   9.66  0.79 13.12 232.18  16.63  0.51  7.76 282.89  11.42
19960718 210000  8.5 207.2  1.84 17.62 225.66  24.53  4  1.28  6.22 218.10  24.54  0.98 17.62 222.26   9.68  0.75 12.93 233.32  16.61  0.47  7.73 282.95  11.35
19960719 000000  6.6 197.9  1.91 17.00 224.69  23.96  4  1.30  6.22 217.87  25.54  1.10 17.00 222.01   9.60  0.74 12.77 233.19  16.49  0.44  7.67 282.55  11.80
19960719 030000  5.3 198.5  1.90 16.59 224.65  22.86  4  1.25  6.36 218.86  25.57  1.19 16.59 222.03   9.47  0.70 12.55 233.42  16.96  0.40  7.58 283.06  11.52
19960719 060000  1.9 162.7  1.87 16.38 224.75  21.68  4  1.25 16.38 222.27   9.38  1.17  6.44 219.75  24.95  0.65 12.31 233.35  17.80  0.37  7.48 283.35  11.72
19960719 090000  3.1 132.6  1.81 15.79 224.80  20.60  4  1.24 15.79 222.32   9.33  1.09  6.50 220.26  24.09  0.67 12.41 231.83  17.60  0.34  7.36 283.48  12.18
19960719 120000  3.6 143.0  1.75 15.49 224.58  19.79  3  1.41 15.49 224.11  12.38  1.00  6.52 220.19  23.46  0.32  7.28 283.51  12.38
19960719 150000  0.8 144.3  1.71 15.34 224.19  19.05  3  1.40 15.34 223.61  12.35  0.93  6.61 220.35  22.86  0.29  7.19 284.48  12.87
19960719 180000  7.2 216.5  1.71 15.09 223.34  18.45  4  0.96  6.87 220.28  21.51  1.39 15.09 222.71  11.94  0.26  7.02 283.64  11.34  0.09 12.76 313.87   8.51
19960719 210000  8.5 197.5  1.82 14.59 220.67  19.82  4  1.11  7.18 216.30  24.09  1.42 14.59 221.51  12.15  0.24  6.90 283.85  10.94  0.09 12.73 313.88   8.29
19960720 000000  5.7 177.8  1.86 14.43 219.14  20.37  4  1.16  7.47 214.87  25.48  1.44 14.43 220.28  12.10  0.22  6.82 283.90  11.08  0.09 12.71 313.95   8.28
19960720 030000  6.0 155.2  1.83 14.30 218.60  19.97  4  1.47 14.30 219.41  11.96  1.08  7.71 214.57  26.28  0.20  6.76 284.19  11.26  0.09 12.67 313.66   8.27
19960720 060000  5.0 143.5  1.79 14.06 217.74  19.86  4  1.47 14.06 218.78  11.78  1.00  7.80 212.88  27.22  0.18  6.69 284.74  11.50  0.10 12.62 313.50   8.29
19960720 090000  4.4 135.8  1.74 13.66 217.71  18.92  4  1.46 13.66 218.52  11.57  0.92  7.76 212.84  26.34  0.17  6.56 285.07  11.76  0.10 12.51 313.25   8.27
19960720 120000  4.7 152.0  1.69 13.53 217.57  18.90  4  1.46 13.53 218.54  11.42  0.83  7.65 211.14  27.90  0.15  6.48 284.83  11.39  0.11 12.36 312.94   8.20
19960720 150000  2.9 146.8  1.64 13.46 217.59  19.14  4  1.43 13.46 218.92  11.19  0.78  7.57 209.30  29.10  0.14  6.43 284.61  11.02  0.11 12.16 313.18   8.30
19960720 180000  3.8 203.3  1.58 13.36 218.36  17.31  4  1.39 13.37 219.46  11.19  0.73  7.51 210.66  24.21  0.13  6.40 284.27  10.87  0.12 12.06 313.24   8.32
19960720 210000  4.9 199.3  1.55 13.18 218.90  16.48  4  1.36 13.19 219.61  11.15  0.72  7.64 212.85  21.75  0.12  6.38 283.66  11.18  0.12 12.00 313.34   8.30
19960721 000000  5.7 195.0  1.53 12.85 218.98  16.62  3  1.52 12.86 218.32  14.63  0.12  6.35 283.72  10.75  0.12 11.94 313.68   8.24
19960721 030000  2.3 190.3  1.52 12.71 219.28  16.77  3  1.51 12.72 218.61  14.75  0.12 11.88 313.67   8.33  0.11  6.31 283.95  10.44
19960721 060000  2.4 132.2  1.50 12.63 219.55  16.66  3  1.49 12.65 218.86  14.58  0.12 11.82 313.64   8.32  0.10  6.21 283.47   9.79
19960721 090000  3.5  86.9  1.49 12.58 219.20  19.16  4  1.48 12.59 218.48  17.32  0.12 11.76 313.57   8.34  0.10  6.23 284.87  17.11  0.06 24.02 242.93   7.77
19960721 120000  2.3  84.7  1.50 12.54 219.46  17.58  4  1.49 12.57 218.69  15.45  0.13 11.70 313.53   8.37  0.10  6.20 283.76  17.74  0.09 23.30 243.20   7.75
19960721 150000  1.0 230.4  1.50 12.52 219.76  16.63  5  1.48 12.56 218.90  14.23  0.13 11.63 313.56   8.41  0.13 22.42 243.52   7.86  0.09  6.11 283.72  16.78  0.06 16.66 307.62   8.59
19960721 180000  4.2 248.6  1.49 12.47 220.60  16.57  5  1.47 12.51 219.59  14.07  0.17 21.81 243.69   7.78  0.13 11.49 313.59   8.41  0.08  6.05 283.21  14.97  0.06 16.62 307.87   8.76
19960721 210000  4.3 245.1  1.47 12.44 221.72  16.82  4  1.45 12.48 220.67  14.68  0.21 21.22 244.25   7.76  0.13 11.29 313.68   8.40  0.06 16.60 308.21   8.82
19960722 000000  2.6 224.8  1.45 12.48 222.76  16.90  4  1.42 12.50 221.43  14.67  0.27 20.45 244.24   7.80  0.12 11.19 313.80   8.38  0.07 16.56 308.35   8.92
19960722 030000  5.0 225.6  1.43 12.52 223.84  16.94  4  1.39 12.54 222.17  14.56  0.32 20.11 244.44   7.85  0.12 11.12 313.95   8.36  0.07 16.38 308.30   8.48
19960722 060000  4.3 214.3  1.41 12.54 225.15  17.49  5  1.24 12.37 223.68  16.05  0.56 14.15 220.61   7.90  0.35 19.25 244.82   7.80  0.12 11.08 314.05   8.36  0.08 15.70 307.71   8.40
19960722 090000  5.2 198.2  1.38 12.53 226.30  18.59  4  1.31 12.55 223.79  16.13  0.40 18.95 244.50   8.01  0.12 11.05 314.01   8.40  0.10 15.57 307.29   8.38
19960722 120000  6.0 196.9  1.38 12.45 227.23  20.59  4  1.30 12.48 224.40  18.61  0.44 18.18 244.20   8.21  0.11 11.01 313.92   8.42  0.11 15.53 306.99   8.70
19960722 150000  7.1 198.2  1.38 12.14 227.87  22.67  4  1.29 12.16 224.78  21.35  0.47 17.79 243.62   8.75  0.11 10.96 313.76   8.45  0.11 15.52 306.99   9.08
19960722 180000  9.3 195.6  1.48 12.10 226.57  25.80  5  0.84  3.76 220.81  37.59  1.10 12.11 224.78  13.40  0.50 17.34 242.92   9.44  0.11 10.89 313.62   8.50  0.11 15.50 307.14   9.58
19960722 210000  8.7 198.2  1.52 16.66 225.74  27.77  6  0.83  4.02 202.84  30.88  1.05 12.18 225.50  13.52  0.53 16.74 241.99  10.12  0.47  5.19 266.19  18.07  0.11 15.43 307.85   9.02  0.10 10.81 313.64   8.54
19960723 000000  8.3 200.0  1.53 16.36 225.80  28.41  5  0.99  4.28 217.98  37.93  0.99 12.26 225.43  13.81  0.60 16.39 240.01  11.03  0.11 15.04 308.06   8.54  0.10 10.66 313.74   8.54
19960723 030000  9.4 187.6  1.59 15.64 222.40  31.04  5  1.09  4.38 210.14  38.69  0.94 12.12 226.30  13.84  0.65 15.70 238.28  12.29  0.13 14.60 307.84   8.28  0.10 10.53 313.91   8.55
19960723 060000  7.7 171.8  1.53 15.41 222.83  32.19  5  1.02  4.58 207.88  40.84  0.89 11.91 226.55  13.83  0.69 15.44 237.86  12.29  0.14 14.53 307.38   8.40  0.09 10.45 314.09   8.57
19960723 090000  8.3 177.3  1.47 14.86 223.45  32.17  5  0.94  4.32 205.31  41.66  0.83 11.85 227.55  14.22  0.75 14.98 236.38  12.66  0.15 14.51 306.84   8.87  0.09 10.40 314.17   8.56
19960723 120000  9.1 178.6  1.50 14.53 220.98  32.67  5  0.99  4.27 200.48  39.27  0.80 11.83 227.96  14.28  0.77 14.57 236.92  12.38  0.15 14.50 306.49   9.29  0.08 10.35 314.15   8.57
19960723 150000  8.9 180.1  1.52 14.39 220.03  32.84  5  1.04  4.49 199.60  37.74  0.81 14.38 237.07  12.15  0.75 11.67 228.98  14.67  0.14 14.48 306.47   9.61  0.08 10.32 314.03   8.62
19960723 180000 10.9 198.2  1.63 14.11 220.28  30.56  4  1.40 11.53 212.85  31.51  0.82 14.07 237.33  12.20  0.14 14.44 306.88   9.66  0.07 10.29 314.02   8.69
19960723 210000 12.0 204.4  1.87 13.67 223.03  29.05  5  1.56  5.27 216.49  31.40  1.02 13.65 234.91  13.73  0.14 14.25 307.54   9.39  0.13 19.28 227.92   9.26  0.07 10.26 313.82   8.58
19960724 000000  9.5 193.4  1.91 13.52 222.46  30.40  5  1.62  5.68 215.90  32.56  0.99 13.50 236.13  13.31  0.19 19.05 226.15   8.41  0.14 13.73 307.98   8.90  0.07 10.24 313.12   9.63
19960724 030000  9.7 189.1  1.83 13.39 221.26  30.77  6  1.55  5.73 213.59  32.45  0.76 13.36 240.99  10.98  0.53 10.88 229.90  13.82  0.27 18.13 227.60   8.63  0.15 13.61 307.93   8.74  0.06 10.22 313.11   9.69
19960724 060000  7.6 187.5  1.74 13.25 223.00  29.76  5  1.42  5.87 214.79  31.91  0.92 13.15 237.67  13.21  0.36 18.01 227.58   8.10  0.15 13.57 307.54   9.05  0.06 10.19 313.60   9.34
19960724 090000  7.2 183.7  1.67 13.12 225.95  27.70  6  1.30  6.02 218.02  31.03  0.76 12.90 240.88  11.32  0.50  9.93 230.90  14.49  0.50 17.53 227.33   7.95  0.15 13.56 307.18   9.32  0.06 10.13 314.36   8.49
19960724 120000  7.0 167.6  1.67 16.88 227.39  26.17  4  1.33  9.43 221.51  29.18  0.74 12.78 242.14  10.50  0.66 16.89 226.74   8.84  0.16 13.54 307.88   9.59
19960724 150000  6.6 179.0  1.68 16.81 228.10  24.52  4  1.29  8.90 222.97  28.24  0.82 16.81 226.68   8.50  0.70 12.58 243.07  10.90  0.15 13.52 307.83   9.75
19960724 180000 10.1 198.0  1.83 16.26 225.43  23.92  4  1.40  8.65 219.60  27.25  0.95 16.28 226.55   8.44  0.67 12.42 243.58  10.78  0.15 13.46 307.81   9.85
19960724 210000 10.5 194.9  2.06 15.94 223.20  24.39  4  1.63  5.59 217.45  27.23  1.04 15.94 226.44   8.43  0.68 12.43 243.21  12.00  0.15 13.33 308.03   9.64
19960725 000000  8.9 186.9  2.15 15.80 222.48  25.35  4  1.71  6.06 216.95  28.72  1.12 15.80 226.13   8.37  0.63 12.34 244.08  12.01  0.15 12.95 308.17   9.52
19960725 030000  7.8 151.3  2.05 15.41 222.58  27.02  4  1.56  6.34 216.05  32.01  1.18 15.42 225.71   8.41  0.58 12.15 246.90  10.31  0.15 12.77 308.22   9.37
19960725 060000  6.9 129.4  1.90 15.24 223.52  27.50  3  1.34  6.34 215.79  34.86  1.33 15.24 229.35  12.23  0.14 12.71 308.08   9.35
19960725 090000  5.5 130.0  1.77 14.99 225.09  26.11  3  1.34 14.99 229.41  12.67  1.15  7.38 216.93  35.06  0.15 12.68 307.85   9.39
19960725 120000  6.4 168.0  1.68 14.47 226.27  25.06  4  1.24 14.53 226.19   9.23  1.02  7.36 216.78  34.35  0.49 12.69 256.56   8.60  0.14 12.65 308.29   8.79
19960725 150000  5.6 171.2  1.65 14.31 226.82  25.50  4  0.95  7.30 213.69  34.48  1.23 14.37 226.48   9.62  0.54 12.69 259.34   8.05  0.14 12.63 308.08   8.97
19960725 180000  8.3 199.1  1.66 14.18 228.29  24.36  4  0.96  7.19 214.95  29.78  1.21 14.25 227.45  10.63  0.58 12.46 262.27   6.97  0.14 12.60 307.97   9.05
19960725 210000  7.8 202.2  1.69 13.54 230.22  24.70  4  1.03  4.87 217.57  28.21  1.14 13.84 227.04  10.24  0.70 11.95 262.16   8.56  0.14 12.54 308.07   8.89
19960726 000000  8.9 198.9  1.75 13.39 231.18  26.06  4  1.12  4.94 217.68  28.34  1.08 13.56 227.01   9.99  0.79 11.72 262.83   8.97  0.13 12.42 308.11   8.89
19960726 030000  7.1 193.5  1.73 13.33 234.19  26.98  4  1.08  5.27 219.98  29.91  1.02 13.44 227.20  10.16  0.86 11.64 263.43   9.29  0.13 12.15 308.02   8.94
19960726 060000  5.6 172.6  1.66 13.20 237.56  27.31  4  0.98  5.39 221.36  30.97  0.99 13.35 228.62  11.09  0.89 11.18 265.11   8.85  0.12 11.98 307.80   8.95
19960726 090000  6.4 171.9  1.61 11.37 239.67  28.03  4  0.92  5.50 219.87  32.09  0.94 11.03 265.69   9.10  0.93 13.22 229.20  11.26  0.10 11.88 311.30   6.62
19960726 120000  7.6 151.9  1.61 11.29 239.07  31.61  4  0.91  5.60 211.39  37.08  0.97 10.96 265.93   9.43  0.90 13.02 230.07  11.35  0.10 11.85 311.20   6.62
19960726 150000  6.3 185.4  1.57 12.46 240.68  30.52  5  0.84  5.40 210.52  35.25  0.96 10.86 266.67   9.64  0.90 12.80 231.70  11.85  0.10 11.82 311.25   6.68  0.08 19.46 237.53   7.70
19960726 180000  9.2 198.4  1.66 12.39 236.95  30.33  5  0.99  4.67 209.36  29.83  0.94 10.53 266.67  10.18  0.92 12.59 233.59  12.44  0.19 18.68 236.03   8.78  0.11 11.80 308.10   8.76
19960726 210000  9.6 193.6  1.82 11.96 233.52  30.49  5  1.19  4.91 211.10  30.59  1.01 12.18 238.14  14.29  0.81 10.41 268.49   9.58  0.44 17.70 235.24   9.43  0.11 11.79 307.68   9.09
19960727 000000  7.2 188.6  1.98 16.67 234.21  28.14  4  1.16  5.19 210.57  31.02  1.25 11.69 252.23  18.65  0.99 16.67 233.95   9.18  0.11 11.77 308.28   8.89
19960727 030000  6.3 186.3  2.26 15.86 235.41  23.17  2  2.26 15.86 235.29  22.98  0.10 11.74 308.44   8.81
19960727 060000  7.6 181.1  2.59 15.25 234.79  20.05  1  2.59 15.25 234.79  20.05
19960727 090000  7.4 176.7  2.78 14.56 233.98  19.55  1  2.78 14.56 233.98  19.55
19960727 120000  5.0 175.4  2.79 14.16 234.60  18.42  1  2.79 14.16 234.60  18.42
19960727 150000  6.5 176.8  2.71 13.64 235.11  17.87  1  2.71 13.64 235.11  17.87
19960727 180000  7.0 186.6  2.58 13.38 235.15  17.89  1  2.58 13.38 235.15  17.89
19960727 210000  8.1 196.2  2.47 13.18 234.19  18.81  2  0.96  5.55 210.65  26.88  2.28 13.18 237.92  13.74
19960728 000000  9.3 179.4  2.39 12.71 231.94  21.75  2  2.36 12.71 232.28  21.80  0.32 14.75 214.52   7.51
19960728 030000  6.2 145.0  2.24 12.48 231.40  23.15  3  1.93 12.47 238.19  14.14  1.08  5.66 207.98  32.09  0.35 14.63 214.12   7.53
19960728 060000  7.0 107.8  2.04 12.33 231.63  25.55  2  2.01 12.32 232.27  25.69  0.36 14.39 212.65   7.35
19960728 090000  5.4 109.4  1.85 11.85 231.78  26.72  2  1.81 11.81 232.68  27.00  0.39 13.96 213.79   7.42
19960728 120000  4.7 147.8  1.67 11.66 232.01  25.96  2  1.62 11.62 233.32  26.21  0.40 13.60 212.39   7.78
19960728 150000  3.9 144.9  1.52 11.58 231.99  25.08  2  1.45 11.47 233.93  25.40  0.45 13.35 212.93   7.89
19960728 180000  3.5 189.4  1.39 11.41 232.49  23.25  3  1.31 10.99 234.84  23.32  0.46 13.12 213.77   8.32  0.06 14.50 307.68  12.37
19960728 210000  6.3 204.0  1.31 11.10 231.38  22.93  3  1.21 10.85 234.20  23.19  0.50 12.70 215.14   9.99  0.06 14.50 304.91  14.90
19960729 000000  6.7 191.0  1.33 11.04 227.36  25.53  4  0.67  3.71 204.21  29.59  1.02 10.84 239.19  18.05  0.52 12.52 215.42   9.35  0.06 14.45 303.97  15.17
19960729 030000  4.8 152.1  1.28 11.00 227.19  26.43  4  0.69  4.25 207.24  31.90  0.94 10.76 239.99  18.30  0.54 12.18 216.82  10.73  0.06 14.42 302.19  14.93
19960729 060000  4.7 129.5  1.21 10.93 228.37  26.33  4  0.88 10.42 240.61  18.32  0.63  4.57 210.54  33.42  0.51 11.96 217.96  13.67  0.15 14.87 202.94   5.41
19960729 090000  3.5 122.5  1.14 10.69 229.65  25.87  5  0.83 10.19 242.08  18.07  0.55  4.65 212.08  34.19  0.52 11.79 216.30   9.63  0.17 14.81 202.83   5.29  0.14 15.48 259.59  23.95
19960729 120000  5.0 157.0  1.12 10.44 230.67  26.03  5  0.49  4.62 210.06  36.16  0.77 10.10 243.62  17.97  0.55 11.54 217.94  10.64  0.29 14.68 250.59  16.00  0.21 14.80 202.79   6.48
19960729 150000  2.9 144.5  1.20 13.75 233.29  24.99  5  0.78 10.03 243.94  16.70  0.53 13.88 248.97  11.29  0.50 12.28 216.89   9.58  0.45  4.57 207.25  37.47  0.32 13.89 208.30   9.18
19960729 180000  7.0 208.5  1.43 13.32 236.62  21.89  4  1.01 13.16 240.46  16.28  0.93 10.23 236.70  25.01  0.38 14.11 207.00   7.81  0.06 13.67 309.96   9.15
19960729 210000  8.0 200.8  1.79 12.79 236.69  22.81  3  0.83  4.08 214.40  28.47  1.53 12.61 244.78  14.93  0.44 14.08 209.12   7.98
19960730 000000  6.2 178.9  1.99 12.52 239.27  23.16  3  0.87  4.59 213.93  30.88  1.68 12.31 248.47  13.03  0.61 13.20 212.38   8.58
19960730 030000  3.7 149.1  2.08 12.49 242.47  22.05  3  1.80 12.31 250.91  12.20  0.76  4.82 214.07  31.38  0.70 13.18 213.54   8.61
19960730 060000  4.7 122.6  2.12 12.63 244.82  21.58  2  1.97 12.47 249.46  19.22  0.77 13.09 214.66   9.10
19960730 090000  4.3 100.2  2.12 12.60 246.30  22.17  2  1.96 12.47 251.83  19.04  0.81 13.05 213.96   8.18
19960730 120000  4.6 139.9  2.11 12.51 247.14  23.13  2  1.92 12.34 253.89  19.37  0.88 13.36 214.57   8.63
19960730 150000  3.1  90.8  2.08 12.44 247.48  24.81  2  1.87 12.19 255.35  21.02  0.92 12.95 215.03   9.12
19960730 180000  5.7 210.0  2.06 12.38 247.41  23.52  2  1.81 12.29 256.80  18.00  0.99 12.84 215.91   8.96
19960730 210000  6.4 195.6  2.08 12.31 245.27  24.67  3  0.58  3.43 208.88  31.57  1.70 12.23 259.27  12.12  1.04 12.89 216.48   8.81
19960731 000000  4.7 176.4  2.03 12.29 244.60  24.76  4  0.53  3.75 211.41  32.60  1.61 12.14 260.15  11.92  1.11 13.11 217.47   9.04  0.06 12.71 314.70   7.30
19960731 030000  1.1 148.0  1.99 12.27 243.39  24.60  2  1.60 12.03 257.72  18.97  1.19 13.53 218.17   8.98
19960731 060000  1.1  37.8  1.97 12.23 241.73  24.45  2  1.51 11.89 258.33  18.36  1.26 13.54 218.63   8.92
19960731 090000  1.9 319.4  1.94 12.16 240.10  24.30  2  1.43 11.77 258.90  17.91  1.32 13.42 218.88   8.73
19960731 120000  3.9  25.1  1.91 12.07 238.83  25.98  2  1.37 13.27 219.34   8.87  1.34 11.64 260.49  21.86
19960731 150000  2.9  36.8  1.87 12.04 237.51  26.63  2  1.39 13.16 219.55   8.85  1.25 11.53 262.11  23.62
19960731 180000  2.7 305.9  1.81 12.10 236.24  25.41  2  1.41 12.96 219.85   8.86  1.15 11.25 262.95  21.17
19960731 210000  3.4 253.4  1.77 12.28 235.76  25.42  2  1.42 12.84 220.49   9.32  1.07 11.02 265.11  21.04
19960801 000000  2.0 139.7  1.74 12.45 234.86  25.56  3  1.44 12.75 221.10   9.69  0.97 10.95 268.23  20.85  0.09 12.23 315.37   7.57
