Date     Time   Uabs UDir  hs    tp    th     sp     np hs(i) tp(i) th(i)  sp(i)
19860601 000000 10.1 174.8  3.18 15.45 222.53  19.38  2  2.03 10.78 219.31  27.07  2.45 15.45 224.53  10.93
19860601 030000  7.7 170.1  3.28 14.79 223.12  18.68  1  3.28 14.79 223.12  18.68
19860601 060000  6.7 162.5  3.21 14.54 224.17  17.61  1  3.21 14.54 224.17  17.61
19860601 090000  4.9 159.0  3.05 14.31 225.21  16.60  1  3.05 14.31 225.21  16.60
19860601 120000  2.9 160.5  2.86 14.01 226.25  15.66  1  2.86 14.01 226.25  15.66
19860601 150000  3.0 196.2  2.66 13.73 227.16  15.01  1  2.66 13.73 227.16  15.01
19860601 180000  5.0 219.8  2.48 13.46 227.78  14.83  2  2.47 13.46 227.89  14.85  0.25 19.11 217.17   7.48
19860601 210000  4.8 199.7  2.31 13.25 228.17  15.19  2  2.30 13.25 228.31  15.21  0.26 19.06 217.65   7.13
19860602 000000  1.7 225.6  2.15 12.83 228.48  15.58  3  2.12 12.83 228.53  15.08  0.30 18.69 217.37   7.55  0.12 16.64 311.98   9.61
19860602 030000  5.0 202.6  1.99 12.56 228.73  15.90  4  1.96 12.56 228.77  15.20  0.32 18.03 217.58   7.39  0.10 16.61 309.02   9.96  0.08 12.65 316.13   8.47
19860602 060000  5.5 179.6  1.86 12.39 228.47  17.05  5  1.82 12.39 228.55  16.22  0.36 17.84 217.60   7.36  0.09 19.16 303.92  10.17  0.08 12.60 316.35   8.56  0.07 16.57 312.47   9.26
19860602 090000  4.0 189.1  1.73 11.98 228.67  17.82  5  1.69 11.98 228.68  16.69  0.37 17.71 217.91   7.28  0.12 19.06 302.94  10.51  0.08 12.51 316.48   8.59  0.07 16.53 313.03   9.03
19860602 120000  2.0 188.7  1.61 11.74 229.46  18.10  5  1.56 11.73 229.42  16.52  0.39 17.14 218.48   7.30  0.13 19.03 302.79  10.67  0.09 12.30 316.50   8.61  0.08 15.97 312.44   8.54
19860602 150000  4.8 208.9  1.53 11.61 230.18  18.67  6  1.46 11.60 230.10  16.68  0.40 16.79 218.71   7.28  0.11 19.02 305.69   8.95  0.10 15.59 312.02   8.13  0.09 12.01 316.24   8.75  0.06 21.78 293.32  10.56
19860602 180000  5.7 211.3  1.49 11.38 230.78  19.45  7  0.38  2.81 215.28  31.10  1.37 11.35 231.65  15.20  0.40 16.69 219.49   7.89  0.12 15.54 311.64   8.59  0.11 18.94 307.44   8.24  0.10 11.91 316.12   8.72  0.06 21.74 295.55  10.24
19860602 210000  3.1 212.5  1.43 11.18 232.58  19.82  5  1.35 11.16 232.33  16.99  0.41 16.48 220.23   9.51  0.14 18.11 306.08   9.23  0.12 15.51 312.11   8.77  0.10 11.85 315.92   8.93
19860603 000000  5.4 339.8  1.39 11.22 235.61  20.72  6  1.29 11.19 235.23  16.80  0.45 15.96 220.68   8.97  0.20 17.81 305.07   9.28  0.11 15.49 312.38   9.11  0.11 11.81 316.03   8.95  0.08 16.65 248.08   4.67
19860603 030000  3.6 307.8  1.42 11.18 240.99  24.51  6  1.29 11.16 240.73  21.25  0.47 15.64 220.83   8.26  0.25 17.77 304.82   9.37  0.18 16.55 249.55   5.61  0.11 11.76 316.03   8.67  0.10 15.30 312.90   9.04
19860603 060000  0.7  47.0  1.60 10.97 244.54  22.83  8  1.46 10.96 244.49  19.75  0.50 15.40 222.40   9.38  0.25 17.75 305.64   8.80  0.23 17.26 252.14   6.28  0.14 15.49 248.42   7.33  0.12 14.67 311.45   9.53  0.11 11.71 316.10   8.79  0.08 20.42 296.65   9.00
19860603 090000  3.2  22.8  1.90 10.74 247.03  20.73  7  1.77 10.73 246.66  18.54  0.44 16.67 250.55   7.27  0.42 15.59 221.44   8.32  0.24 17.72 306.10   9.09  0.15 14.56 312.24   7.87  0.11 11.57 316.76   8.32  0.08 20.38 297.51   8.53
19860603 120000  4.4   4.1  2.29 10.75 248.47  19.86  6  1.83 10.71 251.60  19.36  1.35 13.62 240.28  13.98  0.22 17.58 307.31   8.24  0.15 14.52 313.74   6.91  0.11 11.39 317.30   7.88  0.08 20.37 299.83   9.18
19860603 150000  1.9 345.0  2.76 13.97 248.69  18.64  5  2.74 13.83 247.95  17.41  0.25 16.75 307.80   7.34  0.16 14.52 313.27   8.53  0.11 11.22 316.74   7.70  0.07 20.39 303.42   8.00
19860603 180000  2.4 285.5  3.14 13.73 248.99  17.97  3  3.12 13.70 248.27  16.77  0.34 16.61 307.50   7.35  0.15 14.45 315.29   8.14
19860603 210000  3.2 333.0  3.34 13.63 249.50  17.77  2  3.31 13.61 248.67  16.36  0.43 16.59 308.27   8.09
19860604 000000  5.4 358.9  3.49 13.90 249.44  18.04  2  3.46 13.90 248.62  16.70  0.44 16.56 307.84   8.21
19860604 030000  3.9   9.1  3.61 14.27 248.39  18.17  2  3.58 14.27 247.67  16.97  0.42 16.53 308.50   8.20
19860604 060000  1.2 171.6  3.68 14.21 246.21  18.15  3  3.66 14.22 245.57  17.00  0.35 16.35 307.86   7.76  0.21 13.57 312.23   8.96
19860604 090000  1.5 178.9  3.72 14.12 243.21  18.84  4  3.70 14.12 242.54  17.61  0.35 15.65 308.01   7.39  0.20 13.52 314.16   8.17  0.08 19.08 309.16   5.12
19860604 120000  1.6 117.5  3.66 13.93 240.42  19.97  2  3.64 13.93 239.56  18.44  0.45 15.51 308.83   7.98
19860604 150000  2.4 104.4  3.49 13.75 238.23  21.21  2  3.45 13.74 237.06  19.20  0.50 15.47 307.76   8.58
19860604 180000  2.8 198.7  3.30 13.55 236.36  22.19  3  3.25 13.53 234.90  19.75  0.51 15.45 307.26   9.09  0.11 17.96 299.34   9.89
19860604 210000  4.1 213.0  3.12 13.17 234.81  22.92  3  3.08 13.17 233.19  20.22  0.50 15.43 307.34   9.06  0.12 17.87 299.42   9.61
19860605 000000  7.1 200.1  2.96 12.77 233.32  23.57  3  2.92 12.76 231.69  20.88  0.47 15.37 307.52   9.14  0.12 17.83 300.97   9.54
19860605 030000  6.8 178.8  2.80 12.44 231.55  24.46  3  2.76 12.42 229.97  21.89  0.44 15.13 307.72   9.14  0.12 17.83 303.16   9.54
19860605 060000  5.9 179.5  2.63 11.96 230.45  25.15  3  2.60 11.94 228.78  22.46  0.42 14.58 307.25   9.71  0.11 17.86 305.57   9.60
19860605 090000  5.0 158.8  2.46 11.71 230.30  25.62  3  2.42 11.70 228.36  22.54  0.42 14.47 307.28   9.35  0.10 17.97 306.52   9.29
19860605 120000  4.1 165.5  2.29 11.28 230.45  26.04  3  2.24 11.27 228.10  22.36  0.44 14.44 306.83   9.14  0.08 10.22 317.14   8.00
19860605 150000  3.1 159.2  2.15 11.09 230.51  26.06  4  2.10 11.09 227.83  21.83  0.42 14.42 306.86   8.60  0.12 16.83 300.71  11.19  0.08 10.25 319.71   9.48
19860605 180000  3.8 223.0  2.04 10.97 230.14  25.83  4  1.99 10.96 227.29  21.17  0.41 14.40 306.73   8.65  0.13 16.73 300.22  10.69  0.07 10.23 319.98   9.24
19860605 210000  5.4 201.9  1.97 10.61 229.08  25.74  4  1.93 10.61 226.25  20.99  0.39 14.36 306.52   8.83  0.13 16.74 301.81  10.47  0.06 10.23 322.91   7.15
19860606 000000  8.0 185.9  1.93 10.49 226.97  26.28  3  1.89 10.49 224.30  21.78  0.37 14.27 306.83   9.19  0.14 16.86 303.93   9.86
19860606 030000  7.7 163.4  1.90 12.40 223.69  28.19  5  1.68 10.51 220.39  26.38  0.80 12.74 224.48  10.89  0.35 13.92 306.71   9.20  0.17 16.83 217.33   7.49  0.13 17.17 305.55   9.29
19860606 060000  7.3 154.6  1.82 12.42 222.19  29.66  6  0.50  3.28 157.37  29.39  1.52 10.75 223.44  20.92  0.77 12.70 224.90  11.22  0.34 13.62 306.52   9.16  0.18 16.73 217.55   8.23  0.13 17.40 306.32   9.43
19860606 090000  7.2 153.5  1.74 12.36 220.64  30.82  6  1.48 10.78 215.58  30.05  0.81 12.47 224.34  10.85  0.33 13.53 306.17   9.21  0.20 16.61 218.28   7.77  0.13 17.04 247.54   6.37  0.11 17.46 307.00   9.14
19860606 120000  5.2 150.6  1.64 12.04 220.78  30.98  3  1.58 11.93 217.85  27.05  0.35 13.49 305.91   9.34  0.25 15.78 217.06   8.29
19860606 150000  4.6 146.5  1.53 11.84 222.49  30.01  7  1.24 10.77 217.75  28.29  0.75 12.04 221.27  14.41  0.32 13.47 306.19   8.90  0.28 15.77 225.89  15.81  0.14 16.20 302.30  10.67  0.12 19.31 216.49   7.84  0.09 15.51 245.00   0.00
19860606 180000  4.4 173.1  1.44 11.75 224.32  28.82  7  1.06 10.07 219.86  27.12  0.84 11.70 220.68  14.70  0.31 13.45 306.03   8.95  0.22 15.62 215.55   7.72  0.19 17.84 246.42   7.85  0.17 18.84 216.74   7.03  0.16 16.34 303.23  10.24
19860606 210000  6.8 193.4  1.41 11.68 224.04  28.55  7  1.29 11.62 218.70  22.43  0.30 13.42 305.79   9.19  0.28 15.72 217.38   9.47  0.24 14.76 244.67   7.81  0.21 17.78 249.96   6.20  0.19 18.86 215.05   6.26  0.17 16.40 304.27   9.59
19860607 000000  7.7 187.4  1.41 11.57 222.60  29.14  8  1.17 10.34 214.01  24.79  0.47 11.66 230.58   6.24  0.38 17.48 218.19   9.84  0.29 13.38 305.39   9.41  0.28 14.34 243.80   9.96  0.26 17.48 250.00   5.57  0.16 16.42 305.11   9.38  0.12 14.49 215.00   0.02
19860607 030000  6.2 179.6  1.39 17.15 223.23  28.93  9  0.72  4.39 208.21  33.58  0.84  9.90 217.67  17.34  0.46 11.49 229.57   6.13  0.37 14.56 243.34   9.18  0.35 17.47 215.26   7.15  0.29 17.31 250.07   6.52  0.27 13.30 304.95   9.62  0.26 14.57 218.12  10.58  0.15 16.42 305.84   9.39
19860607 060000  9.5 187.6  1.48 16.70 220.68  29.29  8  1.21 10.24 211.47  26.72  0.43 14.74 221.57   9.01  0.37 13.48 245.94   6.63  0.35 16.93 250.08   6.28  0.34 17.22 215.29   8.61  0.30 11.05 231.98   4.76  0.26 13.08 304.54   9.85  0.13 16.29 305.86   9.60
19860607 090000  7.0 184.2  1.58 16.39 222.15  28.74  9  1.08  5.19 212.99  31.56  0.64 10.11 215.61  14.37  0.50 13.13 240.78   9.67  0.47 14.39 216.05   7.52  0.40 16.58 249.61   6.68  0.38 16.72 216.93   9.51  0.26 11.16 233.91   6.67  0.25 12.79 303.80  10.16  0.12 15.69 307.23   8.09
19860607 120000  8.4 182.0  1.62 16.11 224.16  27.87  7  1.03  5.41 215.00  32.51  0.86 13.19 230.14  13.62  0.54  9.84 215.60  13.67  0.52 16.23 214.18   8.03  0.43 16.35 249.58   6.55  0.24 12.69 303.59  10.06  0.15 15.54 306.52   8.41
19860607 150000  5.6 193.3  1.74 15.46 225.54  25.41  6  0.92  5.29 216.29  33.56  1.12 12.50 227.88  14.37  0.80 15.19 216.23   8.81  0.46 15.97 249.49   6.47  0.22 12.64 304.67   9.35  0.18 15.45 304.29   9.54
19860607 180000  7.4 209.3  1.95 15.16 226.72  21.63  5  0.82  5.05 218.77  31.48  1.66 12.36 224.26  12.94  0.54 15.42 250.08   5.50  0.22 12.61 303.74  10.42  0.19 15.43 304.78   9.10
19860607 210000  6.5 210.4  2.10 14.48 228.26  19.77  6  0.73  4.51 221.48  31.64  1.59 12.20 228.68  12.48  0.89 14.78 214.32   7.66  0.69 14.86 246.56   7.31  0.21 12.59 304.18   9.43  0.18 15.41 304.58   9.78
19860608 000000  1.7 237.1  2.13 14.23 230.39  18.62  5  1.68 11.67 231.03  17.13  1.07 13.67 218.23   8.99  0.71 14.55 246.94   6.81  0.21 12.56 304.13   9.46  0.16 15.35 304.33  10.21
19860608 030000  1.2 219.1  2.09 14.10 232.40  17.99  5  1.71 11.67 232.84  15.43  0.94 14.30 217.34   9.60  0.70 14.17 249.55   5.32  0.20 12.55 303.74   9.59  0.15 15.01 303.58  11.88
19860608 060000  2.1 174.8  2.03 13.90 233.76  18.03  5  1.49 11.03 235.56  15.40  0.99 14.28 216.24   8.70  0.95 13.45 244.59   9.21  0.20 12.52 302.96  10.32  0.15 14.57 304.85  10.04
19860608 090000  2.8 160.1  2.03 13.80 233.59  19.40  4  1.70 13.38 239.49  15.80  1.08 14.36 215.96   8.73  0.19 12.49 302.37  10.72  0.17 14.51 305.92   8.51
19860608 120000  3.0 200.5  2.09 13.71 232.29  20.08  4  1.67 13.28 241.00  15.15  1.24 14.31 214.11   8.55  0.19 14.49 305.78   8.48  0.19 12.40 302.02  10.95
19860608 150000  3.5 199.1  2.18 13.61 229.87  20.75  3  1.55 12.83 242.98  15.95  1.51 13.87 214.61   9.08  0.26 14.45 303.49  10.46
19860608 180000  2.8 181.1  2.23 13.46 227.80  20.83  3  1.71 13.66 215.13   9.76  1.41 12.79 245.26  16.24  0.25 14.44 304.18   9.74
19860608 210000  1.3 264.9  2.22 13.29 226.35  20.64  4  1.77 13.52 214.37   8.83  1.33 12.56 246.47  15.90  0.17 14.39 304.84   9.91  0.16 11.84 303.28   9.90
19860609 000000  7.2 337.8  2.19 13.16 226.92  24.47  4  1.85 13.34 216.15  10.29  1.15 12.47 256.25  25.51  0.17 14.19 304.56   9.97  0.15 11.76 304.26   9.67
19860609 030000  8.7 347.1  2.19 12.94 233.18  37.46  4  1.91 13.17 220.61  15.67  0.64 12.41 252.96   8.80  0.19 11.77 301.07  12.88  0.17 13.68 305.33   9.34
19860609 060000  8.3 357.8  2.31 12.73 248.37  46.25  4  1.58 12.29 297.34  40.28  1.68 12.84 216.55  10.42  0.18 13.59 305.96   8.77  0.16 11.78 301.45  12.05
19860609 090000 10.6 355.3  2.43 12.56 259.81  48.97  6  1.75  7.08 305.72  38.67  1.61 12.63 217.51  11.63  0.42 11.72 249.99   5.30  0.19 13.56 306.10   8.54  0.17 11.71 298.28  14.64  0.13 19.13 215.13   9.31
19860609 120000  9.2 349.0  2.48 12.34 267.37  50.12  7  1.87  6.81 308.56  37.40  1.54 12.47 218.16  12.13  0.35 11.82 250.97   5.11  0.23 16.52 197.46   5.28  0.19 13.55 306.00   8.58  0.17 11.67 297.51  14.44  0.15 19.09 215.12   7.74
19860609 150000  7.9 349.1  2.30 12.00 259.66  49.01  7  1.65  6.82 306.24  37.03  1.52 12.16 218.86  14.16  0.33 15.95 196.02   4.59  0.29 11.86 249.72   5.22  0.23 13.52 304.59  10.22  0.18 17.95 216.56   6.83  0.06 25.12 218.35   7.40
19860609 180000  8.6 323.4  2.17 11.86 255.16  48.48  7  1.49  6.60 306.34  34.97  1.42 11.92 219.30  14.51  0.57 15.19 198.46   6.49  0.29 11.78 250.64   5.12  0.22 13.50 304.50  10.40  0.19 17.49 219.52   5.92  0.08 24.95 218.41   7.22
19860609 210000 10.6 338.3  2.27 11.85 265.87  51.35  7  1.67  6.14 312.44  32.03  1.36 12.03 217.62  14.29  0.57 15.16 197.44   5.84  0.29 17.16 216.31   6.28  0.27 11.68 247.64   4.58  0.22 13.42 303.23  11.94  0.10 24.68 218.88   7.61
19860610 000000 11.1   3.5  2.41 12.66 277.71  55.20  7  1.88  6.48 319.68  35.28  1.19 11.77 218.33  14.23  0.85 14.72 203.44  10.70  0.19 16.68 217.06   4.05  0.19 11.18 248.41   5.13  0.18 13.16 304.52  10.40  0.11 24.10 220.16   6.91
19860610 030000  7.0 299.1  2.32 13.03 266.69  52.67  7  1.73  6.81 312.28  33.92  1.49 13.36 212.51  15.27  0.25 16.64 218.87   4.99  0.19 12.74 302.90  10.53  0.15 10.89 297.22  11.43  0.15 11.06 245.00   0.02  0.14 23.46 219.34   7.72
19860610 060000  5.4 221.0  2.17 13.63 252.34  49.41  5  1.51 14.06 210.96  13.42  1.50  6.97 304.11  33.91  0.28 10.86 250.84   5.47  0.18 12.72 304.72   9.74  0.17 23.20 220.01   7.37
19860610 090000  5.7 199.3  2.06 14.07 240.70  45.41  5  1.55 14.11 211.63  14.38  1.31  7.13 296.08  36.73  0.20 10.95 248.01   5.06  0.19 22.81 219.76   7.73  0.18 12.69 304.82   9.48
19860610 120000  5.6 192.4  1.99 14.05 232.12  40.96  4  1.69 14.07 213.45  18.79  1.01  7.56 301.47  25.93  0.23 21.97 219.58   7.67  0.17 12.67 305.01   9.18
19860610 150000  8.1 183.9  1.95 13.88 224.70  36.92  4  1.74 13.96 211.74  19.78  0.84  7.80 298.02  23.40  0.27 21.74 220.37   7.58  0.17 12.65 304.98   9.27
19860610 180000 11.0 190.3  2.04 13.67 216.97  32.67  5  1.20  4.82 206.74  29.94  1.47 13.80 210.87  13.76  0.67  7.85 294.28  19.83  0.28 21.59 220.71   7.43  0.17 12.61 304.66  10.70
19860610 210000  9.6 186.8  2.06 13.51 213.92  30.00  5  1.41  5.42 208.28  29.96  1.36 13.63 209.47  12.48  0.53  7.82 290.34  16.19  0.32 20.74 220.13   7.82  0.18 12.57 305.16   9.31
19860611 000000  7.6 177.2  1.94 13.41 213.69  28.43  5  1.29  5.62 209.38  30.21  1.31 13.52 209.38  12.28  0.45  7.77 287.65  14.40  0.36 20.40 220.37   7.86  0.18 12.47 303.30  11.24
19860611 030000  8.2 189.4  1.81 13.33 213.71  26.85  5  1.17  5.75 210.52  29.56  1.26 13.41 209.42  12.08  0.38  7.72 286.13  13.38  0.36 20.29 220.92   7.64  0.18 12.20 302.67  11.48
19860611 060000  8.4 179.3  1.75 13.24 212.43  26.26  5  1.15  5.82 208.80  29.68  1.20 13.30 209.47  12.11  0.38 19.91 220.42   7.72  0.33  7.78 285.51  12.34  0.16 11.97 304.32  10.43
19860611 090000  5.5 165.3  1.64 13.03 213.08  25.49  5  1.05  6.01 210.17  30.10  1.16 13.13 209.90  12.16  0.41 19.20 220.28   7.72  0.29  7.75 283.84  12.03  0.16 11.89 304.00  10.49
19860611 120000  5.2 202.9  1.53 12.60 214.42  23.89  5  0.90  6.21 213.65  28.99  1.12 12.71 210.16  12.17  0.42 19.06 220.70   7.72  0.25  7.53 282.63  11.88  0.15 11.84 303.13  11.10
19860611 150000  2.8 219.4  1.41 12.38 215.55  22.68  5  1.06 12.50 210.54  12.05  0.79  6.24 216.76  27.32  0.41 18.95 220.54   7.92  0.23  7.49 281.49  11.81  0.15 11.82 302.16  11.95
19860611 180000  5.7 221.4  1.33 12.15 216.72  22.02  5  0.72  6.25 220.28  25.42  1.00 12.31 210.66  12.01  0.42 18.30 219.99   7.74  0.21  7.46 280.85  11.78  0.15 11.79 302.13  11.77
19860611 210000  4.7 223.7  1.27 17.86 217.62  22.13  5  1.11 11.87 213.95  19.08  0.46 17.86 219.72   7.52  0.32 13.64 219.54   4.99  0.20  7.49 280.51  11.95  0.16 11.76 300.41  13.01
19860612 000000  2.8 229.4  1.20 17.79 218.46  22.60  6  1.02 11.68 214.50  19.23  0.45 17.80 220.17   7.55  0.35 13.50 216.78   5.44  0.21  8.42 280.91  11.92  0.16 11.71 299.20  13.93  0.05 14.04 302.90   9.30
19860612 030000  0.2 203.1  1.10 17.71 219.24  23.41  6  0.93 11.58 214.26  18.38  0.42 17.71 219.76   7.84  0.31 13.45 217.15   4.82  0.24  8.57 279.57  12.28  0.14 11.71 305.95   8.04  0.05 13.77 298.64   9.39
19860612 060000  2.5 267.3  1.03 16.99 220.30  24.34  6  0.82 11.22 214.17  18.10  0.40 17.00 219.11   7.50  0.36 13.14 215.91   7.67  0.26  8.47 280.04  11.81  0.15 11.64 305.48   8.86  0.11 21.75 219.98   7.93
19860612 090000  2.4 280.0  0.97 16.64 221.81  25.49  7  0.73 10.97 214.09  18.39  0.44 16.64 218.44   7.32  0.33 13.32 217.23   6.14  0.25  8.38 281.34  11.71  0.14 11.46 304.96   8.72  0.13 10.49 274.84   7.01  0.05 16.29 309.69   8.91
19860612 120000  5.5  28.4  0.93 16.58 225.00  35.82  8  0.68 10.91 215.59  36.43  0.41 16.58 218.32   7.34  0.31 12.81 215.95   7.13  0.29  8.29 283.29  25.94  0.16 20.41 220.16   7.64  0.13 11.19 304.89   8.67  0.13 10.49 273.53   8.08  0.06 16.49 309.08   8.80
19860612 150000  4.9   8.2  0.89 16.51 233.55  44.63  9  0.30  2.50  10.86  35.28  0.60 10.88 218.95  22.65  0.36 16.51 218.54   7.38  0.27  8.22 280.39  12.15  0.24 12.90 216.53   8.19  0.20 20.23 219.96   7.88  0.16 10.10 272.18   6.26  0.14 11.12 302.08  10.86  0.08 16.53 307.72   8.80
19860612 180000  5.8 302.3  1.04 16.13 249.60  36.98  7  0.83  9.74 269.86  32.16  0.37 16.05 217.72   7.36  0.37 10.22 208.57  10.42  0.27 12.04 215.91   9.41  0.20 20.05 220.66   7.47  0.11 11.07 306.35   8.00  0.07 16.54 307.56   8.73
19860612 210000  6.3 348.4  1.54  9.85 258.67  30.99  7  1.43  9.70 264.96  27.76  0.40 15.47 217.23   7.39  0.29 10.25 206.48   8.26  0.24 19.11 219.60   7.36  0.13 12.66 219.91   5.00  0.13 11.03 304.78   7.92  0.09 16.52 305.25  11.03
19860613 000000  9.3 357.8  1.95  9.72 265.03  34.52  4  1.88  9.72 267.97  33.50  0.39 15.42 217.28   7.14  0.28 18.99 219.46   7.20  0.17 11.18 301.27  11.19
19860613 030000  9.8   0.9  2.18  9.68 272.04  37.77  3  2.13  9.68 274.76  36.89  0.36 15.38 217.44   7.19  0.29 18.90 219.87   7.02
19860613 060000  8.8 349.0  2.33  9.80 274.64  37.02  4  2.28  9.80 277.06  36.05  0.36 15.13 217.80   7.67  0.31 18.17 219.62   7.38  0.10 15.34 311.29   7.22
19860613 090000 11.1 342.1  2.54 10.13 278.05  36.70  5  1.25  5.09 336.33  27.96  2.14 10.13 265.58  18.66  0.42 14.44 219.98   9.11  0.33 17.81 219.52   7.48  0.11 15.41 311.89   6.60
19860613 120000 11.4 332.7  2.80 10.35 279.55  35.35  6  1.49  5.59 328.67  27.81  2.30 10.35 265.62  17.40  0.42 14.20 219.58   8.99  0.37 17.74 219.92   8.09  0.11 15.48 311.91   6.61  0.06 19.03 300.20  11.29
19860613 150000 11.2 344.9  3.08 10.72 276.61  35.30  2  3.06 10.72 277.59  34.86  0.39 17.61 219.44   7.05
19860613 180000 11.1 327.2  3.48 11.53 272.24  33.50  2  3.45 11.53 272.94  33.22  0.39 17.04 220.69   6.82
19860613 210000  9.0 296.4  3.68 11.98 267.91  29.24  2  3.65 11.98 268.56  28.91  0.42 16.71 219.50   7.49
19860614 000000  7.9 299.6  3.62 12.30 265.46  26.21  3  3.55 12.01 267.51  24.86  0.62 13.75 218.42   9.75  0.42 16.65 218.70   7.22
19860614 030000  2.5 307.1  3.43 12.85 264.43  24.52  3  3.34 12.31 266.95  22.59  0.63 13.44 217.82  11.44  0.49 16.44 218.93   7.93
19860614 060000  4.6 217.7  3.27 13.14 262.68  23.77  3  3.14 12.85 266.17  21.05  0.75 13.35 217.76  11.63  0.52 16.22 223.40  10.66
19860614 090000  2.0 149.6  3.26 12.89 257.98  24.39  3  3.10 13.23 262.33  21.34  0.84 12.56 215.24   8.93  0.57 15.56 219.02  10.73
19860614 120000  0.9 291.9  3.28 12.58 253.06  25.36  3  2.67 13.11 267.55  16.79  1.84 12.25 224.84  13.16  0.50 15.68 218.03  11.20
19860614 150000  0.9 101.8  3.14 12.26 250.16  26.35  3  2.49 12.81 266.97  16.25  1.85 11.53 222.42  13.81  0.54 15.61 213.09  11.50
19860614 180000  4.5 225.3  2.93 12.28 248.19  27.43  4  2.26 12.68 267.43  15.20  1.75 11.27 220.18  13.95  0.59 15.45 208.16   9.19  0.22 15.51 225.00   0.02
19860614 210000  4.7 205.9  2.73 12.48 245.92  28.43  4  2.06 12.56 267.23  14.38  1.57 10.99 217.86  13.94  0.84 14.95 211.64  10.67  0.15 13.44 312.40   6.81
19860615 000000  2.6 264.3  2.60 12.55 242.78  29.16  4  1.88 12.46 267.17  14.08  1.34 10.59 217.05  14.32  1.17 14.64 211.94   9.95  0.17 13.46 310.53   8.27
19860615 030000  3.5 200.2  2.54 12.72 238.94  29.29  4  1.84 14.43 214.06  11.75  1.73 12.34 266.44  14.39  0.19 13.44 308.98   9.15  0.19 16.61 299.73  10.41
19860615 060000  5.6 175.4  2.51 12.88 234.99  28.91  4  1.94 14.10 213.91  12.04  1.57 12.09 266.78  13.19  0.19 13.44 309.11   9.18  0.19 16.60 300.72  10.47
19860615 090000  4.2  82.3  2.43 12.86 232.44  28.62  4  1.94 13.90 213.51  12.71  1.44 11.86 266.21  13.33  0.19 16.59 299.19  11.96  0.18 13.43 310.00   8.65
19860615 120000  8.0 357.2  2.33 12.99 232.20  29.86  5  1.87 14.00 214.29  10.84  1.35 11.70 268.30  21.89  0.18 13.41 309.96   8.60  0.18 16.53 297.44  13.46  0.05 24.66 220.29   7.65
19860615 150000  8.0 350.9  2.28 14.08 236.51  36.36  6  1.78 14.27 214.56   9.96  1.40 11.65 279.03  31.62  0.18 13.35 309.97   8.55  0.14 16.33 300.15  11.17  0.06 24.33 220.81   8.01  0.06 20.44 314.48   8.06
19860615 180000  6.9 352.9  2.19 14.28 238.33  37.63  6  1.69 14.34 214.69   9.48  1.37 11.53 280.87  32.58  0.18 13.27 308.10  10.09  0.17 15.61 298.28  12.07  0.07 20.36 314.76   8.14  0.07 23.57 220.14   7.51
19860615 210000  7.9 359.5  2.20 14.29 241.65  39.58  6  1.66 14.30 215.53   9.84  1.43 11.32 283.93  34.35  0.20 15.53 299.28  11.17  0.18 12.81 309.42   8.98  0.08 20.33 315.19   8.09  0.07 23.37 220.31   8.19
19860616 000000  8.0 356.4  2.36 14.00 243.89  39.13  5  1.72 14.05 216.82  10.51  1.58  9.80 281.64  34.46  0.22 15.51 299.90  11.29  0.18 12.67 309.61   8.96  0.08 20.23 315.06   7.97
19860616 030000  6.6 359.6  2.56 13.69 243.29  36.07  4  2.54 13.72 242.39  35.61  0.23 15.51 300.25  11.42  0.18 12.64 308.74   9.96  0.10 19.43 314.59   7.94
19860616 060000  5.1   1.6  2.65 13.49 242.52  33.65  6  1.92 10.13 267.23  29.69  1.80 13.67 216.30   9.43  0.22 15.50 300.23  11.83  0.16 12.60 311.87   7.58  0.13 19.09 314.51   8.01  0.10 22.02 220.63   7.42
19860616 090000  7.1   1.8  2.64 13.50 243.04  33.71  6  1.93 10.77 267.12  29.37  1.76 13.69 215.92   9.31  0.19 15.49 300.64  12.34  0.18 12.54 306.72  11.08  0.14 19.03 314.80   8.17  0.10 21.85 222.00   8.28
19860616 120000  6.4  17.7  2.59 13.71 244.04  34.56  5  1.89 10.30 269.49  29.75  1.74 13.76 216.21  10.04  0.19 15.40 297.56  15.01  0.15 12.50 312.41   6.86  0.14 19.00 315.14   8.18
19860616 150000  7.5   1.8  2.54 14.06 245.55  37.16  5  1.87  9.27 272.87  32.75  1.69 13.95 215.69   9.82  0.20 14.75 295.85  14.60  0.15 12.51 309.42   8.99  0.15 18.88 314.86   8.03
19860616 180000  6.6 336.4  2.49 14.15 246.11  36.08  5  1.83  9.78 273.74  29.17  1.67 14.06 215.30   9.95  0.21 14.52 298.09  12.17  0.18 18.14 314.27   7.99  0.14 20.50 221.24   8.37
19860616 210000  6.7 329.7  2.48 14.15 246.95  35.62  6  1.83  9.53 273.61  27.21  1.63 14.00 214.51   9.36  0.24 14.49 298.61  11.82  0.21 17.85 314.05   8.13  0.16 15.31 249.96   5.86  0.14 20.42 219.73   7.33
19860617 000000  4.7 327.9  2.54 14.15 247.91  34.88  5  1.89  9.56 273.31  25.48  1.65 13.93 214.59   9.67  0.25 14.49 299.46  11.87  0.22 14.64 251.36   6.17  0.21 17.80 314.24   8.36
19860617 030000  4.5 324.0  2.60 14.09 247.72  33.33  5  1.95  9.32 271.16  23.43  1.65 13.85 214.39   9.98  0.31 13.96 250.04   5.91  0.25 14.48 299.62  12.10  0.20 17.77 314.51   8.53
19860617 060000  2.9 329.9  2.61 13.81 247.44  32.67  5  1.96  9.35 270.54  22.38  1.64 13.77 213.76   9.45  0.43 13.41 249.94   5.52  0.23 14.50 301.02  12.15  0.20 17.66 314.34   8.52
19860617 090000  3.2 264.8  2.58 13.54 246.84  32.37  5  1.91  9.58 270.64  21.50  1.64 13.68 213.68   9.60  0.50 12.97 249.79   5.47  0.23 17.04 313.73   8.37  0.21 14.49 301.80  12.95
19860617 120000  1.9 231.5  2.53 13.34 245.90  32.17  5  1.80  9.81 271.11  20.90  1.63 13.61 213.56   9.68  0.63 12.63 250.09   5.60  0.26 16.71 313.33   8.26  0.17 14.43 308.14   8.44
19860617 150000  1.3 182.1  2.47 13.28 244.54  32.08  4  1.72 10.07 271.30  20.78  1.63 13.58 213.24   9.62  0.65 12.44 250.17   5.62  0.26 16.65 313.37   8.41
19860617 180000  2.5 234.3  2.43 13.30 242.92  31.85  5  1.63 13.59 212.78   9.45  1.61 10.10 271.11  20.49  0.75 12.07 251.17   6.63  0.24 16.62 313.51   8.60  0.21 13.65 298.88  12.68
19860617 210000  0.6  98.5  2.39 13.37 241.35  31.58  5  1.63 13.67 212.28   9.27  1.57 10.09 269.42  20.73  0.70 12.01 251.99   6.73  0.22 13.59 299.42  12.61  0.22 16.57 313.37   8.57
19860618 000000  1.9 217.5  2.37 13.46 239.88  31.30  4  1.68 10.23 265.44  19.91  1.64 13.74 211.91   9.14  0.24 13.53 296.92  12.86  0.22 16.31 313.51   8.40
19860618 030000  3.2 171.1  2.35 13.49 238.69  31.02  5  1.67 13.68 212.25   9.59  1.40  9.56 270.02  19.63  0.81 11.64 252.05   6.76  0.26 13.50 294.77  14.04  0.26 15.67 312.82   8.68
19860618 060000  5.8 179.8  2.32 13.47 237.21  31.10  5  1.64 13.57 211.94   9.34  1.28  9.29 265.70  25.34  0.97 11.51 256.71  11.73  0.28 15.58 312.82   8.19  0.24 13.52 304.01  10.81
19860618 090000  4.6 157.2  2.28 13.40 236.60  30.76  4  1.61 13.46 212.01   9.31  1.58 10.96 261.04  22.33  0.28 15.55 312.71   8.37  0.20 13.51 306.83   8.66
19860618 120000  4.7 168.7  2.23 13.30 236.58  30.20  4  1.57 13.32 212.27   9.64  1.55 10.92 260.48  21.69  0.27 15.53 312.64   8.54  0.18 13.51 308.44   8.32
19860618 150000  4.9 163.9  2.17 13.02 236.29  30.11  4  1.53 13.15 212.45   9.61  1.51 10.85 259.74  22.60  0.24 15.49 313.22   8.44  0.19 13.42 307.58   8.53
19860618 180000  6.4 189.6  2.12 12.70 236.03  29.90  5  1.48 10.77 258.88  23.41  1.43 12.87 212.52  10.03  0.41 15.70 217.67   6.51  0.26 15.31 312.83   7.90  0.13 12.67 307.74   9.59
19860618 210000  6.4 173.8  2.08 12.62 235.37  30.23  4  1.45 12.76 212.95   9.88  1.45 10.56 257.23  25.34  0.26 14.71 312.68   8.32  0.15 12.68 308.05   8.93
19860619 000000  5.2 178.8  2.04 12.59 234.51  30.41  6  0.44  3.06 188.78  36.10  1.32 10.38 261.55  14.52  1.25 12.73 211.80  10.00  0.73 14.88 215.94   8.16  0.28 14.56 311.88   8.81  0.17 12.65 307.01   8.68
19860619 030000  5.8 177.8  2.01 14.38 233.38  30.10  5  1.33 10.28 257.02  24.90  1.25 12.76 211.70  10.27  0.78 14.74 215.50   8.02  0.28 14.53 312.22   8.34  0.19 12.65 304.04  10.82
19860619 060000  6.6 176.7  2.01 14.34 230.98  29.95  5  0.45  3.00 185.80  31.90  1.51 14.27 212.72   9.35  1.21 10.20 261.30  14.06  0.28 14.52 311.99   8.52  0.19 12.67 305.08  10.70
19860619 090000  6.7 179.9  2.02 14.24 228.75  29.54  5  0.50  3.19 189.59  32.77  1.55 14.17 212.67   9.12  1.14 10.13 261.58  13.21  0.26 14.51 311.80   8.65  0.21 12.71 306.13  10.60
19860619 120000  4.6 172.6  2.00 13.91 227.28  28.79  4  0.50  3.38 194.66  35.61  1.58 13.70 212.69   8.92  1.06 10.05 262.00  12.14  0.32 14.42 309.49  10.00
19860619 150000  3.1 160.8  1.95 13.40 226.69  27.67  3  1.59 13.41 212.47   9.59  1.08  9.92 255.68  24.82  0.32 14.24 309.28  10.33
19860619 180000  4.5 214.0  1.90 13.27 226.37  26.78  3  1.58 13.27 212.70   9.18  1.00  9.83 257.60  21.24  0.31 13.70 310.51   9.13
19860619 210000  6.5 219.7  1.86 13.19 226.01  26.46  3  1.54 13.12 212.99   8.81  1.00  9.81 254.49  23.76  0.31 13.58 310.36   9.53
19860620 000000  5.0 180.2  1.80 13.13 225.74  26.76  4  1.49 12.84 213.23   8.88  0.85  9.50 252.89  28.71  0.43 11.24 257.86   7.47  0.30 13.55 310.42   9.56
19860620 030000  3.6 162.2  1.70 13.04 226.01  27.03  3  1.43 12.69 213.38   8.92  0.87 10.84 256.68  24.58  0.30 13.54 310.86   9.06
19860620 060000  4.8 167.6  1.60 13.12 226.65  27.63  3  1.34 12.60 213.74   8.52  0.81 10.79 257.58  25.39  0.30 13.52 310.01   9.97
19860620 090000  3.3 177.7  1.49 12.42 227.76  28.48  4  1.24 12.53 213.05  11.34  0.73 10.73 263.84  13.22  0.30 13.48 309.89  10.19  0.23 18.20 216.28   8.11
19860620 120000  4.2 153.4  1.41 12.60 228.76  29.14  4  1.12 12.50 213.95   8.86  0.73 10.60 261.30  23.70  0.32 18.26 214.13   7.91  0.30 13.41 310.14   9.95
19860620 150000  3.0 161.3  1.37 12.80 228.38  29.46  6  0.86 12.36 213.51   9.76  0.69 10.39 262.31  25.84  0.54 14.50 215.65   7.63  0.54 17.18 213.66   7.50  0.29 13.24 309.36  10.99  0.09 13.73 261.80   5.93
19860620 180000  7.0 201.4  1.45 17.16 225.88  28.26  6  0.75 12.37 213.18   8.93  0.74 17.18 213.32   7.61  0.73 10.26 255.84  31.37  0.62 14.55 216.11   7.73  0.28 12.87 309.28  10.81  0.10 13.66 261.14   6.49
19860620 210000  8.0 188.2  1.73 17.17 224.17  27.03  4  0.55  3.12 197.50  32.79  1.41 17.17 214.76   8.95  0.80 10.11 260.59  15.19  0.26 12.72 309.96   9.94
19860621 000000  7.1 172.1  2.27 16.74 226.96  25.96  4  0.67  3.68 186.99  33.30  1.73 16.74 216.72  10.42  1.28 10.80 253.14  13.66  0.26 12.66 309.33  10.62
19860621 030000  8.3 185.0  2.84 15.95 229.66  23.89  4  0.88  3.88 210.51  42.59  2.39 15.96 224.12  15.11  1.19 12.60 254.95   8.54  0.36 12.64 296.58  15.81
19860621 060000 11.7 190.6  3.25 15.56 229.11  24.46  3  2.34 12.49 240.88  27.47  2.24 15.72 216.87   9.50  0.23 12.59 311.17   8.85
19860621 090000 11.1 183.5  3.48 15.39 227.65  26.14  3  2.32 12.61 236.50  34.04  2.58 15.41 221.18  12.93  0.22 12.56 311.08   8.98
19860621 120000 10.5 172.7  3.64 15.08 226.90  26.23  3  3.36 15.08 220.46  22.49  1.37 12.53 264.33   9.87  0.21 12.56 311.77   8.71
19860621 150000 11.2 184.9  3.68 14.26 226.21  25.68  2  3.68 14.27 226.03  25.38  0.19 12.53 311.80   8.73
19860621 180000 13.2 196.2  3.71 13.50 223.68  25.67  3  2.00  6.34 204.68  27.73  3.12 13.54 230.74  20.47  0.18 12.48 311.84   8.67
19860621 210000 13.8 199.8  3.75 12.74 222.14  25.32  3  3.60 14.25 218.60  22.97  1.04 11.92 263.75   8.30  0.17 12.25 310.19   9.41
19860622 000000  9.6 194.7  3.53 14.29 222.55  25.37  4  2.29  7.36 216.63  31.01  2.49 14.31 220.79  12.60  0.97 11.63 264.37   8.14  0.16 11.97 310.33   9.21
19860622 030000 11.0 188.4  3.19 14.20 222.42  25.33  3  3.03 14.21 217.92  22.11  0.98 11.48 264.93   9.06  0.15 11.88 311.15   8.75
19860622 060000 10.7 184.4  2.98 13.93 221.26  25.56  3  2.83 13.96 216.73  21.93  0.90 11.07 266.99   9.25  0.14 11.80 310.46   9.08
19860622 090000 10.2 192.4  2.84 13.62 221.14  24.64  5  1.51  5.89 207.22  30.98  2.24 13.64 220.44  12.25  0.86 10.86 266.45   9.66  0.17 20.88 212.52   7.31  0.14 11.77 310.36   9.09
19860622 120000 10.3 173.5  2.81 13.52 220.00  24.88  5  1.54  6.18 207.17  33.00  2.18 13.53 220.23  11.14  0.77 10.71 266.70   9.21  0.41 19.46 210.54   6.94  0.13 11.76 310.50   9.01
19860622 150000 10.6 188.8  2.85 13.49 219.25  23.30  6  1.57  6.97 209.24  32.42  1.98 13.41 219.35  10.70  0.94 18.39 215.12  10.22  0.67 10.37 264.63   9.85  0.65 15.50 230.47   5.78  0.12 11.76 310.64   8.96
19860622 180000 11.4 193.9  3.15 13.58 217.15  22.32  5  2.00  6.82 211.91  29.97  2.10 13.59 220.09  10.40  1.10 17.94 212.59   9.06  0.50 10.15 262.99   9.45  0.11 11.76 310.76   8.86
19860622 210000 11.3 193.8  3.36 16.90 217.21  21.20  3  2.22  7.60 215.58  28.76  2.50 16.90 217.46  10.33  0.36 10.36 269.32  14.07
19860623 000000  9.5 191.4  3.40 16.31 217.31  20.54  2  2.22  8.04 218.19  29.13  2.57 16.31 216.73  10.13
19860623 030000  9.0 189.0  3.28 15.94 217.38  19.50  2  2.02  8.27 219.67  28.89  2.58 15.94 216.15   9.94
19860623 060000  9.5 191.6  3.12 15.59 216.90  18.71  2  1.76  8.03 217.14  27.98  2.58 15.59 216.80  12.18
19860623 090000  7.5 176.5  3.01 15.54 216.53  18.33  1  3.01 15.54 216.53  18.33
19860623 120000  7.7 183.9  2.91 15.53 216.64  17.48  1  2.91 15.53 216.64  17.48
19860623 150000  6.2 172.0  2.85 15.43 216.70  16.59  2  2.53 15.43 215.97  10.73  1.32  7.63 219.69  29.16
19860623 180000  8.4 194.7  2.83 15.33 216.82  15.38  1  2.83 15.33 216.82  15.38
19860623 210000  9.3 193.3  2.89 15.35 216.64  15.34  1  2.89 15.35 216.64  15.34
19860624 000000  7.5 178.1  2.97 15.49 216.79  15.87  1  2.97 15.49 216.79  15.87
19860624 030000  7.8 173.8  3.05 15.54 217.31  15.64  1  3.05 15.54 217.31  15.64
19860624 060000  9.7 168.7  3.21 15.41 217.95  16.03  2  0.77  3.93 173.94  28.51  3.12 15.41 220.13  10.94
19860624 090000  9.2 170.0  3.42 15.24 219.02  16.79  2  1.07  4.61 190.75  34.41  3.25 15.24 221.47  10.43
19860624 120000 10.3 170.9  3.59 14.95 220.10  17.69  1  3.59 14.95 220.10  17.69
19860624 150000  9.1 179.0  3.64 14.82 221.77  17.49  1  3.64 14.82 221.77  17.49
19860624 180000  9.7 191.9  3.61 14.75 223.53  16.84  1  3.61 14.75 223.53  16.84
19860624 210000  9.5 190.1  3.56 14.58 224.81  17.06  1  3.56 14.58 224.81  17.06
19860625 000000 10.6 186.9  3.53 14.41 225.35  18.20  1  3.53 14.41 225.35  18.20
19860625 030000  8.9 179.5  3.46 14.27 226.06  19.00  1  3.46 14.27 226.06  19.00
19860625 060000  7.0 172.0  3.28 14.11 228.08  18.00  1  3.28 14.11 228.08  18.00
19860625 090000  4.9 172.0  3.12 13.96 229.70  16.81  1  3.12 13.96 229.70  16.81
19860625 120000  4.1 192.6  3.00 13.93 230.73  15.92  1  3.00 13.93 230.73  15.92
19860625 150000  6.3 186.0  2.93 13.96 230.92  15.98  2  2.93 13.96 230.86  15.81  0.09 16.64 313.88   8.02
19860625 180000  7.2 199.3  2.89 13.85 230.91  16.32  2  2.89 13.85 230.83  16.10  0.10 16.61 313.92   8.13
19860625 210000  6.8 197.6  2.83 13.71 231.14  16.48  2  2.83 13.71 231.06  16.25  0.11 16.60 313.04   9.01
19860626 000000  7.8 194.3  2.76 13.62 231.15  17.14  2  2.76 13.62 231.06  16.92  0.10 16.57 312.81   8.73
19860626 030000  6.4 181.6  2.65 13.54 231.44  17.77  2  2.65 13.54 231.34  17.50  0.11 16.16 313.13   8.61
19860626 060000  8.2 181.4  2.53 13.44 231.41  18.82  2  2.52 13.44 231.25  18.42  0.13 15.59 313.07   9.20
19860626 090000  5.7 173.1  2.40 13.35 231.62  19.20  2  2.39 13.35 231.38  18.65  0.15 15.54 313.66   8.74
19860626 120000  6.3 186.7  2.32 13.39 231.43  18.71  2  2.31 13.39 231.16  18.05  0.15 15.52 313.90   8.63
19860626 150000  6.9 196.2  2.34 13.75 230.18  18.39  2  2.34 13.75 229.94  17.78  0.15 15.51 313.79   8.83
19860626 180000  7.9 200.1  2.43 13.56 229.14  17.97  2  2.42 13.56 228.94  17.42  0.14 15.45 313.30   9.21
19860626 210000  8.1 201.8  2.48 13.26 229.00  17.96  2  2.47 13.26 228.79  17.37  0.15 14.99 313.33   9.36
19860627 000000  7.8 200.7  2.48 12.90 229.06  18.57  3  0.96  4.71 215.50  30.26  2.28 12.90 230.82  13.46  0.17 14.58 313.83   8.89
19860627 030000  8.7 195.3  2.44 12.64 228.50  19.83  4  0.99  4.64 212.24  30.96  2.12 12.64 232.61  13.08  0.67 15.60 213.03   6.38  0.19 14.53 313.96   8.70
19860627 060000  9.1 183.9  2.38 12.25 227.27  21.68  4  1.00  4.58 205.03  31.75  2.01 12.24 233.50  13.30  0.79 14.87 213.49   7.19  0.20 14.51 313.80   8.96
19860627 090000  5.6 159.5  2.27 12.13 227.74  21.55  3  2.05 12.12 230.03  21.53  0.94 14.46 215.10   7.12  0.19 14.49 313.97   8.64
19860627 120000  4.7 190.4  2.17 12.51 228.44  19.85  4  0.66  4.69 207.64  33.78  1.79 12.28 234.70  14.00  1.02 13.96 214.68   7.39  0.19 14.45 313.58   9.09
19860627 150000  3.9 206.3  2.13 12.67 228.39  18.67  3  1.66 11.12 235.50  17.85  1.32 13.52 216.33   8.07  0.18 14.29 313.90   8.78
19860627 180000  5.5 206.1  2.12 12.59 227.93  18.26  3  1.95 12.57 229.70  17.11  0.82 15.42 214.96   7.10  0.20 13.75 314.02   8.72
19860627 210000  5.3 197.4  2.12 12.49 227.25  18.60  3  1.90 12.47 229.51  17.23  0.91 15.11 214.44   7.66  0.21 13.62 314.22   8.34
19860628 000000  1.6 196.1  2.11 12.35 226.47  18.79  2  2.10 12.33 225.80  16.88  0.22 13.58 314.06   8.54
19860628 030000  6.0 217.2  2.14 14.34 225.20  18.58  2  2.13 14.44 224.51  16.57  0.23 13.56 313.86   8.82
19860628 060000  7.2 166.5  2.26 14.32 222.17  19.33  2  2.25 14.40 221.57  17.57  0.23 13.53 313.85   8.85
19860628 090000  6.4 161.6  2.42 14.35 219.35  19.38  3  2.30 14.42 219.75  18.39  0.74 19.37 210.41   7.31  0.22 13.48 313.73   8.99
19860628 120000  7.2 178.0  2.61 14.62 217.73  18.11  3  2.10 14.23 219.51  19.54  1.54 17.34 213.43   8.09  0.22 13.36 313.71   9.04
19860628 150000  3.5 185.5  2.74 16.96 217.59  16.49  2  2.73 16.96 217.22  15.06  0.22 13.03 313.67   9.12
19860628 180000  8.7 206.1  2.89 16.41 217.52  16.28  2  2.88 16.41 217.18  14.95  0.22 12.81 313.86   8.80
19860628 210000  7.3 197.9  2.93 16.18 218.07  17.21  2  2.92 16.18 217.73  15.99  0.22 12.73 313.90   8.70
19860629 000000  4.5 220.8  2.83 15.75 218.89  17.70  2  2.83 15.75 218.52  16.46  0.22 12.69 313.98   8.59
19860629 030000  7.5 192.2  2.71 15.47 219.27  18.16  2  2.70 15.47 218.88  16.86  0.22 12.65 313.77   8.84
19860629 060000  7.4 171.7  2.60 15.34 218.54  19.46  2  2.59 15.34 218.13  18.22  0.21 12.60 313.88   8.73
19860629 090000  6.2 178.5  2.50 15.20 218.48  18.98  2  2.49 15.20 218.07  17.68  0.21 12.55 314.06   8.54
19860629 120000  5.1 173.5  2.51 15.03 218.11  17.93  2  2.50 15.03 217.73  16.61  0.20 12.49 314.25   8.38
19860629 150000  5.5 190.6  2.62 14.96 218.22  16.06  2  2.61 14.96 217.89  14.76  0.20 12.41 314.39   8.28
19860629 180000  7.8 193.8  2.83 14.99 218.12  15.22  2  2.83 14.99 217.86  14.13  0.19 12.30 314.56   8.07
19860629 210000  8.1 185.6  3.02 15.06 218.23  15.39  2  3.01 15.06 218.02  14.56  0.18 12.08 314.62   8.03
19860630 000000  7.3 189.0  3.10 15.17 218.50  15.43  3  1.33  7.15 215.93  28.56  2.79 15.17 218.80   8.97  0.17 11.94 314.61   8.04
19860630 030000  7.2 165.6  3.07 15.15 218.61  15.82  3  1.26  6.94 212.89  30.37  2.80 15.15 219.44   9.19  0.16 11.85 314.76   7.95
19860630 060000  8.4 168.6  3.02 15.17 218.55  15.82  2  3.02 15.17 218.40  15.25  0.15 11.80 314.91   7.92
19860630 090000  8.3 156.6  3.05 15.32 217.76  16.96  2  3.05 15.32 217.63  16.49  0.14 11.77 315.10   7.90
19860630 120000  6.0 154.0  3.08 15.30 218.55  15.86  2  3.07 15.30 218.43  15.40  0.14 11.75 315.27   7.98
19860630 150000  8.1 168.0  3.14 14.99 219.15  15.57  3  0.83  5.34 190.30  34.87  3.02 15.00 220.78  10.06  0.13 11.73 315.52   7.94
19860630 180000  9.7 187.1  3.21 14.59 219.48  15.75  2  0.94  4.22 192.26  30.44  3.07 14.59 221.65  10.97
19860630 210000 10.8 188.4  3.28 14.38 219.70  16.87  2  1.23  4.80 201.46  30.33  3.04 14.38 222.28  11.28
19860701 000000 11.7 177.1  3.27 14.15 218.82  20.04  2  1.43  5.25 198.13  32.77  2.93 14.15 222.95  11.83
