Date     Time   Uabs UDir  hs    tp    th     sp     np hs(i) tp(i) th(i)  sp(i)
19911201 000000 12.9 203.1  2.76  7.41 227.96  32.44  3  2.65  7.41 222.98  25.73  0.63 14.68 313.62   8.72  0.41 19.04 300.33  10.37
19911201 030000  9.9 191.8  2.81  7.59 225.02  32.59  4  2.46  7.59 217.91  28.11  1.14 12.65 231.19   9.34  0.61 14.76 313.50   8.76  0.40 19.01 301.02  10.15
19911201 060000  9.1 191.6  2.60  7.69 227.54  32.78  5  2.22  7.69 219.64  28.07  0.84 12.84 229.95   9.63  0.79 10.91 231.61   8.96  0.58 15.04 313.67   8.76  0.45 18.85 301.41   9.60
19911201 090000  7.8 179.6  2.40 13.02 230.37  33.60  4  1.80  7.44 217.07  29.00  1.39 12.54 232.98  10.93  0.58 15.16 313.55   8.74  0.50 18.10 300.86   9.71
19911201 120000  9.5 201.7  2.28 17.79 232.44  33.59  3  2.14 12.57 224.31  23.52  0.57 15.18 313.65   8.73  0.55 17.86 300.36  10.09
19911201 150000  8.4 207.9  2.27 17.76 233.25  32.50  4  1.91 10.82 224.31  24.27  0.96 12.87 229.17   9.88  0.56 15.14 313.77   8.73  0.55 17.80 300.43  10.28
19911201 180000  8.5 224.5  2.29 17.75 234.54  30.80  4  1.94 10.80 226.92  22.90  0.96 12.87 229.26   9.82  0.54 14.93 313.81   8.82  0.53 17.78 300.77  10.39
19911201 210000  7.6 216.0  2.28 17.73 235.10  30.04  5  1.94 10.75 228.15  22.54  0.88 12.73 230.09   9.49  0.53 14.49 313.91   8.81  0.51 17.76 301.32  10.12  0.39 15.57 227.16  11.34
19911202 000000  7.8 194.3  2.26 12.71 234.49  30.62  4  1.90 10.71 226.89  23.29  0.98 12.56 230.43  10.04  0.54 17.65 301.56   9.78  0.50 14.32 314.40   8.85
19911202 030000  7.3 204.3  2.25 12.62 234.13  31.24  3  2.12 12.51 226.80  21.48  0.56 17.01 300.92   9.99  0.50 14.32 314.11   9.00
19911202 060000  8.1 197.3  2.23 16.64 234.60  31.81  4  2.06 12.43 226.62  21.92  0.60 16.69 300.37  10.43  0.49 14.29 314.16   9.16  0.36 15.03 227.40   8.94
19911202 090000  5.4 194.1  2.19 16.60 235.65  31.93  5  1.53  7.17 223.28  26.75  1.29 12.29 232.21  10.23  0.61 16.63 300.51  10.33  0.48 14.25 314.07   9.48  0.42 14.60 230.43   8.89
19911202 120000  8.5 218.2  2.15 16.59 237.02  31.06  4  1.50  7.10 225.97  25.85  1.34 11.93 232.17  10.31  0.60 16.62 300.77  10.37  0.47 14.19 314.17   9.34
19911202 150000  8.5 222.6  2.18 16.57 237.11  30.29  4  1.57  6.98 227.92  25.59  1.31 11.79 232.32  10.47  0.58 16.60 301.11  10.41  0.45 14.07 314.17   9.51
19911202 180000 10.2 225.8  2.23 16.50 236.94  29.76  4  2.12 11.71 230.47  21.42  0.58 16.55 301.33  10.11  0.42 13.61 315.01   9.40  0.05 20.68 300.98  10.64
19911202 210000  7.4 208.1  2.22 16.12 236.10  30.54  6  1.63  6.68 228.41  27.27  1.26 11.67 233.32  10.82  0.62 16.36 303.60  11.63  0.43 15.57 212.68   7.39  0.35 13.32 312.18   9.76  0.06 20.41 301.15  11.02
19911203 000000  6.1 196.9  2.14 15.47 235.12  31.34  6  1.45  6.64 226.79  28.78  1.23 11.68 234.06  11.22  0.70 14.86 213.96   8.02  0.58 15.76 300.60  10.27  0.41 13.51 314.17   9.66  0.07 20.36 301.42  11.05
19911203 030000  7.1 203.2  2.08 15.31 233.89  31.75  6  1.27  6.54 224.71  29.56  1.17 11.69 235.17  11.77  0.91 14.22 214.38   9.08  0.58 15.60 300.47  10.48  0.40 13.44 314.10   9.78  0.08 20.34 301.12  11.41
19911203 060000  6.8 197.0  2.02 15.28 232.98  31.99  5  1.09  6.27 223.59  31.01  1.54 13.66 225.59  15.08  0.58 15.55 300.51  10.79  0.39 13.38 314.10   9.77  0.08 20.32 300.90  11.63
19911203 090000  6.0 198.7  1.95 15.30 232.64  31.92  5  1.82 13.31 224.27  20.89  0.58 15.52 300.82  10.98  0.38 13.31 314.19  10.03  0.09 13.13 266.10   3.13  0.08 20.18 300.81  11.54
19911203 120000  7.2 196.2  1.93 12.96 232.19  31.94  5  1.79 12.93 223.45  20.47  0.56 15.50 300.77  10.18  0.38 13.27 314.24   9.71  0.19 12.39 266.50   3.63  0.10 19.36 301.87  10.36
19911203 150000  7.1 210.5  1.93 12.75 232.79  31.89  5  0.79  5.25 220.92  32.10  1.58 12.81 223.58  15.84  0.67 15.43 304.79  11.78  0.36 11.80 265.11   5.67  0.13 19.08 302.18  10.51
19911203 180000  8.7 225.1  2.00 12.67 233.86  31.17  6  0.90  4.26 224.59  29.53  1.54 12.85 221.72  14.40  0.62 11.24 263.34   6.99  0.59 15.29 302.52  10.65  0.26 12.48 315.89  10.66  0.15 19.03 302.34  10.72
19911203 210000  7.0 213.4  2.01 14.29 235.19  31.06  6  0.89  4.59 227.40  30.49  1.44 13.14 218.19  10.65  0.87 11.02 260.57  10.53  0.56 14.84 302.94  11.24  0.27 12.49 312.74  10.47  0.15 19.01 301.99  11.15
19911204 000000  9.5 202.8  2.03 14.27 233.79  31.38  6  0.90  4.37 218.93  31.46  1.46 13.35 218.72  11.32  0.90 10.55 262.59  10.37  0.50 14.61 300.83  10.61  0.30 12.62 314.89  10.17  0.15 19.00 301.67  11.52
19911204 030000  6.1 182.8  2.01 14.20 233.84  31.73  6  0.88  4.53 218.11  33.97  1.45 13.38 218.85  11.61  0.91 10.33 263.34  11.09  0.48 14.53 300.91  10.46  0.28 12.56 316.04   9.20  0.15 18.91 301.46  11.21
19911204 060000  8.0 195.3  1.97 14.08 234.75  31.84  4  1.23 10.18 245.98  32.18  1.43 13.27 218.89  12.02  0.55 14.48 304.67  11.99  0.17 18.37 301.50  10.80
19911204 090000  5.9 183.1  1.94 13.02 235.96  32.08  4  1.43 12.98 219.27  12.21  1.18 10.01 249.09  31.87  0.54 14.45 304.35  11.84  0.21 17.85 302.72  10.99
19911204 120000  6.6 192.5  1.90 12.84 237.27  32.19  4  1.40 12.76 219.18  12.39  1.14  9.94 251.76  30.26  0.54 14.40 303.81  12.30  0.24 17.78 302.52  11.20
19911204 150000  6.6 201.1  1.87 12.74 237.44  32.29  5  1.37 12.64 220.06  13.28  1.13  9.62 250.66  31.35  0.52 14.35 303.90  12.23  0.25 17.77 302.10  11.39  0.11 18.89 233.02   8.17
19911204 180000  7.8 227.0  1.84 12.59 238.52  31.33  5  1.15  9.52 251.27  28.95  1.32 12.49 220.56  13.64  0.49 14.23 304.08  12.32  0.24 17.76 301.65  11.66  0.14 18.09 233.22   8.59
19911204 210000  8.9 203.1  1.85 12.37 237.12  31.63  6  0.80  3.97 213.73  29.16  1.26 12.31 221.81  14.83  0.95  9.40 264.37  14.64  0.45 13.82 304.51  12.60  0.23 17.73 301.32  11.72  0.18 17.93 233.44   8.36
19911205 000000  9.4 204.7  1.83 12.15 235.37  32.41  6  0.88  4.14 209.70  29.36  1.20 12.13 222.11  14.66  0.91  9.24 264.64  14.31  0.42 13.60 304.83  12.94  0.24 17.58 301.55  11.10  0.23 17.62 233.40   8.54
19911205 030000  6.4 197.3  1.76 11.96 236.70  32.51  5  1.21  9.08 241.31  34.58  1.15 11.92 222.94  15.00  0.40 13.52 304.84  12.44  0.30 16.85 233.65   8.37  0.28 16.85 302.78  11.29
19911205 060000  9.0 201.0  1.75 11.78 236.83  32.78  5  1.18  8.81 238.04  35.53  1.14 11.74 225.40  16.32  0.40 13.49 304.75  12.53  0.36 16.72 234.10   8.30  0.31 16.66 301.88  10.72
19911205 090000  5.8 189.7  1.78 11.61 237.08  32.33  7  0.90  4.79 213.34  31.51  0.98 11.81 219.91  11.30  0.76  7.89 265.61  14.54  0.58 11.05 247.36   8.61  0.45 16.50 234.40   8.69  0.40 13.47 304.54  12.34  0.33 16.62 301.59  10.89
19911205 120000  6.4 178.6  1.82 11.34 237.13  30.84  5  1.39 10.88 238.12  29.58  0.89 11.75 218.29  10.29  0.54 15.78 234.44   8.48  0.39 13.46 304.19  12.35  0.33 16.60 301.37  11.42
19911205 150000  9.2 215.5  1.96 11.13 234.58  28.83  5  1.62 11.07 233.53  26.62  0.74 11.71 214.51   7.95  0.64 15.62 235.23   8.54  0.38 13.44 304.23  12.71  0.32 16.60 301.13  11.59
19911205 180000 13.0 215.5  2.47 11.01 229.46  27.21  4  2.31 11.00 226.37  25.16  0.75 15.46 235.03   8.83  0.35 13.39 304.94  12.78  0.31 16.57 300.95  11.96
19911205 210000 11.6 208.3  2.81 10.90 228.39  26.89  4  2.64 10.89 225.85  25.69  0.85 14.99 235.93   8.47  0.32 16.46 303.15  11.89  0.31 13.05 303.98  13.53
19911206 000000  6.8 186.7  2.76 14.69 228.55  26.88  5  2.16  7.38 223.22  29.34  1.30 10.80 230.62  13.60  1.05 14.63 235.74   8.89  0.33 15.89 303.09  11.59  0.28 12.72 304.51  13.49
19911206 030000  7.8 201.3  2.61 14.57 230.38  25.54  5  1.78  7.49 222.93  29.81  1.43 10.72 231.74  13.98  1.20 14.46 235.31   9.23  0.36 15.59 302.51  11.26  0.26 12.63 304.90  13.67
19911206 060000 11.4 193.0  2.63 14.29 229.15  25.76  4  2.16 10.70 223.76  26.23  1.43 14.19 234.87  10.02  0.37 15.53 302.08  11.09  0.26 12.61 304.37  13.87
19911206 090000  7.9 185.5  2.68 13.81 228.82  25.61  4  1.75  6.98 217.43  30.18  1.98 13.83 233.77  11.53  0.37 15.52 301.52  11.32  0.26 12.62 304.92  13.52
19911206 120000  9.9 185.6  2.65 13.64 229.34  25.13  3  2.62 13.68 227.71  22.69  0.35 15.51 301.25  11.60  0.26 12.64 305.13  13.65
19911206 150000  9.3 207.8  2.67 13.53 229.00  24.34  4  2.63 13.56 227.52  21.99  0.33 15.50 301.30  11.67  0.25 12.66 305.51  13.74  0.06 19.15 309.75   9.03
19911206 180000 12.5 218.6  2.93 13.46 227.82  23.08  3  2.90 13.47 226.70  21.12  0.39 15.46 303.10  12.77  0.08 19.06 307.61  10.98
19911206 210000 10.3 211.3  3.14 13.38 227.48  23.13  4  2.26  7.38 222.60  26.86  2.14 13.37 230.61  12.15  0.38 15.29 303.79  12.31  0.09 19.05 308.15  11.09
19911207 000000  4.3 202.3  3.14 13.31 227.14  22.87  4  2.25 13.28 229.23  12.42  2.15  7.83 222.72  27.57  0.37 14.73 303.42  12.43  0.08 19.06 310.38   9.78
19911207 030000  6.4 196.9  3.04 13.24 227.57  21.86  3  3.01 13.21 226.63  20.09  0.38 14.57 302.78  12.81  0.08 19.00 310.09  10.29
19911207 060000  6.9 204.2  2.93 13.14 228.04  21.11  3  2.91 13.13 227.04  19.14  0.37 14.53 303.33  12.34  0.10 18.52 310.35   9.39
19911207 090000  5.5 196.8  2.86 12.89 228.46  20.65  4  2.84 12.89 227.41  18.49  0.33 14.50 302.52  11.71  0.16 12.01 309.09  12.72  0.12 17.94 309.19  10.30
19911207 120000  4.1 218.6  2.79 12.75 228.69  20.32  3  2.76 12.76 227.61  18.02  0.36 14.49 303.78  12.60  0.14 17.86 309.29  10.62
19911207 150000  6.9 218.9  2.68 12.68 228.86  19.95  3  2.66 12.68 227.77  17.56  0.34 14.48 304.26  12.56  0.14 17.84 309.36  10.98
19911207 180000  6.6 225.6  2.58 12.63 228.64  19.98  3  2.56 12.62 227.56  17.61  0.33 14.45 304.44  12.69  0.13 17.83 309.79  11.21
19911207 210000  8.3 209.5  2.48 12.57 228.09  20.32  3  2.46 12.55 226.97  17.86  0.31 14.37 304.71  12.57  0.14 17.74 310.48  10.86
19911208 000000  5.5 205.8  2.41 12.52 226.97  21.36  3  2.38 12.50 225.73  18.69  0.31 14.14 304.92  12.35  0.17 17.39 311.39  10.27
19911208 030000  6.3 201.0  2.30 12.46 226.85  21.58  3  2.27 12.44 225.37  18.35  0.31 13.74 304.89  12.69  0.19 16.82 311.02  10.63
19911208 060000  7.6 197.9  2.21 12.33 226.13  21.95  3  2.18 12.32 224.50  18.39  0.30 13.64 305.13  12.81  0.20 16.72 310.53  11.16
19911208 090000  6.2 185.9  2.10 12.12 225.40  22.55  3  2.07 12.12 223.71  18.92  0.29 13.59 305.73  12.64  0.20 16.68 309.69  12.06
19911208 120000  6.0 198.3  1.97 12.06 225.68  22.35  3  1.94 12.06 223.88  18.39  0.28 13.57 305.98  12.77  0.19 16.64 309.98  12.08
19911208 150000  6.3 215.0  1.90 12.10 225.73  22.41  3  1.87 12.09 223.74  17.89  0.27 13.54 306.30  12.93  0.21 16.50 310.86  12.16
19911208 180000  8.5 220.1  1.96 12.16 225.66  22.59  3  1.93 12.13 223.59  17.82  0.27 13.50 306.65  12.68  0.25 16.01 312.01  11.71
19911208 210000  8.7 210.0  2.15 12.15 225.28  22.99  3  2.11 12.09 223.38  18.71  0.27 13.46 307.28  12.61  0.27 15.73 311.92  11.36
19911209 000000  5.9 214.2  2.17 12.19 225.59  23.03  3  2.13 12.04 223.69  18.80  0.27 13.40 307.84  12.51  0.27 15.64 311.29  11.74
19911209 030000  5.6 189.1  2.11 12.29 226.34  23.07  4  2.05 12.23 223.72  18.58  0.33 11.12 248.35   5.64  0.28 13.36 309.55  12.60  0.25 15.61 309.21  12.40
19911209 060000  7.4 189.9  2.06 12.29 226.04  23.93  3  2.00 12.22 223.39  19.55  0.38 15.41 309.29  13.07  0.31 11.11 247.83   5.05
19911209 090000  8.0 183.6  2.03 12.22 224.74  25.54  4  1.96 12.12 221.63  21.16  0.37 11.02 250.65   5.40  0.31 15.13 312.13  12.89  0.21 12.70 304.45  12.64
19911209 120000 10.0 199.5  2.05 11.92 223.34  26.56  4  1.97 11.97 220.03  22.24  0.40 10.72 248.85   5.12  0.30 14.84 310.69  12.91  0.23 12.70 309.30  13.90
19911209 150000  9.7 210.3  2.08 11.78 223.22  27.07  4  2.02 11.76 220.55  22.93  0.32 14.69 311.45  12.74  0.27 10.42 248.41   4.79  0.22 12.62 308.13  14.64
19911209 180000  9.5 217.7  2.06 11.70 224.48  27.35  3  2.01 11.67 221.66  23.13  0.39 14.54 310.76  13.38  0.28 10.40 247.63   4.44
19911209 210000  7.4 219.1  1.92 11.62 226.13  27.97  4  1.86 11.62 222.85  23.23  0.39 14.39 311.06  12.98  0.27 10.37 249.41   5.34  0.05 23.32 301.39   9.96
19911210 000000  5.4 209.3  1.74 11.50 227.24  28.33  5  1.68 11.50 223.31  22.67  0.36 14.17 314.10  10.84  0.26 10.37 249.41   5.32  0.17 16.61 294.57  12.96  0.06 23.26 301.24   9.96
19911210 030000  4.6 212.5  1.64 11.14 228.43  28.04  6  1.55 11.21 223.54  21.56  0.34 13.85 314.67  10.11  0.28 10.32 250.60   5.36  0.20 14.62 242.55   7.03  0.19 16.48 295.18  13.42  0.07 22.94 300.60   9.95
19911210 060000  3.9 197.1  1.65 10.99 229.05  26.97  5  1.57 10.96 224.74  20.27  0.34 13.56 314.95   9.88  0.29 14.21 242.28   8.16  0.18 16.40 295.71  12.19  0.09 22.03 300.29  10.13
19911210 090000  4.3 201.9  1.75 10.90 229.07  25.54  3  1.70 10.87 225.65  18.76  0.40 13.36 310.82  13.25  0.11 21.86 300.35  10.37
19911210 120000  2.0 250.4  1.86 10.83 229.28  24.36  3  1.81 10.81 226.21  17.86  0.40 13.10 311.42  12.86  0.11 21.81 300.58  10.57
19911210 150000  4.7 242.2  1.95 10.80 229.67  23.56  3  1.90 10.77 226.86  17.46  0.40 13.03 311.13  13.61  0.12 21.74 300.39  10.48
19911210 180000  7.3 240.0  2.04 10.82 230.30  23.18  4  2.00 10.78 227.83  17.97  0.32 12.95 317.09   7.95  0.22 15.56 298.45  13.42  0.14 21.43 300.55   9.85
19911210 210000  6.3 225.0  2.13 10.91 230.97  23.07  5  2.09 10.86 228.77  18.64  0.31 12.87 317.38   7.56  0.21 15.54 297.29  12.16  0.17 20.64 300.21  10.10  0.05 26.45 288.96  11.09
19911211 000000  4.2 182.9  2.18 11.05 231.36  23.00  5  2.14 10.98 229.31  19.01  0.29 12.72 317.26   7.80  0.20 15.51 296.63  12.04  0.18 20.47 300.48  10.31  0.06 26.15 288.82  11.29
19911211 030000  5.6 186.4  2.18 11.23 231.75  22.88  5  2.14 11.11 229.76  19.03  0.28 12.55 317.36   7.47  0.20 15.47 296.50  12.63  0.18 20.41 301.01  10.59  0.07 25.25 289.63  11.18
19911211 060000  8.7 189.0  2.22 11.37 230.49  23.58  5  2.18 11.23 228.53  19.93  0.27 12.42 317.59   7.49  0.21 15.29 297.75  12.90  0.19 20.35 301.35  10.31  0.09 24.97 290.85  10.71
19911211 090000  9.8 180.5  2.34 11.38 227.32  26.18  4  2.30 11.26 225.36  22.97  0.34 14.76 310.54  13.55  0.21 20.13 300.84   9.96  0.12 24.89 291.33  10.87
19911211 120000 11.5 183.2  2.44 11.29 224.32  28.07  5  1.16  4.60 192.96  30.96  2.10 11.23 230.09  15.76  0.33 14.47 311.10  13.00  0.24 19.44 300.22  10.21  0.14 24.82 291.18  10.95
19911211 150000 11.2 198.9  2.54 11.11 223.43  26.99  6  2.50 11.08 221.62  24.07  0.25 19.20 300.31  10.43  0.24 12.29 318.43   7.31  0.21 14.64 299.52  13.22  0.14 24.58 290.66  11.23  0.05 17.90 231.34  13.22
19911211 180000 14.2 211.7  2.90 10.91 223.06  25.92  5  2.86 10.89 221.71  23.66  0.25 19.11 301.03  10.54  0.23 12.15 318.70   7.53  0.20 14.62 299.17  13.20  0.16 23.58 291.04  11.06
19911211 210000 14.7 208.2  3.31 10.45 221.25  26.62  6  3.28 10.44 220.17  24.88  0.26 19.06 301.95  10.28  0.22 12.03 319.01   7.81  0.20 23.34 291.83  10.52  0.19 14.60 298.67  13.09  0.07 19.80 211.27   6.67
19911212 000000 10.5 193.8  3.03 10.19 220.68  27.87  7  2.99 10.18 219.23  25.72  0.27 18.98 301.94   9.94  0.24 23.29 292.37  10.47  0.20 11.93 319.59   8.19  0.20 14.53 298.79  13.44  0.11 19.10 212.74   7.37  0.07 16.85 239.69   5.72
19911212 030000 11.3 195.3  2.87 10.03 219.24  28.04  6  2.82 10.02 217.51  25.42  0.30 18.73 301.19   9.94  0.25 23.23 292.03  10.88  0.19 11.85 319.87   8.36  0.19 14.50 298.14  13.30  0.17 18.35 218.36  13.05
19911212 060000  6.7 183.2  2.75  9.54 219.44  27.93  6  2.70  9.53 217.50  25.01  0.33 18.13 300.51  10.38  0.24 23.05 291.58  11.64  0.21 17.71 216.73  11.99  0.19 14.41 295.78  15.07  0.19 11.72 320.67   8.10
19911212 090000  4.4 180.2  2.52  9.43 221.09  27.43  6  2.46  9.42 218.74  23.83  0.33 17.93 300.74  10.46  0.26 17.33 216.67  11.58  0.25 22.06 291.35  11.43  0.19 14.32 297.52  14.75  0.18 11.64 320.67   8.26
19911212 120000  6.3 197.3  2.31  9.30 223.00  27.36  6  2.22  9.29 219.90  22.58  0.34 17.85 301.41  10.50  0.32 16.60 216.00  10.89  0.30 21.83 291.99  10.77  0.19 14.16 296.59  15.55  0.17 11.51 320.91   8.41
19911212 150000  8.3 214.2  2.18  9.10 224.30  27.75  7  2.06  9.09 220.47  21.96  0.39 16.33 216.01  10.58  0.35 17.81 302.09  10.27  0.34 21.78 292.84  10.64  0.19 14.04 297.00  15.44  0.17 11.35 321.21   8.56  0.16 12.75 219.40   4.96
19911212 180000 12.1 225.8  2.39  8.89 224.50  27.11  6  2.28  8.88 221.37  22.29  0.45 15.64 215.86  10.04  0.37 17.76 302.16  10.01  0.34 21.75 293.12  11.12  0.19 13.93 296.80  15.72  0.16 11.22 321.46   8.72
19911212 210000  9.3 206.0  2.43  8.40 223.80  28.00  7  2.30  8.40 220.87  23.95  0.51 15.38 215.81   9.82  0.38 17.63 301.82  10.01  0.31 21.65 292.92  12.21  0.21 12.66 224.15   7.51  0.19 13.83 298.57  16.30  0.14 11.12 321.94   9.29
19911213 000000  7.0 202.9  2.30  8.24 222.91  28.85  6  2.15  8.24 219.53  24.53  0.60 14.90 216.97   9.75  0.40 17.28 301.37  10.16  0.31 20.82 291.68  12.35  0.18 13.78 298.67  15.77  0.13 11.05 322.04   9.33
19911213 030000  8.6 189.1  2.20  8.08 221.39  30.08  6  2.02  8.08 216.94  24.93  0.65 14.52 217.11   9.66  0.41 16.84 301.18  10.39  0.35 20.42 291.82  11.46  0.17 13.71 298.54  15.43  0.13 10.92 322.79   8.83
19911213 060000  7.2 193.8  2.11  7.92 222.06  30.97  5  1.89  7.92 216.29  24.59  0.69 14.32 217.57   9.74  0.41 20.36 293.05  10.91  0.41 16.72 301.48  10.45  0.20 13.61 307.27  18.03
19911213 090000  5.9 189.3  2.02 20.34 223.60  31.28  5  1.78  7.89 216.93  23.94  0.73 13.78 218.34   9.87  0.44 20.34 294.54  11.26  0.42 16.67 301.75  10.38  0.19 13.55 307.97  17.53
19911213 120000  6.0 202.7  1.94 13.52 225.19  30.70  5  1.68  7.89 218.55  22.98  0.75 13.53 218.70   9.65  0.43 16.63 301.87  10.28  0.41 20.32 295.92  12.22  0.19 13.48 307.63  17.96
19911213 150000  6.0 231.7  1.85 13.39 226.48  29.85  5  1.59  7.86 220.26  22.23  0.76 13.38 219.35   9.90  0.43 16.58 301.99  10.23  0.36 20.20 295.32  13.36  0.18 13.46 308.12  17.49
19911213 180000  6.2 236.7  1.80 13.18 228.40  29.94  5  1.52  7.75 222.17  22.44  0.77 13.14 219.56  10.13  0.43 16.48 301.96  10.30  0.37 19.25 293.44  13.14  0.18 13.42 309.47  16.09
19911213 210000  5.0 260.1  1.82 19.04 229.74  31.03  5  1.49  7.46 222.63  23.16  0.83 12.84 219.00  10.10  0.45 19.05 293.57  12.01  0.43 16.24 301.72  10.32  0.17 13.41 309.08  16.37
19911214 000000  5.8 200.0  1.91 19.01 228.87  31.89  6  1.47  7.23 221.13  23.60  0.98 12.82 217.51   9.88  0.53 19.02 295.50  11.58  0.43 15.81 301.55  10.46  0.14 13.37 299.67  15.67  0.10  9.97 323.56   8.99
19911214 030000  7.5 177.7  2.03 19.01 224.89  31.86  7  1.46  7.09 216.92  25.03  1.22 12.76 216.48  10.00  0.55 19.01 297.54  11.90  0.43 15.66 301.28  10.52  0.13 13.35 302.01  14.27  0.07  9.69 328.64   7.25  0.05 10.98 317.63   6.33
19911214 060000  6.8 180.0  2.11 12.65 222.55  29.81  4  2.00 12.64 215.93  18.76  0.49 19.01 299.30  12.37  0.44 15.59 301.23  10.94  0.15 13.25 309.45  16.16
19911214 090000  6.9 186.5  2.18 12.50 221.28  27.39  3  2.09 12.50 216.15  17.54  0.46 15.55 302.41  11.64  0.42 18.96 300.13  13.47
19911214 120000  5.1 194.2  2.22 12.35 221.95  26.36  5  2.13 12.34 217.09  16.78  0.43 15.51 301.38  10.79  0.34 17.82 289.69  10.31  0.27 19.03 312.51   6.34  0.12 12.69 312.45  14.19
19911214 150000  7.0 225.6  2.25 12.15 224.25  27.05  4  2.14 12.14 218.41  16.20  0.54 17.80 298.14  13.51  0.41 15.44 301.21  10.71  0.12 12.63 312.19  15.18
19911214 180000  8.4 227.0  2.33 11.98 226.38  28.22  4  2.20 11.97 219.75  17.04  0.63 17.78 298.58  12.67  0.40 15.38 301.64  10.61  0.12 12.62 311.28  15.14
19911214 210000  7.5 223.0  2.33 11.90 226.82  28.91  4  2.20 11.88 220.11  18.17  0.64 17.77 299.47  12.44  0.38 15.25 301.71  10.49  0.12 12.62 310.95  14.42
19911215 000000  7.2 217.3  2.27 11.85 225.94  28.82  4  2.16 11.83 219.79  18.75  0.58 17.78 300.76  12.38  0.39 14.93 302.87  10.98  0.12 12.60 308.09  16.12
19911215 030000  4.7 192.0  2.19 11.81 225.08  28.68  4  2.09 11.79 219.46  19.04  0.52 17.73 303.64  12.46  0.37 14.69 302.69  11.45  0.11 12.60 307.37  15.91
19911215 060000  4.5 214.1  2.09 11.75 225.64  29.28  3  1.99 11.74 219.46  18.77  0.54 16.99 305.31  13.04  0.37 14.55 300.70  11.53
19911215 090000  4.4 179.3  2.01 11.66 227.74  31.06  3  1.88 11.65 219.60  18.42  0.60 16.66 303.48  13.57  0.38 14.51 300.99  11.67
19911215 120000  4.0 185.3  1.92 16.62 230.20  32.66  5  1.76 11.54 219.85  18.03  0.64 16.63 300.63  13.38  0.38 14.49 301.35  11.80  0.17 19.15 316.13   3.22  0.05 19.02 204.29   7.17
19911215 150000  5.9 214.2  1.84 16.62 231.57  33.31  5  1.67 11.33 220.15  17.70  0.65 16.62 300.35  13.48  0.37 14.46 301.32  11.44  0.15 19.09 315.85   2.80  0.10 18.10 203.06   5.77
19911215 180000 11.2 225.1  1.98 16.62 230.43  32.27  4  1.82 11.14 221.45  19.91  0.62 16.65 301.53  13.57  0.40 14.54 303.24  11.46  0.18 17.38 203.32   5.10
19911215 210000 10.0 212.4  2.13 16.58 227.28  32.00  4  1.99 11.01 220.59  22.18  0.70 16.59 303.84  12.64  0.30 16.47 203.53   4.99  0.07 11.85 311.42  14.44
19911216 000000 10.1 192.4  2.18 10.91 223.03  33.15  5  1.72  6.35 216.05  27.39  1.06 10.91 220.36  12.67  0.67 16.39 305.57  12.05  0.46 15.82 204.16   5.35  0.07 11.84 309.09  14.92
19911216 030000  7.1 188.5  2.13 15.59 222.55  33.36  6  1.61  6.56 215.49  27.72  1.02 10.80 220.93  12.55  0.65 15.30 205.21   5.87  0.61 15.70 303.65  12.18  0.24 17.86 318.11   4.63  0.14 13.52 305.84   7.40
19911216 060000  7.4 194.5  2.06 15.45 223.09  32.99  6  1.47  6.72 216.74  26.96  1.01 10.58 219.72  12.57  0.78 14.99 206.19   6.07  0.58 15.63 303.48  13.06  0.29 13.70 303.84  12.27  0.20 17.87 315.98   2.98
19911216 090000  7.3 186.2  2.05 15.36 222.48  32.80  5  1.36  6.80 216.14  26.96  1.03 14.45 208.50   7.47  0.90 10.27 220.28  13.45  0.62 15.61 303.69  13.87  0.31 13.71 302.06  13.13
19911216 120000  9.6 185.6  2.12 15.22 219.90  32.34  5  1.36  6.84 212.26  27.74  1.16 14.23 208.49   7.53  0.90 10.14 221.26  12.88  0.69 15.58 303.12  13.74  0.05 21.74 315.79   7.83
19911216 150000 10.9 202.2  2.37 14.60 217.54  30.14  3  2.27 14.00 212.18  20.27  0.68 15.58 303.37  13.78  0.05 21.74 317.04   7.33
19911216 180000 12.4 214.4  2.86 13.87 217.28  27.42  2  2.78 13.64 213.94  20.80  0.66 15.59 304.71  13.11
19911216 210000 12.9 206.4  3.19  7.53 216.59  26.88  2  3.13  7.53 214.10  21.88  0.64 15.59 305.79  12.66
19911217 000000  8.8 198.6  3.15 13.90 215.48  27.12  4  2.52  8.00 214.74  26.19  1.78 13.51 210.01   9.48  0.61 15.48 306.52  12.04  0.09 20.29 316.29   7.57
19911217 030000  7.4 201.9  2.92 14.16 215.92  26.63  4  2.15  8.16 214.68  26.02  1.88 13.60 211.52  10.62  0.60 14.99 306.90  11.72  0.09 20.29 316.84   7.55
19911217 060000  8.3 194.0  2.78 14.23 216.20  26.00  3  2.71 13.70 213.32  19.48  0.59 14.84 306.54  12.14  0.09 20.24 317.31   7.37
19911217 090000  6.4 184.7  2.73 14.20 216.47  25.57  2  2.67 13.73 213.55  18.79  0.59 14.81 306.46  12.55
19911217 120000  7.7 197.3  2.69 14.11 217.09  25.24  3  2.62 13.68 214.08  18.15  0.58 14.81 305.68  13.38  0.11 19.11 318.68   5.76
19911217 150000  8.4 211.1  2.63 13.94 217.47  25.16  3  2.56 13.61 214.37  17.79  0.57 14.82 305.99  13.37  0.13 19.03 316.55   7.71
19911217 180000 11.2 213.3  2.76 13.79 217.75  24.79  3  2.70 13.56 215.07  18.44  0.56 14.83 306.74  12.86  0.13 19.01 316.96   7.78
19911217 210000 11.4 207.1  3.02 13.67 217.00  25.15  3  2.97 13.49 214.86  20.30  0.55 14.78 307.28  12.59  0.13 18.94 318.53   7.40
19911218 000000 10.1 197.4  3.04 13.58 215.84  25.87  3  2.44  7.92 214.78  25.34  1.73 13.41 212.08   9.15  0.55 14.67 308.75  11.79
19911218 030000  6.8 190.5  2.84 13.47 215.87  26.01  4  2.22  8.03 214.53  25.28  1.69 13.30 212.21   9.49  0.51 14.53 308.47  11.42  0.16 17.88 318.16   7.05
19911218 060000  7.5 189.5  2.62 13.35 216.45  25.93  4  1.96  8.01 214.98  24.54  1.64 13.18 212.36   9.66  0.51 14.40 308.22  12.13  0.17 17.80 319.13   5.99
19911218 090000  6.1 181.7  2.44 13.25 217.03  26.14  4  1.75  7.90 215.56  24.35  1.62 13.03 212.52  10.27  0.49 14.30 308.83  11.92  0.19 17.74 315.57   8.62
19911218 120000 10.4 184.9  2.37 13.15 216.16  27.06  4  1.70  7.80 213.52  25.53  1.56 12.88 212.54   9.99  0.48 14.23 307.97  12.92  0.21 17.44 316.05   8.52
19911218 150000  8.0 216.2  2.32 13.01 217.38  27.04  4  1.68  7.55 215.38  24.78  1.50 12.77 212.74  10.63  0.52 14.17 309.38  12.76  0.06 21.77 309.16   9.79
19911218 180000  9.5 226.7  2.40 12.84 219.29  26.63  5  1.86  7.37 218.86  23.84  1.42 12.66 212.28  10.24  0.48 14.10 308.61  12.32  0.20 16.78 317.38   8.14  0.07 21.73 308.46   9.95
19911218 210000  8.9 210.9  2.47 12.67 219.24  27.02  5  1.97  7.31 219.01  24.77  1.40 12.53 211.88  10.21  0.47 13.95 308.13  13.74  0.20 16.70 317.77   8.10  0.08 21.71 308.64   9.78
19911219 000000  5.7 212.8  2.39 12.50 218.62  27.51  5  1.87  7.41 218.32  25.64  1.40 12.38 211.61  10.27  0.47 13.81 307.94  14.45  0.18 16.65 319.07   6.15  0.08 21.65 308.92  10.27
19911219 030000  5.7 210.1  2.22 12.33 218.52  27.68  4  1.66  7.42 217.94  25.71  1.39 12.19 212.02  10.63  0.49 13.67 309.91  13.63  0.09 21.28 311.06   9.31
19911219 060000  7.8 191.2  2.09 12.20 217.84  28.10  6  1.43  7.33 216.68  26.69  1.43 12.02 211.80  10.21  0.47 13.61 312.06   9.84  0.14 15.38 255.62   8.34  0.12 20.40 309.86   9.61  0.10 13.23 267.16   6.88
19911219 090000  6.6 186.1  2.02 12.17 217.20  28.42  6  1.30  7.14 215.62  27.14  1.45 11.98 211.29  10.09  0.40 13.55 310.92  10.10  0.24 15.84 314.96  10.13  0.17 15.26 257.81   9.03  0.14 20.32 308.86   9.74
19911219 120000  7.2 181.5  2.00 12.14 216.77  28.24  4  1.94 11.97 212.83  19.08  0.39 13.47 311.54  10.64  0.26 15.68 313.11   9.96  0.17 20.29 308.45   9.58
19911219 150000  8.8 213.4  2.05 12.01 216.73  27.45  5  1.98 11.88 212.64  17.96  0.39 13.42 310.65  11.94  0.27 15.58 314.03   9.32  0.18 20.28 308.53   9.56  0.17 15.07 258.71   8.12
19911219 180000  9.2 218.3  2.18 11.84 217.50  26.99  4  2.11 11.75 213.85  18.80  0.47 13.51 312.17  10.56  0.19 14.35 259.17   8.28  0.18 20.20 308.79   9.35
19911219 210000  7.4 209.6  2.15 11.70 218.22  27.82  4  2.08 11.62 214.33  19.61  0.46 13.57 312.40   9.97  0.22 19.55 310.00   9.41  0.20 13.97 261.22   8.55
19911220 000000  7.5 201.0  2.06 11.54 218.88  28.81  4  1.99 11.48 214.57  19.69  0.46 13.64 312.27  10.06  0.26 19.04 309.54   9.19  0.12 16.97 251.06  11.91
19911220 030000  6.9 203.1  1.97 11.35 219.65  29.91  4  1.88 11.27 214.41  19.21  0.46 13.84 312.02  10.46  0.30 18.98 309.05   9.23  0.12 16.76 250.38  11.95
19911220 060000  8.3 184.6  1.91 11.21 219.35  31.09  5  1.80 11.13 212.77  18.83  0.46 12.99 312.33  10.15  0.32 18.97 308.83   9.30  0.23 14.02 257.14  10.66  0.14 16.48 251.47  12.56
19911220 090000  6.5 188.4  1.86 11.16 219.74  31.56  5  1.75 11.07 212.60  18.49  0.45 12.94 312.44  10.19  0.34 18.96 308.99   9.27  0.24 13.64 256.67  10.36  0.16 16.23 249.42  11.17
19911220 120000 10.1 192.3  1.90 11.19 218.74  31.53  6  1.79 11.07 211.82  18.66  0.39 12.98 314.71   8.42  0.36 18.89 310.25   9.64  0.21 13.29 258.87  10.43  0.21 15.48 303.97   8.71  0.19 15.73 251.88  11.55
19911220 150000  7.9 189.9  1.93 11.18 219.19  32.37  5  1.81 11.06 211.83  19.46  0.44 18.19 308.65  10.18  0.40 13.03 314.04   8.69  0.25 13.42 257.02   9.51  0.18 15.67 247.29  12.07
19911220 180000  9.5 222.5  1.99 11.08 222.75  31.87  5  1.88 11.00 215.81  19.40  0.45 13.05 311.66  10.62  0.44 17.82 309.58   9.10  0.16 15.52 254.23   7.98  0.06 19.17 224.27   8.26
19911220 210000  8.3 204.8  1.99 10.96 224.87  32.85  6  1.17  5.17 218.95  28.36  1.42 10.87 214.66   9.28  0.48 17.77 309.42   9.10  0.45 14.27 311.54  10.53  0.29 13.44 254.78  11.37  0.18 15.50 248.29  13.96
19911221 000000  5.5 231.1  1.87 10.83 227.09  34.28  7  0.98  5.23 219.24  30.43  1.40 10.72 215.66  10.07  0.50 17.76 309.18   9.34  0.33 14.35 310.20  10.92  0.31 12.48 313.41   9.22  0.28 12.80 254.40  11.72  0.22 14.95 249.38  12.87
19911221 030000  6.1 202.2  1.76 10.63 229.30  35.13  8  1.47 10.54 217.88  19.30  0.58 12.67 213.09   7.58  0.51 17.75 309.31   9.19  0.32 12.52 315.08   8.89  0.31 14.47 308.26  10.59  0.26 14.47 253.27  10.33  0.24 12.50 256.66  10.37  0.07 18.63 221.62   7.97
19911221 060000  4.9 178.7  1.67 10.50 231.19  36.25  8  1.37 10.43 218.80  18.97  0.58 12.29 211.03   6.92  0.52 17.69 309.88   9.37  0.34 12.57 315.50   8.35  0.27 14.50 303.11  10.45  0.25 12.60 259.06   9.70  0.21 14.58 252.93   8.93  0.08 18.28 221.27   7.62
19911221 090000  1.7 180.7  1.58 10.43 234.06  37.55  8  1.23 10.17 219.20  18.61  0.62 12.23 212.80   7.67  0.53 17.36 309.65   9.44  0.34 12.54 315.55   8.33  0.29 14.61 305.36  10.22  0.24 12.55 258.83   9.73  0.24 14.45 253.28   9.47  0.09 17.84 222.02   8.06
19911221 120000  1.4 316.3  1.51 16.79 239.08  39.46  7  1.16 10.22 220.43  19.69  0.65 16.79 309.44   9.57  0.52 12.05 212.55   8.52  0.31 12.41 314.29   8.68  0.28 12.37 256.51  10.70  0.24 14.38 253.06   9.28  0.09 17.79 220.12   7.26
19911221 150000  4.1 262.0  1.47 16.69 243.68  40.15  6  1.21 10.04 220.90  18.82  0.61 16.69 309.54   9.16  0.43 13.70 311.33  10.38  0.32 13.86 257.33  10.57  0.20 11.85 251.61   7.78  0.10 17.51 222.36   8.71
19911221 180000  5.9 262.5  1.48 16.67 246.31  39.75  6  1.20  9.89 222.84  18.84  0.64 16.67 309.60   9.16  0.42 13.51 311.36  10.36  0.31 13.61 254.39  10.87  0.24 11.85 259.06   9.00  0.10 17.03 221.38   8.31
19911221 210000  3.4 233.4  1.45 16.65 247.75  39.96  7  1.16  9.85 222.98  18.48  0.63 16.66 309.37   9.27  0.37 13.59 308.94  12.63  0.32 13.50 253.47   9.14  0.25 11.69 314.24   8.68  0.23 11.79 258.79   9.54  0.11 16.79 222.47   8.66
19911222 000000  5.0 218.0  1.41 16.59 248.70  40.02  8  1.11  9.78 222.69  17.75  0.63 16.60 309.21   9.24  0.37 13.62 310.18  12.95  0.34 13.47 252.64   9.01  0.24 11.70 259.92   9.25  0.23 11.59 312.55   8.12  0.11 16.64 222.78   9.13  0.05 21.80 224.76   8.06
19911222 030000  3.0 177.6  1.38 16.46 250.16  40.17  8  1.07  9.65 222.99  17.80  0.63 16.46 309.47   9.41  0.35 13.53 308.70  13.44  0.34 13.43 254.93   9.62  0.23 11.57 312.37   8.52  0.22 11.71 257.32   9.08  0.12 16.44 222.41  10.04  0.07 21.59 224.46   8.07
19911222 060000  5.0 186.8  1.36 16.27 251.65  40.77  7  1.03  9.62 222.80  18.66  0.72 16.28 309.46   9.67  0.42 13.29 256.64  10.48  0.24 11.67 314.43   8.55  0.13 16.06 222.07  10.57  0.09 20.58 224.22   8.12  0.07 23.27 306.06   8.22
19911222 090000  6.1 183.4  1.37 16.06 251.13  42.21  8  0.35  2.60 193.88  32.06  0.77 16.08 309.94   9.69  0.75 10.93 213.66   9.05  0.63  9.09 238.64  14.86  0.41 12.74 258.41  10.31  0.15 15.83 223.63  11.35  0.12 20.36 223.86   7.90  0.08 23.26 305.36   8.46
19911222 120000  7.4 182.2  1.42 15.83 248.47  43.78  8  1.02 10.89 215.58  24.27  0.78 15.86 309.92   9.68  0.36 12.67 256.28  10.05  0.34  9.20 240.97   8.10  0.22 15.31 215.89  12.41  0.21 11.08 266.09   9.43  0.15 20.04 223.44   8.07  0.06 23.23 305.77   8.66
19911222 150000  7.7 208.3  1.47 15.69 246.14  42.85 10  0.85  8.93 222.95  29.85  0.73 10.82 214.36  10.61  0.68 15.72 309.39   9.34  0.39 12.93 310.74  11.02  0.37 12.63 257.33  10.55  0.23 13.40 205.26   5.43  0.21 11.05 264.74   8.93  0.19 19.17 223.31   7.98  0.17 15.55 228.75   9.32  0.07 22.09 308.88   8.32
19911222 180000 10.4 216.1  1.69 15.57 240.81  39.39  9  1.38 10.48 222.48  24.09  0.66 15.60 309.11   9.38  0.39 12.64 259.81  13.64  0.37 12.81 313.10   8.82  0.26 12.91 204.45   5.49  0.22 11.02 265.23   8.70  0.22 19.04 222.97   7.76  0.18 15.46 228.33  10.15  0.11 21.76 307.98   7.84
19911222 210000 10.1 205.2  1.87 15.49 235.21  38.36  9  1.60  5.23 220.47  25.42  0.66 15.50 308.72   9.42  0.39 12.60 261.64  15.25  0.34 12.77 315.04   7.92  0.27 18.54 222.81   7.99  0.27 10.88 260.72  10.49  0.25 12.78 203.94   4.93  0.19 15.30 228.92   9.42  0.15 21.75 306.83   8.04
19911223 000000  7.1 204.5  1.86 15.42 233.72  39.13  9  1.38  5.66 219.01  29.06  0.73 15.43 309.77   9.67  0.65 10.37 212.17   8.99  0.46 12.47 261.22  12.44  0.34 12.03 206.55   7.75  0.34 17.86 222.89   7.99  0.33  8.71 243.48   8.12  0.20 15.22 226.88  10.92  0.16 21.75 305.96   8.50
19911223 030000  8.6 191.5  1.84 15.35 232.10  39.64  7  1.33  5.75 215.94  29.46  0.78 10.40 212.17   9.98  0.73 15.37 309.76   9.72  0.46 12.02 262.18  12.28  0.36 17.76 221.82   8.26  0.34  8.57 244.04   7.59  0.14 21.71 305.99   8.82
19911223 060000  7.6 198.1  1.86 15.26 231.29  39.09  9  1.26  5.81 214.40  29.54  0.79 10.61 212.30   9.74  0.72 15.32 309.84   9.65  0.43 14.05 216.74  11.55  0.40 11.87 263.50  11.76  0.40 17.19 221.88   8.70  0.38  8.30 246.56   7.56  0.22 10.31 267.39  10.50  0.14 20.97 308.29   8.59
19911223 090000  7.0 185.1  1.93 15.11 230.53  37.45  8  1.20  5.82 215.34  29.82  1.10 12.68 214.56  10.00  0.71 15.24 309.85   9.59  0.47 16.71 221.80   8.87  0.39 11.85 263.87  12.01  0.35  8.30 246.43   8.33  0.26 10.35 269.11  10.30  0.19 20.36 308.67   7.83
19911223 120000  7.1 184.8  2.03 14.70 230.11  35.38  8  1.08  5.82 216.67  30.53  1.40 12.59 217.78  12.20  0.69 15.06 309.58   9.91  0.48 16.66 222.74   8.34  0.37 11.89 263.85  12.91  0.29 10.59 268.62   9.03  0.28 20.33 307.77   8.01  0.10 17.75 310.47   4.98
19911223 150000  8.7 210.1  2.20 14.46 228.40  32.33  6  1.07  5.80 216.16  28.53  1.71 13.93 219.26  11.63  0.67 14.72 309.50  10.03  0.49 11.76 266.09  12.06  0.30 20.32 307.02   8.56  0.09 17.75 310.38   4.98
19911223 180000 10.7 217.8  2.52 13.81 226.30  29.15  5  2.31 13.50 218.94  18.43  0.66 14.57 309.52   9.97  0.49 11.71 266.89  11.91  0.48 15.54 229.28   5.41  0.26 20.31 306.13   8.84
19911223 210000 10.9 204.2  2.80 13.32 224.12  28.30  6  1.91  6.39 219.50  26.63  1.82 13.15 218.02   9.04  0.64 14.49 309.37  10.03  0.46 11.46 267.74  11.78  0.43 15.60 226.67   4.98  0.23 20.13 307.37   9.02
19911224 000000  8.0 201.6  2.81 12.64 223.05  29.14  5  1.94  6.98 218.27  27.94  1.86 12.63 218.21  10.07  0.64 14.45 309.11  10.08  0.36 11.36 270.32  10.00  0.27 19.08 308.59   8.18
19911224 030000  8.5 200.1  2.70 12.38 223.35  30.15  7  1.84  7.34 216.91  27.21  1.72 12.38 216.99   9.95  0.60 14.41 308.86  10.35  0.50 14.57 230.40   6.17  0.38 11.07 270.84   9.90  0.38 19.01 308.39   8.01  0.16 16.59 310.59   4.96
19911224 060000  8.1 192.7  2.54 14.32 224.05  31.18  7  1.59  7.40 215.66  27.13  1.74 12.00 217.76  13.06  0.59 14.37 308.71  10.41  0.46 14.62 226.39   5.47  0.44 19.00 307.79   8.41  0.35 11.10 272.51   9.93  0.15 16.59 310.56   4.97
19911224 090000  6.9 191.9  2.38 14.23 224.40  31.57  5  2.18 11.92 216.27  20.06  0.59 14.32 308.78  10.21  0.46 14.51 229.87   6.11  0.43 18.99 307.01   8.70  0.36 11.04 271.74   9.64
19911224 120000  9.5 196.7  2.26 13.74 223.63  31.54  5  2.04 12.08 214.59  19.46  0.57 14.26 308.43  10.29  0.55 14.11 229.13   5.73  0.42 10.94 270.07  10.35  0.38 18.94 307.10   9.16
19911224 150000  8.0 217.2  2.17 13.36 224.14  31.72  5  1.98 12.27 215.45  19.69  0.57 14.08 308.32  10.30  0.45 13.61 229.85   5.49  0.38 10.83 271.70   9.86  0.34 18.52 307.78   9.03
19911224 180000  8.0 228.2  2.11 13.28 227.01  32.70  7  1.91 12.16 217.17  19.70  0.54 13.79 307.80  10.49  0.41 10.72 270.83   9.62  0.40 17.82 308.40   8.36  0.36 13.59 226.94   4.91  0.17 15.51 315.00   0.02  0.15  8.57 257.79   4.48
19911224 210000  6.7 220.6  2.00 13.23 230.14  34.99  6  1.74 11.99 217.23  20.21  0.49 17.77 308.25   8.23  0.49 13.63 226.63   6.96  0.47 13.53 309.46  10.76  0.44 10.51 269.29  10.80  0.30 15.36 306.07   8.83
19911225 000000  4.4 204.7  1.85 17.74 233.17  36.96  7  0.81  5.39 221.00  30.12  1.37 11.87 215.73  13.30  0.55 17.75 307.82   8.57  0.50 13.60 308.03  11.15  0.45 10.42 269.52  10.44  0.35 13.55 229.40   5.47  0.20 15.51 310.57   4.97
19911225 030000  1.5 192.7  1.70 17.73 235.93  38.19  6  1.27 11.49 215.68  13.74  0.61  5.13 220.27  31.05  0.54 17.74 307.28   8.83  0.53 13.60 308.30  10.66  0.45 10.32 269.69   9.78  0.36 12.75 229.87   5.40
19911225 060000  2.1 308.0  1.53 17.68 239.32  39.65  5  1.19 11.25 216.09  19.89  0.52 13.67 307.91  10.40  0.50 17.69 307.23   9.29  0.44 10.20 270.08   9.64  0.44 12.83 226.41   7.02
19911225 090000  3.2   8.6  1.41 11.00 244.16  41.22  5  1.04 11.13 218.10  25.22  0.52 13.82 307.75  10.18  0.47 12.77 222.74   8.56  0.46 17.43 307.78   9.29  0.45 10.08 269.77   9.95
19911225 120000  5.8 343.7  1.35 16.68 251.57  42.90  6  0.94 10.79 222.93  33.56  0.53 14.03 307.77  10.03  0.47 16.73 308.35   8.89  0.45 12.55 223.47   7.39  0.45  9.92 269.54   9.97  0.22 14.68 219.35   8.17
19911225 150000  6.9 321.9  1.45 16.61 260.83  42.20  6  1.03 10.51 241.01  41.42  0.52 16.63 308.38   8.59  0.52 14.08 307.90  10.08  0.48  9.75 266.27  13.30  0.46 12.41 223.85   9.08  0.20 14.66 220.51   7.28
19911225 180000  3.8 251.6  1.57 16.59 258.81  37.33  6  1.07  8.44 255.66  28.59  0.64 10.32 214.90  12.13  0.57 16.60 307.92   8.63  0.50 14.02 308.13  10.35  0.48 12.17 222.71   9.53  0.32 10.08 276.13   6.25
19911225 210000  6.1 193.7  1.65 16.57 256.64  34.47  5  1.35  8.73 244.63  26.16  0.59 16.58 307.63   8.84  0.49 11.96 221.73   8.48  0.47 13.72 308.12  10.63  0.33 10.05 276.38   6.54
19911226 000000  6.8 206.1  1.71 16.55 254.35  33.67  6  1.36  8.39 249.42  25.08  0.58 16.55 307.61   9.24  0.55 11.72 222.47   8.83  0.44 13.55 307.70  10.49  0.43  9.53 212.70  10.32  0.17  9.02 275.00   0.03
19911226 030000  7.5 192.4  1.88 16.46 246.34  33.23  4  1.24  9.64 224.29  12.47  1.23  8.68 253.24  28.66  0.56 16.47 307.82   9.31  0.40 13.43 307.33  10.65
19911226 060000  7.3 176.3  2.01  9.18 239.25  33.09  3  1.90  9.17 232.39  26.29  0.50 16.07 308.07   9.52  0.41 13.46 307.56  10.07
19911226 090000  7.3 178.0  1.97  9.07 235.53  34.25  5  1.67  9.15 218.67  19.41  0.83  8.65 270.95  11.93  0.49 15.64 308.30   9.45  0.40 13.43 307.81   9.66  0.05 17.74 227.27   9.66
19911226 120000  6.6 185.8  1.83  8.88 234.71  36.29  5  1.52  8.93 215.37  19.91  0.79  8.08 269.23  12.17  0.50 15.56 308.18   9.14  0.39 13.39 308.10   9.70  0.06 17.49 227.17   9.52
19911226 150000  6.9 211.0  1.68 15.52 237.17  37.56  7  1.29  8.65 214.08  20.47  0.74  8.01 268.14  12.07  0.51 15.54 307.85   9.18  0.43 11.33 222.83   9.49  0.39 13.36 307.79   9.17  0.08 16.79 227.85   9.34  0.06  8.95 331.03   6.24
19911226 180000  9.1 222.8  1.68 15.50 237.91  37.07  6  1.48  8.36 228.00  28.66  0.54 15.50 307.65   9.08  0.44 11.31 221.34   8.48  0.36 13.13 307.57   9.96  0.10 16.63 227.50   9.51  0.05  8.89 330.41   6.42
19911226 210000  8.9 211.5  1.74 15.48 235.97  37.03  6  1.44  8.04 221.05  27.04  0.55 15.47 307.42   9.54  0.55  8.45 265.06  11.91  0.46 11.49 221.80   9.18  0.32 12.78 307.68   9.21  0.11 16.51 228.30  11.53
19911227 000000  8.8 201.2  1.73 15.43 232.85  37.69  6  1.48  6.03 219.75  28.38  0.54 15.42 307.82   9.71  0.45  7.96 266.49  10.86  0.43 11.57 220.97   8.71  0.29 12.67 305.94   9.50  0.13 15.90 228.09  10.18
19911227 030000  5.9 180.1  1.69 15.34 230.64  37.87  6  1.46  6.42 218.29  28.91  0.51 15.31 307.63  10.16  0.42  8.22 266.29  11.22  0.42 11.44 220.28   8.95  0.29 12.67 306.56   9.43  0.16 15.56 226.78   9.20
19911227 060000  8.1 194.4  1.63 15.09 229.64  37.41  7  1.41  6.63 217.70  28.37  0.48 14.93 307.67  10.44  0.40 11.13 220.11   9.54  0.39  8.10 266.01   9.77  0.28 12.65 306.59   9.44  0.18 15.50 226.36   9.44  0.05 21.89 294.24   9.68
19911227 090000  5.7 198.5  1.58 14.72 229.72  37.07  7  1.36  6.66 217.62  27.68  0.46 14.69 307.65  10.51  0.42 11.03 219.72  10.20  0.39  8.13 266.44  10.05  0.29 12.63 307.38   9.62  0.19 15.33 224.92  11.24  0.06 21.82 293.50   9.87
19911227 120000  3.4 194.2  1.52 14.59 231.87  36.97  7  1.28  6.66 218.95  26.69  0.47 14.61 307.92  10.13  0.40 10.95 218.93  10.13  0.39  8.27 265.66  10.52  0.28 12.60 307.16  10.07  0.22 14.61 221.52  12.76  0.06 21.79 293.14   9.88
19911227 150000  6.4 228.5  1.45 14.53 234.44  37.37  7  1.20  6.58 220.55  25.96  0.49 14.56 307.96   9.68  0.41 10.85 215.88  11.78  0.36  8.22 266.65  10.17  0.27 12.55 307.75  10.78  0.23 14.51 225.91   8.90  0.07 21.64 294.29   9.79
19911227 180000  6.7 229.0  1.46 14.48 234.66  37.51  7  1.20  6.40 221.17  25.80  0.57 14.51 308.04   9.90  0.35  8.18 266.97   9.77  0.35 10.36 216.65  11.41  0.25 12.76 203.94   6.73  0.24 14.46 225.95   8.75  0.09 20.71 295.30   9.48
19911227 210000  6.9 215.1  1.48 14.43 233.28  37.87  6  1.20  6.13 220.73  26.60  0.57 14.47 308.08  10.03  0.50 11.86 210.29  11.17  0.34  8.03 267.49  10.15  0.23 14.32 227.00   9.04  0.12 20.44 295.15   9.57
19911228 000000  5.3 196.3  1.47 14.34 230.66  38.34  7  1.17  6.04 218.23  27.20  0.57 11.80 209.75  11.13  0.53 14.44 307.91  10.44  0.33  7.88 267.15  10.22  0.19 13.65 231.97   7.08  0.17 11.78 309.00   9.20  0.13 20.38 294.43   9.78
19911228 030000  5.4 196.9  1.42 14.19 229.26  38.60  7  1.09  5.99 216.34  27.25  0.63 11.34 210.20  12.27  0.52 14.41 307.71  10.88  0.31  7.82 267.88   9.87  0.21 13.57 232.05   6.84  0.17 11.76 310.02   9.14  0.13 20.36 293.96   9.95
19911228 060000  5.9 203.6  1.37 13.98 229.01  38.65  7  0.99  5.94 215.40  26.83  0.69 11.12 211.52  14.05  0.50 14.38 308.02  11.19  0.29  7.84 268.98   9.76  0.21 13.57 232.25   6.85  0.19 11.78 307.69  10.18  0.13 20.25 294.92   9.97
19911228 090000  4.0 193.2  1.33 13.84 230.47  38.89  8  0.89  5.80 215.51  26.52  0.70 11.27 209.41  10.24  0.49 14.33 307.87  11.48  0.27  7.75 269.83   9.49  0.26  9.11 247.08   7.61  0.18 11.75 310.08   9.08  0.17 19.36 295.73   9.52  0.16 13.65 231.86   8.29
19911228 120000  4.2 198.8  1.32 13.69 232.29  38.77  7  0.84  5.69 217.17  26.03  0.74 12.49 210.21  10.82  0.48 14.24 308.14  11.50  0.36  8.70 250.38   9.91  0.22 19.09 295.60   9.39  0.21 11.87 309.35   9.08  0.18  7.47 276.30   6.77
19911228 150000  5.1 207.8  1.33 13.50 232.95  38.37  6  0.82  5.69 216.75  25.01  0.76 12.44 210.59  10.94  0.53 13.97 308.79  11.07  0.44  8.49 252.57  11.30  0.23 19.04 295.07   9.59  0.13  7.70 278.84   5.09
19911228 180000  6.4 219.7  1.38 13.35 232.24  37.61  5  0.86  5.76 217.48  25.37  0.79 12.44 210.98  10.91  0.53 13.79 309.18  10.84  0.47  7.94 254.92  12.27  0.23 19.03 294.78   9.91
19911228 210000  9.0 206.3  1.54 13.18 228.63  36.26  6  1.06  5.46 215.91  26.07  0.82 11.97 211.94  11.79  0.53 13.74 309.49  10.63  0.47  7.83 256.35  10.83  0.22 18.99 295.38  10.35  0.18 12.66 225.00   0.00
19911229 000000  4.4 199.4  1.56 12.86 229.48  36.65  6  1.01  5.33 216.11  28.88  0.85 11.84 210.91   9.89  0.53 13.78 309.62  10.65  0.46  8.99 256.78  10.12  0.38 12.53 233.02   5.99  0.25 18.60 295.96   9.99
19911229 030000  6.3 211.2  1.59 11.98 231.40  35.88  6  0.90  5.34 216.06  28.70  0.84 12.39 209.27   8.76  0.64 11.45 232.30   7.42  0.53 13.84 309.67  10.82  0.46  7.61 258.10  10.01  0.31 17.88 295.77   9.51
19911229 060000  6.9 201.1  1.65 11.40 230.98  35.42  6  0.89  5.20 213.53  28.41  0.81 10.69 230.62   9.65  0.81 12.15 207.25   7.31  0.52 13.86 309.66  11.12  0.46  8.31 257.71  10.90  0.36 17.80 295.50   9.43
19911229 090000  7.5 186.8  1.70 11.31 228.88  35.55  5  0.94  5.14 209.92  29.24  1.03 11.80 212.89  10.48  0.74 10.47 245.89  12.71  0.51 13.83 309.66  11.47  0.37 17.78 295.42   9.78
19911229 120000  9.0 187.7  1.73 11.63 226.09  36.13  5  0.99  5.07 205.31  29.99  0.99 11.82 211.28   9.94  0.80 10.31 243.00  13.85  0.50 13.79 309.75  11.73  0.36 17.77 296.04  10.47
19911229 150000 10.3 197.6  1.87 11.77 221.87  35.13  5  1.25  5.00 206.29  28.83  1.09 11.67 214.65  12.10  0.61 10.25 248.39  12.15  0.50 13.74 310.02  11.72  0.34 17.70 296.56  10.64
19911229 180000 12.5 207.8  2.22 11.71 221.11  32.75  3  2.14 11.62 216.18  25.77  0.49 13.69 310.28  11.62  0.36 17.11 296.40  10.16
19911229 210000 12.8 200.8  2.47  6.43 220.43  32.36  3  2.39  6.43 216.12  26.37  0.48 13.64 310.61  11.37  0.41 16.68 296.01   9.69
19911230 000000  9.4 193.8  2.53  6.96 219.31  32.96  5  2.25  6.96 214.89  28.64  0.94 11.16 213.29  11.92  0.47 16.63 296.10   9.73  0.46 13.58 310.95  11.10  0.19  9.66 235.00   0.00
19911230 030000 11.5 193.6  2.49  7.20 217.49  33.23  4  2.40  7.20 212.66  26.39  0.49 16.61 296.63  10.41  0.45 13.51 311.19  11.01  0.05 20.28 219.83   7.82
19911230 060000  9.7 194.1  2.47  7.39 216.89  32.97  6  2.26  7.39 212.30  27.27  0.76 10.96 211.50  11.82  0.47 16.60 297.03  10.79  0.44 13.39 311.48  10.86  0.06 19.59 218.97   8.13  0.06 24.92 307.30   8.37
19911230 090000  8.6 194.7  2.35  7.56 218.41  32.62  6  2.20  7.56 213.99  26.40  0.52 11.05 209.73  10.14  0.44 16.54 297.12  10.87  0.43 13.25 311.51  11.02  0.09 24.73 306.90   8.64  0.08 19.10 218.65   7.82
19911230 120000  6.5 202.2  2.18  7.76 221.77  32.41  6  2.04  7.76 217.09  25.60  0.43 10.98 206.95   7.41  0.43 13.11 311.38  11.45  0.42 16.20 296.91  10.57  0.10 19.02 219.05   8.12  0.10 24.32 306.31   8.61
19911230 150000  7.7 205.8  2.04  8.05 225.17  32.44  7  1.89  8.05 219.75  24.62  0.44 10.49 207.11   8.58  0.44 15.63 296.67  10.20  0.42 13.02 311.20  11.93  0.12 23.58 306.98   8.55  0.11 18.85 218.95   8.24  0.07 20.35 305.00   8.60
19911230 180000  8.6 207.4  2.01 15.55 226.69  32.76  8  1.85  8.26 220.30  23.98  0.48 15.56 297.25  10.51  0.42 10.45 208.50   9.60  0.41 12.95 311.42  11.70  0.14 18.00 218.43   8.23  0.14 23.36 306.81   8.59  0.08 20.33 306.54   8.71  0.05 14.84 215.90   7.36
19911230 210000  8.2 207.6  1.96 15.53 228.13  33.51  7  1.79  8.27 220.66  23.87  0.52 15.54 297.70  10.87  0.40 12.89 311.62  11.46  0.38 10.41 209.04   9.78  0.17 17.82 218.22   8.07  0.17 23.21 305.88   9.10  0.08 20.31 310.13   6.46
19911231 000000  9.4 209.2  1.93 15.51 228.02  34.11  6  1.79  8.20 219.57  23.83  0.52 15.51 297.88  11.03  0.39 12.82 311.87  11.74  0.22 22.98 306.56   8.93  0.19 17.75 218.06   8.02  0.18 10.33 215.00   0.00
19911231 030000  6.2 207.0  1.91 15.49 227.94  34.43  5  1.77  7.98 219.44  24.14  0.50 15.47 298.16  11.13  0.37 12.74 312.29  11.63  0.26 22.29 306.30   8.98  0.20 17.48 218.20   8.07
19911231 060000  3.7 203.7  1.85  7.90 228.88  33.96  8  1.65  7.90 220.73  24.08  0.47 10.12 216.60   9.89  0.46 15.38 298.47  11.25  0.36 12.64 312.89  10.91  0.25 21.99 305.72   9.14  0.24 16.75 217.78   7.96  0.16 19.18 307.91   7.52  0.09 13.81 217.22   9.13
19911231 090000  2.7 259.4  1.88  8.27 228.79  32.59  8  1.61  8.27 220.72  22.79  0.67  9.93 221.62  13.19  0.43 15.01 299.04  11.27  0.35 12.55 313.07  10.99  0.31 21.78 305.19   9.31  0.27 16.63 217.67   8.09  0.15 19.00 310.40   5.52  0.08 13.62 220.25   4.99
19911231 120000  1.5 267.2  1.95  9.09 228.46  31.68  5  1.81  9.07 220.72  20.11  0.43 14.64 299.58  11.36  0.38 21.62 306.23   8.99  0.34 12.49 313.47  10.34  0.28 16.54 217.67   7.98
19911231 150000  2.5 248.1  1.97  9.13 229.23  32.19  5  1.81  9.12 220.47  19.19  0.46 14.56 299.65  11.30  0.44 21.22 305.98   9.14  0.33 12.43 313.63  10.00  0.30 16.07 217.77   7.96
19911231 180000  5.2 238.3  1.95  9.10 231.68  33.52  5  1.76  9.09 221.20  19.14  0.51 20.55 305.77   9.11  0.49 14.51 299.72  11.14  0.33 15.61 217.52   7.93  0.31 12.35 314.27   9.43
19911231 210000  2.1 261.0  1.89  9.03 234.31  34.78  6  1.67  9.03 221.89  18.93  0.52 20.40 305.00   9.46  0.51 14.48 300.06  11.10  0.35 15.52 217.53   7.87  0.29 12.19 315.09   8.72  0.20 17.75 309.78   4.99
19920101 000000  3.4 263.6  1.83 20.29 236.75  35.69  6  1.59  9.02 222.73  18.73  0.54 20.29 304.78   9.55  0.50 14.45 300.53  11.08  0.37 15.37 217.40   8.05  0.27 11.90 315.89   8.59  0.25 17.75 310.09   5.16
