Date     Time   Uabs UDir  hs    tp    th     sp     np hs(i) tp(i) th(i)  sp(i)
19970501 000000  4.6 207.0  3.11 14.22 244.34  16.23  4  3.08 14.22 243.35  14.36  0.39 17.36 299.98   9.17  0.14 12.67 303.40  10.87  0.14 10.97 309.17   8.96
19970501 030000  4.2 169.4  2.98 14.08 245.46  16.31  4  2.94 14.07 244.18  13.95  0.44 16.89 298.89   9.60  0.15 12.68 303.87  10.91  0.14 10.96 309.16   8.89
19970501 060000  5.5 176.3  2.83 13.94 246.31  17.00  4  2.78 13.93 244.76  14.33  0.46 16.80 299.15   9.70  0.15 12.68 303.82  10.93  0.13 10.92 309.31   8.84
19970501 090000  6.6 175.1  2.69 13.84 246.05  18.80  4  2.64 13.84 244.32  16.17  0.47 16.75 299.54   9.65  0.15 12.70 304.10  11.34  0.12 10.86 312.31   6.77
19970501 120000  6.6 186.1  2.66 13.68 244.45  20.23  3  2.61 13.68 242.70  17.76  0.46 16.69 299.77   9.68  0.18 12.71 307.14  10.96
19970501 150000  6.7 168.7  2.80 13.47 241.95  20.65  3  2.76 13.47 240.33  18.38  0.48 16.58 298.43  10.72  0.14 12.66 310.16   8.87
19970501 180000 10.5 203.5  3.04 13.29 239.82  20.42  3  0.79  3.51 207.96  33.12  2.89 13.28 240.20  14.72  0.52 16.44 297.96  11.83
19970501 210000 11.7 194.2  3.26 13.17 236.83  23.33  3  1.40  5.16 211.66  31.04  2.90 13.17 240.19  14.63  0.53 16.27 298.33  11.19
19970502 000000  9.5 190.7  3.18 12.86 237.01  24.52  3  3.13 12.83 235.25  22.49  0.56 15.98 296.70  11.98  0.12 11.83 309.56   8.41
19970502 030000 11.4 181.3  3.12 12.50 234.59  27.86  3  3.06 12.50 232.66  25.92  0.56 15.76 297.55  11.79  0.12 11.86 308.89   8.86
19970502 060000 10.7 169.9  2.99 12.38 233.61  29.11  3  2.93 12.38 231.51  27.13  0.55 15.64 296.95  12.12  0.13 11.98 308.72   8.97
19970502 090000 12.1 181.7  2.93 12.32 230.37  30.56  2  2.88 12.33 228.21  28.61  0.55 15.60 296.04  13.56
19970502 120000  9.5 185.3  2.94 12.02 227.95  30.55  2  2.89 12.02 225.86  28.61  0.55 15.44 294.00  15.13
19970502 150000 12.0 184.3  2.92 11.74 225.49  31.34  3  2.86 11.73 223.33  29.28  0.54 15.36 294.76  14.56  0.05 20.33 290.88  11.54
19970502 180000 12.6 190.4  2.93 11.56 223.82  31.08  3  2.88 11.55 221.66  28.85  0.54 15.30 295.77  14.24  0.06 20.26 291.49  11.53
19970502 210000 13.8 192.6  3.06 11.16 221.80  30.58  4  3.00 11.14 219.78  28.41  0.55 15.23 295.66  14.57  0.27 14.65 217.85   8.07  0.06 19.82 293.38  11.62
19970503 000000 10.5 183.6  2.98  8.78 222.41  31.08  5  2.92  8.78 220.38  28.98  0.53 15.09 297.06  13.45  0.29 13.98 217.09   8.90  0.08 19.02 227.07   9.96  0.08 19.16 294.37  10.98
19970503 030000  9.7 176.4  2.70  9.18 224.12  31.40  4  2.63  9.17 221.87  29.11  0.51 14.76 297.85  12.97  0.29 14.30 216.56   8.65  0.09 19.05 293.49  11.39
19970503 060000  9.1 165.7  2.43  9.17 225.04  31.77  5  2.36  9.17 222.53  29.27  0.48 14.59 298.83  12.30  0.29 13.97 215.14   7.07  0.11 19.01 293.11  11.58  0.10 17.91 227.07   8.76
19970503 090000  8.4 171.5  2.21 10.26 225.78  31.96  6  2.13 10.24 222.83  29.07  0.47 14.49 298.84  12.33  0.30 13.81 214.78   6.84  0.13 17.68 230.18  11.19  0.11 18.95 293.24  11.55  0.06 20.74 216.15   7.66
19970503 120000  6.8 169.8  2.02 10.25 226.74  32.07  7  1.90 10.07 223.78  28.89  0.47 14.45 299.15  12.34  0.33 13.63 214.14   7.47  0.31 11.19 207.41  10.45  0.13 18.75 294.25  11.59  0.11 17.73 235.94  10.66  0.07 20.46 216.38   7.75
19970503 150000  7.1 185.8  1.87 10.16 227.77  31.91  6  1.74  9.82 224.51  28.11  0.46 14.41 299.70  12.02  0.36 13.45 216.10   9.14  0.31 10.99 205.23   9.51  0.14 18.08 294.90  11.69  0.08 20.35 216.69   7.08
19970503 180000  6.8 206.5  1.77 10.04 229.06  31.12  8  1.60  9.28 225.95  26.70  0.46 14.38 299.66  12.29  0.39 10.38 205.74   9.50  0.36 13.20 215.16   7.47  0.16 17.87 295.25  11.18  0.12 16.61 230.43   5.70  0.11 19.98 217.43   7.61  0.05 15.59 253.06   6.27
19970503 210000  6.9 214.2  1.70  9.77 230.23  30.69  8  1.51  9.86 227.49  25.68  0.46 14.31 299.77  12.29  0.42  9.56 205.03   9.24  0.40 12.80 213.74   8.48  0.17 17.81 294.74  10.98  0.13 19.21 217.03   7.37  0.12 16.60 230.34   5.82  0.07 15.36 253.43   8.97
19970504 000000  4.3 209.6  1.65  9.60 230.76  31.06  8  1.45  8.38 227.71  25.69  0.45 14.16 300.44  12.25  0.40  9.50 205.45   9.90  0.31 12.49 210.42   8.33  0.29 14.32 219.26   8.17  0.20 17.75 294.16  11.36  0.14 19.07 217.24   7.14  0.06 14.83 254.65   6.32
19970504 030000  4.2 214.4  1.58 13.76 231.77  31.58  6  1.37  7.93 228.39  25.70  0.46 12.66 213.95  10.38  0.45 13.79 301.08  12.57  0.37  9.35 206.57  10.27  0.22 17.64 294.44  11.62  0.16 18.93 217.03   7.30
19970504 060000  1.9 141.0  1.49 13.58 232.73  32.30  7  1.26  8.28 228.58  25.65  0.45 13.20 210.49   9.14  0.44 13.63 301.55  12.88  0.28  9.30 206.08  10.85  0.24 17.35 295.25  11.52  0.21 15.46 226.13   7.88  0.18 18.43 217.27   7.65
19970504 090000  2.5  93.8  1.37 13.53 233.59  33.07 10  0.98  7.14 222.65  25.93  0.56  9.43 247.10  12.83  0.44 11.91 209.56   9.57  0.44 13.56 300.81  14.78  0.25 16.87 295.56  11.52  0.23  9.03 203.62   8.41  0.21 15.33 223.97   7.86  0.20 17.91 216.40   7.26  0.16 13.54 215.00   0.00  0.08 21.89 221.88   8.86
19970504 120000  5.0 117.9  1.28 13.51 233.21  35.99 10  0.87  6.75 219.68  30.51  0.50  9.37 248.85  11.73  0.42 13.51 302.62  12.34  0.38 11.64 208.43   8.71  0.34 13.62 218.15   9.63  0.25 16.72 295.48  11.32  0.24  9.22 204.37   9.14  0.21 17.80 217.71   7.25  0.09 13.74 257.74   6.75  0.09 21.77 222.37   8.08
19970504 150000  2.7 259.7  1.19 13.49 234.70  36.09  9  0.76  6.74 221.16  29.12  0.46 11.44 207.15   9.15  0.42  9.11 251.65  10.74  0.41 13.46 302.91  12.24  0.37 14.09 218.63   9.31  0.27 16.66 295.10  11.14  0.22 17.59 216.56   7.24  0.13 13.80 258.03   7.89  0.12 21.07 223.42   7.62
19970504 180000  4.0 244.2  1.16 13.40 237.91  36.07 10  0.67  6.29 222.65  27.51  0.46 11.15 207.24   8.70  0.40 13.40 303.88  11.70  0.40  8.99 251.91  11.21  0.33 14.34 219.88   9.50  0.30 16.58 295.61  10.87  0.23 13.54 258.92  10.23  0.23 16.95 216.71   7.61  0.16 12.66 215.00   0.02  0.15 20.45 222.33   8.27
19970504 210000  3.0 231.8  1.14 16.52 241.86  36.40 10  0.59  6.31 224.11  26.48  0.45 10.90 207.65   8.94  0.40 13.34 305.10  11.33  0.36 12.89 261.24   9.87  0.35  9.01 253.62  11.47  0.34 16.46 296.38  10.60  0.29 12.77 214.49   8.30  0.28 16.66 216.87   8.61  0.20 14.49 225.55   7.54  0.15 20.42 222.85   8.67
19970505 000000  2.9 174.2  1.16 12.92 245.84  35.94  8  0.59 12.59 260.10  10.11  0.52  6.01 223.20  25.28  0.43 10.76 207.61   9.01  0.40 13.23 305.89  11.19  0.38 12.82 219.33  11.02  0.37 16.21 296.74  10.71  0.29 16.62 215.74   9.17  0.18 20.10 223.48   7.26
19970505 030000  1.1 252.0  1.20 12.81 248.16  34.74  9  0.71 12.37 261.89  10.22  0.45  5.92 223.89  23.99  0.38 12.87 308.02   9.89  0.37 10.14 206.25   8.53  0.37 15.85 296.93  10.69  0.36 16.54 211.82   9.95  0.29 11.76 213.24   8.64  0.27 13.49 222.69   7.45  0.21 19.21 223.73   7.54
19970505 060000  1.6 191.6  1.26 12.55 248.74  33.91  9  0.80 11.91 263.39   9.99  0.45 16.14 209.00  10.54  0.40 10.47 207.08   8.33  0.39  5.65 224.62  23.64  0.37 12.75 308.40   9.96  0.35 15.70 297.01  10.58  0.32 13.46 221.61   8.84  0.24 19.06 224.64   7.39  0.14 11.83 215.00   0.02
19970505 090000  2.8 188.0  1.33 15.60 247.74  34.37  8  0.87 11.60 264.83  10.20  0.55 15.64 206.86  10.40  0.52 10.72 212.78  20.63  0.36 12.69 309.29   9.85  0.35 15.61 296.01  11.29  0.32 13.45 221.43   8.82  0.24 19.01 225.35   7.15  0.13 11.83 215.00   0.00
19970505 120000  2.4 167.4  1.39 15.46 246.91  34.81  5  0.90 11.38 266.97   9.06  0.88 15.44 210.41  14.71  0.37 15.54 296.27  10.86  0.34 12.59 310.40   9.54  0.28 18.33 224.04   7.60
19970505 150000  2.9 250.5  1.45 15.26 246.37  35.28  5  0.92 15.18 209.44  13.27  0.92 11.11 267.51   8.67  0.42 15.40 297.00  10.59  0.34 12.53 310.34   9.71  0.34 17.87 222.20   8.47
19970505 180000  4.9 218.6  1.50 14.76 246.36  35.61  5  0.97 10.96 266.12  14.43  0.94 14.56 208.71  11.14  0.46 15.21 297.54  10.57  0.34 12.47 310.68   9.54  0.33 17.83 223.65   7.52
19970505 210000  5.0 200.8  1.52 14.51 246.34  35.95  5  0.98 10.83 265.46  17.74  0.96 14.35 209.41  11.28  0.47 14.94 297.81  10.54  0.34 12.43 310.69   9.49  0.29 17.82 224.65   7.90
19970506 000000  4.2 172.2  1.52 14.38 245.95  36.04  5  1.00 10.69 264.29  21.48  0.94 14.18 209.71  11.46  0.45 14.80 297.96  10.60  0.34 12.39 310.75   9.41  0.33 16.91 223.77   8.05
19970506 030000  4.9 182.7  1.51 14.25 246.34  35.66  5  1.02 10.61 264.47  22.38  0.92 13.82 210.59  11.40  0.42 14.70 298.13  10.58  0.35 16.69 223.49   7.72  0.33 12.34 311.07   9.40
19970506 060000  7.6 172.9  1.55 14.11 244.88  36.73  6  0.45  2.83 189.16  32.88  1.00 10.63 268.18  10.86  0.89 13.49 211.33  11.22  0.41 14.61 297.64  11.14  0.37 16.61 222.90   8.12  0.32 12.25 311.38   9.23
19970506 090000  6.2 154.5  1.58 12.79 245.43  38.52  6  0.50  3.23 175.10  35.40  1.03 10.59 268.07  10.92  0.87 13.25 212.98  12.03  0.44 14.50 298.29  10.97  0.34 16.59 223.95   7.39  0.29 11.82 313.55   7.64
19970506 120000  4.9 158.4  1.58 13.13 249.10  36.75  8  0.43  3.27 175.08  36.05  1.08 10.54 267.60  11.09  0.83 12.94 213.65  11.87  0.46 14.39 298.33   9.92  0.38 15.86 222.45   9.01  0.27 11.69 314.43   7.48  0.10 16.60 317.78   4.48  0.07 20.20 298.43  10.55
19970506 150000  4.1 172.6  1.59 13.31 251.72  34.61  8  0.36  3.23 179.45  36.34  1.11 10.51 267.04  11.05  0.81 12.85 214.57  11.67  0.50 14.22 298.15  10.27  0.42 15.73 221.27   9.09  0.27 11.64 314.24   7.50  0.10 20.20 297.25  12.09  0.08 16.60 315.19   1.37
19970506 180000  9.1 205.0  1.72 11.83 246.91  34.71  9  0.69  3.50 205.62  28.18  1.14 10.55 266.99  11.41  0.68 12.09 213.37  11.95  0.49 14.06 298.10  10.63  0.49 15.67 220.54   8.86  0.38 13.41 218.36   4.72  0.27 11.62 313.57   7.57  0.09 20.27 300.06  10.79  0.07 16.59 315.00   0.00
19970506 210000  9.2 202.4  1.89 11.69 241.90  34.87  8  1.04  4.50 214.58  30.36  1.13 10.65 267.29  11.29  0.70 12.37 214.97  12.14  0.57 15.55 218.83   8.65  0.50 13.88 298.14  11.26  0.31 13.54 220.26   4.99  0.25 11.51 314.55   7.37  0.10 20.29 300.04  11.38
19970507 000000  7.8 192.0  1.95 11.53 240.10  34.94  5  1.15  5.08 217.33  32.16  1.12 10.79 270.60  14.72  1.00 15.32 218.03  11.33  0.47 13.82 298.48  11.78  0.10 20.22 300.70  11.02
19970507 030000  4.6 179.8  1.92 14.50 240.64  34.62  5  0.98  5.18 209.60  29.97  1.18 10.58 268.75  14.51  1.05 14.84 218.35  11.29  0.47 13.71 299.93  11.92  0.13 20.01 299.32  11.20
19970507 060000  4.8 172.1  1.85 14.31 241.34  33.89  6  1.41 10.19 248.09  32.63  1.08 14.49 218.18  10.74  0.48 13.63 300.37  11.67  0.16 10.69 316.16   5.77  0.15 19.08 299.74  10.89  0.12 15.51 315.26   1.60
19970507 090000  4.3 162.3  1.80 14.07 241.27  33.65  7  1.11 14.29 218.32  10.62  1.02  9.97 268.02  12.02  0.81  5.37 215.42  30.25  0.46 13.52 299.07  10.72  0.21 11.01 315.24   7.31  0.17 18.96 299.82  11.46  0.11 15.51 315.00   0.00
19970507 120000  6.2  47.9  1.73 13.70 241.24  34.27  6  1.13 14.08 218.97  11.01  0.94  9.80 269.32  11.40  0.73  5.37 215.75  34.55  0.51 13.44 301.66  11.27  0.18 18.96 299.24  11.48  0.12 15.51 318.28   4.70
19970507 150000  7.1 346.6  1.68 13.48 244.32  37.53  5  1.14 13.55 219.66  11.51  0.90  9.67 271.48  22.66  0.66  5.44 229.24  50.12  0.52 13.40 302.59  11.57  0.19 18.96 299.25  12.21
19970507 180000  7.5 331.1  1.70 13.34 251.07  41.01  7  0.62  3.44 329.24  31.80  1.13 13.32 220.46  11.78  0.83  9.53 269.01  12.61  0.53 13.37 302.72  11.81  0.47  5.31 216.78  19.97  0.20 18.94 299.84  11.52  0.18 17.93 214.64   7.27
19970507 210000  6.2 338.1  1.70 13.23 255.22  43.48  7  0.73  4.11 328.65  32.36  1.11 13.19 221.52  12.33  0.77  9.36 269.75  12.83  0.51 13.37 303.55  11.86  0.39  5.33 215.79  17.08  0.25 17.59 215.27   6.58  0.22 18.84 300.95  11.04
19970508 000000  7.4 357.0  1.69 13.05 257.96  45.78  7  0.77  4.50 335.07  31.71  1.10 12.98 222.31  12.15  0.74  9.14 269.52  13.71  0.50 13.33 304.00  11.93  0.33  5.19 214.73  16.50  0.28 17.32 213.24   6.35  0.25 18.46 301.16  10.67
19970508 030000  5.4   1.2  1.66 12.83 259.16  46.82 10  0.77  4.66 338.58  30.52  1.07 12.76 223.45  12.45  0.70  8.96 270.49  14.61  0.43 13.05 301.34  11.40  0.35 16.71 213.73   6.46  0.28  5.10 215.11  16.00  0.27 17.79 301.33  10.87  0.16 10.32 317.18   7.41  0.15 14.49 315.00   0.02  0.11 20.64 218.72   6.32
19970508 060000  4.0  19.4  1.59 12.68 256.69  45.51  9  1.07 12.59 224.90  13.01  0.68  4.79 338.71  28.89  0.66  8.81 267.38  22.69  0.41 12.94 301.61  11.22  0.39 16.57 214.23   6.43  0.29 17.75 301.17  11.09  0.18 10.53 314.23   9.43  0.14 20.45 217.53   7.67  0.13 14.49 315.00   0.00
19970508 090000  3.7 323.5  1.52 12.56 253.64  43.86  8  1.02 12.44 225.68  12.64  0.61  8.88 268.62  20.84  0.60  4.74 337.73  27.18  0.47 16.27 213.35   6.77  0.44 12.90 303.15  11.00  0.29 17.74 300.93  11.63  0.18 20.19 218.24   5.66  0.16 10.27 315.72   7.77
19970508 120000  2.7 326.5  1.48 12.45 250.34  42.28  9  1.00 12.28 225.92  12.70  0.54  8.46 274.05  14.24  0.52  4.60 337.66  26.60  0.50 15.80 212.94   6.36  0.43 12.93 303.31  11.03  0.29 17.74 301.65  11.85  0.24 19.54 218.37   6.64  0.17 10.30 315.45   7.31  0.14  4.94 214.18  13.32
19970508 150000  3.6 284.3  1.46 12.35 247.33  40.77  8  0.98 12.05 225.77  12.91  0.53 15.63 213.36   5.96  0.52  8.34 274.49  15.25  0.45  4.49 335.92  27.18  0.42 13.07 304.08  10.91  0.32 17.71 303.08  11.49  0.31 19.12 216.11   8.25  0.15 10.32 316.37   6.85
19970508 180000  2.9 223.6  1.45 15.47 244.85  39.40  7  0.92 11.90 226.49  12.76  0.61 15.40 213.16   6.54  0.51  8.32 275.45  14.94  0.45 13.18 305.71  11.60  0.38  4.32 335.40  27.91  0.38 18.90 215.85   7.73  0.34 17.61 303.23  11.03
19970508 210000  2.2 208.6  1.44 15.37 242.93  38.29  7  0.91 11.77 225.69  12.83  0.62 15.15 212.09   6.53  0.50  8.23 276.95  14.68  0.44 13.22 306.25  11.55  0.42 18.64 217.75   6.89  0.37 17.32 302.63  11.01  0.31  4.21 336.24  27.75
19970509 000000  1.4 142.4  1.43 17.56 241.11  37.36  7  0.85 11.66 225.24  12.88  0.62 14.82 213.22   6.54  0.54 17.88 215.59   7.43  0.51  8.02 277.18  14.32  0.44 13.21 306.34  11.65  0.38 16.69 302.20  10.92  0.25  4.05 339.52  25.03
19970509 030000  2.5 208.4  1.43 17.38 239.24  36.53  6  0.77 11.50 226.23  12.86  0.71 14.62 212.75   6.75  0.56 17.80 216.10   7.20  0.54  7.97 284.68  25.10  0.42 13.02 306.33  11.60  0.39 16.61 302.20  11.11
19970509 060000  4.6 191.0  1.45 16.85 237.15  36.01  6  0.71 14.39 213.74   7.24  0.70 11.42 225.79  12.50  0.68 17.38 214.79   8.02  0.56  7.96 275.52  30.81  0.42 12.69 305.97  12.01  0.40 16.59 302.71  11.23
19970509 090000  4.8 168.1  1.48 16.66 235.95  36.47  6  0.74 16.85 215.23   7.39  0.70 14.24 212.74   7.32  0.68 11.35 224.96  13.14  0.59  8.02 269.64  37.73  0.44 12.53 302.18  13.85  0.40 16.58 304.48  11.84
19970509 120000  3.1 159.0  1.54 16.54 237.89  36.98  5  1.24 16.53 216.53  11.01  0.72 10.71 274.60  30.58  0.39 16.56 303.70  11.70  0.37 12.53 308.64   9.19  0.16 14.49 310.11   5.00
19970509 150000  6.1 220.3  1.63 16.39 241.39  37.01  5  1.26 16.30 215.99   9.94  0.90 10.30 276.59  25.97  0.39 16.50 303.70  11.56  0.31 12.56 312.09   6.86  0.17 14.49 309.94   5.00
19970509 180000  6.0 206.8  1.72 15.96 243.49  37.26  4  1.27 15.76 215.52   9.78  1.03  9.91 275.26  26.63  0.44 16.36 304.33  11.09  0.31 12.55 312.35   6.92
19970509 210000  5.6 208.9  1.77 15.60 244.53  37.43  4  1.28 15.56 215.09   9.74  1.09  9.66 275.56  26.21  0.45 15.78 303.59  11.11  0.30 12.54 313.06   7.01
19970510 000000  3.1 180.0  1.77 15.49 244.74  37.59  4  1.29 15.43 214.68   9.58  1.09  9.48 277.00  24.75  0.45 15.57 303.26  11.28  0.30 12.53 313.39   6.99
19970510 030000  4.9 186.5  1.76 15.46 244.78  37.56  4  1.29 15.29 214.45   9.24  1.06  9.36 277.73  22.94  0.45 15.52 303.28  11.52  0.33 12.16 311.17   8.55
19970510 060000  6.5 185.2  1.77 15.45 242.93  38.37  6  0.42  2.87 194.17  32.58  1.28 15.24 214.21   8.76  1.01  9.37 281.28  11.58  0.44 15.50 303.64  11.49  0.28 12.00 311.33   9.16  0.15 13.54 310.56   4.97
19970510 090000  9.0 216.8  1.84 15.43 241.51  37.31  6  0.69  3.48 218.96  31.93  1.26 15.30 214.14   8.70  0.99  9.45 280.68  11.16  0.43 15.49 303.70  11.65  0.29 11.88 309.58   9.11  0.18 13.56 312.75   7.16
19970510 120000  5.3 170.8  1.84 15.38 240.80  37.82  6  0.75  4.06 217.60  35.83  1.25 15.29 214.21   8.81  0.99  9.42 280.00  11.25  0.43 15.47 303.55  11.57  0.28 11.86 310.56   8.82  0.18 13.57 312.30   7.05
19970510 150000  4.9 190.2  1.76 15.31 242.16  37.49  4  1.23 15.20 214.37   8.96  1.14  9.22 265.75  32.99  0.46 15.42 304.83  11.41  0.28 11.80 310.20   9.34
19970510 180000  7.9 211.9  1.75 15.09 240.69  37.03  4  1.14  9.02 261.64  34.32  1.21 14.86 214.73   9.30  0.46 15.31 304.59  11.31  0.27 11.78 311.32   9.41
19970510 210000  6.2 217.4  1.73 14.68 239.92  36.54  5  0.73  4.01 223.03  33.29  1.20 14.62 215.03   9.51  0.88  8.87 279.47  11.61  0.45 14.85 304.35  11.13  0.25 11.86 313.54   8.18
19970511 000000  3.0 180.1  1.66 14.52 240.48  36.45  3  1.19 14.46 215.40   9.80  1.03  8.66 263.85  32.53  0.52 14.59 306.19  11.26
19970511 030000  5.9 194.6  1.61 14.44 239.55  36.46  4  1.19 14.30 215.68  10.04  0.95  8.43 264.85  32.83  0.44 14.52 303.85  11.40  0.27 12.33 311.00   9.59
19970511 060000  7.0 203.8  1.62 14.43 236.34  36.31  4  0.98  8.30 255.82  37.54  1.19 14.25 215.88  10.22  0.42 14.51 303.14  11.36  0.29 12.53 311.51   9.31
19970511 090000  5.5 197.8  1.62 14.44 235.05  35.77  5  0.65  4.10 214.04  31.10  1.19 14.33 215.93  10.30  0.72  8.14 278.30  12.51  0.42 14.50 302.98  11.34  0.28 12.55 312.45   8.58
19970511 120000  5.3 169.8  1.59 14.42 234.05  35.43  4  0.64  4.48 215.97  31.72  1.19 14.34 215.99  10.47  0.67  7.93 278.96  11.92  0.50 14.46 306.08  11.47
19970511 150000  5.0 202.0  1.55 14.37 232.81  34.90  4  0.63  4.64 215.86  30.46  1.18 14.29 215.96  10.48  0.62  7.82 278.68  12.04  0.48 14.44 306.27  11.48
19970511 180000  6.4 219.3  1.53 14.30 231.66  33.97  4  0.67  4.76 217.93  27.48  1.15 14.21 215.87  10.41  0.58  7.72 279.02  11.64  0.47 14.39 306.14  11.84
19970511 210000  5.1 218.9  1.51 14.17 230.39  33.33  5  0.74  4.76 219.91  27.89  1.12 14.11 215.99  10.60  0.52  7.55 279.83  11.16  0.41 14.27 304.57  11.68  0.19 11.38 314.54   8.81
19970512 000000  4.8 191.6  1.47 13.87 229.60  32.98  5  0.75  4.89 220.38  28.46  1.09 13.86 216.18  10.89  0.48  7.40 279.77  11.30  0.38 13.88 304.58  11.87  0.20 11.61 313.08   9.17
19970512 030000  5.4 199.3  1.42 13.63 228.99  32.90  6  0.75  5.02 219.48  28.32  1.05 13.61 216.39  11.22  0.44  7.32 279.71  11.44  0.37 13.65 304.47  11.65  0.19 11.60 313.71   8.49  0.05 16.90 312.04   8.41
19970512 060000  5.7 183.8  1.38 13.52 228.11  33.23  6  0.76  5.17 216.52  28.13  1.00 13.46 216.79  11.68  0.41  7.24 279.56  11.56  0.36 13.58 303.99  11.48  0.19 11.61 314.34   8.63  0.06 16.79 312.06   8.34
19970512 090000  2.7 189.9  1.32 13.46 229.23  33.51  6  0.95 13.35 217.48  12.27  0.71  5.23 217.47  28.38  0.41 13.55 305.98  12.14  0.38  7.14 278.80  12.00  0.07 16.69 312.86   8.26  0.07 16.59 245.00   0.03
19970512 120000  2.2 195.3  1.26 13.41 231.31  33.31  6  0.88 13.18 217.78  12.84  0.65  5.26 217.71  26.77  0.40 13.53 305.97  11.94  0.38  6.99 276.76  13.46  0.30 16.35 236.47  10.68  0.08 16.66 313.10   8.29
19970512 150000  2.7 200.2  1.24 13.50 234.04  32.26  6  0.82 12.85 218.77  13.59  0.58  5.22 218.32  26.30  0.48 15.17 239.04  10.27  0.40 13.51 305.82  12.11  0.36  6.90 274.99  14.77  0.07 16.70 312.74   8.82
19970512 180000  3.6 188.1  1.28 13.70 237.11  29.89  6  0.76 14.45 240.60  10.64  0.72 12.73 217.22  11.94  0.52  5.14 218.59  26.16  0.39 13.49 305.64  12.31  0.33  6.84 274.23  14.68  0.09 16.32 311.27   8.53
19970512 210000  4.5 207.3  1.37 13.52 239.77  26.89  6  0.47  4.99 218.25  26.28  0.96 13.63 243.14   9.46  0.69 12.55 218.69  12.08  0.38 13.46 305.68  12.47  0.31  6.76 272.58  15.77  0.10 16.01 311.00   8.38
19970513 000000  3.8 194.7  1.46 13.19 241.55  24.76  4  0.45  4.86 215.49  27.78  1.33 13.10 239.87  16.12  0.36 13.39 305.80  12.51  0.12 15.75 311.98   8.88
19970513 030000  3.9 151.9  1.50 12.71 243.20  23.41  6  1.37 12.65 240.71  13.82  0.41  4.70 212.25  30.02  0.31 13.24 304.32  11.91  0.28  6.50 268.47  17.03  0.14 10.92 316.70   9.33  0.14 15.66 311.53   9.33
19970513 060000  2.3 136.4  1.50 12.46 244.97  21.99  6  1.38 12.37 244.33  13.54  0.35  4.51 213.20  29.03  0.30 14.72 220.31   9.63  0.30 12.87 304.08  11.82  0.15 10.90 317.71   9.31  0.14 15.63 311.42   9.62
19970513 090000  2.2 115.0  1.47 12.32 246.63  21.06  7  1.32 12.01 246.12  11.05  0.38  6.37 238.50  33.61  0.31 14.64 222.57  11.74  0.29 12.74 305.37  10.64  0.25 13.06 213.21   7.41  0.15 10.86 317.34   9.93  0.14 15.60 311.12  10.23
19970513 120000  3.9  82.1  1.45 12.31 248.12  20.61  6  1.31 11.92 248.36  12.40  0.36 12.69 217.61   8.92  0.31 12.68 307.89  11.80  0.30 14.53 218.73   7.71  0.17 17.90 243.22   7.80  0.16 15.37 310.98   9.04
19970513 150000  0.9   9.5  1.44 12.27 249.19  20.55  5  1.27 11.83 249.91  12.06  0.49 14.30 220.66   9.36  0.30 12.65 307.59  11.69  0.28 17.56 239.22  10.01  0.17 15.09 311.86   9.24
19970513 180000  4.5 250.7  1.47 12.08 249.59  20.71  5  1.36 11.83 247.30  15.31  0.43 16.65 236.93  12.50  0.30 12.63 307.13  11.92  0.19 14.77 312.56   8.45  0.06 17.66 300.84   9.76
19970513 210000  4.6 231.0  1.54 12.03 248.73  20.88  4  1.23 11.69 251.03  13.80  0.84 14.87 233.89  12.93  0.30 12.61 307.19  11.94  0.22 14.66 310.23  10.56
19970514 000000  3.2  78.8  1.59 15.25 247.83  20.58  4  1.17 11.65 250.98  13.81  1.00 15.35 236.14  12.96  0.31 12.59 305.89  13.16  0.23 14.60 310.73   9.78
19970514 030000  2.5 358.3  1.62 15.11 246.97  20.09  4  1.13 15.20 236.93  12.43  1.11 11.56 251.40  13.29  0.30 12.58 307.05  11.92  0.23 14.57 310.91   9.85
19970514 060000  2.9 312.8  1.67 14.40 246.40  19.72  3  1.63 14.38 243.65  14.49  0.30 12.60 308.04  11.41  0.22 14.54 311.24   9.74
19970514 090000  2.3 228.3  1.72 14.26 246.26  19.56  3  1.68 14.25 243.69  14.60  0.36 14.31 310.20  10.72  0.10 16.70 302.27   9.72
19970514 120000  4.3 178.1  1.78 13.70 246.49  19.56  5  1.70 13.67 244.74  14.63  0.33 17.62 224.84   7.49  0.27 12.14 306.52  12.74  0.25 14.09 313.76   7.74  0.10 16.66 302.68   9.78
19970514 150000  3.9 192.3  1.84 13.38 246.26  20.81  5  1.76 13.34 244.72  16.72  0.35 17.41 225.08   7.34  0.27 13.76 312.79   8.45  0.25 11.96 306.77  13.08  0.09 16.61 305.40   7.74
19970514 180000  6.9 217.0  1.93 13.28 245.80  21.33  5  1.81 13.20 245.70  17.50  0.55 16.45 223.45   8.65  0.27 13.65 312.01   9.01  0.22 11.82 310.90  10.65  0.11 16.54 301.88   9.17
19970514 210000  6.1 209.8  2.05 12.94 245.41  21.70  5  1.89 12.82 246.22  18.26  0.70 15.75 224.35   8.95  0.27 13.62 312.79   8.32  0.24 11.85 307.61  12.29  0.13 16.40 300.00   9.40
19970515 000000  4.6 192.0  2.12 12.65 245.41  21.68  4  1.96 12.62 246.11  18.48  0.70 15.66 224.44   9.57  0.29 13.58 310.85   8.89  0.24 11.84 308.06  12.30
19970515 030000  4.3 188.2  2.14 12.54 244.90  21.77  4  1.91 12.47 246.80  18.45  0.87 15.23 225.57   9.56  0.35 13.49 311.47   9.71  0.15 15.69 302.11  10.04
19970515 060000  4.8 173.2  2.13 12.41 243.43  22.48  4  1.92 12.38 244.38  19.79  0.83 15.12 227.10  10.09  0.35 13.41 311.78   9.65  0.15 15.61 302.65  10.27
19970515 090000  4.6 192.9  2.11 12.14 241.50  22.99  4  1.83 12.10 244.36  19.99  0.99 14.67 224.25  10.72  0.34 13.28 312.33   9.10  0.16 15.55 303.64   9.57
19970515 120000  5.6 168.3  2.13 12.05 238.49  23.85  4  1.65 11.72 245.88  21.05  1.29 14.48 222.38  10.60  0.34 12.91 311.95   9.21  0.15 15.51 304.09   9.01
19970515 150000  2.9 194.2  2.19 13.64 235.48  23.41  4  2.08 13.94 232.26  20.36  0.56 11.74 254.60   8.20  0.33 12.73 312.09   9.31  0.15 15.49 304.04   9.01
19970515 180000  6.9 224.9  2.30 15.69 232.26  22.47  3  2.27 16.09 230.74  19.51  0.33 12.67 312.16   8.99  0.16 15.47 300.06  11.33
19970515 210000  5.9 216.8  2.43 15.54 229.72  21.90  3  2.40 15.61 228.31  18.94  0.31 12.65 312.46   9.23  0.20 14.92 303.28  10.54
19970516 000000  5.0 192.5  2.50 15.30 227.96  21.17  3  2.47 15.34 226.59  18.02  0.31 12.62 312.59   9.38  0.21 14.67 304.53   9.48
19970516 030000  4.0 208.6  2.52 15.07 226.75  20.35  3  2.49 15.11 225.40  16.97  0.31 12.59 312.85   9.20  0.21 14.59 305.14   9.44
19970516 060000  4.1 143.2  2.46 14.64 225.65  19.99  3  2.44 14.66 224.29  16.37  0.31 12.56 313.13   9.10  0.20 14.55 305.18   9.02
19970516 090000  3.3 207.3  2.39 14.48 225.10  19.68  3  2.36 14.48 223.70  15.78  0.31 12.51 312.96   8.97  0.20 14.53 305.77   9.70
19970516 120000  7.1  18.8  2.29 14.38 224.97  21.99  3  2.26 14.37 223.48  18.45  0.30 12.40 313.41   8.82  0.20 14.49 304.73   8.90
19970516 150000  8.4   4.4  2.21 14.26 227.21  32.32  4  0.56  3.15   7.92  30.90  2.11 14.25 223.24  13.68  0.29 12.10 312.22   9.21  0.21 14.42 306.37  10.49
19970516 180000  7.7 324.5  2.18 14.11 233.53  38.47  4  0.84  4.08 333.68  30.69  1.98 14.11 222.71  12.66  0.28 14.13 308.21   9.95  0.24 11.72 312.37   9.47
19970516 210000  6.9 335.9  2.17 13.99 237.73  40.56  4  0.99  4.99 321.60  30.78  1.90 14.02 222.03  11.43  0.27 11.84 312.92   8.93  0.26 13.79 305.94   9.50
19970517 000000  6.9 350.0  2.20 13.92 241.69  43.10  4  1.11  5.65 319.77  30.70  1.86 13.98 221.74  10.82  0.27 11.81 313.30   9.00  0.26 13.69 305.68   8.88
19970517 030000  9.9   7.2  2.30 13.87 250.38  49.68  4  1.34  6.04 327.31  33.28  1.83 13.93 221.84  10.49  0.27 11.81 313.45   9.02  0.25 13.64 306.01   8.77
19970517 060000  8.3   7.1  2.41 13.81 259.28  52.17  4  1.54  6.35 328.02  31.87  1.82 13.86 222.11  10.22  0.27 11.80 313.52   8.96  0.23 13.61 306.26   8.64
19970517 090000  9.2 354.7  2.49 13.73 259.74  50.41  4  1.61  6.85 322.97  30.85  1.86 13.76 222.42  10.15  0.25 13.52 307.61   8.86  0.24 11.74 314.11   9.12
19970517 120000 11.4 346.0  2.64 13.64 260.83  50.59  4  1.73  6.87 322.69  31.16  1.96 13.67 222.53  10.24  0.25 13.46 308.16   9.00  0.24 11.71 314.03   9.03
19970517 150000  9.2 344.7  2.66 13.58 257.48  49.66  3  1.71  6.72 321.37  32.61  2.02 13.62 222.73  10.50  0.34 13.35 310.93   9.50
19970517 180000  4.9 310.8  2.57 13.50 247.75  45.20  3  2.08 13.54 223.14  10.87  1.47  6.46 317.04  33.72  0.34 13.14 310.63   9.37
19970517 210000  4.1 212.6  2.46 13.31 239.62  39.22  3  2.12 13.35 223.53  11.19  1.21  6.31 310.90  35.90  0.34 12.78 310.38   9.37
19970518 000000  1.9 161.5  2.33 13.03 234.70  34.12  3  2.10 13.08 224.04  11.61  0.97  6.07 307.00  38.54  0.33 12.72 310.26   9.28
19970518 030000  1.1 158.3  2.20 12.84 232.54  30.36  4  2.05 12.87 224.80  12.72  0.76  5.93 308.79  35.07  0.27 12.69 308.88   8.90  0.17 10.96 313.88   9.12
19970518 060000  2.0 260.3  2.14 12.69 232.13  27.20  3  2.03 12.69 226.15  13.56  0.60  5.87 311.39  24.45  0.31 12.66 310.49   9.11
19970518 090000  2.2 106.5  2.25 12.46 232.27  25.01  3  2.17 12.37 228.21  15.32  0.52  5.75 313.96  26.08  0.30 12.63 310.77   9.13
19970518 120000  2.9  72.3  2.44 12.69 233.26  23.91  3  2.38 13.05 230.74  17.49  0.44  6.04 319.61  34.57  0.28 12.58 310.87   9.15
19970518 150000  3.4  49.4  2.61 13.14 234.54  21.63  2  2.60 13.19 233.89  20.41  0.27 12.51 311.05   9.22
19970518 180000  0.8  40.7  2.72 13.08 234.66  20.04  2  2.71 13.14 234.11  18.90  0.26 12.40 311.03   9.29
19970518 210000  1.5 306.7  2.78 13.07 233.75  19.20  2  2.77 13.12 233.26  18.12  0.26 12.17 310.65   9.59
19970519 000000  1.0 324.4  2.82 13.07 232.29  18.85  2  2.81 13.11 231.83  17.78  0.25 11.96 310.52   9.82
19970519 030000  4.2 249.1  2.86 13.09 230.74  18.64  2  2.85 13.12 230.31  17.63  0.24 11.90 310.11   9.63
19970519 060000  1.8 231.2  2.85 13.05 229.55  18.38  2  2.84 13.08 229.14  17.35  0.24 11.86 309.96   9.55
19970519 090000  1.0 216.3  2.75 12.90 228.97  18.22  3  2.74 12.91 228.55  17.15  0.22 11.84 309.73   9.82  0.07 14.51 310.47   5.70
19970519 120000  2.1  66.3  2.61 12.75 228.67  18.17  3  2.60 12.77 228.23  17.05  0.21 11.81 309.63   9.73  0.07 14.49 310.93   6.18
19970519 150000  0.2 328.9  2.46 12.66 228.35  18.22  2  2.45 12.67 227.90  17.05  0.22 11.77 309.82   9.42
19970519 180000  3.7 248.1  2.31 12.52 227.97  18.38  3  2.30 12.54 227.49  17.14  0.19 11.72 309.73   9.74  0.08 13.89 310.34   6.76
19970519 210000  3.5 252.4  2.17 12.32 227.75  18.83  4  2.15 12.34 227.31  17.56  0.19 17.99 217.19   7.66  0.18 11.65 310.02   9.59  0.09 13.63 308.85   7.52
19970520 000000  3.9 323.9  2.03 12.03 227.76  19.77  4  2.01 12.06 227.29  18.44  0.22 17.89 217.42   7.46  0.17 11.54 310.20   9.53  0.10 13.56 308.34   7.46
19970520 030000  2.8 353.8  1.91 11.85 227.76  20.45  5  1.88 11.87 227.34  19.06  0.29 17.20 217.13   7.59  0.17 11.37 310.24   9.47  0.10 13.54 307.83   7.93  0.05 17.82 304.83   8.61
19970520 060000  2.4 316.3  1.84 11.72 228.05  20.91  5  1.79 11.74 227.73  19.53  0.35 16.75 217.02   7.29  0.16 11.22 309.82   9.65  0.10 13.54 307.90   8.52  0.06 17.76 304.43   8.84
19970520 090000  2.1 241.6  1.81 11.64 228.52  21.40  5  1.75 11.66 228.35  20.18  0.40 16.66 217.25   7.04  0.16 11.16 309.51   9.96  0.11 13.51 308.47   7.80  0.07 17.69 305.40   8.87
19970520 120000  2.7 239.4  1.77 11.60 228.90  21.91  5  1.69 11.63 229.07  20.92  0.48 15.99 217.46   8.14  0.15 11.12 309.16  10.01  0.10 13.46 308.70   7.89  0.07 17.56 305.44   8.87
19970520 150000  2.9 227.6  1.73 11.56 229.14  22.30  6  1.63 11.59 229.71  21.57  0.52 15.67 216.83   7.41  0.16 21.56 225.10   7.66  0.14 11.03 308.60  10.11  0.11 13.22 309.28   8.06  0.08 17.07 305.29   8.72
19970520 180000  6.5 231.4  1.73 11.59 229.29  22.57  6  1.62 11.62 230.13  22.07  0.56 15.61 217.08   7.65  0.21 20.70 224.22   7.56  0.13 11.03 309.62   9.60  0.11 12.80 307.35   8.54  0.09 16.74 304.86   8.72
19970520 210000  5.7 232.7  1.78 11.66 229.72  23.07  6  1.60 11.67 231.57  23.29  0.74 14.99 218.33   8.16  0.22 20.69 224.28   7.93  0.13 11.04 308.81   9.88  0.11 12.73 308.18   8.05  0.10 16.65 304.54   8.72
19970521 000000  4.8 209.4  1.89 14.56 229.36  22.81  5  1.69 11.74 230.97  23.15  0.76 14.78 218.92   9.42  0.28 20.29 225.29   7.87  0.16 12.64 308.46   9.17  0.11 16.59 304.34   8.88
19970521 030000  7.0 206.5  2.11 14.32 227.88  21.72  5  2.07 14.31 227.48  21.01  0.35 19.51 224.26   8.20  0.12 16.53 304.77   9.10  0.11 12.64 307.49   8.53  0.10 10.87 310.50   8.72
19970521 060000  6.3 199.5  2.38 13.60 226.14  20.12  4  2.35 13.63 225.79  19.47  0.31 20.28 225.00   7.33  0.14 12.62 308.85   8.67  0.12 16.41 305.07   8.99
19970521 090000  7.7 183.3  2.60 13.02 224.35  19.57  4  2.56 13.07 224.06  19.09  0.44 19.05 223.81   7.87  0.13 12.60 308.95   8.73  0.13 16.05 305.14   8.89
19970521 120000  7.1 175.5  2.71 12.78 223.64  19.30  4  2.66 12.80 223.35  18.87  0.48 18.87 223.58   8.24  0.14 15.68 304.96   8.77  0.12 12.56 309.00   8.76
19970521 150000  7.2 172.2  2.77 13.16 223.62  18.56  3  2.76 13.18 223.35  17.86  0.15 15.58 304.64   8.74  0.12 12.47 309.21   8.46
19970521 180000  8.1 172.2  2.81 13.03 222.57  19.01  2  2.80 13.05 222.32  18.41  0.18 15.52 305.71   8.84
19970521 210000  9.9 154.4  2.77 12.61 219.88  22.39  2  2.76 12.61 219.61  21.82  0.18 15.47 305.34   8.95
19970522 000000  9.3 170.1  2.64 12.21 217.43  24.26  4  2.56 12.22 216.68  24.14  0.60 17.84 224.40   8.32  0.16 15.39 304.19   9.37  0.10 11.90 308.40   8.65
19970522 030000  9.2 164.4  2.48 11.88 216.18  24.31  5  0.91  4.30 168.82  28.99  2.18 11.88 221.41  14.58  0.75 16.77 223.74   8.19  0.16 15.23 304.43   9.32  0.09 11.85 308.18   8.86
19970522 060000 10.4 158.7  2.39 11.59 213.12  27.27  5  1.04  4.46 166.75  29.58  2.03 11.58 220.92  14.23  0.72 16.71 224.34   8.04  0.17 14.83 304.62   9.21  0.09 11.82 308.23   8.91
19970522 090000  9.6 155.1  2.29 11.28 211.48  29.15  7  0.98  4.28 158.32  29.58  1.90 11.27 219.41  14.63  0.57 16.72 223.48   8.99  0.39 19.60 228.65   7.13  0.38 14.99 225.00   0.02  0.18 14.64 304.58   9.20  0.08 11.80 308.33   8.99
19970522 120000  7.8 175.3  2.15 11.16 212.84  27.31  6  1.28  7.16 196.71  37.40  1.42 11.14 217.42  12.35  0.86 16.12 222.19   8.24  0.41 19.87 228.62   7.23  0.18 14.56 304.06   9.35  0.08 11.77 308.47   9.09
19970522 150000  8.7 161.5  2.07 15.32 212.70  26.79  6  0.79  4.13 160.53  28.69  1.65 10.97 217.59  15.76  0.82 15.44 222.21   8.43  0.48 19.27 226.80   7.28  0.18 14.51 303.93   9.29  0.07 11.74 308.60   9.12
19970522 180000  8.3 173.5  1.98 15.34 213.72  25.38  5  1.74 10.75 209.68  26.22  0.77 15.40 222.75   8.66  0.53 18.93 225.35   7.92  0.19 14.45 303.98   9.30  0.07 11.69 308.52   9.24
19970522 210000 10.7 173.7  2.05 15.31 210.69  26.66  5  1.77 10.58 205.56  27.70  0.85 15.37 221.58   8.95  0.55 18.87 225.17   7.89  0.19 14.37 304.24   9.45  0.07 11.62 308.42   9.22
19970523 000000 12.6 178.5  2.26 15.19 207.55  27.90  6  2.01  5.98 202.73  28.50  0.87 15.27 221.37   8.90  0.50 18.88 226.40   7.34  0.18 14.23 303.60   9.47  0.06 16.68 310.81   6.96  0.06 11.32 309.75   8.22
19970523 030000  8.9 154.7  2.19 17.73 210.15  28.26  6  1.77  7.02 203.00  31.25  0.88 14.82 220.78   8.81  0.65  9.97 216.49  12.06  0.64 17.84 224.62   8.17  0.19 13.96 304.35   9.44  0.07 16.63 307.86   9.27
19970523 060000  8.9 132.5  2.02 17.57 211.32  30.41  7  0.73  4.16 143.10  27.82  1.40  7.47 215.51  19.94  0.90 14.61 220.42   8.81  0.61 17.77 225.30   7.85  0.61  9.88 218.11  11.79  0.20 13.77 304.30   9.35  0.07 16.60 306.80   9.82
19970523 090000  5.2 148.8  1.85 14.53 214.73  27.03  7  1.37  7.63 207.65  31.81  0.79 14.39 219.61   9.21  0.73 17.34 223.48   8.33  0.57  9.70 217.12  11.25  0.21 13.69 304.12   9.37  0.07 16.61 304.76  10.00  0.06 11.08 307.97   8.86
19970523 120000  6.6 105.9  1.75 16.57 216.07  26.05  5  1.37  7.76 210.76  28.91  0.82 14.44 218.88   9.11  0.68 16.79 224.04   8.27  0.23 13.63 304.07   9.63  0.05 11.01 308.33   9.08
19970523 150000  3.0  70.1  1.68 16.35 216.92  24.93  5  1.27  7.91 211.90  27.68  1.07 16.36 220.41   9.29  0.21 13.56 302.57  10.13  0.10 15.71 309.33   7.45  0.05 10.99 310.68   7.42
19970523 180000  1.7 308.4  1.62 16.02 217.73  21.35  6  1.20  8.19 213.52  22.17  0.89 16.09 221.43   9.30  0.59 13.33 215.79   8.87  0.22 13.49 302.14  10.69  0.10 15.64 309.72   7.33  0.05 11.00 307.55   9.55
19970523 210000  1.5 298.1  1.58 15.30 218.00  19.34  5  1.14  8.59 214.26  18.11  0.81 15.33 221.35   9.28  0.69 13.39 215.65   9.48  0.23 13.41 301.83  12.07  0.10 15.61 307.14   9.29
19970524 000000  3.5 350.9  1.51 15.13 218.25  19.46  4  1.06  8.50 214.45  17.15  1.04 15.12 218.39   9.74  0.25 13.32 300.20  14.26  0.10 15.61 308.28   7.95
19970524 030000  3.2  54.0  1.45 14.57 220.08  27.75  3  1.04 14.68 217.68   9.92  0.98  8.33 217.42  32.86  0.29 13.17 301.08  18.35
19970524 060000  5.1  75.0  1.41 14.35 223.66  37.54  4  1.00 14.43 217.18  10.01  0.83  8.20 213.56  13.32  0.44  4.91 351.14  30.94  0.32 12.97 298.29  16.39
19970524 090000  4.3  69.1  1.37 14.17 228.31  46.01  5  0.97 14.23 216.83  10.10  0.71  8.19 212.67  15.35  0.56  5.24 353.25  32.25  0.30 12.95 305.13   8.91  0.16 12.33 271.13   9.13
19970524 120000  4.8  57.1  1.31 13.95 232.47  49.53  5  0.93 14.07 216.58  10.17  0.61  8.18 212.49  16.36  0.58  5.34 352.64  29.37  0.30 12.85 304.38   9.43  0.17 11.67 270.32   8.53
19970524 150000  2.4   0.2  1.22 13.84 234.65  50.14  6  0.88 14.03 216.86  10.21  0.55  5.35 352.47  27.10  0.54  8.19 212.06  16.33  0.31 12.80 304.46   9.46  0.18 11.20 270.87   8.44  0.05 20.88 217.71   7.23
19970524 180000  2.5 292.5  1.13 13.68 235.77  48.83  5  0.95 13.93 215.82  11.92  0.48  5.32 350.31  23.67  0.32 12.79 304.76   9.32  0.18 10.84 271.52   8.64  0.07 20.50 218.26   7.55
19970524 210000  2.7 266.9  1.04 13.38 236.34  47.17  5  0.88 13.56 216.00  11.57  0.41  5.26 348.86  22.16  0.33 12.83 305.24   9.11  0.19 10.45 272.04   8.93  0.11 20.12 217.96   7.73
19970525 000000  6.5 224.5  1.00 13.29 236.81  44.22  5  0.81 13.37 216.15  11.64  0.41  5.16 325.11  47.31  0.34 12.86 305.31   9.09  0.20 10.10 271.64   8.69  0.14 19.25 218.59   8.38
19970525 030000  3.2 115.9  0.94 13.26 236.44  42.77  5  0.76 13.31 216.11  12.71  0.34 12.80 305.30   9.01  0.31  4.95 334.99  41.83  0.22  9.72 271.62   8.68  0.19 19.06 220.39   9.93
19970525 060000  1.7 128.6  0.88 13.16 237.73  41.63  5  0.69 13.25 216.10  12.55  0.35 12.66 304.99   9.23  0.25  4.81 338.53  40.21  0.24 18.81 221.08  11.22  0.24  9.54 271.68   8.92
19970525 090000  3.3 193.5  0.87 12.79 238.01  40.53  8  0.64 13.04 215.11  13.97  0.29 17.97 219.20   8.22  0.26 12.41 304.04   8.90  0.23 14.36 305.87   9.71  0.23  9.26 273.91   7.95  0.23  4.63 328.29  55.87  0.15 11.23 266.30   9.22  0.12 19.36 249.07   5.15
19970525 120000  2.8  99.1  0.86 17.93 241.28  38.88  8  0.58 12.64 215.35  13.60  0.34 17.83 219.91   8.70  0.27 12.42 304.52   8.91  0.25  9.11 274.45   8.28  0.23 14.42 305.69   9.87  0.19 18.97 249.25   5.32  0.19  4.52 326.78  56.04  0.18 11.14 265.18   8.11
19970525 150000  2.9 307.9  0.88 17.78 244.76  36.62  8  0.51 12.44 215.73  13.30  0.37 17.58 219.30   8.17  0.30 17.98 247.27   7.28  0.28 12.43 305.01   8.79  0.26  8.93 275.95   8.29  0.24 10.53 264.25   7.84  0.22 14.44 306.32   9.44  0.16  4.44 328.15  50.56
19970525 180000  2.6 244.9  0.96 17.30 248.30  33.89  7  0.50 12.33 224.58  29.81  0.48 16.83 223.85  11.37  0.34 17.98 250.84   5.68  0.31 11.69 262.72   7.90  0.31  8.84 279.08  21.59  0.28 12.44 305.24   8.74  0.21 14.43 306.68   9.55
19970525 210000  5.6 237.9  1.07 16.82 249.74  29.90  7  0.51 16.94 248.65   7.52  0.50 11.64 262.76   8.89  0.49 12.28 227.25  28.98  0.46 16.73 220.31   8.58  0.29 12.47 306.16   7.49  0.27  8.38 279.05  19.85  0.20 14.46 307.17  10.39
19970526 000000  3.7 214.8  1.23 16.65 251.08  26.80  6  0.67 11.19 261.72   9.07  0.63 16.86 248.79   8.26  0.49 16.37 219.99   8.24  0.46 11.90 226.21  29.94  0.35 12.63 306.26   8.74  0.29  8.32 275.52  17.93
19970526 030000  1.6 185.8  1.39 16.07 252.85  23.71  4  0.99 11.00 257.38  20.40  0.71 16.66 251.20   7.36  0.56 15.84 222.75   9.27  0.35 13.31 306.27   8.69
19970526 060000  1.1 114.5  1.57 15.65 253.87  21.05  4  1.08 10.74 259.12  17.14  0.93 15.67 251.52   8.63  0.56 15.62 221.91   8.81  0.35 13.48 306.09   8.93
19970526 090000  1.1 183.4  1.76 15.28 254.44  19.06  6  1.25 15.20 250.12  10.98  1.07 10.62 263.65  12.25  0.52 15.41 219.57   7.20  0.25 11.86 306.50   7.64  0.23 13.62 307.83   8.84  0.05 23.57 217.42   7.30
19970526 120000  2.1 286.7  1.92 14.62 254.63  17.86  5  1.56 14.65 248.26  14.73  1.07 10.74 263.75  12.02  0.24 13.57 309.37   8.73  0.23 11.70 305.00   8.06  0.07 23.30 217.73   7.56
19970526 150000  4.7 245.4  2.03 14.29 254.76  17.51  4  2.00 14.33 253.55  15.44  0.24 11.73 305.64   7.65  0.23 13.58 309.10   9.12  0.10 23.03 217.98   7.44
19970526 180000  5.5 208.9  2.07 13.80 254.28  17.84  4  2.04 13.85 253.15  15.87  0.25 13.50 306.43  10.78  0.23 11.69 305.96   8.06  0.13 22.30 218.16   7.65
19970526 210000  4.4 193.2  2.04 13.52 254.06  18.26  4  2.01 13.53 253.10  16.36  0.24 11.75 307.46   8.16  0.21 13.54 308.41   8.85  0.16 21.84 218.39   7.77
19970527 000000  1.1 252.2  1.99 13.30 254.12  18.20  4  1.95 13.30 253.19  15.97  0.32 13.28 306.86   9.28  0.20 21.55 218.65   7.52  0.05 17.80 314.87   7.23
19970527 030000  3.6 235.6  1.93 12.99 254.04  18.38  4  1.89 13.00 253.30  15.90  0.31 12.64 307.92   8.55  0.25 20.71 218.53   7.85  0.06 17.77 315.20   7.51
19970527 060000  3.9 155.3  1.89 12.75 253.50  19.35  4  1.83 12.76 253.01  16.68  0.31 12.64 307.85   8.78  0.31 20.35 218.96   7.58  0.07 17.76 315.45   7.51
19970527 090000  3.9 122.1  1.85 12.61 252.72  20.83  4  1.79 12.61 252.60  18.23  0.36 20.02 219.14   7.56  0.30 12.64 308.18   8.86  0.06 17.75 315.31   7.46
19970527 120000  3.3  66.0  1.82 12.51 252.14  21.50  4  1.75 12.50 252.51  18.81  0.41 19.23 219.14   7.72  0.29 12.64 308.38   8.94  0.06 17.67 314.68   7.31
19970527 150000  3.7  44.8  1.78 12.41 251.54  22.27  4  1.69 12.37 252.47  19.50  0.46 18.98 219.17   7.57  0.28 12.63 308.12   9.70  0.06 17.00 314.30   7.18
19970527 180000  2.8 303.4  1.73 12.22 250.81  22.00  5  1.61 12.13 253.21  17.94  0.50 18.65 219.81   7.71  0.27 12.60 308.29   9.63  0.25 14.58 210.70   5.25  0.07 16.65 312.39   8.99
19970527 210000  2.6 239.2  1.67 11.96 249.92  22.11  5  1.48 11.86 255.47  15.58  0.55 17.91 219.79   7.92  0.47 14.13 217.87   7.23  0.26 12.56 308.53   9.54  0.08 16.61 312.96   8.85
19970528 000000  0.7 114.2  1.60 11.83 249.01  22.55  5  1.37 11.76 255.94  15.24  0.56 17.72 219.61   7.72  0.53 13.92 220.71   8.88  0.26 12.50 308.85   9.42  0.09 16.60 313.20   8.71
19970528 030000  1.4  16.9  1.52 11.76 248.19  23.04  5  1.28 11.69 255.73  15.44  0.57 17.43 219.99   7.66  0.51 13.86 220.59   9.43  0.26 12.39 309.17   9.29  0.08 16.59 313.15   8.71
19970528 060000  1.9  55.2  1.45 11.70 247.23  23.56  5  1.21 11.61 255.13  15.75  0.61 16.75 220.17   7.99  0.44 13.47 218.44   7.45  0.27 12.06 308.12  10.17  0.08 16.55 312.89   8.59
19970528 090000  3.5  28.7  1.39 11.58 246.53  24.07  5  1.12 11.45 255.73  16.14  0.59 16.56 220.23   7.96  0.50 13.38 221.39   9.13  0.26 11.93 308.67   9.75  0.07 16.35 312.63   8.57
19970528 120000  6.8  20.6  1.36 11.33 248.96  33.79  6  0.33  2.38  16.74  29.63  1.06 11.16 255.98  16.50  0.59 16.36 220.31   7.97  0.46 13.30 221.40   8.95  0.25 11.87 309.11   9.59  0.08 15.66 312.25   8.87
19970528 150000  8.3   6.4  1.42 11.13 259.23  44.89  7  0.62  3.32 357.88  32.05  1.02 11.00 256.63  17.00  0.54 15.83 220.02   7.68  0.41 13.42 219.60   8.00  0.24 19.62 225.81   9.36  0.24 11.83 309.38   9.52  0.09 15.55 311.39   9.92
19970528 180000  8.5 323.1  1.58 15.56 271.03  42.41  6  1.39 10.83 284.32  38.87  0.56 15.58 220.59   7.90  0.36 13.24 218.58   6.99  0.23 20.13 225.85   9.63  0.23 11.80 309.33   9.72  0.10 15.52 311.18   9.79
19970528 210000  4.0 317.4  1.73 15.43 274.08  39.02  6  1.45 10.03 291.34  33.63  0.65 15.42 221.30   8.35  0.55 11.01 247.07   8.06  0.32 19.10 225.96  10.23  0.22 11.78 308.75  10.33  0.10 15.52 311.49   9.22
19970529 000000  6.5  13.2  1.82 10.11 279.48  40.52  6  0.96  5.90 335.71  26.43  1.34 10.05 270.08  18.12  0.60 15.19 220.99   8.16  0.40 18.89 226.29  10.27  0.22 11.76 309.40  10.47  0.09 15.51 311.27   9.19
19970529 030000 10.4  22.6  2.17  7.47 301.16  44.51  6  1.62  6.92 334.97  29.57  1.24  9.35 269.15  15.92  0.56 14.78 220.88   7.78  0.44 18.54 226.78  11.42  0.20 11.71 311.21   8.48  0.08 15.47 311.49   8.71
19970529 060000 10.3  38.7  2.51  8.60 306.64  43.96  6  2.05  8.24 330.71  34.29  1.25  9.68 270.69  14.17  0.55 14.57 221.60   8.04  0.48 17.95 226.17  10.69  0.10 17.84 259.07   4.93  0.08 15.25 310.48   8.70
19970529 090000  9.5  35.3  2.55  8.90 303.77  43.37  6  2.06  8.36 328.07  34.73  1.27  9.68 271.68  12.35  0.57 14.46 222.54   9.13  0.52 17.82 226.58   9.58  0.16 17.65 259.10   5.06  0.10 14.56 310.41   8.53
19970529 120000  9.6  28.3  2.46  9.05 301.37  43.91  6  0.35  4.01  67.92  17.30  2.30  9.05 308.46  36.50  0.58 17.52 225.73   9.44  0.52 14.29 222.52   8.58  0.22 17.12 258.49   5.01  0.10 14.52 312.97   6.79
19970529 150000  7.4  28.1  2.35  9.23 295.57  42.02  6  0.43  4.03  60.43  17.97  2.15  9.23 302.70  32.03  0.60 16.82 225.78   9.85  0.53 14.20 223.32   8.44  0.27 16.79 258.69   5.24  0.10 14.51 312.71   7.00
19970529 180000  8.2   4.9  2.34  9.43 291.87  40.26  5  2.17  9.42 301.92  34.81  0.60 16.69 225.22   8.68  0.54 14.11 223.88   9.79  0.36 16.57 256.90   7.06  0.05 17.85 311.50   8.44
19970529 210000  9.4 338.5  2.50  9.52 293.89  39.32  4  2.31  9.51 303.82  33.49  0.83 16.52 224.71   9.20  0.47 15.84 256.42   7.93  0.06 17.78 311.56   8.88
19970530 000000  9.3 342.7  2.61  9.57 293.17  38.93  5  2.40  9.56 303.43  33.31  0.72 15.88 224.34   9.42  0.56 15.53 258.45   8.38  0.47 13.38 227.75  10.08  0.06 17.76 314.09   7.32
19970530 030000 10.5   0.8  2.65 15.40 294.11  41.87  6  1.58  6.84 344.14  27.59  1.83  9.63 280.93  16.63  0.68 15.14 258.19   9.67  0.67 15.64 224.63   9.30  0.54 13.55 224.75   8.72  0.06 17.73 314.15   7.41
19970530 060000  8.1 346.5  2.63 15.05 290.01  41.40  4  2.33  9.64 304.00  36.77  0.87 14.73 257.98  11.62  0.66 15.53 221.63   7.86  0.53 13.43 227.57   9.42
19970530 090000  7.0 342.4  2.55 14.34 282.45  38.63  3  2.19  9.66 297.33  34.89  0.95 14.25 259.72  10.36  0.89 15.33 225.18   9.69
19970530 120000  4.9 347.9  2.51 14.12 276.30  35.82  4  2.10  9.78 290.87  33.08  1.03 13.86 258.68   9.54  0.89 14.53 224.79   9.25  0.07 16.67 313.30   6.65
19970530 150000  3.8   7.2  2.49 13.65 271.35  33.30  5  2.33 13.49 278.03  30.31  0.58 13.04 224.61   8.08  0.46 16.44 223.19   8.82  0.45 14.52 222.00   7.61  0.08 16.64 312.93   6.94
19970530 180000  1.4 162.5  2.48 13.20 267.12  30.68  4  2.31 12.95 273.88  27.67  0.77 14.39 224.75   9.07  0.49 12.50 223.44   7.62  0.08 16.61 313.29   7.14
19970530 210000  6.4 180.0  2.45 13.13 262.58  29.11  3  2.28 12.62 268.95  26.57  0.92 13.94 224.12   8.54  0.08 16.60 313.63   7.22
19970531 000000  3.7 157.1  2.41 13.06 259.13  28.24  4  2.22 12.49 265.56  26.01  0.86 13.50 223.76   8.13  0.36 17.82 224.50   8.62  0.08 16.58 313.75   7.04
19970531 030000  6.6 164.8  2.33 12.66 257.09  27.88  4  2.13 12.31 263.83  25.78  0.88 13.32 223.90   8.17  0.35 18.00 224.49   9.02  0.09 16.41 312.62   6.87
19970531 060000  7.6 171.3  2.27 12.52 253.41  29.73  4  2.04 12.28 260.69  28.93  0.88 13.39 224.85   8.52  0.47 17.48 224.87   8.93  0.11 15.79 308.89   9.10
19970531 090000  8.4 171.8  2.26 12.47 248.37  31.46  5  2.00 12.16 255.14  32.26  0.87 13.25 225.39   8.59  0.55 17.02 224.13   8.78  0.11 15.59 309.54   8.86  0.09 12.80 310.03   8.02
19970531 120000  7.0 176.2  2.21 12.44 245.82  30.21  4  0.79  4.29 192.94  34.04  1.98 12.44 254.19  22.03  0.57 16.96 222.78   8.39  0.11 15.53 310.07   8.77
19970531 150000  6.0 181.1  2.17 12.38 244.46  27.67  4  2.06 12.37 246.54  27.86  0.66 16.86 223.79   8.21  0.10 15.51 310.76   8.59  0.09 12.69 311.92   6.65
19970531 180000  6.9 191.8  2.15 12.18 242.44  25.81  4  2.04 12.13 244.44  25.86  0.67 16.85 222.50   7.58  0.10 15.50 310.95   8.49  0.10 12.68 309.15   8.94
19970531 210000  7.8 193.7  2.17 11.93 238.94  25.41  5  2.02 11.91 241.37  25.70  0.79 16.07 221.92   8.38  0.11 15.47 310.42   8.59  0.10 12.67 309.28   9.02  0.06 10.79 317.69   4.56
19970601 000000  9.9 196.9  2.30 11.79 233.49  25.86  5  1.17  4.97 209.80  27.46  1.80 11.78 244.81  19.39  0.83 15.93 222.01   7.98  0.12 15.36 308.55  10.26  0.10 12.66 309.66  10.09
