Date     Time   Uabs UDir  hs    tp    th     sp     np hs(i) tp(i) th(i)  sp(i)
20010201 000000  8.7 189.9  3.89 13.40 224.93  24.26  4  2.43  7.61 217.64  28.08  2.98 13.29 226.86  13.81  0.51 14.24 310.13  10.57  0.34 17.56 308.20   8.73
20010201 030000 10.5 191.0  3.83 13.46 224.77  24.25  4  3.78 13.39 223.12  20.97  0.49 14.10 309.13  11.55  0.39 17.00 308.36   8.91  0.07 23.33 307.44   8.83
20010201 060000 10.1 185.1  3.72 13.49 224.44  24.34  4  3.66 13.44 222.69  20.86  0.46 13.88 309.26  11.30  0.41 16.82 307.94   8.96  0.09 23.21 306.79   9.22
20010201 090000  8.5 179.6  3.56 13.44 224.84  24.20  4  3.50 13.40 223.03  20.57  0.44 13.72 309.76  10.05  0.41 16.74 307.69   9.55  0.11 22.76 306.00   9.42
20010201 120000  8.9 186.0  3.39 13.35 225.42  24.05  4  3.34 13.30 223.52  20.22  0.42 13.62 309.24  10.20  0.40 16.66 308.51   9.32  0.13 22.04 306.01   9.39
20010201 150000  9.8 199.6  3.27 13.21 225.62  24.12  4  3.21 13.16 223.61  20.06  0.41 16.53 308.66   9.26  0.39 13.56 309.48  10.08  0.15 21.90 306.67   8.95
20010201 180000 12.1 206.6  3.29 12.98 225.61  24.26  4  3.23 12.91 223.55  20.13  0.44 16.30 308.98   9.45  0.37 13.50 309.25   9.84  0.17 21.85 307.19   8.84
20010201 210000 13.3 208.7  3.48 12.75 224.59  25.15  4  3.43 12.71 222.64  21.41  0.47 15.86 308.96   8.96  0.34 13.42 309.32  10.49  0.19 21.77 306.98   9.08
20010202 000000 12.7 200.0  3.56 12.59 222.95  26.63  5  3.50 12.55 221.00  23.20  0.47 15.71 308.04   9.53  0.34 13.43 310.37  10.02  0.21 21.56 306.32   9.63  0.18 17.80 227.13   7.63
20010202 030000 11.8 189.6  3.37 12.43 221.70  28.12  6  2.69  8.16 215.33  28.26  1.93 12.40 226.78  11.96  0.47 15.60 308.20   9.56  0.31 13.36 310.06  10.40  0.26 16.85 230.15   8.16  0.24 20.95 306.31   9.49
20010202 060000 10.0 182.7  3.00 12.17 222.04  29.16  5  2.36  7.91 214.80  28.94  1.73 12.11 226.77  11.83  0.54 15.52 308.73   9.96  0.31 16.65 226.97   7.59  0.27 20.60 306.72   9.24
20010202 090000  9.5 181.4  2.67 11.94 222.77  30.04  5  1.98  7.49 213.69  29.93  1.65 11.91 226.49  11.50  0.53 15.44 308.81   9.96  0.31 16.63 226.81   8.59  0.30 20.50 307.23   9.20
20010202 120000  8.9 182.0  2.46 11.82 223.21  30.72  5  1.73  7.10 211.66  30.46  1.58 11.79 226.62  11.24  0.52 15.32 308.87  10.08  0.43 15.71 225.98  10.39  0.32 20.44 307.24   9.29
20010202 150000  8.6 204.5  2.35 11.71 224.88  30.28  6  1.65  6.92 214.53  28.71  1.49 11.69 226.06  11.52  0.47 15.12 308.36   9.87  0.44 15.58 227.00   9.41  0.34 20.32 306.98   9.50  0.22 12.57 311.13  11.17
20010202 180000 12.5 209.9  2.51 11.58 225.62  28.72  4  2.39 11.55 221.29  21.97  0.52 14.80 308.90  10.22  0.44 15.54 226.76   9.21  0.37 20.06 307.17   9.71
20010202 210000 12.3 207.2  2.92  7.33 224.07  28.44  4  2.80  7.33 220.77  23.55  0.54 15.19 225.55   9.60  0.51 14.64 309.16  10.08  0.39 19.59 307.61   9.74
20010203 000000 10.2 194.9  3.09  8.44 223.44  28.54  5  2.72  8.44 219.70  25.96  1.22 11.05 223.90  11.41  0.52 14.63 226.65  10.05  0.49 14.56 309.28  10.05  0.41 19.35 308.03   9.69
20010203 030000  7.1 203.3  3.05  9.08 224.40  28.00  5  2.67  9.08 220.41  25.14  1.22 11.13 225.92  12.00  0.53 14.54 226.18   9.39  0.47 14.50 309.57   9.83  0.43 19.21 308.38   9.72
20010203 060000  5.6 207.7  2.96  9.35 225.59  27.39  4  2.83  9.35 222.44  22.43  0.54 14.48 225.92   8.99  0.46 19.08 308.84   9.90  0.45 14.44 309.58   9.80
20010203 090000  4.2 182.5  2.94  9.91 226.02  26.78  4  2.80  9.91 222.77  21.46  0.61 14.08 225.45   9.81  0.49 18.86 308.81  10.07  0.43 14.38 309.93   9.75
20010203 120000  3.9 195.8  2.93 10.18 226.16  26.22  4  2.79 10.18 222.94  20.54  0.63 13.70 223.74  10.90  0.50 18.57 308.62  10.22  0.43 14.30 309.98  10.01
20010203 150000  2.8 234.0  2.84 10.31 226.60  26.07  4  2.71 10.30 222.99  19.73  0.53 13.66 228.15   7.12  0.51 18.34 308.92  10.14  0.42 14.21 310.18  10.12
20010203 180000  5.4 236.2  2.73 10.38 227.19  26.16  4  2.61 10.38 223.41  18.97  0.53 18.11 309.58  10.18  0.45 13.75 224.39   6.37  0.40 14.09 310.40  10.16
20010203 210000  4.1 223.0  2.64 10.43 227.42  26.46  3  2.56 10.42 223.30  18.15  0.55 17.87 310.48  10.03  0.39 13.92 310.33  10.10
20010204 000000  4.4 191.7  2.56 10.45 227.53  26.77  4  2.36 10.43 223.10  18.30  0.74 13.48 222.73   9.54  0.57 17.70 310.64  10.01  0.38 13.78 310.64  10.08
20010204 030000  3.3 178.6  2.53 10.50 227.66  26.70  5  2.24 10.49 223.58  18.25  0.92 12.77 220.03   9.94  0.58 17.56 309.98   9.87  0.37 13.67 311.60  10.49  0.29 15.92 223.13   6.42
20010204 060000  3.2 221.2  2.60 10.50 227.54  26.21  4  2.32 10.49 222.96  17.92  0.93 12.80 223.97   7.96  0.60 17.42 309.96  10.02  0.33 13.50 310.62  10.58
20010204 090000  0.9 210.9  2.68 10.43 227.18  25.98  4  2.53 10.42 222.86  17.05  0.61 17.26 309.81  10.23  0.50 15.08 223.16   6.97  0.34 13.53 311.29  10.13
20010204 120000  0.9 328.0  2.66 10.28 227.22  26.16  4  2.48 10.27 222.96  16.99  0.65 14.51 220.10   7.66  0.63 16.90 310.29  10.26  0.33 13.51 311.64  10.11
20010204 150000  3.3 267.9  2.55 10.01 228.02  26.70  5  2.18 10.01 223.27  17.93  0.93 13.44 221.72   8.97  0.62 16.63 310.79  10.20  0.61 11.46 225.00   0.00  0.33 13.53 312.30  10.04
20010204 180000  4.5 234.6  2.41  9.85 229.24  27.33  3  2.30  9.85 223.86  16.25  0.64 16.52 311.21  10.05  0.29 13.35 312.35  10.47
20010204 210000  4.6 216.6  2.27 13.18 230.15  27.92  2  2.16 10.35 224.23  16.03  0.69 16.47 311.35  10.14
20010205 000000  3.0 162.3  2.15 12.45 230.93  28.71  2  2.03 12.29 224.28  15.81  0.69 16.42 311.07  10.20
20010205 030000  3.5 184.2  2.03 12.41 231.99  29.90  2  1.91 12.33 224.23  15.52  0.70 16.34 310.83  10.30
20010205 060000  6.1 191.6  1.94 12.37 232.56  31.58  2  1.81 12.30 223.58  16.02  0.71 16.20 310.83  10.42
20010205 090000  5.7 176.6  1.87 12.32 232.64  33.17  2  1.73 12.17 222.75  17.26  0.71 15.74 311.00  10.67
20010205 120000  2.4 160.4  1.80 12.11 233.29  33.36  2  1.66 11.90 223.09  17.02  0.70 15.50 311.27  10.70
20010205 150000  4.9 221.3  1.79 11.88 233.14  32.62  2  1.65 11.75 223.45  16.46  0.68 15.43 311.41  10.65
20010205 180000  7.5 217.3  1.87 11.77 231.91  31.38  2  1.75 11.68 223.62  17.09  0.66 15.41 311.31  10.65
20010205 210000  9.6 208.3  2.05 11.75 228.46  30.69  3  1.94 11.66 221.84  19.11  0.59 15.40 310.26  11.01  0.27 13.41 315.02   7.04
20010206 000000  7.4 184.2  2.18 11.83 226.01  31.10  3  2.08 11.71 220.21  21.30  0.47 15.48 305.84  10.12  0.44 13.64 316.42   8.14
20010206 030000  8.1 196.6  2.24 11.99 225.43  30.87  4  1.71  7.36 217.07  25.65  1.30 11.80 224.66  10.25  0.51 15.31 307.40  10.86  0.39 13.42 316.32   8.17
20010206 060000  8.4 188.4  2.30 12.22 225.03  30.23  3  1.75  7.38 216.93  25.61  1.35 11.87 224.95  10.49  0.63 15.20 310.68  11.01
20010206 090000  5.8 185.2  2.30 12.61 226.04  28.93  3  1.70  7.46 218.60  25.06  1.43 11.90 225.26  10.88  0.61 14.84 310.71  11.20
20010206 120000  5.9 178.2  2.25 13.23 227.28  27.66  4  1.51  7.54 219.69  25.28  1.35 12.19 226.71  10.84  0.79 13.85 223.08  10.36  0.59 14.55 310.61  11.49
20010206 150000  5.5 221.7  2.19 12.80 228.68  26.34  2  2.12 12.62 224.52  18.02  0.57 14.48 310.46  11.71
20010206 180000  8.6 207.9  2.30 12.54 228.32  25.51  2  2.23 12.45 224.83  18.43  0.54 14.46 310.50  11.30
20010206 210000 12.4 204.3  2.79 12.22 224.24  25.62  3  2.74 12.05 222.02  21.23  0.45 14.46 307.26  11.37  0.27 12.51 318.31   6.50
20010207 000000  7.9 195.2  3.23  8.49 222.31  26.83  4  2.87  8.49 218.24  25.31  1.37 11.62 230.77  12.25  0.39 14.53 305.04  10.88  0.33 12.68 317.03   7.28
20010207 030000  8.8 192.9  3.10  9.00 223.32  27.14  5  2.70  9.00 218.22  25.73  1.45 11.34 232.55  12.75  0.39 14.51 304.70  11.08  0.33 12.63 316.71   7.67  0.05 20.43 310.94  10.36
20010207 060000  9.0 190.1  2.85  8.96 224.39  27.27  5  2.48  8.96 219.20  25.31  1.31 11.32 233.24  13.33  0.42 14.38 305.88  11.49  0.27 12.43 317.92   7.22  0.06 20.32 310.97  10.20
20010207 090000  5.8 177.9  2.64  8.92 226.01  26.76  4  2.28  8.92 221.06  24.50  1.24 11.35 232.70  13.97  0.48 14.32 309.63  11.61  0.07 20.09 310.30  10.32
20010207 120000  4.6 186.8  2.47 11.46 227.74  25.71  4  2.03  9.00 222.34  23.32  1.32 11.24 232.39  14.55  0.47 14.24 309.53  11.80  0.08 19.56 311.45   9.20
20010207 150000  6.0 219.4  2.36 10.94 228.52  24.84  6  1.84  8.86 223.16  22.71  1.40 10.90 231.10  14.42  0.45 14.12 309.43  11.80  0.09 19.24 312.22   9.11  0.08 16.89 218.63   6.34  0.05 23.33 297.68  10.74
20010207 180000  7.6 212.6  2.29 10.82 228.09  24.63  5  1.76  8.86 223.48  22.55  1.40 10.80 229.19  14.88  0.43 13.96 309.12  11.95  0.09 19.11 312.86   8.87  0.06 23.30 298.65  10.90
20010207 210000  9.2 209.3  2.29 10.70 226.43  25.30  6  1.88  8.91 221.34  22.66  1.21 10.68 230.74  14.60  0.42 13.86 308.88  11.95  0.11 15.89 217.00   7.34  0.10 19.04 313.21   8.50  0.06 23.28 299.30  10.94
20010208 000000  6.0 191.4  2.31 10.25 224.60  26.59  7  1.98  8.79 219.87  24.16  1.10 10.44 230.14  14.70  0.36 13.83 305.87  12.17  0.20 11.70 316.72   7.72  0.11 18.93 313.00   7.95  0.11 15.85 218.08   7.04  0.06 23.09 298.25  11.09
20010208 030000  7.1 192.6  2.23  8.55 224.39  27.45  8  2.02  8.54 219.47  24.14  0.83 10.42 236.47  11.11  0.33 13.80 304.53  11.54  0.23 11.84 316.86   7.45  0.14 13.54 211.04   5.89  0.14 15.60 216.11   7.38  0.14 18.65 311.80   9.20  0.09 21.94 296.79  10.96
20010208 060000  8.2 193.3  2.07  8.45 224.37  28.52  7  1.80  8.37 218.33  24.89  0.90 10.14 233.53  14.39  0.36 13.68 304.45  12.96  0.21 13.87 214.26   8.55  0.18 11.65 318.33   6.64  0.15 18.10 311.89   9.07  0.11 21.80 296.91  11.06
20010208 090000  7.2 191.8  1.92  9.54 224.65  29.51  7  1.66  8.19 218.38  25.49  0.78 10.09 231.20  12.72  0.40 13.64 307.99  12.36  0.27 14.06 213.02   9.14  0.25 11.97 249.68   6.32  0.15 17.90 312.34   8.90  0.12 21.78 297.59  11.41
20010208 120000  6.6 189.9  1.80  9.49 225.63  29.85  6  1.55  8.01 219.13  25.22  0.73 10.02 234.92  11.30  0.40 13.61 307.49  13.16  0.36 14.14 210.99   7.92  0.16 17.82 312.54   8.82  0.12 21.77 298.59  11.40
20010208 150000  6.4 211.4  1.74  7.92 226.31  29.72  6  1.45  7.92 220.36  24.82  0.69 10.16 234.22  12.52  0.49 13.49 211.28   7.74  0.40 13.58 307.80  12.40  0.16 17.78 312.80   8.63  0.12 21.58 298.84  11.10
20010208 180000  8.7 217.4  1.78 13.43 226.17  29.15  7  1.45  7.67 221.04  24.40  0.65 13.32 211.98   8.06  0.61  9.48 237.53   9.83  0.39 13.55 307.21  13.01  0.21 10.43 217.92   4.55  0.19 17.66 311.65   8.54  0.16 20.50 297.31  10.98
20010208 210000 10.2 208.2  2.01 13.36 223.30  28.59  4  1.96 13.23 219.69  22.59  0.38 13.51 306.81  12.91  0.21 17.34 311.70   8.83  0.20 20.38 296.64  11.24
20010209 000000  5.5 208.0  2.11 13.24 221.98  29.00  5  1.74  6.87 219.00  26.60  1.09 12.94 217.82  12.65  0.37 13.49 306.75  12.81  0.22 16.82 311.85   8.81  0.22 20.36 296.99  11.79
20010209 030000  6.4 195.8  2.02 13.04 222.23  28.87  6  1.60  7.00 219.77  26.80  1.14 12.68 216.59  11.06  0.34 13.48 305.27  12.85  0.22 16.68 311.39   9.20  0.21 20.35 298.10  12.13  0.13 10.92 318.41   6.51
20010209 060000  5.6 194.4  1.87 12.71 222.75  28.99  5  1.33  6.91 219.01  27.30  1.22 12.55 217.88  11.34  0.37 13.47 307.14  13.03  0.23 16.64 311.41   9.13  0.21 20.25 299.50  11.61
20010209 090000  6.2 208.0  1.75 12.56 224.22  29.45  5  1.10  6.64 219.93  27.68  1.26 12.45 217.99  10.87  0.38 13.44 307.33  12.77  0.25 19.26 299.13  11.22  0.22 16.61 311.00   9.32
20010209 120000  4.8 192.6  1.67 12.47 225.79  30.37  6  1.27 12.36 218.47  11.16  0.92  6.39 219.86  28.70  0.39 13.14 307.25  12.46  0.31 19.07 297.68  11.26  0.21 16.61 311.45   8.91  0.20 16.89 223.56   9.33
20010209 150000  7.2 209.2  1.63 12.39 226.64  30.87  5  1.51 12.16 218.84  18.58  0.34 19.05 297.35  11.95  0.33 12.83 306.46  13.23  0.29 16.27 310.18   9.08  0.28 16.88 223.84   9.01
20010209 180000  9.2 200.1  1.79 12.32 224.10  30.50  6  1.08  4.55 214.79  28.47  1.23 11.93 219.14  10.92  0.46 16.55 222.62   8.88  0.35 19.03 298.47  12.61  0.34 12.74 306.05  12.94  0.28 15.70 311.06   8.71
20010209 210000 13.4 201.3  2.25 12.32 218.94  29.57  5  2.08 11.88 214.33  23.81  0.65 16.33 222.27   8.55  0.34 12.71 306.59  12.62  0.34 18.99 299.60  12.43  0.26 15.60 311.68   8.49
20010210 000000 10.9 190.7  2.61 15.70 215.69  29.65  6  2.10  6.45 209.25  28.87  1.14 11.97 218.56   8.75  0.89 15.85 221.12   8.75  0.35 18.63 301.06  11.91  0.33 12.71 307.10  12.67  0.26 15.55 309.98   9.63
20010210 030000 11.7 187.8  2.73 15.47 215.41  28.71  6  2.16  6.85 208.22  27.97  1.19 15.46 221.36   8.54  1.03 12.18 218.68   8.23  0.39 17.98 300.60  11.65  0.33 12.72 307.55  12.48  0.25 15.53 309.36   9.86
20010210 060000 11.7 180.6  2.85 15.17 215.94  28.18  6  2.14  6.97 207.13  28.10  1.78 15.09 221.12   8.71  0.43 17.88 299.97  12.18  0.30 12.76 306.51  12.75  0.25 15.49 309.78   9.13  0.10 10.23 316.02   7.83
20010210 090000 12.0 180.8  3.00 14.68 216.62  27.91  4  2.25  7.23 207.99  28.64  1.90 14.64 221.88   8.87  0.45 17.84 300.10  12.61  0.38 15.37 308.52  11.52
20010210 120000 10.0 175.3  3.09 14.47 218.80  26.90  3  2.25  7.63 210.90  28.90  2.04 14.45 222.76   9.42  0.58 17.78 303.60  13.13
20010210 150000 10.3 200.4  3.13 14.32 222.02  24.40  4  2.15  8.18 215.35  26.98  2.20 14.31 224.21  10.26  0.46 17.69 302.10  12.10  0.30 14.31 310.16  11.25
20010210 180000 13.4 206.8  3.48 14.20 223.04  22.77  3  3.44 14.17 221.61  19.76  0.44 17.54 303.57  11.81  0.30 14.42 309.47  11.48
20010210 210000 14.4 204.6  4.09 14.12 222.81  23.31  3  4.06 14.04 221.78  21.28  0.44 17.30 303.71  12.13  0.30 14.48 308.99  12.04
20010211 000000 11.9 194.4  4.45  9.59 222.41  24.29  4  3.70  9.59 219.02  25.69  2.41 13.94 227.08  11.40  0.44 16.89 303.15  12.36  0.28 14.48 310.89   9.94
20010211 030000 11.9 186.7  4.39 13.95 222.52  24.53  4  3.47 10.03 216.66  26.04  2.64 13.85 229.54  12.77  0.46 16.71 301.74  12.35  0.27 14.48 312.59   8.73
20010211 060000 10.8 184.2  4.34 13.93 222.50  24.40  2  4.31 13.80 221.58  22.75  0.53 16.60 304.11  12.56
20010211 090000 11.1 183.1  4.27 14.13 222.88  23.95  2  4.24 14.08 221.96  22.25  0.53 16.55 304.36  12.84
20010211 120000  9.7 185.4  4.07 14.19 223.60  23.14  2  4.04 14.17 222.70  21.38  0.50 16.51 305.18  13.01
20010211 150000  9.5 203.4  3.83 14.09 224.37  21.93  2  3.80 14.08 223.51  20.12  0.46 16.43 305.76  12.86
20010211 180000 12.0 210.6  3.72 13.51 224.26  21.35  2  3.70 13.50 223.44  19.57  0.44 16.16 305.39  12.78
20010211 210000 12.4 202.2  3.88 13.37 222.93  22.35  3  3.42 10.25 221.37  22.40  1.77 13.36 224.98  12.56  0.44 15.65 305.26  12.09
20010212 000000 10.0 184.8  3.90 10.04 222.40  23.61  4  3.54 10.04 221.29  23.63  1.59 13.28 222.94  11.30  0.45 15.54 304.99  12.36  0.06 20.38 217.68   7.01
20010212 030000 10.0 190.7  3.76 10.60 222.46  23.70  4  3.36 10.58 221.00  23.73  1.62 12.85 223.84  11.67  0.46 15.50 304.89  12.90  0.07 20.31 217.64   7.69
20010212 060000  9.5 193.6  3.67 11.11 222.52  23.12  2  3.64 11.09 221.67  21.43  0.44 15.47 304.94  13.24
20010212 090000  4.3 195.6  3.53 11.48 223.24  22.07  3  3.50 11.48 222.45  20.44  0.41 15.44 304.79  13.52  0.13 19.05 217.92   7.92
20010212 120000  2.8 244.2  3.33 11.49 223.96  21.18  3  3.30 11.49 223.18  19.47  0.39 15.35 304.82  13.41  0.13 19.03 216.51   8.46
20010212 150000  3.1 267.8  3.11 11.48 224.49  20.73  3  3.09 11.48 223.63  18.75  0.38 15.10 305.71  12.95  0.17 18.00 217.75   7.32
20010212 180000  3.2 270.9  2.93 11.26 225.09  20.55  3  2.90 11.25 224.11  18.22  0.38 14.69 306.45  12.81  0.21 17.83 217.27   7.04
20010212 210000  2.6 259.2  2.80 11.03 225.49  20.36  3  2.77 11.03 224.42  17.75  0.38 14.58 307.03  12.73  0.22 17.72 217.94   7.55
20010213 000000  1.8 201.7  2.72 10.91 225.35  20.11  3  2.68 10.91 224.30  17.44  0.37 14.52 307.21  12.83  0.26 16.85 217.89   7.98
20010213 030000  4.3 214.5  2.62 10.79 224.84  19.92  3  2.57 10.79 223.82  17.24  0.36 14.49 306.77  13.40  0.30 16.75 217.52   7.68
20010213 060000  3.3 211.3  2.49 10.61 224.32  19.92  3  2.45 10.61 223.30  17.18  0.35 14.44 306.45  13.83  0.32 16.71 216.97   8.03
20010213 090000  1.6 199.8  2.37 10.44 223.99  20.01  3  2.31 10.44 222.95  17.14  0.40 15.85 217.29   8.03  0.34 14.36 306.48  14.04
20010213 120000  3.5 233.9  2.30 10.30 223.70  20.06  3  2.22 10.29 222.74  17.11  0.49 15.66 216.81   9.23  0.33 14.24 306.80  14.09
20010213 150000  2.2 237.6  2.31 10.29 223.18  19.78  3  2.21 10.28 222.45  16.98  0.57 15.56 215.48   8.39  0.33 14.02 307.14  14.13
20010213 180000  3.8 235.4  2.35 10.40 222.49  19.34  4  2.24 10.39 221.91  16.86  0.67 14.94 216.16   8.65  0.30 13.80 305.57  12.75  0.09 11.01 329.01   7.58
20010213 210000  6.3 211.7  2.41 10.47 221.73  18.97  3  2.25 10.46 221.40  16.84  0.80 14.67 216.21  10.23  0.30 13.71 308.17  13.83
20010214 000000  6.3 176.4  2.44 10.56 220.80  19.18  5  1.97 10.20 221.38  18.81  1.06 12.15 218.59  12.18  0.91 14.57 215.26   8.40  0.28 13.64 306.56  12.80  0.08 10.65 332.02   5.81
20010214 030000  5.7 187.2  2.43 11.17 220.49  19.08  6  2.24 11.14 220.04  17.60  0.89 14.71 217.47   8.93  0.26 13.58 307.26  12.53  0.08 10.41 331.90   5.96  0.05 23.21 301.35  11.37  0.05 16.62 301.80   9.09
20010214 060000  6.6 190.2  2.46 13.49 220.39  18.87  5  2.44 13.48 219.65  16.69  0.25 13.53 307.07  12.72  0.08 10.47 331.17   5.99  0.06 23.09 301.19  11.14  0.05 16.61 301.99   9.37
20010214 090000  5.2 174.9  2.57 13.41 220.77  18.49  4  2.56 13.39 220.15  16.65  0.24 13.47 306.99  13.09  0.08 10.27 331.35   6.27  0.06 22.45 301.30  11.08
20010214 120000  3.5 208.8  2.76 11.28 221.39  17.86  5  2.50 11.26 221.48  17.24  1.13 13.97 217.91   9.99  0.24 13.42 305.29  14.63  0.08 21.90 301.68  11.21  0.08 10.23 331.88   5.37
20010214 150000  6.0 213.9  2.86 10.99 221.65  17.69  5  2.84 10.98 221.19  16.32  0.22 13.24 307.54  11.74  0.09 21.78 301.27  11.34  0.09 20.46 232.84   7.58  0.08 10.19 331.54   5.43
20010214 180000  7.9 218.2  2.84 10.64 221.78  17.98  6  2.83 10.65 221.29  16.63  0.21 13.07 307.51  12.09  0.12 20.08 235.68   5.14  0.10 21.73 300.97  11.54  0.07 10.08 331.46   5.82  0.07 15.56 302.16   9.15
20010214 210000  8.6 207.6  2.80 13.20 221.63  18.52  5  2.78 13.22 221.09  17.23  0.23 19.12 233.51   8.39  0.21 12.97 311.01  13.33  0.11 21.66 300.92  11.38  0.08 15.53 302.48   9.33
20010215 000000  6.1 196.9  2.76 13.28 221.50  18.86  5  2.74 13.30 220.90  17.57  0.26 19.04 234.26   7.78  0.20 12.89 311.55  13.08  0.12 21.46 301.60  11.52  0.08 15.53 301.65   9.00
20010215 030000  7.4 196.4  2.78 13.32 221.51  18.84  5  2.73 13.35 220.74  17.58  0.42 18.00 232.72   7.57  0.20 12.81 311.03  13.67  0.14 20.68 301.73  11.42  0.07 15.52 301.32   9.04
20010215 060000  6.7 189.4  2.87 13.29 221.70  18.63  5  2.82 13.32 220.86  17.41  0.48 17.81 233.88   7.53  0.19 12.77 311.72  13.20  0.15 20.43 300.23  10.95  0.07 15.49 299.55   8.70
20010215 090000  7.2 184.4  3.02 12.86 221.76  18.57  4  2.94 12.90 220.77  17.55  0.65 17.34 232.27   8.03  0.20 12.73 310.23  13.22  0.17 20.35 300.90  11.84
20010215 120000  6.4 199.2  3.15 12.51 222.14  18.52  4  3.06 12.50 221.14  17.61  0.70 16.77 232.73   7.79  0.19 12.69 309.90  13.04  0.18 20.30 300.86  11.87
20010215 150000  6.6 215.9  3.11 12.47 223.22  18.36  4  3.02 12.47 222.27  17.45  0.71 16.68 231.91   8.96  0.19 20.22 301.30  11.91  0.19 12.63 309.22  12.95
20010215 180000  7.2 219.0  2.98 12.45 224.51  18.25  6  2.81 12.44 223.11  17.47  0.95 15.89 231.63   8.93  0.20 19.95 300.75  11.61  0.15 12.55 312.62  12.79  0.10 14.52 301.62   9.41  0.05 16.59 315.36   7.38
20010215 210000  6.8 212.4  2.88 12.34 225.21  18.35  6  2.72 12.34 223.99  17.36  0.90 15.66 230.23   9.94  0.22 19.29 299.83  12.02  0.15 12.48 312.50  12.75  0.10 14.52 301.86   9.60  0.07 16.64 314.85   8.49
20010216 000000  6.0 196.5  2.83 11.99 225.37  18.45  5  2.65 11.96 223.89  17.32  0.94 15.49 231.03   9.53  0.24 19.09 300.79  11.08  0.17 14.33 309.85  12.38  0.08 16.65 314.89   8.50
20010216 030000  5.8 201.5  2.87 11.61 225.32  18.56  4  2.61 11.57 223.45  17.75  1.15 14.85 230.35   8.91  0.27 19.03 302.23  12.21  0.17 13.81 309.15  12.67
20010216 060000  5.3 198.8  3.01 10.68 225.11  18.71  4  2.75 10.67 223.38  17.93  1.18 14.33 229.96   9.73  0.28 18.98 301.95  13.38  0.17 13.53 308.45  13.05
20010216 090000  5.0 194.2  3.10 10.65 224.81  18.89  5  2.99 10.65 223.66  17.57  0.76 15.30 231.69  10.26  0.28 18.91 302.81  12.37  0.13 13.55 303.80  10.66  0.09 11.79 318.14   9.78
20010216 120000  4.3 190.6  3.05 10.59 224.75  19.08  5  3.03 10.58 224.04  17.35  0.29 18.75 303.27  12.30  0.13 13.58 302.84  10.46  0.10 11.85 317.52   9.19  0.05 21.76 317.65   7.03
20010216 150000  3.0 229.2  2.91 10.42 225.42  19.27  6  2.64 10.41 223.96  18.03  1.16 13.94 227.47  11.20  0.30 18.18 301.86  12.07  0.12 15.52 317.37   7.38  0.11 13.52 300.60   8.80  0.10 11.86 317.38   9.08
20010216 180000  4.5 241.6  2.78 10.28 226.34  19.42  5  2.46 10.27 224.42  18.06  1.24 13.63 228.45  10.04  0.33 17.90 302.50  12.34  0.15 13.42 307.72  11.94  0.12 15.46 317.62   7.14
20010216 210000  4.1 221.1  2.69 13.23 226.78  19.51  5  2.13 10.06 223.76  18.56  1.59 13.23 228.59  11.15  0.33 17.82 301.72  12.14  0.19 15.43 312.20  11.18  0.10 20.36 319.17   5.11
20010217 000000  2.5 138.3  2.57 12.91 226.81  19.71  5  2.09 10.16 223.68  17.78  1.44 12.93 228.80  11.37  0.34 17.76 302.15  12.30  0.19 15.31 313.51  11.32  0.11 20.33 317.27   7.25
20010217 030000  2.3 160.1  2.41 12.65 226.96  20.09  4  1.88 10.02 223.78  18.07  1.45 12.63 227.66  10.82  0.40 17.73 305.38  13.02  0.10 20.30 320.29   5.08
20010217 060000  3.9 194.2  2.29 12.52 227.27  20.73  4  2.25 12.50 225.22  15.65  0.38 17.70 304.84  12.82  0.21 14.47 314.57  10.36  0.05 21.18 215.49   7.77
20010217 090000  2.2 181.8  2.27 12.29 227.42  21.25  4  2.22 12.26 225.06  15.39  0.40 17.64 306.18  12.68  0.20 14.39 314.54  10.43  0.06 20.79 215.94   7.72
20010217 120000  1.9 269.3  2.33 11.66 226.98  21.34  5  2.28 11.64 224.57  15.26  0.38 16.99 303.29  11.94  0.21 14.39 315.01  10.21  0.18 19.01 319.43   5.01  0.07 20.60 216.25   7.78
20010217 150000  4.1 256.4  2.37 10.96 226.66  21.59  5  2.32 10.93 224.26  15.65  0.38 16.75 303.18  12.06  0.22 14.36 315.35  10.01  0.18 19.00 319.68   4.99  0.08 20.40 215.95   7.98
20010217 180000  4.2 265.5  2.36 10.62 226.83  21.88  5  2.31 10.61 224.34  15.81  0.40 16.71 303.97  12.52  0.22 14.25 316.00   9.67  0.16 19.00 319.62   5.11  0.09 20.14 216.09   7.91
20010217 210000  2.5 249.2  2.31 10.50 227.42  22.77  4  2.25 10.49 224.49  15.80  0.46 16.79 307.01  13.09  0.22 13.63 317.05   9.31  0.11 19.80 216.92   8.06
20010218 000000  1.9 352.5  2.20 10.34 228.20  24.25  4  2.13 10.32 224.49  15.73  0.49 17.04 308.38  13.08  0.22 13.51 317.30   9.17  0.12 19.36 216.81   8.12
20010218 030000  1.3  13.4  2.10  9.95 228.77  25.24  4  2.02  9.95 224.52  15.71  0.51 17.26 309.33  12.84  0.21 13.40 317.27   9.28  0.13 19.15 216.65   8.16
20010218 060000  2.4 191.9  2.10  9.84 228.59  25.08  4  2.02  9.84 224.46  15.72  0.50 17.21 309.20  12.83  0.22 13.38 317.63   8.98  0.15 18.95 216.61   8.61
20010218 090000  1.9 153.8  2.17  9.86 227.76  24.65  5  1.74  9.52 221.31  16.97  1.17 11.36 229.77  11.23  0.49 16.65 309.17  12.84  0.23 13.32 318.04   8.74  0.17 18.63 217.30   8.25
20010218 120000  1.3 148.8  2.22  9.89 227.27  25.16  5  1.81  9.75 221.32  16.96  1.14 11.38 228.28  11.84  0.52 16.48 310.06  12.64  0.23 13.18 318.59   8.15  0.18 18.15 217.88   8.33
20010218 150000  4.9 287.6  2.21  9.88 227.98  26.64  4  2.12  9.87 223.44  16.77  0.55 16.46 311.12  12.10  0.23 12.83 318.80   8.10  0.20 17.99 218.36   8.42
20010218 180000  3.8 275.5  2.17  9.84 228.96  27.36  4  2.07  9.84 224.04  17.03  0.56 16.44 311.37  11.75  0.23 17.77 217.79   9.01  0.23 12.67 319.33   7.92
20010218 210000  2.4 232.6  2.11 10.79 229.31  27.23  4  2.00  9.89 224.25  16.47  0.56 16.36 311.06  12.08  0.26 17.42 218.38   9.00  0.22 12.53 319.99   7.93
20010219 000000  0.5 146.4  2.03 10.97 229.61  27.19  5  1.92 10.90 224.40  15.94  0.54 16.08 311.03  12.29  0.28 16.90 218.83   8.71  0.22 12.47 319.80   8.12  0.08 19.01 309.75   6.77
20010219 030000  2.0 214.0  1.96 11.02 230.37  27.91  5  1.84 10.94 224.56  15.47  0.55 15.65 311.61  12.19  0.30 16.75 219.32   8.62  0.22 12.41 319.37   7.67  0.07 19.00 309.69   6.71
20010219 060000  2.0 176.6  1.93 10.95 231.30  28.87  5  1.79 10.89 224.72  15.07  0.58 15.55 312.41  11.81  0.32 16.69 220.09   8.62  0.23 12.31 320.16   8.11  0.06 19.00 311.07   5.17
20010219 090000  0.4 124.1  1.93 15.55 231.53  29.19  4  1.78 10.82 224.71  14.83  0.59 15.51 312.73  11.74  0.37 16.39 219.91   8.90  0.23 12.04 320.37   8.15
20010219 120000  2.4 344.0  1.94 15.50 231.04  29.00  4  1.79 10.73 224.48  14.99  0.59 15.47 312.76  11.60  0.41 15.77 219.86   8.75  0.22 11.89 320.59   8.22
20010219 150000  4.9 303.4  1.92 15.46 231.55  30.03  5  1.77 10.43 225.03  17.58  0.57 15.42 312.78  11.57  0.44 15.65 220.00   8.75  0.22 11.79 321.19   7.99  0.13 17.78 311.25   5.36
20010219 180000  2.9 293.2  1.87 15.37 232.40  30.44  5  1.70 10.33 225.59  18.07  0.56 15.29 312.83  11.46  0.49 15.57 221.71   8.79  0.22 11.74 321.15   8.15  0.16 17.74 313.00   8.63
20010219 210000  2.4 255.2  1.82 15.00 233.06  30.51  5  1.61 10.31 226.10  17.22  0.59 15.17 221.19   9.17  0.56 14.90 313.11  11.28  0.22 11.70 321.29   8.17  0.14 17.75 312.65   8.71
20010220 000000  0.9 265.0  1.78 14.58 233.49  30.57  5  1.48 10.28 226.45  16.60  0.77 14.49 222.14   9.76  0.58 14.65 313.14  11.67  0.21 11.61 321.42   8.61  0.10 17.76 310.97   5.17
20010220 030000  2.2 221.0  1.75 14.47 233.76  30.72  4  1.40 10.25 226.18  15.96  0.84 14.35 223.23   9.90  0.59 14.56 313.07  11.30  0.21 11.55 321.63   8.49
20010220 060000  2.0 182.5  1.71 14.40 234.15  31.19  4  1.27 10.26 226.22  16.08  0.97 14.24 223.49   9.79  0.60 14.51 312.95  11.21  0.20 11.45 321.71   8.55
20010220 090000  0.7  19.1  1.67 14.32 234.85  31.79  5  1.22 10.37 226.71  15.50  0.95 13.04 222.65   9.17  0.57 14.46 313.11  11.46  0.20 11.21 321.80   8.63  0.19 16.63 311.26   5.54
20010220 120000  0.9 333.7  1.62 14.17 235.25  32.26  4  1.49 13.16 225.03  13.26  0.56 14.40 312.84  11.39  0.21 16.59 314.15   7.47  0.19 11.08 321.94   8.74
20010220 150000  0.9 275.2  1.58 13.70 234.94  32.24  5  1.27 11.78 225.34  14.01  0.72 13.56 223.12   9.47  0.55 14.33 313.41  10.59  0.21 16.59 312.62   8.76  0.19 11.00 322.18   8.66
20010220 180000  3.9 260.5  1.57 13.55 234.41  31.91  5  1.20 11.46 226.46  15.50  0.82 13.32 221.58   9.66  0.54 14.21 313.39  10.71  0.18 10.94 322.46   8.64  0.17 16.61 313.56   7.25
20010220 210000  5.3 229.8  1.57 13.48 233.77  31.45  5  1.33 11.63 225.22  15.58  0.60 13.50 223.37   9.70  0.54 13.93 313.54  10.50  0.16 10.87 320.42   8.02  0.08  8.98 332.22   5.70
20010221 000000  3.4 178.7  1.54 13.40 233.05  31.83  3  1.43 11.39 224.04  14.77  0.54 13.71 313.71  10.37  0.17 10.88 322.43   9.20
20010221 030000  5.2 186.2  1.50 13.30 233.20  32.88  4  1.39 11.10 223.44  15.08  0.51 13.59 313.96  10.26  0.18 15.69 314.13   5.45  0.17 10.87 322.50   9.28
20010221 060000  7.2 175.1  1.49 13.18 231.21  35.00  6  1.27 10.86 220.84  19.48  0.52 12.70 222.15   9.86  0.49 13.52 313.88  10.30  0.24 15.55 314.12   7.59  0.16 10.82 323.06   9.11  0.06 19.38 219.40   6.73
20010221 090000  5.6 178.2  1.50 13.01 229.87  35.32  6  1.26 10.78 219.18  21.11  0.59 12.60 223.94  10.32  0.48 13.48 313.51  10.31  0.25 15.52 314.87   7.81  0.16 10.73 323.38   8.91  0.10 18.85 218.70   7.14
20010221 120000  5.0 163.6  1.54 12.87 229.28  33.44  6  1.00 10.83 224.58  10.92  0.83  6.08 214.27  27.10  0.61 12.66 220.94  10.02  0.50 13.45 314.31  10.64  0.23 15.52 315.18   7.63  0.15 18.05 219.17   7.72
20010221 150000  5.9 216.2  1.64 12.91 227.77  30.51  6  0.88  6.26 217.07  24.55  1.26 12.17 222.79  10.97  0.45 13.41 313.17  10.49  0.25 17.32 219.11   8.25  0.23 15.41 315.35   7.35  0.14 10.19 324.26   8.96
20010221 180000  8.5 220.6  1.93 12.93 225.08  27.49  4  1.82 12.54 220.56  17.46  0.50 13.41 313.69  10.10  0.37 16.66 220.15  10.10  0.13 10.15 324.53   8.96
20010221 210000  9.3 209.3  2.27 12.75 222.93  25.97  5  1.49  6.21 218.33  25.29  1.58 12.62 220.87  10.52  0.49 13.33 313.88  10.07  0.44 16.50 222.30   9.52  0.12 10.16 324.44   8.97
20010222 000000  5.3 198.5  2.46 12.56 222.32  25.59  6  1.65  6.83 218.73  26.41  1.63 12.45 220.48  10.42  0.64 15.59 221.42   9.72  0.48 12.96 314.37   9.61  0.12 10.16 324.41   9.00  0.05 17.77 303.32  10.00
20010222 030000  6.0 199.3  2.47 12.21 222.46  24.89  6  1.59  7.08 218.41  25.99  1.69 12.05 221.33  10.83  0.70 15.45 220.14  10.83  0.37 12.69 315.85   8.74  0.30 14.51 312.87   9.32  0.12 10.14 324.11   9.31
20010222 060000  5.4 202.0  2.38 12.00 222.98  24.09  6  1.73 11.89 220.87  10.80  1.41  7.09 219.55  25.80  0.69 15.32 221.69   8.89  0.37 12.68 315.10   8.81  0.28 14.53 313.90   9.29  0.11 10.05 325.05   8.44
20010222 090000  4.4 205.9  2.28 12.01 223.80  23.38  5  1.67 11.81 221.73  11.07  1.17  6.76 219.51  25.86  0.92 14.49 222.10  10.61  0.38 12.66 315.87   9.14  0.27 14.52 314.21   8.43
20010222 120000  1.9 185.1  2.20 13.29 224.57  22.99  3  2.15 13.45 221.87  15.54  0.35 12.56 315.24   9.62  0.30 14.38 314.81   8.67
20010222 150000  4.1 245.4  2.14 13.29 225.13  22.86  3  2.09 13.32 222.32  15.00  0.36 12.57 316.86   9.45  0.29 14.30 312.47   8.07
20010222 180000  5.5 226.8  2.11 13.25 225.47  22.91  2  2.06 13.23 222.60  14.92  0.45 13.40 315.19   9.13
20010222 210000  6.2 211.6  2.07 13.17 225.30  23.16  3  2.02 13.06 222.40  15.16  0.45 13.45 315.36   9.04  0.06 20.33 305.55   8.70
20010223 000000  4.8 206.2  2.02 12.88 225.07  23.48  4  1.97 12.73 222.08  15.36  0.43 13.45 315.70   8.77  0.07 20.33 305.35   9.09  0.07 16.59 304.54  10.31
20010223 030000  5.6 193.0  1.96 12.67 224.90  23.83  3  1.91 12.59 221.79  15.50  0.43 13.43 315.42   8.97  0.07 20.33 305.21   9.46
20010223 060000  5.5 195.1  1.91 12.57 224.62  24.35  3  1.86 12.51 221.39  15.86  0.43 13.36 315.37   9.02  0.06 20.33 305.12   9.51
20010223 090000  5.2 190.1  1.87 12.50 224.57  24.79  3  1.81 12.44 221.17  16.05  0.43 13.22 315.03   9.66  0.05 20.14 305.23   8.95
20010223 120000  4.4 178.6  1.81 12.41 224.71  25.18  4  1.76 12.30 221.11  16.07  0.41 12.89 315.88   9.01  0.11 15.53 302.93  10.57  0.08 19.05 305.59   8.66
20010223 150000  6.2 205.6  1.76 12.23 224.74  25.51  4  1.70 11.98 220.93  16.01  0.40 12.74 316.03   8.96  0.12 15.49 303.50  10.16  0.11 19.00 305.37   8.99
20010223 180000  7.4 217.9  1.75 12.01 224.43  25.77  4  1.70 11.85 220.74  16.79  0.39 12.67 316.27   8.42  0.12 19.00 304.98   9.59  0.11 15.49 304.53  10.47
20010223 210000  8.0 209.4  1.76 11.98 223.75  26.22  5  1.71 11.83 220.25  17.98  0.39 12.60 316.30   8.43  0.12 19.00 304.73   9.91  0.09 15.52 304.45  10.31  0.06 22.99 212.05   7.16
20010224 000000  5.4 204.9  1.77 12.00 222.31  26.80  6  1.01  5.20 217.69  28.12  1.39 11.86 219.71  12.01  0.38 12.53 316.27   8.54  0.14 21.58 211.05   6.74  0.10 19.01 304.48  10.00  0.08 15.53 305.81   9.36
20010224 030000  7.1 189.5  1.77 11.98 220.93  26.86  5  1.00  5.54 215.86  28.38  1.36 11.85 218.99  12.28  0.39 12.43 315.63   9.18  0.32 20.28 210.74   6.78  0.09 18.91 304.87   9.38
20010224 060000  7.8 184.6  1.83 11.90 218.53  26.64  5  0.99  5.61 212.73  29.40  1.33 11.76 218.00  12.38  0.65 19.12 210.80   7.00  0.39 12.30 315.19   9.60  0.12 17.85 305.54   8.76
20010224 090000  6.2 182.2  1.97 18.10 216.68  25.09  6  0.91  5.51 210.44  29.87  1.35 11.64 217.48  12.75  1.03 18.20 210.27   6.95  0.36 12.13 316.85   8.26  0.16 17.77 305.36   9.07  0.15 14.52 302.75  10.71
20010224 120000  6.3 183.2  2.17 17.47 215.23  22.60  5  1.53 11.66 215.47  19.43  1.47 17.42 210.24   6.90  0.35 12.03 316.89   8.46  0.18 17.77 304.96   9.71  0.16 14.51 303.62  10.69
20010224 150000  7.3 204.3  2.36 16.62 214.31  20.46  5  0.75  5.16 208.58  28.94  2.20 16.58 212.81  10.00  0.35 11.98 317.07   8.72  0.18 17.77 304.69  10.20  0.16 14.49 304.78  10.71
20010224 180000  8.1 209.6  2.52 16.12 214.25  19.27  5  0.86  4.33 212.77  27.89  2.34 16.12 212.71   9.53  0.34 11.97 317.36   9.01  0.16 17.79 304.59  10.41  0.15 14.50 305.63  10.48
20010224 210000  9.7 208.2  2.64 15.54 214.48  19.20  5  1.10  4.61 215.45  27.51  2.36 15.56 212.77   9.07  0.34 11.97 317.48   9.38  0.13 17.78 304.97  10.15  0.13 14.51 306.93   9.78
20010225 000000  7.4 199.5  2.60 15.31 214.57  20.06  4  2.57 15.31 213.30  15.46  0.34 11.95 317.44   9.81  0.15 17.23 305.96   8.98  0.11 14.51 307.31   9.30
20010225 030000  8.3 190.9  2.48 15.14 214.82  20.92  4  2.45 15.14 213.30  15.71  0.33 11.88 317.16  10.54  0.20 16.68 305.25   9.03  0.08 14.49 310.88   5.74
20010225 060000  7.8 189.5  2.34 14.63 215.46  22.07  3  2.30 14.65 213.49  15.79  0.35 11.81 316.01  11.42  0.24 16.64 305.40   9.24
20010225 090000  6.4 191.9  2.19 14.36 216.59  23.00  4  2.14 14.39 214.14  15.59  0.31 11.72 319.61   9.44  0.26 16.64 305.06   9.81  0.18 13.58 303.85  10.30
20010225 120000  4.9 198.8  2.03 14.21 217.91  23.59  4  1.98 14.24 215.02  15.00  0.31 11.64 320.11   9.34  0.25 16.64 305.02  10.21  0.20 13.56 303.69  10.80
20010225 150000  5.2 214.1  1.88 13.87 219.13  23.91  5  1.82 13.98 215.90  14.31  0.31 11.54 320.42   9.50  0.22 16.63 305.55  10.17  0.21 13.56 304.13  10.78  0.06 23.46 218.06   8.14
20010225 180000  7.4 213.5  1.78 13.56 220.07  24.42  5  1.73 13.57 216.70  14.63  0.30 11.38 320.75   9.70  0.21 16.60 306.75   9.38  0.19 13.55 304.32  10.40  0.08 23.28 218.55   8.28
20010225 210000  9.4 211.7  1.84 13.44 220.50  25.80  6  1.02  4.44 217.32  27.24  1.48 13.44 217.35  10.83  0.30 11.24 321.16   9.78  0.23 16.42 307.35   8.48  0.17 13.54 304.69   9.81  0.11 22.32 218.67   8.34
20010226 000000  5.5 201.6  1.77 13.35 221.74  27.84  6  1.03  4.90 217.96  29.38  1.37 13.34 218.00  10.92  0.29 11.14 321.58  10.13  0.27 15.79 306.60   8.69  0.16 13.49 306.24   9.00  0.14 21.91 219.12   8.43
20010226 030000  6.3 200.8  1.65 13.18 223.52  29.48  6  0.91  5.03 217.65  29.71  1.28 13.17 218.87  11.14  0.32 15.61 305.95   9.05  0.30 11.04 321.81   9.96  0.17 21.75 219.67   8.51  0.14 13.45 304.42   9.33
20010226 060000  9.0 184.2  1.61 12.82 222.00  31.91  6  0.93  4.95 208.60  30.90  1.21 12.82 219.91  11.27  0.34 15.56 305.78   9.33  0.33 10.95 318.24  12.53  0.22 20.92 219.49   8.36  0.06 19.18 305.76  10.86
20010226 090000  7.0 175.5  1.58 12.70 221.93  33.58  7  0.92  4.72 204.46  32.48  1.16 12.71 221.19  11.31  0.34 15.54 305.82   9.47  0.28 10.84 323.42   9.74  0.27 20.50 219.75   8.42  0.19 12.75 304.54   9.96  0.07 19.17 306.81  10.88
20010226 120000  5.0 192.4  1.49 12.65 225.45  33.44  8  0.78  4.63 207.10  33.99  1.10 12.65 221.62  11.05  0.33 15.53 306.43   9.28  0.30 20.35 220.59   8.58  0.30 16.15 236.45   6.65  0.27 10.76 323.65   9.78  0.20 12.70 304.43  10.06  0.08 19.25 308.04  10.69
20010226 150000  6.0 199.5  1.46 12.60 228.72  31.66  7  1.26 12.59 220.30  20.91  0.45 15.69 234.06   7.55  0.36 19.71 220.27   8.62  0.31 15.51 307.43   8.76  0.27 10.66 323.85   9.82  0.21 12.68 304.61  10.00  0.09 19.53 309.67   9.93
20010226 180000  9.0 221.6  1.63 15.35 230.28  28.53  8  0.81  3.95 218.52  29.48  1.11 12.53 225.77  12.45  0.64 15.50 233.94   7.26  0.41 19.17 220.14   8.64  0.30 15.46 308.18   8.25  0.27 10.55 323.84   9.81  0.21 12.66 304.26   9.87  0.11 19.94 309.97   9.93
20010226 210000 10.0 215.4  1.94 14.70 230.58  27.18  7  1.16  4.63 223.89  29.78  1.42 14.59 229.09  10.36  0.43 19.05 220.30   8.51  0.32 15.26 307.74   8.47  0.26 10.45 324.09   9.80  0.20 12.66 305.20   9.39  0.14 19.97 310.01  10.00
20010227 000000  6.7 197.5  2.09 14.41 231.35  26.43  7  1.14  5.06 223.46  31.86  1.61 14.33 230.31   9.86  0.48 18.66 220.53   9.25  0.36 14.69 307.00   8.66  0.25 10.33 324.80   9.72  0.19 12.64 306.85   9.38  0.16 19.70 309.84  10.05
20010227 030000  7.0 185.5  2.17 14.18 232.12  25.57  7  2.04 13.87 229.08  19.03  0.52 17.95 219.53   9.01  0.39 14.56 306.55   8.78  0.23 10.15 325.95   9.42  0.19 12.59 308.13   9.27  0.17 18.87 310.63   9.75  0.06 24.92 304.43   9.51
20010227 060000  8.0 183.6  2.24 13.63 231.80  25.63  7  2.11 13.44 228.73  19.22  0.52 17.83 219.70   8.71  0.41 14.52 306.39   8.84  0.22 10.12 325.87   9.39  0.20 18.85 311.53   9.38  0.18 12.47 307.34   9.45  0.07 24.85 304.60   9.53
20010227 090000  7.1 177.7  2.25 13.08 231.68  25.99  7  2.12 13.11 228.57  19.73  0.52 17.68 219.64   8.91  0.40 14.51 306.58   8.81  0.23 18.82 312.34   9.01  0.22 10.13 325.26   9.53  0.17 12.08 305.83   9.78  0.08 24.62 304.59   9.75
20010227 120000  4.7 191.9  2.18 12.70 232.93  25.39  7  2.04 12.71 229.82  18.46  0.55 16.95 219.55   9.02  0.39 14.49 307.10   8.76  0.25 18.66 312.78   8.63  0.21 10.11 325.13   9.61  0.18 11.93 305.30   9.80  0.09 23.62 304.25   9.87
20010227 150000  6.3 204.1  2.08 12.48 234.13  25.33  7  1.92 12.49 230.74  17.35  0.56 16.70 219.51   8.77  0.37 14.47 307.72   8.62  0.28 18.00 312.36   8.69  0.20 10.08 325.13   9.52  0.18 11.89 305.78   9.13  0.12 23.36 304.10   9.80
20010227 180000  9.6 215.2  2.10 12.06 233.64  26.80  8  0.94  4.22 219.63  30.21  1.70 12.09 232.54  12.70  0.56 16.61 219.98   8.67  0.36 14.39 308.05   8.39  0.32 17.76 312.24   8.70  0.19 10.04 325.18   9.40  0.19 11.87 305.53   9.55  0.14 23.29 304.22   9.71
20010227 210000 11.4 208.8  2.26 11.83 232.21  29.10  7  2.11 11.83 228.45  23.07  0.56 16.45 219.91   8.74  0.36 17.67 312.17   8.78  0.36 14.13 307.89   8.38  0.18 11.86 305.87   9.21  0.18  9.82 324.78   9.94  0.16 23.22 304.08   9.71
20010228 000000  8.3 196.9  2.24 11.70 231.13  31.09  8  1.54  5.77 223.87  32.38  1.38 11.68 230.19  10.96  0.60 15.76 219.93   8.83  0.38 17.57 312.17   8.83  0.37 13.70 307.44   8.40  0.17 22.99 304.01   9.86  0.17 11.82 306.87   9.00  0.17  9.67 325.21   9.70
20010228 030000  8.5 187.2  2.10 15.68 230.98  32.59  8  1.41  5.97 221.93  33.71  1.30 11.37 229.63  11.04  0.61 15.58 220.22   9.20  0.39 17.26 312.29   8.67  0.37 13.61 307.15   8.37  0.20 22.07 303.92   9.90  0.17 11.81 307.45   8.71  0.15  9.56 325.85   9.09
20010228 060000 10.0 191.6  2.04 15.66 229.57  34.27  8  1.28  5.78 212.81  33.50  1.32 11.16 231.37  14.29  0.59 15.50 220.73   9.47  0.42 16.77 312.52   8.16  0.36 13.57 306.75   8.68  0.23 21.84 303.91   9.90  0.16 11.78 306.86   8.41  0.14  9.51 325.71   9.17
20010228 090000  8.5 184.9  2.03 11.12 229.00  35.37  9  1.28  5.53 210.53  33.57  1.30 11.08 230.81  14.12  0.58 15.32 220.27  10.09  0.45 16.63 312.24   8.23  0.35 13.54 306.85   8.78  0.27 21.78 303.83   9.91  0.15 11.69 308.10   9.06  0.13  9.44 326.16   9.37  0.09 20.87 219.09   7.29
20010228 120000  8.1 186.3  1.97 11.04 230.78  35.51  8  1.16  5.55 210.94  33.88  1.29 10.99 230.59  14.74  0.62 14.74 221.04  10.39  0.47 16.54 312.09   8.30  0.39 13.52 306.96   8.82  0.29 21.71 303.40  10.01  0.13 20.66 220.48   8.08  0.12  9.37 325.56   9.96
20010228 150000  7.9 201.2  1.96 14.60 232.06  34.78  9  1.01  5.15 207.45  32.15  1.37 10.86 231.02  15.70  0.61 14.63 221.86  11.11  0.48 16.43 311.78   8.33  0.37 13.49 307.23   8.67  0.31 21.50 303.27  10.09  0.28 19.91 223.48   9.03  0.11  9.28 325.48   9.10  0.11 11.08 304.63   9.67
20010228 180000 10.1 211.1  2.11 14.56 231.59  32.46  8  1.80 10.85 224.14  23.35  0.75 14.51 222.50  10.15  0.49 16.19 311.76   8.23  0.39 19.32 222.76   9.03  0.37 13.44 307.18   8.72  0.33 20.67 303.41  10.07  0.12 11.06 304.59   8.99  0.11  9.16 325.00   9.20
20010228 210000 12.4 209.5  2.56 14.61 228.60  30.64  8  2.15 11.11 223.03  24.85  0.99 14.36 222.95   9.11  0.64 18.61 223.76  10.83  0.51 15.75 311.66   8.16  0.38 20.43 303.70  10.03  0.35 13.31 307.27   9.05  0.12 11.04 306.40   9.34  0.09  9.04 325.83   8.81
20010301 000000 11.8 196.9  2.96 15.35 225.22  29.33  6  2.05  6.44 217.67  29.42  1.79 14.23 224.49  10.59  0.89 18.04 222.66   8.78  0.52 15.60 311.78   8.07  0.41 20.37 303.72  10.18  0.36 12.97 307.97   9.74
