Date     Time   Uabs UDir  hs    tp    th     sp     np hs(i) tp(i) th(i)  sp(i)
20060301 000000  9.1 198.5  2.86 12.22 217.40  24.34  4  2.29  7.50 216.63  26.49  1.68 12.21 216.06  12.06  0.31 14.19 298.64  14.97  0.19 16.65 304.41   9.82
20060301 030000  9.2 196.7  2.64 12.04 217.26  24.40  4  1.99  7.50 215.83  27.10  1.68 12.04 216.35  12.06  0.31 13.97 298.55  14.84  0.20 16.62 303.89  10.51
20060301 060000  8.5 189.7  2.45 11.93 217.09  24.29  4  1.81  7.40 215.62  26.83  1.60 11.92 215.80  11.95  0.31 13.79 298.30  14.66  0.20 16.60 304.52  10.61
20060301 090000  7.8 190.1  2.28 11.86 217.24  24.13  4  1.57  7.24 215.42  27.52  1.61 11.85 215.95  12.15  0.32 13.68 298.13  14.83  0.18 16.60 305.17  11.12
20060301 120000  7.2 186.6  2.14 11.80 217.58  23.89  4  1.41  7.09 216.47  27.60  1.57 11.78 215.55  12.37  0.32 13.61 298.22  14.56  0.16 16.59 306.62  11.33
20060301 150000  8.4 207.0  2.06 11.73 217.94  23.63  3  2.03 11.71 216.20  20.09  0.30 13.57 298.00  15.06  0.17 16.02 305.23  10.64
20060301 180000 13.6 202.9  2.32 11.65 216.66  24.25  3  2.29 11.63 215.24  21.48  0.29 13.53 297.80  15.28  0.20 15.61 304.62  10.31
20060301 210000 10.9 207.1  2.42 11.53 216.74  25.36  5  2.39 11.52 215.40  22.95  0.28 13.51 297.41  15.59  0.22 15.55 304.57  10.01  0.08 16.74 211.61   6.23  0.05 21.65 231.75   8.05
20060302 000000  9.0 195.3  2.25 11.38 216.91  25.93  6  1.78  6.58 215.59  27.62  1.34 11.37 215.03  12.24  0.28 13.49 297.34  15.49  0.22 15.53 304.85  10.39  0.11 16.60 213.48   7.03  0.07 20.58 232.14   7.99
20060302 030000  8.0 190.8  2.04 11.25 216.79  26.11  5  1.51  6.51 215.07  28.62  1.33 11.24 214.92  12.21  0.26 13.45 297.16  15.38  0.22 15.51 305.55  11.23  0.09 20.39 231.73   7.97
20060302 060000  7.4 194.3  1.90 11.15 216.99  25.64  6  1.32  6.36 215.06  28.78  1.31 11.14 215.13  12.52  0.26 13.40 297.61  15.60  0.20 15.51 306.33  11.50  0.16 15.64 211.51   6.47  0.13 19.72 231.63   8.13
20060302 090000  5.9 196.6  1.77 11.07 218.16  25.07  7  1.17  6.20 216.88  28.52  1.27 11.06 215.46  12.34  0.20 13.23 288.04  10.68  0.19 15.46 307.70  10.53  0.17 19.10 231.59   8.06  0.17 15.60 211.11   6.28  0.15 13.38 314.64   6.66
20060302 120000  5.0 188.4  1.66 10.99 219.31  24.52  5  1.24 10.98 215.84  12.58  1.00  6.14 218.88  28.35  0.31 13.29 301.63  14.75  0.25 14.80 214.06   8.18  0.20 18.96 231.20   8.03
20060302 150000  5.9 218.0  1.58 10.90 220.58  24.00  7  0.90  6.18 221.38  27.17  1.21 10.89 216.08  12.73  0.27 17.94 231.21   8.11  0.27 14.61 214.11   7.54  0.24 14.54 306.76   9.60  0.16 13.31 282.92   8.01  0.14 12.58 313.44   7.67
20060302 180000 10.0 206.0  1.65 10.80 220.11  24.28  6  1.56 10.79 217.37  20.05  0.32 17.81 231.12   8.22  0.30 14.52 214.93   8.24  0.23 12.81 299.22  16.27  0.21 14.55 304.87  10.81  0.08 16.69 310.43   6.72
20060302 210000  9.4 216.3  1.76 10.71 220.99  24.32  7  1.65 10.70 218.57  21.12  0.39 13.73 216.18   9.50  0.37 17.60 230.49   8.40  0.21 14.52 304.60  10.19  0.17 12.82 287.73  11.45  0.14 12.68 315.17   6.66  0.10 16.60 310.95  10.85
20060303 000000  8.1 194.4  1.80 10.59 220.59  24.74  7  1.67 10.58 218.03  22.04  0.44 16.73 231.10   8.38  0.40 13.64 215.95   9.38  0.21 14.51 306.50  11.03  0.16 12.66 286.44  10.01  0.14 12.64 313.80   7.60  0.09 16.65 306.21   9.76
20060303 030000  9.1 189.0  1.82 16.60 219.15  25.13  6  1.63 10.48 215.96  23.26  0.57 13.12 218.98  10.51  0.49 16.63 230.57   8.85  0.23 14.50 306.71  11.25  0.17 12.65 289.07  11.76  0.11 12.36 318.33   5.07
20060303 060000  7.9 171.3  1.84 16.44 218.05  25.98  6  1.28  6.37 212.69  29.97  1.02 10.43 217.41  12.16  0.59 12.67 218.47  11.30  0.53 16.46 230.66   8.70  0.25 14.48 309.11  10.93  0.14 12.60 286.94   9.24
20060303 090000  6.5 165.9  1.81 15.65 219.45  25.14  5  1.61 10.47 216.43  24.01  0.59 15.69 230.90   8.97  0.53 12.67 215.59   9.05  0.26 14.41 308.16  11.16  0.11 12.59 280.80   7.69
20060303 120000  6.4 159.0  1.76 15.52 220.26  24.74  4  1.57 11.47 217.03  23.43  0.63 15.54 230.62   9.05  0.42 12.72 214.97   9.71  0.27 13.44 303.57  15.04
20060303 150000  7.1 199.9  1.72 15.43 221.11  23.56  5  1.57 11.12 217.60  21.45  0.63 15.44 231.12   8.70  0.23 13.37 300.57  14.16  0.19 19.21 227.72  10.83  0.14 15.45 314.09   8.28
20060303 180000 11.5 214.8  1.95 15.07 221.21  22.96  5  1.81 10.94 218.54  21.46  0.64 15.06 231.00   8.80  0.22 13.43 300.88  14.79  0.21 19.19 230.00  10.37  0.14 15.49 311.69  10.16
20060303 210000 10.0 205.1  2.21 14.58 220.66  24.32  5  2.08  6.57 218.52  23.50  0.63 14.61 231.29   9.21  0.29 18.46 229.32   9.14  0.21 13.43 301.41  14.73  0.14 15.43 310.61  10.33
20060304 000000  8.1 200.5  2.17 14.48 220.77  25.24  5  1.85  6.95 218.36  26.55  0.82 10.45 218.85  10.97  0.63 14.49 230.83   8.97  0.37 17.96 229.94  10.32  0.25 13.53 304.78  13.86
20060304 030000  7.4 194.1  2.03 14.39 221.24  25.18  5  1.70  7.01 218.34  26.64  0.76 10.28 219.25  11.22  0.63 14.42 231.25   9.09  0.45 17.73 228.18  10.42  0.25 13.58 305.26  13.78
20060304 060000  6.2 199.0  1.89 14.23 222.39  24.42  5  1.53  6.95 219.15  26.06  0.71 10.11 220.16  11.96  0.63 14.25 231.24   9.32  0.54 17.31 226.76  10.75  0.24 13.66 305.70  13.72
20060304 090000  6.6 196.0  1.82 16.72 223.34  23.32  5  1.38  6.87 219.95  25.66  0.72 13.78 227.15  11.04  0.66  9.87 221.36  12.78  0.63 16.82 227.48  11.24  0.24 13.84 306.24  13.40
20060304 120000  4.4 205.6  1.81 16.59 223.88  21.99  5  1.27  6.75 220.72  25.34  0.79 13.59 226.44  11.08  0.77 16.62 224.88  11.49  0.63  9.75 222.16  12.75  0.24 14.21 305.95  14.03
20060304 150000  4.8 219.7  1.85 16.29 224.18  20.20  4  1.16  6.64 222.27  24.42  1.07 13.43 224.21  11.65  0.94 16.31 223.33  11.60  0.23 14.34 306.63  13.44
20060304 180000 10.8 215.3  2.05 15.78 223.13  19.75  4  1.29  6.52 221.50  24.26  1.19 13.35 223.65  11.60  1.03 15.92 221.80  11.13  0.24 14.42 306.19  14.44
20060304 210000  7.8 206.1  2.22 15.66 221.72  20.61  4  1.43  6.09 218.96  26.00  1.32 15.67 223.12  11.59  1.05 12.47 221.32  10.77  0.24 14.44 307.07  13.73
20060305 000000  5.5 207.7  2.21 15.47 221.73  20.05  4  1.31  6.22 218.60  26.72  1.40 15.48 222.75  11.18  1.08 12.16 221.43  10.94  0.24 14.39 307.55  14.06
20060305 030000  5.4 192.1  2.17 15.14 222.01  19.07  3  1.16  6.23 218.00  26.39  1.81 15.16 222.54  11.02  0.24 14.32 308.13  14.45
20060305 060000  5.4 199.7  2.11 14.70 222.30  18.26  3  0.99  6.15 217.51  26.81  1.85 14.71 222.62  11.04  0.24 14.18 308.74  14.75
20060305 090000  5.8 192.7  2.04 14.50 222.62  17.94  3  0.89  6.02 216.69  26.71  1.81 14.51 222.96  10.80  0.24 13.70 309.92  15.06
20060305 120000  5.1 189.1  1.96 14.32 223.11  17.88  3  0.78  5.82 216.34  27.63  1.78 14.33 223.27  10.76  0.24 13.59 310.98  15.22
20060305 150000  5.4 214.3  1.87 14.08 223.98  17.72  2  1.86 14.10 222.99  14.44  0.24 13.54 311.79  15.20
20060305 180000  8.1 219.3  1.87 13.78 224.64  18.33  3  0.78  5.19 219.33  26.65  1.68 13.80 224.43  10.77  0.25 13.41 312.77  15.17
20060305 210000  7.7 206.8  1.90 13.57 224.61  19.53  3  0.88  4.38 217.62  28.09  1.66 13.58 225.03  10.69  0.25 13.01 313.75  15.11
20060306 000000  6.2 200.3  1.88 13.40 225.05  19.69  4  0.81  4.57 215.30  29.82  1.68 13.41 225.75  10.61  0.21 12.73 317.96  14.78  0.14 14.50 305.05  12.60
20060306 030000  6.3 190.9  1.87 13.24 225.98  19.18  2  1.85 13.26 224.90  15.95  0.25 12.74 313.98  15.82
20060306 060000  7.1 190.3  1.88 12.94 226.59  19.26  3  1.87 12.96 225.53  16.12  0.21 12.48 319.11  15.10  0.14 14.33 303.91  13.30
20060306 090000  7.4 192.7  1.92 12.77 227.00  19.70  2  1.91 12.78 225.99  16.83  0.25 12.21 314.62  16.45
20060306 120000  7.5 185.9  1.96 12.73 227.69  20.14  3  0.72  4.02 205.70  30.82  1.80 12.74 229.60  11.69  0.25 12.04 314.73  16.41
20060306 150000  7.1 203.3  1.98 12.76 228.91  19.73  3  0.69  4.09 207.03  30.99  1.84 12.77 230.54  11.92  0.25 11.94 315.01  16.19
20060306 180000 11.5 199.1  2.18 12.84 227.91  21.18  3  1.08  4.31 213.55  29.33  1.88 12.84 231.08  11.99  0.25 11.84 315.54  15.76
20060306 210000 11.3 206.5  2.41 12.83 227.09  22.77  4  1.45  5.24 217.46  29.91  1.91 12.82 231.08  11.95  0.19 13.56 307.09  12.51  0.15 11.26 330.50   6.16
20060307 000000  9.3 200.4  2.47 12.73 226.83  23.30  4  1.54  5.73 218.50  30.68  1.92 12.72 230.66  11.88  0.19 13.51 306.67  12.52  0.15 11.14 329.82   6.69
20060307 030000  8.7 192.7  2.39 12.63 226.99  23.02  4  1.40  5.82 217.55  31.48  1.93 12.63 230.50  12.15  0.18 13.42 307.19  11.74  0.14 11.07 330.21   6.07
20060307 060000  8.8 186.7  2.34 12.57 226.44  22.93  3  1.32  5.76 215.98  32.08  1.91 12.56 229.93  12.10  0.23 13.38 315.83  14.96
20060307 090000  9.3 197.1  2.36 12.55 225.52  22.51  4  1.43  6.03 217.08  30.27  1.87 12.54 229.09  11.56  0.17 13.37 305.30  12.96  0.14 10.61 329.57   6.87
20060307 120000  7.8 181.5  2.47 12.53 224.92  22.60  6  1.65  6.77 218.92  28.85  1.83 12.51 228.42  11.25  0.17 13.35 306.16  13.32  0.12 10.45 330.24   6.73  0.06 19.12 308.67   7.77  0.06 19.20 213.14   7.67
20060307 150000  9.6 203.2  2.51 12.48 224.85  22.19  5  1.75  7.25 219.99  27.31  1.79 12.46 228.21  11.53  0.17 13.33 304.95  12.92  0.12 10.37 328.90   7.78  0.07 19.00 308.52   7.55
20060307 180000 13.2 202.2  2.71 12.43 222.72  22.86  4  2.70 12.40 222.34  22.01  0.17 13.30 306.23  13.43  0.11 10.31 329.48   7.46  0.09 18.83 308.77   7.90
20060307 210000 12.7 206.8  2.93 12.44 221.47  23.70  5  2.92 12.41 221.16  23.01  0.16 13.24 307.10  12.97  0.10 18.40 308.86   8.07  0.10 10.23 329.22   7.54  0.10 18.10 212.42   7.27
20060308 000000 10.0 201.1  2.87 12.41 221.28  24.54  6  2.30  7.37 216.79  27.73  1.70 12.39 227.83  11.28  0.16 13.16 308.45  12.79  0.12 17.96 308.56   7.96  0.12 17.89 214.06   7.74  0.09 10.01 330.68   6.09
20060308 030000  9.3 194.8  2.58 12.38 221.88  24.59  6  1.98  7.33 216.59  28.58  1.64 12.37 227.81  11.28  0.15 12.94 309.54  11.48  0.13 17.82 308.17   7.60  0.12 17.85 214.54   7.77  0.08  9.80 330.61   6.13
20060308 060000  8.8 195.2  2.32 12.34 222.56  24.37  6  1.66  6.98 216.18  29.23  1.59 12.33 227.75  11.85  0.16 17.40 212.46   7.82  0.15 17.72 307.92   7.86  0.14 12.76 309.53  11.45  0.08  9.71 330.44   6.25
20060308 090000  7.4 192.0  2.11 12.29 223.60  23.86  7  1.38  6.55 216.88  30.14  1.56 12.28 227.39  12.33  0.24 16.67 209.70   8.57  0.16 17.54 308.16   8.20  0.14 12.64 309.33  11.58  0.07  9.65 330.27   6.35  0.06 24.86 212.76   7.33
20060308 120000  7.6 192.3  2.03 12.12 223.19  23.30  7  1.16  6.20 215.22  31.05  1.60 12.10 226.59  13.49  0.40 16.09 209.32   8.42  0.18 17.02 308.40   8.24  0.13 23.73 212.43   8.05  0.13 12.58 309.07  11.67  0.07  9.60 330.17   6.42
20060308 150000  8.6 199.2  2.15 12.10 220.76  21.97  8  1.08  5.77 214.03  31.20  1.65 12.08 224.42  12.84  0.78 14.96 209.12   7.67  0.22 22.89 212.30   7.47  0.20 16.73 308.26   8.04  0.14  7.87 280.35   5.96  0.13 12.55 308.52  11.82  0.07  9.54 330.06   6.46
20060308 180000 11.0 210.8  2.56 12.27 218.51  20.26  5  2.20 12.24 220.54  20.67  1.26 15.32 210.48   7.46  0.23 21.82 217.65   6.36  0.21 16.62 307.59   7.81  0.14 12.53 312.49  13.91
20060308 210000 11.7 205.5  3.01 15.23 217.39  19.75  3  3.00 15.11 216.96  18.56  0.22 16.51 307.29   8.05  0.13 12.52 311.93  13.67
20060309 000000 10.0 199.4  3.27 15.44 216.26  19.56  3  1.80  6.25 216.47  29.08  2.72 15.35 215.68  11.16  0.25 16.29 308.12   8.79
20060309 030000  9.4 189.1  3.31 15.53 215.76  19.03  3  1.61  6.44 213.24  30.28  2.89 15.48 215.97  11.64  0.26 15.77 308.35   8.90
20060309 060000  9.0 178.9  3.26 15.62 215.52  18.65  2  3.25 15.63 215.09  17.34  0.28 15.58 308.38   9.03
20060309 090000  8.0 174.3  3.20 15.85 215.30  18.55  2  3.18 16.01 214.83  17.11  0.28 15.49 308.08   9.18
20060309 120000  6.4 182.3  3.13 16.21 215.43  18.10  2  3.11 16.36 214.94  16.53  0.28 15.38 307.67   9.01
20060309 150000  8.8 197.9  3.11 16.13 215.40  17.74  2  3.09 16.18 214.89  16.04  0.29 15.17 307.81   9.10
20060309 180000 11.3 210.6  3.29 15.80 215.75  18.47  4  1.69  6.21 217.87  26.97  2.80 15.94 214.41  11.19  0.28 14.73 307.84   9.21  0.10 19.98 311.92   8.00
20060309 210000 11.6 206.7  3.45 15.25 216.42  19.68  4  2.04  6.67 219.37  26.59  2.76 15.34 214.26  11.21  0.28 14.56 308.25   9.08  0.12 19.32 311.73   8.26
20060310 000000  8.2 197.4  3.36 14.93 216.57  20.31  4  1.94  7.04 218.52  28.01  2.72 15.05 214.90  11.53  0.28 14.48 308.17   8.97  0.13 19.13 311.88   8.17
20060310 030000  8.5 196.7  3.17 14.67 216.85  19.98  3  3.15 14.76 216.24  18.27  0.28 14.41 307.80   8.61  0.15 19.03 312.06   8.24
20060310 060000  7.9 193.6  3.03 14.38 217.16  19.85  3  3.01 14.40 216.46  17.83  0.28 14.32 307.81   8.56  0.17 18.85 312.40   8.26
20060310 090000  7.5 190.7  2.90 14.11 217.74  19.99  3  2.88 14.11 216.89  17.54  0.28 14.11 308.36   8.92  0.19 18.27 312.70   8.19
20060310 120000  5.0 192.1  2.78 13.89 218.64  20.09  3  2.76 13.91 217.63  17.14  0.28 13.72 308.87   9.04  0.22 17.96 312.88   8.09
20060310 150000  8.0 207.1  2.68 13.67 219.38  20.21  3  2.66 13.68 218.22  16.82  0.28 13.58 309.12   8.92  0.24 17.85 312.98   8.18
20060310 180000  9.4 199.4  2.63 13.48 219.37  20.98  3  2.61 13.47 218.10  17.44  0.27 13.52 309.05   8.76  0.27 17.75 313.11   8.36
20060310 210000 11.0 201.0  2.64 13.31 218.63  22.34  3  2.61 13.29 217.27  18.78  0.29 17.57 313.57   8.37  0.27 13.48 308.87   8.50
20060311 000000 10.7 190.6  2.64 13.16 217.45  24.15  4  1.75  6.25 212.95  27.76  1.94 13.13 218.16  11.10  0.32 17.08 313.84   8.22  0.26 13.43 309.02   8.57
20060311 030000 12.1 182.7  2.61 12.95 214.98  26.47  4  1.81  6.21 207.63  29.34  1.83 12.92 218.23  10.88  0.34 16.83 313.94   8.16  0.26 13.34 309.54   8.67
20060311 060000 12.1 183.9  2.59 12.74 212.95  28.13  4  1.91  6.27 204.75  29.74  1.70 12.73 218.24  10.81  0.36 16.72 314.03   8.16  0.25 13.09 309.91   8.84
20060311 090000 11.0 181.9  2.49 12.60 213.72  28.61  4  1.86  6.38 206.11  29.55  1.59 12.59 218.42  10.60  0.38 16.61 314.23   8.16  0.24 12.76 309.95   8.92
20060311 120000  8.9 170.9  2.36 12.49 214.71  29.52  4  1.76  6.51 206.98  30.16  1.50 12.48 218.74  10.64  0.40 16.49 314.41   8.21  0.22 12.66 309.85   8.85
20060311 150000  9.4 190.6  2.20 12.38 216.71  29.57  4  1.61  6.59 209.17  29.42  1.42 12.36 219.09  10.65  0.42 16.32 314.57   8.16  0.21 12.61 309.82   8.89
20060311 180000 11.5 201.5  2.29 12.12 217.49  28.38  5  2.24 12.07 214.67  22.45  0.43 16.11 314.63   8.17  0.21 12.59 309.88   8.75  0.08 17.83 243.94   7.20  0.05 20.09 219.44  10.16
20060311 210000 11.5 206.0  2.42 11.91 219.03  28.31  4  2.37 11.89 216.40  22.98  0.44 15.90 314.68   8.12  0.20 12.56 310.34   8.80  0.08 17.80 244.75   8.41
20060312 000000  9.8 205.1  2.37 11.80 220.83  29.27  4  1.96  6.72 216.94  27.09  1.22 11.78 220.26  10.79  0.46 15.75 314.74   8.11  0.20 12.52 310.88   8.86
20060312 030000  8.3 194.5  2.18 11.69 222.23  30.49  5  1.78  6.75 217.70  27.80  1.16 11.67 220.61  10.75  0.47 15.60 314.85   8.09  0.19 12.44 311.03   9.00  0.08 19.26 218.29   9.21
20060312 060000  7.8 201.5  1.99 11.53 223.72  31.15  5  1.56  6.63 218.37  27.73  1.12 11.51 220.86  10.86  0.48 15.46 314.85   8.08  0.18 12.12 311.38   9.10  0.10 19.10 223.92  11.48
20060312 090000  5.4 195.2  1.84 11.28 225.70  31.40  5  1.36  6.46 219.98  27.45  1.12 11.25 221.07  10.80  0.49 15.35 314.92   8.10  0.16 11.86 311.01   9.05  0.09 19.08 224.61   8.18
20060312 120000  2.8 228.9  1.74 11.21 228.06  31.15  6  1.18  6.30 222.61  26.89  0.95 11.18 221.01  10.58  0.67 13.63 222.59  10.12  0.50 15.28 314.95   8.14  0.16 11.79 311.33   8.86  0.12 18.54 221.72   8.03
20060312 150000  4.5 222.4  1.70 13.55 229.84  30.61  6  1.04  6.14 225.52  26.07  0.90 11.13 220.99  10.39  0.82 13.23 222.90   9.91  0.51 15.24 315.01   8.16  0.17 17.88 225.52  11.80  0.16 11.76 311.86   8.86
20060312 180000  7.2 204.5  1.74 13.15 229.99  30.02  5  1.03  6.13 225.58  25.94  1.28 12.73 222.55  10.15  0.51 15.18 315.08   8.15  0.16 17.87 225.70   9.14  0.16 11.76 312.28   8.88
20060312 210000  6.7 219.1  1.80 12.56 230.19  29.08  5  1.05  6.20 226.22  25.90  1.34 12.49 223.35  10.15  0.51 15.04 315.02   8.20  0.22 17.29 227.14  10.13  0.16 11.75 313.03   8.86
20060313 000000  5.0 205.6  1.83 12.17 230.13  28.46  6  1.10  6.24 225.76  25.91  1.34 12.23 224.01  10.04  0.50 14.58 315.02   8.33  0.28 16.67 231.10  11.06  0.15 11.74 312.71   8.84  0.06 20.44 312.99   9.29
20060313 030000  5.5 185.6  1.81 11.95 230.42  28.34  5  1.36 11.93 225.15  10.15  1.04  6.20 224.78  26.72  0.51 14.43 314.90   8.29  0.30 16.56 229.30   9.64  0.07 20.35 313.68   8.76
20060313 060000  7.1 181.0  1.76 11.76 230.30  29.21  5  0.94  6.09 220.75  29.28  1.36 11.73 226.12  10.34  0.51 14.37 315.01   8.24  0.31 16.31 229.92   9.24  0.07 20.33 314.30   8.12
20060313 090000  6.3 179.3  1.69 11.54 230.87  30.21  6  0.83  5.91 217.07  31.56  1.34 11.54 226.79  10.44  0.50 14.34 315.20   8.19  0.36 15.74 230.90  10.64  0.11 10.98 313.34   9.44  0.09 20.14 313.06   8.80
20060313 120000  5.6 178.4  1.61 11.23 232.53  30.96  5  1.48 11.25 225.18  19.22  0.50 14.32 315.16   8.35  0.36 15.70 231.99   9.72  0.11 10.99 314.30   9.26  0.10 19.18 314.07   7.99
20060313 150000  6.1 197.7  1.55 11.03 234.05  30.90  5  1.35 11.03 226.13  19.06  0.54 15.07 229.77  10.33  0.48 14.27 315.12   8.34  0.13 19.03 313.29   9.17  0.12 10.99 314.84   9.06
20060313 180000  9.3 207.2  1.63 14.32 232.77  29.50  6  0.78  3.67 216.18  30.08  1.18 10.94 229.66  10.65  0.64 14.67 230.08  10.20  0.46 14.13 315.06   8.28  0.14 19.01 313.88   8.44  0.12 11.00 314.33   9.04
20060313 210000 10.0 204.0  1.87 14.09 229.43  28.36  6  1.59 11.09 224.03  22.75  0.87 14.27 228.89  10.47  0.43 13.68 314.99   8.11  0.15 18.91 312.77   9.16  0.13 11.04 316.46   9.11  0.07 14.24 265.92   6.96
20060314 000000  8.0 202.4  2.07 13.51 229.10  27.23  5  1.20  5.13 215.36  29.69  1.27 10.94 232.99  11.50  1.02 13.61 227.76  10.76  0.43 13.51 315.13   8.23  0.18 18.05 313.25   8.77
20060314 030000  7.6 189.6  2.19 13.40 230.87  26.36  4  1.86 10.95 228.33  22.97  1.06 13.41 226.75  11.79  0.42 13.45 315.32   8.08  0.22 17.80 313.85   8.45
20060314 060000  5.8 192.5  2.24 13.34 232.79  25.54  4  1.87 10.86 230.93  22.37  1.13 13.34 227.46  11.90  0.41 13.43 315.38   8.24  0.24 17.77 313.84   8.74
20060314 090000  5.1 187.3  2.23 13.28 234.06  24.78  3  2.18 13.16 231.35  19.54  0.40 13.41 315.63   8.01  0.24 17.75 313.51   8.93
20060314 120000  5.2 186.3  2.22 13.26 234.16  24.28  3  2.17 13.17 231.54  19.08  0.39 13.38 315.61   8.05  0.24 17.56 313.32   8.77
20060314 150000  6.3 209.2  2.29 13.29 232.97  24.00  3  2.24 13.28 230.38  18.66  0.37 13.31 315.34   8.39  0.29 16.73 313.72   8.50
20060314 180000  8.1 213.3  2.48 13.29 230.85  23.47  3  2.43 13.32 228.48  18.25  0.35 13.08 315.12   8.73  0.34 16.63 314.07   8.33
20060314 210000 10.2 207.2  2.79 13.25 228.23  22.94  4  1.22  5.34 217.66  27.14  2.46 13.30 228.41  15.38  0.35 16.60 314.23   8.45  0.32 12.73 315.44   8.30
20060315 000000  8.1 196.3  3.03 13.24 226.79  22.64  3  2.99 13.30 225.40  19.40  0.34 16.58 313.93   8.64  0.30 12.61 315.45   8.39
20060315 030000  8.9 190.9  3.13 13.27 226.13  22.02  4  3.10 13.34 224.92  19.08  0.32 16.45 314.05   8.41  0.29 12.56 315.65   8.15  0.06 19.00 306.68   8.02
20060315 060000  9.8 189.1  3.18 13.38 225.32  22.05  4  3.15 13.45 224.06  18.97  0.35 15.71 314.29   8.23  0.28 12.53 315.49   8.44  0.08 18.88 305.36   8.50
20060315 090000  8.7 184.4  3.17 13.52 225.15  22.32  4  3.13 13.57 223.72  18.80  0.40 15.55 314.09   8.37  0.27 12.52 315.61   8.12  0.06 19.00 310.95   6.03
20060315 120000  9.4 174.2  3.10 13.60 224.73  22.91  3  3.06 13.63 223.19  19.21  0.42 15.52 314.07   8.54  0.26 12.49 315.32   8.45
20060315 150000 10.5 193.9  3.09 13.65 223.33  23.34  3  3.05 13.66 221.87  19.85  0.41 15.51 313.99   8.72  0.24 12.44 315.27   8.29
20060315 180000 11.8 196.2  3.10 13.68 223.09  22.59  5  1.69  5.96 213.54  29.21  2.56 13.65 224.97  11.40  0.38 15.46 314.25   8.58  0.23 12.29 315.00   8.46  0.09 17.78 306.35   7.94
20060315 210000 11.9 202.7  3.09 13.70 222.69  22.61  5  1.84  6.18 215.75  28.50  2.45 13.61 224.34  10.87  0.37 15.26 314.38   8.29  0.21 11.92 314.77   8.81  0.11 17.75 305.77   9.26
20060316 000000 10.1 189.0  3.00 13.79 222.31  23.35  5  1.80  6.37 214.79  29.55  2.36 13.58 224.21  10.68  0.37 14.67 314.42   8.30  0.19 11.78 315.13   8.46  0.11 17.72 306.18   8.97
20060316 030000 10.8 184.2  2.89 14.04 221.19  24.17  5  1.71  6.28 211.41  30.57  2.28 13.55 223.94  10.53  0.38 14.55 314.45   8.24  0.17 11.74 314.93   8.81  0.11 17.70 306.06   8.93
20060316 060000  9.9 171.1  2.77 14.08 220.44  24.87  4  1.59  6.34 208.76  32.29  2.23 13.55 223.44  10.61  0.39 14.51 313.78   8.65  0.16 11.72 314.93   8.75
20060316 090000  7.6 179.8  2.62 14.06 221.76  23.58  4  1.35  6.48 210.14  31.82  2.20 13.56 223.48  10.81  0.38 14.48 313.73   8.79  0.15 11.70 315.09   8.36
20060316 120000  8.1 176.3  2.54 13.98 221.77  23.01  4  2.51 13.61 220.20  19.07  0.36 14.44 314.42   8.35  0.15 11.70 314.60   8.74  0.12 16.64 306.06   9.23
20060316 150000  8.9 194.9  2.52 13.96 221.51  22.58  4  2.49 13.71 220.01  18.72  0.34 14.35 314.30   8.33  0.14 11.66 314.38   8.75  0.13 16.60 307.03   9.37
20060316 180000 11.3 209.3  2.66 13.95 221.48  21.77  5  1.56  5.75 214.96  27.17  2.12 13.89 222.84  10.46  0.33 14.10 314.11   8.55  0.14 16.60 307.73   9.34  0.12 11.55 314.60   8.29
20060316 210000 12.3 205.8  2.85 13.84 221.53  22.39  4  2.83 13.92 220.58  20.05  0.30 13.72 314.01   8.55  0.15 16.59 307.95   9.46  0.11 11.24 315.10   7.98
20060317 000000  9.2 198.6  2.78 13.67 221.69  23.09  5  1.88  6.43 218.74  28.67  2.02 13.70 222.36  10.09  0.29 13.60 313.90   8.57  0.14 16.58 308.06   9.73  0.10 11.09 314.69   8.65
20060317 030000  9.6 187.3  2.56 13.56 221.41  23.37  6  1.58  6.34 216.16  30.77  2.00 13.57 222.66  10.48  0.28 13.54 314.10   8.62  0.13 16.37 306.77   8.77  0.09 10.95 315.07   8.26  0.06 23.03 316.97   7.51
20060317 060000  8.8 182.5  2.40 13.52 220.46  23.90  6  1.36  5.89 211.20  32.39  1.95 13.52 222.66  10.87  0.28 13.50 314.26   8.53  0.13 15.71 306.35   8.86  0.08 10.94 315.09   8.20  0.07 22.50 316.96   7.50
20060317 090000  9.9 175.8  2.38 13.54 218.12  24.96  5  1.33  5.29 204.26  33.41  1.95 13.56 221.87  10.95  0.29 13.46 314.30   8.41  0.13 15.55 307.05   9.02  0.08 22.01 316.85   7.56
20060317 120000  9.4 171.6  2.43 13.69 217.56  24.12  5  1.18  5.17 200.04  35.40  2.10 13.75 220.70  10.99  0.28 13.42 313.95   8.67  0.14 15.52 307.92   9.30  0.10 21.79 316.79   7.67
20060317 150000 11.0 194.3  2.75 13.83 216.86  21.81  5  1.35  5.05 202.43  31.89  2.38 13.91 219.80  10.83  0.25 13.34 313.95   8.43  0.15 15.50 308.37   9.14  0.11 21.57 316.80   7.65
20060317 180000 12.7 204.9  3.29 13.94 218.76  20.37  4  3.28 14.01 218.24  18.90  0.23 13.18 313.89   8.45  0.15 15.50 308.52   9.26  0.13 21.15 316.80   7.55
20060317 210000 13.4 202.8  3.80 14.05 219.66  20.63  4  3.79 14.08 219.29  19.61  0.21 12.85 313.91   8.65  0.15 20.55 317.14   7.49  0.15 15.47 308.29   9.01
20060318 000000 12.5 190.0  4.01 14.11 219.35  21.68  4  4.00 14.12 219.02  20.83  0.20 12.71 314.10   8.71  0.18 20.19 317.20   7.52  0.14 15.40 308.09   8.93
20060318 030000 12.7 180.5  4.04 14.21 218.39  22.92  4  4.03 14.21 218.06  22.10  0.20 19.80 317.10   7.71  0.18 12.62 314.97   8.42  0.13 15.04 307.78   8.91
20060318 060000 12.0 179.5  3.94 14.28 218.42  23.36  4  3.93 14.27 218.05  22.46  0.22 19.37 317.09   7.73  0.18 12.60 314.89   8.30  0.12 14.60 307.86   9.18
20060318 090000 11.0 176.7  3.77 14.27 218.95  23.32  4  3.75 14.26 218.51  22.23  0.25 19.09 317.18   7.67  0.17 12.58 314.93   8.15  0.12 14.53 309.19   8.60
20060318 120000  6.7 168.2  3.52 14.18 220.64  22.18  4  3.50 14.17 220.06  20.69  0.28 18.75 317.36   7.59  0.16 12.56 314.62   8.24  0.13 14.50 309.16   8.96
20060318 150000  6.4 208.1  3.31 13.97 222.47  20.54  4  3.29 13.93 221.73  18.47  0.30 18.21 317.39   7.57  0.15 12.52 314.50   8.23  0.13 14.49 309.21   8.93
20060318 180000  7.8 211.0  3.18 13.69 223.21  20.07  4  3.16 13.68 222.33  17.47  0.33 17.98 317.29   7.62  0.14 12.45 314.23   8.52  0.14 14.47 309.31   8.94
20060318 210000  7.8 211.6  3.12 13.55 223.57  20.55  3  3.09 13.54 222.52  17.54  0.39 17.84 316.32   8.19  0.14 12.33 313.55   8.65
20060319 000000  5.5 223.5  3.13 13.43 223.87  21.20  2  3.10 13.43 222.70  17.94  0.44 17.71 316.24   8.20
20060319 030000  4.6 195.5  3.15 13.29 223.94  21.63  2  3.12 13.29 222.66  18.14  0.46 17.55 316.56   7.98
20060319 060000  3.4 197.6  3.17 13.01 223.68  21.79  4  3.14 13.00 222.34  18.12  0.44 17.26 317.19   7.66  0.12 11.81 316.19   7.58  0.11 13.65 309.58   8.64
20060319 090000  3.2 181.4  3.19 12.68 223.33  21.88  4  3.15 12.68 221.93  18.01  0.46 16.91 317.09   7.71  0.12 13.58 311.64   8.29  0.11 11.76 316.12   8.04
20060319 120000  5.6 169.0  3.09 12.60 223.10  22.38  3  3.05 12.59 221.49  17.99  0.49 16.74 316.67   7.92  0.11 11.74 315.94   8.09
20060319 150000  6.2 211.5  2.90 12.62 223.30  23.05  3  2.85 12.61 221.31  17.69  0.51 16.62 316.64   8.02  0.11 11.78 315.16   8.00
20060319 180000  8.2 199.0  2.78 12.62 223.07  24.07  3  2.72 12.61 220.76  18.08  0.53 16.52 316.58   8.10  0.09 11.67 315.41   8.13
20060319 210000  9.2 204.8  2.77 12.57 222.51  24.67  3  2.72 12.56 220.13  18.66  0.53 16.42 316.63   8.07  0.10 11.67 314.79   8.44
20060320 000000  8.0 191.3  2.86 12.49 221.61  25.42  2  2.81 12.48 219.35  19.96  0.54 16.27 316.55   8.07
20060320 030000  8.2 192.0  2.80 12.42 221.21  26.24  3  2.16  8.34 218.15  24.61  1.70 12.41 219.79  11.53  0.55 15.96 316.46   8.10
20060320 060000  7.7 180.9  2.64 12.40 221.38  26.78  3  1.90  8.06 217.81  25.76  1.75 12.39 219.45  10.84  0.55 15.72 316.37   8.16
20060320 090000  4.9 186.0  2.51 12.41 222.51  26.56  3  1.76 12.39 219.76  10.68  1.69  7.85 218.80  25.09  0.56 15.59 316.31   8.23
20060320 120000  5.0 180.7  2.43 12.38 223.68  25.91  3  1.88 12.36 220.61  10.92  1.43  7.62 219.66  25.05  0.57 15.50 316.29   8.27
20060320 150000  5.4 218.3  2.40 12.28 224.66  25.18  4  1.88 12.27 221.39  10.96  1.37  7.61 220.91  23.35  0.56 15.42 316.30   8.26  0.09 19.11 215.78   7.94
20060320 180000  9.2 216.3  2.44 12.17 225.14  24.67  2  2.38 12.15 221.90  16.30  0.56 15.36 316.26   8.23
20060320 210000  9.1 206.8  2.57 12.12 224.70  25.16  3  2.51 12.10 221.81  18.11  0.56 15.29 316.13   8.23  0.12 18.01 213.47   5.30
20060321 000000  7.2 196.6  2.58 12.04 224.94  25.95  4  1.66  7.18 219.48  26.35  1.90 12.02 223.85  11.18  0.55 15.17 315.97   8.31  0.12 17.91 214.30   3.86
20060321 030000  7.0 190.7  2.48 11.94 225.89  26.20  3  1.53  7.19 219.73  26.87  1.87 11.91 224.64  11.45  0.55 14.88 315.88   8.40
20060321 060000  7.3 189.4  2.37 11.85 226.62  26.29  5  1.43  7.29 219.82  26.80  1.78 11.83 225.27  10.99  0.54 14.68 315.76   8.66  0.25 16.91 214.40   8.24  0.18 16.89 247.20   4.58
20060321 090000  6.7 187.6  2.27 11.79 227.38  26.33  4  2.18 11.76 223.91  18.73  0.53 14.54 315.83   8.51  0.26 16.69 212.38   6.81  0.18 16.79 246.04   5.19
20060321 120000  6.4 184.2  2.18 11.73 228.51  26.05  3  2.07 11.69 225.30  18.21  0.52 14.46 315.84   8.55  0.43 16.20 215.55   9.35
20060321 150000  4.5 207.0  2.10 11.64 229.80  25.55  5  1.94 11.60 226.17  17.10  0.55 15.35 217.80   9.55  0.51 14.43 315.82   8.53  0.28 15.64 249.39   6.25  0.06 21.52 315.42   7.48
20060321 180000  9.4 202.9  2.13 11.53 229.16  25.82  4  1.97 11.49 226.22  18.15  0.62 15.28 218.31   9.08  0.51 14.42 315.87   8.32  0.07 20.65 314.07   8.80
20060321 210000  8.4 205.6  2.18 11.48 228.12  26.52  5  1.97 11.44 224.60  19.81  0.73 15.11 220.18  11.20  0.50 14.43 315.76   8.41  0.32 14.54 249.25   5.57  0.09 20.33 313.80   9.25
20060322 000000  8.0 198.9  2.15 14.17 228.33  26.84  4  2.00 11.45 225.78  20.14  0.60 14.70 214.74   7.61  0.49 14.41 315.78   8.28  0.11 20.26 313.31   9.29
20060322 030000  8.7 187.3  2.12 13.73 227.30  27.82  6  1.90 11.41 222.41  21.69  0.66 13.91 239.62   8.58  0.48 14.29 315.61   8.50  0.44 14.73 212.92   7.29  0.12 20.14 313.59   9.10  0.06 23.31 212.16   6.00
20060322 060000  8.3 186.4  2.09 13.53 226.58  28.41  7  1.31  6.34 215.54  28.77  1.38 11.32 227.26  12.30  0.57 13.74 240.87   8.93  0.46 13.94 315.23   9.11  0.41 14.58 212.68   7.14  0.14 19.44 314.13   8.75  0.13 22.00 211.94   5.52
20060322 090000  6.3 186.2  2.01 13.33 227.69  28.04  8  1.24  6.49 217.46  28.19  1.32 12.38 228.05  12.72  0.49 13.60 243.55   7.76  0.47 14.41 217.34   8.32  0.44 13.75 315.23   8.85  0.27 20.88 212.90   6.82  0.16 19.09 314.92   8.15  0.10 17.75 218.91   4.88
20060322 120000  5.4 192.1  1.95 12.92 228.60  27.42  6  1.27 11.33 226.08  12.63  1.16  6.75 220.24  27.13  0.65 12.93 239.34  10.98  0.45 20.12 213.46   6.50  0.43 13.68 315.30   8.69  0.19 19.00 314.59   8.27
20060322 150000  5.3 208.8  1.92 19.03 228.58  26.64  5  1.10  7.03 222.63  25.49  1.36 12.61 228.86  13.65  0.66 19.06 213.62   6.54  0.42 13.67 315.16   8.94  0.21 18.92 314.04   8.74
20060322 180000  8.7 208.5  2.01 18.17 226.77  26.06  6  1.14  7.16 221.17  24.85  1.23 12.43 231.00  13.11  0.90 18.13 214.04   6.72  0.42 13.73 215.12   8.04  0.41 13.69 315.31   8.52  0.23 18.57 313.53   9.04
20060322 210000  7.2 212.8  2.12 17.60 225.14  25.86  5  1.68 12.37 225.92  20.98  1.16 17.55 214.55   7.00  0.40 13.69 315.10   8.75  0.29 13.55 210.93   5.58  0.26 17.90 313.93   8.65
20060323 000000  6.2 202.4  2.20 16.82 223.91  25.44  5  1.61 11.80 225.85  21.73  1.35 16.72 215.02   7.14  0.44 13.41 210.74   5.28  0.40 13.64 315.12   8.61  0.30 17.80 314.24   8.57
20060323 030000  6.1 193.5  2.27 16.38 222.75  24.58  5  1.15  6.71 219.57  25.88  1.67 16.33 215.48   7.46  0.90 11.56 235.18  12.63  0.39 13.57 314.78   9.02  0.31 17.76 314.59   8.21
20060323 060000  7.4 185.1  2.36 15.76 221.36  23.67  4  2.26 15.74 217.56  15.56  0.46 11.76 244.96   6.30  0.37 13.50 315.12   8.68  0.33 17.65 313.50   8.97
20060323 090000  6.3 185.3  2.44 15.65 220.49  23.07  4  2.37 15.58 217.56  15.38  0.36 13.40 314.74   8.84  0.35 17.05 313.31   8.91  0.27 11.87 248.20   5.36
20060323 120000  6.6 195.1  2.48 15.51 220.39  22.69  4  1.00  6.33 216.60  26.75  2.21 15.40 217.98  10.67  0.38 16.70 313.63   8.53  0.35 13.27 314.49   9.08
20060323 150000  6.8 205.6  2.48 15.40 220.38  22.66  3  2.43 15.32 217.66  14.30  0.40 16.64 314.05   8.40  0.33 13.12 314.38   9.18
20060323 180000 10.8 196.2  2.56 15.27 219.25  23.35  3  2.50 15.21 216.71  15.95  0.41 16.61 314.16   8.47  0.32 12.95 314.53   9.11
20060323 210000 10.4 205.2  2.61 14.92 218.90  24.05  4  1.46  5.50 214.32  27.07  2.10 14.85 217.50  10.22  0.42 16.53 313.65   8.76  0.29 12.83 315.19   8.68
20060324 000000  7.3 197.7  2.50 14.70 219.62  25.04  4  1.41  5.73 215.35  28.39  2.00 14.60 217.78  10.44  0.43 16.20 313.29   8.78  0.28 12.74 315.12   8.71
20060324 030000  8.6 183.1  2.30 14.64 219.89  26.73  4  1.22  5.63 212.61  30.57  1.88 14.51 218.09  10.59  0.45 15.66 313.19   8.69  0.27 12.68 314.97   8.84
20060324 060000 11.5 179.4  2.29 14.58 216.59  29.25  4  1.32  5.06 201.70  30.95  1.79 14.42 218.46  10.86  0.46 15.57 313.33   8.57  0.26 12.65 314.69   9.10
20060324 090000 11.2 179.0  2.38 14.39 214.67  30.13  4  1.55  5.57 201.91  30.91  1.72 14.28 218.27  10.76  0.46 15.54 313.68   8.57  0.25 12.67 313.90   9.44
20060324 120000  9.6 173.9  2.61 13.93 216.02  28.47  3  1.97  6.98 210.56  28.67  1.64 13.90 217.39   9.91  0.51 15.50 313.71   8.92
20060324 150000 11.6 192.3  3.00 13.64 217.98  26.30  4  2.52  8.75 215.93  25.69  1.55 13.60 217.07   9.81  0.46 15.40 313.24   8.92  0.19 12.34 316.12   7.78
20060324 180000 13.0 199.2  3.60 13.46 218.27  24.91  2  3.57 13.40 217.17  22.40  0.48 15.09 313.48   8.89
20060324 210000 15.1 198.6  4.10  9.67 217.97  24.65  2  4.07  9.67 217.17  22.85  0.46 14.67 313.38   8.84
20060325 000000 12.2 187.1  4.37 10.28 217.05  25.77  3  4.13 10.27 216.33  25.49  1.38 13.74 216.93   9.67  0.45 14.58 313.33   8.85
20060325 030000 12.2 177.9  4.11 10.78 217.81  25.56  4  3.65 10.77 216.29  26.18  1.83 13.12 220.04  11.91  0.42 14.53 313.14   8.80  0.13 11.76 315.80   8.13
20060325 060000 11.7 178.1  3.91 13.34 218.14  24.83  5  3.29 10.85 215.50  26.18  2.08 13.29 221.75  11.80  0.41 14.50 313.06   8.82  0.11 11.70 316.76   7.71  0.06 17.81 316.53   7.41
20060325 090000 10.5 172.5  3.76 13.46 218.74  24.25  4  3.74 13.33 217.97  22.49  0.40 14.44 313.02   8.84  0.11 11.69 316.80   7.70  0.07 17.74 317.99   7.37
20060325 120000  7.5 170.0  3.55 13.44 220.57  22.58  2  3.52 13.33 219.76  20.59  0.41 14.36 313.42   8.87
20060325 150000  7.3 208.8  3.34 13.42 222.24  20.49  2  3.32 13.29 221.39  18.18  0.39 14.20 313.35   8.96
20060325 180000  8.1 206.6  3.19 13.43 222.83  19.46  2  3.17 13.28 221.97  16.95  0.38 13.87 313.26   8.98
20060325 210000  8.2 210.0  3.07 13.43 222.85  19.44  2  3.04 13.33 221.93  16.74  0.38 13.71 313.15   8.95
20060326 000000  8.4 199.0  3.01 13.42 222.41  20.06  3  2.98 13.36 221.41  17.23  0.37 13.63 312.68   9.00  0.12 16.64 316.64   7.58
20060326 030000  9.2 190.2  2.98 13.40 221.54  21.10  2  2.95 13.35 220.48  18.23  0.39 13.59 312.96   9.07
20060326 060000  7.9 185.9  2.93 13.37 220.95  21.78  2  2.91 13.32 219.85  18.91  0.39 13.56 312.62   9.61
20060326 090000  8.3 187.2  2.86 13.30 220.68  21.89  2  2.84 13.23 219.57  19.00  0.39 13.53 312.39   9.97
20060326 120000  8.1 185.7  2.77 13.14 220.35  21.99  3  2.75 13.03 219.23  19.06  0.34 13.51 311.04  10.41  0.16 15.70 318.08   6.57
20060326 150000  7.6 204.1  2.64 12.91 220.50  21.86  2  2.62 12.85 219.30  18.71  0.37 13.51 312.10  10.96
20060326 180000 10.6 209.6  2.60 12.76 220.25  22.16  4  1.86  8.22 219.25  24.00  1.79 12.72 218.80  11.25  0.36 13.59 312.44  10.99  0.06 20.47 308.24   9.05
20060326 210000 10.8 202.7  2.67 12.63 219.17  23.46  4  2.16  7.80 218.03  24.17  1.53 12.59 217.95  10.47  0.36 14.76 312.87  10.49  0.08 20.38 307.90   9.20
20060327 000000 11.0 195.2  2.82 12.53 217.09  25.11  5  2.45  7.72 215.69  25.25  1.33 12.47 217.14  10.16  0.26 14.77 313.94  10.66  0.24 12.73 311.83   9.47  0.08 20.35 308.17   9.29
20060327 030000 11.1 187.3  2.80  7.88 215.37  26.51  5  2.48  7.88 213.78  26.70  1.26 12.44 216.18   9.63  0.25 12.72 310.13  11.34  0.25 14.67 315.63   7.67  0.09 20.31 308.80   9.11
20060327 060000  8.5 191.7  2.56  7.86 216.18  26.57  5  2.22  7.86 214.15  26.60  1.22 12.40 217.12  10.05  0.29 13.00 309.95  11.59  0.20 14.61 317.04   7.08  0.10 20.16 308.92   9.00
20060327 090000  7.4 181.9  2.34 12.30 218.08  26.17  4  1.96  7.75 215.41  25.77  1.22 12.14 218.97  11.00  0.36 14.26 312.05  11.49  0.12 19.34 308.40   9.05
20060327 120000  7.9 174.0  2.25 12.06 219.67  25.94  4  1.86  7.85 217.01  25.11  1.21 11.91 219.65  11.93  0.36 14.20 312.15  11.75  0.14 19.09 307.65   9.30
20060327 150000  7.4 204.2  2.34 12.23 221.00  24.10  5  1.96  8.84 220.85  23.05  0.99 12.16 216.90   9.64  0.72 14.98 213.68   8.42  0.35 14.15 312.34  11.90  0.15 19.04 307.38   9.43
20060327 180000 10.5 219.3  2.73 14.44 220.95  22.06  4  2.23  8.97 221.77  22.27  1.53 14.52 215.95   8.72  0.34 14.06 312.75  11.62  0.15 19.01 307.61   9.52
20060327 210000 10.6 201.8  3.16 14.22 220.49  21.77  4  2.54  8.70 221.19  23.31  1.84 14.25 217.08   9.59  0.32 13.73 313.69  10.07  0.16 18.96 307.73   9.86
20060328 000000  7.7 196.5  3.31 13.71 220.56  21.77  4  2.58  8.92 220.87  24.00  2.04 13.73 218.39  10.86  0.31 13.52 314.25   9.08  0.17 18.74 308.05   9.48
20060328 030000  6.4 190.3  3.27 13.44 221.51  21.25  3  3.25 13.44 220.78  19.37  0.30 13.42 314.41   8.98  0.19 18.01 307.55   9.35
20060328 060000  4.7 191.1  3.23 12.98 222.68  20.59  3  3.21 12.94 221.89  18.53  0.30 13.37 314.01   9.70  0.21 17.84 306.98   9.68
20060328 090000  4.4 183.3  3.20 12.59 223.11  19.98  3  3.18 12.56 222.32  17.85  0.30 13.34 313.99   9.88  0.21 17.80 306.82  10.08
20060328 120000  4.4 184.1  3.10 12.41 222.92  19.60  4  3.06 12.38 222.02  17.46  0.37 16.85 229.40  10.74  0.29 13.29 314.20   9.77  0.21 17.77 306.90  10.29
20060328 150000  4.5 204.1  2.94 12.05 222.80  19.30  3  2.92 12.01 221.98  16.96  0.27 13.20 314.36   9.82  0.21 17.71 307.34  10.16
20060328 180000  6.2 241.4  2.80 11.91 223.14  19.14  4  2.70 11.87 222.13  16.98  0.65 15.95 224.85   8.92  0.26 12.92 314.59   9.70  0.21 17.53 307.57   9.79
20060328 210000  5.5 216.1  2.71 11.85 223.47  19.04  4  2.60 11.80 222.35  16.77  0.70 16.27 225.14   8.66  0.25 12.71 315.44   8.56  0.23 16.89 307.12   9.94
20060329 000000  2.9 206.9  2.68 11.77 223.32  18.64  4  2.49 11.67 222.24  16.42  0.93 15.65 223.05   9.57  0.25 16.72 306.98   9.81  0.24 12.63 315.50   8.58
20060329 030000  3.3 196.9  2.66 11.72 222.96  18.07  4  2.40 11.61 221.88  16.03  1.10 15.14 222.53   8.77  0.25 16.67 306.84  10.10  0.23 12.60 315.62   8.55
20060329 060000  2.5 208.2  2.63 11.87 222.60  17.54  4  2.31 11.74 221.84  15.45  1.21 14.89 220.94   9.57  0.25 16.64 306.72  10.66  0.23 12.59 315.24   9.46
20060329 090000  3.4 187.9  2.61 14.29 222.35  17.02  4  2.58 14.29 221.46  13.89  0.24 16.60 307.15  10.78  0.22 12.58 315.27   9.66  0.10 23.42 211.10   5.40
20060329 120000  2.8 202.0  2.60 14.08 222.15  16.66  4  2.57 14.08 221.31  13.53  0.24 16.50 306.82  11.37  0.21 12.56 315.39   9.59  0.19 22.27 212.64   4.78
20060329 150000  3.3 214.0  2.57 13.87 221.99  16.50  5  2.01 13.88 221.08   9.24  1.53  9.48 221.57  18.18  0.35 21.17 211.46   5.35  0.25 16.22 306.94  11.06  0.20 12.52 315.39   9.76
20060329 180000  5.5 233.2  2.55 13.75 221.83  16.58  4  2.49 13.77 221.16  13.18  0.43 20.50 211.06   5.41  0.26 15.78 307.21  10.74  0.19 12.46 315.46   9.81
20060329 210000  5.5 216.1  2.54 15.24 221.48  16.69  5  2.03 13.79 220.53   8.95  1.33  8.86 222.33  19.98  0.67 19.23 213.23   7.01  0.27 15.67 307.28  11.27  0.19 12.35 315.57   9.83
20060330 000000  3.2 194.6  2.52 15.44 220.94  16.54  4  2.35 15.34 220.92  13.04  0.86 18.53 212.58   6.83  0.28 15.63 307.61  11.44  0.18 12.17 315.78   9.70
20060330 030000  5.6 197.5  2.50 17.29 220.50  16.31  3  2.47 17.33 219.47  12.32  0.28 15.60 307.63  11.78  0.18 11.98 316.78   8.26
20060330 060000  4.6 191.4  2.48 16.40 220.01  16.50  3  2.46 16.46 218.97  12.51  0.28 15.57 307.99  11.78  0.17 11.90 317.46   7.71
20060330 090000  6.0 188.4  2.47 16.21 219.90  16.37  3  2.45 16.25 218.84  12.23  0.29 15.50 308.64  11.33  0.16 11.85 317.38   7.78
20060330 120000  6.7 169.6  2.48 15.57 219.65  16.86  3  2.46 15.59 218.58  12.79  0.29 15.39 308.84  11.31  0.16 11.82 317.38   7.83
20060330 150000  7.2 211.3  2.51 15.37 220.07  16.49  3  2.49 15.38 218.99  12.32  0.30 15.24 308.95  11.52  0.16 11.79 317.39   7.86
20060330 180000  8.4 211.3  2.63 15.22 220.74  16.83  3  2.61 15.23 219.74  13.15  0.31 15.02 309.20  11.52  0.15 11.76 317.41   7.89
20060330 210000  7.3 203.8  2.68 14.80 221.39  17.00  3  2.65 14.80 220.39  13.42  0.32 14.79 309.47  11.48  0.15 11.72 317.45   7.90
20060331 000000  6.0 209.3  2.69 14.49 222.16  16.70  3  2.66 14.47 221.14  12.96  0.33 14.68 309.81  11.38  0.14 11.62 318.20   7.04
20060331 030000  5.3 174.4  2.66 14.32 222.98  16.51  3  2.64 14.29 221.90  12.52  0.35 14.61 311.49  11.01  0.09 17.88 313.39   7.76
20060331 060000  5.6 192.5  2.64 14.07 223.91  16.28  4  2.37 13.98 222.58  12.32  1.09 16.87 223.65  10.18  0.34 14.56 311.26  10.79  0.13 11.19 318.11   7.17
20060331 090000  6.8 191.6  2.64 13.66 224.53  16.39  4  2.27 13.62 222.90  12.80  1.30 16.90 224.82   9.33  0.35 14.49 311.76  10.90  0.12 11.10 318.02   7.22
20060331 120000  6.5 171.8  2.67 13.55 224.89  16.89  5  2.15 13.52 223.07  14.28  1.55 17.28 225.10   9.56  0.32 14.40 312.21  11.26  0.15 17.06 313.59   8.34  0.12 11.06 317.92   7.29
20060331 150000  6.3 203.3  2.69 16.55 225.56  16.40  5  1.94 13.30 223.55  14.43  1.83 16.53 225.45   9.26  0.32 14.27 312.23  11.58  0.15 16.95 313.41   8.97  0.12 11.04 318.10   7.53
20060331 180000  9.3 205.6  2.76 16.29 225.70  16.62  3  0.79  3.82 214.62  28.25  2.62 16.27 225.44   9.87  0.37 14.09 312.94  11.30
20060331 210000 10.0 199.8  2.89 16.15 224.79  18.49  4  1.21  4.93 213.30  27.62  2.60 16.14 225.78   9.78  0.35 13.88 312.80  12.09  0.16 16.73 312.49   9.23
20060401 000000  9.2 192.6  2.95 15.44 224.43  19.83  4  2.92 15.46 223.38  16.87  0.33 13.79 309.95  11.56  0.17 16.61 315.66   8.30  0.13 11.72 326.05   8.60
