Date     Time   Uabs UDir  hs    tp    th     sp     np hs(i) tp(i) th(i)  sp(i)
19880801 000000 11.9 188.8  3.23 14.45 217.33  22.46  2  2.12  6.71 215.16  30.31  2.43 14.45 218.79  13.58
19880801 030000 10.7 182.4  3.29 14.35 217.04  22.51  2  2.16  7.21 214.93  30.73  2.49 14.35 218.43  13.16
19880801 060000  7.5 177.2  3.20 14.24 218.34  21.44  2  2.02  7.87 218.76  30.32  2.49 14.24 218.10  12.54
19880801 090000  6.2 178.3  3.08 14.11 219.57  19.95  1  3.08 14.11 219.57  19.95
19880801 120000  5.6 181.3  2.96 14.05 220.22  18.80  2  2.31 14.05 217.98  11.95  1.85  8.87 224.05  25.75
19880801 150000  4.6 199.2  2.88 13.92 220.43  17.94  1  2.88 13.92 220.43  17.94
19880801 180000  7.8 224.8  2.83 13.72 220.44  17.57  1  2.83 13.72 220.44  17.57
19880801 210000  6.5 208.7  2.75 13.57 220.23  17.77  1  2.75 13.57 220.23  17.77
19880802 000000  7.4 206.6  2.65 13.49 219.75  17.83  1  2.65 13.49 219.75  17.83
19880802 030000  4.8 187.7  2.57 13.43 219.54  17.78  1  2.57 13.43 219.54  17.78
19880802 060000  4.7 179.7  2.50 13.34 219.39  17.57  1  2.50 13.34 219.39  17.57
19880802 090000  4.5 151.3  2.41 13.18 219.20  17.55  2  2.32 12.72 218.39  17.87  0.62 13.50 229.95   5.66
19880802 120000  5.2 183.4  2.33 12.99 219.10  17.62  2  2.09 13.51 217.40  18.82  1.02 12.79 226.04   8.09
19880802 150000  5.7 178.2  2.27 12.88 219.11  17.72  2  1.71 12.88 216.62  13.46  1.48  8.89 222.57  21.71
19880802 180000  7.1 201.5  2.22 12.79 218.96  17.90  2  1.49  8.68 221.40  21.92  1.65 12.79 217.07  13.51
19880802 210000  8.7 196.5  2.22 12.68 218.54  18.66  2  1.54  8.53 220.28  23.20  1.60 12.68 217.04  12.98
19880803 000000  8.5 191.0  2.21 12.56 217.51  20.23  2  1.60  8.26 217.88  24.99  1.52 12.56 217.11  12.98
19880803 030000  7.2 169.0  2.13 12.45 217.19  21.32  3  1.56  8.00 217.00  26.58  1.45 12.43 217.05  12.24  0.13 12.84 262.19  13.21
19880803 060000  7.0 175.2  2.03 12.30 217.78  20.98  4  1.49  7.83 218.22  26.08  1.37 12.27 216.79  11.73  0.15 12.76 261.47  12.22  0.08 19.13 219.03   8.65
19880803 090000  7.4 166.3  1.97 12.07 217.52  21.60  4  1.42  7.77 217.57  27.28  1.35 12.05 216.96  11.92  0.15 12.76 262.51  12.14  0.11 18.87 218.66   8.85
19880803 120000  8.3 168.4  1.97 11.93 216.55  23.04  4  1.48  7.82 215.72  28.31  1.28 11.92 216.85  12.14  0.17 12.15 261.85  11.08  0.16 18.00 217.13   8.32
19880803 150000  8.5 181.0  2.00 11.86 216.29  23.22  4  1.58  7.86 215.66  27.40  1.19 11.83 216.43  12.11  0.20 17.75 217.07   8.24  0.17 12.09 261.47  11.01
19880803 180000  9.9 200.9  2.12 11.81 216.75  22.55  4  1.77  7.80 216.88  25.46  1.12 11.79 215.48  12.34  0.28 16.93 217.27   9.28  0.17 12.10 261.22  10.86
19880803 210000 10.9 201.5  2.32 11.76 217.81  22.63  4  2.27 11.76 217.29  22.70  0.34 16.65 218.51   9.96  0.26 13.59 226.25   3.31  0.22 11.77 259.99   9.10
19880804 000000 12.2 186.9  2.55  7.72 215.96  24.84  3  2.50  7.72 215.78  25.22  0.41 16.18 217.86  10.31  0.26 13.69 226.24   3.30
19880804 030000  9.5 175.6  2.58  7.98 216.09  25.55  4  2.40  7.98 216.28  26.97  0.69 11.78 207.76   9.21  0.48 15.65 216.84  10.18  0.43 13.13 231.87   7.08
19880804 060000  9.6 177.7  2.48  8.25 216.79  25.40  4  2.27  8.25 217.07  27.12  0.66 11.60 205.97   7.38  0.56 15.34 217.66   9.62  0.47 12.83 230.89   7.08
19880804 090000  8.6 165.6  2.41  8.47 217.02  25.67  4  2.17  8.47 216.11  27.40  0.64 12.13 234.55  10.68  0.61 15.00 216.88  10.10  0.53 11.48 205.55   7.59
19880804 120000  8.7 168.6  2.29  8.65 218.21  25.34  4  2.10  8.65 218.21  27.06  0.58 14.68 218.01  10.54  0.54 11.44 209.85  11.11  0.46 12.68 230.07   9.43
19880804 150000  6.5 178.5  2.15  8.59 219.95  24.20  5  1.79  8.59 216.86  26.69  0.82 10.81 236.92  11.32  0.74 14.26 218.40  11.42  0.38 10.84 205.91   7.93  0.21 12.66 235.00   0.02
19880804 180000  9.1 204.4  2.07 10.64 220.51  22.91  3  1.67  8.26 216.49  25.43  0.90 14.06 219.70  11.96  0.81 10.33 237.44  11.92
19880804 210000 10.6 198.3  2.17 13.25 219.40  23.49  3  1.85  7.66 216.03  25.29  0.92 13.25 220.86  11.84  0.66 10.25 241.33  10.75
19880805 000000  9.4 185.4  2.17  7.14 219.19  25.04  3  1.86  7.14 215.26  26.99  0.89 13.14 221.77  11.61  0.68 10.16 241.63  10.27
19880805 030000  9.5 176.0  2.15  7.19 218.07  26.56  3  1.86  7.19 213.70  28.47  0.86 13.07 222.53  11.43  0.66 10.05 242.16  10.42
19880805 060000  8.8 174.3  2.10  7.45 218.83  26.96  3  1.92  7.45 217.81  28.97  0.84 13.10 223.22  11.06  0.13 18.49 233.57  11.45
19880805 090000  8.1 167.3  2.03  7.61 218.95  27.22  3  1.84  7.61 217.41  29.42  0.85 12.82 224.84  11.15  0.16 18.11 234.20  11.25
19880805 120000  9.9 179.1  1.97  7.53 218.07  27.62  3  1.79  7.53 216.08  29.79  0.81 12.35 225.73  10.67  0.21 17.79 231.46  11.04
19880805 150000  9.9 179.6  2.06  7.32 216.42  27.69  4  1.87  7.32 213.99  29.62  0.81 12.28 226.16   9.87  0.26 17.56 232.88  11.06  0.06 23.06 225.89   7.15
19880805 180000 10.3 191.8  2.20  7.39 218.07  26.11  3  2.00  7.39 216.00  27.96  0.84 12.07 226.39   9.79  0.35 17.01 230.80  11.54
19880805 210000 10.7 194.3  2.32  7.40 219.45  25.22  3  2.06  7.40 216.90  27.30  0.93 11.48 228.19  11.12  0.51 16.67 228.29  11.33
19880806 000000  5.7 202.1  2.38  7.35 220.37  24.83  3  2.07  7.35 217.95  27.55  0.93 11.05 228.15  10.16  0.72 16.38 225.46  11.39
19880806 030000  8.3 178.8  2.35 15.71 221.89  23.27  2  2.09  7.45 221.43  25.49  1.07 15.71 223.53  11.14
19880806 060000  8.4 181.1  2.40 15.35 222.27  21.51  2  1.86  9.38 221.57  26.33  1.52 15.35 223.23  10.81
19880806 090000  6.5 183.9  2.49 15.17 222.82  19.48  3  1.69  9.21 222.06  26.19  1.63 14.20 223.24  11.27  0.84 16.46 224.05   8.98
19880806 120000  5.0 184.1  2.54 15.05 223.71  17.63  2  2.20 13.35 222.87  19.19  1.27 15.46 226.14  11.42
19880806 150000  4.3 198.2  2.52 14.43 224.69  16.07  1  2.52 14.43 224.69  16.07
19880806 180000  7.5 220.1  2.49 14.35 225.36  15.17  1  2.49 14.35 225.36  15.17
19880806 210000  6.2 211.7  2.43 14.32 225.91  15.08  1  2.43 14.32 225.91  15.08
19880807 000000  4.5 206.9  2.34 14.25 226.40  14.90  1  2.34 14.25 226.40  14.90
19880807 030000  6.3 206.3  2.23 14.10 226.76  14.77  2  2.23 14.10 226.76  14.79  0.09 20.55 226.08   4.96
19880807 060000  4.1 159.6  2.11 13.71 226.98  14.97  1  2.11 13.71 226.98  14.97
19880807 090000  3.4 200.4  1.99 13.53 227.36  14.61  1  1.99 13.53 227.36  14.61
19880807 120000  6.2 342.6  1.87 13.43 227.94  15.23  2  1.86 13.43 227.95  15.30  0.21 18.84 226.89   7.30
19880807 150000  3.3 305.4  1.76 13.33 228.79  17.02  2  1.75 13.33 228.81  17.08  0.17 19.11 225.68   7.44
19880807 180000  3.7 264.5  1.66 13.15 229.13  17.22  3  1.64 13.15 229.18  17.35  0.17 16.68 226.88   7.47  0.16 19.09 226.29   7.65
19880807 210000  3.8 236.4  1.60 12.79 229.77  17.23  3  1.58 12.79 229.80  17.24  0.29 17.01 227.20   9.76  0.05 16.59 311.77   8.83
19880808 000000  4.2 202.0  1.75 12.64 231.90  16.57  3  1.73 12.64 231.96  16.55  0.26 17.61 227.04   7.52  0.05 16.56 312.93   8.71
19880808 030000  4.9 193.1  2.09 12.51 234.35  16.09  2  2.08 12.51 234.45  16.11  0.19 17.96 223.29   7.27
19880808 060000  7.0 192.6  2.30 12.29 235.22  16.85  2  2.27 12.29 235.48  16.91  0.34 15.75 224.08   9.00
19880808 090000  7.1 173.2  2.28 11.82 234.38  19.85  3  2.25 11.82 234.53  19.86  0.34 15.90 225.46   8.49  0.07 15.57 310.23   8.43
19880808 120000  7.0 175.4  2.16 11.60 233.33  21.39  3  2.14 11.60 233.45  21.38  0.30 16.37 223.69   7.39  0.08 15.52 310.81   8.48
19880808 150000  7.4 185.7  2.07 11.54 231.67  21.94  2  2.07 11.54 231.58  21.76  0.08 15.50 311.79   8.63
19880808 180000  8.9 189.9  2.12 11.52 228.08  22.52  2  2.12 11.52 227.99  22.34  0.08 15.49 312.66   8.77
19880808 210000 10.4 181.5  2.29 11.41 222.80  24.41  2  2.29 11.41 222.73  24.26  0.08 15.41 312.49   8.83
19880809 000000  6.1 184.7  2.30 11.19 220.72  24.31  4  1.40  6.30 212.64  33.41  1.82 11.19 224.73  14.85  0.14 18.14 216.86  10.49  0.09 14.89 310.75   9.29
19880809 030000  6.7 173.0  2.16 11.13 221.33  22.59  2  2.16 11.13 221.21  22.33  0.10 14.56 309.61   9.02
19880809 060000  4.6 177.0  2.02 11.14 221.72  21.24  3  2.00 11.14 221.61  20.96  0.24 16.89 218.01  10.91  0.11 14.51 309.66   9.14
19880809 090000  4.2 188.5  1.87 11.10 222.27  19.88  3  1.85 11.10 222.05  19.49  0.25 16.92 222.63  10.45  0.11 14.49 310.21   9.33
19880809 120000  6.5 192.6  1.77 11.01 222.17  19.37  2  1.77 11.01 221.95  18.79  0.11 14.48 310.95   9.48
19880809 150000  6.8 205.2  1.72 10.92 221.96  19.69  3  1.67 10.92 221.62  19.49  0.40 16.56 224.00  10.57  0.10 14.45 311.22   9.39
19880809 180000 10.0 215.1  1.82 10.87 221.87  20.68  4  1.74 10.87 221.52  20.81  0.43 17.62 230.03   8.99  0.29 15.43 209.35   5.71  0.10 14.29 311.10   9.10
19880809 210000 10.0 202.4  2.06 10.82 221.15  22.88  3  1.92 10.81 220.46  23.67  0.73 17.29 224.51  11.73  0.10 13.69 310.28   8.98
19880810 000000  7.3 191.2  2.07 16.59 221.72  23.87  4  1.60  6.46 219.57  28.50  0.98 10.69 221.63  12.31  0.87 16.59 227.33  11.63  0.11 13.58 309.51   8.97
19880810 030000  9.0 196.9  2.02 16.29 223.04  23.43  4  1.49  6.59 219.04  28.54  1.05 16.29 230.40  10.71  0.85 10.46 221.51  12.66  0.12 13.55 309.20   9.45
19880810 060000  6.4 182.4  1.98 15.78 225.16  23.01  4  1.32  6.49 217.53  29.60  1.26 15.78 232.67  10.59  0.75 10.31 223.11  12.96  0.13 13.54 309.15   9.70
19880810 090000  3.8 173.7  2.00 15.27 230.18  20.18  4  1.54 15.27 235.53  10.20  1.06  6.27 219.94  29.97  0.68 10.16 222.56  13.48  0.12 13.53 309.64   9.74
19880810 120000  4.0 245.3  2.13 14.63 234.35  16.94  4  1.85 14.64 237.58  10.18  0.89  6.03 222.65  28.91  0.57  9.88 222.94  13.48  0.11 13.50 310.44   9.65
19880810 150000  6.0 223.2  2.28 14.22 236.81  15.09  2  2.28 14.23 236.69  14.76  0.11 13.37 311.32   8.92
19880810 180000  3.7 247.5  2.38 13.76 238.26  14.34  3  2.34 13.76 238.30  14.08  0.40 19.81 232.94  10.82  0.11 12.85 311.11   8.69
19880810 210000  5.0 328.9  2.42 13.65 239.36  14.72  4  2.31 13.66 239.38  12.32  0.54  5.34 236.82  36.45  0.45 19.32 237.98   6.87  0.12 12.71 310.73   8.60
19880811 000000 12.1 345.2  2.54 13.62 244.20  27.58  5  0.78  3.44 328.90  35.27  2.22 13.63 240.03  12.48  0.94 17.98 233.06  11.79  0.13 12.68 310.55   8.71  0.07 21.76 303.68   9.43
19880811 030000  8.0 331.2  2.65 17.50 247.43  31.42  5  1.02  4.59 324.36  31.52  2.12 13.60 241.04  12.32  1.22 17.58 232.10  11.25  0.14 12.66 309.48  10.20  0.08 21.75 304.32   8.94
19880811 060000  6.4 347.6  2.69 16.67 245.32  28.78  5  0.93  4.87 322.51  32.14  2.01 13.69 241.13  13.11  1.52 16.80 234.16  10.97  0.13 12.65 310.20   9.70  0.08 21.64 305.47   8.46
19880811 090000  6.3  17.6  2.71 16.47 243.60  27.02  3  0.82  4.82 327.65  34.19  2.59 16.47 238.68  13.19  0.13 12.63 310.92   9.33
19880811 120000  4.1  24.9  2.72 15.96 242.21  24.06  4  2.63 15.96 238.69  13.15  0.69  4.74 328.21  32.95  0.12 12.59 311.21   9.38  0.09 20.68 305.79   8.66
19880811 150000  2.4 322.9  2.73 15.52 241.27  21.22  3  2.67 15.52 238.80  13.51  0.58  4.66 324.67  29.31  0.10 20.52 306.25   8.38
19880811 180000  3.9 251.4  2.74 15.33 240.48  18.98  2  2.74 15.33 240.40  18.84  0.10 20.50 306.27   8.21
19880811 210000  5.8 206.2  2.73 14.89 239.56  17.44  2  2.73 14.89 239.48  17.27  0.11 20.48 306.48   8.19
19880812 000000  6.2 181.8  2.71 14.57 238.32  17.23  3  2.71 14.57 238.12  16.78  0.12 11.86 311.58   9.08  0.11 20.40 306.87   8.46
19880812 030000  3.6 160.0  2.66 14.42 237.94  16.75  3  2.65 14.42 237.73  16.27  0.11 11.85 313.43   7.66  0.11 20.22 307.12   8.64
19880812 060000  1.0 231.5  2.59 14.26 237.96  16.08  3  2.58 14.26 237.74  15.55  0.11 11.83 313.60   7.66  0.11 19.80 307.14   8.66
19880812 090000  3.9 344.8  2.50 13.97 237.92  15.96  3  2.50 13.97 237.65  15.31  0.13 19.39 305.05  10.32  0.12 11.81 311.99   9.27
19880812 120000  8.6 347.2  2.46 13.75 240.27  23.90  4  2.44 13.75 240.10  23.55  0.23 21.72 226.47   7.13  0.14 19.59 306.01   9.28  0.11 11.79 312.52   9.27
19880812 150000 11.5 355.4  2.58 13.64 251.19  40.53  5  1.27  4.89 328.56  35.38  2.20 13.64 235.96  13.71  0.45 20.51 227.76   8.10  0.15 19.60 305.55   9.74  0.11 11.76 313.53   8.86
19880812 180000 14.1 350.7  2.96 13.56 275.66  50.38  4  2.07  6.14 329.39  32.40  1.94 13.56 234.24  12.28  0.81 19.85 229.03   8.91  0.15 19.50 306.05  10.12
19880812 210000 13.8 345.8  3.37 13.62 291.38  49.85  5  2.66  7.25 327.46  30.28  1.41 13.29 235.44  12.65  1.17 15.38 228.80   8.27  0.94 19.14 228.33   8.50  0.15 19.22 304.99  12.08
19880813 000000 13.4 354.6  3.57 18.56 289.91  48.60  4  2.88  8.05 322.32  31.92  1.74 15.23 232.00  11.20  1.19 18.55 227.92   8.67  0.14 18.97 306.34  10.49
19880813 030000 10.3   9.2  3.72 17.76 280.57  46.90  3  2.96  8.73 312.87  35.65  2.25 17.75 230.85  10.72  0.14 18.76 307.41   8.62
19880813 060000  9.4 343.6  4.03 17.41 268.61  40.07  3  3.18 11.79 293.38  35.19  2.37 17.28 229.96   9.33  0.70 18.25 272.75  13.88
19880813 090000 10.6 358.3  4.62 16.50 266.08  35.97  3  3.64 12.65 286.07  33.19  2.61 16.39 231.63  10.51  1.10 17.78 267.28   8.56
19880813 120000 13.5 352.6  4.97 15.81 266.22  35.27  2  4.19 14.86 282.03  32.07  2.67 16.29 231.27   9.62
19880813 150000 10.2 339.3  4.97 15.18 265.71  34.31  2  4.17 14.53 281.21  31.10  2.69 16.13 231.94  10.10
19880813 180000  8.3 328.5  4.73 14.85 261.85  31.90  2  3.91 14.26 276.99  29.06  2.66 15.61 231.91  10.04
19880813 210000  7.8 337.2  4.55 14.82 259.01  30.29  2  3.63 13.70 275.15  27.90  2.75 15.36 233.23  11.04
19880814 000000  8.6 338.5  4.48 14.99 257.04  29.51  2  3.63 14.33 271.44  27.84  2.63 15.40 231.98   9.92
19880814 030000 11.8 347.4  4.60 14.89 258.37  32.97  2  4.39 15.47 257.55  34.37  1.38 14.40 265.31   9.10
19880814 060000 10.9 351.0  4.68 14.77 257.48  34.17  1  4.68 14.77 257.48  34.17
19880814 090000 11.7 329.2  4.78 14.65 256.58  33.85  1  4.78 14.65 256.58  33.85
19880814 120000  7.7 308.7  4.70 14.58 252.61  31.06  2  4.70 14.58 252.56  31.02  0.15 17.62 311.78   6.78
19880814 150000  2.6 322.9  4.50 14.53 248.76  28.25  2  4.49 14.53 248.72  28.20  0.13 17.50 312.91   6.85
19880814 180000  1.1  74.1  4.27 14.63 246.22  26.39  1  4.27 14.63 246.22  26.39
19880814 210000  2.3 244.5  4.19 14.77 244.10  24.64  2  4.19 14.77 244.05  24.58  0.12 16.69 311.63   6.49
19880815 000000  1.7 263.3  4.17 14.77 242.32  23.25  2  4.16 14.76 242.25  23.16  0.15 16.60 307.62   8.36
19880815 030000  1.3 207.8  4.09 14.61 240.97  22.56  2  4.08 14.60 240.88  22.43  0.16 16.58 307.89   8.21
19880815 060000  2.4 162.2  3.97 14.42 239.54  22.19  2  3.96 14.42 239.43  22.04  0.17 16.55 306.37  10.47
19880815 090000  3.4 136.2  3.82 14.23 238.10  21.95  2  3.81 14.23 238.01  21.80  0.15 16.55 309.55   8.64
19880815 120000  4.7 173.7  3.66 14.01 236.39  21.95  2  3.65 14.01 236.32  21.82  0.13 16.51 310.75   8.83
19880815 150000  5.9 173.0  3.48 13.74 234.78  21.87  2  3.48 13.74 234.72  21.76  0.11 16.37 311.06   8.87
19880815 180000  8.2 204.9  3.33 13.53 233.16  21.43  2  3.32 13.53 233.10  21.31  0.11 15.79 309.49   9.04
19880815 210000  9.3 200.6  3.20 13.34 231.30  21.45  2  3.20 13.34 231.21  21.29  0.12 15.59 308.50   8.56
19880816 000000  8.7 196.9  3.07 13.09 229.16  22.03  2  3.06 13.09 229.04  21.81  0.14 15.54 307.09   9.62
19880816 030000  8.0 182.5  2.90 12.79 227.56  22.30  3  2.88 12.79 227.61  22.07  0.31 19.58 210.92   6.73  0.14 15.53 307.39   9.66
19880816 060000  6.9 171.7  2.75 12.57 226.18  22.01  3  2.70 12.57 226.51  21.87  0.48 19.15 211.75   6.96  0.14 15.52 308.05   9.79
19880816 090000  5.3 165.3  2.63 12.21 224.88  21.00  3  2.52 12.21 225.93  21.09  0.74 18.28 211.64   7.27  0.12 15.51 309.09   9.88
19880816 120000  6.3 200.2  2.56 11.99 223.47  19.67  3  2.38 11.99 225.13  20.06  0.92 17.90 212.15   7.76  0.11 15.49 310.51   9.48
19880816 150000  6.8 209.9  2.53 17.22 222.00  18.82  3  2.24 11.70 224.66  19.84  1.19 17.24 212.63   7.92  0.10 15.38 310.23   9.76
19880816 180000  7.9 210.7  2.51 16.64 221.00  18.55  3  2.06 11.29 224.93  20.45  1.43 16.65 212.98   8.13  0.10 14.90 309.89   8.83
19880816 210000  8.3 206.8  2.46 16.35 220.18  18.85  3  1.85 11.06 225.19  22.35  1.63 16.36 213.87   8.39  0.11 14.62 307.99   9.59
19880817 000000  8.1 196.3  2.37 16.08 219.18  19.31  3  1.70 16.09 213.83   8.30  1.64 10.71 225.09  24.55  0.13 14.57 306.89  10.43
19880817 030000  5.0 193.9  2.21 15.60 218.77  19.22  3  1.61 15.61 213.82   8.57  1.51 10.44 224.43  24.59  0.13 14.55 306.93  10.32
19880817 060000  3.3 216.1  2.03 15.41 218.86  18.58  3  1.62 15.42 214.36   8.75  1.21 10.07 227.07  25.83  0.12 14.54 307.48  10.12
19880817 090000  4.1 203.3  1.87 15.31 219.16  18.11  3  1.52 15.32 214.57   9.23  1.08  9.94 228.43  24.96  0.11 14.53 308.27  10.26
19880817 120000  3.9 212.4  1.76 15.12 220.19  18.05  3  1.50 15.14 216.79  12.05  0.91  9.84 229.27  25.06  0.10 14.51 309.35  10.18
19880817 150000  4.1 182.2  1.70 14.66 222.48  18.63  3  1.52 14.67 215.99   9.69  0.77 10.28 249.29  20.60  0.10 14.47 309.72  10.20
19880817 180000  5.4 185.5  1.72 14.51 225.47  19.85  3  1.43 14.51 216.47   9.73  0.95  9.93 246.77  20.36  0.10 14.35 309.26  10.21
19880817 210000  4.7 211.1  1.75 14.44 229.13  20.58  3  1.35 14.44 216.96   9.76  1.11 10.28 247.45  18.22  0.11 14.08 308.67   9.90
19880818 000000  3.7 273.7  1.77 14.34 232.67  21.27  3  1.28 14.35 217.17   9.80  1.22 10.60 249.70  16.38  0.12 13.76 306.33  11.36
19880818 030000  2.0 130.4  1.77 14.00 235.82  21.87  3  1.27 10.09 252.35  15.41  1.23 14.03 217.85  10.11  0.12 13.68 306.60  10.92
19880818 060000  0.2 158.4  1.77 13.78 238.39  22.39  3  1.31 10.00 254.48  14.73  1.18 13.80 218.18  10.47  0.12 13.64 306.73  10.64
19880818 090000  1.0  34.5  1.77 13.74 240.73  22.93  3  1.35  9.83 256.33  14.64  1.14 13.75 218.30  10.53  0.12 13.62 306.86  11.07
19880818 120000  1.0 112.1  1.74 13.69 242.98  23.56  3  1.36  9.62 258.25  14.69  1.08 13.72 218.16  10.30  0.11 13.58 305.70  12.36
19880818 150000  1.3 203.6  1.70 13.55 245.30  24.25  3  1.35  9.38 260.16  15.02  1.02 13.58 218.15  10.63  0.10 13.58 309.87   9.36
19880818 180000  3.1  48.0  1.61 13.40 247.86  25.02  3  1.32  9.16 262.24  15.41  0.93 13.43 217.92  10.63  0.09 13.55 310.77   8.68
19880818 210000  5.5 353.6  1.56 13.29 252.67  29.10  3  1.32  9.02 266.25  22.18  0.83 13.32 217.67  10.72  0.10 13.46 309.65   9.21
19880819 000000  4.4 358.9  1.59 13.18 257.55  29.89  3  1.38  8.98 269.46  23.29  0.77 13.24 218.45  11.20  0.10 13.45 310.34   8.92
19880819 030000  4.9 323.1  1.68  9.10 259.08  28.14  3  1.50  9.03 268.56  22.12  0.75 13.01 218.95  11.52  0.10 13.25 312.03   7.35
19880819 060000  3.3 319.4  1.84  9.34 258.67  26.32  2  1.66  9.23 267.20  20.90  0.80 12.61 220.64  12.21
19880819 090000  3.0 292.5  1.96  9.67 258.00  25.56  3  1.79  9.65 265.56  20.78  0.81 12.54 220.29  11.53  0.06 24.27 223.63   7.33
19880819 120000  3.8 221.0  2.03 10.24 257.00  25.55  4  1.72  9.25 268.57  19.74  0.79 12.72 220.49  12.32  0.73 11.04 236.04   9.12  0.07 23.57 224.65   8.41
19880819 150000  5.7 193.9  2.06 10.74 255.16  26.04  3  1.67  9.12 268.91  20.84  1.21 11.41 229.74  13.71  0.10 23.24 224.22   8.05
19880819 180000  4.9 183.4  2.07 10.73 253.41  26.65  3  1.54  9.82 270.46  23.32  1.38 11.09 233.55  14.50  0.13 22.77 225.16   7.92
19880819 210000  5.9 195.2  2.07 10.50 252.78  26.29  3  1.51 10.22 270.37  23.06  1.41 11.03 233.82  14.28  0.15 22.15 225.70   7.95
19880820 000000  5.8 199.5  2.06 10.35 252.19  26.19  3  1.58 10.37 266.83  24.07  1.32 10.32 232.67  13.90  0.17 21.99 226.46   8.03
19880820 030000  7.2 179.6  2.03 10.24 251.44  27.26  4  1.82  9.86 258.67  25.81  0.70 11.94 217.83  10.61  0.55 10.44 233.97   7.04  0.22 21.57 226.24   8.77
19880820 060000  6.9 179.9  1.97 10.12 251.08  28.32  4  1.77 10.23 257.75  27.33  0.64 12.14 217.90  11.25  0.47  9.64 232.78   5.65  0.29 21.15 225.82   8.66
19880820 090000  7.2 173.8  1.89  9.99 250.07  29.71  5  0.58  3.41 185.95  33.05  1.62 10.10 262.31  17.98  0.63 12.09 218.98  11.59  0.34  9.73 232.82   4.13  0.32 20.92 226.64   8.75
19880820 120000  8.5 165.5  1.84  9.98 247.65  32.73  4  0.65  3.46 178.77  34.48  1.58  9.81 260.67  18.49  0.57 12.46 217.28  10.39  0.36 20.79 226.70   8.99
19880820 150000  7.1 181.2  1.76 10.06 246.85  32.30  4  0.63  3.69 181.41  34.02  1.48  9.75 260.95  18.05  0.58 11.93 219.70  12.10  0.40 20.50 227.46   8.96
19880820 180000  9.3 201.2  1.78 10.09 242.72  31.27  5  0.92  4.13 207.90  31.06  1.35  9.68 261.96  16.48  0.56 11.79 219.15  11.99  0.43 20.29 228.33   9.05  0.09 13.34 313.94   6.96
19880820 210000 10.2 192.6  1.89 10.11 237.23  32.21  6  1.27  4.97 217.88  34.38  1.19  9.65 260.93  14.62  0.54 11.71 218.46  12.01  0.46 20.20 229.07   9.51  0.08 12.13 309.10   8.09  0.06 13.53 314.28   7.92
19880821 000000  9.1 182.1  1.88 10.11 232.56  34.79  7  1.31  5.26 210.60  35.77  1.13  9.78 261.16  13.94  0.53 11.65 216.93  10.66  0.49 20.06 229.50   9.14  0.10 15.47 248.29   8.38  0.08 13.32 310.93   9.18  0.07 11.81 306.99   9.57
19880821 030000  7.2 155.4  1.75 10.09 233.21  34.87  6  1.13  5.43 205.51  35.26  1.10  9.76 261.36  14.51  0.53 19.59 229.91   9.24  0.51 11.39 216.10  10.50  0.17 14.83 250.92   5.50  0.11 12.13 308.90   9.69
19880821 060000  7.4 147.9  1.62 19.11 234.03  35.49  5  1.42  9.83 236.46  39.29  0.55 19.11 230.62   9.31  0.50 11.05 215.16   9.76  0.27 14.28 251.68   5.53  0.10 12.21 310.61   9.03
19880821 090000  8.1 134.3  1.59 18.97 230.02  40.45  7  0.62  3.56 141.92  28.16  0.95  9.74 262.88  11.71  0.69  5.09 211.27  23.46  0.55 10.94 217.24  10.65  0.55 18.97 231.28   9.27  0.39 13.83 247.36  11.36  0.10 12.28 310.58   9.22
19880821 120000  8.9 163.4  1.59 18.67 226.57  41.85  6  0.92  4.49 171.88  38.03  0.87  9.65 262.43  11.75  0.56 18.67 231.55   9.18  0.55 10.84 217.12  10.74  0.54 13.39 249.50  10.21  0.10 12.19 309.17  10.57
19880821 150000  4.6 142.2  1.54 17.90 231.33  37.30  6  0.82  4.65 179.17  36.96  0.79  9.65 262.70  11.73  0.70 12.95 250.04   9.48  0.57 17.91 232.01   9.21  0.50 10.65 215.27  10.15  0.10 12.18 308.39  11.21
19880821 180000  2.4 207.2  1.47 17.74 238.06  30.84  6  0.82 12.51 250.49   8.84  0.72  9.47 263.31  11.22  0.61  4.65 185.26  36.63  0.58 17.75 232.35   9.32  0.51 10.23 215.47  10.79  0.10 12.27 309.73  10.25
19880821 210000  7.3 231.4  1.49 12.09 241.42  25.14  5  0.70  8.22 212.50  30.45  1.13 12.15 255.39  11.10  0.58 17.50 232.30   9.27  0.33 10.15 209.78   8.20  0.09 12.18 310.84   9.27
19880822 000000  5.8 207.1  1.55 11.79 241.29  24.18  5  0.67  3.82 214.73  32.23  1.19 11.83 254.23  11.09  0.58 16.72 232.21   9.25  0.45 10.05 213.18   9.95  0.09 12.07 311.10   9.21
19880822 030000  3.5 182.7  1.52 16.50 243.51  22.46  5  1.20 11.67 254.24  10.72  0.60 16.52 233.16  10.02  0.56  3.96 217.25  34.21  0.44  9.69 213.73  11.00  0.10 11.98 311.34   9.16
19880822 060000  4.0 175.9  1.48 11.55 245.05  21.07  4  1.23 11.57 254.60  10.97  0.59 16.32 233.00   9.60  0.57  9.62 207.11  18.96  0.10 11.91 311.43   9.16
19880822 090000  3.1 168.9  1.44 15.51 246.16  19.86  4  1.19 11.47 254.84  10.32  0.62 15.63 234.12  10.27  0.52  9.50 210.98  22.39  0.10 11.86 311.61   9.10
19880822 120000  3.6 183.1  1.39 15.36 246.77  18.88  4  1.19 11.34 253.03  15.27  0.63 15.46 233.97  10.17  0.35  9.40 211.05  10.54  0.10 11.80 311.76   9.00
19880822 150000  3.0 197.5  1.41 15.13 247.47  17.69  4  1.21 11.69 253.25  13.74  0.66 15.29 234.13  10.29  0.30  9.08 208.32   8.92  0.11 11.73 311.89   8.90
19880822 180000  4.5 200.4  1.69 14.27 248.28  16.20  4  1.42 12.62 252.59  14.09  0.87 14.83 239.39  11.58  0.25  9.02 206.56   8.04  0.11 11.61 312.53   8.47
19880822 210000  2.0 200.8  2.26 14.44 249.13  14.10  2  2.26 14.44 249.01  13.80  0.11 11.43 313.84   7.27
19880823 000000  4.4  21.4  2.83 14.71 248.98  13.51  1  2.83 14.71 248.98  13.51
19880823 030000  6.2 349.7  3.13 14.57 249.38  16.83  1  3.13 14.57 249.38  16.83
19880823 060000  6.0 333.7  3.20 14.27 249.99  18.44  1  3.20 14.27 249.99  18.44
19880823 090000  7.4   3.8  3.16 13.84 250.15  20.92  1  3.16 13.84 250.15  20.92
19880823 120000  7.3  11.0  3.07 13.56 250.42  24.11  1  3.07 13.56 250.42  24.11
19880823 150000  8.5 350.0  2.96 13.34 251.55  26.87  1  2.96 13.34 251.55  26.87
19880823 180000 10.5 312.4  3.01 12.94 257.14  30.78  1  3.01 12.94 257.14  30.78
19880823 210000  8.4 299.1  3.09 12.62 257.53  30.59  1  3.09 12.62 257.53  30.59
19880824 000000  4.6 290.2  2.96 12.40 253.27  29.22  2  2.95 12.41 253.19  29.15  0.11 11.03 315.34   7.59
19880824 030000  1.2 251.0  2.78 12.09 249.08  28.04  2  2.78 12.10 248.98  27.95  0.11 10.99 315.86   7.76
19880824 060000  3.4 196.7  2.63 11.97 244.75  26.83  1  2.63 11.97 244.75  26.83
19880824 090000  2.8 201.7  2.51 13.22 240.68  25.95  1  2.50 13.22 240.69  25.96
19880824 120000  2.0 170.2  2.39 13.13 237.51  25.69  1  2.39 13.13 237.51  25.69
19880824 150000  1.5 157.7  2.29 12.60 235.24  25.86  2  2.29 12.60 235.26  25.87  0.09 19.12 222.23   8.24
19880824 180000  5.3 232.4  2.20 12.44 233.52  26.09  2  2.20 12.44 233.54  26.10  0.09 19.07 220.91   5.95
19880824 210000  7.7 209.4  2.17 12.37 231.73  26.45  1  2.17 12.37 231.73  26.45
19880825 000000  9.9 178.0  2.18 12.27 226.92  28.71  4  0.87  4.02 202.45  32.72  1.96 12.28 229.36  24.44  0.37  9.09 283.94  10.11  0.17 17.85 223.22   7.78
19880825 030000  9.8 188.5  2.19 11.98 223.64  29.32  3  1.11  4.56 203.99  32.31  1.88 11.98 229.91  25.54  0.13 17.90 224.64   6.06
19880825 060000 11.4 182.0  2.23 11.85 219.88  30.53  3  1.35  4.90 203.91  34.66  1.76 11.85 228.11  24.61  0.23 17.02 226.43   8.62
19880825 090000 11.3 181.6  2.30 11.73 216.37  31.14  4  1.66  5.63 208.21  36.49  1.50 11.74 219.66  15.60  0.44  8.47 279.72  10.39  0.31 16.63 224.82  11.47
19880825 120000 12.5 172.3  2.38 11.48 212.50  31.60  3  1.86  6.10 204.85  35.10  1.44 11.48 223.06  21.42  0.30 16.64 225.44  11.38
19880825 150000 11.6 179.4  2.38 11.24 210.59  30.97  3  2.25 10.94 208.99  32.32  0.66 12.87 220.83   8.67  0.40 15.82 225.90  10.37
19880825 180000 14.3 196.4  2.72  6.85 209.95  28.19  2  2.68  6.85 209.35  28.43  0.48 15.51 226.47   9.98
19880825 210000 15.7 193.4  3.21  7.48 210.05  28.05  2  3.17  7.48 209.60  28.22  0.50 15.49 227.00  10.41
19880826 000000 11.8 189.4  2.98  7.67 211.12  28.65  4  2.82  7.67 209.81  29.77  0.79 12.24 217.84   9.96  0.49 15.29 228.16  10.47  0.22 18.23 231.73   7.96
19880826 030000 13.5 181.2  2.76  7.26 209.58  28.90  3  2.67  7.26 208.39  29.38  0.64 14.50 225.12  11.35  0.24 18.27 232.23   7.88
19880826 060000 11.4 180.3  2.58  7.24 208.40  29.10  4  2.32  7.24 205.48  31.26  0.81 11.61 213.14  11.88  0.72 14.31 223.40  11.38  0.34 17.12 231.56   8.26
19880826 090000 11.6 172.2  2.55  7.47 207.77  28.57  4  2.29  7.47 204.71  30.51  0.79 11.69 211.60  11.44  0.71 14.12 223.95  12.29  0.39 16.92 232.64   8.20
19880826 120000 12.5 184.6  2.64  7.70 206.76  27.92  3  2.50  7.70 204.24  28.36  0.75 13.77 224.46  11.97  0.41 16.97 233.29   8.10
19880826 150000 11.9 182.2  2.79  7.86 207.67  27.06  3  2.63  7.86 205.44  27.57  0.75 13.35 221.61  14.38  0.52 16.02 230.98   8.78
19880826 180000 11.8 201.7  2.72  7.79 211.00  25.58  3  2.56  7.79 208.67  26.17  0.76 13.26 223.91  12.51  0.55 15.81 232.86   8.21
19880826 210000 12.8 199.5  2.72  7.47 213.21  25.00  3  2.56  7.47 211.14  25.58  0.71 13.23 225.91  12.64  0.57 15.77 232.17   9.13
19880827 000000 11.6 194.2  2.68  7.38 213.15  25.82  2  2.52  7.38 210.83  26.48  0.93 15.39 229.03  11.29
19880827 030000 10.4 184.9  2.50  7.45 213.70  26.43  3  2.27  7.45 211.35  27.85  0.90 14.50 230.24  10.66  0.54 10.77 205.58   8.02
19880827 060000  9.3 178.2  2.33  7.55 214.43  26.49  3  2.08  7.55 211.71  28.17  0.90 14.51 230.45  10.59  0.52 10.76 206.36   7.72
19880827 090000  8.4 168.5  2.19  7.64 214.65  26.59  3  1.93  7.64 211.52  28.57  0.85 14.45 231.55  10.08  0.59 10.90 209.83  10.32
19880827 120000  8.5 175.9  2.06  7.67 215.22  25.93  3  1.75  7.67 211.92  28.69  0.80 14.20 232.51   9.86  0.75 10.86 211.81  10.56
19880827 150000  9.6 181.2  2.02 13.72 213.58  26.21  3  1.72  7.55 209.55  28.55  0.79 13.85 232.55   9.69  0.69 10.69 211.33  11.02
19880827 180000 10.2 203.6  2.05 13.63 214.32  24.70  2  1.88  7.16 210.83  25.31  0.82 13.63 231.36  10.50
19880827 210000 11.5 200.0  2.19  6.59 215.12  23.91  2  2.02  6.59 212.27  24.49  0.83 13.57 231.11  10.45
19880828 000000  8.7 196.9  2.18  6.72 215.02  24.97  3  1.92  6.72 212.84  26.90  0.80 13.50 230.43  11.22  0.65 10.09 208.91   9.08
19880828 030000  8.7 182.8  2.01 13.46 215.17  25.13  3  1.70  6.73 212.83  28.01  0.84 13.46 227.40  13.05  0.69 10.04 210.16  10.50
19880828 060000  6.5 169.8  1.86 13.42 214.94  24.49  3  1.44  6.56 213.25  29.04  0.96 13.42 221.65  15.22  0.69 10.06 208.87  11.25
19880828 090000  4.7 157.9  1.78 13.39 214.70  22.30  2  1.32 13.39 214.72  14.82  1.18  6.45 214.66  29.08
19880828 120000  6.2 176.4  1.77 13.37 213.30  20.29  3  0.98  6.22 214.45  29.61  1.42 12.62 211.42  13.73  0.39 13.55 231.95   6.88
19880828 150000  6.0 193.4  1.81 13.38 211.87  18.63  2  0.87  6.08 213.54  29.93  1.59 13.38 211.42  13.52
19880828 180000  8.9 217.0  1.96 13.39 211.98  17.91  2  0.99  4.83 215.15  27.48  1.69 13.39 211.00  12.95
19880828 210000  8.6 201.9  2.13 13.43 212.02  18.57  2  1.18  5.14 216.55  27.68  1.77 13.43 210.18  12.02
19880829 000000  5.2 202.8  2.22 13.57 211.18  18.12  2  1.14  5.40 216.08  29.26  1.91 13.57 209.64  11.45
19880829 030000  6.5 195.3  2.35 15.30 210.58  16.05  1  2.35 15.30 210.58  16.05
19880829 060000  5.9 184.6  2.56 15.52 210.52  14.16  1  2.56 15.52 210.52  14.16
19880829 090000  3.5 194.4  2.76 15.52 211.37  12.62  1  2.76 15.52 211.37  12.62
19880829 120000  6.7 196.2  2.92 15.50 212.37  11.84  1  2.92 15.50 212.37  11.84
19880829 150000  6.3 215.3  3.00 15.40 213.35  11.52  1  3.00 15.40 213.35  11.52
19880829 180000  6.3 233.4  3.02 15.33 214.26  11.47  1  3.02 15.33 214.26  11.47
19880829 210000  4.1 220.9  2.98 15.29 214.74  11.28  1  2.98 15.29 214.74  11.28
19880830 000000  0.9 305.8  2.90 15.27 214.87  11.00  1  2.90 15.27 214.87  11.00
19880830 030000  0.8  62.4  2.80 15.24 214.81  10.85  1  2.80 15.24 214.81  10.85
19880830 060000  1.2   5.0  2.67 15.13 214.77  10.89  1  2.67 15.13 214.77  10.89
19880830 090000  2.4  45.2  2.54 14.88 214.94  11.29  1  2.54 14.88 214.94  11.29
19880830 120000  0.7 160.9  2.45 14.58 215.90  13.06  1  2.45 14.58 215.90  13.06
19880830 150000  0.7  68.1  2.40 14.36 217.79  15.91  1  2.40 14.36 217.79  15.91
19880830 180000  4.8 259.0  2.35 14.11 219.85  18.69  2  2.20 14.11 214.83  10.46  0.81  7.13 261.74  18.51
19880830 210000  5.7 206.2  2.26 13.69 220.97  20.35  2  2.08 13.69 214.86  10.64  0.88  7.26 260.79  22.43
19880831 000000  4.0 195.3  2.13 13.46 221.10  21.45  2  1.94 13.46 214.70  10.50  0.88  7.15 258.00  28.23
19880831 030000  4.8 181.5  1.98 13.24 221.29  21.99  2  1.81 13.24 214.95  10.76  0.80  7.00 260.65  29.29
19880831 060000  8.6 186.2  1.91 12.87 219.86  23.00  3  0.60  3.33 203.69  31.22  1.70 12.87 215.33  11.13  0.64  7.07 271.64  16.09
19880831 090000 10.5 186.0  2.02 12.65 216.10  25.18  4  1.18  4.75 207.63  31.32  1.56 12.65 215.04  10.56  0.50  6.93 273.97  12.66  0.10 14.21 313.34  11.09
19880831 120000  8.1 182.2  2.10 12.46 214.61  25.91  3  1.57  6.07 214.57  32.95  1.38 12.46 214.36   9.99  0.10 14.26 313.14  11.12
19880831 150000 11.1 186.4  2.15 12.20 212.47  26.07  3  1.73  6.41 211.29  30.99  1.26 12.20 214.05  10.19  0.10 14.28 313.00  11.15
19880831 180000 11.1 198.0  2.24 11.97 211.98  25.10  3  2.23 11.97 211.77  24.85  0.16 19.11 229.30  11.16  0.10 14.27 312.81  11.04
19880831 210000 13.4 194.7  2.46  6.62 211.31  24.69  3  2.45  6.62 211.12  24.48  0.18 19.02 228.31  11.76  0.10 14.14 312.30  11.65
19880901 000000 13.9 186.5  2.69  6.97 208.06  26.42  3  2.68  6.97 207.78  26.28  0.25 18.64 229.74  11.28  0.09 13.35 312.93  10.70
