Date     Time   Uabs UDir  hs    tp    th     sp     np hs(i) tp(i) th(i)  sp(i)
19900501 000000  6.8 205.5  1.76 12.79 217.51  20.94  4  1.33  8.09 220.73  21.37  1.12 12.65 210.64  10.10  0.24 13.64 302.48  13.61  0.06 16.20 248.37   5.39
19900501 030000  5.8 196.6  1.70 12.64 216.87  21.00  3  1.28  7.85 219.60  21.86  1.10 12.55 210.85  10.02  0.23 13.57 301.27  13.45
19900501 060000  8.1 179.7  1.66 12.48 214.79  22.43  3  1.23  7.53 215.45  25.05  1.10 12.42 211.62   9.88  0.23 13.52 300.58  13.35
19900501 090000  5.1 168.2  1.59 12.30 214.91  23.00  3  1.16  7.21 214.98  25.72  1.05 12.21 212.19   9.72  0.23 13.48 301.62  13.33
19900501 120000  3.5 192.2  1.49 12.04 216.32  22.43  3  1.04  6.85 216.57  24.91  1.04 11.95 213.35   9.96  0.23 13.45 302.98  13.71
19900501 150000  3.7 197.2  1.40 11.89 217.58  21.67  3  1.06 11.81 214.45  10.22  0.89  6.52 218.43  24.57  0.23 13.41 304.04  13.84
19900501 180000  5.8 224.8  1.34 11.74 218.77  20.94  4  0.81  6.32 219.99  23.70  1.04 11.69 215.50   9.97  0.22 13.34 304.24  14.14  0.05  9.30 260.57   6.63
19900501 210000  6.3 222.8  1.32 11.55 220.10  20.69  4  0.77  6.12 222.23  24.49  1.05 11.52 216.72  10.20  0.20 13.15 303.80  14.14  0.06  9.13 263.31  11.87
19900502 000000  6.2 199.5  1.31 11.15 220.22  20.65  4  0.71  5.86 220.04  27.10  1.08 11.14 218.32  10.41  0.19 12.83 302.74  14.10  0.06  9.08 261.08   7.68
19900502 030000  2.7 196.8  1.27 10.80 221.12  20.05  3  1.21 10.80 219.83  17.00  0.34 14.78 218.80  11.09  0.19 12.71 301.74  14.80
19900502 060000  4.4 210.3  1.25 10.43 222.15  19.14  3  1.12 10.43 221.10  16.04  0.50 14.19 218.56   9.37  0.20 12.66 301.98  14.83
19900502 090000  2.7 209.7  1.24 10.12 222.94  18.71  3  1.06 10.12 222.30  15.19  0.61 13.95 218.46   9.67  0.21 12.63 303.74  13.44
19900502 120000  2.9 297.9  1.23 12.86 223.65  18.36  5  0.95  9.76 223.98  14.88  0.58 13.15 219.57   7.91  0.49 14.75 217.56  10.68  0.20 12.61 304.07  13.79  0.08 14.58 306.26  10.95
19900502 150000  3.6 285.9  1.24 14.19 224.42  18.50  4  0.87  9.57 225.80  16.18  0.87 14.17 219.70   9.40  0.20 12.60 304.11  14.53  0.08 14.59 306.02  11.15
19900502 180000  4.3 298.9  1.31 13.57 225.97  19.84  4  1.00 13.67 220.41   9.79  0.81  9.31 231.24  21.41  0.19 12.58 305.04  13.98  0.08 14.60 306.95  10.45
19900502 210000  5.3 338.3  1.42 13.39 229.09  24.39  3  0.39  3.67 299.70  33.54  1.36 13.46 224.26  11.97  0.19 12.56 305.99  13.04
19900503 000000  4.7 352.8  1.59 13.29 234.26  29.61  2  1.58 13.35 233.46  28.76  0.18 12.47 306.34  12.83
19900503 030000  5.8   8.1  1.81 13.08 240.04  33.54  2  1.80 13.10 239.46  33.12  0.18 12.05 306.70  12.45
19900503 060000  5.3   1.7  2.05 12.94 245.82  36.42  3  2.04 12.93 245.36  36.19  0.14 11.88 306.45  11.64  0.11 13.76 309.97   9.15
19900503 090000  5.3   6.1  2.22 12.77 248.47  37.60  4  1.65 12.78 222.90  12.87  1.47  8.25 286.16  31.77  0.14 11.81 305.62  13.01  0.12 13.71 308.28   9.88
19900503 120000  3.5   9.1  2.28 12.53 246.76  37.17  5  1.80 12.55 224.74  13.86  1.37  7.85 292.58  29.83  0.15 11.80 306.51  12.79  0.14 20.89 223.46   8.94  0.13 13.71 308.14   9.87
19900503 150000  2.4 338.0  2.30 12.29 243.07  35.05  4  1.93 12.32 225.81  14.23  1.23  7.64 294.72  28.31  0.14 11.81 310.66   9.92  0.13 13.73 308.20   9.89
19900503 180000  4.3 277.4  2.38 12.00 238.27  31.66  4  1.92 12.02 228.16  15.20  1.05  7.71 297.86  25.99  0.92 15.90 219.87   9.44  0.19 11.83 309.96   9.72
19900503 210000  4.5 241.5  2.59 15.45 233.18  27.36  4  1.84 11.87 230.24  15.69  1.56 15.49 220.04   9.07  0.92  6.94 297.17  26.25  0.19 11.85 309.05  10.93
19900504 000000  4.6 197.8  2.84 15.27 229.30  23.03  2  2.84 15.28 229.06  22.58  0.18 11.97 310.84   9.12
19900504 030000  5.7 175.8  3.06 15.42 227.11  19.84  1  3.06 15.42 227.11  19.84
19900504 060000  6.7 200.9  3.20 15.37 226.04  17.68  1  3.20 15.37 226.04  17.68
19900504 090000  6.7 189.4  3.30 15.29 225.48  16.44  2  3.29 15.30 225.30  15.90  0.18 14.19 310.72   8.68
19900504 120000  3.1 192.8  3.35 15.27 225.28  15.49  2  3.35 15.28 225.11  14.93  0.18 14.21 310.84   8.71
19900504 150000  5.2 192.1  3.38 15.23 225.20  14.64  1  3.38 15.23 225.20  14.64
19900504 180000  8.0 216.8  3.39 15.10 225.00  14.40  1  3.39 15.10 225.00  14.40
19900504 210000  9.3 208.5  3.42 14.84 224.84  15.28  2  0.96  4.29 221.09  29.39  3.28 14.84 225.13  13.36
19900505 000000  6.1 202.3  3.30 14.60 224.73  15.69  2  0.95  4.80 221.20  32.78  3.16 14.60 225.00  13.06
19900505 030000  6.1 201.3  3.14 14.40 224.81  15.53  2  3.13 14.41 224.60  14.80  0.19 13.12 311.62   8.87
19900505 060000  5.7 197.7  2.96 14.22 224.91  15.36  2  2.95 14.23 224.66  14.49  0.20 13.18 311.07   9.39
19900505 090000  4.2 180.7  2.78 13.98 225.03  15.21  2  2.78 14.01 224.74  14.20  0.20 13.18 311.09   9.47
19900505 120000  4.5 206.1  2.61 13.62 225.21  14.96  2  2.60 13.63 224.89  13.82  0.19 13.01 311.08   9.83
19900505 150000  4.7 200.9  2.46 13.41 225.26  14.96  2  2.45 13.42 224.91  13.73  0.19 12.63 311.33  10.04
19900505 180000  7.1 218.9  2.34 13.25 225.16  15.53  2  2.33 13.26 224.79  14.26  0.19 12.40 311.47  10.22
19900505 210000  6.9 217.4  2.22 13.03 225.24  16.34  3  0.61  3.69 218.12  29.08  2.13 13.06 225.32  13.06  0.19 12.30 311.62  10.10
19900506 000000  5.8 195.1  2.06 12.71 225.17  17.08  2  2.05 12.72 224.66  15.51  0.19 12.27 311.70   9.96
19900506 030000  5.1 188.1  1.90 12.52 225.06  17.57  2  1.89 12.53 224.43  15.67  0.20 12.24 311.83   9.82
19900506 060000  6.9 180.2  1.78 12.43 224.10  19.01  2  1.77 12.44 223.36  16.91  0.20 12.17 311.95   9.80
19900506 090000  6.8 176.7  1.71 12.40 222.65  20.94  3  0.54  3.29 193.07  33.50  1.61 12.40 224.50  13.56  0.20 12.05 311.85  10.02
19900506 120000  7.8 180.1  1.71 12.33 221.56  22.21  4  0.58  3.32 187.17  32.29  1.59 12.34 224.25  13.75  0.19 11.92 312.07  10.25  0.05 14.54 304.32   9.07
19900506 150000  7.9 188.3  1.80 12.05 221.42  23.26  5  0.71  3.70 193.28  33.00  1.65 12.07 224.79  14.61  0.19 11.80 312.79   9.98  0.08 14.40 301.45  10.00  0.06 19.01 309.82   8.45
19900506 180000  8.6 212.7  1.89 11.86 223.13  23.00  4  1.88 11.87 222.39  21.40  0.18 11.72 313.78   9.43  0.09 14.35 300.27   9.61  0.06 19.02 310.27   8.52
19900506 210000  9.4 207.8  1.98 11.78 224.43  23.88  4  1.97 11.78 223.78  22.57  0.17 11.65 314.08   9.40  0.09 14.30 301.23  10.14  0.06 19.03 310.47   8.66
19900507 000000  6.2 191.8  1.94 11.72 224.35  25.28  6  1.17  5.22 223.99  33.82  1.47 11.72 220.30  11.56  0.44  8.43 262.37   7.70  0.18 11.57 313.66   9.87  0.07 14.36 299.74   9.67  0.05 19.05 310.22   8.82
19900507 030000  5.0 184.2  1.83 11.64 224.42  25.26  4  1.03  5.51 222.02  33.44  1.43 11.64 220.11  12.24  0.48  8.25 265.37   9.04  0.19 11.52 312.76  10.02
19900507 060000  5.8 182.8  1.78 11.52 223.99  24.71  4  1.63 11.51 216.92  17.90  0.67  8.01 262.17  13.22  0.20 11.46 312.47   9.93  0.10 12.82 263.06   7.55
19900507 090000  3.8 174.1  1.75 11.30 223.64  23.94  4  1.67 11.30 219.04  18.66  0.50  7.83 267.15   9.70  0.20 11.41 311.98  10.33  0.06 17.84 309.35   8.71
19900507 120000  5.1 174.8  1.74 11.22 223.39  23.24  6  1.66 11.17 219.12  17.73  0.43  7.68 268.58   9.92  0.18 11.36 313.30   9.91  0.18 12.01 263.08   7.31  0.08 13.56 305.69   7.73  0.07 17.83 310.24   8.63
19900507 150000  4.5 200.5  1.73 11.22 223.12  22.76  6  1.64 11.16 218.58  16.65  0.40  7.55 268.70   9.38  0.26 11.76 262.12   6.26  0.17 11.28 314.86   9.04  0.11 13.38 302.71  10.03  0.08 17.84 310.66   8.70
19900507 180000  6.4 216.4  1.73 11.24 223.03  22.54  6  1.65 11.22 218.61  16.57  0.34 11.33 261.90   5.90  0.32  7.37 272.20   7.40  0.17 11.16 315.61   8.21  0.11 13.42 299.61   9.75  0.08 17.87 310.80   8.80
19900507 210000  7.1 213.2  1.74 11.24 223.25  23.07  6  1.64 11.34 218.06  16.96  0.44 11.06 262.54   6.41  0.32  7.22 269.57   8.74  0.17 11.11 315.43   8.68  0.10 13.31 305.02   8.04  0.07 17.89 310.50   8.81
19900508 000000  7.0 195.1  1.74 11.21 223.34  24.53  5  1.62 11.41 217.15  18.33  0.53 10.85 262.89   6.88  0.27  7.17 271.90   6.99  0.18 11.03 314.02   8.85  0.06 17.83 309.76   8.74
19900508 030000  6.0 189.6  1.70 11.16 224.38  25.90  6  0.76  4.80 217.17  32.56  1.36 11.40 216.32  11.82  0.60 10.57 263.21   6.68  0.27  7.03 271.81   6.70  0.18 11.00 313.50   9.20  0.06 17.53 309.32   8.55
19900508 060000  5.7 184.3  1.63 11.10 226.32  27.19  4  1.45 11.31 215.86  18.81  0.72 10.41 264.53   7.62  0.19 10.99 313.35   9.14  0.07 16.99 309.52   8.43
19900508 090000  5.5 173.5  1.58 11.04 229.32  28.72  4  1.34 11.25 214.69  18.49  0.82 10.32 264.18   8.30  0.19 11.01 313.32   8.97  0.09 16.85 309.87   8.96
19900508 120000  5.5 193.8  1.57 11.12 234.54  29.26  8  0.49  4.39 208.84  34.57  1.11 11.26 215.61  12.67  0.80 10.31 264.75   8.18  0.52 13.08 259.49   8.72  0.17 11.03 314.45   9.90  0.11 12.65 302.53   9.79  0.10 16.84 310.25   9.21  0.08 17.53 214.62   7.87
19900508 150000  4.3 193.7  1.62 11.85 241.43  27.96  6  1.17 12.39 261.77   9.69  1.09 11.18 215.16  17.87  0.16 10.95 315.90   8.17  0.12 17.26 214.71   8.30  0.10 12.63 305.03   7.38  0.09 16.85 310.79   9.15
19900508 180000  6.0 204.6  1.76 11.76 247.04  25.34  4  1.55 11.94 256.95  18.17  0.81 11.01 210.52  11.43  0.16 16.38 215.32   7.55  0.08 16.81 310.89   9.02
19900508 210000  5.6 209.1  1.92 11.55 251.18  22.73  4  1.77 11.68 256.97  16.45  0.70 10.96 210.99  10.88  0.17 16.40 211.88   5.97  0.17 10.64 315.29   8.10
19900509 000000  2.6 173.4  2.01 11.30 254.60  20.38  4  1.92 11.40 257.98  15.61  0.53 10.98 209.01   8.55  0.21 15.77 212.65   6.50  0.16 10.63 316.69   7.21
19900509 030000  2.8 207.3  2.12 11.37 256.33  18.48  5  1.91 11.44 260.40  14.84  0.77 15.36 247.42   7.90  0.42 10.49 208.87   8.57  0.27 15.07 214.96   7.57  0.15 10.49 317.77   6.44
19900509 060000  0.9 108.2  2.27 14.52 256.32  17.33  4  1.79 11.59 261.42  15.83  1.33 14.55 250.84  12.50  0.30 10.75 205.22   5.89  0.24 14.38 212.08   6.87
19900509 090000  6.6   7.6  2.38 13.77 256.90  20.22  2  2.36 13.77 257.63  19.46  0.30 10.51 208.57   7.73
19900509 120000  7.6 349.6  2.43 13.05 258.93  23.89  2  2.43 13.05 259.29  23.56  0.21 10.60 204.67   5.83
19900509 150000  6.9 347.5  2.42 12.43 259.85  24.27  4  0.57  3.47 342.02  30.75  2.32 12.43 257.90  15.57  0.34 15.48 218.26   7.94  0.16 10.20 203.18   3.90
19900509 180000  7.7 338.0  2.41 12.13 259.93  24.75  3  2.35 12.05 261.64  23.73  0.49 14.66 219.33   7.11  0.08 15.52 318.63   4.81
19900509 210000  7.0 332.2  2.47 12.11 259.07  24.82  2  2.39 12.01 261.68  23.58  0.63 14.76 221.77   7.95
19900510 000000  4.1 320.6  2.56 12.42 255.79  23.43  1  2.56 12.42 255.79  23.43
19900510 030000  2.0 196.0  2.67 12.39 251.84  22.33  1  2.67 12.39 251.84  22.33
19900510 060000  7.5 179.5  2.79 12.15 246.94  22.24  1  2.79 12.15 246.94  22.24
19900510 090000  8.0 170.2  2.96 12.02 241.43  23.78  1  2.96 12.02 241.43  23.78
19900510 120000  7.8 176.4  3.15 12.08 238.43  23.42  2  3.15 12.08 238.33  23.25  0.13 14.54 315.80   7.41
19900510 150000  9.5 181.2  3.36 13.12 236.42  23.28  2  3.36 13.05 236.34  23.13  0.12 14.26 316.15   7.34
19900510 180000 10.5 189.7  3.55 13.21 234.51  23.38  4  2.60 13.23 218.15  18.08  2.42 11.98 252.72  12.79  0.12 10.81 315.83   7.37  0.12 13.78 316.38   7.29
19900510 210000 12.1 198.6  3.72 13.18 232.47  23.42  4  1.71  6.05 209.24  27.25  2.40 13.47 251.94  12.40  2.27 12.78 222.58   9.41  0.13 13.63 317.16   7.15
19900511 000000 11.5 192.5  3.80 13.17 230.87  23.67  2  3.79 13.16 230.80  23.52  0.14 13.63 316.10   7.93
19900511 030000  7.7 188.4  3.65 13.31 231.01  22.93  2  3.65 13.30 230.93  22.77  0.13 13.50 316.54   7.77
19900511 060000  7.2 186.2  3.42 13.54 231.34  21.44  2  3.42 13.54 231.24  21.22  0.14 13.04 316.45   8.15
19900511 090000  5.9 187.9  3.19 13.59 231.05  20.41  3  3.19 13.60 230.92  20.13  0.13 12.74 317.29   7.99  0.06 14.50 311.47   8.41
19900511 120000 10.4 189.0  3.05 13.55 229.04  20.95  2  3.05 13.56 228.90  20.63  0.15 12.67 316.36   7.95
19900511 150000  8.3 194.9  2.97 13.48 227.13  21.37  2  2.97 13.49 226.99  21.03  0.14 12.65 316.61   7.69
19900511 180000  9.1 198.8  2.90 13.41 226.39  20.84  2  2.90 13.42 226.26  20.50  0.14 12.58 316.32   8.36
19900511 210000  8.8 197.2  2.81 13.33 225.74  20.93  2  2.81 13.33 225.58  20.53  0.15 12.23 316.08   8.15
19900512 000000 11.1 198.5  2.75 13.25 224.24  21.76  2  2.74 13.25 224.07  21.34  0.15 11.81 316.14   8.11
19900512 030000 10.5 195.2  2.79 13.19 222.51  23.06  4  1.87  6.61 215.09  29.11  2.07 13.18 227.66  13.34  0.13 11.73 316.93   8.06  0.06 13.59 312.18   8.47
19900512 060000  9.2 184.7  2.72 13.28 222.68  23.81  4  1.88  7.07 216.24  30.00  1.96 13.28 227.59  13.20  0.13 11.69 317.47   7.39  0.06 13.58 312.33   8.51
19900512 090000  6.7 177.3  2.57 13.34 224.18  22.94  2  2.56 13.34 224.00  22.53  0.14 11.68 316.31   8.11
19900512 120000  9.9 192.4  2.49 13.16 224.96  22.07  2  2.48 13.16 224.77  21.64  0.14 11.65 316.57   7.76
19900512 150000  9.1 189.6  2.55 12.75 224.64  22.41  2  2.54 12.75 224.48  22.03  0.13 11.38 317.00   7.15
19900512 180000  9.5 194.2  2.54 12.56 225.69  22.31  1  2.54 12.56 225.69  22.31
19900512 210000 10.5 199.0  2.53 12.45 226.10  22.44  2  2.53 12.45 225.95  22.12  0.12 11.05 316.90   7.20
19900513 000000  9.2 199.0  2.51 12.35 226.43  23.08  3  1.58  5.97 215.69  30.05  1.94 12.35 232.49  12.69  0.12 11.01 316.48   7.75
19900513 030000  8.8 194.9  2.40 12.17 227.73  22.95  2  2.40 12.17 227.57  22.63  0.12 11.00 316.28   7.98
19900513 060000  9.1 191.8  2.31 12.00 228.28  23.01  2  2.30 12.00 228.11  22.66  0.12 11.01 316.16   8.11
19900513 090000  8.6 186.5  2.24 11.92 227.89  23.77  1  2.24 11.92 227.89  23.77
19900513 120000  8.7 187.3  2.17 11.89 228.04  23.58  2  1.10  5.05 203.13  30.91  1.87 11.89 235.38  13.63
19900513 150000  9.6 195.9  2.17 11.85 227.17  23.62  3  1.20  4.98 206.51  30.66  1.81 11.85 234.75  12.34  0.11 12.39 316.11   7.95
19900513 180000 11.0 207.5  2.27 11.83 226.38  23.15  3  1.42  5.21 212.80  29.80  1.77 11.83 233.82  11.42  0.11 12.43 315.85   8.13
19900513 210000 10.6 203.6  2.40 11.84 226.58  22.50  3  1.56  5.62 216.80  29.64  1.81 11.84 232.73  10.61  0.11 12.47 315.63   8.30
19900514 000000 11.3 194.6  2.58 11.89 224.85  22.89  4  1.72  5.89 215.25  29.95  1.46 11.84 233.62  10.87  0.89 13.90 228.53   7.01  0.87 15.79 229.43  11.68
19900514 030000 10.1 192.3  2.71 14.51 224.22  22.71  2  1.74  6.17 213.20  30.43  2.08 14.51 230.94  10.51
19900514 060000 10.3 190.1  2.81 14.25 224.41  21.65  2  1.72  6.42 212.81  29.91  2.22 14.25 230.49  10.36
19900514 090000  9.4 180.8  2.85 13.86 224.55  21.54  2  1.71  6.68 213.10  31.04  2.28 13.86 230.05   9.69
19900514 120000  9.2 188.2  2.79 13.57 225.54  20.47  1  2.79 13.57 225.54  20.47
19900514 150000 10.2 187.0  2.80 13.41 224.36  21.32  1  2.80 13.41 224.36  21.32
19900514 180000 10.5 197.7  2.82 13.21 223.70  21.35  1  2.82 13.21 223.70  21.35
19900514 210000 11.2 192.6  2.87 12.81 222.63  21.92  1  2.87 12.81 222.63  21.92
19900515 000000 10.4 177.9  2.81 12.63 221.45  23.40  1  2.81 12.63 221.45  23.40
19900515 030000  8.8 155.0  2.62 12.49 220.97  25.01  1  2.62 12.49 220.97  25.01
19900515 060000  9.5 156.8  2.43 12.31 220.43  26.12  1  2.43 12.31 220.43  26.12
19900515 090000 10.9 159.7  2.38 12.01 215.85  29.51  2  2.38 12.01 215.84  29.52  0.06 18.05 225.41   9.05
19900515 120000 11.5 168.2  2.42 11.87 211.43  30.76  3  1.68  6.62 190.25  34.03  1.73 11.87 227.95  11.90  0.08 17.91 226.40  10.15
19900515 150000  9.7 173.2  2.28 11.76 212.99  28.97  2  2.27 11.76 212.95  28.99  0.11 17.78 228.18  10.75
19900515 180000 12.0 194.8  2.29 11.64 213.61  26.07  3  2.29 11.64 213.54  26.10  0.12 16.97 223.84   8.20  0.09 20.21 237.46   8.49
19900515 210000 14.1 198.8  2.65 11.48 214.69  25.25  3  2.64 11.48 214.57  25.31  0.21 15.88 225.22   7.82  0.12 19.80 237.93   8.22
19900516 000000 13.6 189.0  2.91  7.12 214.45  26.48  4  2.90  7.12 214.23  26.53  0.27 15.66 226.19   8.48  0.17 19.25 237.48   8.77  0.06 16.81 299.13  15.59
19900516 030000 13.4 179.0  3.01  7.75 212.22  27.75  4  2.97  7.75 211.69  27.88  0.42 14.94 228.27   8.02  0.22 19.06 236.71   8.56  0.06 16.70 296.91  18.23
19900516 060000 12.1 173.6  2.88  8.18 212.12  28.23  4  2.80  8.18 210.94  28.59  0.62 14.47 228.04   8.06  0.29 18.41 236.67   8.97  0.07 16.61 295.31  19.55
19900516 090000 14.7 171.9  3.06  8.05 207.57  29.85  4  2.93  8.05 205.27  30.17  0.80 14.00 228.85   8.80  0.35 18.09 237.60  10.08  0.06 16.87 308.39  10.40
19900516 120000 12.6 181.0  3.03  8.05 208.55  29.35  3  2.83  8.05 205.11  29.88  0.96 13.54 228.60   9.33  0.48 17.74 236.67  12.85
19900516 150000  9.1 181.2  2.60 13.34 214.98  26.96  3  2.25  7.94 209.32  28.86  1.32 13.34 229.58  10.67  0.06 16.68 311.83   9.35
19900516 180000 10.4 197.0  2.44 12.95 218.95  23.91  4  1.90  7.71 210.94  26.86  1.38 12.95 228.53  10.73  0.68 16.98 236.21  10.19  0.07 16.59 311.88   9.78
19900516 210000 11.2 192.4  2.51 16.56 220.45  22.92  4  1.86  7.14 211.49  26.22  1.36 12.66 227.86  11.44  1.00 16.57 235.08   9.67  0.08 16.50 312.22   9.48
19900517 000000 12.8 184.5  2.64 16.33 218.89  25.03  3  2.37 12.42 214.94  26.05  1.16 16.33 233.80  10.21  0.08 16.40 312.48   9.38
19900517 030000 10.6 166.9  2.72 15.68 219.62  25.83  3  2.02  7.06 208.98  29.75  1.32 15.68 234.71  10.92  1.26 12.29 227.39  12.17
19900517 060000  8.9 162.5  2.67 15.45 222.07  24.77  2  1.82  7.59 210.60  30.77  1.96 15.45 230.70  12.54
19900517 090000  8.9 161.5  2.64 15.17 222.95  24.19  1  2.64 15.17 222.95  24.19
19900517 120000 10.9 168.0  2.66 14.64 221.64  25.66  1  2.66 14.64 221.64  25.66
19900517 150000  9.4 173.4  2.65 14.48 221.64  25.32  1  2.65 14.48 221.64  25.32
19900517 180000 10.2 188.9  2.63 14.31 222.93  23.41  1  2.63 14.31 222.93  23.41
19900517 210000 11.0 194.6  2.69 14.06 223.41  22.83  2  2.68 14.07 223.32  22.65  0.10 15.43 314.54   8.77
19900518 000000 10.8 185.0  2.72 13.90 223.28  23.83  3  1.92  7.45 211.21  27.43  1.92 13.90 233.99  11.28  0.10 15.36 314.65   8.78
19900518 030000 10.7 184.2  2.70 13.82 223.28  24.49  3  1.95  7.67 211.30  27.78  1.87 13.82 234.81  11.40  0.10 15.23 315.05   8.56
19900518 060000 11.5 176.6  2.71 13.70 221.89  26.06  2  2.71 13.70 221.80  25.91  0.10 14.86 314.83   8.68
19900518 090000 11.6 173.2  2.73 13.60 220.09  27.59  4  2.36  8.11 213.91  29.16  1.36 13.60 236.44  10.00  0.07 14.74 313.17   8.80  0.06 12.76 316.77   8.16
19900518 120000 10.0 174.9  2.68 13.62 220.67  27.40  4  2.32  8.33 215.06  29.20  1.34 13.62 235.53  10.46  0.08 14.52 312.14  11.34  0.06 12.54 316.97   7.26
19900518 150000  9.6 187.5  2.62 13.71 222.77  25.05  4  2.17  8.39 216.81  27.59  1.47 13.71 234.24  10.56  0.08 14.50 312.06  11.74  0.06 12.45 316.41   7.56
19900518 180000 10.6 199.1  2.67 13.69 224.20  22.76  4  2.17  8.27 219.10  25.50  1.33 13.68 233.59  10.90  0.80 16.27 231.99   9.21  0.10 14.41 314.80   9.32
19900518 210000 11.9 200.3  2.93 15.34 224.42  22.12  3  2.32  7.94 218.71  25.12  1.79 15.35 233.11  10.45  0.10 14.37 315.32   8.43
19900519 000000 12.1 188.0  3.17 15.33 224.49  23.06  2  2.49  7.92 218.24  26.64  1.97 15.33 233.52  10.65
19900519 030000  9.7 187.7  3.22 14.83 225.92  22.88  2  2.43  8.12 218.87  27.07  2.11 14.83 234.36  10.90
19900519 060000 10.1 187.7  3.22 14.50 226.73  22.43  2  2.36  8.32 218.87  26.81  2.19 14.50 235.03  10.98
19900519 090000  8.7 178.8  3.22 14.24 227.24  22.38  2  2.35  8.52 218.88  26.35  2.20 14.24 235.97  11.53
19900519 120000 10.1 185.1  3.15 13.78 227.84  22.14  2  2.24  8.68 218.85  26.26  2.22 13.78 236.26  11.97
19900519 150000 10.7 192.1  3.12 13.64 226.92  22.85  2  2.20  8.44 216.53  26.67  2.21 13.64 236.35  12.29
19900519 180000 12.2 199.0  3.15 13.64 225.76  23.24  3  2.27  7.88 215.85  26.87  2.04 13.64 237.68  11.89  0.80 17.06 220.49   6.72
19900519 210000 12.6 195.4  3.26 13.69 224.25  23.91  3  2.36  7.28 214.40  27.78  1.92 13.69 237.93  12.08  1.17 16.12 223.73   8.18
19900520 000000 15.4 192.9  3.46 13.84 220.65  25.81  2  2.60  7.09 210.39  29.24  2.28 13.84 232.56  12.83
19900520 030000 11.6 189.3  3.51 14.86 220.89  25.58  2  2.63  7.50 211.88  29.94  2.32 14.86 231.06  12.48
19900520 060000 12.7 181.8  3.46 14.41 220.98  24.99  2  2.48  7.83 210.88  29.93  2.41 14.41 230.43  12.51
19900520 090000 12.8 176.6  3.52 14.12 219.33  25.65  2  2.56  7.95 208.70  30.29  2.42 14.12 229.81  12.36
19900520 120000 13.6 176.6  3.55 13.66 217.70  26.34  2  2.57  8.17 205.35  30.49  2.45 13.66 229.65  12.26
19900520 150000 13.8 177.7  3.65 13.54 215.72  26.82  2  2.68  8.32 203.00  30.41  2.48 13.54 228.83  12.20
19900520 180000 11.6 185.7  3.69 13.67 216.50  25.21  1  3.69 13.67 216.50  25.21
19900520 210000 14.2 184.6  3.65 14.08 216.71  24.32  1  3.65 14.08 216.71  24.32
19900521 000000 14.0 179.6  3.72 14.11 214.65  25.76  1  3.72 14.11 214.65  25.76
19900521 030000 12.9 174.7  3.70 14.03 215.59  25.06  1  3.70 14.03 215.59  25.06
19900521 060000 10.4 162.8  3.62 14.03 217.57  23.85  1  3.62 14.03 217.57  23.85
19900521 090000  7.7 166.0  3.51 13.94 219.30  21.42  1  3.51 13.94 219.30  21.42
19900521 120000  8.2 179.3  3.43 13.79 219.79  19.40  1  3.43 13.79 219.79  19.40
19900521 150000  6.5 183.3  3.35 13.74 219.72  18.12  1  3.35 13.74 219.72  18.12
19900521 180000  9.8 207.9  3.31 13.76 219.36  17.60  1  3.31 13.76 219.36  17.60
19900521 210000  7.5 193.5  3.26 13.77 219.30  18.05  2  3.26 13.76 219.25  17.92  0.09 19.04 304.63   9.32
19900522 000000  6.3 207.2  3.13 13.72 219.87  18.09  2  3.13 13.72 219.81  17.94  0.10 19.01 304.85   9.60
19900522 030000  3.1 199.1  2.96 13.62 220.27  17.95  2  2.96 13.62 220.21  17.78  0.10 18.99 305.40   9.73
19900522 060000  2.9 186.4  2.77 13.48 220.45  17.75  2  2.77 13.48 220.37  17.53  0.10 18.90 306.61   9.11
19900522 090000  3.6 183.6  2.58 13.27 220.52  17.66  3  2.58 13.27 220.35  17.19  0.10 18.12 305.08   9.80  0.10 14.50 305.70  10.27
19900522 120000  2.2 190.8  2.41 12.97 220.72  17.84  3  2.41 12.98 220.46  17.13  0.13 17.83 304.10  10.01  0.10 14.50 305.37  10.49
19900522 150000  0.7 274.8  2.28 12.70 221.36  18.12  4  2.27 12.70 221.02  17.24  0.14 17.79 303.63  10.13  0.09 14.50 305.31  10.79  0.05 21.98 227.40   9.41
19900522 180000  6.2 229.9  2.19 12.46 222.21  18.46  3  2.18 12.46 221.87  17.59  0.14 17.77 303.32  10.49  0.09 14.49 305.45  11.12
19900522 210000  4.6 199.1  2.10 12.09 222.60  18.88  5  2.09 12.09 222.21  18.09  0.13 20.68 228.30   9.23  0.13 17.76 303.77  11.10  0.08 14.47 305.77  11.31  0.07 20.94 258.87   4.89
19900523 000000  5.7 191.5  2.03 11.81 222.80  19.20  6  1.67  9.63 224.74  20.38  1.12 12.03 216.79  10.76  0.19 20.46 227.68   9.04  0.17 20.24 257.08   6.97  0.13 17.67 305.66   9.90  0.07 14.34 306.90  10.77
19900523 030000  4.2 209.8  2.02 11.66 223.71  19.50  6  1.62  9.15 223.75  20.52  1.11 11.66 219.80  11.49  0.31 19.27 256.10   7.71  0.30 19.70 225.97   9.16  0.14 16.98 306.05   8.93  0.06 13.73 304.79  10.06
19900523 060000  7.6 193.9  2.10 18.76 224.41  20.72  8  1.67  8.74 222.22  21.12  0.80 11.41 219.92  12.11  0.75 13.81 221.86   9.90  0.54 18.73 252.87   9.46  0.32 19.36 223.29   7.01  0.18 16.66 304.69   9.28  0.08 13.59 305.32   9.68  0.05 11.77 310.36   9.92
19900523 090000  6.4 174.8  2.17 17.91 225.89  22.22  7  1.67  8.50 221.00  22.27  0.77 13.84 222.32  10.68  0.76 17.90 253.02   9.69  0.73 11.30 220.94  10.62  0.41 18.66 223.99   7.44  0.19 16.62 305.56   8.14  0.11 13.56 305.96  10.50
19900523 120000  7.0 186.3  2.19 17.27 228.38  22.89  6  1.52  8.20 219.70  23.36  1.12 17.44 246.38  15.18  0.80 13.62 224.41  10.21  0.74 10.74 222.51  12.34  0.18 16.61 305.64   8.32  0.11 13.55 305.68  10.54
19900523 150000  7.8 190.5  2.22 16.74 230.30  23.60  7  1.50  7.88 218.47  23.80  1.02 16.10 257.05   7.35  0.86 17.62 230.66  10.48  0.73 13.36 226.03   8.97  0.57 10.66 221.13  11.98  0.17 16.60 306.28   8.77  0.11 13.55 306.90   9.59
19900523 180000  9.2 209.1  2.31 16.12 231.55  23.86  6  1.53  7.42 217.81  24.12  1.10 15.55 258.40   6.83  1.01 17.23 231.36  10.19  0.87 13.89 226.69  11.29  0.15 16.55 306.98   8.99  0.10 13.55 307.44   9.31
19900523 210000  9.3 200.7  2.48 15.87 231.34  24.46  5  1.69  6.70 217.68  24.80  1.38 14.82 249.82  16.31  1.18 16.77 231.35  10.90  0.16 16.29 306.89   8.74  0.09 13.53 307.70   9.54
19900524 000000 11.6 194.0  2.69 15.07 228.92  26.40  4  1.91  6.80 214.84  26.54  1.35 14.47 253.52  14.32  1.31 16.49 229.39  10.20  0.20 15.69 305.86   9.20
19900524 030000  8.0 194.9  2.71 15.04 229.84  26.16  5  1.86  6.95 215.87  27.15  1.39 15.99 229.95  10.87  1.21 14.29 259.32   9.26  0.66 12.85 227.27   9.77  0.23 15.57 305.64   8.77
19900524 060000  9.0 185.3  2.64 15.21 230.73  25.36  4  1.65  6.91 215.69  27.40  1.70 15.64 228.96  10.62  1.14 13.90 261.76   7.60  0.23 15.53 306.00   8.43
19900524 090000  8.3 185.4  2.61 15.18 230.22  24.74  5  1.52  6.71 213.97  27.50  1.85 15.44 229.43  11.72  1.01 13.60 263.29   6.93  0.23 15.52 302.80  10.76  0.10 12.72 308.16   9.00
19900524 120000  8.8 170.7  2.64 14.57 228.92  24.80  5  1.47  6.55 211.61  28.64  1.97 14.98 228.92  12.16  0.94 13.49 264.50   6.92  0.21 15.51 302.88  11.35  0.11 12.69 307.11   9.90
19900524 150000  8.9 194.0  2.69 14.46 228.07  23.47  5  1.46  6.57 212.54  27.00  2.08 14.75 228.19  12.63  0.86 13.38 265.85   6.73  0.20 15.46 303.28  11.69  0.11 12.67 307.91   8.97
19900524 180000  9.9 196.4  2.83 14.86 226.29  22.64  5  1.59  6.57 213.35  25.60  2.17 14.96 226.24  12.10  0.86 12.81 265.09   7.37  0.21 15.30 303.91  11.31  0.11 12.66 307.98   9.07
19900524 210000 11.0 198.7  3.02 15.38 224.58  22.41  5  1.80  6.33 214.46  25.69  2.29 15.44 225.26  12.37  0.77 12.61 266.69   7.17  0.21 14.84 305.27   9.77  0.11 12.65 308.11   9.21
19900525 000000 10.1 182.1  3.10 15.33 223.63  22.89  5  1.81  6.56 213.80  27.87  2.39 15.40 223.98  11.89  0.76 12.57 266.56   7.27  0.24 14.58 303.50  10.45  0.10 12.64 308.32   9.31
19900525 030000  9.7 191.0  3.17 15.17 223.03  22.07  3  1.77  6.78 213.97  28.08  2.62 15.25 226.27  16.01  0.26 14.53 303.63  10.72
19900525 060000  7.9 189.4  3.25 14.95 223.16  20.93  4  1.83  7.19 217.44  27.52  2.58 15.08 222.35  10.74  0.69 12.07 266.01   8.26  0.25 14.51 303.59  10.86
19900525 090000  6.6 198.0  3.26 14.86 223.84  19.51  4  1.77  7.58 221.75  26.64  2.66 14.94 222.10  10.41  0.61 11.80 267.98   7.54  0.25 14.50 303.13  11.82
19900525 120000  8.0 195.6  3.23 14.81 224.02  18.56  3  1.60  7.80 221.99  26.29  2.80 14.88 224.23  13.93  0.24 14.48 303.91  11.86
19900525 150000  6.6 205.9  3.15 14.74 224.17  17.92  2  3.15 14.78 223.85  17.10  0.23 14.44 304.79  11.51
19900525 180000  8.4 210.9  3.08 14.62 224.02  17.78  2  3.07 14.66 223.67  16.87  0.24 14.33 304.74  11.61
19900525 210000  8.3 201.3  2.99 14.46 223.69  18.28  2  2.98 14.49 223.30  17.29  0.24 13.96 305.59  10.54
19900526 000000  8.0 197.9  2.86 14.30 223.36  18.74  3  1.24  6.70 218.25  28.26  2.57 14.34 223.90  13.91  0.25 13.67 304.80  11.11
19900526 030000  7.7 196.8  2.70 14.15 223.13  19.04  2  2.69 14.21 222.64  17.83  0.25 13.59 304.34  11.18
19900526 060000  8.1 187.4  2.54 13.94 222.44  19.81  3  2.52 14.06 221.87  18.48  0.23 13.56 302.50  11.40  0.10 11.80 309.45   9.79
19900526 090000  8.4 186.9  2.39 13.70 221.53  20.85  4  2.36 13.75 220.31  18.76  0.26 10.44 271.60   6.05  0.23 13.54 302.31  11.44  0.10 11.78 309.91   9.88
19900526 120000  7.5 192.6  2.26 13.52 221.01  21.58  3  2.24 13.51 220.31  20.06  0.23 13.53 302.42  11.50  0.09 11.75 310.41  10.04
19900526 150000 10.1 188.3  2.20 13.38 219.10  23.18  4  1.13  4.74 202.20  28.79  1.85 13.34 222.78  13.63  0.26 10.18 271.67   6.16  0.25 13.51 303.85  11.73
19900526 180000 11.9 199.2  2.34 13.32 217.12  24.40  3  2.31 13.25 215.71  22.30  0.27 10.11 271.73   6.80  0.24 13.49 304.29  11.64
19900526 210000 12.4 195.2  2.53 13.40 216.17  24.84  4  2.52 13.39 215.58  23.69  0.23 13.43 303.85  11.62  0.07 11.05 311.17  10.41  0.06 21.69 303.40   9.49
19900527 000000 10.9 193.8  2.64 13.48 215.98  24.73  4  2.04  6.47 210.80  28.61  1.66 13.51 221.79  10.63  0.22 13.19 304.75  11.69  0.07 21.52 302.64   9.48
19900527 030000 11.6 182.6  2.71 13.37 215.89  24.89  4  2.03  6.71 209.44  29.40  1.77 13.41 222.52  10.68  0.21 12.80 304.70  11.77  0.08 20.84 302.48   9.59
19900527 060000  9.6 172.9  2.76 13.17 216.40  25.11  6  2.02  6.97 208.93  30.37  1.86 13.22 223.37  11.05  0.26 18.32 217.24   7.76  0.18 12.69 303.61  11.96  0.09 20.47 303.05   9.79  0.08 14.46 309.08  10.24
19900527 090000  8.2 165.4  2.70 12.90 219.20  23.71  5  1.75  7.28 211.47  31.49  2.00 12.94 223.86  11.60  0.39 18.23 216.63   7.49  0.18 12.67 304.09  12.01  0.10 20.37 304.04   9.64
19900527 120000  9.2 168.5  2.71 12.74 219.80  22.83  4  2.62 12.75 219.64  22.74  0.67 17.16 216.70   7.72  0.17 12.65 303.83  12.10  0.12 20.33 304.49   9.40
19900527 150000  8.9 173.0  2.82 12.60 218.53  22.57  4  2.68 12.59 218.51  22.76  0.85 17.84 215.10   7.44  0.17 12.65 303.67  12.19  0.13 20.28 303.48   9.91
19900527 180000  7.9 197.5  2.95 12.52 218.57  20.02  4  2.65 12.50 218.57  20.96  1.27 16.71 216.87   7.73  0.17 12.66 304.13  12.09  0.14 20.11 302.55  10.25
19900527 210000  9.9 198.4  3.07 12.52 218.60  18.25  4  2.54 12.49 218.67  19.98  1.71 15.12 217.50   9.51  0.18 12.70 303.87  12.70  0.14 19.34 302.29  10.60
19900528 000000 10.5 189.1  3.17 14.83 217.65  18.56  4  2.19 11.26 215.41  23.47  2.28 14.87 219.04   9.71  0.17 12.72 304.35  12.37  0.14 19.09 302.97  10.60
19900528 030000  9.6 191.0  3.19 16.47 217.28  18.55  2  3.18 16.47 217.11  18.07  0.17 19.03 305.71  10.53
19900528 060000  8.7 195.4  3.13 16.49 217.29  18.09  3  1.48  6.31 215.00  30.48  2.75 16.49 217.60  11.06  0.19 19.01 305.63  10.04
19900528 090000  9.2 189.6  3.03 16.32 216.99  17.92  3  1.41  6.35 215.40  30.72  2.68 16.31 217.08  10.81  0.19 18.98 304.59  10.08
19900528 120000 11.1 191.8  2.98 16.15 215.81  18.73  3  1.49  6.14 211.72  30.64  2.57 16.14 216.71  10.71  0.19 18.84 303.64  10.87
19900528 150000  9.2 192.5  2.85 15.80 215.68  19.12  3  1.52  6.16 213.54  30.52  2.41 15.80 216.10  10.30  0.18 18.04 302.22  12.13
19900528 180000 11.4 206.1  2.70 15.48 216.05  19.11  3  1.50  5.92 215.09  29.08  2.24 15.48 215.99  10.31  0.20 17.82 303.29  11.69
19900528 210000 11.0 204.2  2.66 15.34 216.68  20.28  3  1.64  5.83 217.00  28.24  2.09 15.34 215.86  10.24  0.22 17.78 304.72  10.67
19900529 000000  7.4 197.2  2.43 15.30 217.34  21.11  3  1.41  5.89 218.12  30.35  1.96 15.30 216.10  10.36  0.24 17.77 305.41   9.90
19900529 030000  7.2 205.6  2.18 15.26 218.01  20.58  3  1.11  5.64 219.20  31.51  1.86 15.26 216.68  10.99  0.24 17.76 305.47  10.06
19900529 060000  7.4 199.2  2.04 15.17 218.74  19.93  2  2.03 15.16 218.01  18.07  0.23 17.70 304.77  11.03
19900529 090000  5.8 184.0  2.02 14.83 219.94  19.52  2  2.01 14.84 219.30  17.94  0.21 17.16 303.30  12.06
19900529 120000  4.3 202.1  2.08 14.50 221.70  18.61  2  2.06 14.50 221.00  16.82  0.23 16.67 302.75  11.81
19900529 150000  3.9 202.2  2.22 14.25 222.77  18.08  3  2.18 14.25 221.82  15.81  0.28 21.50 226.98   7.76  0.27 16.62 303.95  10.94
19900529 180000  4.5 240.5  2.39 13.60 223.45  17.65  3  2.33 13.54 222.35  15.22  0.44 20.43 227.93   8.81  0.30 16.61 305.36  10.00
19900529 210000  3.8 250.3  2.54 12.16 223.75  17.13  3  2.45 12.16 222.72  15.03  0.59 19.97 227.14   9.25  0.29 16.60 306.33   9.88
19900530 000000  3.5 231.6  2.67 12.01 223.90  16.18  4  2.17 12.01 224.08  16.32  1.32 14.56 220.29   8.93  0.78 19.35 226.40   8.95  0.26 16.59 307.00  10.40
19900530 030000  3.3 169.9  2.78 12.00 224.11  15.16  4  2.19 12.00 224.36  16.07  1.32 14.70 220.79   9.28  1.09 18.78 225.65   8.87  0.22 16.54 306.69  11.66
19900530 060000  2.7 168.3  2.88 17.97 224.33  14.59  4  2.11 11.95 224.94  15.83  1.45 14.37 221.86  10.82  1.31 18.14 224.34   9.07  0.21 15.82 304.68  12.22
19900530 090000  4.3 148.1  2.96 17.48 224.19  15.05  2  2.95 17.50 223.76  13.68  0.26 15.56 304.10  11.41
19900530 120000  3.4 153.0  2.99 16.43 224.08  15.37  2  2.97 16.68 223.48  13.42  0.30 15.53 305.00  10.63
19900530 150000  3.6 146.5  2.98 15.95 223.95  15.21  2  2.96 16.28 223.26  12.87  0.32 15.52 305.99  10.40
19900530 180000  4.0 203.5  2.93 15.71 223.59  14.84  2  2.92 15.88 222.93  12.46  0.31 15.51 307.06  10.34
19900530 210000  6.9 210.6  2.89 15.60 222.84  14.47  2  2.88 15.64 222.32  12.50  0.27 15.50 308.42  10.45
19900531 000000  7.7 187.0  2.87 15.55 221.37  15.35  3  0.70  3.76 202.05  30.42  2.78 15.57 222.06  11.37  0.23 15.45 309.46  10.98
19900531 030000  6.6 161.7  2.80 15.50 220.50  16.11  2  2.79 15.53 220.17  14.99  0.21 14.94 308.94  11.61
19900531 060000  6.5 157.1  2.73 15.47 220.09  16.44  2  2.72 15.55 219.65  15.03  0.24 14.56 306.63  12.60
19900531 090000  5.6 136.6  2.71 15.65 219.91  16.80  2  2.69 15.80 219.31  14.88  0.27 14.51 306.05  11.86
19900531 120000  6.9 163.9  2.75 15.68 219.46  16.97  2  2.73 15.79 218.78  14.78  0.30 14.50 306.15  11.41
19900531 150000  4.8 169.4  2.80 15.48 219.47  16.02  2  2.79 15.57 218.82  13.73  0.30 14.49 306.53  11.35
19900531 180000  7.8 203.6  2.87 15.41 219.62  14.95  2  2.85 15.47 219.08  12.86  0.28 14.48 307.60  11.20
19900531 210000  8.6 201.3  2.95 15.36 219.92  15.27  2  2.94 15.40 219.52  13.76  0.24 14.44 309.42  10.56
19900601 000000  7.2 189.4  2.90 15.26 220.61  15.53  2  2.89 15.28 220.28  14.30  0.22 14.28 311.03  10.06
