Date     Time   Uabs UDir  hs    tp    th     sp     np hs(i) tp(i) th(i)  sp(i)
19990701 000000  3.0 214.5  1.85 14.97 245.81  17.99  3  1.82 14.97 246.17  15.60  0.28  9.21 201.27  20.52  0.19 12.07 309.38  13.16
19990701 030000  2.1 144.3  1.99 14.65 246.73  16.54  2  1.98 14.65 246.33  15.74  0.17 11.90 308.98  12.29
19990701 060000  1.1 197.0  2.22 14.42 247.15  15.11  3  2.16 14.42 245.25  10.52  0.50  5.71 283.50  30.06  0.16 11.85 307.26  10.07
19990701 090000  2.8 179.2  2.50 14.24 246.59  14.25  3  2.44 14.24 245.03  10.82  0.54  5.70 279.23  27.02  0.16 11.83 306.62   9.54
19990701 120000  2.7 152.5  2.78 14.09 245.16  14.19  2  2.78 14.09 244.99  13.80  0.16 11.81 305.78  10.08
19990701 150000  3.0  91.1  3.00 13.72 243.52  14.85  2  3.00 13.72 243.38  14.54  0.16 11.80 306.91   8.81
19990701 180000  2.3  67.3  3.11 13.46 241.85  15.70  2  3.10 13.46 241.72  15.41  0.15 11.76 307.25   7.95
19990701 210000  3.0  73.0  3.15 13.31 239.99  16.58  2  3.15 13.31 239.86  16.31  0.15 11.72 307.70   7.95
19990702 000000  0.9  96.4  3.21 13.26 237.85  17.15  2  3.20 13.26 237.73  16.90  0.14 11.67 308.11   8.07
19990702 030000  2.2 180.9  3.23 13.31 236.04  17.29  1  3.23 13.31 236.04  17.29
19990702 060000  0.6  86.1  3.12 13.27 235.10  17.28  2  3.11 13.27 235.14  17.32  0.25 19.23 228.85   6.69
19990702 090000  1.0 121.5  2.93 13.09 234.75  17.32  1  2.93 13.09 234.75  17.32
19990702 120000  2.1 199.5  2.73 12.78 234.66  17.29  2  2.70 12.78 234.87  17.36  0.39 18.02 225.36   9.63
19990702 150000  0.7 314.2  2.52 12.58 234.65  17.56  2  2.48 12.58 234.88  17.69  0.41 17.99 226.71   8.55
19990702 180000  2.1  72.7  2.36 12.38 234.62  18.16  3  2.31 12.38 234.80  17.99  0.48 17.84 226.57   8.86  0.13 11.02 310.85   8.92
19990702 210000  2.7 270.7  2.21 11.98 234.42  18.57  4  2.14 11.98 234.62  18.37  0.52 17.05 227.10   8.27  0.12 11.01 309.76   9.12  0.08 14.51 313.66   7.11
19990703 000000  1.3  90.9  2.10 11.76 234.66  18.81  5  1.99 11.76 234.82  18.78  0.57 16.90 227.23   8.84  0.31 14.49 240.52   4.97  0.11 11.00 309.85   9.53  0.10 14.42 311.92   7.91
19990703 030000  1.0 253.2  1.98 11.59 234.68  18.65  5  1.85 11.59 234.77  18.64  0.62 17.02 227.99   8.25  0.33 14.54 242.31   6.69  0.11 14.40 310.97   9.64  0.11 10.98 310.34  10.63
19990703 060000  1.0  17.4  1.89 11.36 234.46  18.57  3  1.72 11.37 234.99  18.61  0.76 16.77 229.19   9.41  0.17 14.34 310.25  10.44
19990703 090000  0.1 199.5  1.81 11.17 234.06  18.34  4  1.58 11.17 234.64  18.76  0.77 15.91 227.05   8.15  0.41 13.78 241.74   6.58  0.17 14.25 311.06   9.56
19990703 120000  3.4 317.4  1.77 11.03 233.58  18.19  4  1.50 11.03 234.43  18.86  0.85 15.86 227.46   8.01  0.36 13.59 241.68   5.81  0.17 14.08 311.26   9.65
19990703 150000  2.0  21.9  1.75 15.59 232.90  18.58  3  1.42 10.92 234.31  19.77  0.99 15.60 228.46   8.92  0.17 13.72 312.20   9.05
19990703 180000  2.5  41.7  1.73 14.94 232.41  18.81  4  1.32 10.83 234.12  20.82  1.10 14.96 228.59   9.36  0.16 13.55 311.66   9.03  0.08 10.29 314.03   9.91
19990703 210000  3.0 108.8  1.73 14.72 232.23  19.46  4  1.24 10.67 235.04  22.55  1.19 14.74 227.99   9.45  0.17 13.45 312.23   8.72  0.08 10.27 312.38   9.15
19990704 000000  5.5 314.9  1.72 14.54 232.40  20.41  5  1.22 14.56 227.66   9.00  1.20 10.48 236.22  24.52  0.18 13.42 311.66   9.19  0.11 20.51 224.74   7.84  0.08 10.24 313.04   9.23
19990704 030000  0.6  21.5  1.70 14.21 231.50  20.30  4  1.33 14.23 228.38   9.71  1.03 10.16 234.88  26.89  0.18 13.37 311.62   9.14  0.08 10.23 313.10   9.30
19990704 060000  5.0  28.7  1.67 13.88 231.64  22.69  4  1.28 13.90 228.33   9.51  1.04 10.25 235.11  30.85  0.20 13.25 312.02   9.10  0.16 19.37 225.11   7.80
19990704 090000  1.6 200.9  1.63 13.65 231.66  21.78  3  1.60 13.66 230.78  19.88  0.21 13.01 312.23   9.16  0.19 19.16 224.37   8.66
19990704 120000  5.1  98.4  1.59 13.45 231.17  21.27  2  1.58 13.46 230.15  19.04  0.21 12.79 312.48   9.04
19990704 150000  6.6 244.1  1.58 13.25 233.87  24.76  4  0.56  3.73 272.04  43.84  1.43 13.26 229.04  12.39  0.29 17.82 225.36   9.21  0.21 12.68 312.53   8.98
19990704 180000  4.5 348.5  1.51 12.98 233.85  28.41  3  1.46 13.00 232.84  27.24  0.31 17.63 227.32   9.01  0.21 12.68 312.30   8.95
19990704 210000  1.1 195.2  1.42 12.70 233.87  27.41  3  1.36 12.70 232.72  25.97  0.35 17.12 227.62  10.16  0.22 12.78 311.96   8.98
19990705 000000  4.4 202.2  1.35 12.56 233.58  27.49  3  1.27 12.55 232.18  25.96  0.40 16.55 228.34  10.14  0.23 12.89 311.74   9.10
19990705 030000  6.6 197.5  1.30 12.47 233.98  28.62  4  1.19 12.47 232.50  27.58  0.45 16.35 227.60   9.48  0.23 12.90 311.68   9.23  0.14 20.38 243.37   6.56
19990705 060000  6.7 238.5  1.27 12.45 235.87  30.77  5  1.10 12.45 228.96  17.81  0.44 15.80 228.70  10.08  0.35  4.08 326.27  25.20  0.23 12.54 311.77   9.31  0.20 19.98 240.86   7.69
19990705 090000  1.9 191.2  1.23 15.44 239.14  33.85  5  0.98 12.48 228.26  14.89  0.47 15.51 228.73  10.98  0.46  4.11 315.51  34.62  0.24 19.22 240.36   8.44  0.22 12.06 311.93   9.29
19990705 120000  5.4  26.3  1.25 12.49 242.91  38.18  5  0.84 12.41 228.50  11.57  0.66  4.20 291.97  51.72  0.54 15.04 230.45  10.78  0.29 18.96 238.56   9.14  0.22 11.85 311.99   9.37
19990705 150000  5.4 157.8  1.23 14.52 239.77  35.93  5  0.81 12.35 228.93  11.19  0.63  4.33 278.57  55.26  0.55 14.60 229.16  11.86  0.34 18.14 239.86   9.10  0.21 11.97 311.83   9.49
19990705 180000  2.4 261.5  1.24 14.41 240.96  33.56  6  0.85 12.27 227.98  10.97  0.63  4.35 277.36  49.15  0.51 14.62 234.20  12.81  0.35 17.92 239.43   8.47  0.21 12.37 311.55   9.44  0.06 11.22 266.49   3.88
19990705 210000  2.0 156.1  1.29 14.18 244.57  36.55  6  0.91 11.72 227.57  11.21  0.68  4.37 291.35  47.93  0.49 17.40 239.36   9.43  0.30 14.53 242.93   6.80  0.22 12.43 311.10   9.52  0.06 11.06 266.92   4.39
19990706 000000  6.6 356.9  1.36 16.69 249.10  44.64  6  0.77  4.45 316.12  52.59  0.90 10.98 227.13  11.45  0.52 16.71 239.89   9.02  0.36 14.10 242.23   6.94  0.22 12.44 310.78   9.68  0.07 11.04 266.72   3.77
19990706 030000  2.7 150.0  1.37 16.54 248.77  41.67  5  0.83 10.41 228.23  12.06  0.76  4.56 308.31  49.18  0.55 16.57 240.96   8.88  0.52 13.60 231.96  13.09  0.22 12.43 310.63   9.80
19990706 060000  3.4 292.8  1.37 16.06 245.84  39.28  8  0.80 10.03 228.62  12.15  0.63 16.06 240.50   8.88  0.60  4.74 327.34  31.28  0.41  4.25 224.47  29.89  0.39 12.38 219.71   6.31  0.32 13.54 244.96   7.36  0.21 12.40 310.53   9.96  0.07 10.33 265.08   0.90
19990706 090000  3.2  29.4  1.35 15.56 243.61  37.50  7  0.78  9.77 228.30  13.00  0.64 15.62 240.25   9.13  0.53  4.79 330.84  28.46  0.46  4.30 225.35  32.64  0.39 13.52 244.60   7.25  0.35 12.35 219.88   6.17  0.21 12.32 310.78   9.81
19990706 120000  4.9 183.0  1.36 15.44 241.05  34.95  5  0.55  4.32 226.05  30.78  0.86 15.44 237.39  12.07  0.74  9.55 228.72  13.64  0.46  4.81 332.30  26.73  0.20 11.78 310.91   9.79
19990706 150000  4.2 243.9  1.35 15.07 239.93  32.31  6  0.58  4.48 231.19  33.75  0.88 15.07 238.18  11.60  0.72  9.35 228.26  14.13  0.38  4.82 336.14  20.77  0.19 11.66 310.95   9.74  0.11 20.47 223.82   7.58
19990706 180000  1.2  63.1  1.36 14.54 241.59  31.79  7  0.89 14.54 238.61  11.25  0.73  9.29 228.41  14.45  0.56  4.56 238.57  35.68  0.35  4.86 339.97  18.88  0.19  4.41 289.57  10.00  0.19 11.67 310.79   9.81  0.12 20.44 221.94   6.65
19990706 210000  6.5 157.6  1.36 14.43 237.84  32.59  5  0.95  9.44 227.79  30.16  0.88 14.43 239.23  11.19  0.32  4.73 339.27  24.76  0.19 11.70 310.60  10.25  0.17 19.80 223.95   7.69
19990707 000000  6.3 278.4  1.37 14.26 240.71  30.55  4  1.03  9.43 240.59  37.41  0.87 14.26 239.02  11.54  0.20 19.20 224.05   7.26  0.20 11.72 309.99  11.13
19990707 030000  9.1 196.2  1.46 13.68 233.57  33.40  4  1.16  9.19 228.30  38.75  0.83 13.68 239.15  11.45  0.22 19.06 224.11   7.15  0.19 11.72 309.93  11.89
19990707 060000  4.5 341.0  1.47 13.52 240.62  33.83  6  0.39  4.97 329.40  22.29  0.81  8.93 230.15  15.13  0.80 13.52 238.98  11.68  0.78  4.01 237.29  40.41  0.25 18.74 223.99   7.80  0.20 11.72 310.26  12.35
19990707 090000  1.4 115.7  1.51 13.43 246.03  36.71  6  0.79  4.63 234.95  31.04  0.77  8.72 229.32  15.62  0.77 13.44 239.88  11.39  0.60  4.94 321.98  22.07  0.27 18.19 224.04   7.41  0.19 11.69 309.27  10.94
19990707 120000  0.8 159.2  1.47 13.32 250.35  41.55  6  0.72 13.32 239.29  11.82  0.72  4.96 226.03  26.57  0.72  5.25 323.56  22.82  0.69  8.51 230.86  16.53  0.30 17.82 223.95   7.74  0.18 11.64 309.12  10.92
19990707 150000  1.0 243.6  1.38 12.97 251.81  43.85  6  0.70  5.42 326.82  21.87  0.67  5.01 223.59  27.23  0.67 13.00 239.09  11.89  0.63  8.34 230.87  17.10  0.29 17.60 223.78   7.85  0.17 11.54 309.45  10.81
19990707 180000  0.5  99.3  1.31 12.71 250.44  45.21  7  0.67  5.47 325.93  23.09  0.65  5.01 216.50  28.23  0.64 12.74 238.85  12.53  0.57  8.15 231.45  17.85  0.30 17.28 224.18   7.72  0.17 11.19 309.57  10.59  0.06 14.53 313.62   8.56
19990707 210000  6.4 296.8  1.22 12.63 253.46  44.64  7  0.60  5.45 326.79  22.01  0.62  4.92 229.01  36.43  0.59 12.66 239.14  12.31  0.52  8.03 231.53  18.98  0.31 16.82 224.15   7.97  0.17 11.07 309.82  10.69  0.07 14.47 313.90   8.40
19990708 000000  2.7 273.8  1.16 12.61 260.58  45.66  8  0.68  5.22 322.21  25.06  0.54 12.63 239.55  12.51  0.48  4.63 222.46  24.93  0.35  7.74 247.10  10.94  0.33  8.08 214.96  10.43  0.32 16.52 224.67   7.94  0.17 11.04 309.59  10.95  0.06 14.44 314.20   8.33
19990708 030000  6.8 186.2  1.15 12.59 256.29  47.85  8  0.56  4.30 212.83  30.05  0.65  5.12 322.82  23.55  0.52 12.62 239.10  12.51  0.32  7.85 216.77  11.32  0.30 16.23 224.21   7.68  0.30  7.72 251.24   8.83  0.17 11.04 309.18  11.14  0.07 14.42 314.65   8.20
19990708 060000  1.4 165.0  1.09 12.52 258.01  48.44  9  0.60  5.14 326.46  23.30  0.56  4.26 220.51  36.91  0.46 12.45 240.44  12.36  0.34 15.87 225.03   7.84  0.28  7.76 215.48  10.90  0.28  7.66 251.77   9.11  0.17 11.05 308.32  11.20  0.07 14.41 316.72   8.07  0.05 16.62 314.58   8.35
19990708 090000  2.8 259.6  1.00 12.42 257.03  46.15  8  0.53  5.11 326.80  23.79  0.49  4.33 224.61  30.20  0.44 12.40 240.72  12.31  0.33 15.52 224.96   7.84  0.26  7.85 215.87  11.69  0.25  7.59 252.89   9.00  0.17 11.05 308.59  11.45  0.07 14.26 314.05   8.53
19990708 120000  4.4   4.4  0.95 12.42 253.81  45.40  8  0.53  4.34 230.46  37.35  0.45  5.01 328.74  23.23  0.42 12.40 240.10  13.03  0.31 15.14 225.02   7.87  0.24  8.19 216.46  12.15  0.23  7.50 252.85   9.01  0.17 11.05 308.01  11.47  0.09 13.67 314.10   8.62
19990708 150000  3.6 283.6  0.90 12.51 254.05  43.98  8  0.48  4.49 230.43  30.22  0.45 12.39 235.04  16.28  0.43  5.47 328.77  22.53  0.33 14.78 224.25   8.12  0.22  7.37 253.71   9.16  0.17 11.05 308.27  11.38  0.09 13.52 313.95   8.88  0.07 15.66 314.58   8.24
19990708 180000  0.9 232.3  0.86 12.83 254.54  43.08  9  0.43  4.50 234.27  29.49  0.40  5.49 329.27  20.67  0.36 14.46 225.89   8.50  0.33 11.21 245.52   9.89  0.27  8.50 218.15  11.76  0.20  7.34 256.17   7.73  0.17 11.05 309.52  11.55  0.09 13.51 312.33   7.98  0.08 15.56 313.86   8.31
19990708 210000  4.8 167.2  0.84 13.44 252.62  47.43 10  0.19  2.13  87.02  43.42  0.38  5.50 323.55  23.16  0.36 13.78 227.37   9.58  0.35  4.44 229.95  24.19  0.31  8.42 218.53  11.08  0.30 11.27 245.70   9.97  0.20  7.29 256.00   7.47  0.17 11.02 310.37  11.40  0.09 15.54 314.12   8.44  0.08 13.54 311.73   8.35
19990709 000000  4.2 262.9  0.83 13.29 253.33  44.40  8  0.32  4.35 231.95  29.21  0.47 13.16 234.76  13.37  0.40  5.23 328.00  29.55  0.36  8.36 219.17  11.53  0.18  7.07 256.92   7.46  0.16 10.96 310.18  11.30  0.10 13.43 314.39   8.30  0.09 15.55 314.08   8.55
19990709 030000  4.4 149.9  0.83 12.76 248.97  42.65  8  0.46 12.70 234.34  13.13  0.42  8.25 219.72  12.37  0.38  4.68 324.07  23.94  0.29  4.27 223.93  29.81  0.17  7.18 258.76   6.60  0.16 10.83 310.59  11.16  0.09 13.48 315.21   8.02  0.09 15.54 314.10   8.59
19990709 060000  4.8 351.0  0.83 12.57 246.33  44.86  6  0.37  4.43 328.65  32.21  0.54  8.62 220.62  24.30  0.43 12.57 233.21  12.48  0.18 10.64 312.22  11.23  0.15  7.07 260.03   6.43  0.10 15.41 312.25   7.92
19990709 090000  3.2 241.2  0.82 12.32 244.45  40.56  9  0.24  3.86 220.61  28.97  0.50  8.47 221.85  14.58  0.44 12.33 233.65  12.39  0.30  4.37 321.29  30.29  0.15  6.00 325.30  12.37  0.14 10.33 307.74  11.31  0.13  6.86 260.60   7.09  0.12 12.03 316.39   8.13  0.12 14.64 314.59   7.97
19990709 120000  2.5 139.8  0.81 11.91 243.25  38.73  7  0.57  8.35 223.60  17.77  0.42 11.92 233.50  12.45  0.30  6.05 322.90  23.37  0.14 10.33 307.73  11.53  0.14 14.57 313.98   8.30  0.13 12.42 316.08   8.17  0.11  6.83 262.52   5.65
19990709 150000  3.7 195.5  0.80 11.77 241.61  38.14  7  0.55  8.20 221.45  18.31  0.43 11.77 234.07  11.90  0.29  6.11 314.11  35.44  0.15 14.56 313.97   8.44  0.14 10.33 307.77  11.56  0.13 12.55 315.70   8.40  0.10  6.80 262.48   5.84
19990709 180000  5.7  46.4  0.79 11.61 241.19  42.27  8  0.50  8.02 223.88  14.97  0.44 11.63 234.24  11.90  0.26  6.11 327.04  32.90  0.19  2.09 153.50  50.45  0.18 10.51 312.09  11.69  0.15 14.54 313.85   8.73  0.10  6.75 261.95   6.16  0.09 12.70 308.87   7.18
19990709 210000  2.7 320.6  0.76 11.13 243.07  39.65  7  0.48 11.23 234.15  11.45  0.45  7.71 219.97  21.53  0.27  6.09 320.56  42.25  0.17 10.50 312.53  11.69  0.14 14.53 313.57   8.96  0.10  6.70 262.01   6.58  0.09 12.69 308.99   6.82
19990710 000000  2.6 323.9  0.74 10.92 245.09  37.99  8  0.47 10.98 232.77  11.77  0.42  7.68 226.10  18.24  0.23  6.06 326.99  25.87  0.20  2.42 247.22  44.05  0.16 10.50 311.15  11.64  0.13 14.51 311.69   9.48  0.12 12.72 316.65   6.87  0.06  6.66 266.91   4.19
19990710 030000  1.9 286.2  0.74 10.83 244.87  37.64  4  0.64 10.87 229.66  15.92  0.26  6.02 313.86  37.33  0.18 14.10 314.24   8.55  0.16 10.52 311.95  11.52
19990710 060000  0.7 186.5  0.79 10.59 242.01  36.45  4  0.70 10.63 228.62  14.83  0.25  5.97 321.88  31.33  0.19 13.63 314.51   8.27  0.17 10.53 312.38  11.23
19990710 090000  0.9 342.8  0.90 10.23 237.21  33.90  4  0.82 10.16 226.91  13.91  0.24  5.94 326.29  28.35  0.20 13.62 313.77   8.13  0.18 10.51 313.52  10.77
19990710 120000  1.7 183.1  1.02 10.00 233.29  31.21  4  0.95  9.86 225.50  13.61  0.23  5.92 329.38  25.90  0.20 13.60 313.34   8.43  0.18 10.44 313.75  10.38
19990710 150000  1.1   9.4  1.09  9.75 230.87  29.11  4  1.03  9.57 224.64  13.72  0.22  5.91 329.53  26.97  0.19 11.66 314.07   9.89  0.19 13.60 312.49   8.87
19990710 180000  2.8  58.2  1.11  9.99 230.01  27.83  5  1.06  9.81 224.61  13.99  0.20  5.91 333.20  18.65  0.18 13.56 311.64   9.67  0.17 10.15 314.90  10.74  0.09 11.92 311.96   4.60
19990710 210000  1.9 217.2  1.11  9.90 230.05  27.34  5  1.06  9.85 225.05  14.72  0.21 13.45 312.79   9.28  0.15 10.03 313.87  10.90  0.13  5.91 322.37  12.56  0.13  4.24 345.04  17.18
19990711 000000  5.3 334.0  1.10  9.71 232.92  30.72  4  0.16  5.90 331.56  17.66  1.05  9.66 228.00  22.42  0.21 13.23 313.19   9.34  0.15 10.02 314.12  10.74
19990711 030000  6.0 279.4  1.08  9.55 235.26  31.30  5  0.29  2.54 296.13  35.69  0.99  9.50 226.36  14.71  0.22 12.81 313.62   8.91  0.15 10.01 314.33  10.64  0.14  5.87 327.35  16.65
19990711 060000  2.7 214.9  1.02  9.40 236.56  32.31  4  0.98  9.34 230.98  24.95  0.23 12.75 313.60   8.71  0.15  9.99 314.48  10.60  0.12  5.76 326.13  12.95
19990711 090000  1.6 106.5  0.97  9.17 237.91  32.76  4  0.93  9.12 231.73  24.99  0.23 12.72 313.32   8.72  0.15  9.95 314.24  10.46  0.10  5.73 326.84  14.27
19990711 120000  0.8  97.3  0.91  9.03 239.55  33.29  4  0.87  8.98 232.87  25.52  0.22 12.69 312.25   8.96  0.16  9.88 314.75  10.05  0.09  5.81 326.23   9.85
19990711 150000  0.5 312.7  0.86  8.94 240.65  33.30  5  0.76  8.88 234.97  26.12  0.29 11.43 223.57   8.38  0.22 12.65 311.29   9.20  0.15  9.79 315.86   9.63  0.09  5.78 327.30  13.13
19990711 180000  0.9 177.9  0.81  8.84 241.84  33.55  5  0.71  8.72 228.28  14.14  0.25  5.13 292.79  28.53  0.22 12.59 311.00   9.39  0.15  9.73 315.40  10.00  0.09  5.83 325.11  10.08
19990711 210000  4.0 233.6  0.78  8.82 243.50  33.96  5  0.67  8.66 237.33  26.41  0.29 11.16 223.65   8.17  0.22 12.50 310.82  10.23  0.14  9.61 316.53   8.51  0.09  5.77 325.26  10.40
19990712 000000  1.5 270.7  0.77  8.95 243.62  34.41  5  0.66  8.68 237.37  26.63  0.29 10.97 222.56   7.92  0.23 12.33 311.79  10.10  0.12  9.50 315.85   8.87  0.09  5.67 324.50  11.61
19990712 030000  2.3  90.7  0.73 10.99 244.72  36.24  5  0.61  8.70 237.39  28.73  0.30 10.72 223.83   8.55  0.24 12.02 311.93  10.20  0.12  9.49 315.98   8.83  0.09  5.63 326.31  11.42
19990712 060000  1.1 352.5  0.72  9.20 245.68  42.22  5  0.65  8.67 235.01  26.20  0.24 11.92 312.15   9.65  0.15  2.10  78.16  37.82  0.12  9.48 315.88   8.99  0.10  5.59 331.78  14.83
19990712 090000  1.9  87.0  0.72  9.91 248.70  42.17  4  0.66 10.09 237.01  35.35  0.23 11.87 312.33   9.02  0.12  9.47 316.12   8.77  0.10  5.48 336.46  15.29
19990712 120000  4.0  59.6  0.74  9.68 253.31  43.09  5  0.63  9.74 235.00  21.04  0.27  3.96 340.16  40.79  0.22 11.83 311.95   9.01  0.12  9.45 315.71   9.21  0.07  5.42 325.85   8.62
19990712 150000  3.8 179.8  0.76  9.45 248.93  41.62  5  0.65  9.42 233.74  22.74  0.28  3.90 322.68  52.49  0.22 11.80 311.52   9.26  0.12  9.44 315.19   9.12  0.07  5.36 326.04   8.98
19990712 180000  3.9  33.4  0.78  9.00 248.41  40.57  4  0.69  8.84 233.14  23.49  0.27  3.96 328.81  32.69  0.21 11.76 311.20   9.40  0.11  9.42 314.85   9.35
19990712 210000  6.2  37.3  0.86  8.83 256.67  45.72  4  0.36  4.22 347.45  23.46  0.65  8.36 235.48  18.54  0.36  3.07 243.90  36.55  0.24 11.71 310.99  10.64
19990713 000000  3.0  87.5  0.87  8.56 260.50  49.72  4  0.65  8.35 236.27  19.13  0.43  4.40 347.80  27.40  0.31  3.09 228.46  37.00  0.24 11.64 310.75  11.06
19990713 030000  2.8 356.1  0.86  8.50 262.66  49.55  5  0.69  8.40 233.49  21.10  0.46  4.62 338.86  32.23  0.21 11.52 311.27   9.89  0.08  8.93 315.77   8.51  0.06 13.65 292.72  13.18
19990713 060000  6.1 202.9  0.88  8.45 259.44  52.58  5  0.73  8.40 230.62  28.56  0.44  5.06 345.84  20.60  0.21 11.30 311.20   9.83  0.08  8.92 316.34   8.67  0.06 13.60 293.19  12.84
19990713 090000  1.0 325.0  0.95  8.30 266.25  52.70  6  0.67  8.31 234.05  17.08  0.52  5.70 346.04  18.07  0.36  3.31 228.97  43.58  0.20 11.17 311.01   9.74  0.08  8.92 316.64   8.06  0.07 13.56 297.24  13.91
19990713 120000  4.3 136.7  1.04  8.04 262.47  52.49  6  0.66  8.14 231.73  14.75  0.55  5.84 345.81  17.05  0.54  3.63 234.14  38.88  0.20 11.10 310.63   9.73  0.08 13.56 298.77  13.62  0.07  8.91 316.25   8.21
19990713 150000  0.8  84.6  1.01  7.83 263.25  52.21  5  0.81  7.96 231.00  23.52  0.56  5.87 342.91  19.83  0.19 11.05 310.28   9.81  0.08 13.55 300.03  12.38  0.07  8.92 317.09   8.68
19990713 180000  1.8  44.3  0.96  7.63 265.02  52.08  5  0.75  7.78 229.47  19.64  0.56  5.85 339.64  22.38  0.19 11.02 310.28   9.98  0.08 13.49 299.99  11.95  0.08  8.93 315.91   8.91
19990713 210000  1.2 258.4  0.94  7.45 270.35  52.25  5  0.70  7.57 228.30  16.40  0.59  5.81 334.76  26.43  0.18 10.99 309.66  10.36  0.08 13.42 301.49  12.77  0.07  8.92 315.99   9.00
19990714 000000  2.5 249.2  0.95  7.30 278.06  53.31  4  0.66  7.45 227.84  15.58  0.65  6.53 334.48  27.48  0.18 10.97 309.97   9.92  0.09 13.15 298.22  13.29
19990714 030000  5.8 310.4  0.99  7.17 291.63  53.25  7  0.26  2.28 319.75  35.33  0.69  6.96 337.28  23.20  0.53  7.39 228.81  16.53  0.25  9.78 219.81  10.21  0.23  8.61 230.03   5.78  0.17 10.94 309.58   9.90  0.08 12.82 293.72  13.12
19990714 060000  0.4  90.0  0.99  7.03 295.14  53.50  4  0.75  6.92 336.33  25.79  0.62  7.36 226.92  14.64  0.17 10.91 309.35   9.89  0.09 12.71 296.01  14.15
19990714 090000  0.2 188.5  0.99  6.93 297.32  54.07  4  0.75  6.85 338.43  24.47  0.61  7.42 226.53  14.94  0.17 10.85 309.40  10.31  0.10 12.68 296.84  13.64
19990714 120000  1.2  34.8  0.99  6.86 300.22  54.74  5  0.75  6.79 341.37  22.18  0.47  7.13 228.90  17.26  0.40  8.92 222.72  10.57  0.17 10.72 309.38   9.94  0.11 12.67 298.24  13.53
19990714 150000  0.5 127.8  0.98  6.78 302.33  55.42  5  0.74  6.72 343.55  21.71  0.46  6.82 228.91  17.61  0.39  8.88 222.37  10.10  0.16 10.53 310.13  10.30  0.12 12.64 299.30  13.27
19990714 180000  1.3  36.9  0.95  6.68 300.07  56.16  5  0.70  6.61 345.22  20.86  0.48  6.95 230.31  18.36  0.37  8.81 221.21  10.46  0.16 10.43 309.90  10.05  0.12 12.63 300.03  12.89
19990714 210000  2.1 183.5  0.90  6.49 295.92  57.01  5  0.65  6.44 346.58  22.42  0.44  6.40 233.26  20.57  0.40  8.63 221.61  10.82  0.16 10.37 309.61  10.28  0.12 12.63 301.26  12.62
19990715 000000  1.7 194.5  0.85  6.31 290.57  56.38  5  0.60  6.27 343.91  24.15  0.44  6.49 232.51  19.49  0.37  8.44 220.99  11.30  0.16 10.35 309.40  10.65  0.12 12.58 302.06  12.00
19990715 030000  2.2 101.1  0.80  6.08 285.23  55.74  5  0.55  6.02 341.41  26.19  0.42  6.26 233.27  20.28  0.36  8.36 220.44  10.93  0.16 10.33 308.76  11.11  0.11 12.52 302.65  12.22
19990715 060000  1.6 285.6  0.78  5.92 281.07  53.56  5  0.54  5.88 333.45  30.31  0.42  6.17 231.76  20.00  0.32  8.31 220.35  11.62  0.15 10.28 311.01   9.59  0.10 12.13 296.53  11.19
19990715 090000  0.9  67.5  0.75  5.82 281.44  52.87  5  0.51  5.76 333.47  25.98  0.41  6.05 231.51  19.16  0.31  8.25 219.49  11.71  0.13 10.21 310.75   9.74  0.13 11.79 300.61  12.76
19990715 120000  2.5 257.8  0.74  5.80 279.69  52.67  5  0.51  5.75 329.55  31.01  0.37  5.87 229.66  19.90  0.32  8.10 220.63  11.65  0.14 10.27 309.76  10.02  0.12 11.84 298.28  13.57
19990715 150000  1.2  55.5  0.72  5.80 282.03  52.70  6  0.51  5.78 330.09  32.06  0.36  5.84 230.34  18.37  0.30  7.95 219.94  11.80  0.14 10.25 309.53   9.96  0.13 11.83 298.82  12.50  0.07 11.00 234.23  11.98
19990715 180000  2.9 319.1  0.71  5.86 288.62  53.20  6  0.51  5.90 334.66  27.56  0.35  5.73 230.00  18.62  0.28  7.90 219.24  11.94  0.14 11.82 299.38  11.86  0.13 10.23 309.28   9.95  0.11 10.49 238.24  12.61
19990715 210000  4.0 109.6  0.71  5.92 294.52  53.29  6  0.52  6.00 337.27  25.99  0.32  5.58 231.14  18.63  0.26  7.88 217.49  11.17  0.15 10.32 236.85  12.86  0.14 11.82 299.49  11.80  0.13 10.20 309.12   9.89
19990716 000000  2.0 350.9  0.73  5.99 301.06  54.91  6  0.56  6.05 341.03  30.65  0.30  5.38 229.79  17.73  0.24  7.88 216.67  11.07  0.21  9.88 234.87  12.64  0.15 11.79 300.65  11.64  0.12 10.10 308.17  10.45
19990716 030000  2.5 109.5  0.79  6.15 300.77  58.27  6  0.61  6.19 344.86  38.97  0.30  5.26 229.66  19.66  0.27  9.66 233.74  12.53  0.23  7.94 217.93  13.05  0.14 11.78 300.67  11.78  0.12 10.05 308.76  10.51
19990716 060000  5.3 136.7  0.84  9.43 294.69  59.59  5  0.60  6.75 341.76  24.84  0.41  9.41 228.85  14.57  0.39  5.07 209.92  48.34  0.13 11.78 299.69  11.50  0.11  9.72 310.50   8.38
19990716 090000  2.7  57.2  0.89  9.15 294.71  57.13  6  0.63  6.93 343.97  22.78  0.46  9.18 229.31  14.30  0.35  4.99 240.85  29.61  0.16  2.28 128.40  40.75  0.12 11.67 301.23  12.35  0.11  9.82 308.62  10.16
19990716 120000  2.4 126.7  0.96  8.87 297.63  57.29  6  0.19  2.27 119.12  38.43  0.70  7.02 342.54  22.43  0.52  9.02 229.63  14.27  0.31  4.90 236.29  22.24  0.13 11.27 301.63  12.10  0.09  9.55 310.82  10.38
19990716 150000  1.4  29.2  1.02  8.43 301.01  54.71  5  0.79  7.08 340.64  26.79  0.57  8.94 229.73  14.35  0.27  4.87 225.26  27.71  0.13 11.03 301.18  11.54  0.08  9.56 316.07   8.18
19990716 180000  4.7 272.4  1.08  8.19 301.47  54.47  5  0.83  7.06 341.38  24.84  0.61  8.88 229.51  14.52  0.27  4.96 228.12  21.39  0.13 11.01 300.92  11.41  0.09  9.47 313.76   9.19
19990716 210000  0.5 316.4  1.09  8.29 289.62  54.53  4  0.82  6.97 335.77  29.70  0.71  8.79 228.24  16.85  0.14 11.01 300.03  11.60  0.07  9.59 312.31   8.53
19990717 000000  6.7  14.4  1.12  8.48 275.63  54.97  4  0.75  6.80 337.02  23.90  0.82  8.67 227.29  22.52  0.14 11.01 299.68  11.54  0.06  9.59 311.23   4.85
19990717 030000  5.2 307.6  1.10  8.48 272.08  52.18  4  0.73  6.50 331.45  24.65  0.81  8.55 228.08  20.05  0.15 11.02 299.46  11.18  0.05  9.66 310.47   5.76
19990717 060000  2.6 100.1  1.06  8.40 270.81  50.26  3  0.78  8.45 228.56  19.52  0.70  6.28 327.34  24.45  0.16 11.01 301.59  11.84
19990717 090000  1.6  80.1  1.01  8.30 270.61  48.99  3  0.73  8.36 227.90  18.69  0.68  5.99 322.65  25.83  0.16 11.01 301.51  11.91
19990717 120000  3.6 349.7  0.97  8.14 273.01  48.57  3  0.68  8.23 228.03  18.19  0.67  5.87 320.96  26.67  0.15 10.99 301.16  11.86
19990717 150000  3.3 223.4  0.91  8.01 271.27  48.33  3  0.64  8.08 227.88  18.38  0.63  5.80 319.35  28.44  0.15 10.97 302.11  11.99
19990717 180000  2.8  99.7  0.86  7.92 270.94  48.18  3  0.62  7.99 228.37  19.21  0.59  5.97 320.30  26.55  0.14 10.91 302.52  12.02
19990717 210000  1.0 240.4  0.83  7.84 269.25  47.41  4  0.56  8.18 225.14  18.72  0.56  6.17 318.70  27.47  0.23  7.53 254.64   8.56  0.13 10.75 302.61  12.04
19990718 000000  3.6 191.5  0.81  7.70 265.29  47.93  4  0.59  8.03 227.46  24.97  0.49  6.52 324.77  19.22  0.22  7.36 255.68   9.14  0.13 10.38 302.56  11.92
19990718 030000  0.7  89.7  0.77  7.48 265.16  47.05  4  0.57  7.92 229.21  24.24  0.46  6.60 325.28  18.68  0.21  7.26 256.53   9.52  0.13 10.31 303.15  11.64
19990718 060000  1.5 268.6  0.74  7.32 264.84  46.41  5  0.55  7.84 229.78  23.84  0.43  6.65 325.90  17.94  0.21  7.10 259.05  10.12  0.13 10.29 301.72  11.62  0.07  9.71 229.53   5.75
19990718 090000  3.1 177.1  0.71  7.12 263.90  45.99  5  0.42  5.88 240.50  25.74  0.40  6.63 327.03  16.62  0.33  7.75 216.34  11.75  0.20  6.94 259.99  10.35  0.13 10.28 301.92  11.50
19990718 120000  3.8 111.2  0.69  6.88 259.98  47.34  5  0.43  5.82 235.20  32.13  0.36  6.57 327.15  16.31  0.31  7.66 216.16  11.82  0.19  6.87 261.32  10.31  0.13 10.28 301.69  11.63
19990718 150000  3.1 281.3  0.66  6.76 259.72  45.60  6  0.42  5.64 236.68  28.82  0.34  6.51 326.38  16.44  0.26  7.42 216.66  13.69  0.18  6.71 267.16   9.90  0.15  9.59 220.43  11.96  0.13 10.28 301.63  11.43
19990718 180000  3.8 174.5  0.63  6.63 256.35  47.81  6  0.41  5.57 229.19  34.38  0.32  6.42 325.51  16.67  0.22  7.44 216.21  11.80  0.19  6.72 266.84  11.54  0.17  9.08 216.23  12.77  0.13 10.28 301.48  11.48
19990718 210000  6.8  39.4  0.61  6.49 259.18  52.86  8  0.14  1.49  52.80  35.93  0.30  6.35 325.69  17.30  0.30  5.36 232.93  22.63  0.23  6.46 267.01  14.77  0.20  7.42 215.87  11.78  0.19  2.13 183.90  41.91  0.17  8.98 216.51  12.90  0.13 10.27 301.34  11.65
19990719 000000  7.4 207.6  0.72  6.43 245.10  46.07  5  0.59  2.84 225.36  37.13  0.26  6.32 326.58  15.82  0.24  6.45 272.24  13.36  0.16  8.99 218.12  12.92  0.12 10.26 301.66  11.95
19990719 030000  6.6  50.8  0.69  6.39 243.52  53.01  7  0.50  3.49 221.42  55.30  0.23  6.35 274.72  15.54  0.22  6.31 330.60  13.83  0.21  8.19 215.26  11.92  0.20  5.21 229.99  18.09  0.13  9.17 221.34  15.08  0.12 10.24 301.59  12.27
19990719 060000  3.4 288.1  0.61  6.34 254.48  52.60  5  0.41  3.50 218.60  45.84  0.30  6.39 295.75  32.31  0.24  8.63 217.18  13.58  0.20  6.24 328.87  12.45  0.12 10.21 302.13  12.04
19990719 090000  4.8 183.9  0.58  6.28 263.19  53.57  6  0.39  8.44 206.61  34.46  0.28  6.31 274.24  15.68  0.25  3.45 328.97  26.45  0.18  6.11 329.78  10.76  0.11 10.14 303.24  12.27  0.06  9.55 253.16   8.02
19990719 120000  2.9 208.3  0.58  6.20 261.77  52.76  7  0.28  2.63 202.35  38.53  0.28  8.38 220.17  14.58  0.27  3.57 331.39  26.32  0.25  6.19 276.59  14.09  0.16  6.04 328.34   9.95  0.11  9.90 302.61  11.69  0.07  9.38 250.68   8.50
19990719 150000  0.4  93.9  0.54  6.15 271.67  51.68  7  0.28  3.70 332.16  28.26  0.25  6.15 275.24  16.04  0.24  4.67 208.64  31.58  0.23  8.36 217.77  12.88  0.15  6.00 328.52   9.85  0.10  9.72 301.52  12.55  0.06  9.04 252.30   5.74
19990719 180000  6.5 120.9  0.56  6.11 256.73  66.01  8  0.28  2.19 135.68  35.08  0.25  3.82 338.65  23.21  0.24  6.11 276.52  14.97  0.22  8.30 218.21  13.29  0.15  4.76 223.65  16.05  0.14  5.96 327.73   9.49  0.10  9.65 302.12  12.11  0.08  8.92 251.30   5.81
19990719 210000  3.5 350.3  0.52  8.51 268.72  65.49  8  0.24  3.75 334.54  31.45  0.25  2.63 118.20  45.52  0.22  8.20 218.85  12.80  0.21  6.06 277.95  15.01  0.13  5.92 327.64   9.78  0.12  4.38 222.18  15.86  0.10  9.62 302.46  11.52  0.09  8.81 249.99   5.79
19990720 000000  2.5  73.7  0.50  8.42 280.41  62.91 10  0.20  2.58  97.32  42.38  0.24  3.81 341.93  26.67  0.23  7.99 220.20  12.94  0.21  6.02 275.68  16.47  0.12  5.82 332.01  11.27  0.11  4.46 218.10  16.42  0.10  8.59 250.66   6.03  0.09  9.60 302.07  11.63  0.07  6.98 319.94   6.16  0.05 11.07 218.40   8.00
19990720 030000  3.3  58.8  0.50  8.34 283.49  62.04  9  0.20  2.50  66.87  36.48  0.26  7.84 219.43  13.75  0.24  4.73 336.94  29.07  0.19  5.96 274.65  19.47  0.12  5.69 331.44  11.39  0.11  8.44 250.40   5.82  0.09  9.59 302.18  11.76  0.07 10.60 217.92   7.83  0.06  6.98 321.21   6.23
19990720 060000  2.7  34.0  0.49  8.19 278.14  56.67  8  0.31  4.91 349.33  40.98  0.22  6.82 222.98  15.55  0.17  5.92 279.62  13.07  0.16  8.05 218.49  10.00  0.12  8.33 250.34   6.04  0.09  9.59 301.92  11.76  0.08 10.48 217.39   8.58  0.07  6.70 321.44   5.35
19990720 090000  3.4 235.9  0.50  8.00 264.37  52.75  9  0.18  2.00 222.17  33.43  0.27  4.86 343.61  29.84  0.23  6.83 223.63  13.64  0.16  5.85 278.38  14.14  0.15  8.06 218.90  10.73  0.13  8.19 250.13   5.73  0.09  9.59 301.88  11.71  0.09 10.37 217.23   7.93  0.07  6.61 321.44   5.31
19990720 120000  3.7 252.4  0.50  7.93 261.86  49.08  9  0.22  2.07 243.08  36.12  0.24  6.71 224.95  13.32  0.24  4.71 341.99  18.58  0.16  5.73 280.71  14.47  0.15  8.03 217.15  11.35  0.12  8.05 250.85   6.02  0.11 10.09 218.39   7.76  0.09  9.58 301.46  11.64  0.08  6.33 322.24   6.34
19990720 150000  4.3 153.9  0.48  7.87 258.32  48.91  9  0.22  6.44 224.74  12.63  0.21  4.65 344.28  20.54  0.19  2.33 241.13  42.81  0.15  7.93 249.18   9.19  0.14  7.79 212.88   8.66  0.14  9.80 218.39   8.14  0.13  5.66 280.30  12.10  0.10  5.89 320.79   8.88  0.09  9.57 301.76  12.23
19990720 180000  1.5 265.7  0.48  9.55 249.50  50.87  8  0.29  4.56 292.44  67.00  0.22  6.31 225.56  13.89  0.15  9.64 218.15   7.87  0.14  7.98 214.49  11.56  0.14  7.83 250.66   8.40  0.13  5.58 283.69  12.62  0.10  6.06 321.75   7.74  0.09  9.57 300.18  13.58
19990720 210000  8.3 222.8  0.58  9.46 234.39  58.53  7  0.46  7.74 219.96  33.74  0.21  2.34  57.96  44.67  0.17  4.49 345.63  16.05  0.17  9.40 218.35   7.98  0.12  5.56 283.32  12.35  0.10  6.00 320.07   8.85  0.09  9.56 300.65  12.74
19990721 000000  4.8 292.1  0.64  9.36 235.47  47.37  9  0.50  3.24 226.68  45.91  0.20  9.29 218.00   8.18  0.18  5.96 226.38  14.49  0.16  4.47 351.19  13.88  0.15  7.74 248.65  11.53  0.13  7.49 209.12   7.37  0.10  5.96 318.95   9.40  0.10  5.55 282.40  10.19  0.09  9.54 300.51  12.68
19990721 030000  6.3  68.9  0.60  9.15 255.26  55.77  8  0.44  3.28 264.27  61.50  0.25  9.13 216.62   9.50  0.19  5.82 224.20  14.76  0.17  4.40 349.36  12.75  0.13  7.39 251.55   9.66  0.10  5.82 280.04  11.77  0.09  5.92 318.65   9.06  0.08  9.50 299.88  12.79
19990721 060000  3.4 154.2  0.55  8.95 255.89  54.66  6  0.35  5.67 236.74  34.27  0.27  4.36 358.47  31.88  0.26  8.96 216.89   9.49  0.16  7.12 262.38  17.64  0.09  5.89 318.83   8.93  0.08  9.32 299.18  13.06
19990721 090000  1.6  32.5  0.58  8.87 259.72  52.51  7  0.38  5.45 244.02  36.90  0.28  8.88 216.32   9.84  0.27  4.69 347.86  17.61  0.15  7.29 263.32  16.93  0.09  5.93 318.00   9.28  0.07  9.02 303.70  10.56  0.06  2.31  66.39  14.97
19990721 120000  1.3 257.1  0.62  8.79 271.21  54.28  5  0.39  3.28 244.15  37.22  0.36  4.89 343.25  20.29  0.27  8.75 216.65  10.22  0.14  6.94 259.56  15.69  0.06  8.96 303.73  11.03
19990721 150000  3.6 125.6  0.64  4.93 272.86  56.91  5  0.40  4.91 340.84  19.08  0.39  3.53 232.24  39.53  0.28  8.52 216.94  10.02  0.13  6.95 259.92  15.33  0.06  8.97 302.99  11.05
19990721 180000  4.1 242.8  0.65  4.92 266.61  55.61  5  0.41  4.58 233.87  35.55  0.38  4.93 342.28  18.29  0.29  8.39 217.82  10.07  0.12  7.06 259.84  13.79  0.06  8.96 302.16  11.93
19990721 210000  1.3 136.1  0.66  4.97 267.15  57.43  3  0.52  8.22 227.22  26.81  0.41  4.97 345.99  19.15  0.06  8.95 302.13  11.58
19990722 000000  5.3 290.6  0.82  5.40 274.02  58.21  3  0.64  7.77 229.78  32.39  0.51  5.29 346.23  17.04  0.06  8.95 303.34  12.32
19990722 030000  7.2 211.1  1.02  5.76 272.60  60.65  4  0.74  7.44 215.09  30.41  0.65  5.69 342.85  16.80  0.27  3.78 289.60  15.05  0.05  8.95 300.77  11.27
19990722 060000  0.7 305.7  1.00  5.78 284.32  58.55  4  0.71  5.71 338.64  20.49  0.65  6.30 223.05  32.44  0.29  7.73 219.92  11.51  0.06  8.95 298.71  12.27
19990722 090000  3.5 206.4  0.99  5.74 286.48  55.98  4  0.75  5.67 331.45  28.95  0.58  6.40 221.90  23.96  0.28  7.70 220.11  11.95  0.05  8.96 298.36  12.41
19990722 120000  3.1  76.8  0.98  5.76 291.80  55.61  3  0.76  5.69 333.08  29.21  0.55  6.31 223.49  21.56  0.28  7.61 220.96  12.42
19990722 150000  1.6 334.1  1.00  5.88 295.23  53.98  3  0.79  5.84 332.62  26.39  0.54  6.31 224.63  20.30  0.29  7.60 221.18  12.51
19990722 180000  9.4  44.9  1.04  5.93 307.43  59.84  4  0.41  2.41  36.02  35.33  0.74  5.90 332.14  24.90  0.52  6.24 224.28  19.90  0.31  7.58 221.01  11.89
19990722 210000  3.4  49.5  1.16  5.75 299.86  51.06  3  0.99  5.68 324.36  34.88  0.50  6.18 223.86  18.32  0.33  7.57 221.84  12.37
19990723 000000  6.7 278.1  1.31  5.22 278.77  49.76  3  1.02  4.75 253.75  34.34  0.74  5.70 343.16  17.39  0.35  7.47 221.00  12.37
19990723 030000  9.8 358.7  1.60  5.63 289.26  56.18  3  1.08  5.63 349.70  32.10  1.14  5.62 245.27  29.60  0.29  7.83 220.26  11.25
19990723 060000  5.3 186.3  1.48  5.83 273.11  54.38  3  1.26  5.83 251.51  36.93  0.69  5.84 346.88  15.61  0.35  3.31  77.95  30.59
19990723 090000  1.2 353.8  1.21  5.77 271.02  51.72  6  0.67  5.58 294.18  20.32  0.60  5.82 213.44  20.77  0.54  6.00 345.82  15.98  0.44  6.21 253.31   8.49  0.36  7.09 220.87  12.51  0.20  3.43  78.73  27.07
19990723 120000  3.2 214.1  1.01  5.66 277.72  51.20  5  0.68  5.51 291.55  28.51  0.45  5.47 211.73  22.18  0.44  6.12 346.32  12.95  0.36  6.87 222.98  13.83  0.11  3.17  79.06  25.02
19990723 150000  2.7  69.6  0.89  5.72 286.75  50.08  3  0.58  5.45 298.15  23.72  0.51  6.93 219.83  21.85  0.45  6.18 346.34  14.27
19990723 180000  7.6 132.6  0.85  6.25 292.47  52.52  4  0.18  1.59 144.06  37.06  0.50  5.41 297.19  25.97  0.49  6.20 339.09  17.40  0.43  7.86 219.95  17.13
19990723 210000  6.1 153.5  0.92  6.43 298.65  61.27  4  0.36  2.66 142.23  44.22  0.66  6.03 319.79  27.42  0.43  7.95 221.85  13.72  0.30  3.01 358.94  27.33
19990724 000000  9.7  69.0  1.01  6.89 316.44  72.34  4  0.58  2.97  82.28  40.72  0.65  6.07 324.76  24.47  0.47  7.78 221.74  12.83  0.23  3.57 216.05  22.15
19990724 030000  0.6 257.8  1.10  7.00 295.77  64.12  4  0.86  5.84 318.52  39.29  0.53  7.50 221.89  12.56  0.44  3.44  98.02  38.53  0.05 13.93 229.47   8.59
19990724 060000  4.7 179.1  1.18  6.87 279.04  55.26  5  0.47  4.35 225.26  25.62  0.87  5.61 321.17  28.31  0.59  7.25 222.68  12.94  0.25  3.37  98.14  31.39  0.07 13.48 227.86   8.37
19990724 090000  1.6 343.2  1.13  6.85 272.76  52.49  6  0.79  5.44 323.32  27.05  0.51  4.27 233.05  25.06  0.48  7.16 223.45  14.09  0.37  8.68 222.65  11.15  0.16  3.35  99.42  27.97  0.08 13.24 227.70   8.40
19990724 120000  4.5  86.6  1.06  6.94 263.14  50.19  4  0.65  5.75 326.33  23.50  0.62  8.48 223.20  12.75  0.55  4.57 238.43  36.18  0.11 12.86 228.75   8.68
19990724 150000  7.1  58.8  1.07  8.11 265.22  50.15  4  0.71  5.64 323.89  28.75  0.61  8.42 223.72  12.67  0.51  5.13 232.80  26.08  0.13 12.58 227.64   8.63
19990724 180000  4.8 308.0  1.21  5.20 266.43  48.96  3  1.03  5.17 288.45  47.80  0.60  8.32 223.15  12.04  0.17 12.28 228.57   9.09
19990724 210000  1.0 312.4  1.24  5.43 269.02  46.00  4  0.89  5.62 312.05  27.45  0.60  8.31 223.48  12.47  0.59  5.21 231.38  22.17  0.20 12.05 227.80   9.32
19990725 000000  8.2   4.3  1.24  5.75 283.09  52.28  3  1.07  5.55 308.37  46.20  0.59  8.34 223.89  12.15  0.23 11.91 226.91   9.75
19990725 030000  4.3 210.0  1.28  5.97 275.37  50.68  4  0.59  4.70 222.42  27.97  0.94  5.97 319.47  26.51  0.57  8.42 223.41  12.35  0.27 11.65 224.30  10.59
19990725 060000  7.9 229.2  1.38  5.89 267.25  48.84  3  0.97  8.54 227.23  24.47  0.92  6.00 319.49  23.69  0.33 11.42 225.20  10.55
19990725 090000  1.3 114.1  1.31  5.85 260.38  48.68  4  0.82  6.06 321.12  23.05  0.79  4.95 230.05  29.18  0.56  8.57 222.07  12.63  0.34 11.25 223.14  10.15
19990725 120000  2.4 229.0  1.25  5.88 255.84  47.62  4  0.74  5.02 232.10  31.60  0.74  6.08 320.51  22.67  0.54  8.63 221.15  12.68  0.44 10.82 222.34  10.56
19990725 150000  3.6 145.5  1.24 10.44 254.60  46.85  3  0.77  6.11 315.17  23.06  0.76 10.45 220.78  12.00  0.61  4.99 225.73  26.96
19990725 180000  2.2 227.5  1.29 10.21 252.37  47.22  3  0.83 10.22 220.09  11.55  0.80  6.19 312.31  22.15  0.59  5.07 220.77  35.51
19990725 210000  7.2 327.7  1.34  9.89 253.45  46.16  3  0.84  6.21 312.30  23.14  0.89  9.91 219.52  11.42  0.55  4.95 225.49  26.89
19990726 000000  5.9  93.1  1.32  9.79 247.48  47.12  4  0.22  2.03  86.58  33.42  0.93  9.80 219.54  11.40  0.76  6.15 312.24  22.53  0.50  4.92 228.93  23.44
19990726 030000  4.2  34.3  1.36  9.81 248.59  46.80  3  0.92  9.83 220.02  11.15  0.80  6.05 318.04  29.49  0.59  4.67 227.49  24.84
19990726 060000  9.7 100.5  1.28  9.72 241.63  56.56  4  0.47  2.67  71.49  37.02  0.90  9.73 220.76  11.13  0.65  5.95 316.23  25.17  0.42  4.80 223.95  21.76
19990726 090000  7.0 194.4  1.21  9.52 231.95  47.04  3  0.60  3.40 196.56  36.70  0.87  9.52 221.57  10.93  0.59  5.78 321.23  29.23
19990726 120000  1.3  14.0  1.26  9.24 245.64  48.80  2  0.94  4.77 281.04  55.57  0.83  9.25 222.04  10.65
19990726 150000  4.2 242.7  1.29  9.05 253.31  49.21  2  1.02  5.19 283.48  52.19  0.78  9.06 222.57  10.46
19990726 180000  8.0   2.4  1.24  8.91 258.31  50.85  3  0.80  5.70 320.54  27.74  0.75  8.94 222.92  10.51  0.58  4.43 218.33  30.65
19990726 210000  1.5 148.9  1.16  8.70 257.84  52.10  3  0.73  5.77 327.62  33.34  0.73  8.77 223.40  10.20  0.52  4.48 225.90  28.64
19990727 000000  7.7  32.2  1.18  9.13 261.96  55.83  4  0.40  2.58  43.39  39.52  0.73  9.29 223.53  10.42  0.68  5.79 318.97  19.72  0.49  4.45 229.24  26.79
19990727 030000  5.5   0.9  1.20  9.04 265.72  50.21  3  0.82  5.79 321.63  27.35  0.73  9.10 223.66  10.69  0.49  4.47 225.52  23.80
19990727 060000  3.0 162.9  1.16  8.92 263.89  49.64  2  0.84  8.97 222.98  15.13  0.79  5.88 318.65  28.43
19990727 090000  3.8 153.5  1.10  8.75 258.08  48.78  2  0.83  8.80 222.06  18.45  0.71  5.90 316.73  27.17
19990727 120000  1.1  42.7  1.02  8.57 254.44  46.13  2  0.80  8.63 223.74  15.96  0.63  5.83 315.52  25.84
19990727 150000  0.5 112.4  0.96  8.46 252.34  43.89  2  0.78  8.53 225.25  14.90  0.57  5.75 314.66  23.88
19990727 180000  3.4 209.2  0.93  8.36 251.84  42.77  2  0.76  8.44 226.34  14.73  0.54  5.69 315.47  20.34
19990727 210000  3.1 240.4  0.91  8.29 252.14  42.48  2  0.74  8.41 226.28  14.03  0.53  5.65 314.59  20.23
19990728 000000  1.0 262.5  0.89  8.45 250.04  42.86  2  0.74  8.67 225.38  16.06  0.50  5.63 315.38  19.34
19990728 030000  1.8 122.8  0.86  8.63 249.10  42.59  2  0.71  8.72 225.09  14.85  0.48  5.65 315.67  19.62
19990728 060000  0.4  69.3  0.83  8.45 247.77  42.28  2  0.69  8.50 224.68  14.13  0.46  5.96 314.96  22.04
19990728 090000  0.7 164.9  0.79  8.29 246.70  41.92  2  0.66  8.34 224.61  14.21  0.43  6.09 315.71  20.58
19990728 120000  0.7 291.8  0.75  8.09 246.70  41.87  3  0.63  8.15 224.88  14.50  0.39  6.11 317.25  19.16  0.08  7.43 302.49   8.47
19990728 150000  2.0 175.8  0.71  7.94 247.42  41.74  3  0.59  8.00 225.16  14.66  0.36  6.12 315.69  23.22  0.14  7.44 304.90  11.46
19990728 180000  1.5  25.2  0.69  7.86 243.95  43.14  2  0.58  7.95 222.64  20.14  0.38  6.19 310.61  28.82
19990728 210000  5.7 216.0  0.75  7.85 247.52  41.22  3  0.44  3.81 240.51  35.36  0.50  8.04 226.22  14.83  0.35  6.69 318.38  19.35
19990729 000000  1.7 305.7  0.77  7.97 245.04  40.89  3  0.49  4.60 232.07  31.78  0.48  8.19 227.51  14.76  0.35  6.74 318.85  18.62
19990729 030000  2.2 326.6  0.80  7.97 243.51  39.33  2  0.72  8.11 229.61  23.28  0.35  6.73 318.78  18.85
19990729 060000  4.8 338.2  0.86  7.85 241.70  39.52  2  0.37  6.58 317.61  22.09  0.78  7.94 228.97  25.19
19990729 090000  1.3 280.8  0.89  7.71 241.87  36.79  2  0.81  7.79 229.99  22.69  0.37  6.46 314.16  20.25
19990729 120000  1.2 324.6  0.88  7.57 241.92  35.14  2  0.81  7.68 231.33  22.13  0.35  6.58 313.74  18.81
19990729 150000  5.2  39.5  0.86  7.51 240.00  40.42  3  0.18  1.87  60.51  38.75  0.82  7.64 236.07  31.05  0.21  6.49 307.90  12.10
19990729 180000  2.1  43.0  0.85  7.50 236.44  50.66  3  0.76  7.64 236.86  29.79  0.32  2.72  86.60  34.96  0.20  6.61 306.92  12.81
19990729 210000  7.9 226.5  0.99  7.45 252.25  42.56  2  0.97  7.56 249.45  41.95  0.21  6.80 306.75  12.17
19990730 000000  2.7  56.9  1.11  7.37 247.31  57.85  6  0.64  4.63 311.94  32.73  0.62  7.47 228.57  16.15  0.52  3.59 208.61  29.49  0.31  3.04  90.89  26.78  0.22  3.30 146.19  10.11  0.19  6.60 305.71  11.39
19990730 030000 10.4 151.1  1.21  7.27 228.41  52.42  2  1.20  7.35 225.97  51.76  0.19  6.33 306.07  12.00
19990730 060000  6.4  11.4  1.32  7.31 269.72  58.17  3  0.90  4.45 338.54  39.57  0.96  7.44 227.82  23.62  0.10  3.51 139.54   6.87
19990730 090000  8.0 359.1  1.47  5.45 263.22  52.92  2  0.82  5.64 345.96  32.00  1.22  7.43 237.39  28.90
19990730 120000 10.5 107.8  1.66  6.50 262.09  54.49  2  1.36  7.39 229.41  35.78  0.95  6.42 334.00  22.71
19990730 150000  1.1 340.4  1.67  6.77 268.00  54.45  2  1.29  8.73 227.28  30.51  1.06  6.68 332.85  21.52
19990730 180000  7.3 162.9  1.65  6.73 267.05  55.52  2  1.30  8.51 227.08  33.93  1.02  6.59 333.68  21.88
19990730 210000  1.3 186.4  1.68  6.38 274.74  55.04  4  1.15  8.44 228.97  19.21  1.06  6.03 316.92  27.19  0.49  6.72 355.77   8.48  0.38  3.13 101.96  34.50
19990731 000000  1.2 353.0  1.65  6.26 269.94  52.05  4  1.07  6.12 315.06  28.49  0.87  5.31 222.32  34.42  0.81  8.39 227.77  12.89  0.42  7.17 358.44   6.90
19990731 030000  2.3 179.8  1.52  6.19 262.97  51.51  4  0.93  6.08 316.59  26.66  0.87  5.77 221.99  31.33  0.75  8.31 227.25  13.87  0.35  7.14 357.86   7.05
19990731 060000  5.2 247.3  1.40  6.16 264.89  51.44  2  1.06  8.20 225.85  23.80  0.92  6.19 324.12  28.30
19990731 090000  3.7 190.3  1.35  6.25 267.67  50.82  2  1.11  8.03 237.64  31.01  0.77  6.37 336.85  19.74
19990731 120000  3.8 244.3  1.27  6.40 271.94  50.79  2  1.03  7.89 239.80  31.68  0.75  6.47 337.15  18.68
19990731 150000  4.2 296.2  1.18  6.43 275.03  49.98  2  0.94  7.80 241.08  31.16  0.72  6.51 335.04  19.74
19990731 180000  1.3 308.8  1.10  6.37 274.58  49.26  2  0.79  6.33 321.19  27.82  0.77  7.71 228.88  19.95
19990731 210000  5.2 296.1  1.03  6.27 274.87  49.55  3  0.76  6.23 319.04  29.53  0.54  5.47 227.38  22.92  0.46  7.61 226.57  14.67
19990801 000000  6.5 163.8  1.00  6.10 270.60  54.50  3  0.58  5.16 218.36  33.91  0.69  6.05 324.32  26.37  0.42  7.48 225.04  13.84
