Date     Time   Uabs UDir  hs    tp    th     sp     np hs(i) tp(i) th(i)  sp(i)
19890501 000000  8.9 203.9  2.77 15.49 213.30  15.49  4  0.79  4.01 211.89  29.48  2.63 15.50 212.73  10.76  0.22 11.96 273.51  14.89  0.20 15.48 314.87   8.26
19890501 030000  8.0 191.3  2.87 15.36 213.36  16.24  3  2.85 15.36 212.76  14.40  0.23 11.78 271.79  12.25  0.20 15.42 314.37   8.17
19890501 060000  7.3 186.7  2.87 15.30 213.58  16.64  3  2.85 15.31 212.95  14.79  0.23 11.60 271.98  11.95  0.20 15.11 314.43   8.17
19890501 090000  5.7 182.8  2.82 15.19 214.26  16.68  4  0.95  5.58 212.87  30.58  2.63 15.23 213.63  10.77  0.24 11.38 272.41  11.78  0.22 14.61 314.81   8.07
19890501 120000  6.9 199.7  2.75 14.94 214.97  16.70  4  0.92  5.95 215.55  29.36  2.57 15.01 214.00  10.82  0.24 11.32 272.77  11.61  0.23 14.52 314.99   8.09
19890501 150000  7.7 183.5  2.74 14.75 214.96  17.67  3  2.72 14.79 214.11  15.19  0.24 11.35 273.24  11.50  0.24 14.49 315.01   8.24
19890501 180000  8.1 199.9  2.71 14.58 215.33  18.11  3  2.69 14.59 214.48  15.72  0.24 14.46 314.58   8.37  0.24 11.26 272.38   9.80
19890501 210000  9.0 195.8  2.69 14.39 215.39  18.84  4  1.39  6.41 213.71  27.02  2.27 14.39 214.83  10.34  0.24 14.41 314.08   8.79  0.23 11.17 272.77   9.42
19890502 000000  7.5 210.7  2.59 14.17 215.92  19.34  3  2.57 14.17 215.04  17.16  0.23 11.06 273.01   9.71  0.23 14.24 314.03   8.88
19890502 030000  7.7 199.3  2.44 13.78 216.53  19.65  3  2.42 13.79 215.55  17.20  0.23 13.75 314.35   8.80  0.23 10.98 273.96  10.52
19890502 060000  6.1 194.3  2.27 13.54 217.01  19.99  5  1.16  6.09 216.54  28.23  1.87 13.54 215.24  10.27  0.46 16.81 221.86   8.84  0.24 13.61 314.68   8.65  0.22 10.91 274.56  10.63
19890502 090000  5.6 194.2  2.09 13.39 217.66  20.04  5  0.97  5.93 217.64  28.64  1.76 13.37 215.52  10.43  0.44 16.70 221.75   8.73  0.25 13.56 314.68   8.75  0.22 10.79 273.91   8.66
19890502 120000  6.5 204.0  1.93 13.24 218.13  20.18  4  1.85 13.18 216.30  16.00  0.40 16.71 219.65   8.36  0.26 13.54 314.37   8.93  0.21 10.66 274.17   8.35
19890502 150000  3.7 210.9  1.80 12.92 218.53  20.52  5  1.75 12.81 216.55  15.56  0.25 13.50 314.90   8.16  0.24 19.92 219.14   8.19  0.21 10.53 274.11   8.68  0.07 16.60 299.38  11.71
19890502 180000  4.8 220.8  1.71 12.69 218.95  20.61  6  1.58 12.63 216.62  15.61  0.47 15.72 218.75   9.72  0.30 19.47 218.39   9.14  0.25 13.45 314.84   8.00  0.20 10.46 274.16   8.40  0.08 16.56 299.22  12.64
19890502 210000  3.4 189.4  1.65 12.57 219.08  20.40  6  1.51 12.53 216.81  15.12  0.49 18.55 215.97  10.21  0.34 15.51 220.10   5.00  0.24 13.31 314.67   8.09  0.20 10.37 274.07   8.28  0.08 16.55 300.08  12.81
19890503 000000  0.9  20.5  1.64 12.49 218.96  19.63  6  1.44 12.44 216.85  13.96  0.52 18.28 215.85   9.76  0.51 15.46 217.34  10.85  0.24 12.94 314.71   8.07  0.20 10.32 274.01   8.41  0.08 16.56 300.52  14.04
19890503 030000  3.8 358.1  1.68 12.40 218.58  18.66  5  1.50 12.31 216.98  12.75  0.68 18.29 214.60   9.68  0.24 12.77 314.83   8.06  0.20 10.28 273.96   8.58  0.08 16.54 301.94  13.60
19890503 060000  1.8 332.6  1.74 12.20 218.45  19.71  6  1.48 11.98 216.67  15.77  0.75 18.42 214.17  10.05  0.43 14.57 223.92   7.68  0.24 12.70 315.07   7.91  0.19 10.33 274.13   9.02  0.07 16.48 302.47  12.94
19890503 090000  0.3 300.1  1.79 11.88 217.97  18.19  6  1.51 11.77 216.60  13.63  0.77 17.63 215.62  10.86  0.48 14.88 215.26   7.20  0.24 12.66 315.09   8.01  0.18 10.68 274.54   8.60  0.07 15.93 300.82  12.27
19890503 120000  1.1 228.7  1.81 17.47 217.63  17.70  5  1.47 11.62 216.43  12.65  1.02 17.48 215.11  10.75  0.24 12.63 315.21   7.92  0.18 10.30 274.13   9.28  0.09 15.58 298.68  12.97
19890503 150000  3.4  85.3  1.82 17.35 217.32  17.78  5  1.44 11.48 216.52  12.62  1.07 17.36 214.25  11.01  0.24 12.59 315.04   8.12  0.16 10.15 274.51   8.77  0.10 15.52 298.33  13.31
19890503 180000  1.6 146.3  1.83 16.90 216.48  19.76  5  1.34 11.38 215.33  17.64  1.21 16.92 214.39  10.82  0.24 12.54 315.18   7.92  0.15 10.15 275.23   8.88  0.11 15.49 299.77  13.41
19890503 210000  2.0 180.0  1.82 16.57 216.30  18.81  6  1.38 12.26 216.42  15.68  1.12 16.59 213.01  10.22  0.29 13.54 205.00   0.00  0.23 12.46 315.13   7.91  0.14 10.15 275.33   9.22  0.12 15.48 300.12  14.82
19890504 000000  2.2   5.4  1.79 16.29 216.10  18.33  6  1.23 11.49 216.37  15.52  1.01 16.31 213.48   9.96  0.77 13.39 212.39  11.73  0.23 12.30 314.93   8.06  0.13 10.09 274.07   9.49  0.11 15.47 299.76  16.52
19890504 030000  1.9 294.1  1.77 15.81 216.09  18.01  5  1.43 13.37 215.39  14.70  1.00 15.90 213.53   9.83  0.22 12.03 314.86   8.11  0.12  9.76 275.52   7.53  0.10 15.46 303.83  13.65
19890504 060000  0.4 154.9  1.74 15.59 216.19  17.74  5  1.30 12.43 216.21  15.34  1.13 15.60 213.40   9.99  0.21 11.91 314.49   9.05  0.11  9.64 275.66   7.60  0.09 15.41 304.68  13.10
19890504 090000  1.6 113.2  1.69 15.38 216.31  17.94  5  1.30 12.56 216.05  15.69  1.05 15.39 213.65   9.43  0.20 11.85 315.08   8.10  0.10  9.56 275.57   7.57  0.10 14.75 299.66  15.52
19890504 120000  2.6  24.8  1.63 14.85 216.47  18.30  5  1.24 12.45 215.94  16.04  1.03 14.90 213.94   8.96  0.20 11.81 315.32   8.01  0.12 14.55 294.80  17.36  0.10  9.49 274.96   7.27
19890504 150000  0.5  98.4  1.58 14.58 216.65  18.63  3  1.56 14.59 215.27  13.83  0.20 11.77 313.15  11.65  0.13 14.50 294.09  17.40
19890504 180000  2.6 181.5  1.55 14.47 216.88  18.87  3  1.53 14.47 215.34  13.76  0.20 11.75 313.01  12.17  0.15 14.46 289.64  19.83
19890504 210000  2.6 180.1  1.51 14.29 217.13  18.91  3  1.49 14.27 215.48  13.66  0.19 11.72 315.13   8.99  0.18 14.45 284.67  21.24
19890505 000000  4.9 199.0  1.49 13.78 216.86  19.27  3  1.47 13.74 215.24  14.34  0.18 14.44 284.03  21.81  0.18 11.68 315.22   8.84
19890505 030000  6.2 163.0  1.51 13.56 215.45  21.11  3  1.50 13.54 214.35  17.75  0.16 11.61 315.70   7.99  0.12 14.50 305.00  13.44
19890505 060000  5.4 121.9  1.49 13.43 215.39  22.77  5  1.47 13.43 213.87  19.43  0.15 11.50 315.66   8.01  0.15 11.87 266.56   7.88  0.10 14.48 308.77  11.68  0.06 17.76 294.66  12.35
19890505 090000  4.8 132.0  1.46 13.27 215.93  22.68  5  1.45 13.26 214.95  20.20  0.15 11.29 315.65   7.99  0.10 22.15 217.60   7.82  0.09 14.39 308.50  11.68  0.06 17.73 295.80  11.50
19890505 120000  4.7 151.3  1.45 12.92 216.01  22.89  6  1.42 12.93 214.48  19.93  0.15 11.57 267.53   7.36  0.14 11.16 315.75   7.98  0.13 21.99 217.54   7.64  0.09 13.93 304.42  13.25  0.06 17.67 293.95  11.38
19890505 150000  6.5 158.8  1.47 12.67 214.45  24.06  7  1.07  8.75 211.51  26.85  0.95 12.68 214.37  10.91  0.21 21.45 217.97   7.46  0.15 11.15 267.96   7.07  0.13 11.09 315.59   7.98  0.11 13.64 304.78  13.31  0.07 17.54 293.46  11.68
19890505 180000  6.8 176.3  1.49 12.52 213.97  23.47  8  1.13  8.51 210.82  24.82  0.89 12.49 214.09  10.50  0.26 20.84 218.06   7.66  0.15 10.59 269.26   6.32  0.12 11.05 315.58   7.96  0.12 13.61 303.79  13.74  0.09 12.76 254.43   7.18  0.07 17.03 292.68  11.33
19890505 210000  8.0 182.1  1.51 12.35 213.55  23.47  9  1.18  8.26 210.26  24.02  0.83 12.34 213.30   9.33  0.33 20.45 218.35   7.87  0.19 10.50 263.13   9.91  0.13 13.61 303.63  14.11  0.12 11.03 315.54   7.97  0.07 16.71 293.23  11.16  0.06 16.82 252.01   6.83  0.06 24.95 301.93  10.16
19890506 000000  7.1 182.5  1.53 20.27 213.48  24.20  9  1.22  8.04 209.90  24.75  0.69 12.18 212.43   8.83  0.43 20.27 217.89   7.81  0.33 15.69 219.59   9.70  0.19 10.91 263.59   9.85  0.13 13.60 303.87  14.45  0.12 11.02 315.51   7.99  0.09 16.60 288.72  16.72  0.07 24.92 301.80  10.51
19890506 030000  6.9 173.6  1.52 19.60 214.57  24.36  9  1.19  7.88 210.86  25.29  0.60 11.86 212.10   8.46  0.52 19.61 218.26   8.08  0.41 15.11 218.21   9.87  0.20 10.42 260.40  12.36  0.13 13.58 304.14  14.57  0.11 11.01 315.54   7.95  0.10 16.60 293.65  12.59  0.07 24.90 301.80  10.54
19890506 060000  5.9 163.1  1.50 19.18 215.92  24.03 10  1.14  7.59 212.21  25.69  0.54 19.18 217.86   9.43  0.52 11.66 212.58   9.04  0.44 14.71 215.60   7.24  0.36 21.98 222.13   7.15  0.20 10.38 261.62  11.67  0.12 13.56 304.38  14.17  0.11 11.02 315.83   8.01  0.10 16.56 295.05  11.24  0.08 24.60 301.71  10.11
19890506 090000  5.5 164.7  1.52 19.22 217.16  23.16  8  1.10  7.22 213.45  25.41  0.77 19.22 218.82   8.12  0.52 14.47 217.10   8.56  0.40 11.38 211.16   9.06  0.19 10.31 262.09  12.22  0.15 13.54 308.72  15.67  0.12 16.44 287.68  18.20  0.11 23.44 301.42   9.80
19890506 120000  5.4 167.7  1.57 20.23 218.34  22.04  8  1.09  6.97 214.82  24.48  0.78 20.23 220.65   7.89  0.65 14.39 216.28  10.36  0.38 17.69 212.73   4.19  0.17  9.99 265.39   8.66  0.14 13.48 311.57  11.76  0.14 23.32 301.00  10.33  0.10 16.35 294.07  11.78
19890506 150000  4.2 178.8  1.62 20.19 219.57  20.45  8  1.10  7.12 217.76  23.59  0.85 20.19 221.56   7.69  0.57 17.48 215.92   9.81  0.55 14.07 215.69   8.42  0.15 23.29 300.69  10.84  0.11 15.77 293.27  11.32  0.10 11.07 316.18   7.34  0.09 13.45 312.06   9.41
19890506 180000  4.5 210.8  1.69 19.86 220.47  18.84  7  1.11  7.25 219.24  21.78  1.10 19.86 219.87   8.22  0.58 13.74 217.54   8.96  0.15 23.28 300.69  11.07  0.13 15.48 283.32  19.32  0.10 13.35 310.08  11.56  0.09 11.04 316.25   7.32
19890506 210000  6.0 198.8  1.78 19.11 220.85  18.52  6  1.14  7.32 219.85  21.79  1.24 19.11 220.27   8.83  0.51 13.42 216.71   7.71  0.16 23.08 301.15  10.32  0.13 15.53 294.58  12.25  0.12 13.15 312.84  11.04
19890507 000000  4.4 197.8  1.85 18.80 221.42  19.09  7  1.30 18.80 220.26   8.15  1.14  7.36 220.04  21.97  0.55 13.40 216.53   8.24  0.21 21.95 301.03   9.86  0.14 13.76 250.43   7.21  0.14 15.51 295.71  12.63  0.13 12.84 311.07  11.45
19890507 030000  2.3 186.4  1.89 18.23 222.15  19.34  7  1.37 18.23 220.39   8.06  1.11  7.39 220.64  21.58  0.59 13.33 217.45   9.38  0.26 21.80 300.59  10.32  0.15 13.55 250.52   5.24  0.15 15.48 296.22  11.97  0.14 12.71 308.36  13.94
19890507 060000  0.6 160.0  1.92 17.67 222.47  18.94  5  1.56 17.67 220.46   8.97  1.07  7.44 220.91  20.79  0.28 21.77 300.14  10.98  0.14 15.44 295.69  12.01  0.14 12.67 308.16  13.99
19890507 090000  1.1  79.5  1.94 17.26 222.41  18.11  5  1.60 17.26 220.74   9.10  1.05  7.52 220.72  20.05  0.27 21.76 299.97  11.54  0.14 15.29 295.05  12.00  0.14 12.65 308.70  13.76
19890507 120000  1.8 105.5  1.97 16.96 222.30  17.39  6  1.65 16.97 221.04   9.26  1.01  7.56 219.55  18.77  0.25 21.71 300.52  11.60  0.14 14.72 294.38  11.83  0.13 12.64 313.29   9.16  0.12  8.90 270.26   7.86
19890507 150000  0.8 214.9  1.99 16.85 222.70  18.10  6  1.69 16.86 221.23   9.26  0.98  7.58 218.88  18.27  0.30 20.80 301.10  10.53  0.15 14.55 295.61  11.79  0.13 12.63 313.97   9.03  0.12  8.74 269.48   8.51
19890507 180000  4.9 232.8  2.03 16.38 223.69  19.99  6  1.73 16.39 221.43   9.29  0.96  7.55 218.60  18.83  0.39 20.41 301.00  10.29  0.16 14.51 296.02  12.71  0.13  8.84 267.12   9.71  0.13 12.62 314.40   8.98
19890507 210000  3.0 218.4  2.04 16.08 224.25  20.98  6  1.76 16.08 221.52   9.28  0.92  7.45 218.33  20.03  0.43 20.36 300.67  10.79  0.17 14.49 297.16  12.76  0.13  8.52 266.07  10.05  0.12 12.56 314.85   8.73
19890508 000000  0.3 329.5  2.01 15.99 224.30  20.64  5  1.78 16.01 221.64   9.43  0.83  7.35 218.89  21.51  0.42 20.35 300.34  11.39  0.17 14.48 296.99  12.66  0.11 12.48 314.93   8.16
19890508 030000  2.6 285.6  1.96 15.84 224.06  19.84  4  1.77 15.88 221.63   9.47  0.74  7.18 219.51  23.00  0.37 20.34 300.68  12.19  0.20 14.45 301.76  13.98
19890508 060000  1.5 219.6  1.92 15.56 224.21  19.71  5  1.75 15.60 221.84   9.73  0.66  6.88 218.84  22.96  0.36 20.22 301.32  11.89  0.17 14.38 296.22  12.20  0.11 11.82 315.64   7.34
19890508 090000  0.7 208.3  1.88 15.30 225.61  21.89  5  1.72 15.33 221.87   9.73  0.60  6.73 220.12  23.57  0.44 19.26 301.66  10.69  0.17 14.05 296.45  12.95  0.10 11.78 315.30   7.49
19890508 120000  3.4 178.9  1.86 15.11 227.32  25.39  5  1.68 15.13 222.12   9.88  0.58  6.45 215.44  27.37  0.54 19.06 301.64  10.32  0.17 13.65 297.29  12.88  0.11 11.80 314.01   8.91
19890508 150000  3.9 180.8  1.82 15.07 228.86  26.38  5  1.63 15.08 222.45   9.88  0.57 19.03 301.32  10.75  0.54  6.26 217.38  26.39  0.17 13.58 296.75  13.32  0.12 11.82 314.41   8.81
19890508 180000  6.6 204.4  1.82 15.10 228.41  26.10  5  0.61  6.03 215.40  26.21  1.61 15.11 222.84   9.81  0.55 19.02 301.05  11.56  0.17 13.56 297.48  13.20  0.11 11.82 314.64   8.77
19890508 210000  8.1 200.3  1.89 14.94 226.44  25.20  5  0.81  3.72 213.69  27.24  1.62 14.97 223.32   9.78  0.50 19.01 301.21  12.28  0.17 13.55 297.70  13.03  0.11 11.81 314.82   8.70
19890509 000000  6.1 180.5  1.95 14.61 225.29  24.97  5  0.90  4.44 211.38  29.32  1.66 14.64 223.75   9.63  0.46 18.95 301.58  12.25  0.17 13.53 297.74  12.81  0.10 11.77 315.90   7.67
19890509 030000  6.9 183.9  2.02 14.57 226.22  25.19  4  0.87  4.86 210.49  29.61  1.74 14.60 224.21   9.58  0.51 18.37 301.85  11.29  0.19 13.50 302.06  14.01
19890509 060000  7.4 174.8  2.15 14.51 227.18  26.43  4  0.86  5.04 207.00  31.01  1.87 14.54 224.55   9.64  0.60 17.87 301.83  10.70  0.19 13.43 302.20  13.38
19890509 090000  5.5 173.6  2.31 17.74 227.90  25.73  4  0.85  5.15 208.08  30.44  2.04 14.46 224.75   9.82  0.65 17.80 301.61  10.78  0.19 13.21 301.93  13.57
19890509 120000  6.6 174.8  2.49 17.74 227.61  23.69  4  0.83  5.34 210.04  29.34  2.25 17.47 224.80   9.98  0.65 17.78 301.30  11.20  0.18 12.81 302.27  13.52
19890509 150000  6.4 191.0  2.72 17.61 226.76  21.29  4  0.86  5.49 210.45  27.79  2.50 17.31 224.95  10.22  0.61 17.78 301.21  11.79  0.17 12.70 304.60  11.67
19890509 180000  8.2 206.3  3.00 17.43 226.14  18.96  3  2.94 16.78 224.00  13.39  0.55 17.76 301.31  12.09  0.16 12.67 304.84  11.53
19890509 210000  8.7 197.1  3.34 16.77 225.65  18.50  3  3.30 16.41 224.07  14.44  0.53 17.66 301.48  11.89  0.15 12.66 304.71  11.48
19890510 000000  8.9 192.3  3.65 16.46 225.63  18.91  4  1.69  7.26 218.14  25.62  3.19 16.26 225.77  10.46  0.55 17.17 301.93  10.86  0.14 12.65 304.23  11.45
19890510 030000  7.3 189.1  3.88 16.41 225.70  19.15  3  1.89  7.63 219.75  25.62  3.34 16.12 225.64  10.63  0.60 16.74 301.61  11.23
19890510 060000  5.2 183.9  3.96 16.41 225.94  18.50  3  3.48 15.94 225.37  10.59  1.79  7.80 221.21  25.42  0.61 16.66 301.63  10.77
19890510 090000  4.3 188.9  3.94 16.43 226.10  17.57  2  3.89 15.96 224.71  13.89  0.61 16.63 301.21  11.31
19890510 120000  5.2 194.6  3.85 16.37 226.09  16.88  2  3.80 16.05 224.75  13.12  0.59 16.62 300.94  11.82
19890510 150000  4.7 218.2  3.72 16.27 226.04  16.48  3  3.48 16.08 225.09  10.67  1.20  7.60 221.59  23.51  0.56 16.59 301.36  11.31
19890510 180000  5.6 219.3  3.58 16.15 226.00  16.55  2  3.53 15.90 224.66  12.65  0.55 16.54 301.46  11.30
19890510 210000  4.3 201.5  3.39 15.71 225.92  17.03  2  3.35 15.57 224.41  12.70  0.55 16.40 301.57  11.04
19890511 000000  6.3 194.1  3.21 15.45 225.69  17.74  2  3.16 15.37 223.96  12.93  0.56 15.93 301.53  10.99
19890511 030000  5.0 207.1  3.03 15.32 225.39  18.25  2  2.98 15.23 223.47  13.05  0.55 15.67 301.19  11.12
19890511 060000  5.3 184.4  2.89 15.22 224.68  18.76  2  2.84 15.06 222.67  13.43  0.54 15.59 300.79  11.22
19890511 090000  3.3 191.8  2.76 15.09 224.01  19.02  2  2.71 14.71 221.90  13.47  0.52 15.55 300.48  11.29
19890511 120000  5.3 206.3  2.66 14.82 223.31  19.25  2  2.61 14.53 221.07  13.32  0.52 15.53 300.13  11.48
19890511 150000  3.4 218.2  2.56 14.62 222.64  19.76  3  2.50 14.42 220.16  13.21  0.52 15.49 300.28  11.55  0.10 19.33 292.95  10.28
19890511 180000  5.5 210.6  2.47 14.48 222.07  20.43  3  2.41 14.32 219.27  13.06  0.53 15.44 300.32  11.51  0.11 19.18 293.67  11.22
19890511 210000  5.0 212.3  2.37 14.39 221.70  21.30  3  2.31 14.20 218.57  13.29  0.53 15.34 300.45  11.51  0.12 19.08 293.53  11.11
19890512 000000  3.0 187.5  2.24 14.29 221.54  21.81  3  2.18 14.06 218.09  13.06  0.52 15.15 300.41  11.60  0.13 18.97 293.34  10.75
19890512 030000  3.1 209.8  2.09 14.19 221.49  22.09  3  2.02 13.87 217.78  12.72  0.49 14.81 300.29  11.68  0.16 18.82 292.45  11.38
19890512 060000  4.7 175.6  1.93 14.09 221.42  22.57  3  1.87 13.68 217.48  12.86  0.46 14.65 300.17  11.70  0.18 18.58 292.44  11.53
19890512 090000  4.9 175.3  1.79 13.92 221.54  23.74  4  1.73 13.54 217.25  14.05  0.42 14.57 299.56  11.62  0.20 18.20 292.41  11.81  0.10 11.16 308.66  10.01
19890512 120000  3.5 157.8  1.69 13.94 223.34  24.68  4  1.63 13.48 218.72  15.28  0.41 14.52 299.58  11.61  0.20 17.99 292.40  12.04  0.10 11.19 308.30  10.00
19890512 150000  2.6 199.4  1.75 14.24 228.06  25.62  4  1.68 13.48 223.67  18.46  0.41 14.48 299.66  11.48  0.20 17.88 292.28  12.00  0.10 11.27 310.15   8.78
19890512 180000  6.2 204.0  1.97 14.64 232.70  26.13  5  1.61 15.44 219.40  10.68  1.02 10.07 254.91  21.21  0.43 14.43 299.76  11.35  0.21 17.82 292.13  11.87  0.11 11.31 309.82   9.06
19890512 210000  5.9 195.2  2.16 14.71 234.47  26.53  5  1.71 15.27 219.79  10.50  1.22  9.77 255.73  22.54  0.44 14.37 299.68  11.39  0.23 17.73 292.70  11.29  0.12 11.39 307.97  10.38
19890513 000000  2.7 169.5  2.29 14.60 234.11  26.47  6  1.72 14.84 220.15  10.50  1.24  9.55 258.68  21.92  0.68 18.22 216.71   7.26  0.43 14.31 299.43  11.59  0.26 17.63 292.60  11.43  0.13 11.23 304.95  11.84
19890513 030000  1.4 222.1  2.42 14.48 232.53  25.24  5  1.81 14.57 221.14  10.47  1.21  9.17 261.69  19.39  0.94 17.84 215.41   7.45  0.42 14.21 298.87  12.67  0.28 17.44 292.77  11.62
19890513 060000  2.0 176.9  2.65 14.29 230.35  23.32  5  2.06 14.34 223.09  11.43  1.15 17.02 215.65   8.47  1.11  9.43 264.38  18.67  0.38 13.98 299.79  11.69  0.29 16.98 293.68  11.17
19890513 090000  2.5 196.0  2.89 14.06 229.12  21.51  5  2.38 14.14 225.02  13.11  1.24 16.94 215.92   9.00  0.97  8.85 267.78  17.22  0.35 13.74 299.86  11.80  0.29 16.77 293.79  11.32
19890513 120000  3.8 165.0  3.06 13.97 228.31  20.79  3  3.03 14.11 227.19  18.78  0.32 13.62 300.75  11.47  0.29 16.69 293.77  11.36
19890513 150000  3.8 203.1  3.12 13.90 227.97  20.15  3  3.09 14.03 226.91  18.16  0.31 13.55 301.07  11.44  0.29 16.64 293.50  11.43
19890513 180000  6.7 227.1  3.12 13.81 227.33  19.92  3  3.09 13.91 226.25  17.82  0.31 13.50 300.84  11.66  0.30 16.59 294.42  10.84
19890513 210000  3.5 237.1  3.09 13.80 226.55  19.91  4  3.06 13.93 225.37  17.56  0.31 13.46 300.95  11.46  0.30 16.54 293.82  10.67  0.11 22.01 298.00  10.47
19890514 000000  3.2 200.1  3.05 13.84 225.55  19.70  4  3.02 14.03 224.25  17.02  0.32 16.41 292.85  11.86  0.31 13.42 300.79  11.42  0.12 21.86 298.76  10.55
19890514 030000  4.7 192.9  3.04 13.85 224.54  19.27  4  3.01 14.13 223.21  16.36  0.33 16.10 293.21  11.89  0.30 13.38 300.75  11.43  0.13 21.80 300.25  10.58
19890514 060000  2.4 205.4  3.05 15.19 223.92  18.65  4  3.01 14.85 222.61  15.60  0.33 15.73 293.35  11.97  0.29 13.34 300.70  11.44  0.15 21.74 301.20  10.51
19890514 090000  2.0 254.9  3.05 15.19 223.58  18.11  4  3.01 15.00 222.30  14.99  0.32 15.61 293.96  11.41  0.28 13.25 300.68  11.52  0.17 21.54 300.00  10.54
19890514 120000  3.4 242.3  3.02 15.10 223.40  17.92  4  2.99 14.82 222.12  14.72  0.32 15.57 293.90  11.34  0.26 13.01 300.79  11.51  0.20 20.77 298.55  10.46
19890514 150000  3.6 224.7  2.98 15.03 223.09  17.78  4  2.94 14.61 221.76  14.44  0.32 15.54 293.17  11.94  0.24 12.80 300.98  11.46  0.22 20.48 298.45  10.64
19890514 180000  2.2 198.6  2.91 14.72 222.72  17.73  4  2.87 14.41 221.36  14.22  0.31 15.51 294.07  11.15  0.23 20.40 299.51  10.76  0.22 12.69 301.39  11.26
19890514 210000  2.7 186.8  2.82 14.36 222.41  17.71  4  2.79 14.23 220.98  13.91  0.31 15.46 294.15  11.17  0.24 20.36 301.04  10.72  0.21 12.62 301.68  10.89
19890515 000000  4.2 203.5  2.74 14.22 222.15  17.98  4  2.70 14.13 220.60  13.87  0.31 15.36 294.20  11.32  0.25 20.29 301.05  10.58  0.20 12.58 301.95  10.66
19890515 030000  6.4 165.2  2.66 14.13 221.77  19.06  4  2.62 14.04 220.02  14.69  0.31 15.12 294.40  11.44  0.28 19.99 299.41  10.64  0.20 12.54 301.86  10.76
19890515 060000  6.2 145.1  2.57 14.05 221.15  21.30  5  2.52 13.62 219.10  16.99  0.31 14.74 294.44  11.62  0.31 19.25 298.28  10.74  0.22 19.15 220.93   6.37  0.19 12.51 301.59  10.76
19890515 090000  7.5 132.2  2.47 13.44 219.97  24.67  4  2.42 13.35 217.72  20.72  0.32 19.11 298.48  11.01  0.30 14.62 294.39  11.76  0.19 12.49 301.37  10.73
19890515 120000  6.7 151.8  2.36 13.23 219.13  25.94  6  0.62  3.53 150.78  34.87  2.19 13.24 220.10  13.15  0.38 17.90 221.32   9.58  0.31 19.06 299.58  11.24  0.29 14.56 293.78  12.39  0.18 12.46 301.29  10.76
19890515 150000  7.2 155.2  2.25 13.19 218.63  25.52  6  0.65  3.68 162.49  33.76  2.06 13.20 219.98  12.90  0.43 17.63 219.78   7.36  0.30 19.03 300.93  11.13  0.29 14.54 293.68  12.41  0.17 12.40 301.18  10.86
19890515 180000  8.8 184.0  2.19 13.15 217.85  24.72  4  0.78  3.87 180.64  30.74  2.00 13.15 219.79  12.27  0.32 14.51 295.24  12.47  0.30 18.97 300.82  10.95
19890515 210000 10.3 187.5  2.23 12.87 216.80  24.94  6  1.11  4.54 198.02  30.97  1.78 12.84 219.21  11.22  0.60 16.39 218.43   8.03  0.32 18.66 298.87  10.97  0.32 14.49 294.21  13.27  0.14 20.38 228.63   5.31
19890516 000000  8.0 186.6  2.28 12.70 217.31  26.22  6  1.37  5.36 207.81  32.23  1.66 12.65 218.18   9.49  0.48 16.74 217.71   8.56  0.36 17.95 297.60  11.09  0.31 14.45 294.15  12.77  0.27 20.42 222.69   8.10
19890516 030000  8.2 160.2  2.20 12.65 218.05  27.72  7  1.36  5.93 209.26  34.04  1.52 12.58 218.31   9.08  0.56 16.46 216.87   8.55  0.38 17.84 297.48  11.69  0.34 19.93 221.32   8.45  0.28 14.38 292.04  13.47  0.11 11.76 301.22  10.69
19890516 060000  6.7 150.2  2.08 12.67 219.70  27.57  7  1.31  6.51 213.31  33.08  1.30 12.54 217.71   8.99  0.71 15.55 218.76   8.08  0.43 19.26 222.91   8.29  0.37 17.80 298.56  11.89  0.27 14.23 291.72  13.59  0.11 11.75 300.82  10.51
19890516 090000  5.8 157.3  1.98 17.94 220.67  26.79  7  1.21 12.52 217.98   9.20  1.21  6.90 214.35  32.07  0.73 15.44 220.01   8.89  0.50 19.13 223.39   8.00  0.35 17.78 300.09  11.77  0.27 13.91 291.87  13.45  0.11 11.74 300.57  10.61
19890516 120000  5.7 180.5  1.90 17.90 221.76  25.24  7  1.12  6.99 215.22  29.34  1.08 12.34 218.97  10.15  0.73 15.14 220.90  10.17  0.68 18.65 222.60   8.13  0.33 17.76 301.06  11.39  0.26 13.72 291.62  13.78  0.11 11.72 300.42  10.71
19890516 150000  4.5 177.0  1.87 17.72 223.41  24.04  6  1.28 15.41 221.30  10.58  1.08  6.85 217.45  27.07  0.71 18.10 222.48   8.64  0.33 17.66 300.12  11.46  0.25 13.65 292.81  12.70  0.11 11.71 300.23  10.82
19890516 180000  8.0 219.7  1.95 17.51 226.06  23.16  6  1.13  6.68 220.52  24.84  1.22 14.73 224.89  12.48  0.91 17.77 222.53   7.63  0.36 17.01 298.30  11.46  0.25 13.61 293.04  12.56  0.11 11.65 300.30  10.72
19890516 210000  6.9 206.3  2.16 14.59 228.38  23.31  5  1.30  6.48 221.92  25.01  1.36 14.65 229.48  13.02  0.94 17.36 223.02   8.64  0.41 16.69 297.23  11.58  0.27 13.59 295.07  11.80
19890517 000000  7.3 196.2  2.33 14.24 230.44  23.29  5  1.42  6.61 221.66  24.81  1.50 14.32 234.71  12.99  0.96 16.96 223.13   8.92  0.43 16.64 298.00  11.38  0.27 13.56 295.08  11.67
19890517 030000  6.6 198.0  2.43 13.81 232.06  23.30  6  1.44  6.83 221.00  24.71  1.63 13.86 238.11  13.60  0.98 16.87 223.75   9.49  0.43 16.62 299.03  11.62  0.23 13.52 297.06   9.94  0.08 11.04 298.69  10.59
19890517 060000  5.9 187.9  2.44 13.54 233.94  23.29  6  1.59 13.43 243.44  13.49  1.33  6.85 220.61  25.28  1.21 16.49 224.37   9.60  0.41 16.61 300.09  11.65  0.23 13.48 296.59   9.94  0.08 11.06 300.56   9.95
19890517 090000  4.7 175.9  2.41 13.40 235.95  23.01  6  1.54 12.88 248.58  11.74  1.36 16.42 224.71  10.05  1.17  6.75 220.19  25.67  0.39 16.59 299.62  13.09  0.22 13.43 296.31  10.00  0.07 11.05 304.09   7.71
19890517 120000  9.0 185.1  2.44 16.28 236.07  23.92  5  1.08  6.52 213.36  27.23  1.59 15.89 227.46  10.95  1.46 12.65 254.26  12.16  0.37 16.54 300.78  11.40  0.07 10.97 303.08   7.81
19890517 150000  6.7 185.7  2.52 15.80 236.23  24.16  4  1.05  6.11 210.54  29.01  1.77 15.72 229.29  11.59  1.40 12.34 256.41  12.41  0.38 16.19 298.95  11.78
19890517 180000  8.7 200.7  2.66 15.61 236.24  23.40  4  1.08  5.71 211.51  27.17  1.97 15.59 230.59  11.87  1.36 11.87 257.83  12.74  0.41 15.63 297.66  11.63
19890517 210000  9.1 195.4  2.85 15.48 235.36  23.41  4  1.24  5.54 213.25  27.26  2.23 15.36 232.35  12.65  1.20 11.52 261.02  12.53  0.43 15.55 297.72  11.42
19890518 000000  9.3 183.7  3.04 15.38 234.06  23.97  2  3.00 15.10 232.89  22.46  0.44 15.53 298.49  11.49
19890518 030000  7.5 173.7  3.15 15.36 233.39  23.68  3  1.47  6.58 212.84  29.27  2.76 15.09 237.35  16.74  0.41 15.52 300.85  10.16
19890518 060000  7.2 171.5  3.16 15.40 233.20  22.78  3  1.41  6.89 212.93  28.66  2.81 15.20 236.71  16.51  0.39 15.51 301.62  10.15
19890518 090000  5.8 161.5  3.10 15.41 233.13  21.93  4  2.80 15.33 235.88  16.04  1.28  6.88 212.74  28.45  0.36 15.50 302.51  10.19  0.16 12.62 297.34   9.75
19890518 120000  4.9 175.0  2.99 15.32 233.43  20.79  3  2.75 15.30 235.56  16.37  1.11  6.71 213.55  27.09  0.33 15.44 302.23  10.60
19890518 150000  3.2 195.4  2.86 15.19 233.69  19.79  2  2.84 15.20 232.99  18.54  0.32 15.12 301.47  10.89
19890518 180000  6.3 230.2  2.74 14.78 233.88  19.29  2  2.72 14.81 233.08  17.85  0.33 14.62 299.92  11.18
19890518 210000  5.5 211.3  2.63 14.50 233.64  19.61  2  2.61 14.49 232.70  17.95  0.34 14.53 299.90  10.51
19890519 000000  3.9 175.2  2.52 14.39 233.09  20.12  2  2.50 14.37 231.95  18.15  0.36 14.51 298.44  11.82
19890519 030000  4.3 187.2  2.41 14.29 232.38  20.48  2  2.38 14.25 231.10  18.26  0.37 14.51 298.90  11.77
19890519 060000  5.4 187.8  2.31 14.10 231.08  20.98  3  2.27 13.92 229.61  18.66  0.36 14.51 299.06  12.30  0.22 17.82 242.09   7.71
19890519 090000  4.7 167.2  2.22 13.70 229.50  21.25  3  2.16 13.62 227.88  18.86  0.39 17.81 234.07   7.59  0.35 14.49 300.83  11.72
19890519 120000  6.2 177.8  2.17 13.57 227.72  21.26  3  2.12 13.52 226.23  19.17  0.35 17.85 237.62   6.81  0.31 14.47 301.01  11.82
19890519 150000  4.7 194.1  2.12 13.51 226.36  20.77  4  2.01 13.47 224.42  18.76  0.60 16.79 232.28   7.07  0.29 14.35 300.56  13.08  0.11 11.81 299.58   9.75
19890519 180000  6.1 204.6  2.09 13.53 225.28  20.15  4  2.07 13.48 224.05  17.53  0.28 13.83 300.27  12.78  0.12 11.82 300.91  10.49  0.06 23.45 217.50   7.01
19890519 210000  6.5 213.2  2.07 13.73 224.44  20.08  5  0.52  3.48 215.65  29.51  1.98 13.82 223.60  15.97  0.28 13.63 299.78  12.69  0.12 11.78 299.96  10.60  0.07 23.22 218.26   7.46
19890520 000000  7.4 194.0  2.09 13.95 223.39  21.07  4  2.06 14.37 221.96  18.15  0.30 13.59 298.20  13.94  0.12 11.77 300.17  10.55  0.09 22.28 218.05   7.20
19890520 030000  6.9 199.4  2.09 13.89 223.31  22.10  5  0.87  4.79 216.16  29.85  1.86 14.17 222.84  15.86  0.34 13.58 294.74  16.33  0.11 21.97 218.20   7.18  0.06 17.82 303.84   9.34
19890520 060000  7.2 184.0  2.08 13.73 224.46  23.52  6  0.90  5.20 216.79  31.00  1.74 13.88 219.96  11.45  0.61 13.16 266.44  10.79  0.29 13.57 301.17  10.96  0.13 21.84 218.71   7.19  0.08 17.77 303.44   9.68
19890520 090000  7.6 186.1  2.08 13.57 226.22  25.53  6  0.91  5.23 212.59  31.14  1.64 13.69 219.17  10.77  0.84 11.97 264.60  11.41  0.25 13.57 304.97   8.67  0.16 21.45 218.11   7.45  0.08 17.76 303.42   9.87
19890520 120000  9.1 182.1  2.10 13.43 227.27  27.80  6  1.00  4.91 208.69  31.41  1.56 13.53 219.58  11.34  0.93 11.83 266.16   9.01  0.25 13.55 305.69   8.64  0.18 20.70 218.47   7.38  0.07 17.76 303.64  10.04
19890520 150000  8.6 195.2  2.07 13.28 228.77  28.96  6  1.05  4.90 208.40  30.21  1.45 13.37 219.71  11.55  0.99 11.51 267.25   8.79  0.23 13.52 306.12   8.73  0.21 20.51 219.07   7.25  0.07 17.72 304.32  10.42
19890520 180000  9.3 202.7  2.05 13.14 230.10  29.21  6  1.14  4.96 212.76  28.84  1.35 13.22 219.96  11.94  0.99 11.08 268.26   8.67  0.23 20.36 218.89   7.37  0.23 13.46 304.52  10.46  0.08 17.10 304.33  10.04
19890520 210000  8.9 200.9  2.03 12.86 230.82  29.92  7  1.22  5.20 214.99  28.95  1.24 12.95 219.54  11.37  1.00 10.85 269.20   9.18  0.26 19.90 218.81   7.41  0.16 12.98 300.28   4.99  0.13 13.47 316.62   4.52  0.10 16.65 303.98   9.56
19890521 000000  9.1 187.4  2.01 12.73 230.23  31.36  6  1.28  5.42 213.19  29.65  1.14 12.77 219.93  11.87  0.99 10.47 270.05   9.37  0.30 19.30 218.88   7.59  0.19 12.85 307.84   9.18  0.11 16.61 305.58   8.05
19890521 030000  7.7 197.7  2.00 12.63 230.76  31.64  6  1.30  5.83 212.52  28.76  1.04 10.28 268.63  10.58  1.04 12.73 218.83  10.75  0.33 19.14 219.08   7.54  0.19 12.79 307.30   9.33  0.11 16.60 305.54   8.23
19890521 060000  7.8 194.8  2.01 12.50 231.83  31.43  7  1.31  6.10 212.93  27.69  0.96 12.67 218.30  10.42  0.90 10.13 270.16  10.91  0.63 12.02 262.75   8.73  0.38 18.60 218.06   7.96  0.19 12.74 306.78   9.40  0.10 16.60 305.92   8.27
19890521 090000  5.9 189.2  2.02 12.28 233.45  30.83  6  1.29  6.43 214.74  27.56  1.14 11.71 267.04  10.73  0.92 12.65 218.98  10.82  0.47 17.82 215.47   9.22  0.18 12.72 306.41   9.38  0.09 16.58 306.21   8.68
19890521 120000  7.8 190.0  2.02 11.91 234.63  30.58  6  1.22  6.42 214.10  27.09  1.22 11.29 265.68  11.21  0.87 12.62 216.99   9.49  0.57 17.53 215.11   8.28  0.18 12.69 306.80   9.36  0.09 16.38 306.07   8.57
19890521 150000  8.7 196.0  2.06 11.41 233.50  31.11  5  1.22  6.24 211.54  27.81  1.26 11.10 265.87  12.67  0.85 12.66 217.35   9.16  0.67 16.50 213.59   8.76  0.11 15.62 305.03   8.31
19890521 180000 10.0 214.0  2.14 11.22 232.93  30.50  5  1.27  5.58 213.62  27.52  1.26 10.97 265.92  12.54  0.83 12.76 217.70  10.19  0.80 16.28 213.79   8.50  0.15 15.53 302.82   9.81
19890521 210000  9.3 197.2  2.20 11.11 231.74  30.48  5  1.34  5.52 214.78  28.71  1.23 10.84 265.36  11.24  1.23 15.59 215.58   9.54  0.16 12.65 308.65   9.43  0.16 15.51 303.26   9.78
19890522 000000  7.0 166.7  2.17 15.43 231.21  30.95  5  1.22  5.52 213.14  31.68  1.29 15.42 215.23   9.23  1.21 10.71 264.68  11.72  0.17 12.56 308.48   9.58  0.15 15.49 302.38  10.64
19890522 030000 11.1 189.4  2.28 15.38 225.49  31.69  5  1.39  5.22 205.32  30.31  1.37 15.36 215.31   9.12  1.17 10.43 265.14  11.73  0.15 12.43 310.49   9.12  0.13 15.51 303.57  10.81
19890522 060000  7.0 211.7  2.26 15.27 225.55  30.97  5  1.33  5.40 207.01  31.45  1.42 15.24 215.34   9.07  1.13 10.29 264.98  12.24  0.14 12.45 313.25   7.35  0.12 15.47 302.74  11.53
19890522 090000  8.0 193.5  2.14 15.05 227.59  29.33  5  1.09  5.29 209.40  31.20  1.45 15.04 215.47   8.98  1.12 10.19 264.29  12.96  0.14 12.03 310.28   9.60  0.12 15.29 302.53  11.33
19890522 120000  6.8 177.5  2.03 14.59 227.94  29.02  4  1.47 14.59 215.69   8.98  1.39 10.06 243.42  35.36  0.14 11.94 310.12   9.70  0.13 14.61 302.26  11.28
19890522 150000  7.0 186.4  1.95 14.41 227.81  28.52  4  1.46 14.39 215.98   9.05  1.28  9.74 245.07  35.16  0.15 14.52 303.00  10.38  0.14 11.89 309.98   9.77
19890522 180000 11.3 205.8  2.05 14.20 225.16  27.86  5  1.05  4.26 208.43  29.25  1.46 14.13 216.66   9.41  0.95  9.61 263.32  15.21  0.17 14.50 303.05  10.43  0.14 11.86 309.31   9.97
19890522 210000 12.3 199.8  2.26 13.92 223.17  28.45  4  2.11 13.79 216.75  24.14  0.78  9.52 265.39  10.74  0.16 14.49 303.14  10.48  0.15 11.83 306.09  12.62
19890523 000000  9.7 187.3  2.37 13.68 218.93  29.91  5  1.78  5.90 212.85  33.95  1.44 13.60 217.88  10.12  0.60  9.43 267.00   8.73  0.15 14.48 303.08  10.91  0.15 11.81 306.89  12.35
19890523 030000  9.7 178.8  2.28 13.45 217.68  29.49  5  1.67  6.13 209.63  32.80  1.40 13.41 217.66   9.86  0.62  9.08 267.01   9.47  0.14 11.80 307.83  12.42  0.14 14.47 303.19  11.43
19890523 060000  8.1 170.8  2.13 13.28 217.52  28.94  5  1.51  6.30 208.90  33.10  1.39 13.25 218.17  10.39  0.54  8.95 268.87   8.58  0.14 11.74 308.77  11.65  0.12 14.42 303.18  11.67
19890523 090000  8.1 168.4  2.00 13.16 218.17  28.21  5  1.31  6.30 207.19  33.23  1.39 13.10 218.43  10.69  0.57  8.62 265.31  11.36  0.13 11.68 309.74  11.41  0.12 14.19 303.11  11.47
19890523 120000  6.9 172.0  1.94 13.07 218.28  27.76  5  1.25  6.34 207.78  33.23  1.35 12.98 217.71  10.32  0.58  8.85 261.56  13.18  0.12 13.67 303.10  10.95  0.12 11.53 310.57  11.39
19890523 150000  7.4 175.2  1.91 13.85 218.92  26.73  6  1.19  6.47 206.94  31.22  1.18 14.13 218.33  11.02  0.66 10.16 217.54  10.40  0.62  8.16 259.58  12.92  0.13 13.58 303.35  10.58  0.11 11.27 310.91  11.49
19890523 180000  9.1 196.4  2.00 14.04 218.35  25.36  5  1.51  8.19 218.08  30.92  1.18 14.15 218.02  10.94  0.53  9.95 215.69   9.20  0.14 13.56 303.43  10.50  0.11 11.16 310.71  11.63
19890523 210000 10.1 191.6  2.22 13.92 217.36  24.85  4  1.87  7.40 216.58  27.68  1.18 14.06 217.91  10.94  0.14 13.54 303.84  10.85  0.10 11.11 310.28  11.80
19890524 000000  7.9 194.5  2.31 13.72 217.80  25.26  4  1.98  7.51 217.13  27.84  1.16 13.79 218.43  11.07  0.14 13.53 303.93  11.28  0.09 11.08 312.48   9.76
19890524 030000  5.7 168.3  2.18 13.52 220.24  24.45  4  1.84  7.63 220.56  27.34  1.16 13.53 218.50  11.05  0.13 13.51 303.67  11.99  0.09 11.05 312.91   9.42
19890524 060000  3.9 162.6  2.05 13.41 222.16  22.62  5  1.64  7.74 223.93  25.88  1.16 13.40 218.59  11.12  0.37 17.39 216.14  10.20  0.12 13.48 303.62  12.34  0.09 11.03 313.34   9.27
19890524 090000  4.1 146.9  1.99 13.37 222.42  20.80  5  1.51  7.86 225.60  24.23  1.11 13.37 219.08  11.10  0.66 16.01 213.67   8.79  0.11 13.38 303.85  12.16  0.09 11.01 313.70   9.33
19890524 120000  5.1 156.3  2.03 15.42 221.47  19.48  5  1.43  8.01 225.27  23.71  1.17 13.28 219.01  11.45  0.83 15.74 214.43   8.87  0.10 12.95 304.64  10.80  0.08 10.99 315.28   8.22
19890524 150000  2.5 156.7  2.11 15.08 220.50  18.06  4  1.52 15.09 216.93  10.06  1.45  8.17 224.20  22.29  0.11 12.72 305.88  11.17  0.08 10.92 314.47   9.39
19890524 180000  6.1 221.7  2.18 14.49 219.89  16.45  3  1.65 14.49 216.85   9.97  1.42  8.15 223.74  20.62  0.13 12.67 309.12  10.97
19890524 210000  5.2 208.0  2.22 14.21 219.27  15.70  3  1.74 14.21 216.86   9.47  1.37  8.04 222.83  20.56  0.13 12.65 309.18  10.96
19890525 000000  6.6 191.4  2.24 13.85 218.49  15.33  3  1.25  7.95 220.09  21.69  1.85 13.86 217.53   9.74  0.13 12.64 309.16  11.14
19890525 030000  3.5 183.1  2.25 15.17 218.24  14.80  3  1.92 15.18 217.55   9.70  1.16  8.00 219.52  21.89  0.13 12.63 309.32  11.17
19890525 060000  3.8 171.1  2.24 15.19 218.16  14.05  2  2.24 15.19 217.98  13.29  0.13 12.61 309.61  11.16
19890525 090000  3.0 120.9  2.21 15.12 217.86  13.58  2  2.21 15.12 217.68  12.79  0.12 12.57 309.96  11.20
19890525 120000  2.7 166.4  2.17 14.87 217.55  13.04  2  2.17 14.87 217.37  12.21  0.12 12.50 311.29  10.54
19890525 150000  2.1 168.7  2.14 14.65 217.15  12.65  1  2.14 14.65 217.15  12.65
19890525 180000  4.9 223.4  2.12 14.56 216.80  12.58  1  2.12 14.56 216.80  12.58
19890525 210000  5.3 217.5  2.10 14.49 216.59  12.90  2  2.09 14.49 216.41  12.00  0.12 11.84 311.95  10.67
19890526 000000  3.3 229.6  2.05 14.38 216.48  13.25  2  2.04 14.38 216.29  12.35  0.12 11.81 312.38  10.58
19890526 030000  1.5 171.6  1.97 14.20 216.48  13.32  3  1.96 14.19 216.09  11.96  0.13 15.87 264.69  14.48  0.12 11.79 312.56  10.45
19890526 060000  1.7 199.1  1.89 13.89 216.52  13.30  3  1.88 13.88 216.03  11.66  0.15 15.59 263.35  13.07  0.12 11.79 312.50  10.72
19890526 090000  1.1 130.1  1.81 13.73 216.55  13.39  4  1.78 13.71 216.12  11.43  0.24 19.82 206.07   5.59  0.17 15.35 261.57  12.17  0.12 11.78 312.99  10.15
19890526 120000  1.6 191.9  1.74 13.64 216.57  13.67  3  1.72 13.61 215.76  11.31  0.20 14.77 259.98  11.27  0.12 11.78 313.29   9.91
19890526 150000  2.1 200.9  1.67 13.55 216.68  14.22  4  1.55 13.54 216.02  11.12  0.58 17.88 210.91   7.44  0.26 13.80 261.97   9.21  0.12 11.76 314.11   8.75
19890526 180000  4.9 233.5  1.63 13.46 217.29  15.60  5  1.38 13.47 215.94  11.82  0.80 17.20 213.23   9.21  0.32 13.25 260.12   7.61  0.12 11.68 314.55   8.79  0.07 14.57 301.28  10.39
19890526 210000  3.9 233.4  1.59 16.62 218.24  17.16  4  1.21 13.27 217.01  13.61  0.95 16.66 212.95   8.40  0.38 12.01 263.18  10.87  0.11 11.29 316.09   7.31
19890527 000000  2.6 218.9  1.56 16.47 219.52  18.43  4  1.07 13.24 216.28  13.82  1.02 16.48 214.01   8.43  0.48 12.65 260.66  12.02  0.11 11.11 316.59   7.13
19890527 030000  2.4 257.6  1.57 16.35 221.40  19.64  3  1.46 16.35 215.67  11.48  0.55 12.48 261.96  10.50  0.11 11.07 316.72   7.11
19890527 060000  4.4 242.9  1.63 16.12 223.94  21.29  3  1.48 16.13 216.67  12.93  0.65 11.89 261.92  10.14  0.11 11.11 316.78   7.10
19890527 090000  1.6 216.2  1.70 15.73 225.61  22.03  3  1.51 15.75 216.47  12.35  0.78 11.48 261.21  11.99  0.10 14.48 311.41  11.02
19890527 120000  0.9 225.1  1.77 15.57 226.56  22.35  2  1.56 15.58 216.74  11.85  0.84 11.14 263.11  12.74
19890527 150000  4.0 242.1  1.84 15.44 227.11  22.59  2  1.59 15.45 216.15   8.87  0.93 10.92 262.38  16.65
19890527 180000  5.2 232.8  1.89 15.28 227.22  22.69  2  1.63 15.29 216.21   8.87  0.96 10.71 261.74  17.87
19890527 210000  3.6 223.6  1.93 15.22 227.14  22.83  2  1.66 15.23 215.93   8.54  0.99 10.44 261.58  18.25
19890528 000000  1.0 185.6  1.96 15.15 226.62  22.64  2  1.70 15.15 215.78   8.47  0.98 10.41 262.29  17.60
19890528 030000  3.3 227.5  2.01 15.02 225.76  22.18  2  1.77 15.02 215.88   8.72  0.95 10.31 263.67  16.54
19890528 060000  3.6 198.7  2.09 14.85 224.73  21.69  3  1.86 14.86 215.80   8.82  0.94 10.17 262.28  17.17  0.14 13.53 306.66  13.09
19890528 090000  3.2 190.7  2.17 14.69 223.77  21.10  4  1.97 14.70 215.94   9.21  0.90 10.19 263.62  15.49  0.12 11.09 316.91   7.27  0.10 13.51 301.77  10.96
19890528 120000  5.0 188.6  2.24 14.59 222.90  20.61  2  2.06 14.60 216.13   9.68  0.88 10.07 265.10  19.45
19890528 150000  6.0 211.5  2.31 14.53 222.20  20.33  2  2.13 14.53 216.25  10.05  0.89 10.01 261.78  24.89
19890528 180000  7.2 210.1  2.35 14.48 221.57  20.31  3  2.16 14.48 216.26  10.10  0.92  9.73 254.77  29.63  0.16 12.66 307.56  13.75
19890528 210000  6.4 188.8  2.36 14.42 220.71  20.39  3  2.18 14.42 216.50  10.49  0.90  9.67 250.10  35.52  0.15 12.64 307.21  12.57
19890529 000000  7.9 198.1  2.38 14.36 219.82  20.17  4  0.57  3.32 197.82  29.82  2.20 14.36 216.38  10.46  0.71  9.58 267.64  13.39  0.15 12.64 307.32  12.06
19890529 030000  8.0 193.6  2.47 14.38 218.77  20.21  4  0.71  3.75 200.16  30.38  2.25 14.38 216.14  10.61  0.69  9.51 267.29  13.83  0.15 12.64 308.06  11.89
19890529 060000  9.5 179.6  2.59 14.70 216.50  21.00  3  1.08  9.43 220.03  43.30  2.35 14.70 215.74  10.61  0.15 12.64 309.13  11.64
19890529 090000  7.1 165.1  2.67 16.11 215.67  20.25  2  2.62 16.11 213.98  17.64  0.48  9.51 273.92  14.98
19890529 120000  7.6 177.9  2.72 15.97 215.42  18.63  2  2.68 15.97 214.20  16.54  0.43  9.09 273.13  16.23
19890529 150000  7.5 183.3  2.72 15.67 215.35  17.46  1  2.72 15.67 215.35  17.46
19890529 180000  9.2 201.2  2.72 15.48 215.40  16.79  1  2.72 15.48 215.40  16.79
19890529 210000  9.5 201.6  2.71 15.34 215.70  17.28  2  1.23  5.11 212.16  28.75  2.42 15.34 216.52  12.62
19890530 000000  6.6 194.8  2.64 15.26 216.07  18.02  2  1.28  5.40 215.15  30.19  2.31 15.26 216.31  12.07
19890530 030000  7.6 190.3  2.51 15.24 216.28  17.82  2  1.13  5.53 214.55  30.46  2.24 15.24 216.67  12.77
19890530 060000  9.1 189.1  2.45 15.28 215.56  17.91  2  1.06  5.28 209.85  30.69  2.21 15.28 216.72  13.04
19890530 090000  7.4 180.2  2.44 15.53 215.13  17.97  2  1.02  5.03 207.94  32.10  2.22 15.53 216.45  12.72
19890530 120000  8.1 193.7  2.48 15.60 215.40  16.48  1  2.48 15.60 215.40  16.48
19890530 150000  8.6 195.7  2.63 15.50 215.23  16.03  2  1.02  4.67 210.09  30.59  2.43 15.50 216.02  11.57
19890530 180000  9.1 202.4  2.77 15.40 215.63  15.88  2  1.09  4.77 211.55  30.15  2.54 15.40 216.29  11.35
19890530 210000  7.8 201.5  2.80 15.32 216.34  15.53  1  2.80 15.32 216.34  15.53
19890531 000000  8.5 195.8  2.80 15.31 216.52  15.42  1  2.80 15.31 216.52  15.42
19890531 030000  7.3 200.9  2.77 15.38 216.61  15.42  1  2.77 15.38 216.61  15.42
19890531 060000  7.7 194.3  2.72 15.41 216.59  15.26  1  2.72 15.41 216.59  15.26
19890531 090000  6.3 181.8  2.65 15.34 216.50  15.30  2  0.73  4.40 207.37  32.50  2.55 15.34 217.16  12.63
19890531 120000  6.8 195.5  2.57 15.24 216.59  14.97  1  2.57 15.24 216.59  14.97
19890531 150000  6.3 197.3  2.51 15.13 216.77  14.93  1  2.51 15.13 216.77  14.93
19890531 180000  8.6 216.7  2.50 14.96 217.32  15.22  1  2.50 14.96 217.32  15.22
19890531 210000  8.2 212.7  2.52 14.73 218.11  16.47  1  2.52 14.73 218.11  16.47
19890601 000000  8.1 199.8  2.52 14.58 217.95  17.28  1  2.52 14.58 217.95  17.28
