Date     Time   Uabs UDir  hs    tp    th     sp     np hs(i) tp(i) th(i)  sp(i)
19790901 000000 10.4 194.0  3.62 13.79 220.74  23.88  5  1.93  6.24 211.64  30.55  2.45 13.92 218.54  11.76  1.37 17.05 213.84  11.44  1.14 11.64 265.03   9.10  0.47 15.55 236.23   3.28
19790901 030000 10.6 187.4  3.67 15.06 219.68  22.68  4  1.77  6.42 211.51  31.57  2.47 14.19 219.20  12.18  1.78 16.89 213.65  11.13  1.03 11.54 266.13   9.20
19790901 060000 11.0 186.8  3.70 15.37 218.44  22.15  3  1.70  6.19 207.70  32.14  3.15 15.38 217.12  11.94  0.96 11.43 266.17   9.68
19790901 090000  9.3 182.2  3.64 15.34 218.66  21.52  2  3.53 15.34 215.76  18.42  0.90 11.26 266.94   8.91
19790901 120000 10.7 184.7  3.53 15.12 218.78  21.26  3  1.47  6.08 204.53  30.93  3.10 15.12 218.39  12.94  0.83 11.13 267.64   8.71
19790901 150000 10.0 188.8  3.43 14.90 218.96  21.02  2  3.34 14.91 216.33  18.03  0.81 11.05 268.28   8.53
19790901 180000 10.6 197.9  3.33 15.09 219.27  20.82  4  1.48  5.66 207.31  30.25  2.87 15.05 218.65  11.40  0.78 10.97 267.44   8.90  0.17 15.72 273.09  11.56
19790901 210000 11.2 199.8  3.24 15.23 219.75  20.72  3  1.60  5.69 213.42  29.93  2.73 15.23 218.88  11.77  0.69 10.86 268.02   8.43
19790902 000000 10.8 187.8  3.10 15.20 219.45  21.59  4  1.58  5.74 211.79  31.17  2.57 15.20 218.67  10.84  0.66 10.81 268.02   8.38  0.26 15.17 267.30  11.10
19790902 030000 11.6 177.0  3.03 15.09 217.16  24.02  4  1.72  5.74 205.60  32.90  2.40 15.11 218.75  10.51  0.60 10.76 269.06   7.85  0.28 14.67 266.59  10.50
19790902 060000 11.6 170.7  2.92 14.58 215.17  26.38  4  1.72  5.93 199.18  34.73  2.27 14.61 219.07  10.55  0.56 10.66 268.98   7.78  0.31 14.39 266.29  10.18
19790902 090000 11.2 162.2  2.79 14.37 213.37  28.28  4  1.72  6.01 194.95  35.74  2.11 14.40 219.31  10.30  0.50 10.38 269.66   7.36  0.33 13.89 265.26   9.76
19790902 120000 11.6 172.7  2.71 14.26 211.43  28.98  4  1.71  5.96 190.54  34.47  2.03 14.31 219.92  10.75  0.45 10.33 269.74   7.50  0.31 13.59 266.74   9.19
19790902 150000 11.8 174.6  2.70 14.13 210.72  28.35  4  1.82  6.12 193.97  32.53  1.91 14.20 219.60   9.87  0.41 10.28 269.73   7.29  0.36 13.32 265.36   9.46
19790902 180000 12.3 188.7  2.76 13.71 211.91  25.91  4  1.93  6.30 199.19  29.51  1.91 13.84 219.61   9.80  0.40 10.13 268.75   7.88  0.35 12.88 265.74   9.23
19790902 210000 13.8 190.9  2.96 13.55 213.05  24.27  3  2.92 13.64 211.70  22.96  0.34 10.08 269.13   7.49  0.34 12.64 267.13   9.01
19790903 000000 12.7 179.9  3.18 13.57 212.58  25.35  4  2.34  6.80 204.77  30.29  2.10 13.65 218.85   9.89  0.36 12.46 266.05   9.19  0.27 10.06 269.53   8.05
19790903 030000 12.9 171.9  3.25 13.87 211.39  26.00  4  2.30  6.95 200.82  31.54  2.26 13.91 218.94  10.06  0.34 12.18 265.92   9.45  0.29  9.67 270.53   6.35
19790903 060000 12.8 176.6  3.26 14.28 211.06  25.42  4  2.25  7.11 199.33  30.98  2.33 14.29 219.12  10.20  0.31 11.85 267.66   9.40  0.25  9.64 270.18   6.33
19790903 090000 12.2 166.1  3.21 14.36 210.64  25.88  3  2.17  7.14 197.19  31.93  2.34 14.37 219.29  10.11  0.37 11.79 268.07   8.84
19790903 120000 10.1 167.3  3.10 14.40 211.21  25.08  3  1.93  7.01 194.30  31.89  2.41 14.41 219.38  10.39  0.36 11.72 267.92   9.24
19790903 150000 11.7 173.9  3.19 14.50 210.63  23.90  4  1.86  6.61 191.83  31.11  2.37 14.50 219.44  10.58  1.01 18.36 211.51   7.67  0.33 11.46 268.47   9.47
19790903 180000 11.3 187.5  3.45 17.26 211.77  20.52  3  1.86  6.52 196.98  29.41  2.89 17.26 216.72  10.57  0.27 11.08 269.74   9.58
19790903 210000 11.5 194.5  3.72 16.81 213.33  17.87  2  1.90  6.49 204.28  28.13  3.20 16.81 216.16  10.97
19790904 000000 12.8 185.4  3.92 16.64 213.46  17.79  3  1.98  6.44 205.69  29.01  3.37 16.64 215.69  10.16  0.18 10.87 272.92  10.53
19790904 030000 10.0 167.8  3.91 16.63 213.44  18.55  1  3.91 16.63 213.44  18.55
19790904 060000  7.5 150.6  3.70 16.64 214.39  17.40  2  3.32 16.64 215.64  10.14  1.63  7.05 208.23  33.09
19790904 090000  6.4 152.8  3.47 16.55 215.03  15.85  1  3.47 16.55 215.03  15.85
19790904 120000  3.2 158.5  3.25 16.43 215.32  14.70  1  3.25 16.43 215.32  14.70
19790904 150000  3.9 160.1  3.03 16.31 215.57  13.38  1  3.03 16.31 215.57  13.38
19790904 180000  5.2 205.9  2.84 16.09 215.57  12.52  1  2.84 16.09 215.57  12.52
19790904 210000  5.9 198.3  2.68 15.68 215.25  12.41  1  2.68 15.68 215.25  12.41
19790905 000000  4.1 173.6  2.54 15.49 214.75  12.66  1  2.54 15.49 214.75  12.66
19790905 030000  2.8 135.3  2.40 15.38 214.35  12.47  1  2.40 15.38 214.35  12.47
19790905 060000  0.4 224.3  2.27 15.29 213.94  12.05  1  2.27 15.29 213.94  12.05
19790905 090000  0.8 323.4  2.17 15.15 213.55  11.74  1  2.17 15.15 213.55  11.74
19790905 120000  2.2 314.5  2.08 14.90 213.28  11.62  1  2.08 14.90 213.28  11.62
19790905 150000  3.0 317.9  1.99 14.77 213.15  11.66  1  1.99 14.77 213.15  11.66
19790905 180000  3.8 285.1  1.91 14.75 213.71  14.28  1  1.91 14.75 213.71  14.28
19790905 210000  1.7 314.2  1.84 14.76 213.79  13.89  2  1.83 14.77 213.36  12.80  0.17 12.55 273.53  18.36
19790906 000000  3.9   1.9  1.77 14.66 214.30  17.54  2  1.76 14.67 213.59  16.32  0.21 12.13 270.49  16.33
19790906 030000  3.8 313.6  1.71 14.51 215.12  18.58  2  1.69 14.51 214.03  16.88  0.26 11.69 269.97  14.60
19790906 060000  1.9 312.7  1.66 14.41 216.28  19.12  2  1.63 14.41 214.49  16.48  0.32 11.20 269.65  12.92
19790906 090000  3.4 320.5  1.64 14.31 217.93  20.46  2  1.59 14.31 215.09  16.62  0.39 10.88 270.03  11.51
19790906 120000  8.5 349.2  1.68 14.11 222.73  31.27  2  1.61 14.12 218.55  29.16  0.47 10.46 270.83  11.37
19790906 150000  6.2 346.9  1.73 13.76 229.50  40.91  3  0.66  3.83 340.83  30.91  1.50 13.76 215.29  10.59  0.54 10.14 271.32  10.32
19790906 180000  5.3 325.9  1.74 13.59 235.17  42.72  3  0.74  4.53 333.57  28.00  1.46 13.60 216.13  10.90  0.60  9.75 271.69  11.02
19790906 210000  5.2 327.1  1.77 13.48 241.56  45.16  3  0.83  5.17 331.17  26.09  1.42 13.48 217.00  11.13  0.64  9.50 271.82  11.52
19790907 000000  7.8 345.1  1.80 13.33 249.50  48.85  4  0.95  5.48 334.18  25.79  1.38 13.33 218.30  11.81  0.63  9.19 274.66  10.08  0.20 10.97 252.96   4.03
19790907 030000  4.5 327.0  1.76 12.97 251.43  49.09  4  1.33 12.98 218.99  11.67  0.93  5.57 336.42  26.22  0.60  8.94 276.61  10.54  0.35 10.84 257.50   7.58
19790907 060000  3.8 343.0  1.69 12.75 249.80  47.63  5  1.29 12.76 219.89  11.70  0.84  5.58 338.14  26.15  0.59  8.86 275.34   9.21  0.37 10.56 256.75   8.06  0.12 11.37 304.99  12.23
19790907 090000  3.5   4.3  1.61 12.63 248.02  45.88  4  1.25 12.63 221.13  12.11  0.75  5.55 340.41  26.01  0.56  8.75 275.23   9.56  0.40 10.37 263.68  15.34
19790907 120000  6.5  32.1  1.56 12.50 247.97  45.99  4  0.71  5.52 345.86  27.83  1.20 12.51 221.94  12.11  0.54  8.42 274.93  10.69  0.45 10.07 265.34  14.23
19790907 150000  3.9  39.3  1.52 12.29 249.68  46.73  4  1.16 12.30 222.92  12.59  0.70  5.50 348.28  28.92  0.51 10.16 266.06  13.39  0.46  7.95 276.61  10.30
19790907 180000  3.2 338.5  1.45 11.98 249.65  44.60  3  1.10 12.01 223.29  12.28  0.69 10.10 270.77  13.35  0.64  5.45 344.44  27.50
19790907 210000  3.0 325.3  1.38 11.85 249.47  43.18  3  1.05 11.87 223.75  12.30  0.66 10.01 271.35  13.77  0.59  5.35 342.34  26.08
19790908 000000  2.1   1.2  1.31 11.77 248.85  42.04  3  1.01 11.78 223.90  12.06  0.64  9.71 272.14  13.60  0.54  5.24 341.34  24.59
19790908 030000  0.4 171.2  1.25 11.68 249.35  41.85  3  0.96 11.69 224.04  12.08  0.60  9.53 272.82  14.12  0.52  5.23 339.10  22.77
19790908 060000  1.7 191.6  1.21 11.53 251.81  42.84  3  0.92 11.54 224.18  12.14  0.56  9.43 273.28  14.24  0.54  5.87 335.38  20.74
19790908 090000  1.1 163.7  1.18 11.29 254.65  43.93  4  0.89 11.30 224.62  12.54  0.57  5.89 333.49  19.12  0.52  9.17 272.75  12.03  0.11 11.29 313.89  10.17
19790908 120000  2.8 184.2  1.15 11.14 255.86  44.26  6  0.84 11.14 225.03  12.80  0.56  5.82 332.87  18.69  0.50  8.92 273.19  12.33  0.20 14.78 221.59   7.90  0.08 10.45 318.42   6.81  0.07 12.01 309.91   9.17
19790908 150000  4.9 184.1  1.13 11.04 251.07  44.55  7  0.78 11.04 224.95  13.24  0.55  5.68 328.69  39.14  0.50  8.79 268.74  26.65  0.32 14.11 225.62  10.15  0.09 10.36 317.83   7.35  0.07 11.93 308.04  10.00  0.07 19.09 239.83  12.93
19790908 180000  6.4 226.1  1.13 10.95 245.95  41.87  7  0.35  2.61 209.65  31.63  0.76 10.96 225.98  13.39  0.46  5.55 334.18  17.29  0.45  8.52 274.04  12.78  0.37 13.81 223.28   8.69  0.13 18.18 236.57   9.92  0.11 11.70 311.99  12.26
19790908 210000  7.7 223.3  1.21 10.85 240.52  37.38  7  0.58  3.27 225.63  31.82  0.70 10.86 226.29  13.87  0.47 13.50 224.88   9.84  0.43  8.33 274.62  13.11  0.38  5.45 336.03  15.04  0.24 17.00 233.07   9.92  0.12 11.69 311.40  13.07
19790909 000000  4.1 180.0  1.20 12.88 237.20  35.40  7  0.55  3.56 219.37  34.97  0.63 10.67 224.92  13.74  0.59 12.92 228.00  11.01  0.42  8.03 273.51  13.86  0.33  5.31 335.26  15.37  0.32 16.70 232.41  10.03  0.12 11.69 311.58  12.75
19790909 030000  4.4 168.8  1.18 12.71 236.28  32.84  7  0.43  3.53 212.15  37.39  0.65 12.73 227.15  10.12  0.57 10.37 225.74  14.41  0.44 15.81 234.35   9.97  0.41  7.93 273.91  14.86  0.29  5.23 335.96  14.01  0.12 11.65 311.53  13.15
19790909 060000  3.8 181.2  1.20 12.57 236.06  29.39  7  0.35  3.40 208.06  37.63  0.71 12.59 230.49  11.18  0.56 15.45 233.72   9.32  0.52 10.20 223.25  13.43  0.38  7.73 274.44  14.98  0.25  5.16 334.64  14.52  0.12 11.59 311.46  13.24
19790909 090000  4.2 166.2  1.23 14.56 236.05  26.29  4  1.10 14.56 231.11  12.18  0.44  7.62 255.13  36.15  0.28  5.07 311.43  56.74  0.12 11.51 311.22  12.65
19790909 120000  2.5 162.7  1.24 14.26 236.79  23.47  4  1.15 14.26 232.71  11.76  0.40  7.30 257.56  34.86  0.23  4.98 317.44  52.18  0.12 11.25 312.06  11.70
19790909 150000  1.4 232.9  1.26 13.78 237.69  20.87  5  1.13 13.78 234.44  11.71  0.38  7.22 260.62  32.06  0.34 18.54 230.04   8.43  0.17  4.98 333.15  27.81  0.11 11.20 312.03  11.72
19790909 180000  4.1 233.2  1.29 13.37 238.12  19.18  5  1.11 13.37 235.87  11.73  0.50 17.99 230.80   7.89  0.40  6.96 258.92  31.36  0.14  4.97 331.96  16.64  0.11 11.19 311.99  12.00
19790909 210000  5.6 212.4  1.34 17.59 237.44  18.55  4  0.46  6.88 250.54  38.74  1.08 13.15 237.12  12.07  0.62 17.59 231.28   8.03  0.10 11.10 313.82   9.79
19790910 000000  5.3 182.7  1.38 16.91 236.59  18.69  3  0.48  6.45 242.20  42.32  1.01 12.54 239.28  13.14  0.81 16.92 231.02   8.15
19790910 030000  3.8 171.5  1.41 16.52 236.32  17.90  3  0.97 16.52 230.86   8.19  0.93 12.33 241.40  13.64  0.44  6.56 242.30  43.47
19790910 060000  5.3 205.6  1.44 15.89 235.80  16.90  3  0.41  6.23 240.51  41.91  1.06 15.89 230.96   8.44  0.88 12.01 242.31  14.43
19790910 090000  6.0 192.4  1.50 15.51 234.30  17.59  2  1.18 15.51 230.76   8.47  0.92 11.61 240.73  25.38
19790910 120000  4.2 180.7  1.59 15.16 234.05  16.70  2  1.35 15.16 231.36   8.96  0.83 11.43 241.94  26.96
19790910 150000  4.5 195.2  1.80 14.57 234.35  14.62  1  1.80 14.57 234.35  14.62
19790910 180000  6.2 207.6  2.08 14.28 234.60  14.10  1  2.08 14.28 234.60  14.10
19790910 210000  8.7 203.4  2.30 13.74 234.39  16.03  3  0.64  3.33 215.93  33.11  2.18 13.74 235.98  12.60  0.33 19.38 223.63   8.57
19790911 000000  6.5 200.9  2.39 13.43 234.00  17.75  3  0.75  3.97 213.77  34.37  2.20 13.43 236.56  13.38  0.53 18.75 223.20   7.53
19790911 030000  7.4 192.5  2.41 13.29 233.14  18.54  2  2.24 13.29 234.56  19.29  0.88 17.52 224.37   8.52
19790911 060000  5.8 185.6  2.48 13.12 231.60  18.77  2  2.17 13.12 233.88  20.41  1.21 17.16 224.66   9.13
19790911 090000  6.0 183.9  2.65 17.42 230.20  17.44  2  2.04 12.83 234.03  20.57  1.70 17.42 224.97   9.24
19790911 120000  2.3 205.9  2.95 17.37 228.44  15.79  1  2.95 17.37 228.44  15.79
19790911 150000  5.6 210.5  3.36 17.00 226.71  14.46  1  3.36 17.00 226.71  14.46
19790911 180000  8.8 210.4  3.76 16.60 225.02  14.43  1  3.76 16.60 225.02  14.43
19790911 210000 10.8 210.6  4.05 16.41 223.75  15.20  1  4.05 16.41 223.75  15.20
19790912 000000  8.6 214.2  4.15 16.28 222.97  16.31  1  4.15 16.28 222.97  16.31
19790912 030000  8.8 188.3  4.05 16.17 222.31  16.77  1  4.05 16.17 222.31  16.77
19790912 060000  6.5 189.3  3.84 15.88 221.99  16.46  1  3.84 15.88 221.99  16.46
19790912 090000  5.9 206.2  3.59 15.59 222.02  15.72  1  3.59 15.59 222.02  15.72
19790912 120000  7.3 208.9  3.36 15.40 221.97  15.31  1  3.36 15.40 221.97  15.31
19790912 150000  5.5 201.9  3.14 15.24 221.95  15.26  1  3.14 15.24 221.95  15.26
19790912 180000  8.5 218.9  2.96 15.04 221.95  15.48  1  2.96 15.04 221.95  15.48
19790912 210000  8.6 214.3  2.83 14.59 221.96  16.39  1  2.83 14.59 221.96  16.39
19790913 000000  7.1 204.0  2.67 14.39 221.62  16.98  1  2.67 14.39 221.62  16.98
19790913 030000  8.2 185.1  2.51 14.25 220.69  17.86  1  2.51 14.25 220.69  17.86
19790913 060000  7.1 166.7  2.34 14.08 220.01  18.65  1  2.34 14.08 220.01  18.65
19790913 090000  6.0 155.8  2.18 13.59 220.12  18.49  1  2.18 13.59 220.12  18.49
19790913 120000  5.5 145.9  2.06 13.38 220.42  17.97  1  2.06 13.38 220.42  17.97
19790913 150000  2.4 202.6  1.96 13.24 221.12  16.61  1  1.96 13.24 221.12  16.61
19790913 180000  6.5 230.8  1.92 12.92 222.26  15.33  1  1.92 12.92 222.26  15.33
19790913 210000  7.7 222.7  1.92 12.61 222.92  15.92  2  0.65  3.58 224.28  30.00  1.81 12.61 222.76  12.99
19790914 000000  6.1 197.4  1.91 12.48 223.08  16.59  1  1.91 12.48 223.08  16.59
19790914 030000  5.3 204.9  1.85 12.39 223.44  16.33  2  1.84 12.39 223.47  16.35  0.11 19.23 213.96   7.98
19790914 060000  5.2 190.9  1.80 12.19 224.02  15.69  2  1.78 12.19 224.18  15.75  0.24 18.24 215.21   7.56
19790914 090000  2.5 202.0  1.79 11.92 224.37  14.91  2  1.73 11.92 225.05  15.11  0.47 17.46 215.36   7.50
19790914 120000  2.5 325.9  1.85 11.84 224.04  14.14  3  1.64 11.84 226.33  14.30  0.85 16.55 215.42   7.29  0.07 13.57 312.23   9.12
19790914 150000  5.2 283.2  2.00 15.92 223.99  15.71  2  1.47 11.89 227.94  18.00  1.36 15.92 219.53  10.94
19790914 180000  8.1 223.2  2.29 15.16 224.35  16.34  2  1.52 11.57 231.44  19.38  1.72 15.16 219.00  10.78
19790914 210000  8.1 192.4  2.74 14.45 224.40  18.40  1  2.74 14.45 224.40  18.40
19790915 000000  5.6 182.7  3.04 13.81 225.19  19.58  1  3.04 13.81 225.19  19.58
19790915 030000  8.8 185.6  3.19 13.41 225.63  19.94  1  3.19 13.41 225.63  19.94
19790915 060000 10.6 173.5  3.28 13.02 223.79  21.85  1  3.28 13.02 223.79  21.85
19790915 090000 11.4 172.0  3.31 12.89 221.49  23.46  1  3.31 12.89 221.49  23.46
19790915 120000 11.9 165.5  3.30 13.02 219.13  24.54  1  3.30 13.02 219.13  24.54
19790915 150000 13.8 182.0  3.36 13.19 216.20  24.99  1  3.36 13.19 216.20  24.99
19790915 180000 14.4 185.3  3.54 13.17 214.35  25.15  1  3.54 13.17 214.35  25.15
19790915 210000 14.8 189.2  3.61 12.97 213.72  25.22  1  3.61 12.97 213.72  25.22
19790916 000000 15.2 178.1  3.66 12.73 210.79  27.33  1  3.66 12.73 210.79  27.33
19790916 030000 14.9 172.3  3.58 12.59 207.07  29.18  1  3.58 12.59 207.07  29.18
19790916 060000 14.6 173.5  3.45 12.48 204.94  29.14  1  3.45 12.48 204.94  29.14
19790916 090000 13.9 169.8  3.33 12.35 204.10  28.98  2  2.74  7.85 196.64  31.94  1.90 12.35 217.71  13.68
19790916 120000 11.1 177.0  3.04 12.12 206.62  27.76  2  2.58  8.09 202.21  30.79  1.60 12.12 216.72  13.01
19790916 150000 11.8 177.7  2.89 11.85 208.54  26.26  2  2.46  9.36 204.69  28.91  1.52 11.85 217.59  14.01
19790916 180000 12.3 190.8  2.99 11.57 210.53  24.33  1  2.98 11.57 210.53  24.33
19790916 210000 13.2 196.4  3.03 11.04 213.13  23.10  1  3.03 11.04 213.13  23.10
19790917 000000 12.8 181.5  3.06 10.85 212.05  24.56  1  3.06 10.85 212.05  24.56
19790917 030000 10.8 178.6  2.75  9.14 212.68  25.39  3  2.53  9.14 211.49  26.72  1.07 11.22 218.85  14.57  0.08 17.99 224.56   8.60
19790917 060000  9.3 176.3  2.41 10.72 213.45  25.62  4  2.25  8.93 212.87  27.05  0.63 11.52 225.49   7.84  0.60 11.04 207.26   7.96  0.11 17.85 225.24   8.40
19790917 090000  7.8 173.3  2.11 10.39 215.24  24.99  3  1.85  8.69 213.38  27.08  1.01 10.59 220.83  14.94  0.12 17.79 226.80   9.20
19790917 120000  6.5 172.3  1.87 10.25 217.04  24.26  4  1.66  8.70 216.26  26.52  0.76 10.86 223.16  10.56  0.38 10.25 205.04   7.92  0.14 17.67 228.07  10.73
19790917 150000  6.0 176.4  1.71 10.14 218.92  22.96  5  1.51  8.60 218.35  25.00  0.70 10.63 222.11  11.68  0.29 10.07 209.86   5.00  0.18 16.91 226.07   9.26  0.05 21.78 236.22   7.04
19790917 180000  7.1 213.5  1.61  8.48 220.65  21.42  6  1.45  8.48 218.76  22.77  0.54 10.40 229.56  10.98  0.38 12.75 224.73   8.50  0.20 16.74 226.73   9.41  0.08 21.37 237.17   7.69  0.05 15.37 302.68  17.33
19790917 210000  9.2 209.6  1.65  9.60 221.34  21.40  4  1.58  9.60 220.74  21.98  0.41 12.69 225.82   8.40  0.22 16.64 227.29   9.95  0.12 20.50 236.40   7.77
19790918 000000  6.3 199.5  1.65  9.53 220.69  23.19  5  1.54  9.53 219.43  24.30  0.53 12.34 226.74   8.73  0.20 16.59 228.56  10.19  0.19 20.02 236.31   7.99  0.06 15.28 303.15  16.86
19790918 030000  6.2 170.3  1.58 11.93 221.22  23.70  5  1.42  7.52 218.81  25.32  0.60 11.93 229.36   9.98  0.27 16.15 227.75  10.36  0.24 19.38 236.97   7.50  0.06 15.24 303.57  16.39
19790918 060000  6.0 166.4  1.51 11.75 222.30  23.38  5  1.27  7.20 218.89  26.02  0.69 11.75 228.27  11.31  0.33 18.93 236.35   8.39  0.27 15.82 228.37  10.21  0.06 15.12 303.35  16.38
19790918 090000  4.6 140.3  1.46 18.47 223.79  22.88  4  1.20  7.12 219.29  25.88  0.66 11.48 230.38  10.07  0.52 18.47 234.19   9.44  0.06 14.72 303.51  16.33
19790918 120000  4.6 168.2  1.45 17.76 226.12  20.87  3  1.08  7.10 220.59  25.01  0.68 17.76 234.32  10.18  0.67 11.18 230.95  10.99
19790918 150000  5.1 199.5  1.51 17.34 227.91  18.62  3  1.01  7.16 221.26  23.82  0.90 17.34 233.31   9.35  0.66 11.03 232.24  12.28
19790918 180000  6.1 219.6  1.65 16.53 229.12  16.94  3  1.00  7.25 222.05  23.09  1.14 16.53 232.96   9.21  0.64 10.81 233.10  12.29
19790918 210000  7.9 212.4  1.84 16.27 229.58  16.54  3  1.08  7.25 222.16  23.08  1.35 16.27 233.03   9.19  0.61 10.48 234.37  12.03
19790919 000000  5.9 194.4  2.03 15.72 229.03  17.93  3  1.19  6.96 219.78  25.28  1.54 15.72 233.19   9.20  0.57 10.43 235.58  12.62
19790919 030000  6.7 186.9  2.15 15.40 229.52  17.86  2  1.18  6.48 218.75  26.29  1.79 15.40 233.76   9.70
19790919 060000  6.9 195.0  2.26 15.22 230.22  17.27  2  1.18  6.33 218.68  26.17  1.93 15.22 234.11   9.72
19790919 090000  6.8 176.8  2.37 14.66 230.73  17.43  2  1.18  6.27 217.21  26.95  2.06 14.66 234.71   9.84
19790919 120000  7.3 178.8  2.45 14.34 231.42  17.45  3  1.14  6.23 216.09  27.71  2.16 14.34 235.24  10.16  0.08 23.16 223.46   6.94
19790919 150000  5.1 202.6  2.45 14.12 233.03  16.14  3  0.99  6.14 216.60  27.54  2.24 14.12 235.91  10.49  0.16 22.03 223.89   7.39
19790919 180000  8.2 214.7  2.48 13.68 233.88  15.48  2  2.47 13.68 234.01  15.52  0.29 21.67 223.89   7.33
19790919 210000  8.9 200.6  2.55 13.41 233.23  17.11  3  1.06  4.77 215.52  27.30  2.27 13.41 237.07  11.19  0.46 20.56 223.93   7.51
19790920 000000  6.2 200.6  2.56 13.15 233.28  17.54  3  1.00  4.92 214.67  29.44  2.25 13.15 237.41  11.65  0.70 20.23 224.10   7.56
19790920 030000  7.3 190.0  2.56 12.82 233.10  17.28  2  2.37 12.82 234.72  17.95  0.97 19.20 223.90   7.76
19790920 060000  9.7 183.3  2.68 18.83 230.38  19.46  2  2.34 12.64 232.59  21.38  1.29 18.83 223.56   7.82
19790920 090000 10.1 185.6  2.84 17.89 227.69  20.77  2  2.31 12.52 230.13  24.61  1.65 17.89 223.34   7.90
19790920 120000  7.5 184.7  2.92 17.50 226.85  20.03  2  2.23 12.48 229.69  24.95  1.88 17.50 223.17   8.00
19790920 150000  9.7 194.4  2.96 16.76 226.05  19.08  2  2.14 12.50 229.33  24.81  2.05 16.76 222.75   8.18
19790920 180000 11.6 202.5  3.12 16.47 224.98  18.73  2  1.39  5.14 210.83  28.78  2.79 16.47 228.12  13.39
19790920 210000 13.2 202.0  3.45 16.28 223.56  20.17  2  2.01  6.10 218.23  29.36  2.80 16.28 226.00  12.41
19790921 000000  8.9 191.3  3.48 16.01 222.94  19.82  2  1.96  6.55 218.66  30.38  2.88 16.01 224.68  11.66
19790921 030000  9.7 196.5  3.45 15.68 222.68  18.45  2  1.72  6.54 216.83  30.29  2.99 15.68 224.39  11.66
19790921 060000  9.8 186.1  3.47 15.53 222.14  18.06  1  3.47 15.53 222.14  18.06
19790921 090000  9.0 191.0  3.49 15.45 222.17  17.24  1  3.49 15.45 222.17  17.24
19790921 120000  8.7 170.8  3.55 15.52 221.80  16.94  2  1.38  6.30 209.66  31.70  3.28 15.52 223.64  11.60
19790921 150000  8.3 201.9  3.67 15.78 221.69  15.46  1  3.67 15.78 221.69  15.46
19790921 180000 10.1 199.1  3.89 16.06 221.14  14.85  1  3.89 16.06 221.14  14.85
19790921 210000 10.4 204.9  4.09 16.19 220.73  15.09  2  1.49  5.68 213.44  27.70  3.81 16.19 221.74  11.69
19790922 000000  5.3 192.0  4.09 16.15 220.89  15.08  2  1.38  6.05 214.61  29.49  3.85 16.15 221.61  11.80
19790922 030000  5.4 187.3  3.93 15.99 221.17  14.31  1  3.93 15.99 221.17  14.31
19790922 060000  5.7 189.4  3.72 15.82 221.21  13.76  1  3.72 15.82 221.21  13.76
19790922 090000  6.1 185.4  3.52 15.68 220.98  13.75  1  3.52 15.68 220.98  13.75
19790922 120000  3.8 175.3  3.32 15.58 220.86  13.74  1  3.32 15.58 220.86  13.74
19790922 150000  1.9 185.9  3.13 15.51 220.79  13.62  1  3.13 15.51 220.79  13.62
19790922 180000  7.2 232.1  2.98 15.39 220.88  13.88  2  2.97 15.39 220.70  13.19  0.17 14.47 306.46  11.40
19790922 210000  7.4 220.9  2.86 15.22 221.15  14.87  2  2.85 15.23 220.95  14.18  0.17 14.47 306.82  11.46
19790923 000000  4.2 200.1  2.66 14.91 221.38  15.24  2  2.65 14.92 221.18  14.52  0.16 16.64 307.93  11.34
19790923 030000  1.5 189.8  2.47 14.58 221.85  15.20  2  2.46 14.58 221.65  14.49  0.15 16.55 308.53  10.58
19790923 060000  2.3 195.1  2.35 14.40 222.51  15.25  2  2.35 14.40 222.26  14.35  0.16 16.18 309.66   9.75
19790923 090000  0.6 329.8  2.28 14.21 223.63  15.56  2  2.28 14.20 223.31  14.51  0.17 15.67 308.31  10.60
19790923 120000  1.4 236.7  2.24 13.77 225.10  16.14  3  2.23 13.77 224.71  14.95  0.15 15.61 307.61   8.84  0.10 13.48 310.78  10.25
19790923 150000  1.9 277.9  2.23 13.55 226.38  16.79  3  2.22 13.55 225.93  15.53  0.15 15.59 307.84   8.80  0.13 13.53 305.95  11.80
19790923 180000  3.0 243.3  2.24 13.41 227.27  17.46  3  2.23 13.40 226.80  16.24  0.14 15.58 308.35   8.92  0.14 13.55 303.99  11.66
19790923 210000  1.8 252.7  2.24 13.17 228.29  18.22  3  2.23 13.15 227.79  17.03  0.16 13.64 303.81  11.37  0.13 15.58 308.43   9.12
19790924 000000  0.8 273.3  2.19 12.73 229.56  19.13  2  2.18 12.71 229.01  17.91  0.21 13.95 305.60  10.58
19790924 030000  2.0 286.9  2.10 12.60 230.61  20.02  2  2.09 12.59 230.00  18.77  0.21 14.52 306.17  10.08
19790924 060000  3.4 168.4  2.05 12.57 230.49  20.64  2  2.04 12.56 229.90  19.48  0.20 14.55 306.74   9.80
19790924 090000  3.2 117.5  2.06 12.61 228.20  22.01  2  2.06 12.61 227.70  21.06  0.19 14.57 306.23   9.92
19790924 120000  2.1 172.7  2.18 12.70 225.78  20.68  2  2.17 12.70 225.36  19.78  0.18 14.55 306.54   9.68
19790924 150000  2.2 217.0  2.31 12.88 223.84  19.49  2  2.30 12.87 223.44  18.52  0.19 14.50 306.77   9.75
19790924 180000  5.8 221.0  2.42 13.30 222.77  18.96  2  2.41 13.23 222.32  17.84  0.21 14.32 305.71  10.04
19790924 210000  3.7 183.8  2.48 13.70 222.24  19.05  3  2.33 13.69 218.00  11.56  0.80 10.63 258.03  24.23  0.23 13.82 304.92  10.09
19790925 000000  3.6  47.1  2.48 13.79 222.24  19.33  3  2.34 13.81 217.73  11.21  0.78 10.45 262.15  22.05  0.24 13.62 304.13  10.41
19790925 030000  2.5  17.9  2.44 13.78 222.39  21.01  3  2.29 13.81 217.44  11.05  0.80 10.34 266.37  28.10  0.24 13.54 303.22  11.44
19790925 060000  3.2 230.4  2.39 13.80 222.46  20.58  3  2.24 13.82 217.19  11.00  0.78 10.15 266.80  21.68  0.24 13.51 303.29  11.64
19790925 090000  2.5 163.3  2.31 13.76 222.56  20.63  3  2.18 13.79 217.19  11.20  0.74 10.10 269.70  16.60  0.23 13.48 303.58  11.73
19790925 120000  5.4 174.5  2.22 13.64 222.60  20.80  3  2.08 13.66 216.93  10.98  0.73 10.04 269.40  15.64  0.23 13.42 303.28  12.48
19790925 150000  6.8 199.8  2.15 13.51 221.88  21.71  3  1.99 13.52 216.78  10.99  0.79  9.87 256.83  33.55  0.23 13.32 303.74  12.02
19790925 180000  9.2 209.7  2.13 13.38 221.62  22.57  4  0.69  3.43 211.44  32.60  1.89 13.39 216.96  10.90  0.65  9.68 269.07  13.00  0.23 13.15 304.30  11.24
19790925 210000  4.9 222.0  2.04 13.21 222.55  23.03  3  0.91  9.54 243.36  36.29  1.81 13.21 217.32  11.22  0.24 13.01 304.68  10.83
19790926 000000  3.0  16.4  1.90 12.87 223.33  22.96  3  1.72 12.86 217.29  11.44  0.77  9.43 252.66  32.85  0.25 12.94 304.55  11.03
19790926 030000  3.6  14.3  1.80 12.71 224.25  25.07  3  1.64 12.70 217.63  11.33  0.69  9.36 263.65  36.75  0.26 12.88 304.72  10.92
19790926 060000  5.0  19.2  1.72 12.62 226.01  28.10  3  1.56 12.61 217.95  11.48  0.67  9.17 276.99  38.13  0.26 12.79 304.92  10.93
19790926 090000  7.5 351.4  1.75 12.52 232.82  36.90  3  0.87  8.99 293.91  39.85  1.50 12.49 218.13  11.06  0.26 12.69 305.14  10.84
19790926 120000  2.6 280.3  1.80 12.26 237.42  36.93  3  1.48 12.20 218.27  10.84  1.00  6.47 288.19  33.48  0.26 12.59 304.93  11.14
19790926 150000  2.6 226.0  1.80 12.08 237.69  34.78  3  1.46 12.04 218.42  10.72  1.01  6.68 283.12  29.16  0.26 12.50 305.04  11.06
19790926 180000  8.4 211.2  1.85 12.03 234.22  32.19  4  1.11  6.84 263.74  36.57  1.45 11.98 218.79  10.72  0.26 12.44 304.70  11.27  0.05 16.65 308.59   8.72
19790926 210000  8.7 203.4  1.95 11.99 228.82  30.50  5  1.03  4.65 217.72  29.33  1.44 11.93 219.11  10.59  0.77  6.90 283.09  18.70  0.26 12.41 304.79  11.21  0.06 16.63 309.20   8.78
19790927 000000  7.4 194.7  1.93 11.85 226.67  29.45  6  1.06  5.24 216.51  30.33  1.44 11.74 219.63  10.91  0.66  7.05 284.03  15.83  0.25 12.39 304.91  11.01  0.08 19.16 221.38   6.91  0.06 16.62 310.62   8.87
19790927 030000  8.1 210.5  1.88 11.64 226.19  28.01  5  1.76 11.46 219.30  19.44  0.60  7.12 283.26  15.12  0.25 12.36 305.26  10.74  0.09 19.10 223.22   8.39  0.05 16.63 312.46   8.73
19790927 060000  8.0 194.4  1.85 11.60 225.13  27.33  3  1.75 11.48 219.11  19.67  0.55  7.12 281.90  14.48  0.25 12.27 305.69  10.52
19790927 090000  7.6 177.9  1.85 11.63 223.57  27.20  4  1.76 11.55 218.44  20.64  0.49  7.04 281.74  14.16  0.25 12.10 306.51  10.45  0.14 18.13 223.04   7.20
19790927 120000  5.2 184.9  1.86 11.65 222.76  26.30  5  1.79 11.57 218.42  20.48  0.45  6.96 281.03  13.47  0.23 11.97 306.40  10.54  0.15 17.93 222.64   7.71  0.09 15.57 309.48   8.51
19790927 150000  9.3 210.0  1.91 11.64 223.18  24.20  5  1.84 11.49 219.66  18.84  0.40  6.89 281.89  12.88  0.23 11.88 306.47  10.63  0.18 17.74 223.38   6.92  0.10 15.55 309.91   8.73
19790927 180000 11.2 205.2  2.12 11.69 221.41  24.37  6  2.08 11.41 219.25  21.12  0.33  7.28 281.91  13.19  0.20 11.81 303.89   9.98  0.15 17.88 226.38   6.19  0.10 13.51 315.75   7.63  0.10 15.54 311.03   9.01
19790927 210000 11.4 203.8  2.26 11.76 219.71  24.75  4  2.24 11.73 219.04  23.46  0.20 11.80 305.48  11.21  0.09 15.57 312.27   9.01  0.08 13.54 311.11   4.87
19790928 000000 10.3 195.7  2.28 11.72 218.46  25.08  4  2.24 11.71 217.75  24.09  0.31 15.82 222.38   7.36  0.21 11.79 305.92  10.97  0.08 15.62 313.39   8.75
19790928 030000 10.7 191.0  2.20 11.67 217.16  25.46  2  2.18 11.65 216.50  24.19  0.23 11.79 307.01  10.95
19790928 060000 11.8 185.8  2.27 11.64 213.83  26.34  3  2.26 11.62 213.20  25.09  0.19 11.78 305.65  11.22  0.12 14.57 311.55   8.74
19790928 090000 10.3 179.0  2.33 11.68 213.39  26.10  4  1.70  6.13 205.98  31.30  1.57 11.67 219.74   9.97  0.18 11.80 305.95  11.32  0.14 14.53 311.11   8.74
19790928 120000 11.4 174.0  2.34 11.86 212.91  25.81  4  1.58  6.19 203.55  32.85  1.70 11.86 218.80  10.11  0.17 11.82 306.61  11.00  0.14 14.55 311.24   8.97
19790928 150000  9.8 192.4  2.34 12.07 213.87  23.63  4  1.49  5.99 205.00  31.52  1.79 12.08 218.37  10.27  0.17 11.86 307.19  10.83  0.12 14.61 311.87   9.12
19790928 180000 11.6 206.3  2.46 12.11 215.63  21.37  3  2.45 12.11 215.27  20.42  0.16 11.35 307.67  10.74  0.11 14.80 312.80   9.13
19790928 210000 14.2 207.0  2.87 12.03 216.40  22.83  3  2.87 12.03 216.17  22.30  0.15 11.25 307.74  10.52  0.10 15.29 314.12   8.68
19790929 000000 12.7 188.8  3.00 11.85 214.14  24.49  2  2.99 11.85 213.94  24.04  0.17 15.36 309.82  10.27
19790929 030000 10.4 181.9  2.71 11.65 213.97  24.78  4  2.16  7.29 211.11  29.16  1.63 11.66 217.74  10.01  0.13 13.58 312.25   8.76  0.11 11.19 306.23  10.77
19790929 060000  8.5 178.3  2.44 11.32 214.77  24.16  5  1.81  7.27 211.38  29.75  1.62 11.33 217.80  10.47  0.14 13.62 311.80   8.88  0.12 19.21 221.63   7.69  0.10 11.18 306.32  11.13
19790929 090000  7.8 181.8  2.21 11.12 216.08  23.03  5  1.57  7.20 213.35  29.18  1.55 11.12 217.80  10.79  0.14 13.68 311.75   8.99  0.12 19.27 223.08   7.25  0.10 11.21 307.06  10.66
19790929 120000  8.5 172.7  2.07 10.96 216.13  22.93  6  1.43  7.12 213.14  29.60  1.47 10.96 217.80  10.64  0.15 18.85 223.02   8.68  0.13 13.81 312.02   9.06  0.10 11.26 307.44  10.71  0.07 16.59 225.00   0.00
19790929 150000 10.8 196.4  2.12 10.62 214.61  22.85  4  2.11 10.61 214.26  22.15  0.17 18.33 221.68   8.51  0.12 14.25 312.66   9.04  0.09 11.35 306.96  11.83
19790929 180000 11.1 213.2  2.26 10.42 216.56  22.22  4  2.25 10.41 216.29  21.71  0.18 18.07 223.47   8.10  0.11 14.40 313.36   9.14  0.09 11.49 308.97  10.04
19790929 210000 12.9 209.3  2.50  6.62 217.66  22.67  3  2.49  6.62 217.46  22.31  0.18 18.02 223.43   7.91  0.13 14.42 312.22   9.22
19790930 000000  8.6 189.1  2.38  6.90 216.51  24.46  5  2.04  6.90 215.34  27.33  1.20 10.18 218.66   9.62  0.19 17.98 223.39   8.07  0.10 12.56 310.90  10.03  0.09 14.44 312.94   8.34
19790930 030000  7.8 200.4  2.02 10.10 216.96  24.19  5  1.61  6.83 215.16  28.31  1.19 10.10 218.96  10.38  0.22 17.73 221.69   8.97  0.11 12.69 310.42   9.81  0.08 14.43 314.36   7.47
19790930 060000  7.3 193.9  1.77 10.09 217.39  23.33  4  1.28  6.50 215.37  29.51  1.19 10.07 218.51  10.04  0.28 16.93 219.77   9.25  0.13 12.92 311.51   9.41
19790930 090000  7.3 185.9  1.61 10.05 216.89  23.17  4  1.11  6.16 213.45  30.17  1.13 10.02 218.83   9.84  0.30 16.69 218.52   9.10  0.13 13.17 311.46   9.47
19790930 120000  5.9 164.0  1.48  9.98 217.03  22.77  5  0.92  5.88 213.39  32.02  1.08  9.97 218.50   9.87  0.40 15.92 216.72   8.83  0.11 13.36 311.89   9.23  0.05 10.95 309.48  11.23
19790930 150000  7.2 190.0  1.42  9.95 216.12  22.18  4  1.32  9.94 215.59  22.19  0.49 15.25 214.97   8.17  0.16 19.96 224.12   7.87  0.11 13.43 311.95   9.51
19790930 180000  9.7 212.9  1.55 14.58 217.13  20.89  4  1.39  9.93 217.05  21.60  0.64 14.60 214.89   7.96  0.18 20.02 222.55   7.33  0.12 13.46 312.22   9.54
19790930 210000 11.6 218.2  1.87 14.15 219.15  22.41  4  1.67  5.12 219.78  23.89  0.77 14.20 214.55   7.58  0.32 18.51 220.85   7.89  0.11 13.46 313.08   9.32
19791001 000000  7.0 217.6  1.78 13.69 218.64  22.57  5  1.23  5.47 220.06  29.92  1.02 13.71 215.75   7.82  0.78  9.95 218.74   9.96  0.11 13.42 313.01   9.38  0.07 15.61 308.06   8.96
