Date     Time   Uabs UDir  hs    tp    th     sp     np hs(i) tp(i) th(i)  sp(i)
19840701 000000  5.3 352.0  3.54 17.21 247.79  15.42  1  3.54 17.21 247.79  15.42
19840701 030000  5.5 352.9  3.67 16.73 248.44  16.23  1  3.67 16.73 248.44  16.23
19840701 060000  4.8 348.0  3.73 16.53 248.99  17.02  1  3.73 16.53 248.99  17.02
19840701 090000  6.9   6.5  3.72 16.39 249.60  18.92  1  3.72 16.39 249.60  18.92
19840701 120000 15.0 357.9  3.94 16.09 257.94  34.31  1  3.94 16.09 257.94  34.31
19840701 150000 16.2 351.2  4.56 15.76 275.39  45.74  2  2.93  7.24 333.11  33.28  3.50 15.76 245.21  11.23
19840701 180000 13.0 334.1  4.75 15.60 273.61  43.86  2  3.00  7.79 329.58  31.14  3.68 15.60 245.09  12.09
19840701 210000  8.8 327.2  4.53 15.47 265.19  40.45  2  2.51  7.79 328.50  31.29  3.77 15.47 244.95  12.97
19840702 000000  2.3 352.4  4.24 15.20 258.85  37.23  2  3.72 15.20 244.53  13.78  2.03  7.68 329.77  31.08
19840702 030000  5.4   7.1  3.98 14.88 254.33  34.18  2  3.62 14.88 243.89  14.44  1.66  7.33 331.01  29.98
19840702 060000  7.5 332.3  3.78 14.78 252.10  32.15  2  1.44  7.11 329.81  28.98  3.50 14.78 243.48  15.14
19840702 090000 12.4 341.7  3.64 14.66 255.90  37.01  2  1.55  6.62 336.54  27.62  3.29 14.66 244.14  16.95
19840702 120000  9.2 327.3  3.78 14.56 266.69  40.79  2  2.35  6.94 317.39  31.82  2.96 14.56 241.61  13.86
19840702 150000  6.0 314.3  3.63 14.47 261.10  38.13  1  3.63 14.47 261.10  38.13
19840702 180000  5.8 287.7  3.64 14.26 255.06  34.21  1  3.64 14.26 255.06  34.21
19840702 210000  5.7 317.0  3.76 14.09 250.76  30.18  1  3.76 14.09 250.76  30.18
19840703 000000  5.4 323.0  3.84 14.11 248.78  27.96  1  3.84 14.11 248.78  27.96
19840703 030000  7.3 321.4  3.86 14.10 247.70  27.03  1  3.86 14.10 247.70  27.03
19840703 060000  6.0 308.8  3.81 13.97 246.39  25.94  1  3.81 13.97 246.39  25.94
19840703 090000  5.3 317.7  3.73 13.72 245.29  24.95  1  3.73 13.72 245.29  24.95
19840703 120000  5.2 350.8  3.64 13.56 244.51  24.59  1  3.64 13.56 244.51  24.59
19840703 150000  8.7   3.6  3.53 13.44 245.18  28.64  2  0.73  3.83 357.22  28.25  3.46 13.44 242.96  21.56
19840703 180000  9.3  12.2  3.39 13.34 246.10  32.60  2  3.38 13.34 246.16  32.67  0.24 20.58 236.99   8.52
19840703 210000 15.3 352.0  3.46 13.25 259.72  45.10  3  1.89  5.55 335.51  34.04  2.87 13.25 239.00  16.22  0.39 19.47 237.61   8.37
19840704 000000 21.1 349.6  4.37 13.18 295.88  49.74  3  3.55  7.41 327.92  34.72  2.49 13.18 235.83  13.10  0.53 19.04 240.05   8.29
19840704 030000 19.5 347.8  5.09  8.69 306.47  47.91  3  4.40  8.63 328.63  34.91  2.44 12.88 236.86  13.51  0.77 18.02 239.17   9.45
19840704 060000 17.3 338.2  5.52  9.70 299.95  45.39  3  4.75  9.40 321.34  34.42  2.59 12.77 238.32  13.25  1.08 17.50 239.23   9.71
19840704 090000 17.8 341.0  5.83 10.76 298.17  44.97  4  4.51  9.48 330.72  29.98  2.80 12.67 240.44  13.63  2.10 11.26 274.34  10.66  1.20 16.90 238.63  10.31
19840704 120000 14.3 330.9  5.81 10.73 295.43  45.31  3  4.87  9.78 319.96  34.67  2.79 12.62 240.82  13.68  1.51 16.37 238.18  10.61
19840704 150000 11.0 320.4  5.46 10.85 288.17  45.74  4  4.18  9.64 323.36  33.27  3.03 12.15 245.37  16.71  1.77 15.95 238.63  10.44  0.31 19.12 223.51   6.57
19840704 180000  7.2 285.7  5.06 11.13 279.39  44.74  5  2.96 12.19 245.23  16.79  2.86  9.43 341.96  24.77  2.22 10.77 286.25  16.11  1.91 15.35 238.51  11.12  0.39 19.66 226.40   6.80
19840704 210000  6.9 311.5  4.72 11.84 271.44  42.35  4  3.23 12.05 252.04  22.08  2.70  8.88 330.77  28.67  2.06 15.12 242.27  12.25  0.60 18.77 224.62   8.08
19840705 000000  7.4 334.9  4.60 12.54 266.74  39.79  3  2.47  8.61 327.07  28.90  3.82 12.61 248.34  19.11  0.64 18.34 224.41   8.39
19840705 030000  7.9 326.7  4.56 14.30 264.02  38.03  3  2.00  8.36 338.10  21.27  4.02 14.30 251.81  21.42  0.80 17.92 225.87   9.30
19840705 060000  9.5 313.2  4.59 14.32 261.30  36.24  2  1.86  8.14 337.44  21.26  4.20 14.32 250.30  21.40
19840705 090000 10.9 314.1  4.74 14.32 259.54  34.53  1  4.74 14.32 259.54  34.53
19840705 120000  8.7 337.0  4.88 14.32 257.73  33.11  2  4.72 14.32 259.79  33.47  1.25 17.72 232.24   8.73
19840705 150000  8.4 349.7  4.93 14.45 255.31  31.44  2  4.67 14.45 258.23  32.01  1.56 17.27 232.36   9.28
19840705 180000  8.9 349.4  4.91 14.85 254.18  30.93  2  4.58 14.42 258.43  31.39  1.79 16.83 229.52   8.87
19840705 210000  9.4 336.4  4.88 15.26 253.36  30.16  2  4.21 14.27 260.11  32.31  2.47 15.99 236.30  11.15
19840706 000000  8.1 338.6  4.85 15.38 251.77  29.13  2  4.85 15.38 251.74  29.11  0.12 15.63 310.29   5.99
19840706 030000  8.5 359.5  4.82 15.33 249.85  28.32  2  4.82 15.33 249.80  28.28  0.14 15.58 309.12   6.95
19840706 060000  6.3 350.7  4.72 15.21 248.25  27.12  2  4.71 15.20 248.18  27.06  0.17 15.51 306.16   8.32
19840706 090000  5.1 349.0  4.51 15.00 246.86  25.04  2  4.51 14.98 246.78  24.96  0.17 15.50 306.19   8.33
19840706 120000 11.7   5.6  4.29 14.73 247.28  27.95  2  4.28 14.71 247.20  27.88  0.17 15.49 306.24   8.44
19840706 150000  8.2  14.8  4.00 14.50 248.06  30.36  2  4.00 14.49 247.97  30.30  0.17 15.44 305.25   9.53
19840706 180000  6.3 325.2  3.69 14.28 247.27  27.85  2  3.69 14.27 247.16  27.76  0.17 15.37 303.86  10.71
19840706 210000  4.1 317.3  3.43 14.05 246.75  25.99  3  3.42 14.04 246.71  25.89  0.18 20.57 221.54   8.04  0.16 14.91 306.87   8.42
19840707 000000  2.8 313.7  3.18 13.71 246.15  24.85  3  3.17 13.68 246.13  24.69  0.24 20.11 222.97   7.67  0.18 14.59 304.77  10.48
19840707 030000  3.0 350.9  2.94 13.47 245.43  24.09  3  2.92 13.45 245.48  23.85  0.31 19.26 222.38   8.80  0.19 14.52 305.88   9.94
19840707 060000  3.2   7.0  2.71 13.31 244.79  23.83  3  2.68 13.30 244.94  23.49  0.37 19.09 222.47   8.73  0.20 14.50 306.27   9.61
19840707 090000  5.9  11.5  2.51 13.20 244.75  25.08  3  2.47 13.19 245.05  24.74  0.42 18.58 223.20   8.41  0.20 14.49 306.26   9.57
19840707 120000  6.2 358.6  2.37 12.94 246.56  29.15  3  2.31 12.93 247.24  29.01  0.48 17.98 223.29   8.36  0.20 14.48 306.17   9.67
19840707 150000  7.8 353.0  2.30 12.65 249.99  32.47  3  2.22 12.64 251.24  32.50  0.53 17.85 223.84   8.37  0.20 14.45 305.82   9.92
19840707 180000  7.9 336.9  2.32 12.52 255.34  35.13  3  2.24 12.52 257.50  35.16  0.59 17.37 223.94   8.32  0.19 14.39 305.80   9.99
19840707 210000  7.3 339.4  2.35 12.43 257.48  35.26  5  1.52  7.61 294.48  30.16  1.65 12.43 236.16  11.14  0.67 16.81 223.93   8.17  0.18 14.11 305.69  10.56  0.06 20.53 305.88   9.79
19840708 000000  8.6 358.7  2.28 12.30 257.46  36.92  5  1.53 12.30 235.29  10.62  1.50  7.61 295.45  32.39  0.76 16.68 224.24   8.14  0.18 13.68 306.81   9.68  0.08 20.40 305.24  10.01
19840708 030000  5.2  13.2  2.16 11.90 254.78  36.87  5  1.43 11.90 235.24  11.10  1.35  7.68 296.82  32.41  0.87 16.28 224.13   8.08  0.19 13.59 307.18   9.98  0.09 20.37 305.69   9.89
19840708 060000  1.0   9.6  2.06 15.70 249.94  34.68  5  1.33 11.76 234.96  11.31  1.18  7.37 295.32  29.95  1.01 15.71 223.95   8.11  0.20 13.56 307.70   9.25  0.09 20.36 306.75   9.40
19840708 090000  1.4  39.6  2.01 15.57 245.21  32.41  5  1.24 11.69 234.54  11.72  1.15 15.58 223.67   8.09  1.07  7.67 291.22  29.85  0.20 13.55 307.71   9.25  0.08 20.32 308.44   9.12
19840708 120000  3.4 356.7  2.00 15.13 241.07  30.37  5  1.29 15.17 223.50   8.18  1.18 11.62 233.94  12.14  0.94  7.38 292.80  26.31  0.21 13.54 307.61   9.39  0.11 19.91 307.56  10.08
19840708 150000  3.6 293.0  2.02 14.71 237.71  28.48  5  1.42 14.74 223.00   8.27  1.14 11.47 234.49  13.22  0.84  7.25 292.94  25.14  0.20 13.52 307.46   9.53  0.14 19.17 306.53  10.07
19840708 180000  5.3 240.5  2.08 14.72 234.67  26.31  5  1.57 14.76 222.59   8.43  1.09 11.15 235.26  14.59  0.77  7.07 290.16  25.78  0.20 13.50 307.44   9.75  0.15 19.08 306.28  10.03
19840708 210000  5.6 230.8  2.16 15.05 232.17  24.47  6  1.60 15.07 223.17   8.22  1.05 10.99 235.44  15.55  0.77  7.01 280.58  31.29  0.57 17.94 213.95   7.47  0.19 13.42 307.67   9.85  0.15 19.05 306.30  10.03
19840709 000000  4.0 193.4  2.19 14.66 229.86  23.15  5  1.71 14.70 222.33   8.54  1.22 10.90 248.03  30.47  0.56 17.96 215.58   7.26  0.19 13.14 307.39  10.94  0.15 19.03 307.55   9.59
19840709 030000  4.6  92.2  2.20 14.46 228.23  22.90  4  1.96 14.47 230.52  22.85  0.97 17.53 216.08   8.41  0.19 12.80 308.66  10.04  0.15 18.98 308.93   9.12
19840709 060000  7.2  48.8  2.24 14.57 227.75  30.26  5  1.95 14.57 230.29  32.54  1.08 16.92 217.52   8.10  0.18 12.73 308.68   9.83  0.17 18.64 307.93   9.75  0.07 15.51 315.06   7.49
19840709 090000  8.2  21.0  2.31 16.15 231.20  39.15  4  2.29 16.16 230.12  38.44  0.21 17.95 306.54  10.09  0.18 12.72 309.08   9.79  0.07 15.49 315.87   7.69
19840709 120000 10.8 351.9  2.40 15.58 238.58  47.05  4  1.17  5.19 342.22  33.89  2.08 15.58 222.47  12.04  0.23 17.84 306.69   9.76  0.19 12.71 310.14   9.81
19840709 150000  8.1  13.6  2.44 15.38 244.09  49.46  4  1.33  5.58 334.81  34.20  2.02 15.39 221.66  10.72  0.22 17.81 306.66   9.80  0.20 12.71 310.30   9.82
19840709 180000  8.2  12.9  2.46 15.23 249.83  52.56  4  1.47  6.21 333.96  36.18  1.95 15.24 221.21  10.25  0.20 17.79 307.91  10.21  0.20 12.69 310.41   9.52
19840709 210000  8.2  16.2  2.47 15.05 256.68  55.09  5  1.23  6.81 358.46  26.20  1.87 15.07 221.15  10.37  1.00  6.45 297.74  20.91  0.21 12.65 310.46   9.66  0.19 17.77 309.74   9.13
19840710 000000  3.2  70.5  2.34 14.77 253.49  53.37  5  1.79 14.81 220.77   9.83  1.48  6.63 330.00  38.67  0.21 17.60 309.32   9.17  0.18 12.60 309.29   9.52  0.11 14.50 313.97   8.84
19840710 030000  6.5  81.4  2.18 14.61 246.28  51.07  6  1.72 14.62 221.06  10.09  1.28  6.53 329.84  42.08  0.28  7.54 214.94  11.27  0.24 16.85 307.64   9.77  0.18 12.54 309.65   9.68  0.11 14.50 313.32   9.14
19840710 060000  4.4  49.7  2.03 14.47 240.53  48.49  4  1.68 14.47 221.03  10.90  1.08  6.35 332.40  43.67  0.27 16.68 307.04   9.67  0.21 12.51 311.00   9.60
19840710 090000  7.4  33.0  1.93 14.35 239.21  50.09  5  0.57  3.31  29.14  34.23  1.62 14.36 220.79  10.90  0.82  6.08 322.74  31.92  0.27 16.64 307.18   9.84  0.20 12.52 311.81   9.19
19840710 120000  8.8 328.4  1.94 14.22 249.54  54.21  4  1.12  5.79 341.14  33.53  1.55 14.24 220.55  10.97  0.26 16.63 308.52   9.91  0.21 12.92 312.61   8.93
19840710 150000 14.6 354.3  2.79 14.04 314.37  53.79  4  2.35  6.57 339.94  27.74  1.47 14.08 220.24  10.81  0.24 16.62 310.29   9.41  0.21 13.37 313.08   8.79
19840710 180000 13.8 340.9  3.54  8.14 324.49  44.78  3  3.24  8.12 336.34  26.84  1.42 13.84 220.54  11.35  0.22 16.58 310.94   8.99
19840710 210000 12.6 351.2  3.54  8.76 321.76  44.81  4  3.21  8.75 334.53  27.06  1.45 13.66 222.04  12.66  0.23 16.31 309.36   9.30  0.14 13.55 315.66   7.66
19840711 000000 14.3 342.0  3.79  8.87 324.00  44.13  3  3.47  8.86 335.92  27.17  1.51 13.48 223.82  13.89  0.27 15.65 307.88   9.16
19840711 030000 15.7 337.3  4.40  9.21 323.07  40.51  3  4.12  9.20 331.76  27.83  1.53 13.32 224.53  14.36  0.30 15.57 306.68  10.23
19840711 060000 12.8 327.6  4.45  9.72 314.64  39.49  3  4.17  9.68 323.21  28.79  1.52 13.16 224.28  14.25  0.31 15.53 306.16  11.22
19840711 090000 10.4 315.7  3.98  9.82 304.64  41.39  3  3.63  9.73 316.86  29.47  1.60 12.93 224.57  14.40  0.28 15.53 308.95  10.14
19840711 120000  5.0 314.6  3.68  9.74 288.15  44.78  3  3.05  9.51 313.16  30.86  2.05 12.43 230.73  17.12  0.24 15.53 311.49   8.69
19840711 150000  3.9 342.1  3.54 11.58 270.13  44.82  3  2.66 11.91 235.66  19.48  2.34  9.26 319.48  25.50  0.21 15.49 312.28   8.32
19840711 180000  6.3 321.6  3.28 11.36 259.02  44.13  3  2.63 11.64 231.87  18.45  1.95  9.01 319.29  25.30  0.21 15.32 310.89   8.59
19840711 210000  6.9 306.1  2.99 11.20 252.90  43.91  3  2.50 11.44 230.40  23.00  1.62  8.69 318.91  25.21  0.23 14.67 309.19   8.76
19840712 000000  5.4 296.4  2.78 11.46 248.33  42.73  4  2.28 11.58 225.86  17.00  1.52  8.37 314.96  25.28  0.33 15.86 212.02   5.98  0.26 14.55 308.66   8.94
19840712 030000  2.0 119.2  2.62 11.64 244.19  41.02  4  2.13 11.67 223.85  15.43  1.41  8.28 309.21  26.68  0.52 15.33 211.27   6.11  0.27 14.52 308.56   9.43
19840712 060000  6.5 160.0  2.47 11.64 239.31  38.90  5  2.07 11.64 222.87  16.60  1.20  7.92 307.34  26.11  0.53 15.07 211.82   6.17  0.26 14.51 309.17   9.53  0.17 11.80 313.88   9.57
19840712 090000  6.9 154.6  2.33 11.73 234.07  37.35  7  0.39  2.69 159.06  32.18  1.89 11.73 224.06  15.85  1.02  7.77 305.04  24.99  0.78 14.17 210.19   6.56  0.24 14.50 310.32   9.48  0.16 11.81 314.02   9.60  0.10 15.59 247.15   4.21
19840712 120000  5.6 168.7  2.22 12.03 230.53  34.95  5  0.43  3.04 161.25  33.55  1.98 12.07 221.64  15.64  0.88  7.64 300.80  25.29  0.21 14.49 311.24   8.88  0.16 11.79 314.12   9.52
19840712 150000  6.2 174.1  2.15 12.23 228.08  31.92  3  2.14 12.32 227.21  30.88  0.20 14.42 311.20   8.91  0.15 11.74 314.47   9.36
19840712 180000  8.9 193.9  2.17 12.17 224.57  28.96  5  0.71  3.53 199.43  32.61  2.02 12.22 226.21  25.92  0.21 14.65 248.36   4.93  0.20 14.12 310.71   9.13  0.13 11.67 314.50   8.85
19840712 210000  9.3 195.7  2.20 12.06 222.15  27.01  4  0.97  4.35 209.80  32.30  1.96 12.11 223.95  22.99  0.21 13.65 309.76   9.19  0.12 11.66 313.72   9.74
19840713 000000  7.4 182.6  2.14 12.41 220.48  26.53  4  0.98  4.71 205.97  31.58  1.88 12.32 222.76  21.58  0.25 13.58 310.07   9.65  0.15 13.54 245.00   0.00
19840713 030000  8.6 185.4  2.01 12.63 219.28  26.26  3  1.97 12.41 217.71  24.18  0.26 13.66 249.66   5.48  0.25 13.56 309.95   9.60
19840713 060000  8.4 171.6  1.91 12.61 216.97  27.13  5  0.88  4.27 196.54  33.21  1.63 12.30 219.31  19.40  0.28 12.87 247.08   7.65  0.25 15.35 241.76   6.53  0.25 13.55 310.00   9.72
19840713 090000  6.9 162.0  1.78 12.57 216.20  27.58  6  0.81  4.31 192.96  34.89  1.52 12.40 218.23  18.46  0.35 14.75 245.66   7.74  0.21 13.54 309.54   9.44  0.19 12.49 246.98   5.35  0.11 11.34 313.90   9.20
19840713 120000  6.2 166.1  1.65 12.56 217.05  27.10  6  0.68  4.41 191.83  36.34  1.42 12.34 217.35  17.82  0.37 14.60 243.25   6.92  0.25 12.57 250.67   6.12  0.20 13.51 310.44   9.64  0.10 11.01 313.22   9.46
19840713 150000  3.9 140.7  1.54 13.34 218.52  26.80  5  1.43 12.15 213.39  23.49  0.49 14.24 245.71   7.43  0.19 13.46 310.95   9.28  0.18 17.93 239.27   8.61  0.09 11.00 313.91   8.79
19840713 180000  5.9 214.9  1.46 13.45 221.27  25.09  5  1.31 11.93 214.38  20.91  0.55 13.69 245.73   7.65  0.26 17.47 240.17   7.18  0.19 13.27 310.61   9.11  0.08 10.93 316.72   8.17
19840713 210000  7.7 214.0  1.51 13.30 222.72  24.99  6  0.72  3.74 215.21  30.85  1.12 11.93 214.80  15.62  0.61 13.47 245.60   7.74  0.35 16.78 240.47   7.67  0.19 12.83 310.24   9.29  0.09 10.95 315.71   7.91
19840714 000000  2.9 206.5  1.49 12.90 225.49  25.51  6  1.03 11.93 213.68  13.42  0.72  4.16 221.80  33.54  0.62 13.13 246.24   7.77  0.46 16.34 240.89   6.63  0.19 12.72 309.63   9.42  0.09 10.94 315.54   8.26
19840714 030000  2.4 207.1  1.43 15.54 228.44  25.00  6  0.92 12.09 213.51  14.38  0.63 15.66 238.96   8.38  0.62 12.73 246.80   7.92  0.60  4.25 224.22  34.30  0.20 12.68 309.20   9.54  0.09 10.92 315.28   8.32
19840714 060000  2.7 229.7  1.37 15.34 231.10  24.01  4  0.96 12.31 216.72  22.63  0.74 15.37 237.13   9.71  0.62 12.45 247.66   7.79  0.22 12.66 310.03   9.70
19840714 090000  3.8 272.3  1.33 14.84 233.67  23.14  4  0.81 12.28 218.78  23.61  0.80 14.89 235.03  12.47  0.63 12.14 247.59   7.97  0.22 12.64 310.01   9.73
19840714 120000  9.4 348.5  1.33 14.49 241.80  33.33  5  0.46  2.66 322.66  35.08  0.85 14.50 236.84  11.39  0.67 12.30 216.41  19.68  0.59 11.94 247.61   8.45  0.21 12.62 310.28   9.65
19840714 150000  8.7   5.0  1.47 14.31 266.43  49.11  5  0.92  4.27 331.39  35.96  0.84 14.31 236.99  10.79  0.57 11.72 248.68   8.10  0.50 11.57 212.01  13.07  0.21 12.59 310.76   9.47
19840714 180000 11.2 348.2  1.74 13.90 297.38  49.16  3  1.37  5.24 331.68  29.86  1.05 13.92 237.22  14.93  0.20 12.53 311.19   9.39
19840714 210000 13.5 353.8  2.41 13.51 312.02  41.92  3  2.15  6.55 327.58  29.97  1.09 13.54 242.38  14.43  0.17 12.39 311.17   8.65
19840715 000000 13.5 345.4  3.18 10.84 301.04  38.66  2  2.99 10.74 308.66  34.72  1.06 13.27 240.40  10.87
19840715 030000 10.5 339.9  3.53 10.93 289.50  36.06  2  3.31 10.81 296.65  33.54  1.24 13.01 241.39  10.05
19840715 060000  7.9 332.5  3.33 10.93 282.76  33.73  2  3.12 10.84 289.20  31.86  1.19 12.90 241.05  10.39
19840715 090000  7.1   5.8  3.04 10.83 278.95  32.77  2  2.83 10.77 285.42  31.04  1.12 12.79 239.86  10.54
19840715 120000  6.0   0.9  2.85 10.95 274.50  31.70  2  2.61 10.79 281.57  30.27  1.15 12.76 240.49  11.74
19840715 150000  2.8  46.3  2.85 11.70 268.03  29.11  2  2.82 11.70 268.43  29.34  0.45 17.18 253.59   9.83
19840715 180000  0.8 248.5  3.15 12.27 260.81  25.18  1  3.15 12.27 260.81  25.18
19840715 210000  2.4 200.1  3.54 14.29 255.12  22.16  1  3.54 14.29 255.12  22.16
19840716 000000  0.7 123.9  3.77 14.26 250.85  20.73  1  3.77 14.26 250.85  20.73
19840716 030000  3.6 173.6  3.78 14.06 247.94  20.08  1  3.78 14.06 247.94  20.08
19840716 060000  5.7 180.8  3.69 13.84 245.43  20.03  1  3.69 13.84 245.43  20.03
19840716 090000  3.7 159.3  3.56 13.71 243.48  19.89  1  3.56 13.71 243.48  19.89
19840716 120000  3.1 166.8  3.44 13.61 241.73  19.65  1  3.44 13.61 241.73  19.65
19840716 150000  2.9 161.3  3.30 13.51 240.09  19.56  2  3.30 13.51 240.01  19.43  0.12 11.02 311.87   6.96
19840716 180000  3.5 186.9  3.13 13.38 238.54  19.71  2  3.13 13.38 238.45  19.54  0.12 11.04 311.44   7.88
19840716 210000  5.1 196.0  2.96 13.20 237.40  19.77  2  2.96 13.20 237.31  19.59  0.12 11.02 311.52   7.62
19840717 000000  2.2 168.9  2.79 13.06 236.62  19.85  2  2.79 13.06 236.50  19.64  0.13 10.99 307.92   9.50
19840717 030000  3.5 180.1  2.62 12.99 236.13  19.79  2  2.61 12.99 236.01  19.56  0.12 10.99 306.86  10.45
19840717 060000  5.4 179.7  2.45 12.88 235.52  20.24  2  2.44 12.88 235.40  20.01  0.11 11.01 308.74   9.73
19840717 090000  4.8 140.5  2.28 12.74 234.99  21.38  2  2.28 12.74 234.86  21.15  0.11 10.94 308.81   9.49
19840717 120000  1.0 174.0  2.15 12.57 235.48  21.09  2  2.15 12.57 235.35  20.86  0.10 10.90 309.05   9.42
19840717 150000  4.0 167.6  2.08 12.40 235.98  20.88  1  2.08 12.40 235.98  20.88
19840717 180000  5.6 186.3  2.08 12.22 236.39  20.90  1  2.08 12.22 236.39  20.90
19840717 210000  6.1 183.6  2.11 11.95 237.06  20.87  1  2.11 11.95 237.06  20.87
19840718 000000  4.6 176.8  2.16 11.73 238.05  21.13  1  2.16 11.73 238.05  21.13
19840718 030000  6.3 169.1  2.17 11.56 239.25  21.73  4  0.41  2.89 173.79  33.54  2.11 11.57 241.20  17.88  0.29 14.60 223.69   5.08  0.08 10.43 312.36   8.55
19840718 060000  9.2 166.1  2.19 11.52 238.72  25.97  3  0.60  3.15 167.76  35.22  2.11 11.52 242.39  17.84  0.08 10.39 312.42   8.50
19840718 090000  9.8 169.3  2.21 11.48 235.42  31.98  3  0.84  3.80 164.03  32.45  2.04 11.48 243.43  17.87  0.08 10.37 312.42   8.55
19840718 120000 10.2 172.7  2.20 11.32 231.77  34.80  3  1.03  4.28 171.64  32.78  1.92 11.32 244.72  18.04  0.31 13.61 222.72   7.92
19840718 150000 10.0 173.6  2.14 11.14 230.02  35.96  4  1.11  4.53 177.37  34.78  1.79 11.14 245.75  17.84  0.38 13.62 219.72   8.37  0.07 10.29 313.70   7.65
19840718 180000 12.9 189.6  2.22 11.02 226.89  33.99  4  1.43  4.84 196.48  33.39  1.68 11.02 245.67  18.28  0.28 13.78 221.68   8.45  0.06 10.28 313.97   7.55
19840718 210000 14.3 189.5  2.56 10.91 221.70  33.34  2  2.13  6.05 211.35  34.76  1.42 10.91 241.86  17.81
19840719 000000 12.5 192.9  2.73  6.82 218.70  33.18  4  2.40  6.82 211.46  33.89  1.21 10.80 243.91  16.83  0.47 12.86 219.89  13.58  0.07 19.17 245.34   8.91
19840719 030000 13.9 174.3  2.88  7.23 213.48  34.57  5  2.23  6.66 192.03  28.99  1.32  8.21 245.27  14.26  1.17 10.54 244.83  17.74  0.41 12.83 214.57  10.01  0.12 18.46 245.53   8.73
19840719 060000 15.1 170.5  3.05  7.76 208.28  35.24  5  2.83  7.76 202.17  34.49  0.96 10.55 248.77  12.54  0.53 12.86 218.44  12.65  0.25 13.74 251.67   7.49  0.18 17.90 245.16   8.94
19840719 090000 14.7 174.5  3.17  8.11 208.04  33.77  4  3.02  8.11 204.41  33.40  0.83 12.85 235.96  17.05  0.42 10.42 257.04   4.03  0.25 17.63 246.03   9.15
19840719 120000 14.0 173.4  3.20  8.41 209.67  33.23  3  2.91  8.41 203.02  32.90  1.28 12.40 238.64  14.73  0.31 16.92 246.31   9.25
19840719 150000 12.4 170.4  3.11 11.78 212.67  32.85  3  2.64  8.79 201.17  32.26  1.60 11.78 239.00  14.68  0.36 16.71 247.12   8.30
19840719 180000 11.9 182.6  2.89 11.61 217.68  30.43  3  2.85 11.61 216.75  30.40  0.47 16.03 248.62   8.80  0.07 17.84 211.11   5.51
19840719 210000 11.9 179.6  2.82 11.48 218.50  29.64  3  2.75 11.48 216.99  29.46  0.58 15.57 250.72   9.12  0.08 17.79 211.08   5.61
19840720 000000 11.5 189.1  2.67 11.19 219.76  29.06  3  2.59 11.19 217.79  28.88  0.63 15.25 250.52   9.41  0.13 16.85 213.99   7.22
19840720 030000 11.3 169.4  2.66 11.02 217.68  30.84  3  2.57 11.02 215.58  30.76  0.64 14.68 249.10   8.59  0.16 16.61 214.24   7.29
19840720 060000 11.5 169.6  2.50 10.91 218.27  31.54  4  2.37 10.81 215.96  31.97  0.64 14.42 249.29   9.12  0.41 11.28 212.45   9.54  0.19 16.35 213.14   7.43
19840720 090000  9.8 172.0  2.38 10.81 218.70  31.35  6  1.97  8.47 206.83  30.91  1.03 10.72 245.84  11.79  0.69 14.02 248.59   8.62  0.41 11.71 212.85   9.78  0.24 15.76 214.72   7.95  0.07 20.44 204.47   6.63
19840720 120000 11.3 167.8  2.26 10.58 218.11  32.11  6  1.86  8.24 204.98  31.51  0.97 10.51 246.14  10.06  0.71 13.56 249.35   8.63  0.37 11.73 211.84  10.22  0.28 15.39 214.09   8.12  0.11 19.63 204.54   6.87
19840720 150000  8.9 166.9  2.17 13.32 217.92  31.87  6  1.79  8.21 205.48  31.46  0.85 10.38 247.33   9.95  0.71 13.29 248.10   8.47  0.38 11.81 215.16  11.64  0.32 15.24 215.30   8.93  0.16 19.03 204.74   7.40
19840720 180000 11.2 184.8  2.12 12.93 218.22  30.29  6  1.76  8.21 207.59  29.79  0.81 10.27 247.93   9.38  0.64 12.98 248.26   8.66  0.40 14.75 214.98   8.98  0.30 11.59 213.87   9.65  0.22 18.31 204.13   6.00
19840720 210000 10.3 184.2  2.13 12.62 217.60  29.05  6  1.82  7.96 209.46  28.72  0.66 12.55 247.46   8.80  0.66 10.16 248.91   9.24  0.53 14.51 215.02  10.13  0.25 18.01 203.95   5.96  0.07 22.27 227.93   7.90
19840721 000000  7.5 184.6  1.99 12.51 219.12  28.71  6  1.64  7.78 210.09  28.97  0.72  9.93 247.60  10.12  0.60 12.40 247.52   8.61  0.53 14.17 214.90   9.89  0.34 17.43 203.56   5.67  0.10 21.89 227.43   8.10
19840721 030000  4.6 171.7  1.77 12.42 222.16  27.02  6  1.37  7.67 213.72  28.39  0.70 12.27 247.90   8.22  0.55 14.39 213.41   9.74  0.54  9.49 246.69  10.76  0.39 16.88 204.92   6.34  0.14 21.60 227.99   7.65
19840721 060000  6.6 189.9  1.63 12.17 223.41  24.90  4  1.19  7.58 216.76  26.71  0.81 11.86 247.61   9.07  0.72 15.79 210.13   9.69  0.22 20.71 224.26   9.32
19840721 090000  5.3 167.4  1.56 15.26 222.69  24.52  4  1.08  7.22 215.73  27.05  0.77 11.68 247.59   9.34  0.77 15.30 210.61  10.08  0.29 20.50 222.60  10.56
19840721 120000  6.2 172.0  1.51 14.92 222.46  24.01  4  0.99  6.92 216.69  27.82  0.78 14.98 209.56   9.23  0.74 11.66 247.06   9.41  0.40 19.87 221.90   9.61
19840721 150000 10.3 179.1  1.65 19.12 215.65  27.29  4  1.16  6.48 204.76  30.68  0.81 14.54 210.20   9.58  0.70 11.58 247.65   9.54  0.50 19.30 220.68  10.36
19840721 180000  9.0 195.5  1.81 18.83 215.26  25.99  4  1.35  5.46 208.06  29.13  0.78 14.25 209.93   9.52  0.67 18.83 219.45  10.17  0.64 11.38 248.07   9.75
19840721 210000  9.6 188.8  1.87 18.20 216.25  25.06  4  1.39  5.69 211.38  29.17  0.85 18.20 218.58   9.74  0.72 13.80 210.22  10.68  0.56 11.06 248.75   9.88
19840722 000000  7.7 179.3  1.88 17.99 216.65  24.82  4  1.36  5.83 212.00  30.03  0.96 17.99 219.25   9.66  0.71 13.64 210.29  10.20  0.51 10.91 249.98  10.08
19840722 030000  9.5 178.9  1.93 17.66 215.08  25.39  4  1.38  5.82 208.49  31.08  1.09 17.66 219.00  10.09  0.63 13.34 211.89  10.57  0.47 10.90 250.96  10.54
19840722 060000 10.1 171.7  1.99 17.31 213.88  26.43  3  1.41  5.90 204.89  32.37  1.33 17.31 218.57  10.51  0.44 10.90 252.49  10.86
19840722 090000  9.1 174.6  2.00 16.85 214.79  26.22  4  1.39  5.93 205.09  33.05  1.39 16.85 219.88  10.31  0.33 10.92 251.52  10.27  0.23 13.51 258.66  10.02
19840722 120000  8.8 172.6  2.01 16.54 216.02  26.11  3  1.31  5.85 203.06  33.00  1.44 16.54 220.98   9.95  0.48 12.70 256.03  10.26
19840722 150000  7.8 186.4  1.97 16.28 219.06  24.80  3  1.20  5.73 206.18  32.80  1.47 16.28 221.85   9.55  0.51 12.45 258.38  10.24
19840722 180000  8.7 195.5  1.99 15.79 221.21  23.35  3  1.20  5.63 209.50  30.20  1.49 15.79 222.64   9.26  0.56 11.95 260.53   9.98
19840722 210000  9.8 195.9  2.09 15.53 222.03  23.10  3  1.34  5.61 212.20  28.34  1.50 15.53 223.53   9.19  0.57 11.64 263.30   9.60
19840723 000000  7.9 190.3  2.16 15.32 222.57  24.01  3  1.45  5.94 213.63  28.98  1.49 15.32 224.20   9.10  0.58 11.19 264.68   9.85
19840723 030000  8.6 181.9  2.12 14.92 223.25  24.61  3  1.42  6.16 214.15  29.92  1.47 14.92 224.88   9.08  0.57 10.87 265.96  10.31
19840723 060000  8.6 178.3  2.10 14.67 222.57  25.51  3  1.42  6.29 211.45  30.20  1.44 14.67 225.65   9.17  0.57 10.52 266.45  10.36
19840723 090000  8.4 173.0  2.07 14.55 222.42  25.83  3  1.41  6.43 210.68  30.31  1.41 14.55 226.38   9.22  0.56 10.25 265.91  11.62
19840723 120000  7.7 176.3  2.04 14.48 223.08  25.42  3  1.38  6.54 211.26  30.01  1.40 14.48 227.24   9.33  0.54  9.93 265.77  12.12
19840723 150000  8.9 176.9  2.06 14.42 222.27  25.82  3  1.41  6.57 209.64  30.29  1.42 14.42 228.17   9.59  0.49  9.50 267.62  11.48
19840723 180000  9.5 189.5  2.16 14.38 221.62  25.14  3  1.54  6.56 211.31  29.35  1.46 14.38 228.63   9.94  0.39  9.68 272.07  10.35
19840723 210000 11.4 187.2  2.41 14.38 219.88  24.98  3  1.83  6.54 210.84  28.01  1.54 14.38 228.96  10.29  0.35  9.51 273.93  10.10
19840724 000000  9.7 198.0  2.62 14.32 220.21  24.79  3  2.01  6.88 212.57  28.58  1.67 14.32 229.03  10.90  0.24  9.50 279.10  11.21
19840724 030000  9.8 173.4  2.74 14.09 220.80  25.03  4  2.02  7.12 212.14  29.63  1.83 14.09 229.16  11.42  0.27  9.16 274.67  12.96  0.17 20.48 223.21   8.46
19840724 060000 10.6 173.4  2.74 13.67 221.79  24.80  3  1.92  7.27 213.02  31.28  1.92 13.68 229.45  11.88  0.29 19.36 221.45   8.09
19840724 090000  9.5 170.9  2.74 13.44 221.87  24.78  4  1.82  7.20 210.12  31.09  1.98 13.44 230.06  12.34  0.46 18.81 221.77   7.67  0.20  9.09 281.99  13.54
19840724 120000 10.1 170.0  2.74 13.18 221.89  24.70  3  1.74  7.19 208.85  32.29  2.01 13.18 230.48  12.70  0.65 18.03 220.53   8.17
19840724 150000  8.1 171.3  2.71 13.00 222.68  23.83  3  1.65  7.18 209.57  32.06  1.97 13.00 230.98  13.09  0.86 17.50 220.63   8.54
19840724 180000 10.2 191.1  2.72 12.90 222.78  22.37  3  1.59  7.10 208.36  28.88  1.90 12.90 232.52  14.00  1.13 16.82 220.84   8.83
19840724 210000 11.0 187.9  2.86 16.40 220.94  22.88  3  1.84  6.75 209.77  28.94  1.68 12.56 233.05  13.72  1.40 16.43 220.91   8.42
19840725 000000 12.8 184.2  2.96 16.05 219.44  23.79  3  1.98  6.86 208.67  29.48  1.63 12.90 232.20  14.45  1.48 16.11 221.32   9.04
19840725 030000 10.1 176.0  3.03 15.39 219.72  23.90  2  2.10  7.33 212.31  30.42  2.18 15.39 225.80  12.68
19840725 060000 10.0 176.4  3.00 15.28 220.45  23.03  2  2.02  7.66 214.93  30.62  2.21 15.28 224.48  12.37
19840725 090000  8.8 172.3  2.96 15.31 220.41  22.09  2  1.89  7.79 215.55  30.52  2.28 15.31 223.34  12.68
19840725 120000  6.3 173.4  2.89 15.32 220.49  20.51  2  2.30 15.32 221.48  11.99  1.75  7.82 218.55  29.90
19840725 150000  5.6 181.5  2.80 15.23 220.80  18.46  2  2.33 15.23 220.60  12.07  1.56  7.90 221.31  27.81
19840725 180000  8.1 201.2  2.75 15.13 220.53  17.15  2  1.49  8.05 221.77  25.65  2.32 15.13 220.06  12.00
19840725 210000  7.7 192.7  2.73 14.95 220.00  17.33  2  1.51  8.09 219.45  25.04  2.27 14.95 220.23  12.52
19840726 000000  7.2 174.2  2.66 14.68 219.66  18.04  2  2.16 14.68 219.29  11.32  1.55  7.95 220.44  26.55
19840726 030000  6.9 176.5  2.56 14.55 219.42  18.37  2  2.06 14.55 219.13  11.18  1.51  7.84 220.00  27.07
19840726 060000  9.0 178.5  2.48 14.44 218.35  19.34  2  1.51  7.69 217.15  28.17  1.96 14.44 219.00  11.14
19840726 090000  8.3 169.6  2.42 14.34 217.10  20.61  2  1.51  7.42 214.19  29.68  1.89 14.34 218.74  11.29
19840726 120000 10.2 161.9  2.37 14.28 215.34  22.73  3  1.49  7.26 209.81  32.67  1.79 14.28 218.76  11.54  0.45 18.52 213.27   6.35
19840726 150000  6.8 181.5  2.30 14.26 215.82  21.23  3  1.39  7.02 211.21  31.31  1.65 14.26 219.29  11.77  0.80 17.17 213.02   9.12
19840726 180000  8.7 189.7  2.29 14.24 216.04  19.36  3  1.35  6.88 212.80  28.63  1.64 14.24 218.84  11.79  0.86 16.89 213.03   8.75
19840726 210000  9.2 193.0  2.36 16.18 215.58  19.22  2  1.45  6.52 212.87  27.72  1.86 16.18 217.08  10.89
19840727 000000 10.1 186.4  2.43 15.51 215.08  20.04  2  1.55  6.48 212.25  28.42  1.87 15.51 216.82  10.61
19840727 030000  8.3 181.9  2.47 15.30 215.41  20.38  2  1.62  6.68 213.68  28.70  1.86 15.30 216.57  10.01
19840727 060000  8.9 171.9  2.44 15.17 215.94  20.26  2  1.57  6.89 214.69  29.25  1.87 15.17 216.71   9.81
19840727 090000  7.2 173.1  2.39 14.99 216.34  19.61  2  1.47  6.90 215.06  29.25  1.89 14.99 217.03   9.89
19840727 120000  6.0 190.9  2.32 14.62 217.15  18.13  2  1.34  6.89 216.92  27.98  1.89 14.62 217.26   9.97
19840727 150000  6.3 179.6  2.30 14.50 217.46  17.33  2  1.32  6.91 217.56  26.71  1.88 14.50 217.41   9.85
19840727 180000  7.1 204.3  2.31 14.46 218.25  16.41  2  1.37  7.16 219.88  24.33  1.85 14.46 217.41   9.44
19840727 210000  7.7 202.6  2.33 14.40 218.45  16.39  2  1.47  7.42 219.78  23.29  1.81 14.40 217.64   9.38
19840728 000000  9.4 197.0  2.34 14.29 217.77  17.33  2  1.53  7.37 217.81  24.22  1.77 14.29 217.74   9.39
19840728 030000  6.2 173.2  2.31 14.12 217.61  18.69  2  1.73 14.12 218.32   9.81  1.52  6.98 216.59  25.98
19840728 060000  5.9 169.5  2.17 13.82 218.65  18.35  2  1.67 13.82 218.44   9.64  1.38  6.87 218.98  26.29
19840728 090000  5.5 158.4  2.02 13.62 218.91  18.28  2  1.61 13.62 218.73   9.73  1.23  6.74 219.26  27.24
19840728 120000  6.1 176.6  1.89 13.47 219.17  17.82  3  1.54 13.47 219.00  10.26  1.10  6.58 219.49  27.02  0.09 21.97 223.25   7.22
19840728 150000  5.0 158.6  1.79 13.31 218.85  18.12  3  1.48 13.31 219.07   9.75  1.01  6.43 217.97  28.23  0.08 14.65 294.57  15.91
19840728 180000  6.5 204.1  1.71 13.08 219.26  17.23  5  0.96  6.27 219.43  26.50  1.38 13.08 219.05   9.87  0.24 20.27 222.59   8.73  0.21 16.65 213.21   4.51  0.08 14.55 293.24  16.48
19840728 210000  8.4 190.1  1.74 12.81 217.99  18.60  5  1.06  6.10 215.65  27.09  1.28 12.81 219.04   9.93  0.48 16.27 218.02  10.22  0.21 20.62 223.96   7.46  0.08 14.50 294.33  16.47
19840729 000000  2.5 238.2  1.73 12.67 217.90  19.63  5  1.27 12.67 218.76  10.10  1.04  5.60 215.09  29.07  0.46 17.49 223.43  10.24  0.28 15.51 215.00   0.00  0.08 14.45 294.07  15.94
19840729 030000  3.9 161.6  1.64 12.65 219.53  17.96  5  1.07 12.43 219.10  10.83  0.89  5.71 219.67  28.41  0.81 14.80 219.24   9.22  0.30 19.86 221.70   6.42  0.08 14.38 293.83  16.23
19840729 060000  1.7 175.3  1.58 14.56 220.34  16.33  5  1.06 13.16 218.96  10.75  0.82 14.90 219.54   9.07  0.77  5.70 222.13  27.09  0.35 19.91 226.21   7.52  0.08 14.32 295.33  16.67
19840729 090000  1.0  11.0  1.55 15.25 220.90  14.95  4  1.34 15.27 219.86  10.37  0.65  5.66 223.76  26.09  0.39 19.45 223.28   7.15  0.08 14.24 296.14  16.79
19840729 120000  3.3 326.9  1.53 15.07 222.11  17.01  4  1.32 15.09 220.07  10.10  0.60  5.63 229.43  34.15  0.49 19.15 226.02   8.51  0.09 14.13 297.07  16.97
19840729 150000  2.8 283.1  1.53 14.61 222.48  15.09  3  1.38 14.62 221.95  15.62  0.66 18.53 223.86   8.50  0.09 13.90 298.23  16.87
19840729 180000  2.9 298.1  1.54 14.51 222.97  13.70  4  1.25 14.51 221.44  10.12  0.76 18.27 225.21   8.98  0.48  5.66 226.30  28.63  0.09 13.74 298.70  17.04
19840729 210000  1.4 311.2  1.57 14.33 223.54  12.65  3  1.37 14.35 222.66  12.74  0.76 18.17 225.68   8.90  0.09 13.65 299.19  17.21
19840730 000000  6.8 318.2  1.65 17.61 225.64  17.81  2  1.22 14.05 226.07  22.24  1.11 17.61 225.14  10.13
19840730 030000  2.9 285.6  1.71 17.31 225.83  16.62  2  1.35 14.37 226.07  19.32  1.05 17.31 225.44  10.68
19840730 060000  2.4 182.8  1.78 16.62 225.69  14.75  1  1.78 16.62 225.69  14.75
19840730 090000  3.1 215.9  1.84 16.34 225.51  13.46  1  1.84 16.34 225.51  13.46
19840730 120000  1.1 307.3  1.90 15.67 225.20  12.96  1  1.90 15.67 225.20  12.96
19840730 150000  2.0 185.7  1.93 15.40 224.81  12.65  1  1.93 15.40 224.81  12.65
19840730 180000  4.9 220.2  1.95 15.00 224.24  12.82  2  1.89 15.00 224.94  12.86  0.47 17.91 213.25   4.77
19840730 210000  4.8 198.8  1.95 14.63 223.58  13.28  1  1.95 14.63 223.58  13.28
19840731 000000  0.1 218.1  1.92 14.55 223.02  13.50  2  1.70 14.55 224.75  13.71  0.88 16.75 216.65  10.47
19840731 030000  4.5 200.2  1.88 14.73 222.64  13.38  3  1.52 14.22 224.31   8.71  1.01 16.34 214.93   9.60  0.42  8.79 250.54  31.92
19840731 060000  8.8 176.0  1.90 15.22 220.44  16.65  2  1.90 15.22 220.49  16.64  0.10 21.88 203.23   4.47
19840731 090000  9.0 178.0  1.99 15.11 216.71  21.49  3  0.78  3.70 185.18  35.65  1.82 15.11 221.44  12.15  0.21 20.57 207.42   7.24
19840731 120000 10.0 177.4  2.09 14.66 214.62  22.80  3  1.00  4.22 189.03  33.39  1.81 14.66 221.22  12.22  0.32 19.77 207.09   6.32
19840731 150000 11.0 181.8  2.24 14.47 212.34  24.47  3  1.24  4.72 190.57  32.28  1.82 14.47 221.25  12.58  0.43 19.14 207.66   6.92
19840731 180000 12.1 196.5  2.44 14.33 212.55  24.13  3  1.57  5.30 200.28  31.29  1.79 14.33 221.06  12.70  0.56 18.60 208.94   7.42
19840731 210000 13.0 195.0  2.68 14.22 213.14  24.52  2  2.61 14.22 213.37  25.10  0.61 18.04 209.19   7.13
19840801 000000 14.3 183.9  2.98 14.17 210.20  26.75  2  2.86 14.17 209.96  27.67  0.82 17.36 212.79  10.35
