Date     Time   Uabs UDir  hs    tp    th     sp     np hs(i) tp(i) th(i)  sp(i)
19900401 000000  9.9 193.1  3.24 14.23 218.71  22.09  5  1.94  6.51 215.22  29.05  2.56 14.17 218.85  11.55  0.35 14.60 296.87  12.53  0.19 19.07 294.95  10.13  0.18 12.49 308.74  11.07
19900401 030000  9.5 191.6  3.17 14.14 219.40  22.11  5  1.83  6.80 215.48  29.58  2.55 14.03 219.50  11.73  0.35 14.63 297.54  12.15  0.21 19.03 295.96  10.12  0.17 12.44 308.13  11.14
19900401 060000  8.9 191.0  3.05 13.91 219.73  21.98  4  3.02 13.76 218.55  19.56  0.33 14.65 298.44  11.65  0.21 19.00 296.38  10.59  0.17 12.41 307.72  11.02
19900401 090000  8.2 187.7  2.91 13.64 220.42  21.68  3  2.88 13.58 219.20  19.14  0.36 14.65 300.58  12.18  0.22 18.89 295.83  10.92
19900401 120000  9.0 188.6  2.78 13.51 220.96  21.57  3  2.75 13.47 219.65  18.87  0.34 14.60 301.04  11.91  0.23 18.24 294.49  10.81
19900401 150000  8.3 200.6  2.70 13.43 221.44  21.65  3  2.67 13.39 219.98  18.67  0.34 14.49 301.05  11.59  0.25 17.86 293.26  11.30
19900401 180000  7.2 218.2  2.66 13.37 222.53  21.53  3  2.62 13.31 220.91  18.24  0.35 14.31 300.69  11.40  0.27 17.79 294.79  10.09
19900401 210000  9.2 207.9  2.63 13.30 223.28  21.67  3  2.59 13.20 221.50  18.08  0.36 14.08 300.09  11.40  0.28 17.77 296.38  10.44
19900402 000000 10.5 203.2  2.66 13.23 222.61  22.39  3  2.62 13.08 220.79  18.85  0.37 13.91 299.83  11.51  0.29 17.75 297.04  10.52
19900402 030000  6.0 190.8  2.62 13.11 222.98  22.62  4  1.46  6.37 218.50  28.47  2.13 12.90 222.16  12.02  0.37 13.82 299.60  11.72  0.29 17.64 296.52  10.78
19900402 060000  5.9 206.5  2.55 12.90 223.89  21.95  5  1.27  6.66 220.29  28.52  2.15 12.76 222.36  12.33  0.35 13.76 299.54  11.26  0.31 17.04 295.05  10.90  0.07 10.99 312.63   7.67
19900402 090000  4.0 203.9  2.47 12.77 224.62  21.33  5  2.35 12.66 222.79  17.43  0.59 16.26 217.99   7.69  0.34 13.70 300.03  11.01  0.32 16.69 293.80  10.66  0.07 10.99 312.42   7.62
19900402 120000  5.7 202.7  2.41 12.68 225.14  20.89  4  2.36 12.58 222.90  16.27  0.33 13.65 299.99  11.03  0.33 16.63 293.81  10.37  0.07 10.99 312.66   7.72
19900402 150000  4.0 230.8  2.35 12.61 225.56  20.78  4  2.31 12.50 223.23  15.85  0.34 16.60 295.33  10.54  0.31 13.62 300.74  10.01  0.07 10.99 312.60   7.70
19900402 180000  7.3 231.1  2.33 12.56 225.97  21.01  5  2.11 12.41 224.41  16.58  0.86 15.48 218.20   8.15  0.35 16.59 296.23  10.57  0.32 13.58 300.21  10.62  0.07 10.97 312.51   7.64
19900402 210000  6.4 208.3  2.33 12.56 225.70  21.68  4  2.15 12.35 223.96  17.01  0.75 15.69 216.62   8.55  0.36 16.55 296.64  10.44  0.33 13.56 301.29  10.25
19900403 000000  5.7 203.1  2.34 12.66 225.01  22.19  4  2.02 12.29 224.06  18.33  1.06 15.03 216.65   9.04  0.37 16.41 296.42   9.98  0.32 13.46 301.90  10.30
19900403 030000  4.6 204.1  2.32 14.67 224.53  22.37  4  1.98 12.32 222.86  18.46  1.11 14.82 218.49  10.62  0.38 15.76 294.41  10.87  0.33 13.45 301.39  10.22
19900403 060000  4.7 189.3  2.30 14.39 223.80  22.52  4  1.96 12.41 222.49  18.70  1.09 14.73 216.54   9.45  0.38 15.59 293.69  10.83  0.32 13.36 301.61   9.89
19900403 090000  6.7 183.8  2.25 14.17 223.12  22.78  4  2.20 14.16 220.27  17.27  0.38 15.53 293.62  10.50  0.31 13.20 301.04  10.43  0.08 20.39 216.49   7.38
19900403 120000  8.5 198.6  2.22 14.06 222.23  23.39  3  2.16 14.10 219.24  17.72  0.39 15.52 293.44  11.28  0.31 13.02 301.01  10.44
19900403 150000  7.9 199.6  2.17 13.63 222.20  24.19  4  2.11 13.72 218.97  18.31  0.40 15.50 293.81  11.56  0.30 12.98 301.45  10.41  0.13 19.16 218.39   5.99
19900403 180000 10.1 211.5  2.20 13.40 222.36  24.60  5  1.33  5.90 217.58  25.61  1.68 13.43 220.11  13.15  0.41 15.46 295.10  11.14  0.30 12.94 300.98  10.82  0.15 19.08 216.90   7.35
19900403 210000 11.4 203.5  2.42 13.33 221.39  25.35  3  2.36 13.33 218.79  21.16  0.50 15.38 297.24  11.37  0.22 18.27 220.85  11.93
19900404 000000  7.7 203.7  2.57 13.31 221.09  25.99  5  2.16  7.43 218.72  25.45  1.28 13.28 219.54  12.60  0.48 15.12 296.69  12.40  0.28 17.86 219.26  10.96  0.07 19.23 298.36  10.31
19900404 030000  8.4 200.2  2.62 13.35 221.90  24.88  6  2.22  8.17 219.97  24.36  1.25 13.30 220.36  12.37  0.40 14.59 295.23  11.60  0.34 17.79 218.68   9.25  0.22 12.54 301.67  11.10  0.07 19.11 298.77   9.26
19900404 060000  7.1 194.6  2.69 13.54 222.49  23.14  6  2.14  8.61 220.48  23.78  1.53 13.38 221.79  11.98  0.37 14.49 294.88  11.47  0.33 17.89 220.52   6.52  0.21 12.53 303.32   9.49  0.08 19.01 298.30   9.24
19900404 090000  6.0 196.6  2.83 13.43 223.57  20.88  6  2.00 13.34 223.63  12.39  1.89  8.79 220.65  23.61  0.53 17.61 222.23   8.03  0.34 14.50 294.13  10.51  0.24 12.66 303.13  10.16  0.09 18.85 298.34   8.88
19900404 120000  7.5 197.3  2.99 13.18 224.69  19.30  5  2.74 13.18 223.06  17.50  1.13 16.26 226.38  12.12  0.35 14.46 295.33  10.72  0.21 12.53 301.93  10.84  0.11 18.61 298.83   9.32
19900404 150000  6.7 217.5  3.11 13.01 225.76  18.40  4  2.80 13.01 224.30  16.77  1.28 16.07 226.63  11.85  0.41 14.44 297.43  11.03  0.12 18.22 298.67   9.03
19900404 180000  9.0 219.4  3.24 14.72 226.19  18.05  4  2.42 12.16 223.96  18.35  2.11 15.09 226.80  11.50  0.41 14.41 297.47  11.17  0.14 18.00 296.42  11.21
19900404 210000  8.0 206.5  3.31 14.47 225.82  18.15  3  3.28 14.50 224.90  16.08  0.40 14.38 297.02  12.15  0.15 17.89 296.80  10.79
19900405 000000  5.5 223.2  3.30 14.26 225.27  18.02  3  3.28 14.26 224.41  16.05  0.37 14.27 298.24  11.40  0.17 17.80 296.91  10.44
19900405 030000  6.4 208.1  3.25 13.88 224.74  17.67  3  3.23 13.88 223.93  15.73  0.34 13.85 298.56  11.62  0.18 17.70 297.19  10.18
19900405 060000  7.4 201.5  3.18 13.91 223.91  17.65  3  3.16 15.06 223.12  15.73  0.33 13.55 298.21  12.41  0.19 17.53 297.40  10.02
19900405 090000  6.8 195.3  3.07 14.33 223.24  17.85  4  3.05 14.47 222.40  15.83  0.31 13.50 297.56  13.08  0.20 17.20 297.61   9.95  0.08 23.19 221.87   8.08
19900405 120000  7.7 192.3  2.95 14.28 222.84  18.10  4  2.92 14.34 221.91  15.84  0.30 13.47 298.36  11.84  0.22 16.91 298.01   9.95  0.10 22.27 221.07   8.49
19900405 150000  6.8 211.6  2.81 14.18 222.82  18.31  4  2.78 14.23 221.73  15.66  0.30 13.46 298.27  11.69  0.24 16.78 298.13   9.85  0.12 21.92 221.73   8.41
19900405 180000  8.9 215.0  2.74 14.06 222.81  18.79  4  2.71 14.13 221.59  15.91  0.30 13.46 298.30  11.55  0.26 16.71 298.16   9.84  0.15 21.71 221.46   9.09
19900405 210000  9.5 206.1  2.72 13.73 222.13  19.78  4  2.69 13.82 220.84  16.95  0.29 13.45 298.45  11.51  0.28 16.64 298.10   9.91  0.18 21.27 222.32   7.97
19900406 000000  7.3 193.1  2.71 13.56 221.00  20.48  6  1.38  6.67 218.26  28.39  2.29 13.59 220.19  11.66  0.28 13.43 298.50  11.88  0.28 16.55 297.72   9.91  0.23 20.52 221.98   9.10  0.06 21.75 305.84   9.61
19900406 030000  7.2 195.5  2.74 13.52 219.92  19.99  4  2.71 13.54 218.66  17.25  0.29 16.40 298.10  10.48  0.26 13.37 298.83  11.68  0.24 20.43 225.38   7.60
19900406 060000  6.3 191.6  2.82 13.58 218.91  19.17  3  2.80 13.60 217.76  16.31  0.31 16.13 297.86  10.98  0.25 13.23 299.02  11.83
19900406 090000  4.6 176.3  2.91 13.78 218.24  18.30  3  2.88 13.78 217.10  15.23  0.40 15.86 298.21  11.15  0.09 20.44 306.05   9.14
19900406 120000  6.3 190.9  2.99 14.15 217.85  17.61  4  2.96 14.07 216.70  14.26  0.35 15.74 297.52  10.53  0.21 12.53 300.95  11.44  0.11 20.36 305.89   9.18
19900406 150000  5.1 206.7  3.03 14.30 217.72  17.20  4  2.99 14.20 216.54  13.64  0.36 15.67 297.52  10.66  0.21 12.55 300.47  11.34  0.12 20.34 306.09   9.50
19900406 180000  7.3 226.1  3.05 14.40 217.99  16.95  4  3.02 14.27 216.83  13.36  0.36 15.60 297.72  10.75  0.20 12.53 299.67  11.33  0.12 20.32 306.15   9.93
19900406 210000  7.7 210.3  3.07 14.62 218.23  17.28  4  3.04 14.43 217.07  13.84  0.36 15.51 297.43  10.77  0.21 12.56 299.95  11.35  0.12 20.22 306.25   9.72
19900407 000000  7.2 204.4  3.02 14.82 218.38  17.72  4  2.99 14.65 217.11  14.04  0.36 15.38 297.53  10.79  0.21 12.57 299.16  11.38  0.15 19.36 306.00   9.34
19900407 030000  5.8 201.0  2.94 14.87 218.65  18.24  4  2.90 14.77 217.16  13.99  0.37 15.23 297.51  10.77  0.21 12.61 298.90  11.25  0.19 19.08 305.75   9.09
19900407 060000  4.8 187.2  2.84 14.82 219.04  18.56  3  2.80 14.78 217.29  13.56  0.44 15.04 297.78  10.90  0.22 19.03 305.51   9.48
19900407 090000  4.6 198.7  2.73 14.72 219.43  18.64  3  2.69 14.70 217.47  12.97  0.45 14.85 297.70  10.92  0.22 19.01 305.38  10.00
19900407 120000  6.4 220.7  2.63 14.64 219.72  18.71  3  2.58 14.62 217.60  12.56  0.45 14.74 297.68  10.97  0.21 18.98 305.18  10.33
19900407 150000  5.9 197.7  2.55 14.58 219.61  19.25  4  2.50 14.56 217.34  12.81  0.43 14.65 297.06  11.04  0.22 18.82 305.19   9.97  0.13 11.60 303.84   9.01
19900407 180000  7.1 219.6  2.51 14.57 219.43  19.93  4  2.45 14.57 216.92  12.95  0.42 14.55 297.10  10.95  0.26 18.03 304.86   9.71  0.16 11.79 301.48  11.68
19900407 210000  6.4 207.5  2.48 14.57 219.07  20.79  4  2.42 14.61 216.26  13.13  0.42 14.45 296.85  11.16  0.30 17.85 304.96   9.47  0.15 11.75 302.72  10.45
19900408 000000  8.3 199.1  2.46 14.58 218.25  21.54  4  2.40 14.69 215.23  13.47  0.42 14.36 296.79  11.16  0.32 17.81 305.05   9.73  0.15 11.72 302.28  10.78
19900408 030000  6.1 186.0  2.40 14.62 217.70  22.35  5  0.69  4.02 210.74  32.27  1.99 14.31 216.15  11.11  1.01 16.65 209.51   7.69  0.45 14.28 297.07  11.27  0.32 17.79 305.05  10.15
19900408 060000  6.9 186.4  2.30 14.67 217.53  22.92  3  2.23 15.04 213.97  13.99  0.46 14.21 296.73  11.36  0.32 17.74 304.26  10.70
19900408 090000  6.3 178.2  2.21 14.67 217.50  23.94  3  2.13 14.93 213.49  14.32  0.46 14.12 296.43  11.43  0.33 17.57 303.83  10.71
19900408 120000  6.2 193.6  2.13 14.60 218.15  25.06  3  2.04 14.74 213.46  14.32  0.46 13.97 295.89  12.25  0.36 16.93 303.75  10.37
19900408 150000  5.8 199.1  2.08 14.51 219.34  25.75  3  1.99 14.60 214.05  13.84  0.46 13.77 295.62  12.74  0.39 16.73 304.15  10.06
19900408 180000  6.5 219.2  2.10 14.45 220.02  25.58  4  1.95 14.54 214.80  13.97  0.49 20.03 213.91   8.17  0.46 13.63 295.09  13.57  0.41 16.67 304.58  10.09
19900408 210000  6.7 215.2  2.23 14.44 219.93  24.70  5  0.54  3.40 218.23  30.81  1.87 14.55 215.84  13.03  0.91 18.51 212.22   7.89  0.46 13.54 294.21  14.33  0.40 16.65 304.88  10.27
19900409 000000  6.0 186.6  2.41 17.13 219.21  23.88  4  1.89 14.71 217.23  17.56  1.36 17.61 212.13   8.20  0.44 13.48 294.90  13.45  0.41 16.61 304.85  10.31
19900409 030000  6.2 176.3  2.59 16.92 218.76  23.34  4  2.49 17.25 214.38  14.19  0.43 16.50 303.95  10.83  0.41 13.43 295.81  11.97  0.41  9.56 263.60   8.11
19900409 060000  7.6 181.6  2.75 16.61 218.33  23.27  4  0.92  9.38 237.91  37.17  2.52 16.69 213.12   8.80  0.44 16.22 303.32  10.92  0.40 13.41 295.38  11.97
19900409 090000  7.6 182.2  2.84 16.42 218.34  23.30  4  0.98  8.99 236.42  37.74  2.60 16.49 213.34   9.31  0.45 15.78 303.19  10.93  0.40 13.38 295.40  11.94
19900409 120000 11.1 188.6  2.97 16.26 217.89  23.90  5  0.88  3.77 191.71  34.04  2.67 16.34 214.37   9.22  0.76  8.60 258.57  14.12  0.45 15.66 303.52  10.95  0.39 13.34 295.32  11.96
19900409 150000  9.6 193.6  3.09 16.04 218.65  23.98  4  1.02  4.30 196.06  34.97  2.86 16.16 218.68  15.21  0.44 15.61 304.09  10.95  0.38 13.28 296.37  10.86
19900409 180000 11.1 210.8  3.24 15.75 220.77  23.15  3  3.19 15.81 218.92  19.40  0.43 15.59 304.76  10.83  0.37 13.14 296.42  10.93
19900409 210000 12.2 201.2  3.43 15.55 221.87  24.13  2  3.38 15.55 220.24  21.14  0.56 15.52 301.58  11.45
19900410 000000 10.5 194.2  3.50 15.39 221.81  25.42  4  2.16  6.14 226.91  33.25  2.70 15.38 216.69  10.45  0.48 15.44 303.65  10.72  0.26 12.58 299.17   9.13
19900410 030000 11.2 186.5  3.43 15.25 221.45  26.36  4  2.17 11.76 225.04  34.27  2.60 15.25 216.78  10.60  0.48 15.29 303.06  11.22  0.27 12.58 298.77   9.23
19900410 060000  9.6 177.4  3.25 15.06 221.65  27.10  4  2.10 11.41 226.45  34.74  2.42 15.06 215.77   9.51  0.48 15.02 302.27  11.44  0.26 12.55 298.21   9.39
19900410 090000  9.9 183.1  3.06 14.72 221.87  27.22  4  1.97 10.96 227.31  34.93  2.29 14.72 215.60   9.31  0.45 14.79 302.19  11.78  0.26 12.59 298.35   9.15
19900410 120000 10.2 176.4  3.01 14.56 220.50  27.68  4  1.98  7.65 223.49  35.52  2.20 14.54 215.61   9.44  0.43 14.68 302.30  11.78  0.26 12.59 299.42   9.71
19900410 150000 10.9 194.8  3.14 14.46 220.30  26.05  4  3.01 14.43 215.98  21.44  0.78 10.29 262.72   7.50  0.42 14.62 303.12  11.40  0.24 12.56 299.70  10.17
19900410 180000 12.3 206.0  3.49 14.40 220.03  24.21  2  3.46 14.36 218.88  22.05  0.48 14.55 302.78  10.94
19900410 210000 12.1 202.4  3.68 14.35 219.68  23.85  3  3.03  9.58 220.25  25.38  2.04 14.30 215.39   9.78  0.48 14.50 302.76  11.10
19900411 000000  9.4 199.9  3.59 14.28 219.49  23.90  3  2.91  9.47 219.87  25.54  2.04 14.23 215.68  10.27  0.47 14.44 303.04  10.57
19900411 030000  6.8 196.7  3.31 14.16 220.07  23.44  2  3.28 14.11 218.82  21.00  0.47 14.37 302.37  10.88
19900411 060000  6.0 200.6  3.03 13.85 220.52  22.80  3  2.97 13.76 218.40  19.11  0.47 14.27 301.23  11.70  0.35  9.55 269.50   6.01
19900411 090000  4.1 203.0  2.78 13.58 220.79  22.41  3  2.73 13.53 218.48  18.16  0.46 14.13 301.35  11.67  0.33  9.40 270.01   6.19
19900411 120000  4.3 208.2  2.58 13.45 221.03  22.34  3  2.52 13.40 218.30  17.24  0.45 13.91 301.27  12.28  0.35  9.19 270.40   6.36
19900411 150000  3.8 237.4  2.42 13.35 221.20  22.48  5  2.35 13.28 218.15  16.73  0.44 13.77 301.91  11.97  0.35  9.04 268.68   6.79  0.10 19.19 213.93   6.47  0.06 21.76 308.79   8.47
19900411 180000  6.9 237.0  2.30 13.19 221.58  22.83  5  2.22 13.00 218.19  16.54  0.43 13.68 302.14  11.91  0.36  8.92 268.45   7.60  0.13 18.97 216.43   6.93  0.07 21.70 309.01   8.55
19900411 210000  3.5 226.6  2.19 12.82 221.72  23.48  5  2.11 12.69 218.14  16.90  0.43 13.62 302.02  11.95  0.33  8.98 269.07   7.12  0.17 18.06 216.76   7.50  0.08 21.36 308.54   8.61
19900412 000000  6.1 207.3  2.09 12.64 221.66  24.19  5  2.00 12.57 217.52  16.86  0.43 13.57 302.32  11.35  0.35  9.09 267.02   8.19  0.19 17.89 216.86   7.29  0.11 20.44 307.78   8.79
19900412 030000  4.7 211.2  1.98 12.54 221.77  25.06  5  1.88 12.47 216.94  16.84  0.43 13.54 302.54  10.87  0.37  9.08 266.30   7.98  0.19 17.81 216.89   7.03  0.12 20.35 307.56   8.86
19900412 060000  6.1 197.5  1.89 12.38 222.05  25.99  6  1.78 12.30 216.16  16.60  0.43 13.51 302.33  11.03  0.31  8.93 267.71   8.34  0.28 11.21 261.58   7.51  0.21 17.35 216.68   7.58  0.13 20.33 307.91   9.04
19900412 090000  4.6 182.0  1.82 11.94 222.74  27.07  5  1.68 11.88 215.75  16.75  0.46 10.93 265.58   7.81  0.43 13.49 303.04  10.53  0.25 16.71 216.78   7.59  0.14 20.28 308.45   9.38
19900412 120000  5.8 191.7  1.76 11.76 223.91  28.18  5  1.60 11.73 215.30  16.38  0.52 10.81 265.82   8.04  0.42 13.47 303.35  10.57  0.26 16.65 216.26   8.77  0.16 20.03 308.67   8.89
19900412 150000  6.7 212.6  1.72 11.64 225.25  29.53  6  0.39  2.88 204.19  31.58  1.48 11.62 215.29  14.43  0.60 10.87 267.09   9.03  0.39 13.46 306.04   8.78  0.26 16.56 213.66   8.61  0.19 19.17 308.06   8.58
19900412 180000  7.0 210.2  1.74 11.33 226.39  30.76  5  1.52 11.33 214.51  17.59  0.66 11.01 267.21   9.06  0.38 13.38 306.11   8.91  0.32 15.79 209.78   9.94  0.23 19.03 307.33   8.82
19900412 210000  6.5 202.2  1.72 11.08 227.68  31.90  5  1.42 11.06 214.27  18.29  0.72 11.01 267.52   8.62  0.48 15.34 206.54   8.45  0.38 12.99 304.78  10.24  0.24 19.00 307.17   9.07
19900413 000000  5.2 224.6  1.71 11.01 228.78  32.57  6  0.98  7.76 215.67  23.30  0.88 10.97 211.75   9.23  0.80 11.07 268.62  10.27  0.63 14.37 206.41   7.90  0.34 12.89 308.18   8.17  0.24 18.97 307.61   9.29
19900413 030000  4.6 203.9  1.70 12.98 230.24  33.28  6  0.87  7.66 216.87  23.25  0.85 12.40 268.87  10.39  0.83 10.96 210.66   9.23  0.75 13.71 205.95   7.50  0.33 12.89 308.00   8.24  0.25 18.85 308.12   9.63
19900413 060000  5.9 191.3  1.71 12.88 231.50  34.40  5  0.80  7.62 215.29  23.20  1.13 13.30 207.84   8.35  0.89 11.69 269.11  10.54  0.34 12.89 307.82   8.25  0.29 18.15 308.36   9.02
19900413 090000  5.6 186.5  1.70 12.68 233.20  35.78  5  0.76  7.50 213.27  24.02  1.12 12.98 207.41   7.93  0.92 11.36 269.45  10.67  0.35 17.84 307.61   9.12  0.34 12.87 307.78   8.29
19900413 120000  6.5 184.2  1.67 12.51 234.95  36.87  5  0.70  7.17 211.41  25.67  1.09 12.67 207.10   7.69  0.92 11.09 269.14  10.11  0.37 17.76 306.82   9.41  0.37 12.89 306.31   8.84
19900413 150000  7.1 201.1  1.66 12.40 235.48  37.29  5  0.75  7.09 210.17  26.49  1.03 12.50 207.18   7.51  0.92 10.88 269.33  10.36  0.37 17.73 306.23   9.94  0.36 12.80 306.40   8.95
19900413 180000  9.2 214.8  1.68 12.28 235.63  36.46  5  0.90  3.98 215.29  26.05  0.96 12.33 207.17   7.32  0.92 10.58 269.86  10.99  0.36 17.69 306.54   9.99  0.33 12.76 307.46   8.62
19900413 210000  9.1 206.0  1.74 11.89 234.00  36.69  6  1.07  4.58 215.25  27.93  0.90 10.41 269.99  11.29  0.90 12.01 207.28   7.35  0.37 17.56 307.22  10.12  0.31 12.68 307.95   8.37  0.08 17.95 217.76   8.16
19900414 000000  8.2 195.6  1.71 11.72 233.87  38.43  6  1.10  4.87 211.69  29.11  0.88 10.29 269.44  10.92  0.82 11.83 207.28   7.21  0.40 16.96 307.90   9.53  0.33 12.59 305.98   8.91  0.09 17.82 217.13   7.91
19900414 030000  6.2 190.5  1.58 11.55 239.03  40.06  6  0.93  4.89 210.32  30.48  0.87 10.17 269.33  11.11  0.75 11.71 207.38   7.32  0.45 16.69 307.79   9.27  0.32 12.56 306.04   8.90  0.11 17.70 216.77   8.11
19900414 060000  7.6 187.6  1.48 16.62 243.38  40.95  6  0.80  4.74 208.16  31.24  0.85 10.01 269.20  11.35  0.69 11.56 207.51   7.41  0.47 16.61 307.05   9.61  0.33 12.55 305.41   9.73  0.13 17.17 217.09   8.25
19900414 090000  7.2 179.7  1.42 16.58 244.90  42.16  6  0.74  4.14 203.06  32.78  0.84  9.79 269.36  11.78  0.64 11.29 207.58   7.49  0.47 16.57 306.22  10.01  0.31 12.53 306.42   9.62  0.15 16.75 217.64   9.19
19900414 120000  6.4 183.1  1.34 16.54 248.44  42.04  6  0.64  3.97 201.54  35.11  0.82  9.65 268.66  12.01  0.59 11.12 207.46   7.59  0.46 16.53 305.75  10.30  0.32 12.44 304.85  10.79  0.17 16.68 218.50  10.78
19900414 150000  4.8 212.5  1.25 16.47 253.87  40.02  6  0.96  9.53 254.20  33.77  0.55 11.03 207.32   7.67  0.45 16.46 306.08  10.35  0.31 12.32 305.17  10.69  0.18 16.48 217.19   8.32  0.07 17.85 250.64   6.92
19900414 180000  6.6 230.6  1.23 16.23 256.69  37.87  6  0.95  9.43 256.44  29.40  0.51 10.91 207.16   7.81  0.46 16.25 306.98  10.13  0.30 12.04 304.87  10.58  0.21 15.87 218.06   9.04  0.10 17.17 251.50   5.64
19900414 210000  5.7 219.3  1.21 15.76 259.25  37.05  6  0.93  9.24 257.67  27.87  0.48 15.74 307.73   9.67  0.47 10.69 207.09   8.26  0.29 11.90 304.16  11.21  0.22 15.64 216.65   7.76  0.16 16.64 250.03   7.03
19900415 000000  2.2 197.8  1.17 15.61 262.15  36.72  6  0.87  9.07 260.10  27.13  0.49 15.59 307.78   9.57  0.43 10.48 206.92   8.37  0.28 11.82 303.72  11.66  0.23 15.54 217.80   8.55  0.22 16.21 250.59   7.00
19900415 030000  0.6 109.7  1.13 15.51 264.15  35.33  7  0.80  8.96 262.63  24.37  0.49 15.52 307.19   9.95  0.40 10.36 206.75   8.49  0.30 15.61 250.70   6.22  0.27 11.80 303.90  11.51  0.25 15.32 218.90   9.31  0.07 20.37 306.01   8.31
19900415 060000  1.6 170.5  1.12 15.39 264.43  33.74  7  0.76  8.88 263.78  21.91  0.49 15.48 306.41  10.32  0.39 15.15 250.45   6.38  0.37 10.27 207.22   9.36  0.27 14.69 218.72   9.29  0.27 11.78 304.48  11.50  0.09 20.33 306.23   8.18
19900415 090000  1.8 153.9  1.14 15.23 263.73  31.99  8  0.70  8.39 265.27  20.61  0.50 14.54 249.54   7.15  0.48 15.44 305.91  10.51  0.33 10.14 206.12   8.26  0.27 11.77 304.38  12.08  0.26 14.61 217.19   7.84  0.26  9.22 250.23   8.76  0.09 20.33 305.78   8.44
19900415 120000  3.1 212.5  1.17 15.02 262.56  30.35  8  0.58 14.11 250.45   6.82  0.56  8.39 271.79  19.27  0.49  8.97 251.55  10.58  0.48 15.38 306.39  10.05  0.31  9.89 206.42   8.74  0.30 14.40 220.61  10.09  0.26 11.75 304.72  12.12  0.08 20.30 305.02   8.82
19900415 150000  4.8 196.5  1.24 14.33 260.01  30.06  7  0.77  8.53 258.78  23.11  0.71 13.59 248.93   8.13  0.48 15.26 307.10   9.94  0.28  9.72 206.22   8.80  0.26 14.43 215.02   7.04  0.25 11.72 304.09  13.18  0.10 19.52 305.31   8.28
19900415 180000  7.9 219.3  1.36 13.90 255.66  30.20  8  0.49  2.90 223.33  30.53  0.81 13.20 248.45   8.50  0.74  8.42 261.14  17.04  0.47 14.96 307.81   9.75  0.25  9.63 205.52   8.43  0.24 13.83 212.95   6.05  0.23 11.65 303.82  13.48  0.14 19.04 305.40   8.50
19900415 210000  6.9 218.6  1.47 12.89 253.76  29.00  8  0.65  3.71 231.42  31.37  0.90 12.78 248.40   8.47  0.74  8.34 260.45  16.40  0.46 14.68 308.06   9.71  0.24 13.65 212.20   5.73  0.23  9.55 205.18   8.45  0.22 11.55 303.20  13.51  0.17 19.01 305.71   8.31
19900416 000000  5.0 211.4  1.47 12.65 254.04  27.56  8  0.99 12.58 249.02   7.98  0.90  8.27 250.97  28.06  0.44 14.56 307.85   9.83  0.27 13.61 214.70   7.54  0.21  9.42 204.93   8.69  0.20 11.30 305.03  11.47  0.18 18.99 304.99   8.81  0.06 20.24 219.58   7.32
19900416 030000  1.8 212.0  1.46 12.37 254.46  25.74  7  1.34 12.30 250.93  17.71  0.42 14.49 307.22  10.10  0.28 13.40 214.72   7.18  0.19  9.19 203.77   7.77  0.19 11.14 304.92  11.64  0.16 18.99 304.43   8.94  0.08 20.09 220.63   8.09
19900416 060000  2.4 218.1  1.46 12.04 255.04  24.44  7  1.33 11.96 252.06  15.70  0.42 14.45 306.65  10.27  0.32 13.36 217.74   9.20  0.18 11.07 305.44  11.62  0.18  9.10 203.74   7.99  0.16 18.72 304.59   8.61  0.10 19.80 219.68   7.55
19900416 090000  2.1 222.8  1.47 11.87 256.04  24.02  7  1.33 11.82 252.55  14.13  0.43 14.40 306.45  10.38  0.31 12.93 216.70   8.47  0.21 17.83 305.23   8.54  0.18 11.04 305.72  11.74  0.17  9.08 204.09   8.44  0.13 18.99 219.86   7.43
19900416 120000  1.8 189.6  1.49 11.79 256.75  24.09  7  1.35 11.76 252.33  13.58  0.43 14.33 307.29   9.84  0.27 17.77 305.32   8.58  0.26 12.72 212.48   6.23  0.17 11.02 305.86  12.20  0.16 18.65 220.20   7.61  0.16  8.99 202.35   6.64
19900416 150000  1.2 169.3  1.52 11.77 256.09  23.60  7  1.37 11.73 252.27  12.94  0.42 14.24 307.75   9.86  0.28 17.75 305.02   8.71  0.28 12.67 214.57   7.35  0.20 18.07 220.49   7.99  0.17 11.00 305.79  12.14  0.15  8.97 202.40   7.00
19900416 180000  6.2 213.0  1.61 11.86 253.06  23.25  6  1.49 11.75 249.89  15.36  0.40 14.08 308.27   9.72  0.26 12.62 211.97   6.47  0.25 17.75 304.63   8.88  0.25 17.76 220.54   7.81  0.16 10.99 305.35  12.60
19900416 210000 10.2 192.9  1.90 11.84 242.38  28.98  7  0.93  4.09 209.62  31.73  1.55 11.77 249.25  13.47  0.36 13.81 308.62   9.62  0.29 17.40 219.65   7.54  0.21 17.70 304.31   8.75  0.21 12.64 209.66   5.66  0.15 10.97 305.69  12.65
19900417 000000  7.7 193.3  2.12 11.76 238.97  28.88  6  2.05 11.76 237.12  26.55  0.33 13.65 308.03  10.22  0.32 16.88 218.99   7.37  0.23 16.85 304.64   8.78  0.12 10.96 309.90  10.18  0.07 22.07 227.95   8.14
19900417 030000 10.0 189.2  2.37 11.59 235.09  28.90  7  2.15 11.53 234.84  28.30  0.83 11.72 225.21   9.10  0.37 16.61 219.20   7.78  0.30 13.56 307.89  10.25  0.29 16.63 305.21   8.57  0.11 21.49 226.84   8.75  0.10 10.94 314.35   7.87
19900417 060000  8.7 181.3  2.60 11.19 231.02  28.71  6  2.29 11.11 223.80  26.46  1.08 11.27 253.67   9.68  0.41 16.32 218.55   7.89  0.34 16.59 304.58   9.53  0.28 13.50 308.18   9.97  0.12 20.94 228.13   8.25
19900417 090000  8.5 172.0  2.70 10.80 228.28  28.07  7  2.39 10.09 222.18  26.16  1.07 11.14 248.97   9.89  0.44 15.80 218.11   7.87  0.32 16.59 305.20   8.61  0.28 13.46 307.90  10.23  0.15 20.44 228.26   8.12  0.09 10.93 310.73  12.30
19900417 120000  7.9 175.3  2.67 10.40 225.88  27.41  7  2.49 10.12 222.28  25.19  0.69 11.12 254.74   8.02  0.50 15.54 217.43   8.02  0.28 13.42 308.39  10.04  0.28 16.58 304.92   8.71  0.19 20.03 227.46   8.85  0.08 10.51 311.80  11.28
19900417 150000  7.7 172.7  2.60 10.32 222.20  26.81  7  2.40  9.77 218.63  24.73  0.67 10.97 252.17   7.79  0.59 15.09 216.31   8.84  0.27 13.38 308.72  10.10  0.23 16.51 303.85   9.62  0.22 19.30 228.64   8.12  0.08 10.40 310.48  12.56
19900417 180000  9.0 199.5  2.58 10.89 219.01  25.17  7  2.39 11.73 215.27  22.49  0.63 10.73 252.66   7.03  0.62 14.87 218.14   7.35  0.26 13.33 308.88  10.16  0.24 19.09 229.57   8.17  0.23 15.72 304.85   8.84  0.06 10.37 315.22   9.63
19900417 210000 10.2 199.5  2.67 11.25 217.27  24.44  6  2.48 11.81 214.08  21.64  0.67 14.65 216.87   8.73  0.55 10.63 253.01   7.22  0.29 18.70 227.55   9.05  0.28 15.55 305.16   9.03  0.24 13.22 309.53  10.20
19900418 000000  8.7 186.8  2.60 11.41 217.28  25.18  6  2.42 11.78 214.23  22.42  0.67 14.55 218.02   8.98  0.45 10.57 252.34   7.35  0.33 15.52 305.39   8.63  0.31 17.96 228.09   8.23  0.21 12.97 309.18  11.07
19900418 030000  5.5 195.6  2.40 11.35 218.39  25.00  5  2.24 11.32 216.54  22.62  0.70 14.18 216.12   8.42  0.34 15.51 305.17   8.94  0.32 17.82 229.13   8.27  0.19 12.75 309.98  10.29
19900418 060000  4.5 203.6  2.22 11.13 219.07  24.11  5  2.05 11.10 217.37  21.45  0.68 13.75 215.04   9.28  0.33 17.65 226.75   9.30  0.32 15.50 304.84   9.04  0.18 12.66 310.18  10.23
19900418 090000  2.2 200.1  2.05 10.92 219.34  23.11  5  1.90 10.90 217.70  20.40  0.60 13.69 214.39   8.93  0.36 16.76 227.72   8.48  0.28 15.47 304.36   9.43  0.18 12.61 309.32  11.29
19900418 120000  2.1 268.1  1.91 10.70 219.61  22.70  6  1.75 10.71 218.17  19.81  0.60 13.57 212.51   9.14  0.33 16.65 227.02   8.97  0.25 15.10 304.48   9.17  0.19 12.58 309.18  11.44  0.17 19.32 229.59   8.56
19900418 150000  2.4 234.5  1.80 12.61 220.16  23.45  7  1.57 10.15 218.77  19.74  0.71 13.01 211.33   8.97  0.31 16.64 227.43   9.72  0.27 14.62 305.19   8.88  0.20 12.55 309.32  11.25  0.18 19.32 229.90   6.98  0.09 13.73 260.26   5.66
19900418 180000  3.2 268.5  1.71 12.59 221.09  25.05  8  1.27  8.86 220.50  20.73  0.76 10.67 213.87  14.27  0.65 12.85 209.89   8.64  0.35 15.73 224.30  10.54  0.32 14.57 305.59   8.68  0.22 19.15 228.32   9.49  0.20 12.54 309.49  11.04  0.15 13.34 260.58   5.48
19900418 210000  3.9 246.1  1.66 12.55 222.19  26.51  7  1.22  8.99 220.37  20.73  0.92 12.47 210.84  11.55  0.35 14.55 305.50   8.67  0.34 15.57 224.49  10.10  0.29 18.21 228.58   8.90  0.24 12.84 260.74   6.42  0.20 12.52 310.69   9.97
19900419 000000  2.8 214.8  1.60 12.42 222.68  27.14  7  1.14  8.94 219.75  20.26  0.90 12.34 209.67  10.89  0.36 14.53 305.30   8.92  0.34 17.95 228.23   9.54  0.32 12.55 260.71   7.06  0.29 15.51 227.11   8.36  0.18 12.45 311.35   9.29
19900419 030000  3.4 226.1  1.56 12.07 223.02  27.16  5  1.40 11.97 215.18  17.20  0.41 12.11 260.89   7.28  0.38 14.51 305.97   9.56  0.34 18.01 229.49   9.76  0.16 15.74 228.61   4.80
19900419 060000  2.4 218.9  1.51 11.83 223.66  27.13  6  1.31 11.74 213.98  16.91  0.47 11.87 261.93   7.17  0.40 17.36 229.26   9.80  0.33 14.46 304.61   9.25  0.27 14.55 226.10   8.38  0.12 11.83 314.47   8.09
19900419 090000  0.8 233.1  1.47 11.66 225.11  27.79  6  1.22 11.62 213.10  16.50  0.55 11.64 261.54   8.07  0.42 16.94 228.39   8.82  0.31 14.33 304.73   9.26  0.28 14.57 224.57  10.43  0.14 11.84 312.04   8.98
19900419 120000  3.0 257.0  1.42 11.49 227.58  29.20  6  1.13 11.56 212.35  16.24  0.61 11.28 261.17   8.87  0.42 16.92 228.87   9.96  0.32 14.09 305.16   9.07  0.26 14.69 225.29   9.88  0.14 11.81 311.45   8.70
19900419 150000  5.1 259.0  1.40 11.25 231.03  30.60  6  1.05 11.56 212.78  18.16  0.53 16.69 228.80  11.52  0.52 10.96 263.59   8.26  0.39 12.74 258.35   6.99  0.33 13.85 305.43   8.92  0.15 11.80 311.45   8.58
19900419 180000  3.1 240.4  1.38 13.51 234.13  31.28  7  0.98 11.50 212.77  19.15  0.56 10.89 264.15   7.67  0.47 15.93 227.42  10.42  0.47 13.02 255.08   8.46  0.34 13.73 305.49   8.78  0.19 13.68 222.93   6.33  0.15 11.78 311.95   8.49
19900419 210000  2.7 217.2  1.36 13.59 236.87  31.32  8  0.91 11.35 211.84  18.66  0.55 10.66 263.69   8.23  0.46 15.94 227.18  10.24  0.41 15.04 258.34   6.41  0.40 12.74 254.20   9.56  0.35 13.65 305.37   8.91  0.20 13.83 224.01   6.62  0.15 11.73 312.47   9.51
19900420 000000  2.1 234.7  1.36 13.75 239.29  30.95  6  0.84 11.24 210.87  17.84  0.68 14.06 257.32   6.94  0.53 15.90 227.58  10.71  0.49 10.31 265.46   8.31  0.36 13.60 305.07   8.83  0.12 11.71 318.58   5.52
19900420 030000  2.7 205.8  1.36 13.72 241.03  30.41  5  0.79 11.22 209.67  16.86  0.73 13.49 258.70   6.90  0.56 15.53 228.06  10.81  0.49 10.26 263.65   9.14  0.38 13.57 306.44   9.52
19900420 060000  4.5 176.3  1.37 13.53 240.83  30.72  4  0.91 13.22 259.73   8.23  0.76 11.26 207.73  17.60  0.56 15.20 224.96  10.76  0.37 13.54 306.75   9.26
19900420 090000  4.1 183.4  1.36 13.30 240.34  31.05  5  0.90 12.76 260.10   8.03  0.75 11.15 206.22  17.88  0.59 15.06 225.05  11.79  0.34 13.52 305.82   8.65  0.11 11.06 317.40   9.13
19900420 120000  3.7 182.2  1.34 13.14 239.68  30.95  6  0.88 12.51 260.21   7.98  0.72 10.92 205.90  16.83  0.54 14.83 226.62  10.20  0.32 13.48 305.83   8.59  0.28 17.73 209.64   8.51  0.12 11.06 315.75   9.96
19900420 150000  2.2 244.8  1.32 12.88 238.66  30.86  5  0.86 12.25 260.44   8.12  0.70 10.86 206.33  15.28  0.64 14.58 220.39  12.82  0.32 13.38 305.98   8.62  0.12 10.99 315.76  10.40
19900420 180000  1.9 273.4  1.32 12.68 237.55  31.07  6  0.82 11.95 260.97   8.18  0.70 10.63 208.72  17.90  0.50 16.38 210.14  11.22  0.46 14.19 228.42   8.42  0.32 13.08 306.04   8.61  0.12 10.95 316.98   9.43
19900420 210000  0.9  45.1  1.30 12.67 236.28  31.63  6  0.79 11.76 261.37   8.45  0.67 10.47 207.51  16.14  0.56 15.99 209.05  10.29  0.43 13.89 229.71   7.82  0.32 12.87 306.08   8.60  0.12 10.94 317.07   9.49
19900421 000000  0.6 348.9  1.28 12.84 235.52  32.33  6  0.75 11.55 262.14   8.66  0.63 10.52 207.48  17.34  0.55 16.45 205.42   9.45  0.51 14.62 227.25   8.94  0.33 12.80 305.83   8.61  0.11 10.91 321.54   7.56
19900421 030000  1.3  43.3  1.29 13.32 236.47  33.46  6  0.74 11.29 262.53   9.10  0.68 15.40 208.10  10.64  0.56 10.71 205.58  10.06  0.40 13.75 230.14   6.26  0.35 12.77 307.38   9.50  0.24  5.31 290.27  22.15
19900421 060000  0.9 342.7  1.31 13.42 239.14  34.67  6  0.78 14.50 211.73  12.54  0.74 11.14 262.71  10.51  0.50 10.14 203.85   8.68  0.37  5.41 289.11  17.91  0.34 12.75 307.07   8.71  0.23 13.44 227.77   4.48
19900421 090000  0.7 211.3  1.32 13.34 241.78  35.36  6  0.91 14.32 209.47  12.07  0.74 10.97 263.86  11.67  0.45  5.54 288.64  17.39  0.33 12.73 306.76   8.90  0.24 13.43 227.94   4.56  0.07 21.67 242.50  12.36
19900421 120000  1.5 187.4  1.31 13.21 243.03  35.56  6  0.88 14.17 209.49  11.90  0.74 10.83 264.42  12.17  0.46  5.50 289.96  17.35  0.32 12.70 306.59   9.03  0.24 13.42 228.89   5.69  0.11 20.75 244.59  11.62
19900421 150000  0.7 274.0  1.28 13.04 243.06  35.42  6  0.91 13.41 211.82  13.36  0.84 10.54 272.52  17.70  0.30 12.64 306.19   8.95  0.15 20.34 244.55  12.06  0.08 10.24 311.89   7.16  0.05  9.23 332.93   4.35
19900421 180000  4.9 261.2  1.27 12.88 243.11  34.95  6  0.89 13.19 211.98  13.28  0.84 10.35 271.41  19.10  0.28 12.56 306.14   8.62  0.20 19.84 246.73   8.17  0.08 10.30 312.87   7.45  0.06  9.17 331.33   5.01
19900421 210000  2.7 231.7  1.25 12.75 242.74  34.66  8  0.83 13.32 211.15  13.14  0.81 10.26 270.76  20.24  0.27 12.48 306.37   8.52  0.25 19.13 247.85   7.80  0.21 12.60 227.14   4.10  0.08 19.52 216.54   7.26  0.08 10.27 312.28   7.25  0.06  9.07 330.28   5.93
19900422 000000  2.9 189.1  1.21 12.65 242.04  33.97  7  0.80 13.17 211.15  12.91  0.76 10.13 270.18  20.10  0.34 18.83 246.96   8.62  0.28 12.41 306.98   8.54  0.21 12.58 227.46   4.31  0.09 19.09 211.96   4.85  0.05  9.01 331.63   4.95
19900422 030000  2.0 185.0  1.18 12.54 241.66  32.98  6  0.81 12.63 213.30  13.81  0.70  9.93 270.16  19.26  0.41 18.05 247.03   8.41  0.28 12.34 306.95   8.65  0.10 19.01 212.03   4.93  0.05  9.00 332.13   4.81
19900422 060000  3.3 231.2  1.17 17.76 241.16  31.90  6  0.79 12.50 214.15  14.13  0.67  9.63 267.69  20.85  0.45 17.71 248.47   7.31  0.28 12.25 307.46   9.97  0.17 18.09 216.07   7.61  0.05 17.73 300.79  10.87
19900422 090000  2.5 221.8  1.16 17.45 240.75  30.91  6  0.76 12.33 214.84  14.60  0.62  9.46 267.97  20.05  0.51 17.21 247.03   8.72  0.27 12.09 307.31  10.05  0.19 17.84 212.31   6.24  0.06 17.73 300.03  10.98
19900422 120000  4.5 229.7  1.15 16.94 239.93  30.00  6  0.74 12.04 215.23  14.41  0.60  9.36 264.57  23.12  0.55 16.73 247.33   8.65  0.26 11.96 306.69   8.76  0.21 17.77 210.69   6.85  0.05 17.74 300.37  10.48
19900422 150000  3.9 211.3  1.15 16.45 238.80  29.18  5  0.73 11.89 215.95  14.57  0.56  9.02 264.14  23.54  0.56 16.25 248.57   7.44  0.28 17.20 212.91   9.19  0.24 11.88 306.83   8.57
19900422 180000  5.3 222.2  1.18 16.17 236.38  28.43  5  0.73 11.80 215.80  14.64  0.56 15.74 249.46   6.70  0.55  8.88 260.91  25.42  0.42 16.53 215.41  11.78  0.23 11.84 306.83   8.60
19900422 210000  5.8 213.4  1.21 16.15 234.11  28.30  6  0.35  2.67 221.45  30.64  0.71 11.68 216.62  14.83  0.60 15.45 247.84   8.05  0.46  8.80 268.54  16.39  0.46 16.56 210.08   9.63  0.23 11.81 306.89   8.57
19900423 000000  3.8 235.5  1.25 14.95 231.84  28.64  5  0.84 11.60 217.63  21.91  0.60 14.83 248.66   7.37  0.51 16.37 209.35   9.70  0.43  8.61 267.81  16.15  0.23 11.80 307.29   9.78
19900423 030000  1.9 219.6  1.31 14.98 229.10  27.54  6  0.85 11.14 217.84  20.67  0.65 15.44 210.64  11.59  0.58 14.57 249.73   6.65  0.40  8.42 267.33  15.87  0.22 11.77 307.38   9.88  0.07 16.59 302.70   9.20
19900423 060000  3.1 199.0  1.44 15.23 225.47  25.24  8  1.01 10.85 218.26  18.71  0.59 14.39 248.48   7.50  0.58 15.50 211.33   8.33  0.43 13.47 204.49   7.77  0.35  8.32 267.94  14.00  0.21 11.75 308.32   9.10  0.08 16.59 301.96   9.67  0.05 14.44 296.67   9.05
19900423 090000  4.5 196.6  1.57 15.22 222.70  23.64  8  1.15  9.03 217.11  17.65  0.62 15.43 211.24   8.31  0.60 13.82 248.69   7.44  0.49 13.35 204.91   7.58  0.31  8.23 267.87  13.41  0.20 11.70 308.27   9.22  0.08 16.58 301.02  10.09  0.05 14.44 297.48   8.36
19900423 120000  4.8 196.0  1.64 14.09 220.98  22.82  7  1.20  8.80 217.78  18.82  0.90 14.84 208.60   9.41  0.58 13.59 249.29   7.25  0.25  8.04 265.27  10.06  0.19 11.62 308.53   9.10  0.08 16.59 301.06  10.00  0.06 14.46 297.53   8.01
19900423 150000  5.1 203.8  1.69 14.30 219.83  22.32  7  1.21  8.31 218.93  21.15  0.77 14.53 210.16   8.74  0.62 12.39 206.06   8.41  0.61 13.47 247.89   8.46  0.18 11.43 308.70   9.21  0.07 16.59 301.24   9.92  0.07 14.37 299.00   8.93
19900423 180000  5.4 219.4  1.73 14.31 218.98  21.98  6  1.19  7.97 218.89  21.63  1.09 14.42 208.98   9.49  0.58 13.19 249.10   7.46  0.17 11.24 308.82   9.20  0.07 14.35 299.43   9.32  0.06 16.59 301.77   9.92
19900423 210000  4.7 211.1  1.72 14.18 218.42  21.70  6  1.16 14.29 209.22   9.53  1.13  7.74 219.43  22.17  0.55 12.84 250.11   7.07  0.16 11.16 308.94   9.09  0.07 14.24 298.62   8.89  0.06 16.41 303.97   9.35
19900424 000000  4.9 218.8  1.70 13.62 217.89  21.32  5  1.20 13.83 209.20   9.56  1.06  7.55 219.29  22.00  0.55 12.64 249.77   7.48  0.15 11.11 309.12   8.95  0.11 15.50 301.50   9.44
19900424 030000  3.8 214.3  1.70 13.43 217.58  20.82  6  1.26 13.56 209.88  10.04  1.00  7.59 219.57  21.74  0.52 12.50 249.91   7.95  0.15 11.09 309.22   8.80  0.10 15.52 302.89   9.37  0.06 13.53 299.18   9.03
19900424 060000  1.0 321.7  1.76 13.31 217.70  19.78  5  1.69 13.42 214.59  15.64  0.44 12.38 251.90   6.63  0.15 11.07 309.42   8.73  0.11 15.51 302.29   9.73  0.07 13.53 298.72   8.61
19900424 090000  1.5 353.7  1.88 13.15 218.04  18.62  5  1.83 13.29 215.73  15.21  0.41 12.13 251.37   6.15  0.15 11.05 309.80   8.70  0.11 15.52 302.10  10.10  0.09 13.54 298.36   8.55
19900424 120000  1.2 342.5  2.01 12.82 217.89  17.91  5  1.55 10.14 221.65  17.64  1.26 13.08 210.87  10.89  0.14 11.02 310.02   8.58  0.10 15.52 302.06  10.24  0.09 13.56 297.75   8.15
19900424 150000  3.4 275.0  2.11 12.66 216.89  17.49  5  1.55 10.15 218.61  16.61  1.43 12.64 213.88  14.93  0.14 10.99 310.57   8.60  0.09 15.52 302.75  10.23  0.09 13.52 298.31   7.91
19900424 180000  5.8 251.3  2.24 12.76 215.85  17.81  5  1.61 12.73 212.27  14.01  1.54 10.14 219.10  18.56  0.13 10.92 310.96   8.47  0.09 13.45 299.98   8.98  0.08 15.50 303.95  10.39
19900424 210000  4.9 243.1  2.34 13.36 214.43  17.31  4  2.34 13.36 214.13  16.32  0.12 10.80 311.46   8.51  0.09 13.40 301.49   9.35  0.07 15.49 304.60   9.98
19900425 000000  3.0 243.4  2.42 13.51 213.36  16.51  3  2.42 13.51 213.10  15.56  0.12 10.58 312.12   8.32  0.11 14.80 304.46   7.75
19900425 030000  2.6 323.1  2.44 13.61 212.86  16.10  4  2.44 13.58 212.57  15.03  0.11 10.47 312.34   8.49  0.11 14.52 303.74   9.86  0.06 12.65 303.34   7.38
19900425 060000  3.0 329.1  2.41 14.14 212.87  17.16  4  2.40 13.94 212.54  16.02  0.12 14.54 304.24  10.26  0.10 10.40 312.95   8.35  0.09 12.68 300.75   8.69
19900425 090000  4.5 337.4  2.35 15.22 213.02  17.66  4  2.34 15.61 212.65  16.43  0.13 14.50 302.97  11.06  0.10 10.36 313.03   8.31  0.09 12.64 300.05   8.95
19900425 120000  3.9 330.0  2.28 15.32 213.36  18.50  4  2.28 15.36 212.96  17.29  0.13 14.50 302.49  11.74  0.10 10.34 313.16   8.24  0.09 12.63 299.73   8.84
19900425 150000  3.7 330.3  2.23 15.24 213.55  18.12  4  2.22 15.27 213.16  16.91  0.12 14.51 304.72  10.50  0.10 10.31 313.27   8.14  0.09 12.64 299.94   8.78
19900425 180000  4.1 270.5  2.18 15.07 213.88  18.07  6  2.15 15.09 213.13  16.55  0.19 11.61 258.68   5.25  0.19 21.28 220.78  11.22  0.11 14.52 304.61  11.70  0.10 10.28 313.66   8.16  0.09 12.60 300.71   9.08
19900425 210000  4.7 264.4  2.12 14.55 214.14  17.47  6  2.10 14.55 213.47  15.99  0.21 20.66 213.97   8.89  0.19 11.53 258.85   5.77  0.10 14.51 306.69  10.34  0.10 10.24 314.10   8.17  0.08 12.50 302.15   9.17
19900426 000000  2.6 269.6  2.08 14.38 214.32  17.15  4  2.05 14.38 213.66  15.74  0.28 20.26 214.90   9.11  0.20 11.31 268.17  20.80  0.12 14.45 308.54   9.79
19900426 030000  1.8 248.0  2.04 14.26 214.26  16.54  5  2.00 14.26 213.74  15.15  0.36 19.46 212.43   9.29  0.15 11.07 261.23   9.26  0.11 14.12 306.33   9.93  0.11 11.75 311.59   9.10
19900426 060000  2.0 256.1  2.03 13.96 214.31  16.34  6  1.96 13.98 213.88  14.78  0.47 19.01 210.11   9.75  0.16 11.13 259.73   8.23  0.11 11.81 309.05  10.64  0.11 13.75 307.74  10.39  0.06 19.28 298.53  10.66
19900426 090000  0.3  29.9  2.00 13.66 214.06  16.22  6  1.91 13.66 213.59  14.34  0.52 18.87 209.32   9.41  0.18 10.95 259.13   7.64  0.12 13.70 308.18  10.53  0.11 11.84 307.69  11.01  0.07 19.16 298.83  10.33
19900426 120000  1.2 236.4  1.99 13.59 213.64  16.00  6  1.84 13.59 213.24  14.24  0.72 17.87 210.42   9.02  0.17 10.90 259.28   7.83  0.13 13.66 307.38  11.56  0.10 11.81 307.52  11.29  0.07 19.11 298.56  11.22
19900426 150000  3.3 257.2  1.99 13.59 213.43  16.14  6  1.75 13.59 213.61  14.97  0.91 17.51 209.42   8.54  0.15 10.76 259.78   8.28  0.13 13.63 307.28  12.10  0.10 11.81 307.44  11.37  0.08 19.05 299.00  11.01
19900426 180000  6.4 241.0  2.01 13.68 213.65  16.49  5  2.00 17.21 212.96  14.48  0.15 10.64 259.38   8.25  0.12 13.60 308.63  11.62  0.10 11.81 307.69  11.27  0.08 18.92 299.50  10.33
19900426 210000  4.6 224.2  2.02 16.50 213.60  16.62  3  2.01 16.49 213.18  15.09  0.14 13.57 310.37  10.33  0.10 18.61 299.39  10.08
19900427 000000  6.0 200.0  2.01 16.33 213.02  16.13  4  2.00 16.32 212.26  13.78  0.16 10.40 262.34  15.09  0.14 13.54 311.59  10.33  0.11 18.10 298.74  10.60
19900427 030000  6.6 173.2  2.02 16.19 212.04  16.78  4  2.00 16.19 211.26  14.40  0.16 10.30 261.79  14.45  0.14 13.52 312.56   9.91  0.12 17.97 298.57  10.83
19900427 060000  5.8 180.0  2.02 15.69 211.73  16.75  4  2.00 15.69 210.96  14.39  0.16 10.22 261.76  14.26  0.14 13.48 313.00   9.62  0.12 17.90 298.55  11.21
19900427 090000  4.9 171.0  2.00 15.29 212.14  16.00  4  1.98 15.29 211.26  13.42  0.19 10.16 255.86  11.57  0.14 13.35 312.66   9.79  0.12 17.82 298.66  11.45
19900427 120000  6.2 181.5  1.99 15.17 212.21  16.18  3  1.98 15.17 211.67  14.09  0.14 12.84 312.01  10.07  0.13 17.70 298.86  11.30
19900427 150000  5.8 189.1  1.99 15.11 212.58  16.35  3  1.98 15.11 211.95  13.99  0.15 17.52 298.87  10.99  0.14 12.71 311.86  10.22
19900427 180000  7.6 224.0  2.02 14.94 213.86  16.52  4  2.00 14.94 212.85  13.52  0.18  9.70 255.04   9.48  0.17 17.12 298.76  10.82  0.14 12.67 312.22  10.04
19900427 210000  8.4 217.2  2.09 14.41 215.20  17.74  4  0.90  4.32 221.32  27.45  1.87 14.41 213.06  10.36  0.18 16.86 298.59  11.12  0.14 12.65 312.89   9.62
19900428 000000  8.3 205.3  2.09 14.25 215.06  18.49  4  0.97  4.64 219.22  28.86  1.84 14.25 213.19  10.30  0.18 16.75 298.45  11.65  0.14 12.63 312.89   9.91
19900428 030000  5.7 185.0  2.05 14.21 214.46  18.64  4  0.91  4.87 216.38  30.82  1.82 14.21 213.22  10.34  0.17 16.67 298.41  12.01  0.13 12.59 312.89   9.79
19900428 060000  3.6 185.8  1.99 14.21 214.36  17.88  3  1.98 14.21 213.64  15.59  0.18 16.59 298.67  11.91  0.13 12.47 312.94   9.63
19900428 090000  1.3 167.7  1.95 14.21 214.14  17.34  3  1.94 14.20 213.30  14.51  0.20 16.51 299.08  11.65  0.13 12.06 313.10   9.39
19900428 120000  3.7 218.3  1.95 14.15 214.04  17.11  3  1.93 14.14 213.06  13.65  0.22 16.37 299.32  11.60  0.13 11.91 313.48   9.14
19900428 150000  3.1 204.3  1.96 13.94 213.98  17.20  3  1.95 13.94 212.91  13.45  0.23 15.98 299.38  11.71  0.13 11.86 313.77   9.08
19900428 180000  5.6 230.7  1.98 13.78 213.94  17.18  3  1.97 13.78 212.91  13.56  0.23 15.71 299.27  12.11  0.13 11.83 313.91   9.05
19900428 210000  6.0 217.3  2.01 13.72 213.80  17.15  3  1.99 13.72 212.85  13.88  0.22 15.60 299.03  12.48  0.12 11.79 313.67   9.19
19900429 000000  4.5 188.8  2.00 13.71 213.21  17.06  3  1.99 13.70 212.30  13.86  0.22 15.54 299.06  12.64  0.12 11.73 313.30   9.32
19900429 030000  4.8 160.7  1.98 13.72 212.64  17.33  3  1.96 13.70 211.63  13.78  0.24 15.51 299.71  12.75  0.11 11.57 313.68   8.62
19900429 060000  5.9 148.1  1.95 13.73 211.79  18.63  3  1.93 13.70 210.63  14.83  0.25 15.48 300.25  12.67  0.11 11.25 313.58   8.85
19900429 090000  5.5 144.9  1.92 13.72 210.96  20.15  3  1.90 13.66 209.70  16.36  0.26 15.40 300.41  12.55  0.11 11.14 313.93   8.81
19900429 120000  6.7 161.3  1.88 13.68 210.09  21.05  3  1.86 13.60 208.80  17.36  0.26 15.19 300.26  12.55  0.10 11.10 314.28   8.73
19900429 150000  5.4 166.8  1.84 13.70 209.86  20.96  3  1.82 13.56 208.62  17.37  0.25 14.75 300.13  12.50  0.10 11.08 314.44   8.63
19900429 180000  8.1 199.0  1.83 14.09 210.51  19.64  3  1.81 13.67 209.32  15.97  0.24 14.61 300.25  12.70  0.09 11.06 314.32   8.55
19900429 210000 10.0 205.5  2.01 14.29 211.92  20.91  4  1.18  4.81 212.10  26.97  1.61 14.14 210.34  10.80  0.25 14.58 301.07  13.06  0.09 11.02 314.09   8.51
19900430 000000  9.9 198.9  2.17 14.27 212.35  22.46  4  1.49  5.66 213.12  27.12  1.55 14.19 210.04  10.44  0.26 14.55 301.33  13.32  0.08 10.90 314.24   8.10
19900430 030000  6.0 186.3  2.13 14.19 213.42  23.12  3  1.49  6.28 215.35  27.62  1.50 14.11 209.91  10.40  0.27 14.52 302.03  13.28
19900430 060000  4.7 206.2  2.01 14.00 214.84  22.24  3  1.48 13.73 209.82  10.33  1.34  6.60 219.15  26.43  0.26 14.46 301.49  12.99
19900430 090000  3.6 203.0  1.90 13.56 215.50  21.41  4  1.44 13.47 210.34  10.60  1.21  6.89 220.61  25.10  0.25 14.38 300.33  12.70  0.06 10.40 314.32   8.45
19900430 120000  3.2 249.6  1.80 13.41 216.00  20.87  4  1.36 13.35 210.12  10.38  1.15  7.30 221.96  23.42  0.24 14.25 300.62  12.89  0.06 10.38 314.18   8.25
19900430 150000  3.3 249.2  1.75 13.32 216.86  20.77  4  1.33 13.25 211.08  10.88  1.11  7.66 222.59  22.68  0.24 14.05 302.03  13.27  0.06 10.36 314.24   8.28
19900430 180000  6.0 220.9  1.77 13.23 217.80  20.89  4  1.24  8.19 222.98  21.26  1.23 13.09 210.41  10.08  0.25 13.85 303.13  13.46  0.06 10.35 314.06   8.57
19900430 210000  6.3 215.1  1.80 13.07 217.93  21.03  4  1.31  8.21 222.17  21.11  1.20 12.78 210.50  10.42  0.25 13.73 303.24  13.46  0.05 10.32 314.50   7.92
19900501 000000  5.8 200.6  1.78 12.81 217.40  21.09  3  1.33  8.14 220.70  21.45  1.16 12.66 210.70  10.41  0.25 13.64 302.76  13.49
