Date     Time   Uabs UDir  hs    tp    th     sp     np hs(i) tp(i) th(i)  sp(i)
20020101 000000  8.4 182.7  2.40 16.44 225.30  35.26  5  2.07  7.38 216.68  25.95  0.90 10.60 220.88   9.34  0.70 16.44 308.48  13.48  0.32 12.86 316.10   8.35  0.26 19.22 307.38   8.93
20020101 030000  8.3 193.5  2.31  7.47 226.13  36.45  6  1.97  7.47 216.36  26.69  0.88 10.45 221.25   9.65  0.71 16.24 308.40  13.28  0.29 19.11 306.76   9.06  0.28 12.58 316.54   8.46  0.06 25.72 304.30   9.15
20020101 060000  8.3 194.5  2.18 15.66 227.15  37.42  6  1.74  7.39 215.19  27.60  1.01 10.39 221.65   9.84  0.71 15.69 307.90  13.56  0.29 12.61 315.62   7.57  0.29 19.05 306.27   9.42  0.08 25.09 304.89   8.99
20020101 090000  7.3 187.7  2.02 15.47 229.68  38.75  6  1.58  7.11 215.80  27.88  0.95 10.42 221.81  10.41  0.70 15.50 307.52  13.66  0.31 18.93 306.57   8.48  0.28 12.56 315.98   8.14  0.09 25.01 305.36   8.88
20020101 120000  4.4 184.9  1.87 15.40 233.98  39.85  7  1.34  6.80 216.38  28.14  0.97 10.39 225.33  12.71  0.68 15.42 307.87  13.70  0.39 18.09 306.38   8.95  0.28 12.55 315.71   8.13  0.26 13.53 202.96   5.90  0.10 24.96 305.07   8.87
20020101 150000  5.9 220.2  1.74 15.35 239.66  40.33  6  1.12  6.49 218.86  27.90  1.03 10.40 224.97  14.11  0.68 15.36 308.52  13.34  0.41 17.91 305.94   9.07  0.27 12.53 315.31   8.44  0.13 24.59 304.25   8.98
20020101 180000  8.2 230.5  1.72 15.30 242.43  39.80  7  1.14  6.17 222.96  26.67  0.93 10.38 227.11  13.24  0.69 15.31 308.55  13.27  0.41 17.85 305.67   9.22  0.29 12.73 206.59   8.19  0.26 12.50 315.21   8.45  0.17 23.57 304.09   9.08
20020101 210000  8.8 213.1  1.80 15.23 240.85  39.60  7  1.26  5.50 221.93  26.90  0.92 10.37 227.84  13.19  0.67 15.19 307.71  13.44  0.45 17.70 306.94   8.69  0.25 12.45 315.34   8.50  0.24 12.62 202.64   5.46  0.19 23.42 304.67   9.04
20020102 000000  6.4 192.2  1.83 14.86 239.10  40.37  4  1.30  5.75 219.21  28.39  0.95 10.38 226.32  13.83  0.85 14.88 307.76  11.76  0.21 23.38 305.05   8.92
20020102 030000  7.5 197.1  1.80 14.59 239.06  40.75  6  1.22  5.99 216.82  28.83  1.00 10.35 226.56  13.67  0.61 16.75 306.00   8.81  0.57 14.41 307.95  15.15  0.23 23.27 304.78   8.93  0.14 11.61 316.99   5.23
20020102 060000  6.9 198.3  1.78 16.67 239.82  40.66  6  1.11  6.03 214.70  28.78  1.08 10.22 227.12  14.27  0.61 16.69 304.87   9.12  0.54 14.34 308.48  14.66  0.30 22.45 304.15   8.95  0.18 11.71 318.37   7.11
20020102 090000  6.0 187.8  1.74 16.61 242.81  40.86  5  1.49  9.97 222.34  23.32  0.57 16.61 305.23   9.24  0.56 14.32 307.47  14.65  0.36 21.96 303.87   9.13  0.19 11.73 316.27   8.03
20020102 120000  3.8 198.6  1.68 16.51 247.16  40.77  5  1.41  9.77 224.43  22.57  0.61 14.36 307.12  13.87  0.53 16.62 305.23   8.97  0.39 21.88 304.13   9.20  0.19 11.72 316.02   8.23
20020102 150000  5.4 220.9  1.62 16.35 252.05  40.16  5  1.32  9.68 226.92  20.99  0.65 14.46 307.53  12.87  0.51 16.60 304.08   9.78  0.40 21.85 304.43   9.10  0.17 11.60 317.32   7.30
20020102 180000  8.0 225.1  1.65 16.13 253.28  39.66  3  1.34  9.64 228.03  20.70  0.85 16.14 306.42  11.71  0.44 21.69 304.50   8.93
20020102 210000  9.3 205.8  1.81 15.77 248.22  40.77  3  1.51  9.66 224.87  23.29  0.84 15.77 306.17  11.62  0.55 20.77 304.08   8.94
20020103 000000  6.7 204.1  1.94 20.50 243.96  41.54  6  1.35  5.72 218.65  28.11  0.91  9.74 229.80  14.92  0.75 15.64 303.98  10.99  0.63 20.50 303.77   9.20  0.29 13.45 319.09   4.92  0.20 16.21 216.07   8.77
20020103 030000  8.2 193.8  1.97 20.45 241.47  41.30  5  1.39  6.34 218.03  28.23  0.90  9.78 228.69  15.04  0.79 15.53 305.87  11.47  0.64 20.46 303.64   9.42  0.37 15.43 216.28   8.90
20020103 060000  8.6 194.8  2.06 20.42 236.98  40.34  5  1.49  6.57 218.30  28.04  0.77 15.45 305.85  11.17  0.77 14.72 216.79   8.12  0.67  9.77 226.92  12.11  0.63 20.44 303.77   9.45
20020103 090000  6.6 193.5  2.19 15.22 235.50  38.76  5  1.43  6.74 219.22  27.82  1.12 14.36 217.25   8.24  0.76 15.39 305.92  10.88  0.68 20.28 304.00   9.21  0.66  9.78 225.56  12.71
20020103 120000  5.4 190.9  2.33 15.07 236.02  37.47  4  1.58 13.91 218.76   9.58  1.31  6.90 221.62  26.62  0.80 19.53 304.02   9.07  0.75 15.32 305.96  10.84
20020103 150000  6.7 231.3  2.46 19.15 236.00  36.37  4  1.16  7.10 222.91  25.68  1.84 13.65 219.28  10.16  0.90 19.20 303.93   9.23  0.73 15.23 305.94  10.84
20020103 180000  7.7 231.0  2.57 19.11 234.54  34.81  3  2.30 13.61 220.67  15.66  0.91 19.15 303.65   9.46  0.70 15.06 305.88  10.91
20020103 210000  7.6 209.9  2.63 14.27 232.59  33.94  3  2.38 13.66 220.11  15.80  0.89 19.12 303.51   9.61  0.68 14.72 305.76  11.00
20020104 000000  5.6 205.0  2.63 14.22 231.97  34.05  3  2.38 13.71 219.54  15.84  0.90 19.03 303.67   9.56  0.66 14.55 305.52  10.99
20020104 030000  5.5 198.4  2.60 14.17 233.38  35.13  3  2.33 13.74 219.41  15.56  0.97 18.76 303.92   9.41  0.64 14.48 305.34  10.99
20020104 060000  6.5 212.2  2.57 14.08 235.47  36.56  3  2.26 13.68 219.28  15.41  1.06 18.19 304.13   9.34  0.61 14.44 305.22  11.17
20020104 090000  4.8 197.7  2.50 17.98 237.39  37.70  3  2.17 13.55 219.23  15.51  1.10 18.01 304.07   9.42  0.59 14.42 305.35  11.27
20020104 120000  5.6 205.3  2.40 17.94 238.72  38.34  3  2.06 13.43 219.23  15.53  1.10 17.96 303.87   9.58  0.57 14.39 305.68  11.22
20020104 150000  6.6 210.4  2.34 17.88 239.08  38.69  3  2.00 13.33 218.96  15.61  1.09 17.90 303.66   9.68  0.54 14.36 305.85  11.43
20020104 180000  8.3 216.6  2.39 17.77 237.60  38.63  3  2.06 13.17 218.52  16.93  1.09 17.79 303.59   9.65  0.52 14.31 305.79  11.20
20020104 210000  8.3 212.8  2.38 17.62 238.01  39.22  3  2.04 12.85 218.22  17.55  1.13 17.64 303.81   9.55  0.47 14.09 305.35  11.33
20020105 000000  7.6 202.0  2.35 17.46 238.53  40.11  3  2.00 12.69 217.45  17.93  1.15 17.47 303.95   9.50  0.45 13.68 305.03  11.25
20020105 030000  6.0 175.4  2.27 17.29 239.38  41.18  4  1.36  8.33 217.63  24.00  1.34 12.59 215.46   9.15  1.15 17.31 304.01   9.48  0.43 13.56 304.86  11.34
20020105 060000  6.0 188.9  2.19 17.09 241.06  41.55  3  1.82 12.50 216.58  17.58  1.14 17.11 303.94   9.50  0.42 13.52 305.11  11.38
20020105 090000  5.9 186.3  2.13 16.90 242.05  41.90  3  1.75 12.34 216.43  17.44  1.14 16.92 303.77   9.52  0.41 13.52 305.48  11.39
20020105 120000  5.4 182.4  2.09 16.73 242.69  41.99  3  1.71 12.06 216.53  17.32  1.12 16.75 303.64   9.59  0.41 13.54 305.78  11.20
20020105 150000  5.7 211.9  2.09 16.61 242.08  41.53  3  1.72 11.89 216.81  16.81  1.12 16.62 303.72   9.59  0.37 13.47 305.62  11.76
20020105 180000  8.7 226.6  2.18 16.53 239.25  40.05  2  1.85 11.79 217.86  17.88  1.16 16.54 303.92   9.78
20020105 210000  9.4 213.3  2.34 16.50 235.02  38.79  2  2.05 11.69 217.62  19.66  1.13 16.51 303.94   9.69
20020106 000000  6.5 197.8  2.38 16.48 232.67  38.83  2  2.11 11.57 216.57  21.04  1.11 16.49 303.94   9.62
20020106 030000  5.3 190.6  2.31 16.45 232.63  39.06  4  2.04 11.41 216.30  21.16  1.06 16.45 303.71   9.54  0.21 12.51 310.15   9.59  0.06 24.02 297.92  10.16
20020106 060000  6.0 203.4  2.21 16.35 233.39  39.05  4  1.95 11.25 216.61  20.66  1.03 16.36 303.68   9.59  0.21 12.53 310.34   9.48  0.08 23.39 297.47  10.58
20020106 090000  5.4 193.7  2.15 16.15 233.88  38.89  3  1.89 11.06 217.01  20.32  1.02 16.16 303.98   9.70  0.10 23.31 296.70  12.53
20020106 120000  3.4 189.4  2.09 15.95 234.89  38.79  3  1.83 10.80 217.70  19.99  1.00 15.96 304.06   9.71  0.10 23.28 296.83  12.55
20020106 150000  4.3 238.8  2.04 15.91 236.05  38.77  3  1.78 10.16 218.38  19.72  0.99 15.92 304.09   9.68  0.11 23.20 296.81  12.24
20020106 180000  7.2 234.4  2.01 15.91 237.00  38.43  4  1.61  9.36 221.78  20.95  0.97 15.91 304.06   9.68  0.70 10.91 208.34   7.28  0.13 22.56 295.78  13.17
20020106 210000  7.0 214.4  1.98 15.84 236.97  38.43  4  1.67  9.22 221.03  21.20  0.94 15.85 303.99   9.72  0.49 11.17 206.70   7.52  0.16 21.88 295.67  12.85
20020107 000000  5.2 189.6  1.89 15.71 237.74  39.27  5  1.59  8.75 220.46  21.98  0.92 15.72 304.03   9.72  0.40 11.15 205.71   6.36  0.18 21.80 296.31  11.30  0.07 14.64 225.75  10.61
20020107 030000  5.0 205.4  1.79 15.59 239.91  40.25  7  1.39  8.12 219.98  22.91  0.90 15.60 304.20   9.68  0.54 10.36 207.71   6.40  0.35 10.32 246.61   9.34  0.19 21.78 296.22  11.85  0.08 14.61 225.62  12.93  0.05 19.18 224.78   9.20
20020107 060000  6.7 196.2  1.73 15.52 241.54  41.05  6  1.33  7.70 219.02  23.17  0.89 15.53 304.39   9.61  0.49 10.31 208.73   8.37  0.38  9.77 249.43   6.34  0.19 21.72 296.02  12.07  0.05 19.03 225.50   9.52
20020107 090000  5.7 188.0  1.68 15.48 242.74  41.75  6  1.27  7.39 218.78  23.87  0.88 15.48 304.45   9.56  0.47 10.22 207.46   7.61  0.37 10.72 250.21   6.88  0.22 21.34 295.78  11.51  0.06 18.86 226.34   9.92
20020107 120000  2.9 216.3  1.61 15.44 245.36  42.02  6  1.17  7.20 219.01  24.15  0.86 15.45 304.36   9.63  0.49  9.96 209.37   9.19  0.39 10.76 250.18   6.70  0.27 20.51 295.46  11.39  0.07 18.57 227.62  10.12
20020107 150000  5.0 225.8  1.53 15.40 248.73  42.03  7  1.08  6.96 219.93  23.99  0.84 15.41 304.22   9.72  0.47 10.06 209.92   8.90  0.31 20.40 294.32  13.77  0.29  9.41 249.28   5.90  0.25 10.73 251.15   8.12  0.07 18.06 224.51   8.12
20020107 180000  7.4 220.9  1.48 15.33 250.64  41.90  7  1.00  6.76 220.45  24.32  0.83 15.34 304.11   9.81  0.49  9.83 210.61   9.39  0.41 10.38 250.25   7.02  0.32 20.36 295.60  12.32  0.08 18.04 229.83  12.24  0.06 21.76 246.59   7.85
20020107 210000  7.5 211.0  1.48 15.21 249.53  42.19  5  0.99  6.52 219.82  26.09  0.81 15.22 304.06   9.87  0.52  9.72 212.10   9.95  0.40 10.25 250.49   6.98  0.33 20.34 289.73  21.93
20020108 000000  3.6 203.6  1.42 15.00 251.70  42.98  6  0.90  6.03 218.77  28.37  0.80 15.00 304.02   9.94  0.54  9.58 213.20  10.20  0.40 10.20 250.93   6.96  0.31 20.19 297.05  10.52  0.14 20.30 244.36  14.52
20020108 030000  4.2 193.4  1.33 14.76 257.92  42.55  7  0.78 14.76 304.03   9.88  0.74  5.56 219.64  29.39  0.54  9.46 213.91  10.35  0.39 10.15 251.38   6.75  0.38 19.33 295.82  10.71  0.14 20.27 246.86   9.11  0.08 16.03 228.21  11.39
20020108 060000  5.4 193.1  1.28 14.66 263.27  41.66  7  0.78  9.43 216.51  24.39  0.76 14.66 304.05   9.84  0.45 19.08 295.92  10.45  0.40 10.15 251.31   7.22  0.22 12.61 222.61  11.56  0.16 20.21 247.63   9.50  0.09 15.79 229.31  12.75
20020108 090000  5.4 182.5  1.25 19.04 265.70  41.64  7  0.73  9.29 214.65  24.77  0.74 14.58 304.07   9.87  0.48 19.03 296.64  10.56  0.39 10.09 251.57   7.10  0.20 12.59 224.56  12.08  0.19 19.21 249.25  10.56  0.09 15.73 230.05  12.36
20020108 120000  3.9 174.6  1.21 19.01 267.70  41.16  6  0.73 14.51 304.12   9.94  0.71  9.14 215.54  24.55  0.48 19.02 297.44  10.89  0.39  9.85 251.90   7.16  0.23 19.00 249.61  10.84  0.06 14.93 205.40   6.12
20020108 150000  5.5 209.5  1.21 18.99 266.18  40.86  7  0.71  9.13 216.40  22.33  0.73 14.44 304.10  10.08  0.45 18.99 296.59  12.68  0.38  9.61 252.43   6.98  0.22 18.96 245.80   9.46  0.10 14.65 235.02   7.97  0.08 14.61 205.90   6.43
20020108 180000  9.4 217.2  1.41 14.38 252.71  40.42  6  1.09  9.53 224.44  23.37  0.72 14.39 304.01  10.24  0.46 18.83 296.65  11.74  0.22 18.85 245.67   9.30  0.12 13.80 203.69   4.95  0.12 14.58 233.41   9.09
20020108 210000 10.3 208.2  1.80 17.96 238.13  38.79  6  1.53  9.68 219.21  23.42  0.70 14.34 304.09  10.02  0.53 17.98 296.56   9.77  0.26 17.98 247.99  10.57  0.23  9.50 257.72   4.67  0.09 14.49 239.66   5.39
20020109 000000  5.4 203.8  2.00 17.80 235.08  37.44  5  1.25  5.37 217.26  29.45  1.23  9.69 221.46  13.97  0.66 14.28 304.00   9.92  0.64 17.81 295.87  11.15  0.28 17.77 245.71   8.92
20020109 030000  6.6 186.1  2.09 17.76 234.00  35.83  4  1.85 11.48 219.57  21.05  0.67 17.78 297.05  10.49  0.64 14.22 303.74  10.16  0.31 17.73 248.51  10.05
20020109 060000  6.4 198.1  2.21 17.74 230.98  33.95  4  1.99 11.91 218.85  19.19  0.66 17.77 297.57  10.80  0.63 14.10 303.79   9.97  0.28 17.70 249.19  10.05
20020109 090000  5.1 173.6  2.30 13.21 228.90  31.82  4  2.10 12.49 218.82  17.64  0.62 13.88 303.78   9.91  0.62 17.76 298.20  10.91  0.28 17.34 249.41   9.25
20020109 120000  4.2 182.3  2.35 12.78 228.39  30.18  4  2.17 12.46 219.22  16.33  0.60 13.75 303.95   9.85  0.60 17.68 298.21  10.68  0.35 16.63 246.69   8.90
20020109 150000  5.4 214.2  2.38 12.62 229.18  29.54  4  2.19 12.38 219.95  15.30  0.64 17.08 296.95  10.96  0.59 13.69 304.27   9.67  0.37 16.62 244.53   7.75
20020109 180000  8.8 221.7  2.48 16.53 229.79  29.57  5  2.19 12.32 220.90  16.28  0.72 16.70 296.91  11.03  0.59 16.28 216.35   7.60  0.56 13.70 304.14   9.90  0.41 16.46 238.01  10.48
20020109 210000 11.0 211.5  2.72 16.45 228.58  29.79  4  2.39 12.32 220.87  18.97  0.90 15.59 220.55  13.20  0.77 16.66 297.29  10.54  0.55 13.76 304.18   9.74
20020110 000000  6.2 202.4  2.87 16.40 226.99  30.35  6  1.83  6.59 219.03  27.32  1.72 12.39 220.54  10.57  0.96 14.81 217.45   9.39  0.78 16.65 297.40  10.82  0.55 13.83 303.98   9.95  0.29 15.54 251.65   7.14
20020110 030000  6.8 199.9  2.80 16.36 227.20  30.42  5  1.72  7.22 218.05  27.54  1.97 14.12 220.26  10.63  0.77 16.63 297.62  10.88  0.54 13.78 303.67  10.33  0.34 15.53 250.56   6.59
20020110 060000  8.7 199.5  2.67 13.57 227.00  30.58  5  1.60  7.34 216.09  26.78  1.90 13.50 220.41  11.10  0.76 16.60 297.98  10.69  0.51 13.53 304.33  10.28  0.37 15.52 249.34   6.18
20020110 090000  7.5 191.1  2.54 13.43 227.17  31.27  5  1.50  7.09 215.38  27.08  1.80 13.37 219.97  10.88  0.74 16.51 298.07  10.86  0.52 13.53 303.87  10.61  0.39 15.48 244.99   8.08
20020110 120000  5.2 188.4  2.40 13.33 228.93  32.20  3  2.22 13.28 219.48  19.43  0.78 16.32 298.66  10.50  0.46 13.39 304.62  10.57
20020110 150000  7.5 214.8  2.28 13.23 231.47  32.83  5  1.27  6.88 219.28  26.26  1.64 13.06 220.54  11.84  0.80 15.95 298.11  10.78  0.46 13.37 305.32  10.22  0.27 14.50 250.20   5.97
20020110 180000 10.4 218.0  2.33 12.92 231.29  32.61  4  2.11 12.65 220.18  19.34  0.80 15.74 297.81  10.76  0.47 13.38 304.52  11.15  0.35 14.51 248.99   6.69
20020110 210000 10.7 209.8  2.54 15.46 228.79  32.44  4  2.33 12.52 219.42  21.83  0.80 15.63 296.82  11.20  0.46 13.34 305.23  11.17  0.40 14.49 244.92   7.89
20020111 000000  7.0 209.5  2.55 15.45 227.90  33.52  5  1.97  6.94 218.22  27.17  1.28 12.43 219.38  10.63  0.91 15.56 298.62  11.50  0.37 14.47 245.02   8.17  0.07 11.78 335.02   0.45
20020111 030000  7.7 197.6  2.37 15.45 229.28  34.69  6  1.78  7.19 217.67  27.47  1.23 12.35 220.11  11.16  0.92 15.51 298.84  11.44  0.31 14.41 244.83   8.25  0.07 11.58 335.03   0.57  0.05 22.30 215.00   6.70
20020111 060000  7.9 193.3  2.21 15.43 230.26  35.82  7  1.62  7.09 216.50  27.30  1.16 11.96 220.66  11.72  0.86 15.46 297.82  10.92  0.28 12.57 310.27   7.18  0.26 13.61 248.65   6.76  0.10 21.77 218.83  10.62  0.08 11.33 334.56   2.22
20020111 090000  6.9 186.0  2.11 15.39 231.17  35.95  7  1.58  7.04 217.50  26.79  1.03 11.72 220.12  10.99  0.80 15.41 298.00  10.77  0.37 12.65 304.64  11.29  0.29 13.58 249.08   6.36  0.17 20.60 218.06  10.30  0.08 11.24 335.02   0.54
20020111 120000  6.3 167.8  2.07 15.28 231.46  35.12  7  1.57  7.36 218.94  26.33  0.96 11.63 219.51  10.50  0.76 15.31 297.69  10.92  0.36 13.57 244.82   8.41  0.36 12.63 305.75  10.87  0.26 20.19 216.32   8.68  0.06 11.06 335.00   0.21
20020111 150000  8.6 217.4  2.10 14.94 231.51  33.31  7  1.61  7.61 221.07  24.46  0.93 11.56 219.84  11.41  0.76 15.06 297.38  10.50  0.38 19.17 215.61   7.97  0.35 13.57 244.69   8.45  0.29 12.59 309.27   8.25  0.09 11.03 334.92   1.33
20020111 180000 11.8 213.3  2.43 14.59 227.05  31.26  6  2.20  7.33 219.64  22.48  0.80 14.71 298.54  10.93  0.54 18.76 215.68   8.10  0.31 13.55 245.22   9.01  0.09 11.00 332.96   4.13  0.06 21.62 296.09  10.17
20020111 210000 12.1 206.9  2.75  7.29 223.54  30.74  5  2.52  7.29 217.92  24.30  0.80 14.58 298.46  11.84  0.72 17.91 215.55   7.85  0.30 13.07 243.68   8.40  0.06 21.31 295.64  10.19
20020112 000000  8.4 198.3  2.72 17.52 222.86  31.37  7  2.33  7.48 217.21  26.65  0.91 17.56 215.44   7.52  0.78 14.53 297.73  11.27  0.68 11.09 218.32   9.74  0.25 12.72 248.99   7.22  0.08 20.51 296.89  10.33  0.08 10.70 334.24   3.30
20020112 030000  8.9 198.0  2.57 16.76 223.05  31.08  6  2.06  7.47 216.76  26.74  1.10 16.82 215.56   7.64  0.77 14.50 297.76  11.83  0.70 10.84 219.00  11.12  0.27 12.75 247.84   7.14  0.10 20.35 297.30  10.18
20020112 060000  9.2 196.4  2.54 16.46 222.25  30.17  6  1.92  7.34 216.03  26.66  1.28 16.53 215.69   7.86  0.75 14.47 297.68  11.71  0.69 11.01 216.99   9.53  0.30 12.70 244.01   8.11  0.11 20.30 297.26  10.33
20020112 090000  6.5 192.8  2.52 15.85 222.54  28.99  6  1.78  7.27 217.06  26.48  1.44 16.02 215.58   7.76  0.73 14.43 297.74  11.70  0.71 11.00 218.42   9.96  0.28 12.67 244.64   7.53  0.12 20.25 296.86  10.50
20020112 120000  4.6 183.6  2.49 15.48 223.15  27.62  5  1.63  7.34 218.99  25.54  1.57 15.60 215.68   7.89  0.73 10.91 222.72  13.09  0.71 14.37 297.99  11.59  0.13 20.09 296.61  10.44
20020112 150000  7.3 217.1  2.47 15.22 223.27  26.40  4  1.55  7.42 220.29  24.18  1.79 15.36 216.80   9.26  0.69 14.27 298.07  11.41  0.16 19.27 297.07  10.54
20020112 180000 10.7 218.4  2.60 14.88 222.50  25.37  4  1.70  7.32 219.85  23.99  1.85 15.10 217.08   9.20  0.66 14.11 297.79  11.43  0.19 19.02 297.36  10.41
20020112 210000 11.7 207.7  2.96 14.59 220.41  25.24  4  2.24  6.98 217.34  24.51  1.82 14.73 217.41   9.02  0.62 13.90 297.40  11.48  0.21 18.98 297.50  10.68
20020113 000000  7.6 198.5  3.00 14.39 219.24  26.29  5  2.35  7.46 215.51  26.09  1.76 14.50 217.85   8.89  0.60 13.79 297.03  11.56  0.22 18.95 296.89  10.76  0.09 24.67 302.89   9.90
20020113 030000  9.3 191.6  2.81 14.22 218.96  26.68  5  2.13  7.62 213.99  26.44  1.73 14.31 218.24   9.14  0.58 13.73 296.82  11.63  0.23 18.89 296.71  10.52  0.11 23.78 302.80   9.95
20020113 060000 10.8 192.1  2.67 14.06 218.14  27.26  5  2.00  7.36 211.60  26.49  1.66 14.17 218.54   8.93  0.56 13.68 296.42  11.80  0.25 18.58 297.32  10.51  0.14 23.47 302.25  10.21
20020113 090000 10.8 188.5  2.68 13.94 217.39  27.67  5  2.06  7.22 210.66  26.41  1.59 14.09 218.81   8.87  0.54 13.64 296.36  11.74  0.28 17.83 297.36  10.42  0.17 23.38 302.24  10.36
20020113 120000  8.8 189.0  2.82 13.84 218.20  26.82  5  2.27  7.84 213.05  25.36  1.54 14.01 219.21   8.73  0.51 13.58 296.19  11.79  0.31 17.74 297.24  10.52  0.19 23.30 302.48  10.19
20020113 150000  9.5 198.7  2.99 13.72 219.57  25.07  5  2.45  8.67 215.80  23.61  1.59 13.82 219.44   8.65  0.47 13.53 296.51  11.51  0.32 17.72 296.77  10.62  0.23 23.07 302.81   9.82
20020113 180000 12.6 207.6  3.30 13.64 219.67  23.53  4  3.24 13.74 217.56  19.50  0.44 13.46 296.17  12.11  0.34 17.69 296.95  10.75  0.27 22.27 302.43   9.88
20020113 210000 15.4 202.4  4.11  9.01 218.06  23.37  4  4.06  9.01 216.68  20.73  0.40 13.43 296.75  11.62  0.36 17.62 297.26  10.99  0.31 22.01 301.95  10.23
20020114 000000 13.3 195.2  4.76 10.13 217.64  24.19  5  4.25 10.13 215.50  24.24  2.06 13.35 220.90   9.41  0.37 17.35 298.46  10.22  0.35 21.91 301.74  10.40  0.35 13.39 298.33  10.42
20020114 030000 13.7 182.8  4.76 10.76 217.74  24.92  5  4.15 10.72 214.68  25.24  2.25 13.46 222.65   9.99  0.40 21.83 301.70  10.51  0.39 16.68 298.09  10.79  0.33 13.38 296.96  11.52
20020114 060000 12.6 183.1  4.45 10.99 218.73  25.38  5  3.80 10.80 215.40  25.53  2.22 13.69 222.63  11.74  0.46 21.66 302.01  10.15  0.37 16.58 297.95  10.39  0.30 13.25 297.37  11.33
20020114 090000 10.5 177.1  4.12 11.25 220.66  25.15  4  4.06 11.21 218.89  22.15  0.51 21.34 301.80  10.10  0.38 16.58 297.03  11.35  0.28 13.27 299.01  10.34
20020114 120000  6.7 183.0  3.80 13.26 223.17  24.28  4  3.73 13.26 220.84  20.12  0.57 20.90 301.36  10.24  0.41 16.57 297.80  10.57  0.26 13.09 299.62  11.09
20020114 150000  7.5 211.7  3.56 13.20 225.12  23.93  4  3.47 13.21 222.05  18.22  0.63 20.65 301.01  10.42  0.46 16.56 298.29  10.53  0.20 12.59 301.40  12.16
20020114 180000  8.1 225.6  3.40 13.03 226.63  24.37  4  3.29 13.12 222.84  17.35  0.68 20.49 300.93  10.46  0.48 16.58 299.20  10.49  0.20 12.60 302.06  12.71
20020114 210000  6.9 213.4  3.29 12.62 227.65  25.10  3  3.17 12.61 223.24  17.14  0.86 20.36 300.57  10.56  0.20 12.60 302.76  13.27
20020115 000000  5.0 173.3  3.20 12.45 228.28  25.82  4  3.06 12.43 223.25  16.95  0.79 20.22 301.21  10.23  0.42 16.09 299.30  10.88  0.19 12.59 303.24  13.63
20020115 030000  2.6 206.3  3.11 12.35 228.96  26.56  2  2.96 12.33 223.16  16.57  0.95 20.02 300.82  10.64
20020115 060000  5.9 206.9  3.04 12.02 229.53  27.57  2  2.87 11.95 222.79  16.34  1.00 19.61 300.55  10.71
20020115 090000  4.5 177.2  2.95 11.68 230.01  28.96  2  2.76 11.65 222.05  16.41  1.05 19.25 300.11  11.05
20020115 120000  2.5 193.4  2.82 11.56 231.08  30.20  2  2.61 11.54 221.77  16.22  1.07 19.10 300.00  11.13
20020115 150000  3.0 250.6  2.68 11.41 232.63  31.36  3  2.45 11.35 221.85  15.93  1.09 18.99 299.99  10.93  0.07 11.70 331.77   4.69
20020115 180000  6.9 257.4  2.64 11.12 234.25  32.05  2  2.40 11.10 222.86  16.89  1.10 18.85 300.45  10.99
20020115 210000  4.6 237.7  2.62 11.00 234.77  32.52  3  2.37 10.99 222.76  16.89  1.11 18.67 300.32  10.87  0.08 11.22 331.21   5.21
20020116 000000  2.4 104.5  2.57 10.90 235.12  33.03  4  2.31 10.89 222.20  16.30  1.13 18.32 300.03  11.00  0.08 11.07 331.23   5.24  0.06 24.94 301.16  10.37
20020116 030000  2.4 202.7  2.47 18.00 235.97  33.92  4  2.19 10.69 221.54  15.80  1.14 18.01 299.65  11.16  0.08 10.92 331.26   5.94  0.06 24.87 302.01  10.23
20020116 060000  6.4 189.7  2.37 17.85 236.63  35.16  3  2.08 10.51 220.48  15.87  1.15 17.85 299.42  11.25  0.08 10.84 331.25   5.93
20020116 090000  5.9 181.1  2.30 17.74 236.85  36.55  3  1.99 10.36 219.24  16.88  1.14 17.74 299.52  11.52  0.11 23.41 300.16  10.68
20020116 120000  3.1 191.4  2.22 17.64 237.78  37.10  4  1.91 10.18 219.09  16.75  1.13 17.65 299.46  11.39  0.12 23.33 300.69  11.03  0.08 10.42 330.78   6.69
20020116 150000  4.6 239.4  2.17 17.54 238.51  37.05  4  1.85  9.92 219.38  16.01  1.11 17.54 299.50  11.49  0.13 23.31 301.56  10.96  0.07 10.37 331.64   5.36
20020116 180000  7.0 235.2  2.16 17.40 238.69  36.69  4  1.85  9.80 220.09  16.43  1.09 17.40 299.40  11.58  0.15 23.03 301.80  10.33  0.07 10.32 331.60   5.42
20020116 210000  6.0 215.7  2.16 17.17 238.24  36.74  4  1.86  9.72 219.85  16.90  1.08 17.18 299.19  11.65  0.20 21.94 300.53  10.27  0.07 10.26 331.56   5.48
20020117 000000  2.5 191.0  2.12 16.87 238.32  36.98  3  1.82  9.64 219.38  16.61  1.07 16.88 299.11  11.87  0.23 21.83 300.15  10.59
20020117 030000  5.3 186.7  2.07 16.72 238.43  37.25  3  1.76  9.50 218.87  16.19  1.05 16.72 298.88  11.96  0.24 21.80 300.69  10.94
20020117 060000  6.3 186.9  2.00 16.62 238.07  37.68  4  1.45  9.29 218.41  18.20  1.03 16.62 298.65  12.03  0.88 11.36 217.11   9.39  0.25 21.73 301.86  10.82
20020117 090000  6.4 181.2  1.95 16.55 237.71  38.46  4  1.41  9.20 217.29  19.60  0.99 16.55 298.30  12.31  0.87 11.31 216.44   8.96  0.30 21.05 302.03  10.32
20020117 120000  3.1 201.2  1.89 16.48 239.54  38.84  4  1.26  8.86 216.94  20.39  0.97 16.49 298.02  12.71  0.95 10.95 218.17   9.43  0.38 20.43 300.52  10.76
20020117 150000  5.2 215.3  1.83 16.42 241.68  38.74  4  1.19  8.81 218.39  19.27  0.95 16.42 297.84  12.92  0.93 10.86 218.10   9.66  0.42 20.37 300.19  10.68
20020117 180000  5.5 244.4  1.80 16.34 242.38  38.15  4  1.49 10.74 219.72  16.85  0.93 16.35 297.81  12.94  0.40 20.37 299.92  11.01  0.09 22.20 227.95   7.13
20020117 210000  6.0 218.9  1.76 16.23 242.67  37.87  4  1.46 10.48 220.38  17.19  0.89 16.24 297.50  12.82  0.40 20.26 301.49  11.04  0.15 21.56 227.67   7.17
20020118 000000  2.9 197.0  1.74 16.02 242.87  38.17  5  1.42 10.22 219.94  17.41  0.86 16.04 297.27  12.49  0.45 19.48 301.63  10.16  0.24 20.50 227.48   7.26  0.05  9.50 331.39   6.02
20020118 030000  5.0 179.3  1.75 19.15 244.07  38.70  4  1.38  9.97 219.50  17.96  0.84 15.75 297.38  12.63  0.54 19.09 300.58  10.18  0.36 19.66 227.29   7.31
20020118 060000  4.8 191.3  1.77 19.02 243.93  38.14  4  1.36  9.54 219.50  17.95  0.82 15.60 297.12  12.88  0.59 19.04 299.87  10.66  0.53 19.02 227.32   7.32
20020118 090000  5.7 177.0  1.80 18.83 242.12  36.91  5  1.00  8.29 215.42  21.77  0.88  9.78 224.38  10.69  0.80 15.50 297.15  13.29  0.72 18.19 227.23   7.44  0.57 19.03 298.93  11.02
20020118 120000  4.1 209.2  1.84 18.05 240.49  34.79  5  0.96  8.27 215.98  21.23  0.94 17.72 227.21   7.47  0.85 11.53 225.76  10.77  0.76 15.44 296.36  13.60  0.56 18.95 299.92  11.34
20020118 150000  5.2 234.3  1.91 17.41 240.11  32.82  5  1.14 17.10 227.32   7.65  0.94  8.35 218.16  19.30  0.77 11.13 227.88  11.05  0.73 15.39 296.18  13.58  0.58 18.62 300.70  11.23
20020118 180000  8.0 234.9  2.08 16.61 239.82  31.47  4  1.29 10.95 225.30  19.35  1.32 16.56 227.37   7.72  0.72 15.36 296.13  13.51  0.64 17.92 301.24  10.53
20020118 210000  7.4 211.5  2.21 15.99 238.70  31.05  4  1.31 10.76 224.42  20.96  1.48 16.24 227.61   7.98  0.71 15.35 297.30  12.99  0.68 17.82 300.03  10.64
20020119 000000  3.8 193.0  2.28 15.56 237.22  30.49  4  1.61 15.62 227.77   8.08  1.30 10.43 222.55  22.20  0.70 15.31 297.69  12.84  0.68 17.79 299.04  10.94
20020119 030000  4.9 198.8  2.29 15.36 236.91  29.29  4  1.69 15.37 227.89   8.29  1.22 10.26 223.27  21.61  0.69 15.20 298.04  12.77  0.65 17.78 298.19  11.37
20020119 060000  6.8 194.0  2.28 15.18 236.20  28.63  4  1.18 10.10 222.69  21.75  1.73 15.19 228.05   8.50  0.69 17.65 299.25  11.61  0.60 14.78 296.63  13.08
20020119 090000  6.3 186.6  2.26 14.68 235.99  28.99  4  1.13  9.84 221.62  23.32  1.74 14.69 228.02   8.81  0.71 17.40 299.53  11.40  0.56 14.53 296.90  13.73
20020119 120000  3.5 208.3  2.22 14.47 236.87  29.24  4  1.75 14.45 228.15   9.11  1.03  9.50 221.86  23.66  0.70 16.86 300.05  11.31  0.57 14.61 297.62  13.06
20020119 150000  5.0 231.3  2.16 14.39 237.93  29.13  2  1.96 14.36 227.20  13.56  0.90 16.64 299.09  11.98
20020119 180000  6.3 241.7  2.10 14.29 238.55  29.12  2  1.91 14.23 227.60  13.55  0.89 16.58 298.65  12.03
20020119 210000  6.7 218.2  2.07 13.94 238.37  29.37  2  1.87 13.81 227.35  14.23  0.88 16.55 298.15  12.11
20020120 000000  5.2 188.2  2.04 13.68 237.43  29.83  2  1.85 13.61 226.36  15.00  0.86 16.51 297.82  12.32
20020120 030000  5.6 198.5  2.01 13.58 236.78  30.07  2  1.83 13.52 225.68  15.03  0.85 16.44 298.09  12.19
20020120 060000  4.6 195.8  1.97 13.51 236.06  30.37  2  1.79 13.43 224.93  15.14  0.83 16.31 298.46  12.19
20020120 090000  4.9 187.3  1.93 13.42 235.23  30.29  2  1.76 13.31 224.39  14.99  0.80 15.99 298.83  12.15
20020120 120000  3.1 200.8  1.96 13.23 233.50  29.19  2  1.80 13.13 223.94  14.57  0.76 15.63 299.07  11.95
20020120 150000  5.3 227.3  2.10 12.87 231.26  27.10  2  1.96 12.80 223.62  13.95  0.74 15.53 298.98  11.87
20020120 180000  5.8 238.3  2.27 12.62 229.52  25.65  2  2.15 12.58 223.29  14.28  0.73 15.48 298.60  12.07
20020120 210000  6.4 220.4  2.36 12.43 228.53  25.16  2  2.25 12.40 222.89  14.74  0.72 15.45 298.38  12.09
20020121 000000  3.2 160.1  2.33 12.21 227.97  25.36  2  2.22 12.09 222.35  15.09  0.71 15.42 298.09  12.29
20020121 030000  4.3 181.5  2.23 11.86 227.83  25.66  2  2.12 11.80 222.02  15.13  0.69 15.39 297.95  12.41
20020121 060000  4.5 187.8  2.12 11.82 227.72  26.03  2  2.01 11.78 221.70  15.34  0.67 15.35 297.66  12.91
20020121 090000  5.3 182.3  2.00 11.85 227.91  26.35  2  1.90 11.82 221.67  15.35  0.64 15.26 297.89  12.86
20020121 120000  4.6 168.7  1.90 11.88 228.36  26.80  2  1.79 11.85 221.73  15.26  0.62 15.07 298.21  12.80
20020121 150000  5.3 225.9  1.80 11.90 229.24  27.05  2  1.70 11.87 222.17  14.70  0.61 14.70 298.90  12.09
20020121 180000  8.0 231.8  1.79 11.88 230.08  27.24  2  1.69 11.84 223.17  15.82  0.60 14.57 299.04  11.98
20020121 210000  7.3 211.0  1.81 11.80 229.32  27.86  4  0.83  4.51 224.89  29.34  1.49 11.76 222.14  11.95  0.59 14.52 298.69  12.36  0.06 20.13 297.32  10.93
20020122 000000  5.2 176.1  1.76 11.72 228.41  28.57  4  1.65 11.68 221.69  18.51  0.57 14.48 298.22  12.76  0.12 17.70 214.54   6.38  0.05 19.99 296.58  10.94
20020122 030000  5.6 191.4  1.70 11.65 227.90  28.57  5  1.58 11.61 221.11  18.12  0.56 14.45 298.09  12.68  0.23 16.48 214.51   7.43  0.06 19.90 297.03  11.80  0.05 23.26 298.55   9.95
20020122 060000  5.2 192.4  1.65 11.50 227.33  28.40  4  1.53 11.47 220.64  17.59  0.54 14.42 298.17  12.49  0.29 16.60 213.22   6.85  0.07 19.66 296.81  11.73
20020122 090000  5.3 189.0  1.62 11.24 226.84  28.27  4  1.47 11.22 220.34  17.38  0.53 14.38 298.10  12.85  0.42 15.94 214.15   7.04  0.10 19.29 297.23  11.52
20020122 120000  3.2 173.6  1.60 14.48 226.82  27.89  5  1.39 11.13 220.56  16.86  0.57 15.40 215.48   7.96  0.52 14.31 298.28  12.94  0.09 18.98 296.20  12.65  0.08 21.89 298.41   9.25
20020122 150000  4.1 245.7  1.59 14.45 226.79  27.32  5  1.34 11.11 221.07  16.09  0.67 14.95 215.31   7.44  0.51 14.21 298.62  12.93  0.10 21.73 299.01  10.31  0.10 18.83 294.32  12.05
20020122 180000  5.8 230.9  1.63 14.33 226.73  26.69  5  1.30 11.17 222.16  16.89  0.83 14.46 216.12   7.57  0.50 14.05 298.83  13.05  0.12 18.85 295.77  12.57  0.10 21.78 297.91  10.51
20020122 210000  5.8 218.0  1.67 14.07 226.04  26.11  4  1.59 14.15 220.22  15.11  0.49 13.83 299.20  12.90  0.13 18.74 296.29  12.21  0.10 21.76 298.01  11.11
20020123 000000  5.1 187.8  1.70 13.64 225.28  25.77  3  1.63 13.60 219.81  15.19  0.48 13.72 299.39  12.76  0.18 21.41 297.43  11.74
20020123 030000  6.3 193.4  1.71 13.40 224.78  25.90  3  1.63 13.30 219.37  15.55  0.46 13.65 299.35  12.71  0.21 20.26 296.93  11.60
20020123 060000  7.4 189.4  1.73 13.20 223.98  26.38  5  0.99  7.42 215.17  24.47  1.33 12.93 220.54   9.52  0.45 13.59 299.18  12.70  0.18 20.35 297.79  10.58  0.15 17.80 295.12  11.64
20020123 090000  7.7 189.5  1.76 12.88 223.15  27.06  5  1.05  6.99 212.80  26.53  1.33 12.62 221.17   9.56  0.43 13.54 298.77  12.93  0.20 20.29 297.10  10.28  0.17 17.64 294.78  14.23
20020123 120000  5.9 177.0  1.73 12.64 224.29  26.94  5  1.02  6.47 215.14  27.61  1.31 12.45 221.67   9.52  0.42 13.48 298.52  13.14  0.19 17.66 294.18  13.63  0.17 20.32 297.80  11.04
20020123 150000  6.5 225.6  1.69 12.54 226.38  26.16  5  1.00  6.31 219.68  25.82  1.27 12.38 222.26   9.41  0.41 13.44 298.74  12.97  0.22 17.88 294.30  13.66  0.15 20.35 297.85  11.68
20020123 180000  9.0 227.8  1.76 12.45 227.92  26.02  4  1.12  6.33 223.29  24.70  1.25 12.26 222.68   9.44  0.40 13.40 298.95  13.06  0.31 18.91 295.54  12.33
20020123 210000  7.5 219.1  1.80 12.30 228.50  27.31  4  1.18  5.93 223.15  26.52  1.25 12.01 223.28   9.85  0.39 13.36 299.42  12.48  0.36 18.93 295.76  12.10
20020124 000000  5.4 188.5  1.76 12.15 228.40  28.25  5  1.15  6.04 221.73  27.34  1.22 11.91 223.35  10.05  0.39 13.32 299.48  12.87  0.33 18.93 295.21  11.93  0.18 16.52 298.03  10.47
20020124 030000  5.4 202.0  1.72 12.13 228.18  28.36  5  1.10  6.40 220.23  27.11  1.21 11.87 223.81  10.66  0.37 13.27 299.99  12.17  0.28 19.00 293.47  12.28  0.25 16.73 298.71  11.43
20020124 060000  6.6 191.5  1.69 12.17 227.43  28.51  4  1.61 11.85 221.58  20.18  0.36 13.19 300.28  12.12  0.30 18.81 293.73  11.49  0.23 16.44 298.14  13.66
20020124 090000  4.8 192.6  1.64 12.06 228.07  29.04  3  1.55 11.79 221.58  20.07  0.40 17.66 295.12  12.51  0.35 12.99 300.30  12.18
20020124 120000  4.0 184.0  1.57 11.88 230.00  29.89  3  1.46 11.72 222.01  19.31  0.45 17.68 295.07  11.91  0.33 12.78 300.41  12.33
20020124 150000  4.1 227.2  1.51 11.77 231.69  30.62  3  1.39 11.65 222.20  18.43  0.49 17.68 294.84  11.88  0.32 12.66 300.47  12.47
20020124 180000  8.1 227.6  1.56 11.67 231.99  30.37  3  1.44 11.57 223.02  19.17  0.50 17.66 294.75  12.44  0.31 12.61 300.10  12.60
20020124 210000  9.6 209.7  1.78 11.49 227.23  29.74  3  1.68 11.31 220.59  21.08  0.49 17.61 294.33  12.79  0.31 12.59 300.18  13.10
20020125 000000  8.2 188.1  2.06 11.16 222.32  29.73  4  1.75  6.66 216.14  25.43  0.92 11.07 222.02  11.93  0.48 17.44 294.32  13.05  0.30 12.59 300.26  12.63
20020125 030000  9.6 197.1  2.16  7.17 220.68  30.38  4  1.91  7.17 215.02  25.99  0.84 10.95 221.22  12.21  0.49 16.62 294.34  12.61  0.30 12.58 300.62  12.54
20020125 060000  9.1 190.7  2.14  7.23 219.99  31.78  5  1.85  7.23 213.07  27.00  0.87 10.87 221.42  12.55  0.53 16.54 294.12  12.12  0.29 12.58 300.71  12.77  0.06 20.70 287.20  10.21
20020125 090000  8.6 181.8  2.00 16.52 220.96  33.67  5  1.70  6.95 211.92  28.05  0.85 10.83 222.47  12.84  0.56 16.52 293.70  12.09  0.29 12.56 301.10  12.76  0.07 20.48 286.86  10.76
20020125 120000  6.4 192.8  1.79 16.51 225.18  34.65  5  1.41  6.57 213.60  28.96  0.89 10.73 223.05  13.25  0.57 16.51 293.21  12.34  0.28 12.53 301.70  12.87  0.08 20.41 286.76  10.74
20020125 150000  6.9 211.8  1.62 16.47 229.81  34.26  5  1.18  6.23 217.06  28.76  0.91 10.51 223.57  13.66  0.57 16.47 292.82  12.38  0.27 12.44 303.07  12.32  0.08 20.39 284.66   9.77
20020125 180000 10.6 214.9  1.74 10.42 229.28  31.88  4  1.63 10.39 221.30  23.38  0.56 16.39 292.51  12.66  0.25 12.24 304.22  12.84  0.08 20.37 286.86   9.28
20020125 210000 11.5 205.5  2.09  5.92 224.50  30.91  4  2.00  5.92 219.14  24.81  0.55 16.18 292.73  13.14  0.23 12.05 303.16  12.73  0.11 19.95 286.96   9.63
20020126 000000  7.1 199.2  2.08  6.48 223.89  32.01  5  1.78  6.48 216.48  27.87  0.88 10.27 225.39  14.76  0.55 15.62 292.45  12.85  0.23 11.95 303.79  12.77  0.13 19.24 287.04  10.49
20020126 030000  9.3 194.9  1.93 15.50 225.05  32.99  5  1.55  6.58 214.67  28.50  0.96 10.20 226.44  14.81  0.57 15.50 292.24  12.59  0.23 11.90 304.11  12.69  0.14 19.12 286.30  10.92
20020126 060000  9.6 200.1  1.87 15.46 225.08  33.62  5  1.69  6.33 215.05  26.00  0.58 15.46 291.89  12.06  0.51 10.29 242.68   7.27  0.22 11.81 306.37  12.27  0.15 19.07 286.08  11.02
20020126 090000  8.9 192.3  1.86 15.43 225.92  33.84  6  1.55  6.26 215.59  28.42  0.61  9.97 215.42   9.49  0.58 15.43 291.67  12.06  0.54 10.09 241.79   7.50  0.21 11.80 306.19  12.66  0.15 19.06 284.36  10.44
20020126 120000  6.3 183.5  1.77 15.40 229.13  33.75  6  1.44  6.43 218.46  28.77  0.59  9.85 215.20   9.52  0.59 15.41 291.08  12.62  0.56 10.02 242.84   7.63  0.21 11.80 304.36  13.52  0.12 19.04 289.04   5.70
20020126 150000  8.4 212.0  1.69 15.36 231.82  32.92  8  1.37  6.56 222.07  28.03  0.72 10.03 224.54  14.15  0.56 15.36 291.10  13.06  0.26  9.70 250.25   6.25  0.20 18.31 285.53   9.72  0.19 11.75 305.02  14.16  0.09 13.93 210.65   4.96  0.09 15.71 208.57   8.47
20020126 180000 10.8 212.0  1.84 15.26 230.15  31.17  5  1.72  9.64 223.67  24.92  0.54 15.28 290.89  12.92  0.21 17.98 284.72   9.98  0.21 14.47 209.12   7.06  0.19 11.73 306.04  13.49
20020126 210000 10.6 208.4  2.06  6.43 227.32  30.60  5  1.95  6.43 222.47  25.69  0.53 15.10 290.10  13.02  0.29 14.26 209.30   6.96  0.22 17.88 286.54  10.36  0.17 11.66 308.42  12.08
20020127 000000  8.0 198.5  2.15  6.96 225.79  30.69  6  1.98  6.96 222.07  27.06  0.52 14.70 289.98  12.80  0.47  9.67 215.27   9.52  0.40 13.77 208.87   6.75  0.23 17.84 285.46  11.24  0.17 11.67 306.92  13.23
20020127 030000  8.2 185.6  2.10  7.38 224.86  30.94  4  1.95  7.38 220.84  26.84  0.53 14.55 291.47  13.82  0.51 13.31 209.59   7.26  0.24 17.75 284.92  10.79
20020127 060000  8.5 192.8  2.04  7.51 224.15  30.59  4  1.87  7.51 220.19  26.39  0.58 12.83 209.76   7.07  0.52 14.49 291.38  14.11  0.27 17.48 284.66   9.85
20020127 090000  8.8 183.0  2.08  7.57 222.55  30.35  4  1.89  7.57 218.91  26.52  0.66 12.55 209.89   7.03  0.51 14.45 290.32  14.59  0.26 17.43 286.43  10.09
20020127 120000  6.5 175.7  2.09  7.88 223.48  29.24  4  1.88  7.88 220.42  25.62  0.71 12.12 210.48   7.82  0.48 14.41 291.39  13.84  0.29 16.89 283.75  11.09
20020127 150000  8.4 205.3  2.12  8.13 223.77  27.52  4  1.91  8.13 221.20  23.79  0.74 11.83 210.80   8.39  0.47 14.41 290.52  13.86  0.30 16.77 284.99  11.76
20020127 180000 11.7 212.9  2.39  8.11 221.82  26.04  3  2.33  8.11 218.85  22.11  0.44 14.34 290.48  13.65  0.32 16.65 285.10  12.40
20020127 210000 12.7 206.5  2.80  7.81 219.25  26.05  3  2.75  7.81 217.20  23.35  0.43 14.40 289.89  14.12  0.29 16.67 283.41  12.40
20020128 000000  9.2 198.3  2.90  8.15 217.97  26.97  4  2.76  8.15 216.50  25.42  0.72 11.20 211.78   8.50  0.40 14.29 290.57  14.19  0.31 16.53 282.70  12.02
20020128 030000  9.7 191.0  2.72  8.40 217.67  27.27  3  2.63  8.40 215.90  25.21  0.50 16.17 287.04  14.34  0.49 11.45 210.47   8.03
20020128 060000  8.8 194.6  2.49  8.37 218.44  27.22  3  2.38  8.37 216.51  24.89  0.51 11.19 209.31   8.88  0.49 15.76 286.26  14.80
20020128 090000  6.4 188.6  2.27  8.26 220.41  27.06  2  2.22  8.26 217.82  23.96  0.48 15.66 286.20  14.76
20020128 120000  4.9 186.7  2.13  8.32 222.38  26.25  4  2.08  8.32 219.63  22.91  0.40 15.58 284.97  13.14  0.25 13.28 289.99  16.17  0.05 19.11 217.20   9.17
20020128 150000  6.9 217.2  2.10  8.54 223.05  25.10  3  2.05  8.54 220.40  21.66  0.45 15.48 286.75  13.52  0.12 18.59 213.82   8.95
20020128 180000  9.6 212.9  2.25  8.73 222.11  24.19  4  2.19  8.73 220.04  21.26  0.44 15.41 286.87  13.24  0.27 17.66 211.87   7.42  0.06 20.36 312.56   9.23
20020128 210000 10.9 202.5  2.57  8.68 219.55  23.96  4  2.46  8.68 218.28  22.14  0.59 16.58 212.47   7.72  0.43 15.32 286.45  13.36  0.07 20.28 313.05   8.98
20020129 000000  7.3 181.4  2.87  8.61 218.05  23.67  4  2.62  8.61 217.54  23.48  1.10 15.78 213.36   7.91  0.41 15.22 286.43  13.22  0.07 20.18 312.66   9.31
20020129 030000  9.8 192.4  3.00 15.20 217.60  22.40  4  2.59  8.92 217.38  23.35  1.46 15.24 214.28   8.11  0.39 15.07 285.99  13.41  0.08 19.94 312.57   9.31
20020129 060000  6.3 189.3  3.03 14.55 217.89  20.88  4  2.37  9.19 217.65  23.28  1.85 14.51 215.95   9.36  0.38 14.86 286.27  13.00  0.09 19.26 312.09  10.43
20020129 090000  5.9 188.3  3.00 14.07 218.79  19.36  3  2.98 13.95 217.90  17.58  0.37 14.73 286.21  13.11  0.11 19.09 313.62   9.60
20020129 120000  4.9 187.7  2.93 13.66 219.63  18.38  3  2.91 13.59 218.76  16.47  0.35 14.64 286.75  12.99  0.12 19.03 314.56   8.88
20020129 150000  5.1 218.9  2.84 13.55 220.60  17.74  3  2.82 13.49 219.71  15.72  0.34 14.56 286.79  13.24  0.13 18.97 314.55   8.81
20020129 180000  5.8 224.4  2.77 13.65 221.64  17.45  3  2.75 13.54 220.77  15.43  0.32 14.47 286.83  13.30  0.13 18.85 314.31   8.99
20020129 210000  6.2 216.9  2.70 13.74 222.41  17.47  3  2.68 13.64 221.53  15.43  0.31 14.40 286.90  13.62  0.15 18.40 313.63  10.13
20020130 000000  5.2 192.5  2.62 13.50 222.70  17.84  3  2.60 13.47 221.77  15.61  0.29 14.34 287.03  13.87  0.17 17.97 314.54   9.57
20020130 030000  6.7 192.0  2.53 13.36 222.53  18.51  3  2.51 13.34 221.52  16.05  0.28 14.29 287.22  14.07  0.20 17.86 315.49   8.91
20020130 060000  7.3 185.9  2.47 13.21 221.92  19.40  3  2.45 13.19 220.86  16.91  0.27 14.24 287.00  14.35  0.21 17.81 316.12   8.46
20020130 090000  5.5 188.5  2.39 12.81 221.90  19.76  3  2.36 12.79 220.80  17.18  0.26 14.20 287.08  14.60  0.21 17.74 316.23   8.38
20020130 120000  5.5 187.3  2.28 12.61 222.14  19.96  3  2.25 12.60 220.93  17.05  0.25 14.15 287.79  15.06  0.22 17.56 315.39   9.31
20020130 150000  4.7 212.9  2.14 12.50 222.73  20.40  3  2.11 12.49 221.23  16.71  0.25 17.03 315.31   9.27  0.24 14.09 288.14  15.51
20020130 180000  7.6 215.4  2.03 12.31 223.47  21.28  3  2.00 12.30 221.62  16.72  0.28 16.76 315.52   9.38  0.23 13.96 289.01  16.15
20020130 210000  6.9 207.7  1.93 11.91 223.75  22.58  3  1.89 11.90 221.57  17.40  0.30 16.68 316.12   9.09  0.22 13.73 288.75  15.93
20020131 000000  7.0 191.9  1.83 11.77 223.20  23.79  3  1.79 11.76 220.79  18.29  0.30 16.63 316.64   8.71  0.21 13.55 288.22  15.71
20020131 030000  8.1 191.0  1.74 11.67 222.00  25.22  3  1.71 11.67 219.42  19.62  0.30 16.55 316.71   8.66  0.20 13.49 288.87  16.26
20020131 060000  7.2 187.1  1.66 11.50 221.35  26.78  4  1.62 11.50 218.43  20.82  0.30 16.36 316.36   8.89  0.20 13.51 290.46  18.32  0.06 19.50 218.41   7.72
20020131 090000  7.6 181.7  1.57 11.15 221.39  28.84  5  0.85  4.72 206.80  32.48  1.25 11.14 222.05  12.11  0.32 15.85 316.16   8.80  0.20 13.48 291.62  18.58  0.08 19.14 218.38   7.50
20020131 120000  5.6 183.9  1.45 11.02 222.62  30.69  6  0.80  4.64 207.06  32.75  1.14 11.02 222.36  12.16  0.35 15.64 316.20   8.56  0.16 13.45 284.47  12.18  0.10 18.94 218.59   7.51  0.09 13.38 318.42   4.78
20020131 150000  8.0 206.8  1.38 10.97 224.01  31.15  5  0.78  4.40 210.16  30.45  1.05 10.96 222.60  12.13  0.37 15.58 315.91   9.11  0.14 13.44 282.29   9.52  0.13 18.49 218.74   7.48
20020131 180000  9.3 210.8  1.54 10.92 223.55  29.97  4  1.48 10.91 219.33  22.38  0.37 15.53 316.00   9.51  0.17 17.91 219.19   7.43  0.14 13.44 280.61  11.97
20020131 210000 10.6 206.6  1.75 10.81 221.88  29.34  4  1.70 10.80 218.86  23.92  0.36 15.47 315.61  10.00  0.19 17.77 219.71   7.42  0.11 13.40 278.52   7.04
20020201 000000  9.9 196.2  1.88 10.60 220.19  29.23  5  1.55  5.75 214.87  28.09  0.98 10.60 224.03  11.18  0.35 15.35 316.11   9.62  0.24 17.41 219.41   7.91  0.11 13.19 281.41   9.21
