Date     Time   Uabs UDir  hs    tp    th     sp     np hs(i) tp(i) th(i)  sp(i)
19940301 000000  5.2 193.5  1.82 13.20 231.10  29.50  5  0.78  4.38 218.19  29.55  1.52 12.37 224.80  10.17  0.52 13.36 310.32  14.34  0.27 15.55 281.92   9.80  0.24 15.61 309.82   6.52
19940301 030000  4.5 192.8  1.78 13.20 231.01  29.43  5  0.76  4.75 217.24  28.83  1.49 12.22 224.93  10.39  0.50 13.29 311.30  12.85  0.27 15.49 282.11   9.80  0.24 15.57 310.96   7.32
19940301 060000  5.2 180.9  1.74 13.15 230.66  29.29  5  0.74  5.03 215.78  28.12  1.46 12.23 224.99  10.54  0.47 13.17 313.59   8.70  0.30 15.46 279.76   9.87  0.23 15.56 311.45   7.42
19940301 090000  4.3 182.0  1.71 12.97 230.56  29.03  4  1.61 13.10 223.32  16.19  0.45 12.91 313.60   8.86  0.30 15.33 280.56  10.60  0.22 15.55 312.02   7.47
19940301 120000  3.8 173.8  1.72 12.89 230.41  28.39  4  1.62 13.13 223.53  15.90  0.45 12.78 313.37  10.52  0.31 14.95 283.26  12.60  0.18 15.53 311.04   5.27
19940301 150000  4.2 210.4  1.77 12.81 229.94  27.30  5  1.68 13.03 223.83  15.79  0.41 12.69 313.98   9.06  0.28 15.04 278.65  10.94  0.26 14.98 309.35   8.73  0.08 17.80 292.36  11.62
19940301 180000  7.7 219.0  1.88 12.70 228.90  26.74  5  1.79 12.79 223.63  16.86  0.40 12.64 314.04   9.14  0.31 14.79 283.06  12.97  0.22 14.68 313.36   6.24  0.08 17.78 292.36  11.58
19940301 210000  9.1 212.8  2.05 12.63 226.59  27.00  5  1.97 12.65 222.16  19.07  0.38 12.59 314.83   8.39  0.28 14.68 277.50  10.51  0.27 14.61 308.02   8.47  0.08 12.66 279.86   5.00
19940302 000000 10.0 199.0  2.16 12.58 224.06  27.84  5  2.09 12.58 220.18  21.18  0.38 12.57 312.34  11.74  0.28 14.56 279.63  11.36  0.26 14.62 311.34   7.80  0.08 17.72 299.20  14.32
19940302 030000  7.7 196.2  2.25 12.51 222.56  28.24  6  1.85  7.18 217.74  25.30  1.17 12.49 222.36  12.47  0.35 12.52 312.91  10.32  0.27 14.55 280.47  11.61  0.27 14.55 312.33   7.69  0.08 12.66 270.82   4.93
19940302 060000  6.6 194.9  2.20 12.43 223.03  28.11  5  1.80  7.47 219.06  25.69  1.16 12.39 220.91  11.25  0.33 12.46 314.35   8.39  0.29 14.51 280.67  10.86  0.27 14.53 312.58   7.67
19940302 090000  6.0 191.8  2.07 12.34 223.97  27.95  5  1.66  7.53 220.42  25.29  1.13 12.31 219.80  10.33  0.32 14.51 282.81  12.54  0.31 12.38 315.02   7.61  0.25 14.47 314.21   6.85
19940302 120000  4.9 174.5  1.94 12.18 224.62  27.91  6  1.48  7.53 221.64  25.10  1.14 12.14 218.53   9.91  0.31 12.21 314.84   7.66  0.28 14.41 279.49  11.50  0.25 14.44 314.58   6.84  0.16 16.46 293.77  12.12
19940302 150000  3.3 240.8  1.82 11.93 225.26  27.77  7  1.32  7.57 221.58  23.85  1.15 11.89 219.54  12.48  0.31 12.01 314.94   8.13  0.28 14.34 279.08  11.63  0.24 14.44 314.00   6.37  0.12 16.57 289.88  10.16  0.06 19.10 303.89  10.24
19940302 180000  5.1 245.4  1.74 11.78 226.01  27.85  7  1.25  7.61 222.68  23.22  1.10 11.73 219.07  12.06  0.30 11.93 313.59   9.39  0.27 14.24 311.71   9.19  0.25 14.23 273.63  10.84  0.11 16.59 291.82  15.11  0.07 19.03 304.28  10.44
19940302 210000  5.0 215.4  1.65 11.68 226.20  28.21  7  1.13  7.57 222.16  23.32  1.10 11.63 219.80  13.24  0.30 13.79 311.71   9.67  0.26 11.77 314.75   8.22  0.24 14.01 274.56  10.84  0.11 16.56 298.56  17.19  0.07 19.06 304.14  10.79
19940303 000000  5.2 202.8  1.56 11.60 226.20  28.93  8  1.04 11.54 218.09  10.99  1.04  7.49 221.80  23.65  0.28 13.72 313.28   8.57  0.27 13.73 277.94  12.18  0.26 11.75 314.82   8.20  0.18  9.67 263.17   6.23  0.09 16.40 314.60   7.70  0.07 19.05 305.64  10.76
19940303 030000  4.9 193.4  1.48 11.49 226.57  30.05  7  1.00  7.36 220.72  23.79  0.96 11.29 217.66  10.23  0.29 13.63 313.71   8.41  0.26 13.67 279.62  11.08  0.26 11.74 314.14   9.05  0.21  9.51 259.84   9.08  0.07 18.99 306.58  10.29
19940303 060000  5.2 188.4  1.41 11.22 227.47  31.46 10  0.92  7.05 219.78  24.62  0.92 11.07 217.92  10.57  0.30 13.53 316.10   7.48  0.25 13.64 278.49  10.55  0.23 11.62 312.36   8.09  0.21  9.43 261.16   6.24  0.13 15.39 291.30   4.83  0.10 17.88 302.47  10.37  0.06 16.83 213.32   7.62  0.05 11.83 275.18   7.80
19940303 090000  4.2 183.8  1.33 11.10 229.00  32.77  8  0.88  6.78 219.90  24.80  0.85 10.98 217.96  10.79  0.38 13.44 314.89   7.65  0.25 13.60 279.28  10.54  0.21  9.24 261.67   6.21  0.16 15.46 287.36   7.85  0.12 17.84 301.91  11.03  0.07 16.65 213.96   7.52
19940303 120000  5.3 182.5  1.27 11.06 230.13  33.73  8  0.82  6.52 219.09  25.27  0.81 10.95 218.69  11.20  0.35 13.37 315.44   7.35  0.26 13.58 279.37  10.78  0.22  9.09 261.89   6.72  0.20 15.45 295.53  14.21  0.13 17.82 302.33  11.41  0.07 16.62 214.52   7.33
19940303 150000  3.4 228.2  1.21 11.03 231.84  34.17  8  0.78  6.48 219.54  24.73  0.76 10.92 220.18  12.34  0.37 13.40 314.10   8.85  0.23 13.56 277.48   8.76  0.21  8.95 262.73   6.62  0.17 15.48 292.95  13.02  0.13 17.82 303.18  11.88  0.07 16.54 215.01   7.72
19940303 180000  4.3 261.8  1.17 10.97 234.18  34.14  8  0.79  6.58 222.95  24.23  0.69 10.85 221.27  12.68  0.38 13.36 314.32   8.68  0.24 13.59 279.01  11.03  0.20  8.90 263.25   6.64  0.11 17.89 303.22  11.90  0.11 15.52 284.90   8.03  0.08 15.78 215.31   7.93
19940303 210000  4.3 228.9  1.15 10.94 235.71  34.33  7  0.77  6.70 223.62  24.26  0.68 10.80 223.62  13.66  0.39 13.34 313.51   9.36  0.24 13.49 277.67   9.13  0.18  8.83 263.58   6.20  0.10 17.96 304.71  12.61  0.10 15.57 215.24   7.70
19940304 000000  2.9 184.7  1.14 10.93 236.64  34.47  8  0.78  6.69 222.27  23.00  0.62 10.74 224.40  13.19  0.38 13.19 314.85   8.66  0.22 13.44 280.77   8.38  0.21 11.91 251.58   6.78  0.18  8.90 265.46   5.71  0.16 16.77 301.18  10.08  0.11 15.52 216.19   8.24
19940304 030000  5.5 179.4  1.16 10.89 236.36  34.95  8  0.79  6.60 219.06  23.52  0.58 10.36 223.88  12.61  0.38 12.84 314.63   8.80  0.34 11.76 248.97   8.11  0.21 13.73 282.80   7.66  0.20  8.84 263.62   6.74  0.18 16.74 299.82  11.10  0.11 15.43 218.02   8.15
19940304 060000  6.4 180.3  1.22 10.76 234.63  35.30  8  0.83  6.47 215.08  25.36  0.52 10.88 247.54   8.50  0.51 10.33 220.56   9.79  0.35 12.45 316.14   7.69  0.27 13.66 283.97  11.44  0.20 16.73 300.27  11.21  0.12 14.72 220.20   9.26  0.08  8.43 265.00   0.00
19940304 090000  6.2 187.8  1.28 10.58 233.68  34.59  8  0.92  6.28 216.15  25.72  0.64 10.69 243.51  10.61  0.36 10.31 213.41   6.38  0.35 12.44 316.10   7.71  0.27 14.16 284.91  10.52  0.19 16.76 300.14  12.03  0.14 14.54 220.82   9.54  0.08  8.43 265.00   0.00
19940304 120000  2.9 168.7  1.31 10.48 234.77  33.24  7  0.96  6.32 218.64  24.65  0.67 10.56 244.39  11.15  0.34 12.44 316.13   7.72  0.32 10.22 211.72   5.08  0.29 14.21 283.18  11.32  0.18 16.83 302.24  12.46  0.12 14.51 216.88   8.31
19940304 150000  5.1 247.5  1.33 10.35 236.46  31.85  8  0.98  6.58 221.81  23.54  0.63 10.77 249.20   8.72  0.41 10.14 219.04   9.45  0.35 13.50 316.01   7.64  0.22 14.44 283.44   9.58  0.17 14.30 223.19  10.18  0.16 17.01 302.66  11.58  0.15 12.71 286.35   8.31
19940304 180000  4.4 235.4  1.37 10.14 237.41  31.08 10  1.01  6.98 223.60  23.46  0.72 10.13 245.42  11.99  0.26 13.66 318.91   6.36  0.25  9.90 211.99   6.17  0.25 14.70 292.84  13.27  0.21 12.78 292.62  11.02  0.20 11.14 316.02   6.83  0.18 13.66 222.84   9.00  0.07 16.91 222.02   8.12  0.07 11.83 225.00   0.02
19940304 210000  4.8 229.4  1.38  9.98 237.83  30.99 10  1.00  7.16 223.83  23.60  0.73 10.05 245.37  13.05  0.28 15.65 296.08  12.34  0.24 13.52 320.40   4.98  0.23 13.46 226.73   9.83  0.22 11.77 222.86   7.63  0.20 11.14 316.06   6.82  0.20  9.71 210.11   5.79  0.19 12.65 292.73  11.83  0.09 16.70 223.30   8.45
19940305 000000  2.6 180.7  1.39 10.74 237.74  30.63  9  0.89  6.71 221.93  24.56  0.76  8.99 243.18  14.73  0.57 11.14 227.46  11.41  0.26 15.88 299.72  10.67  0.26 12.81 289.05  12.46  0.23 13.48 320.50   4.97  0.20 11.14 316.11   6.74  0.11 16.63 224.66   8.57  0.05 23.23 291.77  11.48
19940305 030000  2.7 221.7  1.45 10.55 237.20  29.36  8  0.90  6.70 222.18  24.25  0.90 11.09 231.05  12.76  0.51 10.19 252.52   6.66  0.27 12.81 287.74  13.17  0.26 15.87 299.45  11.47  0.22 11.56 317.53   6.99  0.21 13.35 319.77   4.99  0.06 23.14 292.45  11.53
19940305 060000  2.9 197.1  1.55 10.38 236.65  27.70  7  1.37  9.99 230.48  20.66  0.52 13.16 230.52  10.39  0.31 13.27 317.16   7.19  0.26 16.02 299.19  12.37  0.25 12.81 285.64  11.30  0.21 10.33 255.00   0.02  0.07 22.88 292.17  11.82
19940305 090000  1.0 326.7  1.65 12.86 237.15  26.02  6  1.40 10.26 232.19  20.35  0.73 12.96 232.27   9.66  0.31 12.88 317.06   7.27  0.26 13.10 285.97  10.11  0.25 16.35 301.07  11.88  0.08 22.07 290.93  12.15
19940305 120000  3.7   6.8  1.73 12.70 237.95  24.74  5  1.67 12.64 233.45  17.63  0.31 12.76 317.15   7.25  0.26 16.42 300.55  10.62  0.25 13.18 286.90   9.41  0.10 21.86 290.40  11.93
19940305 150000  3.9 305.8  1.84 12.55 239.11  25.11  5  1.76 12.42 234.76  18.88  0.33 12.72 315.83   7.80  0.28 16.26 300.22   9.83  0.25 13.24 283.27   9.07  0.11 21.79 290.76  11.90
19940305 180000  2.4 308.2  1.93 12.32 239.51  23.75  6  1.74 12.07 235.38  18.13  0.64 15.12 235.72  10.85  0.34 15.93 298.61  10.14  0.32 12.69 316.12   8.01  0.20 13.16 282.26   6.68  0.12 21.72 291.23  12.36
19940305 210000  3.3 287.9  2.00 12.09 240.11  22.52  5  1.79 11.97 237.14  17.55  0.73 15.37 233.58   8.46  0.39 15.57 299.08  10.41  0.28 12.51 317.85   7.60  0.13 21.59 291.86  12.07
19940306 000000  0.5 200.5  2.04 14.54 240.69  21.31  5  1.72 11.94 238.04  16.86  0.98 14.72 235.51   9.40  0.38 15.48 298.09  10.64  0.29 12.51 316.81   7.86  0.15 20.96 290.54  12.42
19940306 030000  1.6 195.3  2.05 14.32 241.19  20.43  5  1.49 11.59 238.65  16.77  1.32 14.28 237.40  11.05  0.36 15.49 299.85   9.77  0.29 12.35 316.43   8.44  0.17 20.50 289.55  12.24
19940306 060000  3.9 184.3  2.07 13.84 240.98  20.61  5  2.00 13.80 237.97  14.84  0.35 15.51 300.52   9.84  0.30 12.37 313.89  11.27  0.20 19.84 228.15   7.02  0.20 20.41 289.20  12.54
19940306 090000  4.1 185.3  2.10 13.56 240.60  20.45  6  1.99 13.56 237.68  14.43  0.41 18.65 229.14   7.71  0.36 15.49 300.48  11.22  0.27 11.96 316.60   7.60  0.21 20.37 290.21  12.17  0.15 12.63 289.72   4.99
19940306 120000  2.6 137.3  2.16 13.42 239.80  20.06  5  2.03 13.42 237.25  13.88  0.54 18.20 227.76   8.78  0.36 15.44 300.67   9.60  0.31 12.11 310.21  13.13  0.22 20.31 291.41  12.34
19940306 150000  3.6 255.3  2.29 13.28 238.72  19.60  5  1.95 13.27 236.87  13.95  1.07 16.82 231.50   9.93  0.43 15.33 298.02  11.28  0.26 11.87 316.52   7.79  0.23 20.16 291.08  12.03
19940306 180000  4.4 217.2  2.48 16.38 237.41  19.03  5  1.90 13.10 236.58  14.11  1.48 16.47 230.89   9.24  0.48 15.05 297.28  11.62  0.27 19.45 290.27  12.26  0.22 11.71 318.78   6.60
19940306 210000  5.1 224.9  2.69 15.91 236.31  18.44  5  1.93 13.05 235.34  14.30  1.76 16.04 231.45   9.48  0.48 14.69 296.79  11.60  0.30 19.14 288.72  12.74  0.24 11.75 317.53   7.04
19940307 000000  4.8 193.8  2.85 15.52 235.47  17.96  3  2.78 15.57 232.98  12.41  0.52 14.57 301.38  13.27  0.33 19.07 288.40  12.99
19940307 030000  4.5 196.3  2.93 15.19 234.89  17.67  3  2.87 15.27 232.58  12.38  0.51 14.54 301.81  12.91  0.34 19.04 288.88  13.81
19940307 060000  6.4 191.7  2.95 14.69 234.36  17.85  4  2.89 14.73 232.17  12.79  0.46 14.52 299.10  11.09  0.32 19.01 292.68  12.00  0.20 11.29 318.00   7.44
19940307 090000  3.9 197.1  2.90 14.51 234.21  18.19  4  2.84 14.51 231.92  13.03  0.45 14.51 299.23  10.97  0.33 18.90 293.12  11.80  0.20 11.30 316.94   7.79
19940307 120000  4.2 184.2  2.83 14.36 234.39  18.74  4  2.75 14.35 231.70  13.00  0.46 14.46 298.96  11.07  0.39 18.34 289.76  13.73  0.19 11.12 317.52   7.55
19940307 150000  3.8 229.0  2.75 14.19 234.58  19.51  3  2.67 14.15 231.45  13.18  0.50 14.37 300.92  12.28  0.44 17.89 290.33  13.20
19940307 180000  4.7 230.6  2.68 13.94 234.55  20.23  4  2.59 13.90 231.02  13.43  0.48 14.17 298.28  11.37  0.46 17.83 289.90  13.31  0.16 11.04 318.88   6.24
19940307 210000  5.4 227.3  2.62 13.85 234.16  20.77  4  2.53 13.85 230.44  13.74  0.49 13.85 298.69  11.10  0.46 17.81 290.00  13.50  0.15 10.92 318.90   6.90
19940308 000000  2.5 186.2  2.56 13.94 233.53  21.17  4  2.47 14.09 229.71  13.98  0.48 13.72 298.65  11.22  0.45 17.79 290.92  13.54  0.15 10.89 319.06   6.57
19940308 030000  2.9 220.5  2.51 14.27 233.03  21.48  4  2.42 14.43 229.08  13.98  0.48 13.66 298.31  11.51  0.44 17.75 292.28  13.36  0.15 10.90 318.17   7.21
19940308 060000  4.6 206.8  2.48 14.23 232.77  21.90  4  2.39 14.30 228.58  14.06  0.48 13.63 298.36  11.47  0.46 17.62 292.83  12.92  0.14 10.86 318.10   7.23
19940308 090000  2.3 185.2  2.48 14.04 232.89  22.37  3  2.37 14.12 228.34  14.13  0.51 17.11 292.35  12.59  0.49 13.61 299.81  12.20
19940308 120000  1.4 137.6  2.49 13.71 233.09  22.58  3  2.38 13.74 228.17  13.83  0.56 16.78 291.38  13.40  0.48 13.57 299.46  12.09
19940308 150000  4.3 252.9  2.55 13.59 232.92  22.37  3  2.44 13.60 228.15  13.91  0.58 16.71 290.70  13.65  0.48 13.51 299.56  11.94
19940308 180000  5.5 231.9  2.65 13.55 232.13  21.95  3  2.54 13.58 227.87  14.25  0.56 16.68 290.70  13.33  0.47 13.43 299.92  12.08
19940308 210000  5.2 227.2  2.69 13.57 231.35  21.67  5  1.05  7.06 226.62  24.59  1.95 13.45 228.91  11.54  1.36 15.79 224.79  10.34  0.55 16.67 291.28  13.45  0.46 13.34 300.07  12.10
19940309 000000  1.6 201.8  2.71 13.64 230.59  21.57  3  2.62 13.76 226.80  14.30  0.55 16.65 292.10  13.32  0.45 13.25 300.32  12.16
19940309 030000  3.1 218.5  2.74 13.80 229.81  21.68  4  2.44 14.14 226.55  11.47  1.02  6.49 222.95  25.26  0.56 16.58 293.00  13.36  0.43 13.16 299.84  12.16
19940309 060000  1.7 171.7  2.75 16.31 229.18  22.00  3  2.65 14.38 225.30  14.58  0.58 16.44 292.90  13.21  0.43 13.08 299.93  12.04
19940309 090000  1.7 304.8  2.71 16.20 228.88  22.47  4  2.25 14.12 226.22  15.39  1.31 16.41 219.78   9.42  0.62 16.16 290.61  15.03  0.42 13.02 300.13  11.90
19940309 120000  1.8 140.6  2.65 15.60 228.80  22.98  3  2.53 15.41 224.12  14.22  0.64 15.95 292.50  13.88  0.40 12.96 299.65  11.98
19940309 150000  2.4 268.1  2.56 15.41 228.76  23.51  3  2.44 15.26 223.60  14.05  0.66 15.88 290.52  15.53  0.40 12.90 300.67  12.12
19940309 180000  2.8 246.2  2.48 15.24 228.50  23.93  3  2.36 15.01 223.13  14.03  0.65 15.78 291.78  15.22  0.39 12.85 300.44  12.13
19940309 210000  3.4 246.5  2.40 14.89 228.00  24.30  3  2.28 14.49 222.35  13.89  0.65 15.73 290.82  15.63  0.39 12.79 301.57  12.33
19940310 000000  2.6 161.5  2.33 14.56 227.35  24.66  3  2.22 14.34 221.59  13.87  0.63 15.62 292.82  14.12  0.37 12.75 301.03  12.51
19940310 030000  3.1 190.5  2.28 14.46 226.81  25.22  3  2.16 14.22 220.71  13.76  0.63 15.55 293.23  13.99  0.36 12.72 301.20  12.70
19940310 060000  4.5 170.6  2.24 14.41 226.19  26.20  3  2.11 14.15 219.53  13.96  0.67 15.50 293.98  14.76  0.32 12.54 300.24  12.92
19940310 090000  3.0 181.1  2.21 14.33 225.84  26.99  3  2.07 14.06 218.62  13.92  0.68 15.45 292.98  14.89  0.34 12.61 302.85  12.75
19940310 120000  2.7 165.9  2.16 14.18 225.68  27.61  3  2.01 13.75 217.95  13.78  0.69 15.40 292.70  14.89  0.34 12.61 302.84  12.16
19940310 150000  3.7 245.3  2.09 13.87 225.71  28.13  3  1.95 13.56 217.58  14.02  0.69 15.31 292.64  15.08  0.31 12.48 302.96  13.58
19940310 180000  5.2 232.5  2.03 13.70 225.81  28.65  3  1.88 13.46 217.27  14.25  0.70 15.08 292.20  14.96  0.29 12.34 305.24  13.91
19940310 210000  5.1 219.6  1.95 13.65 226.14  29.64  4  1.80 13.38 216.87  14.61  0.69 14.78 292.40  15.10  0.28 12.31 304.44  13.20  0.06 11.05 335.02   0.46
19940311 000000  3.2 183.2  1.86 13.55 226.70  30.90  3  1.70 13.24 216.42  15.00  0.69 14.66 292.82  15.00  0.28 12.38 307.29  13.56
19940311 030000  3.6 198.2  1.76 12.92 227.76  32.16  5  0.44  3.90 214.33  27.93  1.53 12.88 216.43  13.98  0.70 14.61 293.50  14.59  0.24 11.88 306.76  12.20  0.07 11.00 335.03   0.58
19940311 060000  4.8 200.0  1.68 12.72 229.18  33.16  4  0.44  4.10 212.79  27.21  1.44 12.68 216.94  14.74  0.73 14.58 294.55  14.67  0.10 10.86 329.16   7.16
19940311 090000  4.3 188.3  1.63 12.60 231.14  33.81  5  0.46  4.17 211.06  27.51  1.33 12.59 216.24  14.31  0.72 14.55 294.62  14.11  0.38 10.88 249.73   5.84  0.10 10.54 329.82   6.46
19940311 120000  6.1 183.3  1.60 12.44 233.28  34.41  6  1.31 12.45 214.40  16.52  0.69 14.52 293.47  14.05  0.56 10.41 250.43   8.17  0.18 11.74 309.46   7.62  0.10 10.36 330.34   6.50  0.05 20.29 211.39   6.96
19940311 150000  6.1 205.6  1.58 12.03 235.39  34.59  6  1.23 12.15 212.98  16.12  0.69 10.21 250.32   9.44  0.69 14.48 293.47  14.18  0.18 11.75 309.47   7.40  0.10 10.32 331.09   5.54  0.07 19.50 211.09   6.49
19940311 180000  7.1 225.9  1.62 11.81 236.22  34.06  8  0.74  4.07 216.78  26.51  1.04 11.87 214.39  11.67  0.70  9.88 252.68   8.57  0.68 14.41 293.51  14.72  0.19 11.72 306.88  10.26  0.09 10.24 330.42   6.27  0.09 18.99 211.87   7.24  0.08 13.50 246.47   3.54
19940311 210000  6.1 219.3  1.61 11.71 237.14  34.23  7  0.81  4.55 218.80  28.11  0.96 11.74 214.51  12.09  0.73  9.55 252.40   9.74  0.66 14.30 294.15  14.26  0.17 11.77 310.75   5.96  0.11 18.92 211.30   6.71  0.10 10.12 330.57   6.18
19940312 000000  7.3 193.8  1.60 11.64 236.01  34.96  7  0.87  4.79 215.37  28.96  0.90 11.65 214.70  12.22  0.73  9.28 252.82  10.13  0.64 14.18 294.31  14.25  0.17 11.76 311.21   6.25  0.12 17.98 210.62   5.85  0.09  9.75 330.42   7.50
19940312 030000  7.4 188.7  1.61 11.53 233.40  35.96  7  0.94  4.96 210.15  29.48  0.84 11.50 214.33  12.22  0.74  9.07 251.69  10.95  0.62 14.13 294.39  13.81  0.17 11.74 311.48   6.44  0.14 17.77 210.77   6.23  0.09  9.68 329.57   7.99
19940312 060000  5.1 203.4  1.56 13.91 233.92  36.20  6  0.92  5.16 210.62  29.96  0.80 11.19 214.51  11.99  0.72  9.12 251.91  11.33  0.64 14.07 295.21  14.60  0.16 17.63 212.13   7.39  0.09  9.63 330.60   6.26
19940312 090000  6.5 185.0  1.50 13.87 234.91  36.40  6  0.84  5.02 208.24  29.19  0.80 11.05 215.99  12.90  0.70  8.84 252.71  11.23  0.63 14.06 295.59  14.03  0.17 16.77 210.48   5.86  0.09  9.58 330.29   6.26
19940312 120000  8.5 191.3  1.50 13.84 232.87  37.02  6  0.85  4.81 203.88  28.20  1.05 10.92 231.60  21.44  0.62 14.04 295.78  13.88  0.19 16.62 210.35   5.78  0.08  9.49 330.93   5.78  0.06 20.38 215.50   7.86
19940312 150000  7.4 200.7  1.55 13.77 230.79  36.27  6  0.99  5.03 210.05  29.68  1.01 10.86 229.22  20.53  0.62 14.03 295.72  14.01  0.20 16.51 210.99   6.14  0.08  9.24 330.17   6.46  0.07 20.28 216.19   8.04
19940312 180000  8.3 213.4  1.65 13.58 229.90  33.94  7  1.13  5.42 215.84  28.62  0.95 10.82 227.46  19.85  0.61 14.01 295.70  14.25  0.36 13.63 228.30   9.07  0.22 15.73 210.62   6.48  0.08 19.41 215.30   7.80  0.07  9.06 331.24   5.95
19940312 210000 10.7 207.0  1.95 13.25 226.18  31.51  6  1.77 10.77 219.74  25.65  0.59 14.08 296.32  13.74  0.50 12.79 230.00   9.17  0.25 15.52 209.85   5.89  0.11 19.10 215.61   7.89  0.07  9.01 330.52   6.46
19940313 000000  7.4 189.6  2.03 12.95 224.90  31.58  6  1.60  6.08 218.78  30.00  1.09 11.09 222.14  12.49  0.57 14.10 296.74  13.63  0.24 15.52 209.97   5.84  0.12 19.05 216.11   8.11  0.07  8.96 330.27   6.81
19940313 030000  7.2 200.7  1.93 11.43 225.89  30.92  6  1.41  6.24 220.05  30.26  1.16 11.12 221.42  12.07  0.56 14.09 297.18  13.55  0.24 15.35 211.63   5.71  0.13 18.90 215.96   7.78  0.06  8.91 330.24   6.78
19940313 060000  7.5 192.1  1.88 11.58 225.15  30.13  6  1.26  6.15 219.43  30.66  1.25 11.48 220.76  12.28  0.54 14.00 297.73  13.34  0.29 14.57 210.34   5.44  0.16 18.03 215.84   8.04  0.06  8.77 330.41   6.09
19940313 090000  6.3 190.0  1.87 11.33 224.33  29.03  5  1.18  6.09 220.92  30.13  1.30 11.06 218.70  12.13  0.53 13.85 297.92  13.92  0.31 14.52 210.44   5.41  0.19 17.84 215.81   8.34
19940313 120000  6.9 198.2  1.85 11.00 224.16  27.96  5  1.74 10.90 219.68  20.91  0.51 13.67 297.72  13.67  0.28 14.51 210.42   5.30  0.19 17.80 215.95   8.68  0.08 16.61 314.73   7.51
19940313 150000  7.0 212.5  1.84 10.85 223.81  27.60  5  1.71 10.80 219.91  20.82  0.49 13.57 297.86  13.69  0.41 13.84 208.86   8.15  0.20 17.62 215.95   9.02  0.08 16.60 315.33   7.59
19940313 180000  5.9 206.8  1.84 13.44 223.90  27.45  4  1.69 10.69 219.65  21.18  0.49 13.53 298.31  14.15  0.45 13.55 220.88  11.52  0.28 16.79 211.45  10.74
19940313 210000  8.2 209.3  1.92 13.43 223.10  26.87  5  1.79 10.40 219.65  21.21  0.48 13.50 298.99  13.83  0.37 13.61 209.60   7.96  0.28 16.68 216.12   8.40  0.21 13.54 230.06   5.00
19940314 000000  7.5 198.6  2.03 13.38 220.88  27.03  5  1.89  9.85 217.87  22.34  0.50 13.47 214.63  14.04  0.46 13.48 297.65  14.40  0.28 16.65 216.93   8.10  0.09 15.58 318.05   4.62
19940314 030000  9.2 192.6  2.06 13.18 218.99  27.37  5  1.90  9.21 216.41  23.31  0.60 12.85 212.44  15.69  0.43 13.46 297.87  13.66  0.27 16.58 218.09   7.91  0.12 15.54 314.18   7.42
19940314 060000  8.3 190.6  2.04 12.72 217.74  27.72  5  1.88  8.90 215.01  24.17  0.59 12.67 213.84  13.81  0.42 13.40 297.08  14.22  0.31 15.81 216.23   8.80  0.12 15.53 314.73   7.58
19940314 090000  8.1 187.2  1.94 12.62 217.79  27.81  6  1.61  8.63 214.98  25.70  0.68  9.95 212.05  14.34  0.64 12.57 217.11  14.88  0.41 13.33 297.66  13.71  0.36 15.61 216.25   8.31  0.09 15.51 319.23   4.95
19940314 120000  7.5 186.5  1.84 12.55 217.91  28.01  5  1.51  8.19 215.13  25.63  0.64 12.45 213.97  15.15  0.62  9.98 212.71  14.25  0.41 13.16 298.66  14.18  0.37 15.57 216.91   7.83
19940314 150000 10.0 204.0  1.83 12.44 217.39  27.68  4  1.63  8.28 214.20  23.67  0.60 12.21 213.38  15.01  0.41 12.92 298.89  14.22  0.36 15.52 217.96   7.70
19940314 180000 11.8 202.3  2.09 12.10 215.93  26.99  4  2.02 11.81 213.53  23.39  0.39 12.81 297.93  14.09  0.38 15.13 216.92   8.44  0.10 14.52 316.13   3.18
19940314 210000 11.1 199.4  2.20  6.51 214.32  27.35  4  2.12  6.51 212.18  24.40  0.42 14.67 216.59   8.34  0.37 12.75 296.16  14.49  0.12 14.56 317.36   5.66
19940315 000000  7.3 188.3  1.94 14.49 215.41  28.30  5  1.74  6.64 212.65  26.21  0.63 11.68 213.72  13.97  0.45 14.59 216.88   8.42  0.36 12.71 296.23  13.80  0.12 14.55 317.57   5.78
19940315 030000  7.9 192.8  1.67 14.43 216.73  28.64  6  1.43  7.23 213.39  26.30  0.62 11.61 213.28  14.15  0.47 14.48 216.99   9.23  0.36 12.70 297.00  14.30  0.08 14.51 315.75   2.66  0.05 19.35 216.14   8.02
19940315 060000  6.1 189.5  1.48 14.22 218.37  29.17  5  1.21  7.26 214.12  26.47  0.63 11.34 214.81  14.58  0.45 14.33 216.96   8.89  0.36 12.71 298.01  14.32  0.06 19.07 216.03   7.84
19940315 090000  5.3 189.4  1.36 13.66 221.06  28.99  6  1.06  7.21 216.84  25.19  0.61 11.06 214.43  14.60  0.44 13.93 216.55   7.93  0.37 12.78 298.36  14.46  0.10 15.66 251.63   7.29  0.07 19.01 219.46  10.36
19940315 120000  5.5 183.1  1.32 13.55 221.79  28.88  7  1.01  7.15 217.28  24.36  0.59 10.97 214.02  13.64  0.44 13.74 216.10   8.14  0.33 12.61 294.43  12.80  0.16 13.60 315.79   5.52  0.16 15.42 251.48   8.31  0.08 18.75 215.84   7.80
19940315 150000  5.4 187.7  1.33 13.49 221.60  28.45  7  1.04  7.34 216.80  23.63  0.55 10.93 214.35  13.64  0.46 13.59 214.86   7.95  0.32 12.55 296.23  12.41  0.21 14.36 254.59   8.77  0.14 13.65 316.42   6.02  0.11 17.85 221.74  10.60
19940315 180000  9.7 221.1  1.47 13.40 221.88  26.98  7  1.23  7.51 217.94  22.85  0.51 10.85 215.03  13.65  0.46 13.45 215.69   8.19  0.29 12.46 299.09  12.05  0.27 13.82 257.79  10.47  0.15 13.62 311.33   6.03  0.11 17.81 220.27  11.44
19940315 210000 11.8 205.9  1.96 13.23 217.33  26.81  5  1.85  5.80 214.38  23.90  0.44 13.28 215.55   8.12  0.34 13.38 257.89  11.89  0.30 12.81 302.42  11.42  0.11 17.78 217.74   7.88
19940316 000000  9.3 205.2  2.23  6.86 214.65  27.82  6  2.09  6.86 212.02  25.88  0.42 10.67 209.95   8.89  0.39 13.07 215.36   8.47  0.39 12.91 258.04  10.93  0.30 12.69 302.58  11.31  0.13 17.40 218.25   9.12
19940316 030000  8.4 191.5  2.08  7.09 216.21  28.90  7  1.92  7.08 212.72  26.57  0.44 12.76 213.93   8.92  0.44 12.74 258.25   9.39  0.34 10.39 210.57  10.19  0.30 12.54 302.65  11.65  0.14 16.83 219.25   9.71  0.06 18.56 302.60  10.10
19940316 060000  4.5 178.6  1.83  6.96 219.86  29.57  7  1.65  6.96 214.93  26.43  0.50 12.25 258.48  10.38  0.36 10.48 208.57   8.30  0.35 12.70 215.08   7.84  0.29 12.63 304.61  11.14  0.16 16.68 219.78   9.10  0.06 17.91 303.22   9.39
19940316 090000  3.5 170.7  1.61 12.31 224.76  29.69  7  1.39  6.80 217.91  25.67  0.56 12.02 257.95   9.96  0.37 10.37 208.53   8.82  0.32 12.61 215.86   8.59  0.30 12.57 304.27  11.65  0.15 16.64 217.43   7.05  0.07 17.80 303.34   9.47
19940316 120000  5.2 173.0  1.46 12.19 228.82  29.94  7  1.19  6.58 219.64  25.42  0.63 11.88 258.73  10.81  0.36 10.27 209.50   8.98  0.30 12.38 213.87   8.13  0.27 12.62 307.31   9.65  0.19 15.95 218.78   9.73  0.08 17.77 303.73   9.54
19940316 150000  3.3 221.0  1.38 12.36 232.42  29.54  7  1.04  6.49 220.98  24.67  0.70 11.90 258.21  11.08  0.34 10.07 210.21   9.57  0.29 12.33 212.05   7.92  0.26 12.60 307.20   9.69  0.20 15.75 217.13   8.65  0.09 17.72 303.82   9.52
19940316 180000  6.3 236.2  1.38 12.49 235.30  28.71  7  1.01  6.62 222.86  23.92  0.76 12.52 257.41  11.67  0.32  9.78 209.12   8.80  0.26 12.54 307.15   9.69  0.25 12.13 209.99   7.14  0.23 15.66 216.79   7.45  0.10 17.58 303.46   9.38
19940316 210000  5.9 218.5  1.40 12.38 236.52  28.72  8  1.02  6.96 222.34  23.86  0.82 12.42 257.41  11.73  0.28  9.86 208.69   8.40  0.26 15.61 215.77   8.09  0.25 12.10 307.91   9.60  0.20 12.35 211.56   8.49  0.11 16.87 302.88   9.30  0.06 20.56 214.58   8.80
19940317 000000  2.9 128.6  1.40 12.01 237.34  29.68  9  1.00  7.03 219.15  24.45  0.88 12.00 256.71  12.13  0.26 15.42 215.47   7.91  0.23 11.96 305.68   8.52  0.21 12.47 209.49   7.23  0.13 16.67 302.78   9.36  0.11 13.61 319.74   5.01  0.09 19.88 213.48   7.29  0.05 20.34 287.80   9.48
19940317 030000  1.1 196.2  1.39 11.88 239.29  28.96  9  0.92  7.02 219.12  23.14  0.92 11.87 257.32  11.83  0.33 14.80 217.92   9.80  0.23 11.85 307.12   8.34  0.21 12.40 209.64   7.38  0.14 16.62 302.87   9.54  0.14 19.15 213.31   6.82  0.12 13.58 319.84   5.01  0.06 20.34 286.60  11.13
19940317 060000  4.0 207.2  1.40 11.81 240.37  28.52  9  0.95 11.72 257.41  11.14  0.86  6.98 219.07  22.70  0.35 14.70 216.14   8.44  0.25 12.16 213.89   8.60  0.24 11.94 306.38   8.88  0.19 18.69 212.21   6.57  0.14 16.59 303.40   9.71  0.11 13.55 320.15   5.00  0.05 20.34 288.47  10.44
19940317 090000  4.9 173.1  1.41 11.76 240.16  28.99  7  0.99 11.68 256.55  12.49  0.82  6.89 217.42  23.85  0.35 14.51 213.26   6.98  0.27 17.87 212.89   6.83  0.27 11.97 308.65   9.81  0.24 11.90 212.96   9.36  0.15 16.54 302.04   9.87
19940317 120000  2.1 149.1  1.41 11.71 240.36  28.70  8  0.97 11.51 258.00  11.18  0.76  6.79 217.53  23.32  0.46 14.15 216.23   9.65  0.36 17.35 211.98   7.02  0.26 12.07 308.89   9.87  0.18 11.53 212.81   7.76  0.16 16.31 302.63   9.23  0.07 19.12 289.39   9.97
19940317 150000  3.6 247.1  1.44 11.64 239.92  28.46  8  0.97 11.36 258.40  11.17  0.73  6.72 218.95  22.88  0.50 16.63 211.34   7.22  0.43 13.61 218.28   9.50  0.25 12.34 309.08  10.03  0.22 11.41 212.38   7.28  0.18 15.69 302.27   9.30  0.09 19.02 285.96  10.30
19940317 180000  5.7 228.1  1.49 11.48 238.23  28.57  6  0.75  6.75 220.37  23.06  0.97 11.31 259.51  12.15  0.79 16.24 213.54   8.69  0.20 12.54 314.58   7.27  0.20 15.57 302.24   9.51  0.10 19.01 286.16  10.40
19940317 210000  4.6 214.3  1.52 15.42 236.45  28.92  6  0.73  6.69 218.92  23.68  0.96 11.19 260.43  12.93  0.88 15.50 213.40   9.00  0.20 15.53 302.04   9.65  0.18 12.56 315.44   7.65  0.11 19.01 286.78  12.14
19940318 000000  2.2 202.5  1.53 15.22 235.17  29.07  6  0.95 11.24 259.99  11.70  0.94 15.24 212.78   8.73  0.67  6.61 217.46  23.58  0.22 12.52 314.25   7.67  0.19 15.52 302.23   9.62  0.11 19.03 287.81  12.87
19940318 030000  4.1 203.8  1.52 14.62 234.53  29.20  5  0.98 14.68 212.03   8.33  0.94 11.23 259.93  11.99  0.60  6.47 216.75  23.07  0.22 15.46 298.76  11.71  0.22 12.40 314.50   7.96
19940318 060000  4.2 168.9  1.51 14.34 234.04  29.83  7  1.01 14.38 211.75   8.42  0.93 11.35 260.61  12.40  0.55  6.34 214.59  24.16  0.21 11.89 316.01   7.95  0.19 15.24 302.36   9.77  0.13 17.84 287.77  11.55  0.08 20.37 294.41   9.33
19940318 090000  3.2 174.0  1.49 14.19 234.33  30.47  8  1.02 14.19 211.55   8.41  0.90 11.29 261.05  11.78  0.49  6.13 213.96  25.54  0.22 11.85 315.51   8.43  0.22 14.71 302.03   9.75  0.15 17.77 286.05  10.34  0.09 17.75 215.00   0.00  0.09 20.35 292.14  10.67
19940318 120000  3.1 178.0  1.46 13.94 235.11  30.87  8  1.00 13.84 211.32   8.36  0.88 11.20 261.53  11.74  0.44  5.99 215.09  24.78  0.23 14.57 301.38   9.70  0.22 11.80 316.05   8.73  0.18 17.77 287.87  11.99  0.08 20.34 291.76  10.45  0.08 17.75 215.00   0.02
19940318 150000  4.1 241.5  1.42 13.56 236.02  31.13  7  0.43  5.85 219.89  25.51  0.98 13.56 211.23   8.41  0.86 11.08 262.10  11.75  0.23 14.54 301.06  10.76  0.22 11.75 316.64   9.01  0.19 17.77 286.83  11.51  0.07 20.34 295.32   8.16
19940318 180000  5.7 224.0  1.41 13.42 236.51  31.32  7  0.51  5.68 225.05  26.87  0.93 13.43 211.27   8.64  0.83 10.98 262.71  11.50  0.23 14.53 299.94  11.11  0.22 11.69 316.83   9.47  0.21 17.85 289.66  12.74  0.18 16.64 211.70   5.69
19940318 210000  5.7 211.0  1.37 13.31 236.98  32.01  7  0.52  5.56 223.50  28.51  0.89 13.32 211.29   8.72  0.81 10.86 262.94  11.49  0.22 18.29 292.01  13.12  0.22 14.52 300.39  10.91  0.22 11.44 316.05  10.75  0.16 16.61 211.41   5.24
19940319 000000  3.7 187.5  1.33 13.13 237.88  32.86  9  0.51  3.37 220.99  29.85  0.85 13.13 211.14   8.76  0.79 10.76 263.16  11.81  0.22 14.46 300.91  10.56  0.21 11.37 317.87   9.45  0.18 18.88 293.10  14.69  0.17 16.65 290.26  10.00  0.13 15.51 215.00   0.02  0.06 17.95 215.18   8.10
19940319 030000  5.7 201.0  1.29 12.67 239.42  33.46  8  0.47  4.94 219.23  30.06  0.79 12.74 211.08   8.75  0.77 10.50 262.88  11.43  0.23 16.62 288.59  11.53  0.23 14.11 302.63  10.96  0.22 15.57 212.87   7.45  0.22 11.23 315.46  11.84  0.15 19.02 290.58  10.84
19940319 060000  6.9 192.3  1.28 12.58 239.18  34.53  8  0.92 10.36 249.49  29.62  0.75 12.60 211.24   8.98  0.25 16.58 286.55  10.04  0.24 13.72 302.54  11.41  0.20 15.53 212.32   6.01  0.20 11.06 319.56   9.32  0.14 18.98 290.83  10.76  0.08 19.96 214.94   8.43
19940319 090000  7.1 181.6  1.30 12.52 237.32  36.47  7  0.62  3.39 206.97  33.06  0.75 12.53 211.48   9.01  0.74 10.23 263.49  12.17  0.32 16.63 290.25  13.06  0.23 13.64 299.81  10.90  0.20 11.02 319.68   9.46  0.10 19.33 215.72   7.32
19940319 120000  6.3 170.7  1.26 12.39 238.77  37.97  8  0.59  3.53 203.83  36.60  0.73 10.09 264.17  12.86  0.67 12.40 211.34   9.07  0.35 16.69 291.45  13.99  0.24 14.63 212.25   6.78  0.23 13.64 298.82  10.65  0.18 11.00 322.14   7.99  0.12 19.08 215.37   6.98
19940319 150000  5.7 206.8  1.21 11.87 241.57  37.56  8  0.54  3.53 207.23  35.87  0.70  9.81 264.28  12.76  0.63 12.04 211.57   9.24  0.36 16.94 292.03  13.87  0.24 13.66 300.01  11.00  0.23 14.56 212.09   6.28  0.17 10.93 322.20   8.14  0.15 18.67 215.09   7.88
19940319 180000  7.6 216.6  1.25 11.75 240.65  35.88 10  0.67  3.55 217.24  29.87  0.68  9.62 264.20  12.35  0.58 11.85 211.66   9.38  0.25 14.44 212.29   6.66  0.25 13.65 301.80  10.17  0.24 17.70 285.22  10.41  0.22 15.86 289.88   9.97  0.19 18.20 215.53   7.35  0.18 10.92 320.78   9.46  0.14 16.88 314.12   7.72
19940319 210000  8.7 208.2  1.35 11.69 236.67  35.45 11  0.87  4.09 218.42  29.06  0.64  9.49 264.12  11.71  0.54 11.78 212.61  10.27  0.26 15.65 286.10  11.10  0.25 17.75 214.80   7.68  0.24 14.16 211.01   5.86  0.24 13.67 303.99  11.99  0.20 17.78 287.98   8.45  0.18 10.77 319.92  10.00  0.14 17.22 308.73   5.09  0.09 11.06 289.72   4.99
19940320 000000  9.8 198.4  1.47 15.60 228.42  36.71  9  1.07  4.59 210.30  29.28  0.61  9.29 264.62  12.08  0.51 11.72 213.42  10.69  0.39 15.53 294.44  14.84  0.29 17.55 215.73   7.77  0.27 13.85 210.51   6.74  0.20 17.74 290.05   9.86  0.17 10.87 319.82  10.70  0.08 11.06 289.72   4.99
19940320 030000 10.3 189.7  1.68 15.75 219.80  37.11  9  1.36  5.19 205.19  29.83  0.56  9.08 264.20  11.39  0.49 11.59 214.66  11.67  0.42 15.57 292.37  14.37  0.32 17.22 216.31   8.65  0.29 13.77 211.22   6.71  0.18 12.92 296.40   9.96  0.18 10.47 316.71  12.20  0.08 11.06 289.74   4.99
19940320 060000 10.2 176.3  1.83 16.02 215.66  37.17 10  1.53  5.69 202.44  29.99  0.53  8.95 264.10  11.51  0.45 15.63 292.48  13.68  0.43 11.22 213.14   9.97  0.36 16.77 216.67   7.83  0.32 13.63 211.79   7.45  0.21 12.66 242.18   9.05  0.17 12.68 298.23  12.48  0.16 10.86 318.95  11.28  0.11 10.69 292.41   7.27
19940320 090000  8.4 170.4  1.83 16.15 217.27  37.11 10  1.49  6.18 202.19  29.87  0.52  8.77 262.36  12.12  0.48 15.76 292.32  13.69  0.43 16.51 216.88   8.96  0.39 11.10 214.59   9.85  0.37 12.83 242.05   8.63  0.31 13.37 209.40   6.08  0.15 12.71 304.83   8.26  0.14 10.14 320.52  10.13  0.13 10.98 291.34   9.16
19940320 120000  9.2 175.7  1.79 16.08 220.37  36.71  9  1.36  6.26 201.05  29.45  0.58 12.29 244.29   7.90  0.51  8.75 262.06  12.29  0.47 16.02 293.58  12.85  0.46 16.26 217.27   9.43  0.39 13.27 211.81   7.32  0.36 10.90 216.38  10.11  0.20 12.64 298.57  11.58  0.13  9.99 321.14   9.98
19940320 150000  7.6 199.0  1.78 15.76 225.38  34.36  8  1.23  6.12 203.13  28.58  0.95 12.01 248.67  12.34  0.50 16.22 294.41  12.73  0.46 15.84 218.19   9.97  0.43 13.04 214.25   7.67  0.33 11.24 211.81   8.37  0.11 10.33 315.38   8.59  0.06  9.13 331.92   5.60
19940320 180000  8.8 209.9  1.92 12.44 227.92  30.71  8  1.33  5.83 210.12  27.00  1.05 11.82 248.25  11.07  0.57 12.65 214.55   8.55  0.51 15.61 219.14  10.16  0.33 16.35 295.99  13.11  0.32 14.43 292.97  12.11  0.12 10.19 318.97  10.68  0.08 10.52 290.90   7.33
19940320 210000  9.8 211.1  2.10 12.35 229.08  28.90  7  1.52  5.88 216.59  28.02  1.10 11.72 246.55   9.56  0.58 12.56 216.83  10.32  0.55 15.39 218.24  10.07  0.46 14.70 293.39  16.65  0.18 16.67 291.41   8.35  0.06 21.02 212.80   6.43
19940321 000000  6.4 213.0  2.15 14.80 231.23  28.64  6  1.56  6.13 220.88  29.70  1.12 11.65 246.27   8.23  0.64 15.14 222.35  13.26  0.56 12.46 215.54   8.22  0.48 14.69 294.67  13.95  0.07 20.56 213.89   7.09
19940321 030000  6.1 194.5  2.09 14.63 233.80  28.16  6  1.44  6.43 223.15  29.88  1.16 11.57 245.96   9.14  0.60 12.48 218.41  10.95  0.58 14.82 220.07  11.61  0.53 14.74 291.53  15.87  0.08 20.39 214.43   6.69
19940321 060000  5.0 187.6  2.02 14.53 235.56  27.49  6  1.32  6.62 225.30  29.24  1.20 11.38 243.47  12.34  0.65 14.48 222.04  12.44  0.54 14.99 292.27  15.00  0.38 12.37 213.95   6.73  0.10 19.91 213.54   6.84
19940321 090000  3.3 179.8  1.93 14.42 236.71  26.77  5  1.69 11.18 234.82  23.46  0.71 14.30 222.35  14.07  0.54 15.03 291.88  15.06  0.25 12.01 218.59   4.80  0.12 19.18 214.68   7.14
19940321 120000  2.1 196.1  1.84 14.12 237.47  26.06  5  1.58 11.21 235.97  22.22  0.73 13.85 223.39  13.74  0.53 15.07 292.56  13.85  0.25 11.75 210.81   5.64  0.13 19.07 216.99   8.13
19940321 150000  4.1 256.0  1.76 13.61 237.96  25.47  5  1.53 11.12 236.70  20.93  0.62 13.64 220.67  11.41  0.52 15.04 291.25  14.98  0.27 11.77 209.03   5.72  0.19 18.16 217.75   9.14
19940321 180000  4.1 244.7  1.69 13.47 238.27  25.18  5  1.41 11.03 238.12  20.95  0.76 13.46 221.42  12.49  0.48 14.74 292.92  13.70  0.21 17.76 217.66   7.32  0.14 21.08 232.93   9.64
19940321 210000  3.8 233.5  1.64 13.35 238.43  25.17  6  1.39 10.94 237.99  20.38  0.51 13.39 218.42   9.65  0.48 14.37 291.84  14.57  0.36 11.64 213.30   7.35  0.27 20.18 234.73   9.67  0.26 17.37 219.35   8.61
19940322 000000  1.0 282.2  1.65 12.96 238.68  24.63  5  1.35 10.88 237.76  20.19  0.62 18.54 231.28  10.68  0.49 14.29 292.24  14.45  0.39 13.32 214.34   7.90  0.33 11.63 213.69   7.13
19940322 030000  2.7 229.9  1.78 17.66 238.67  22.52  5  1.21 10.74 238.16  20.88  1.03 17.70 233.78   9.50  0.50 12.74 215.14   7.83  0.50 14.31 291.83  14.30  0.37 12.58 241.41   5.17
19940322 060000  3.9 171.4  2.06 16.82 238.10  20.06  3  1.52 16.84 235.38   9.24  1.30 12.49 234.78  21.20  0.50 14.33 292.42  13.83
19940322 090000  3.2 170.8  2.35 16.38 238.24  17.42  3  1.99 16.40 236.05   9.54  1.15 11.61 236.19  21.13  0.49 14.35 293.07  12.99
19940322 120000  1.2 157.6  2.58 15.65 238.53  15.56  2  2.54 15.68 236.88  12.09  0.48 14.33 293.30  12.67
19940322 150000  3.1 260.3  2.71 15.33 238.81  14.56  2  2.67 15.38 237.41  11.42  0.46 14.31 293.58  12.71
19940322 180000  3.1 243.6  2.75 14.93 239.02  14.29  2  2.72 14.99 237.73  11.31  0.45 14.29 294.02  12.90
19940322 210000  5.3 210.9  2.73 14.77 239.00  14.47  3  2.69 14.81 237.73  11.46  0.43 14.14 295.46  12.13  0.10 20.33 311.12   9.03
19940323 000000  6.2 214.3  2.67 14.60 238.88  15.09  3  2.64 14.62 237.52  11.99  0.43 14.08 295.47  12.04  0.12 20.29 312.16   9.14
19940323 030000  5.3 186.9  2.58 14.40 238.94  15.67  3  2.54 14.42 237.40  12.37  0.44 13.90 294.03  12.55  0.12 20.27 312.37   9.50
19940323 060000  7.8 191.7  2.50 14.21 238.45  16.98  3  2.46 14.22 236.79  13.82  0.44 13.97 293.58  12.61  0.12 20.14 311.48   9.51
19940323 090000  6.8 185.7  2.44 13.87 237.93  18.50  3  2.40 13.87 236.14  15.41  0.43 13.82 293.45  12.54  0.15 19.20 309.19  10.57
19940323 120000  6.0 182.6  2.34 13.59 238.15  18.97  3  2.30 13.58 236.16  15.51  0.42 13.72 293.62  12.50  0.19 19.03 310.45   9.93
19940323 150000  5.7 203.5  2.25 13.43 238.45  18.86  3  2.20 13.41 236.25  14.90  0.42 13.63 293.19  12.79  0.20 18.98 311.35  10.00
19940323 180000  8.8 209.0  2.25 13.27 236.94  19.95  4  0.80  3.94 214.12  27.57  2.05 13.20 237.66  11.26  0.40 13.62 294.21  12.34  0.20 18.95 311.28  10.61
19940323 210000  9.6 207.0  2.28 13.01 234.60  22.22  5  1.08  4.59 214.80  28.59  1.96 12.90 237.45  11.31  0.39 13.61 294.35  12.07  0.19 18.84 310.15  11.02  0.14 18.07 217.81   6.65
19940324 000000  6.2 195.6  2.25 12.86 233.54  24.14  4  1.14  5.03 213.43  30.69  1.88 12.78 236.95  11.59  0.39 13.59 294.33  11.94  0.22 18.01 309.52  10.35
19940324 030000  8.9 192.2  2.15 12.76 233.37  25.44  4  1.05  4.96 209.84  31.48  1.82 12.69 236.49  11.99  0.38 13.57 294.42  11.89  0.28 17.81 310.37   9.70
19940324 060000  8.3 189.9  2.11 12.65 231.55  26.99  4  1.07  4.82 205.57  30.97  1.76 12.60 235.77  12.41  0.37 13.53 294.80  11.93  0.30 17.78 311.39   9.38
19940324 090000  9.8 188.4  2.10 12.52 228.86  27.80  4  1.16  4.85 204.70  30.23  1.69 12.48 234.62  12.49  0.36 13.37 293.86  12.61  0.28 17.76 311.91   9.59
19940324 120000 10.1 180.8  2.13 12.36 225.34  28.67  4  1.32  5.18 204.40  30.30  1.62 12.30 233.60  12.90  0.34 13.17 294.83  12.54  0.25 17.70 310.96  10.83
19940324 150000 10.4 194.1  2.15 12.08 223.62  28.38  4  1.44  5.71 207.31  29.50  1.54 12.01 232.29  13.03  0.32 12.93 295.43  12.51  0.25 17.25 309.45  11.09
19940324 180000 11.8 204.2  2.39 11.89 222.08  27.42  4  2.33 11.85 220.09  24.26  0.31 12.86 295.88  12.32  0.31 16.69 309.57  10.39  0.25 15.77 212.40   8.23
19940324 210000 14.1 201.0  2.75 11.76 220.92  27.68  4  2.69 11.73 219.21  24.85  0.36 16.63 310.33   9.94  0.31 15.55 211.22   8.67  0.29 12.83 296.13  12.21
19940325 000000 12.4 189.8  2.91  7.30 219.09  28.70  4  2.85  7.30 217.63  26.40  0.41 14.83 212.02   8.15  0.36 16.62 311.14   9.65  0.28 12.82 296.30  12.12
19940325 030000 12.9 173.1  2.94  7.67 214.92  30.23  5  2.61  7.67 211.05  30.28  1.17 11.25 225.04  12.94  0.54 14.53 213.35   8.00  0.33 16.61 311.99   9.33  0.27 12.80 296.47  12.17
19940325 060000 11.3 166.6  2.80 11.03 213.75  30.38  5  2.43  8.00 209.82  31.48  1.16 11.08 223.39  12.42  0.64 13.97 212.85   8.40  0.27 16.58 311.98   9.63  0.25 12.77 296.86  12.36
19940325 090000 10.6 163.1  2.64 10.95 213.45  30.38  6  2.22  8.68 208.78  32.33  1.14 11.07 222.73  12.58  0.75 13.62 212.48   7.01  0.27 16.23 310.83  10.37  0.24 16.52 228.81   5.53  0.24 12.74 295.20  14.26
19940325 120000  8.5 173.6  2.49 10.87 215.24  29.21  5  2.02  8.82 210.66  30.95  1.07 11.06 222.49  12.53  0.91 13.13 214.48   9.32  0.32 15.61 310.13  10.18  0.22 12.78 297.07  13.68
19940325 150000  8.9 193.5  2.38 12.66 217.91  27.39  5  1.85  8.86 212.91  27.44  1.40 12.65 219.80  13.69  0.37 15.55 310.36   9.83  0.32 15.63 229.79   5.52  0.21 12.86 299.96  12.07
19940325 180000 10.4 203.4  2.41 12.51 219.16  25.62  5  1.91  8.85 215.60  24.34  1.36 12.50 219.00  13.08  0.39 15.53 310.71   9.84  0.32 15.57 230.22   5.95  0.21 13.16 299.82  12.42
19940325 210000 11.1 207.1  2.50 12.35 219.60  25.00  3  2.47 12.34 217.82  21.21  0.37 15.53 311.28   9.72  0.21 13.21 300.22  12.23
19940326 000000  6.1 196.8  2.47 12.06 220.26  25.05  5  2.13  7.81 219.72  24.56  1.13 12.07 214.29   9.39  0.42 14.59 229.23   6.14  0.32 15.52 311.84   9.55  0.21 13.17 301.18  12.81
19940326 030000  5.6 198.0  2.31 11.84 221.39  24.58  5  1.97  8.03 221.45  24.14  1.09 11.85 214.31   9.56  0.37 14.55 229.68   6.23  0.35 15.43 308.73  11.73  0.07 17.89 206.11   6.40
19940326 060000  5.2 195.3  2.13 11.71 221.92  24.48  5  1.74  8.14 221.78  23.87  1.17 11.69 216.97  10.67  0.32 14.83 311.50   9.43  0.17 12.38 299.16  12.59  0.12 17.07 206.62   6.47
19940326 090000  4.5 191.0  2.01 11.61 222.49  25.06  6  1.62  8.29 221.78  23.07  1.03 11.58 215.07   9.86  0.41 13.61 229.93   6.26  0.35 14.58 310.79   9.65  0.19 16.60 206.80   6.55  0.18 12.47 301.53  12.31
19940326 120000  4.1 165.2  1.96 11.49 223.28  25.62  6  1.58  8.56 222.20  22.33  0.99 11.42 215.50  10.03  0.38 14.53 310.52   9.67  0.37 13.59 230.70   7.12  0.27 15.98 207.20   6.82  0.19 12.50 302.37  12.04
19940326 150000  4.5 247.2  1.92 11.01 223.86  25.81  5  1.51  8.74 223.11  21.74  1.05 10.92 217.20  11.99  0.39 14.52 310.54   9.78  0.31 15.66 206.25   6.70  0.19 12.52 303.23  11.71
19940326 180000  6.7 221.0  1.88 14.56 224.10  25.93  9  1.49  8.70 223.73  21.90  0.85 10.72 214.81  11.17  0.47 15.11 208.86   7.99  0.43 12.52 224.82   8.34  0.36 14.51 310.71   9.79  0.19 12.54 303.80  12.37  0.14 14.52 250.50   6.79  0.10 16.68 308.48   8.81  0.06 19.07 319.70   5.51
19940326 210000  7.1 205.3  1.85 14.49 222.97  26.09 10  1.41  8.16 221.49  23.08  0.95 10.76 217.78  12.40  0.46 14.68 206.81   6.30  0.33 12.69 230.27   6.26  0.32 14.51 311.20   9.91  0.20 12.70 305.43  12.12  0.19 14.34 248.74   9.62  0.10 16.72 307.87   7.04  0.08 19.00 216.41   7.26  0.07 18.99 320.30   5.03
19940327 000000  7.2 184.3  1.80 14.30 221.40  26.73  6  1.35  7.94 220.19  24.83  0.89 10.91 217.15  11.71  0.65 14.26 210.19   8.37  0.36 14.42 309.61  10.87  0.26 13.67 250.00   7.29  0.14 16.84 312.95   8.90
19940327 030000  7.1 201.9  1.75 13.76 221.03  27.26  7  1.55 11.19 218.44  22.03  0.65 13.76 208.36   6.59  0.35 14.12 309.45  10.98  0.32 13.78 250.33   7.37  0.14 17.68 314.02   7.53  0.10 18.78 217.11   7.05  0.06 23.47 213.41   6.79
19940327 060000  6.4 194.9  1.72 13.52 221.75  28.24  8  1.46 10.99 217.72  22.50  0.68 13.48 208.56   7.36  0.45 12.91 249.24   7.57  0.34 13.66 310.51   9.77  0.15 17.73 314.56   7.53  0.14 11.73 301.31  12.56  0.13 17.94 216.67   8.17  0.07 23.35 214.34   7.50
19940327 090000  6.4 194.3  1.69 13.43 223.59  29.30  9  1.12  6.69 218.03  26.72  0.79 10.97 215.37  11.27  0.66 13.26 209.33   7.14  0.57 13.10 249.20   7.57  0.35 13.60 310.19   9.69  0.17 17.68 219.62   9.42  0.16 11.83 303.62  10.96  0.15 17.78 316.01   7.08  0.09 23.04 213.81   7.23
19940327 120000  7.8 185.5  1.68 13.42 225.25  30.42  9  1.06  6.40 216.13  27.99  1.00 12.83 213.06  10.66  0.69 13.90 249.42   7.41  0.34 13.57 309.97  10.19  0.20 17.42 219.40  10.12  0.17 17.67 314.97   7.39  0.16 11.77 305.73  10.51  0.12 22.00 213.85   7.22  0.11 15.51 310.41   4.98
19940327 150000  6.9 210.8  1.69 13.40 228.24  30.26  9  1.00  6.15 216.03  27.86  0.97 12.72 214.30  11.12  0.82 13.64 248.84   7.69  0.34 13.56 310.42  10.25  0.20 17.56 312.37   8.36  0.19 17.55 218.00   7.45  0.17 11.79 306.50  11.07  0.14 21.85 214.65   7.38  0.09 15.51 315.00   0.00
19940327 180000  7.8 211.8  1.76 13.30 230.70  29.15  8  1.02  5.82 218.23  26.91  0.95 12.87 215.55  11.16  0.92 13.25 248.97   7.61  0.31 13.52 310.10   9.55  0.29 16.64 222.36   9.94  0.27 16.58 313.64   8.99  0.17 11.79 306.79  11.45  0.16 21.60 214.06   7.38
19940327 210000  8.2 204.1  1.82 13.14 231.66  28.67  7  1.01  5.13 217.41  27.82  1.03 13.35 248.19   8.13  0.95 12.60 216.56  10.84  0.34 13.47 309.59  10.15  0.33 16.41 218.32   8.26  0.28 16.55 314.21   8.66  0.19 20.60 213.83   7.27
19940328 000000  6.9 195.9  1.87 12.73 232.00  28.54  7  0.99  4.91 215.57  28.87  1.06 12.75 249.11   7.82  1.01 12.44 218.72  11.46  0.36 15.85 218.77   9.30  0.35 13.43 309.62  10.12  0.27 16.56 315.33   7.79  0.21 20.43 214.62   7.36
19940328 030000  9.7 196.7  1.96 12.56 230.13  29.17  7  1.09  4.83 210.90  28.51  1.29 12.55 241.96  15.17  0.71 12.11 217.05  10.43  0.49 15.40 218.42   8.27  0.35 13.09 310.11  10.37  0.27 16.55 314.79   7.72  0.23 20.24 214.38   7.35
19940328 060000  9.7 185.0  2.07 12.41 226.92  31.04  7  1.29  5.16 206.83  29.44  1.23 12.41 244.60  13.29  0.77 12.02 217.52  10.22  0.51 15.29 217.67   8.20  0.33 12.79 309.22  10.05  0.31 16.39 315.14   7.94  0.26 19.29 214.31   7.46
19940328 090000  9.1 183.7  2.09 12.06 226.41  31.62  7  1.32  5.40 206.29  30.03  1.19 11.77 245.37  13.30  0.83 12.22 219.24  10.36  0.50 14.90 217.09   8.71  0.35 16.19 315.24   8.10  0.31 12.70 307.96   9.73  0.29 19.07 214.55   7.26
19940328 120000  7.7 180.3  2.05 11.85 227.24  31.56  7  1.22  5.54 205.94  30.45  1.19 11.69 245.93  11.76  0.80 12.09 216.30   8.87  0.57 14.60 216.60   7.64  0.37 15.66 314.43   8.62  0.32 18.90 214.25   7.51  0.30 12.69 309.08   9.81
19940328 150000  9.0 193.9  2.06 11.75 226.24  31.12  7  1.19  5.40 204.84  29.69  1.13 11.53 246.50  11.31  0.85 12.27 217.49   9.46  0.70 14.23 216.01   8.62  0.39 15.50 314.43   8.54  0.33 18.25 214.24   7.31  0.28 12.62 308.60   9.92
19940328 180000  8.3 209.8  2.18 11.72 225.33  29.25  6  1.38  5.79 212.20  27.62  1.24 13.17 217.92  10.39  0.97 11.10 249.16   9.65  0.38 17.82 214.53   7.29  0.38 15.43 314.48   9.25  0.30 12.65 308.99   9.73
19940328 210000 10.2 207.6  2.32 12.34 224.83  27.93  6  1.58  6.05 217.99  27.10  1.38 12.73 218.18  10.80  0.78 10.99 251.76   7.72  0.39 17.71 214.88   6.87  0.37 15.37 314.55   8.97  0.31 12.67 310.05   9.66
19940329 000000  6.9 212.3  2.42 12.05 224.12  27.72  6  1.69  6.48 220.75  28.07  1.49 12.14 218.28  11.46  0.60 10.87 252.47   6.72  0.43 17.18 213.39   7.30  0.38 15.28 315.00   8.40  0.31 12.72 310.36   9.59
19940329 030000  6.7 194.4  2.40 11.86 223.98  27.31  5  1.62  6.92 222.58  27.89  1.63 11.82 220.83  15.15  0.49 15.11 313.34   9.13  0.48 16.72 213.40   8.50  0.06 20.01 313.59   8.80
19940329 060000  6.9 191.4  2.33 11.74 223.31  26.91  6  1.52  7.28 223.20  26.98  1.45 11.60 219.79  16.20  0.74 13.70 216.04   5.58  0.49 14.77 313.49   9.08  0.48 16.59 212.75   8.90  0.07 19.52 312.99   9.66
19940329 090000  5.5 192.9  2.25 11.55 222.68  26.60  6  1.56 11.45 219.56  16.26  1.37  7.65 221.76  26.00  0.52 13.72 212.25   7.16  0.48 16.40 215.32   7.11  0.48 14.59 313.58   9.03  0.08 19.31 313.80   8.94
19940329 120000  4.3 194.0  2.18 11.32 222.47  26.31  5  2.03 11.26 219.89  19.77  0.61 15.60 213.36   8.58  0.43 14.49 314.89   8.27  0.20 11.76 308.01   9.84  0.10 19.20 313.77   9.44
19940329 150000  3.5 232.2  2.12 12.51 222.41  26.11  4  2.07 11.25 219.06  18.21  0.43 14.42 314.96   8.26  0.20 11.76 308.49   9.78  0.11 19.04 313.96   9.56
19940329 180000  7.4 219.8  2.13 12.42 222.41  26.09  3  2.07 12.36 218.97  17.86  0.48 14.34 313.92   8.86  0.13 18.60 314.36   9.28
19940329 210000  6.6 212.4  2.12 12.17 221.84  26.52  3  2.06 12.04 218.25  17.94  0.48 14.25 314.03   8.83  0.15 18.15 314.53   8.91
19940330 000000  3.5 174.5  2.04 11.94 221.52  27.09  3  1.97 11.77 217.53  17.50  0.48 14.13 314.17   8.74  0.17 18.05 314.68   8.64
19940330 030000  3.4 199.1  1.95 11.83 221.31  27.57  3  1.88 11.67 216.82  16.53  0.48 13.91 314.30   8.67  0.19 17.99 314.81   8.79
19940330 060000  4.5 202.1  1.85 11.79 221.06  28.34  3  1.78 11.63 215.96  15.67  0.48 13.73 314.37   8.63  0.22 17.81 315.06   8.87
19940330 090000  4.3 186.1  1.76 13.29 220.95  29.71  4  1.67 11.63 214.97  15.26  0.47 13.62 314.44   8.59  0.24 17.18 315.10   8.90  0.08 17.97 237.65   7.26
19940330 120000  2.6 199.4  1.65 13.25 221.61  31.25  3  1.56 11.62 214.55  14.67  0.47 13.54 314.47   8.57  0.26 16.96 315.03   8.78
19940330 150000  4.1 241.3  1.56 13.17 222.88  32.95  4  1.46 11.58 214.36  14.38  0.47 13.47 314.48   8.57  0.29 16.95 315.07   8.44  0.11 16.62 242.12   6.01
19940330 180000  5.7 233.8  1.50 12.70 224.54  34.66  4  1.38 11.45 214.58  15.04  0.47 13.42 314.46   8.59  0.31 16.96 315.27   8.23  0.16 17.05 238.98   7.66
19940330 210000  4.5 202.0  1.43 12.56 226.00  36.63  4  1.30 11.30 214.11  15.19  0.45 13.34 314.32   8.61  0.35 16.84 315.69   8.09  0.19 16.24 239.58   6.35
19940331 000000  2.7 346.3  1.35 12.50 228.05  38.73  4  1.20 11.21 213.55  14.68  0.45 13.29 314.45   8.58  0.38 16.30 315.37   8.39  0.21 16.17 239.79   6.47
19940331 030000  2.3 240.8  1.29 12.45 230.79  40.50  4  1.10 11.12 213.04  13.67  0.45 13.22 314.47   8.55  0.39 15.97 315.38   8.46  0.29 16.29 235.17   9.26
19940331 060000  1.4  82.0  1.24 15.94 233.36  42.84  5  1.03 11.02 212.24  16.20  0.44 13.02 314.43   8.49  0.41 16.01 315.37   8.46  0.32 15.91 235.71   9.25  0.07 24.92 297.55  10.83
19940331 090000  2.2 333.0  1.20 15.82 236.92  43.79  5  0.97 10.90 212.54  13.94  0.44 16.11 315.34   8.49  0.44 12.80 314.48   8.36  0.31 15.48 238.25   7.95  0.07 24.91 298.47  11.45
19940331 120000  2.2 350.6  1.17 15.64 240.65  44.96  6  0.83 10.80 212.97  16.60  0.46 16.11 314.81   8.09  0.44 12.68 315.22   8.68  0.42 13.71 213.70   8.60  0.32 15.18 239.51   7.61  0.07 24.88 299.26  11.51
19940331 150000  3.0 337.2  1.15 15.21 244.38  46.04  7  0.78 10.72 213.02  18.61  0.51 15.82 315.80   7.97  0.39 14.71 234.49  11.83  0.39 12.56 313.95   8.74  0.34 13.60 213.50   9.88  0.13 15.56 213.34   4.17  0.08 24.06 297.94  10.47
19940331 180000  5.2 331.7  1.15 14.81 252.31  48.24  9  0.29  2.49 321.90  29.33  0.69 10.44 211.58  10.79  0.52 15.32 315.81   8.06  0.42 13.54 212.76   8.74  0.40 12.56 314.19   8.62  0.34 14.37 241.14   7.03  0.14 15.65 217.90   4.54  0.13 23.35 297.34  10.13  0.05 20.33 314.35   8.64
19940331 210000  6.0 338.8  1.18 14.89 263.75  50.35  8  0.44  3.12 325.70  28.24  0.62 10.24 211.14  10.56  0.54 15.20 315.71   8.09  0.47 13.22 213.76   9.30  0.38 12.53 314.42   8.87  0.34 13.80 242.43   6.70  0.16 23.30 297.73  10.67  0.06 20.26 314.38   7.80
19940401 000000  4.5 340.8  1.18 15.11 271.24  50.17  7  0.50  3.76 323.38  28.86  0.57 15.21 315.64   8.22  0.56 10.15 210.93  10.81  0.46 12.90 212.29   8.28  0.38 12.51 314.55   8.72  0.36 13.59 242.39   6.86  0.16 23.29 298.32  11.27
