Date     Time   Uabs UDir  hs    tp    th     sp     np hs(i) tp(i) th(i)  sp(i)
19811001 000000  2.6 225.0  1.32 15.61 225.30  25.54  6  1.10 11.25 218.06  23.00  0.59 16.10 246.34   9.17  0.32 14.95 207.49   8.28  0.23  9.43 247.08   6.18  0.16 12.61 314.58   8.53  0.06 15.48 319.28   6.35
19811001 030000  4.5 205.5  1.35 15.88 229.80  25.13  7  0.81 16.27 246.93   9.02  0.79  7.24 223.63  26.10  0.57 10.93 207.46   8.49  0.39 14.41 208.89   8.87  0.20  8.42 245.76   7.19  0.17 12.57 314.07   8.82  0.07 15.35 318.88   6.63
19811001 060000  5.3 182.6  1.45 15.51 234.02  24.54  5  1.04 15.76 247.43   9.02  0.90 10.72 215.90  23.28  0.38 14.21 208.05   7.32  0.19 12.55 314.23   9.19  0.19  8.10 249.09   6.78
19811001 090000  4.0 176.8  1.56 15.28 237.89  23.31  5  1.24 15.35 248.19   8.75  0.81 10.49 216.11  25.23  0.46 13.97 211.55   9.95  0.18 12.53 313.46   9.58  0.08 14.53 318.36   6.73
19811001 120000  3.1 191.3  1.67 14.88 241.00  21.16  6  1.43 14.99 248.12   9.11  0.67 10.40 215.24  24.68  0.47 14.59 208.62   7.84  0.18 12.49 313.61   9.60  0.15  7.59 249.70  12.05  0.08 14.50 318.50   6.72
19811001 150000  4.2 244.9  1.77 14.47 242.72  19.57  4  1.56 14.48 248.52   8.83  0.81 14.26 215.44  21.11  0.18 12.41 314.51   8.80  0.09 14.50 318.77   6.67
19811001 180000  6.3 217.0  1.86 14.27 242.77  19.28  4  0.83 14.57 215.55  21.78  1.65 14.24 248.25   9.02  0.18 12.26 315.14   8.47  0.08 14.50 318.91   6.65
19811001 210000  4.7 215.9  1.90 13.99 242.55  19.52  4  0.56  3.32 225.81  29.96  1.68 13.98 248.40   8.71  0.67 16.17 208.66   9.11  0.20 11.98 316.15   8.02
19811002 000000  1.8  33.1  1.88 13.69 242.65  19.17  3  1.75 13.68 246.70  12.95  0.67 15.99 207.85   8.79  0.20 11.85 316.25   7.98
19811002 030000  1.9 256.9  1.88 13.56 242.36  18.85  3  1.73 13.53 246.83  11.70  0.70 15.46 208.17   9.01  0.21 11.79 316.28   7.91
19811002 060000  4.7 175.8  1.92 13.44 241.15  19.42  4  1.77 13.40 245.65  12.93  0.72 15.32 207.64   8.56  0.17 11.76 315.14   8.46  0.12 13.56 318.18   6.88
19811002 090000  3.6 158.0  1.99 13.28 239.86  19.84  5  1.81 13.23 244.81  13.91  0.75 14.89 207.33   8.08  0.30 18.37 226.39   7.26  0.18 11.76 314.87   8.68  0.12 13.55 318.30   7.04
19811002 120000  4.4 131.8  2.09 13.08 238.67  19.52  5  1.82 13.01 245.08  13.52  0.87 14.88 209.88   9.06  0.52 17.59 228.78   5.83  0.17 11.71 314.21   8.92  0.13 13.47 318.85   6.48
19811002 150000  7.6 169.6  2.28 12.87 235.08  22.10  5  1.85 12.73 242.97  20.19  0.98 16.26 223.41  10.14  0.87 14.11 211.95   9.72  0.18 11.76 314.33   8.28  0.11 13.47 320.23   6.47
19811002 180000  8.3 184.6  2.54 12.79 231.58  22.24  4  0.62  3.43 181.74  31.35  1.76 12.53 246.24  11.10  1.70 15.45 220.19  11.15  0.21 12.04 316.06   8.21
19811002 210000 11.0 207.1  2.85 14.58 229.30  20.85  4  0.98  4.10 211.72  31.23  2.01 14.64 220.87  12.02  1.76 12.33 244.41  13.04  0.21 12.45 316.09   8.24
19811003 000000 10.4 199.9  3.20 14.14 226.82  21.46  2  3.19 14.15 226.58  20.89  0.20 12.53 316.48   7.96
19811003 030000 12.3 196.7  3.47 13.58 223.75  22.54  4  1.57  5.62 204.72  28.51  3.08 13.59 227.99  17.51  0.14 12.63 317.43   6.79  0.13 11.10 316.26   8.53
19811003 060000 11.7 186.4  3.54 13.23 221.49  24.08  3  3.54 13.24 221.34  23.73  0.13 12.63 317.40   6.87  0.12 11.09 316.90   7.93
19811003 090000 10.5 180.5  3.38 12.77 220.40  25.10  2  3.37 12.77 220.25  24.79  0.16 12.50 317.28   7.28
19811003 120000  8.3 180.2  3.10 12.46 220.20  25.37  2  3.09 12.46 220.04  25.03  0.16 12.29 317.30   7.30
19811003 150000 10.9 198.0  2.91 12.12 219.26  25.39  3  2.84 12.45 217.64  24.57  0.59 11.79 252.36   7.61  0.15 11.80 317.29   7.42
19811003 180000 13.8 207.5  3.10 11.93 217.71  24.43  2  3.10 11.94 217.58  24.12  0.14 11.76 317.38   7.31
19811003 210000 14.9 207.8  3.56  8.46 216.61  24.16  2  3.56  8.46 216.52  23.95  0.14 11.75 316.86   7.98
19811004 000000  9.6 201.9  3.60  9.10 216.04  24.75  3  3.36  9.10 217.05  25.80  1.26 12.13 208.84  10.16  0.13 11.75 317.03   7.83
19811004 030000  7.8 207.8  3.08  9.14 216.68  24.38  3  2.78  9.14 218.64  25.97  1.33 12.08 208.43  10.33  0.12 11.74 317.29   7.60
19811004 060000  7.8 208.0  2.64 10.23 217.25  23.47  3  2.22  8.72 220.95  25.97  1.43 12.28 208.72  10.27  0.11 11.71 317.52   7.41
19811004 090000  5.3 218.4  2.38 12.63 217.78  22.67  3  1.92  9.42 223.06  25.39  1.41 12.72 208.55  10.13  0.11 11.62 317.59   7.39
19811004 120000  0.7 254.2  2.23 13.01 218.27  22.08  2  2.23 13.02 218.13  21.71  0.11 11.35 317.66   7.32
19811004 150000  4.2 246.3  2.16 12.98 218.38  21.36  2  2.16 12.99 218.24  20.97  0.10 11.15 317.57   7.39
19811004 180000  7.4 220.2  2.26 12.52 218.52  20.30  2  2.25 12.52 218.40  19.95  0.10 11.09 317.55   7.36
19811004 210000  9.7 216.6  2.48 12.12 218.37  19.40  2  2.48 12.13 218.28  19.11  0.10 11.07 317.60   7.29
19811005 000000  6.8 211.1  2.54 11.92 217.82  19.38  2  2.53 11.93 217.74  19.13  0.09 11.06 317.60   7.27
19811005 030000  7.9 185.5  2.42 11.85 216.74  19.67  2  2.42 11.86 216.66  19.42  0.09 11.06 317.60   7.27
19811005 060000  6.6 173.9  2.27 11.80 216.14  19.89  2  2.27 11.81 216.06  19.63  0.08 11.04 317.55   7.33
19811005 090000  5.3 176.5  2.09 11.66 216.31  19.53  2  2.09 11.66 216.22  19.24  0.08 11.00 317.49   7.39
19811005 120000  3.9 201.9  1.92 11.50 216.60  19.16  2  1.92 11.50 216.50  18.83  0.08 10.93 317.36   7.53
19811005 150000  6.0 227.0  1.78 11.25 217.16  18.98  2  1.77 11.26 217.05  18.61  0.08 10.85 317.34   7.53
19811005 180000  9.4 228.7  1.79 11.06 218.99  20.66  3  1.78 11.06 218.86  20.38  0.09 18.33 228.55   8.51  0.07 10.75 317.36   7.48
19811005 210000  8.1 214.8  1.77 10.95 218.91  21.80  3  1.76 10.95 218.76  21.55  0.12 18.11 228.90   8.69  0.07 10.67 317.41   7.41
19811006 000000  3.0 214.2  1.68 10.86 217.39  21.88  3  1.67 10.86 217.16  21.66  0.18 17.54 227.69   8.86  0.07 10.64 317.41   7.36
19811006 030000  5.5 197.9  1.58 10.76 216.64  21.23  3  1.56 10.76 216.28  21.02  0.23 16.88 227.70   9.39  0.07 10.62 317.27   7.46
19811006 060000  6.3 178.0  1.53 10.54 215.41  21.11  3  1.50 10.54 214.87  20.95  0.28 16.75 226.82   8.99  0.07 10.60 317.12   7.60
19811006 090000  5.3 165.4  1.50 10.40 214.90  20.87  3  1.45 10.40 213.96  20.78  0.36 16.39 227.16   9.13  0.07 11.68 316.70   7.84
19811006 120000  6.7 185.4  1.49 10.38 214.42  20.63  2  1.41 10.38 212.99  20.66  0.45 15.72 226.42   9.64
19811006 150000  6.3 201.2  1.50 10.39 214.95  19.74  4  1.40 10.39 213.01  19.90  0.40 15.51 228.47   8.45  0.37 17.89 223.63  10.53  0.05 11.73 316.09   8.05
19811006 180000 10.0 212.0  1.68 10.38 216.45  20.19  4  1.54 10.38 214.70  20.77  0.46 15.19 228.67   8.55  0.46 17.66 221.75  11.09  0.06 11.71 316.64   7.87
19811006 210000 10.7 206.4  1.97 14.72 215.97  22.04  4  1.83 10.38 214.31  22.81  0.63 16.99 222.54  11.35  0.38 14.50 232.18   6.88  0.06 11.69 316.86   7.67
19811007 000000  7.0 214.9  2.06 16.58 215.37  22.87  4  1.59  6.12 215.30  27.42  0.98 10.51 209.14  11.13  0.72 16.60 220.65  11.97  0.48 14.44 229.53   8.57
19811007 030000  5.0 212.6  2.00 16.43 215.97  21.96  5  1.44  6.67 216.34  27.24  0.99 10.82 209.17  11.85  0.77 16.54 219.75  13.34  0.58 14.44 226.65   9.33  0.05 16.61 316.27   8.06
19811007 060000  4.6 202.9  1.95 16.12 216.37  20.51  5  1.36  7.02 216.77  25.49  1.04 16.11 219.94  13.62  0.90 10.88 209.73  12.02  0.25 13.54 225.00   0.02  0.06 16.60 317.09   7.35
19811007 090000  0.3 145.0  1.90 15.46 216.62  19.16  5  1.26  7.29 217.26  24.13  1.05 15.62 217.04  13.48  0.81 10.95 209.24  10.96  0.53 13.68 228.18   9.74  0.06 16.56 316.94   7.71
19811007 120000  3.5 320.4  1.85 15.32 217.00  18.18  4  1.30 13.91 214.51  13.81  1.07  7.23 217.74  23.87  0.77 15.67 222.23  12.68  0.07 16.40 316.69   7.83
19811007 150000  3.2 263.4  1.80 15.14 217.46  17.45  3  1.54 12.86 213.75  17.34  0.92 15.45 227.22  11.43  0.08 15.67 316.10   7.95
19811007 180000  6.7 242.0  1.79 14.54 219.09  18.36  3  1.57 12.67 215.92  18.63  0.86 15.30 228.52  10.38  0.09 15.54 316.10   8.02
19811007 210000  5.4 226.0  1.77 14.35 219.31  18.21  4  1.49 12.49 216.89  18.83  0.94 14.53 224.61  12.42  0.10 15.51 316.29   7.92  0.05 23.33 222.91   6.96
19811008 000000  4.0 258.7  1.72 14.24 219.38  17.68  4  1.45 11.94 215.66  17.93  0.92 14.52 227.76  10.19  0.10 15.50 316.72   7.79  0.07 22.81 221.67   6.97
19811008 030000  4.4 228.5  1.66 14.13 219.65  17.10  4  1.40 11.81 215.65  16.95  0.89 14.42 228.58   9.52  0.11 15.43 316.70   7.80  0.08 22.11 222.21   7.29
19811008 060000  3.8 192.9  1.60 14.03 219.96  16.80  4  1.31 11.70 215.95  16.52  0.90 14.00 227.36  10.26  0.11 15.01 316.44   7.75  0.08 21.98 222.68   7.40
19811008 090000  2.5 218.3  1.52 13.78 220.41  16.84  4  1.21 11.53 216.12  16.06  0.91 13.70 226.68  10.99  0.13 14.57 316.16   7.82  0.09 21.86 223.60   7.64
19811008 120000  1.5  38.4  1.45 13.66 220.96  17.00  4  1.16 11.08 215.82  15.30  0.86 13.66 228.44   9.83  0.14 14.51 315.94   7.90  0.10 21.25 222.64   7.69
19811008 150000  4.1 242.4  1.40 13.59 221.71  17.56  4  1.07 10.78 216.65  16.34  0.87 13.50 227.44  10.19  0.15 14.49 315.96   7.99  0.12 20.61 222.45   7.37
19811008 180000  6.4 225.9  1.37 13.56 222.74  18.78  5  0.38  2.73 239.04  30.23  1.02 10.81 215.70  13.83  0.80 13.48 228.57   9.80  0.14 14.46 316.00   7.98  0.13 20.47 223.52   7.53
19811008 210000  8.1 206.9  1.39 13.53 221.79  20.47  4  1.09 10.10 217.96  21.06  0.84 13.47 225.98  11.67  0.14 14.39 316.14   7.86  0.12 20.48 223.41   7.43
19811009 000000  5.4 216.5  1.39 13.49 220.09  22.51  5  0.76  4.09 217.07  31.01  0.83 10.25 213.19  11.79  0.78 13.43 227.96  10.69  0.15 13.97 316.19   7.75  0.13 19.78 222.92   7.96
19811009 030000  7.3 188.2  1.30 13.42 219.22  23.73  5  0.68  4.17 212.13  32.87  0.84 10.71 213.34  12.02  0.69 13.34 230.00   9.67  0.16 13.63 316.01   7.81  0.15 19.19 223.01   7.62
19811009 060000  7.5 183.2  1.27 13.38 217.06  25.67  5  0.70  3.91 205.16  32.94  0.79 10.65 212.66  12.12  0.67 13.28 229.73   9.88  0.18 13.56 315.85   7.83  0.16 19.14 223.74   7.94
19811009 090000  6.1 177.6  1.22 13.38 217.74  26.27  5  0.66  4.04 206.10  33.73  0.72 10.11 211.05  11.28  0.67 13.28 229.82  10.20  0.18 13.54 315.79   7.93  0.18 19.17 225.13   8.39
19811009 120000  6.9 181.1  1.17 13.38 217.69  26.81  6  0.63  4.02 204.06  34.10  0.68  9.66 210.70  11.20  0.65 13.29 230.22  10.01  0.18 13.51 315.73   7.98  0.15 22.23 229.18   7.74  0.15 18.57 222.63   8.36
19811009 150000  8.3 205.4  1.23 13.31 217.18  26.11  5  1.01  9.58 208.76  24.14  0.63 13.18 230.84  10.09  0.22 21.89 228.47   8.76  0.17 13.47 315.77   7.94  0.16 17.80 223.32   7.85
19811009 180000 11.4 211.8  1.53 13.02 218.76  25.62  5  1.34  4.65 214.34  25.25  0.61 12.91 230.60  10.48  0.28 21.54 229.81   8.26  0.20 17.74 225.32   7.83  0.17 13.32 315.87   7.84
19811009 210000 11.6 207.2  1.87  5.59 215.37  26.54  5  1.71  5.59 211.72  26.17  0.58 12.85 231.00  10.28  0.36 21.34 230.12   7.93  0.24 17.18 225.81   9.77  0.17 12.84 315.83   7.82
19811010 000000 10.6 196.5  1.94  6.01 212.82  27.18  6  1.76  6.01 208.09  26.64  0.58 12.82 230.54  10.54  0.50 20.62 229.95   8.06  0.27 16.26 228.68   9.65  0.18 12.70 315.72   7.87  0.06 17.10 315.78   7.92
19811010 030000 10.0 195.1  1.85 20.18 214.55  27.19  6  1.60  6.05 208.16  26.93  0.63 20.18 230.42   7.96  0.57 12.76 231.04  10.98  0.29 15.89 227.18   9.04  0.19 12.66 315.60   7.91  0.06 16.93 315.83   8.13
19811010 060000 10.0 183.6  1.79 19.84 214.73  27.81  6  1.48  5.89 205.45  27.87  0.79 19.84 230.27   8.02  0.53 12.64 231.50  10.75  0.31 15.49 231.53   9.30  0.19 12.64 315.54   7.97  0.06 16.58 315.93   8.01
19811010 090000  8.1 180.8  1.74 19.14 218.04  26.82  7  1.23  5.64 205.14  29.75  0.95 19.14 230.32   7.96  0.50 12.48 231.74  11.00  0.40 14.73 230.75   9.87  0.39  9.13 206.97   9.41  0.18 12.62 315.52   8.01  0.07 16.29 316.10   7.73
19811010 120000  9.1 178.8  1.76 18.76 219.65  26.08  6  1.18  5.35 202.80  29.37  1.13 18.76 229.96   8.08  0.50 12.38 230.44  11.84  0.38 14.47 235.65   7.00  0.17 12.59 315.62   7.94  0.08 16.22 315.73   7.84
19811010 150000 10.8 195.0  1.99 18.26 219.14  24.84  5  1.36  5.14 203.57  27.43  1.29 18.27 230.00   7.93  0.65 14.14 232.98  10.19  0.16 12.51 315.62   7.89  0.09 16.19 315.71   7.87
19811010 180000 12.4 210.5  2.38 17.77 221.46  23.00  4  1.85  5.64 214.84  26.14  1.48 17.78 230.03   8.00  0.15 12.23 315.48   7.92  0.09 16.10 315.65   7.96
19811010 210000 13.2 212.6  2.76 17.24 222.30  23.22  3  2.23  6.37 217.35  26.42  1.62 17.27 230.12   8.12  0.17 11.95 315.38   7.95
19811011 000000  9.8 188.1  2.75 17.10 221.95  23.65  4  2.06  6.71 213.82  27.99  1.82 17.11 230.66   8.35  0.14 11.87 315.04   8.12  0.09 15.39 315.66   7.99
19811011 030000  9.7 193.3  2.67 17.36 222.29  23.00  5  1.85  6.74 211.73  28.08  1.84 17.36 230.35   8.32  0.50 12.52 235.04   9.14  0.14 11.83 315.00   8.13  0.10 15.21 315.89   7.78
19811011 060000 10.9 188.6  2.75 17.43 220.97  23.03  4  1.92  6.83 209.05  27.09  1.96 17.43 230.75   8.52  0.13 11.81 315.06   8.15  0.11 15.15 315.82   7.84
19811011 090000  9.3 184.0  2.82 17.33 220.95  22.60  4  1.99  7.31 209.67  26.37  1.99 17.33 230.76   8.52  0.12 11.79 315.21   8.11  0.11 15.11 315.79   7.91
19811011 120000  8.9 185.0  2.82 16.91 221.92  21.48  3  1.97  7.77 211.51  25.52  2.02 16.91 230.63   8.53  0.16 11.77 315.65   7.83
19811011 150000 11.9 199.6  2.92 16.62 221.13  21.07  2  2.08  7.79 210.99  24.79  2.06 16.62 230.64   9.25
19811011 180000 14.8 202.7  3.53 16.44 217.80  22.86  2  2.85  7.63 210.63  25.09  2.07 16.44 230.30   8.84
19811011 210000 15.3 201.1  3.87 16.22 216.85  24.60  2  3.27  8.00 210.97  26.84  2.08 16.22 229.99   8.70
19811012 000000 11.4 190.0  3.70 15.79 216.96  25.38  2  3.05  8.06 210.12  28.17  2.10 15.80 229.89   8.80
19811012 030000 12.2 187.6  3.32 15.57 218.02  24.41  2  2.58  7.75 209.54  27.98  2.08 15.57 229.66   8.89
19811012 060000 12.4 174.0  3.09 15.42 216.89  25.53  2  2.30  7.47 205.30  29.20  2.07 15.42 229.59  10.03
19811012 090000 11.2 167.2  2.96 15.30 216.02  26.19  2  2.15  7.37 202.07  29.68  2.04 15.30 229.58  10.24
19811012 120000  8.0 178.5  2.85 15.15 217.45  24.81  3  2.03  7.53 204.44  28.65  1.99 15.15 229.35  10.20  0.09 23.34 283.97  11.72
19811012 150000  8.0 203.0  2.68 14.86 221.15  21.19  3  1.83  7.89 211.03  25.71  1.95 14.86 229.13  10.40  0.11 23.29 282.18  11.64
19811012 180000 10.3 210.5  2.63 14.59 222.58  19.15  3  1.85  8.00 215.45  23.16  1.88 14.59 228.84  10.30  0.12 23.29 282.61  12.22
19811012 210000  8.8 208.6  2.60 14.43 223.15  18.84  3  1.85  8.03 217.80  23.07  1.82 14.43 228.14  10.46  0.11 23.30 283.87  14.02
19811013 000000  2.6 172.5  2.54 14.30 223.23  18.71  3  1.81  8.15 218.76  23.11  1.79 14.30 227.35  10.79  0.10 23.27 287.99  14.72
19811013 030000  1.1 261.3  2.51 14.14 223.55  17.77  4  1.77  8.46 220.59  21.85  1.76 14.14 226.17  11.28  0.20 19.28 220.07   7.77  0.12 22.20 287.28  13.74
19811013 060000  1.3 198.4  2.50 13.80 223.60  17.10  4  1.79 13.80 225.27  11.58  1.72  8.78 221.26  20.77  0.20 19.53 220.51   7.58  0.16 21.83 284.74  12.35
19811013 090000  2.1 126.9  2.51 13.54 223.60  16.76  3  1.81 13.54 224.64  11.92  1.73  9.36 221.74  19.66  0.20 21.79 284.26  12.21
19811013 120000  2.6 183.4  2.54 13.41 223.61  16.44  2  2.53 13.41 223.29  15.80  0.20 21.79 285.13  13.13
19811013 150000  3.5 222.8  2.53 13.35 223.44  16.04  2  2.52 13.35 223.17  15.46  0.18 21.82 288.01  14.93
19811013 180000  6.3 222.4  2.51 13.33 222.89  15.85  2  2.50 13.33 222.69  15.35  0.15 21.85 292.62  14.76
19811013 210000  6.2 213.0  2.55 13.34 222.09  15.84  2  2.54 13.34 221.85  15.26  0.17 21.35 291.29  14.35
19811014 000000  2.9 203.1  2.65 13.50 221.55  15.74  2  2.64 13.50 221.17  14.86  0.22 20.47 287.46  13.10
19811014 030000  4.4 220.6  2.76 14.58 221.32  15.52  2  2.74 14.58 220.77  14.21  0.28 20.40 286.81  12.75
19811014 060000  5.2 187.7  2.82 14.53 220.93  15.32  2  2.80 14.53 220.33  13.79  0.30 20.41 288.20  13.41
19811014 090000  2.0 207.3  2.83 14.43 220.82  14.93  2  2.82 14.43 220.29  13.44  0.28 20.44 291.51  14.46
19811014 120000  2.3 175.0  2.84 14.34 220.98  14.53  2  2.83 14.35 220.58  13.28  0.24 20.48 296.44  14.49
19811014 150000  5.0 233.6  2.84 14.36 221.39  14.52  2  2.83 14.36 221.05  13.43  0.22 20.42 298.53  14.08
19811014 180000  7.6 214.3  2.92 14.76 221.97  15.28  3  2.91 14.76 221.54  14.12  0.19 20.31 304.98   8.93  0.18 19.09 281.29   9.60
19811014 210000  6.5 211.3  3.02 15.16 222.37  16.04  2  3.00 15.16 221.74  14.48  0.33 19.18 290.59  14.51
19811015 000000  4.2 206.0  3.04 15.11 222.39  16.44  2  3.02 15.11 221.54  14.39  0.38 19.12 290.30  14.28
19811015 030000  7.0 193.1  3.00 14.87 221.90  16.65  2  2.97 14.87 220.96  14.29  0.39 19.11 292.04  14.59
19811015 060000  7.9 169.4  2.94 14.73 220.65  17.57  2  2.91 14.73 219.80  15.37  0.36 19.10 295.74  14.87
19811015 090000  5.1 144.8  2.87 14.91 220.63  16.98  2  2.85 14.91 219.92  14.94  0.32 19.09 300.78  14.18
19811015 120000  4.8 165.3  2.82 15.12 221.30  15.86  2  2.80 15.12 220.64  13.71  0.30 19.04 303.25  14.16
19811015 150000  3.2 206.3  2.78 14.82 222.33  15.20  3  2.76 14.82 221.54  12.62  0.24 17.92 286.65  11.31  0.23 19.04 312.84   7.02
19811015 180000  7.7 225.2  2.77 14.52 223.71  15.81  2  2.74 14.51 222.52  12.45  0.41 18.03 292.82  18.33
19811015 210000  8.8 206.4  2.79 14.31 224.24  17.80  2  2.75 14.31 222.71  14.14  0.47 17.88 292.27  17.74
19811016 000000  5.2 188.0  2.75 14.03 224.56  19.36  2  2.70 14.03 222.86  15.63  0.48 17.84 294.04  17.39
19811016 030000  2.8 175.5  2.63 13.73 225.27  19.56  2  2.59 13.73 223.58  15.74  0.46 17.82 296.84  17.55
19811016 060000  2.9 148.2  2.49 13.62 225.75  19.25  2  2.46 13.62 224.21  15.39  0.41 17.81 302.93  15.01
19811016 090000  1.6 144.3  2.35 13.52 226.28  19.10  3  2.06 13.52 226.31  11.26  1.07  7.15 218.50  22.99  0.38 17.76 307.59  12.50
19811016 120000  1.9  24.7  2.22 13.40 227.14  19.55  2  2.19 13.39 225.21  14.38  0.41 17.50 306.33  15.10
19811016 150000  3.6 303.8  2.12 13.19 228.63  21.43  3  2.07 13.19 225.89  15.24  0.39 17.26 311.40  10.07  0.24 16.62 279.66   7.50
19811016 180000  4.0 276.6  2.04 12.89 229.67  22.51  3  1.97 12.89 225.97  15.00  0.37 17.05 314.34   7.70  0.37 16.63 282.70  10.94
19811016 210000  2.5 291.7  1.97 12.72 229.92  23.30  2  1.89 12.72 225.57  14.84  0.55 16.67 297.53  18.13
19811017 000000  3.8  10.0  1.91 12.58 229.83  25.40  2  1.83 12.57 225.08  17.24  0.55 16.64 298.48  18.17
19811017 030000  2.9 330.9  1.85 12.42 229.09  26.10  2  1.77 12.42 224.23  17.33  0.53 16.57 301.60  18.34
19811017 060000  0.5 353.4  1.82 12.37 227.89  25.69  2  1.75 12.37 223.28  15.84  0.50 16.47 307.94  14.07
19811017 090000  2.5 345.3  1.80 12.51 226.85  25.69  3  1.73 12.48 222.27  15.02  0.48 16.23 310.73  11.72  0.07 11.13 314.75   8.75
19811017 120000  3.9  13.6  1.77 12.73 226.81  28.06  3  1.70 12.66 221.69  18.16  0.50 15.90 308.75  14.23  0.07 11.09 314.55   8.86
19811017 150000  5.0 291.7  1.75 13.02 227.41  29.15  4  1.66 12.87 221.42  18.78  0.47 15.99 312.25   9.73  0.25 15.54 278.77   9.28  0.06 11.04 314.70   9.17
19811017 180000  2.4 233.6  1.72 13.00 227.69  29.78  5  1.62 12.88 220.71  18.29  0.46 16.27 313.28   8.87  0.33 15.52 282.47   9.90  0.16 20.08 222.60   7.38  0.06 11.01 314.24   9.11
19811017 210000  5.8 228.9  1.71 12.77 227.71  29.80  6  1.59 12.71 220.18  17.03  0.42 15.05 314.51   8.15  0.37 15.55 284.09  10.36  0.18 19.79 222.46   7.81  0.16 16.61 315.00   0.40  0.06 11.00 314.30   9.08
19811018 000000  2.3 222.1  1.70 12.65 227.14  29.96  5  1.57 12.59 219.44  16.56  0.46 14.80 314.61   7.58  0.36 15.55 283.23  11.62  0.22 19.36 223.21   7.54  0.06 10.97 314.41   9.02
19811018 030000  5.8 189.7  1.66 12.55 225.94  30.06  4  1.54 12.47 218.36  16.10  0.57 15.39 304.60  17.95  0.27 18.78 222.03   7.94  0.06 10.93 314.53   8.96
19811018 060000  8.2 177.1  1.69 12.43 222.18  31.03  5  0.59  3.24 197.58  35.32  1.45 12.32 217.65  12.41  0.54 15.30 307.39  15.99  0.33 18.26 222.70   7.83  0.06 10.86 314.07   9.69
19811018 090000  7.2 182.0  1.70 12.23 220.32  31.28  5  0.71  3.81 196.77  34.02  1.40 12.06 217.42  11.50  0.51 15.24 309.62  13.40  0.39 17.49 222.31   8.75  0.06 10.60 315.30   8.18
19811018 120000  5.5 177.9  1.68 12.03 220.95  30.72  5  0.72  4.27 200.77  33.21  1.37 11.91 217.83  11.35  0.50 15.22 309.73  12.88  0.40 17.49 220.83   7.79  0.05 10.29 314.75   8.56
19811018 150000  4.6 222.7  1.64 15.24 223.23  29.62  5  0.64  4.70 208.35  31.75  1.32 11.81 217.79  11.23  0.53 15.86 222.48   8.97  0.51 15.19 308.21  14.00  0.05 10.29 314.74   8.60
19811018 180000  8.6 219.3  1.70 15.04 224.40  28.63  7  0.80  4.42 216.87  27.41  1.29 11.84 218.02  11.13  0.56 15.84 223.21   9.16  0.35 15.34 312.55   7.48  0.28 13.45 316.94   7.36  0.28 14.64 285.46   9.36  0.05 10.29 314.76   8.63
19811018 210000  9.1 204.5  1.83 14.67 222.71  28.72  6  1.60 11.99 216.41  20.25  0.72 14.60 222.44   8.40  0.33 13.65 315.20   7.38  0.30 14.59 284.26  10.30  0.27 15.50 312.96   7.87  0.06 10.36 313.54  10.32
19811019 000000  8.2 201.0  1.89 14.50 220.90  29.17  7  1.52  9.60 214.00  23.50  0.74 14.39 223.47   8.83  0.66 11.98 217.78   8.77  0.34 13.66 315.10   7.45  0.28 15.38 308.70  10.24  0.26 14.62 281.67   8.99  0.05 10.28 314.91   8.79
19811019 030000  6.7 191.4  1.87 14.36 220.63  29.15  9  1.24  6.03 212.42  27.67  0.83  9.36 216.65  12.84  0.62 14.02 223.90   9.72  0.62 11.60 216.81   7.99  0.49 16.45 222.62   8.30  0.38 13.76 314.57   7.99  0.29 14.57 284.64  10.07  0.13 15.51 315.00   0.25  0.05 10.27 315.10   8.68
19811019 060000  5.3 172.5  1.80 14.30 221.19  28.79  5  1.17  6.49 213.02  27.27  0.91 13.80 221.12   9.53  0.76  8.69 215.30  13.74  0.48 16.50 224.70   9.15  0.48 14.48 305.85  15.77
19811019 090000  3.3 125.0  1.70 14.31 222.52  28.23  3  1.31  8.30 214.86  22.84  0.99 13.65 223.19   9.73  0.45 14.45 306.93  14.94
19811019 120000  2.6 177.3  1.61 14.43 223.89  27.48  4  1.21  7.96 216.00  21.67  0.82 13.64 223.84   9.52  0.52 15.79 225.21  10.01  0.43 14.43 307.56  14.20
19811019 150000  5.7 223.9  1.57 14.69 225.22  26.62  4  1.16  7.82 217.51  20.60  0.79 13.46 224.19   9.41  0.56 15.61 227.31  10.47  0.42 14.41 307.67  13.68
19811019 180000  9.5 220.6  1.66 14.64 225.90  26.20  4  1.27  7.73 219.33  21.95  0.83 13.89 225.53   9.31  0.53 15.60 228.13  11.34  0.41 14.39 306.76  14.34
19811019 210000  8.8 212.9  1.83 14.48 224.74  26.36  4  1.47  7.61 218.68  23.54  1.01 15.01 227.55  10.22  0.35 14.34 301.84  14.30  0.21 12.42 317.87   6.93
19811020 000000  5.5 192.7  1.95 14.35 223.56  26.55  5  1.60  7.01 217.48  24.45  1.03 14.41 228.49  10.43  0.35 14.27 300.33  15.02  0.20 12.42 317.82   6.95  0.06 23.61 233.30   8.01
19811020 030000  3.9 198.4  1.98 14.22 224.09  25.73  6  1.62  7.29 218.18  23.99  1.04 14.23 229.37  10.86  0.33 14.20 300.57  14.29  0.24 18.23 227.09   7.73  0.20 12.43 317.84   6.85  0.10 23.33 234.18   9.19
19811020 060000  5.8 192.0  1.99 14.13 224.65  24.54  7  1.60  7.58 218.71  23.03  1.06 14.15 230.16  11.00  0.32 17.98 224.92   8.39  0.24 14.32 313.41   8.00  0.21 13.69 286.13   7.93  0.19 12.32 314.65   7.32  0.16 22.14 233.16   8.86
19811020 090000  3.0 165.3  2.02 13.89 225.38  22.82  6  1.59  8.17 219.78  21.58  1.06 14.00 231.06  11.43  0.51 17.30 224.62   8.40  0.31 14.13 311.04   9.82  0.24 21.81 233.63   8.16  0.16 13.58 281.34   5.20
19811020 120000  5.4 161.0  2.13 13.59 225.30  21.39  6  1.77  8.74 221.36  20.03  0.85 13.56 232.42  11.93  0.69 16.87 224.40   7.97  0.35 21.20 234.21   8.37  0.28 14.15 312.58   8.73  0.17 13.56 285.38   7.54
19811020 150000  8.2 202.6  2.35 16.47 224.44  20.00  4  1.94  9.72 220.99  19.39  1.18 16.47 227.77  10.38  0.50 20.41 234.43   8.64  0.31 13.59 305.26  14.40
19811020 180000 12.2 207.6  2.88 16.21 222.04  20.40  4  2.44  9.86 218.46  20.70  1.44 16.22 228.46  10.46  0.45 20.46 232.73   7.35  0.29 13.55 305.30  14.10
19811020 210000 13.4 203.1  3.55 15.73 220.22  21.62  4  3.10  8.96 217.06  22.42  1.47 15.75 227.24  10.08  0.84 19.33 233.06   8.98  0.27 13.53 305.90  13.38
19811021 000000  6.3 202.7  3.83  9.28 220.55  22.53  4  3.31  9.28 217.23  24.03  1.65 15.53 227.83   9.13  0.96 19.09 231.81  10.88  0.26 13.50 307.44  11.80
19811021 030000  7.3 189.8  3.63 18.46 222.79  20.93  4  2.93  9.56 218.85  23.24  1.58 15.17 228.62   9.78  1.41 18.46 229.51  10.11  0.25 13.48 307.49  11.82
19811021 060000  7.5 188.4  3.44 17.66 224.03  19.28  4  2.55  9.54 218.96  22.20  1.91 15.81 228.83   9.98  1.28 18.06 230.18  10.31  0.25 13.48 306.88  12.58
19811021 090000  5.4 171.8  3.39 17.39 224.90  18.01  3  2.47 17.39 229.23  10.19  2.30  9.56 218.92  21.59  0.24 13.45 307.11  12.58
19811021 120000  5.7 162.2  3.36 16.79 225.69  16.95  3  2.54 16.79 229.09  10.30  2.18  9.70 220.21  20.79  0.22 13.46 309.17  11.19
19811021 150000  6.1 224.5  3.28 16.27 226.37  15.98  2  2.59 16.27 229.81  12.03  2.01  9.55 220.42  19.68
19811021 180000  7.9 213.6  3.20 16.08 226.76  15.67  2  3.19 16.08 226.50  14.91  0.22 13.05 304.22  15.15
19811021 210000  7.0 203.6  3.11 15.68 226.90  15.66  2  3.10 15.68 226.64  14.93  0.21 12.82 304.18  15.07
19811022 000000  1.7 161.0  3.00 15.41 227.04  15.37  2  2.99 15.42 226.79  14.63  0.20 12.73 304.32  14.88
19811022 030000  3.4 220.6  2.86 15.31 227.20  14.86  2  2.86 15.31 226.93  14.05  0.20 12.68 304.85  14.44
19811022 060000  6.2 178.3  2.74 15.23 226.84  15.08  2  2.73 15.23 226.55  14.18  0.20 12.66 305.50  13.88
19811022 090000  2.8 189.7  2.62 15.15 226.66  15.02  2  2.61 15.15 226.34  14.02  0.19 12.64 306.89  12.60
19811022 120000  3.2   3.1  2.52 15.05 226.52  14.60  2  2.52 15.05 226.18  13.45  0.19 12.62 307.88  11.64
19811022 150000  3.3 294.4  2.45 14.83 226.42  14.99  2  2.44 14.83 226.05  13.78  0.20 12.59 307.20  12.67
19811022 180000  4.1 267.0  2.38 14.59 226.00  14.87  2  2.37 14.60 225.61  13.57  0.20 12.56 306.82  13.16
19811022 210000  1.3 258.2  2.31 14.46 225.49  14.65  2  2.31 14.46 225.10  13.29  0.19 12.53 307.19  13.00
19811023 000000  1.9 182.4  2.27 14.38 224.89  14.37  2  2.26 14.38 224.50  12.98  0.19 12.48 307.19  13.17
19811023 030000  3.0 188.3  2.23 14.27 224.25  14.22  2  2.23 14.27 223.87  12.85  0.18 12.41 307.17  13.25
19811023 060000  4.9 181.2  2.18 14.11 223.50  14.77  2  2.17 14.10 223.11  13.42  0.18 12.31 307.06  13.15
19811023 090000  2.2 202.1  2.09 13.73 223.25  15.12  2  2.08 13.74 222.82  13.65  0.18 12.14 306.52  13.28
19811023 120000  2.1 167.7  1.98 13.54 223.27  15.22  3  1.97 13.54 222.78  13.53  0.17 11.98 306.95  13.34  0.07 15.35 303.95   9.39
19811023 150000  4.8 219.2  1.88 13.41 223.25  15.45  3  1.87 13.42 222.70  13.59  0.17 11.89 307.24  12.95  0.07 15.41 303.04   9.97
19811023 180000  7.0 211.0  1.84 13.31 223.11  16.48  4  0.50  3.07 220.01  30.99  1.76 13.32 222.74  12.49  0.17 11.82 307.52  12.67  0.07 15.45 301.46  11.29
19811023 210000  5.2 204.0  1.78 13.24 222.93  16.88  4  1.77 13.24 222.37  15.18  0.16 11.78 308.05  12.23  0.07 15.47 301.54  10.61  0.06 25.12 220.37   7.14
19811024 000000  3.0 174.4  1.72 13.18 222.79  16.47  5  1.41 13.18 223.66  10.99  0.97  8.77 219.04  20.06  0.16 11.76 308.08  12.37  0.09 24.67 220.84   7.25  0.06 15.46 301.06  10.19
19811024 030000  5.9 187.3  1.67 13.04 222.15  16.65  5  1.37 13.04 223.46  11.10  0.94  8.58 217.36  20.09  0.15 11.74 308.26  12.65  0.12 23.68 221.20   7.42  0.08 13.98 303.02   9.92
19811024 060000  7.7 183.9  1.66 12.87 220.74  18.30  6  0.51  3.05 197.52  31.68  1.32 12.88 223.33  10.97  0.84  8.53 219.11  14.82  0.16 23.29 221.66   7.56  0.14 11.74 308.30  12.79  0.09 14.30 302.02  10.85
19811024 090000  5.1 196.3  1.62 12.81 221.05  18.65  5  0.87  7.77 213.42  24.96  1.34 12.82 223.10  10.96  0.21 22.58 221.97   7.65  0.14 11.74 308.07  12.88  0.10 14.38 302.57  10.83
19811024 120000  2.2 227.1  1.55 12.79 222.27  17.78  5  1.30 12.80 223.57  10.94  0.80  7.73 215.72  23.59  0.26 21.97 222.43   7.72  0.14 11.74 307.64  13.10  0.11 14.41 302.74  10.77
19811024 150000  3.4 300.7  1.49 12.81 223.40  16.85  5  1.25 12.82 224.18  10.85  0.73  7.70 217.73  21.79  0.31 21.64 222.58   7.74  0.13 11.74 307.12  13.29  0.11 14.43 302.54  10.99
19811024 180000  4.2 246.7  1.44 12.81 224.86  16.70  4  1.39 12.82 224.11  14.57  0.35 20.74 222.88   7.76  0.13 11.76 306.72  13.41  0.11 14.46 301.80  11.19
19811024 210000  3.9 202.0  1.41 12.76 225.59  16.46  3  1.34 12.76 224.88  14.41  0.39 20.47 223.35   8.02  0.17 14.49 304.16  13.23
19811025 000000  1.7 265.4  1.39 12.68 226.06  16.10  3  1.32 12.69 225.45  14.18  0.42 20.11 223.55   8.04  0.16 11.78 304.08  13.10
19811025 030000  1.8 228.9  1.39 12.62 226.62  15.59  3  1.30 12.61 226.10  13.72  0.44 19.26 223.93   8.05  0.15 13.47 304.57  12.49
19811025 060000  4.4 117.2  1.40 12.52 226.25  19.54  6  1.11 12.50 228.77  10.76  0.69  7.64 216.29  29.21  0.46 19.08 224.38   8.28  0.10 13.46 302.96  10.99  0.10 10.96 310.22  11.14  0.07 15.59 298.63  11.75
19811025 090000  2.7 194.4  1.41 12.35 226.47  19.94  6  1.17 12.33 229.07  10.76  0.61  7.15 211.70  32.52  0.48 18.71 224.71   8.49  0.12 13.48 302.73  10.56  0.10 10.97 310.76  11.10  0.07 15.77 299.53  12.06
19811025 120000  0.8 132.0  1.42 12.25 227.81  17.39  6  1.20 12.21 229.48  10.85  0.53  6.75 214.22  27.72  0.50 17.94 225.13   8.57  0.13 13.50 302.92  10.70  0.09 10.96 310.75  11.13  0.07 16.42 301.64  11.10
19811025 150000  2.8 314.0  1.43 12.35 229.04  15.69  5  1.30 12.33 228.53  13.67  0.55 17.76 226.12   8.85  0.13 13.51 302.59  10.84  0.09 10.97 310.54  11.13  0.08 16.51 302.36  10.65
19811025 180000  5.6 281.5  1.46 12.40 231.79  18.29  5  1.33 12.38 231.73  17.36  0.60 17.40 227.04   8.76  0.13 13.54 301.66  11.28  0.09 10.97 310.32  11.17  0.08 16.53 300.98  12.43
19811025 210000  4.8 275.7  1.50 12.39 233.66  19.61  6  0.40  3.03 278.34  32.63  1.28 12.37 230.77  11.87  0.65 16.68 227.46   8.77  0.14 13.59 300.94  11.28  0.09 10.99 310.25  11.10  0.08 16.58 301.39  11.71
19811026 000000  3.3 245.9  1.50 16.48 234.22  19.43  4  1.32 12.43 235.14  19.38  0.70 16.51 227.57   9.01  0.15 14.01 300.27  11.59  0.10 11.06 308.64  11.76
19811026 030000  4.4 197.3  1.50 16.18 234.79  19.39  5  1.24 12.69 232.93  11.51  0.74 16.18 228.45   9.66  0.37  3.62 283.55  38.25  0.13 12.61 303.36  12.47  0.12 14.58 301.27  12.09
19811026 060000  3.9 169.1  1.50 15.53 235.41  19.73  5  1.17 12.81 234.00  11.79  0.85 15.65 229.32   9.23  0.38  3.94 281.31  41.18  0.14 12.57 303.23  12.58  0.12 14.81 301.58  11.26
19811026 090000  3.1 199.3  1.51 15.56 236.08  19.76  5  1.13 12.72 234.74  11.79  0.90 15.67 230.19   9.28  0.39  4.13 280.07  41.02  0.14 12.59 304.07  12.03  0.12 15.37 301.77  10.89
19811026 120000  6.2 180.6  1.59 15.80 234.94  20.55  5  0.49  4.18 242.96  49.91  1.07 15.86 232.02   9.47  1.05 12.38 235.00  12.81  0.15 12.59 303.57  12.62  0.13 15.42 301.11  11.53
19811026 150000  3.6 175.5  1.72 15.87 235.18  18.93  4  0.46  4.09 240.59  48.87  1.65 15.95 234.09  11.70  0.15 12.61 303.50  12.68  0.14 15.45 300.44  12.23
19811026 180000  6.7 223.4  1.96 15.60 236.27  16.16  3  1.95 15.61 235.66  14.79  0.16 12.64 302.73  13.21  0.14 15.45 299.30  13.16
19811026 210000  7.5 217.7  2.24 15.43 236.98  15.78  4  0.60  3.37 226.27  33.93  1.53 15.43 232.31   9.18  1.50 12.05 242.30  11.81  0.21 15.43 301.44  13.43
19811027 000000  3.1 195.2  2.38 15.24 237.65  16.30  3  1.74 11.87 242.48  19.19  1.62 15.24 232.20   9.09  0.09 15.51 305.94   9.34
19811027 030000  6.0 193.6  2.44 14.86 238.40  16.14  1  2.44 14.86 238.40  16.14
19811027 060000  9.1 180.8  2.51 14.55 236.90  19.38  2  0.64  3.33 191.49  30.32  2.43 14.55 239.40  14.71
19811027 090000  8.1 187.1  2.56 14.40 236.00  20.80  3  0.76  3.90 192.81  31.23  2.44 14.40 238.96  14.23  0.20 14.39 304.50  13.13
19811027 120000  7.7 190.5  2.58 14.26 236.09  20.52  3  0.73  3.94 192.92  31.66  2.47 14.25 238.76  14.38  0.20 14.44 302.70  14.69
19811027 150000  6.0 220.3  2.59 14.12 237.14  18.38  3  0.59  3.92 197.59  31.87  2.52 14.08 238.63  14.61  0.17 14.45 303.10  10.49
19811027 180000  8.6 225.5  2.66 13.93 237.50  17.20  3  0.71  3.75 220.03  30.26  2.56 13.88 238.47  14.60  0.16 14.46 303.07  10.87
19811027 210000  7.3 219.5  2.74 13.90 237.59  17.19  1  2.74 13.90 237.59  17.19
19811028 000000  2.1 256.0  2.77 15.49 237.89  16.74  3  2.76 15.49 237.76  16.40  0.11 11.78 304.71   9.16  0.08 10.98 330.70   5.82
19811028 030000  3.4 269.2  2.79 15.44 238.15  16.06  2  2.78 15.45 237.88  15.39  0.20 13.67 308.18  13.48
19811028 060000  0.7 226.3  2.80 15.31 238.13  15.56  2  2.79 15.32 237.84  14.81  0.21 13.52 307.72  13.28
19811028 090000  0.5  61.8  2.76 15.13 237.95  15.26  2  2.75 15.13 237.61  14.40  0.22 13.52 307.32  13.06
19811028 120000  1.7  89.0  2.69 14.85 237.72  15.24  3  2.68 14.86 237.31  14.17  0.22 13.51 307.22  13.11  0.08 21.76 304.56   9.10
19811028 150000  2.4 234.2  2.59 14.56 237.51  15.34  3  2.58 14.58 237.08  14.24  0.21 13.51 307.58  13.42  0.09 21.75 304.42   9.09
19811028 180000  4.2 235.4  2.47 14.38 237.36  15.71  3  2.46 14.40 236.92  14.59  0.20 13.51 308.24  13.63  0.09 21.75 304.99   9.20
19811028 210000  2.8 278.4  2.37 14.28 237.11  15.82  3  2.36 14.30 236.68  14.72  0.20 13.48 307.84  14.18  0.07 21.71 306.80   8.94
19811029 000000  3.6 358.0  2.42 14.22 236.90  15.68  3  2.40 14.24 236.42  14.44  0.20 13.44 308.29  14.24  0.11 20.45 306.09   8.58
19811029 030000  1.4 338.0  2.61 14.13 237.11  15.98  3  2.60 14.14 236.59  14.70  0.19 13.26 308.37  14.16  0.16 20.34 304.88   8.76
19811029 060000  3.7 175.4  2.78 13.81 237.39  15.38  3  2.77 13.82 236.88  14.09  0.20 12.77 307.60  14.05  0.19 20.33 304.10   9.13
19811029 090000  3.8 153.8  2.86 13.60 237.31  16.37  3  2.84 13.61 236.84  15.27  0.20 12.67 307.13  13.84  0.17 20.33 303.91   9.51
19811029 120000  1.8  68.6  2.88 13.53 237.51  16.97  4  2.86 13.55 236.96  16.11  0.28 16.59 255.00   0.00  0.19 12.64 309.73  11.80  0.14 20.32 305.14   9.60
19811029 150000  3.5 235.3  2.96 13.64 237.96  16.56  4  2.93 13.67 237.31  15.56  0.32 16.59 255.00   0.00  0.21 12.65 306.77  13.10  0.16 19.32 305.84   8.92
19811029 180000  5.3 228.7  3.13 13.91 238.56  17.10  6  2.55 13.92 241.07  16.22  1.59 16.02 228.50  11.57  0.72 19.22 241.72  11.11  0.37 16.59 255.00   0.00  0.25 19.03 305.30   8.57  0.20 12.64 306.50  13.01
19811029 210000  3.9 217.8  3.29 15.83 238.98  17.31  3  3.28 15.83 238.37  16.05  0.29 19.01 304.42   9.01  0.19 12.62 308.89  11.37
19811030 000000  3.1 187.0  3.41 15.94 238.91  16.99  3  3.03 15.23 239.62  17.31  1.55 17.59 234.58  10.56  0.28 19.01 303.70   9.36
19811030 030000  2.7 165.6  3.49 15.78 238.89  16.54  3  3.48 15.79 238.51  15.75  0.23 19.01 303.37  10.03  0.18 12.58 304.56  13.09
19811030 060000  6.5 170.7  3.52 15.51 238.55  16.92  3  3.51 15.51 238.30  16.39  0.18 18.95 306.85   8.16  0.16 12.51 307.93  10.78
19811030 090000  6.5 170.4  3.49 15.30 238.18  18.23  2  3.49 15.30 237.92  17.72  0.24 17.92 306.38   7.80
19811030 120000  9.4 173.1  3.45 15.13 237.59  20.24  2  3.43 15.13 237.05  19.35  0.34 17.79 305.08   8.72
19811030 150000  8.8 201.8  3.39 14.82 237.07  20.67  3  0.83  3.95 195.82  33.19  3.26 14.82 238.50  15.68  0.37 17.77 304.25   9.18
19811030 180000 10.3 216.6  3.35 14.55 236.85  19.95  2  3.34 14.55 236.25  18.93  0.35 17.77 303.72   9.56
19811030 210000 10.8 208.5  3.32 14.38 235.46  20.96  3  3.31 14.38 234.96  20.13  0.28 17.77 303.33  10.14  0.14 11.86 306.43  10.05
19811031 000000  8.4 198.4  3.19 14.20 234.09  21.96  3  3.18 14.20 233.71  21.36  0.22 17.74 304.17  10.06  0.13 11.85 305.82   9.84
19811031 030000  9.4 202.6  3.04 13.86 233.19  22.68  3  3.03 13.86 232.70  21.90  0.25 17.01 305.37   8.79  0.12 11.84 305.59   9.63
19811031 060000 10.8 191.2  2.94 13.57 231.64  24.46  3  2.92 13.57 230.81  23.23  0.33 16.66 304.91   8.86  0.11 11.83 305.55   9.47
19811031 090000  8.4 191.3  2.83 13.39 230.97  25.67  3  1.79  6.88 222.47  32.33  2.16 13.39 234.28  14.72  0.38 16.62 304.65   9.06
19811031 120000  8.5 187.2  2.64 13.23 231.54  25.52  4  1.71  7.25 225.57  31.87  1.97 13.23 233.26  13.91  0.38 16.62 303.97   9.73  0.10 11.78 305.21   9.05
19811031 150000  8.2 212.4  2.47 12.85 231.56  24.97  3  2.44 12.85 230.30  23.16  0.35 16.62 303.52  10.46  0.09 11.74 305.66   9.03
19811031 180000 11.2 212.7  2.48 12.61 229.59  24.29  4  1.77  7.16 224.67  27.77  1.71 12.62 232.67  15.20  0.29 16.63 303.46  10.87  0.09 11.70 305.04   9.55
19811031 210000 11.0 207.6  2.69 12.56 226.66  24.66  4  2.16  7.21 224.03  27.50  1.58 12.56 229.44  13.21  0.26 16.57 303.72  10.84  0.09 11.43 303.45  10.93
19811101 000000 10.0 197.7  2.81 12.57 224.93  25.14  3  2.33  7.74 223.07  27.75  1.55 12.57 226.77  12.07  0.29 15.90 304.31  10.12
