Date     Time   Uabs UDir  hs    tp    th     sp     np hs(i) tp(i) th(i)  sp(i)
19830801 000000  5.7 177.7  2.72 14.56 220.04  14.02  2  2.59 14.56 220.56  14.37  0.82 16.86 215.00   8.29
19830801 030000  6.4 137.5  2.66 14.52 219.64  15.39  1  2.66 14.52 219.64  15.39
19830801 060000  6.3 135.7  2.61 14.55 219.36  16.41  1  2.61 14.55 219.36  16.41
19830801 090000  6.0 118.9  2.57 14.70 219.10  17.02  1  2.57 14.70 219.10  17.02
19830801 120000  3.5 152.4  2.53 15.00 219.13  16.67  1  2.53 15.00 219.13  16.67
19830801 150000  3.3 132.4  2.48 15.06 219.51  14.65  1  2.48 15.06 219.51  14.65
19830801 180000  3.5 219.6  2.44 17.30 219.91  13.06  1  2.44 17.30 219.91  13.06
19830801 210000  5.6 199.9  2.40 16.58 220.03  12.44  1  2.40 16.58 220.03  12.44
19830802 000000  3.1 200.1  2.36 16.37 220.05  12.50  2  2.36 16.37 220.05  12.50  0.07 25.12 221.20   7.27
19830802 030000  3.3 120.9  2.31 16.08 220.25  12.19  1  2.31 16.08 220.25  12.19
19830802 060000  3.7  99.9  2.25 15.59 220.32  12.78  2  2.25 15.59 220.32  12.80  0.14 23.65 221.45   6.27
19830802 090000  3.5  58.9  2.21 15.38 220.45  12.94  1  2.21 15.38 220.45  12.94
19830802 120000  4.0  23.7  2.19 15.19 220.66  15.10  2  2.18 15.19 220.63  15.19  0.27 22.18 222.97   7.70
19830802 150000  1.9 246.5  2.21 14.96 220.81  13.97  1  2.21 14.96 220.81  13.97
19830802 180000  3.4 213.1  2.26 15.27 221.08  11.87  1  2.26 15.27 221.08  11.87
19830802 210000  3.0 214.6  2.30 15.55 221.38  10.87  1  2.30 15.55 221.38  10.87
19830803 000000  4.0 312.9  2.33 15.52 222.13  12.84  1  2.33 15.52 222.13  12.84
19830803 030000  3.6 305.3  2.33 15.44 222.47  13.49  1  2.33 15.44 222.47  13.49
19830803 060000  0.7 102.4  2.29 15.39 222.63  13.41  1  2.29 15.39 222.63  13.41
19830803 090000  3.4 329.2  2.22 15.32 222.75  13.46  1  2.22 15.32 222.75  13.46
19830803 120000  5.1 346.9  2.14 15.23 223.40  16.66  1  2.14 15.23 223.40  16.66
19830803 150000  2.1 340.9  2.02 15.08 223.83  17.82  2  2.01 15.08 223.74  17.53  0.08 13.55 312.67   8.13
19830803 180000  4.4 279.5  1.90 14.95 224.67  18.25  3  1.90 14.95 224.54  17.89  0.07 13.55 312.97   8.62  0.06 17.78 308.38   8.37
19830803 210000  2.4 311.2  1.80 14.90 225.99  19.58  4  1.74 14.90 222.79   9.61  0.45  4.72 293.36  30.68  0.06 13.54 312.87   8.64  0.06 17.76 309.07   8.75
19830804 000000  2.7 347.5  1.72 14.92 227.44  20.79  3  1.64 14.92 223.11   9.59  0.50  5.18 288.57  27.26  0.08 17.76 311.91   8.51
19830804 030000  2.0   1.5  1.69 15.11 228.85  21.49  3  1.60 15.11 223.56   9.39  0.54  5.42 286.38  24.24  0.07 17.76 313.51   8.05
19830804 060000  0.7 303.6  1.76 17.50 230.16  21.61  2  1.66 17.50 224.47   9.79  0.59  5.64 286.21  21.22
19830804 090000  3.7 339.4  2.00 17.18 232.26  23.28  3  1.66 17.18 224.57  10.11  0.85 21.76 229.73   7.49  0.72  6.19 289.33  22.70
19830804 120000  4.5   6.0  2.36 16.64 233.89  23.45  4  1.84 16.64 225.17   8.66  1.17 21.35 229.49   8.19  0.89  7.89 288.02  21.39  0.10 16.63 310.66   9.76
19830804 150000  1.9 353.1  2.75 20.72 234.63  22.86  4  1.83 16.22 226.15   9.71  1.77 20.74 228.64   8.10  1.03  8.29 287.72  19.42  0.10 16.61 311.33   9.60
19830804 180000  4.0 269.8  3.11 20.19 235.02  22.04  3  2.18 20.19 228.75   9.26  1.89 15.94 227.33   9.93  1.15  8.33 286.81  17.37
19830804 210000  4.4 298.5  3.40 19.83 235.26  21.51  2  3.18 19.83 228.92  10.05  1.21  8.48 286.81  17.55
19830805 000000  4.3  11.7  3.64 19.02 235.33  21.02  1  3.64 19.02 235.33  21.02
19830805 030000  3.2  25.4  3.84 18.63 235.18  20.24  1  3.84 18.63 235.18  20.24
19830805 060000  1.9  88.5  4.00 18.30 235.03  19.36  1  4.00 18.30 235.03  19.36
19830805 090000  3.4  18.8  4.12 17.76 235.02  19.36  1  4.12 17.76 235.02  19.36
19830805 120000  6.7  17.9  4.14 17.56 234.90  19.56  2  4.00 17.56 231.51  11.70  1.10  7.87 292.94  26.31
19830805 150000  1.0 354.4  4.09 17.37 234.45  18.79  1  4.09 17.37 234.45  18.79
19830805 180000  5.3 207.4  4.03 16.96 233.70  17.55  1  4.03 16.96 233.70  17.55
19830805 210000  9.3 194.2  3.99 16.54 232.00  17.67  1  3.99 16.54 232.00  17.67
19830806 000000  5.1 195.8  3.88 16.31 231.00  17.89  2  1.06  5.04 209.51  31.08  3.73 16.31 232.51  15.28
19830806 030000  7.9 185.1  3.69 16.01 230.70  17.58  2  0.97  5.20 207.09  29.81  3.56 16.01 232.22  15.14
19830806 060000  8.6 179.5  3.51 15.51 229.74  18.27  3  0.93  4.84 199.08  29.69  3.39 15.52 231.64  14.84  0.13 14.57 311.17   8.80
19830806 090000  8.9 182.2  3.38 15.32 228.33  18.98  3  1.01  4.60 198.51  29.87  3.22 15.32 230.72  14.84  0.13 14.57 311.35   9.05
19830806 120000  6.5 184.6  3.31 15.22 227.12  18.69  3  1.05  5.02 205.10  30.50  3.13 15.22 229.20  14.97  0.12 14.59 311.25   9.34
19830806 150000  8.0 203.2  3.27 15.16 225.95  17.73  1  3.27 15.16 225.95  17.73
19830806 180000  9.1 207.7  3.29 15.16 224.35  17.41  1  3.29 15.16 224.35  17.41
19830806 210000  9.5 210.4  3.34 15.16 223.01  17.66  2  1.33  5.62 215.06  26.20  3.06 15.16 224.39  15.13
19830807 000000  9.3 201.4  3.36 15.22 222.04  18.23  2  1.51  6.36 217.53  27.80  3.00 15.22 223.08  14.69
19830807 030000  7.3 181.4  3.33 15.30 220.76  18.91  2  1.55  6.93 216.22  29.47  2.95 15.30 221.89  14.48
19830807 060000  6.0 191.3  3.24 15.29 220.40  17.98  2  3.24 15.30 220.31  17.71  0.13 13.73 311.68   9.02
19830807 090000  2.4 184.8  3.17 15.22 219.81  17.12  1  3.17 15.22 219.81  17.12
19830807 120000  5.4 220.9  3.11 15.14 219.29  16.42  1  3.11 15.14 219.29  16.42
19830807 150000  1.0 125.2  3.06 15.07 218.95  16.03  1  3.06 15.07 218.95  16.03
19830807 180000  2.9 261.8  3.01 15.00 218.92  15.88  1  3.01 15.00 218.92  15.88
19830807 210000  1.4 329.2  2.96 14.97 218.99  15.94  1  2.96 14.97 218.99  15.94
19830808 000000  2.6 312.4  2.85 14.90 218.93  15.98  1  2.85 14.90 218.93  15.98
19830808 030000  0.6  13.1  2.72 14.80 218.87  15.92  1  2.72 14.80 218.87  15.92
19830808 060000  3.5 178.1  2.59 14.67 218.68  16.03  1  2.59 14.67 218.68  16.03
19830808 090000  5.6 174.5  2.47 14.56 218.40  16.39  1  2.47 14.56 218.40  16.39
19830808 120000  8.2 175.2  2.36 14.46 217.54  17.55  1  2.36 14.46 217.54  17.55
19830808 150000  7.1 179.9  2.25 14.35 216.89  18.69  1  2.25 14.35 216.89  18.69
19830808 180000  9.2 209.0  2.17 14.20 217.37  18.53  2  0.87  4.37 208.95  30.55  1.99 14.20 218.79  14.75
19830808 210000  8.5 200.2  2.15 14.04 218.00  19.81  2  2.15 14.04 217.88  19.48  0.10 12.67 311.10  10.39
19830809 000000  4.8 212.9  2.03 13.88 219.01  20.35  3  1.14  5.69 219.04  30.11  1.67 13.89 218.80  12.76  0.10 12.62 310.95  10.63
19830809 030000  5.2 189.6  1.89 13.78 220.53  19.63  3  0.98  5.78 221.48  30.03  1.61 13.79 220.01  13.03  0.10 12.57 311.04  10.62
19830809 060000  5.4 184.3  1.81 13.68 222.03  18.95  2  1.80 13.69 221.86  18.48  0.10 12.54 311.12  10.58
19830809 090000  3.0 164.1  1.75 13.52 223.99  17.99  2  1.75 13.53 223.83  17.51  0.09 12.49 311.30  10.52
19830809 120000  3.3 224.7  1.72 13.37 226.02  16.84  2  1.72 13.38 225.86  16.39  0.09 12.41 311.57  10.46
19830809 150000  4.8 198.4  1.72 13.30 227.48  16.15  2  1.71 13.30 227.35  15.75  0.08 12.17 312.64   9.45
19830809 180000  6.7 222.2  1.76 13.21 227.99  16.73  2  1.76 13.21 227.88  16.40  0.08 11.98 312.79   9.48
19830809 210000  5.5 216.5  1.80 13.04 228.90  16.87  2  1.80 13.05 228.80  16.59  0.07 11.89 312.78   9.53
19830810 000000  2.6  12.6  1.81 12.97 229.35  16.51  3  1.66 12.97 231.72  16.26  0.73 15.71 216.82   8.75  0.07 11.83 312.68   9.57
19830810 030000  3.2  12.8  1.82 12.93 229.40  16.48  4  1.57 12.94 233.56  13.65  0.83 15.69 215.48   8.43  0.41  4.65 222.49  33.12  0.07 11.80 312.66   9.59
19830810 060000  6.7   4.3  1.88 12.86 231.75  28.30  4  0.47  2.96 345.54  33.15  1.62 12.87 232.44  14.35  0.81 16.00 213.02   8.46  0.07 11.77 312.64   9.55
19830810 090000  9.5 352.4  2.03 12.85 241.44  43.06  3  0.93  4.23 337.84  28.82  1.43 12.66 235.07  14.73  1.10 15.36 215.13   8.97
19830810 120000 12.1 347.3  2.39 12.93 268.12  55.02  3  1.58  5.46 337.40  27.81  1.34 12.67 235.70  14.99  1.19 15.35 214.63   8.87
19830810 150000 13.5   5.7  2.78 15.83 297.89  60.04  3  2.13  6.37 346.67  29.13  1.42 15.83 216.98  10.41  1.10 12.23 238.28  16.37
19830810 180000 10.8 344.4  3.00 16.56 303.72  57.85  2  2.38  7.12 342.92  27.49  1.83 16.56 223.21  15.75
19830810 210000  9.2 350.2  2.86 16.53 286.89  57.45  2  2.14  7.31 337.63  27.46  1.90 16.53 222.60  15.54
19830811 000000  4.6 337.5  2.68 16.45 264.87  54.74  2  2.01 16.45 223.00  16.19  1.78  7.16 333.22  28.05
19830811 030000  3.6  27.7  2.58 16.40 248.90  48.65  2  2.14 16.40 224.20  17.69  1.45  6.84 329.32  27.94
19830811 060000  2.2  37.2  2.55 16.36 240.54  42.62  3  2.11 16.36 219.88  10.63  1.21  6.54 325.87  28.64  0.77  9.28 268.62  13.02
19830811 090000  4.7  34.1  2.57 16.26 236.25  37.93  3  2.20 16.26 220.15  10.44  1.00  6.42 327.10  27.80  0.87  9.13 272.43  14.44
19830811 120000  5.1  11.8  2.60 16.08 234.59  35.24  2  2.26 16.08 220.40  10.15  1.29  8.95 298.29  33.32
19830811 150000  4.7 351.6  2.63 15.99 234.20  33.31  2  2.30 15.99 220.70  10.13  1.28  8.97 294.79  30.58
19830811 180000  6.9 329.9  2.67 16.02 235.10  33.29  2  1.32  8.96 293.71  29.23  2.32 16.02 220.83   9.84
19830811 210000  8.5 335.6  2.73 16.01 239.21  37.60  2  1.48  8.91 299.54  31.20  2.30 16.01 220.92   9.49
19830812 000000 12.2   4.7  3.00 15.87 253.83  49.11  3  1.37  5.34 348.50  26.33  2.25 15.87 221.17   9.46  1.43  8.88 286.14  20.20
19830812 030000 13.1   9.8  3.35 15.64 266.64  53.20  3  1.73  6.72 354.81  27.03  2.28 15.64 221.86  10.28  1.74  8.09 286.10  21.17
19830812 060000 13.6   1.4  3.74 15.40 283.19  55.80  3  2.61  7.15 342.25  30.79  2.33 15.40 223.47  12.18  1.35  9.16 269.97  13.78
19830812 090000 13.9 359.2  4.03 15.17 291.34  55.22  2  3.19  7.90 332.09  36.63  2.47 15.17 227.40  15.34
19830812 120000 11.3   8.1  4.03 14.89 285.75  53.30  2  3.06  8.40 329.90  35.88  2.62 14.89 231.60  18.76
19830812 150000  8.7   6.4  3.86 14.53 276.91  51.00  3  2.16  7.89 348.18  27.39  2.51 14.55 228.23  15.53  1.98  9.37 286.69  18.87
19830812 180000  8.0  18.4  3.67 14.27 268.15  48.93  3  1.90  8.30 345.75  28.10  2.56 14.29 228.60  15.53  1.82  9.82 284.74  17.79
19830812 210000  6.9   8.4  3.46 14.13 260.24  47.02  3  2.53 14.14 229.72  15.63  2.30  8.56 314.13  37.36  0.53 17.92 208.06   6.81
19830813 000000  2.4 338.9  3.22 14.14 251.55  43.51  2  3.13 14.14 255.06  43.41  0.79 17.57 207.42   6.89
19830813 030000  2.3 131.8  3.03 14.21 243.16  40.07  3  2.76 14.21 244.89  33.89  1.03 17.13 208.17   7.42  0.71  6.79 359.89  23.74
19830813 060000  5.7 151.6  2.92 14.60 234.72  36.25  3  2.18 14.26 225.52  13.96  1.42  8.73 299.89  35.38  1.34 16.91 209.88   7.72
19830813 090000  5.0 158.4  2.89 15.67 228.66  31.97  2  2.62 15.67 219.44  14.05  1.20  9.02 295.92  36.38
19830813 120000  6.3 178.5  2.88 15.61 224.35  28.15  1  2.88 15.61 224.35  28.15
19830813 150000  7.6 187.8  2.89 15.59 221.48  24.81  1  2.89 15.59 221.48  24.81
19830813 180000 11.3 208.1  2.99 15.54 220.23  22.02  2  1.04  4.20 219.04  32.66  2.80 15.54 220.38  20.12
19830813 210000 12.0 203.3  3.26 15.50 219.40  21.73  2  1.77  5.72 224.02  33.99  2.74 15.50 217.78  13.41
19830814 000000  7.6 185.8  3.33 15.46 218.68  21.08  2  1.82  6.35 223.75  34.17  2.79 15.46 216.87  11.05
19830814 030000 10.1 183.8  3.39 15.24 217.86  19.65  1  3.39 15.24 217.86  19.65
19830814 060000 10.5 183.6  3.47 14.85 217.39  18.93  2  1.42  5.58 205.35  33.65  3.17 14.85 219.42  13.27
19830814 090000  9.5 182.3  3.47 14.54 217.77  18.63  1  3.47 14.54 217.77  18.63
19830814 120000 12.4 180.2  3.52 14.41 217.64  19.70  1  3.52 14.41 217.64  19.70
19830814 150000 12.5 187.2  3.80 14.37 217.48  20.93  1  3.80 14.37 217.48  20.93
19830814 180000 13.6 198.6  4.18 14.39 217.29  21.37  1  4.18 14.39 217.29  21.37
19830814 210000 15.2 197.4  4.58 14.45 216.51  22.53  1  4.58 14.45 216.51  22.53
19830815 000000 12.3 184.7  4.46 14.52 216.27  23.36  2  3.61  9.43 214.32  27.40  2.63 14.52 219.58  11.97
19830815 030000 12.5 176.2  4.13 14.55 215.81  23.37  2  3.12  9.34 212.01  28.41  2.70 14.55 220.40  12.59
19830815 060000 14.3 173.7  3.93 14.51 213.62  24.27  2  2.95  9.18 207.93  29.51  2.60 14.51 220.14  12.14
19830815 090000 13.2 169.6  3.84 14.45 212.16  24.81  2  2.91  9.01 206.21  30.02  2.50 14.45 219.31  11.62
19830815 120000 10.7 170.9  3.60 14.38 213.33  23.97  2  2.68  9.19 208.21  29.71  2.40 14.38 218.96  11.51
19830815 150000 10.7 175.4  3.39 14.30 214.29  22.67  2  2.39  9.35 208.71  28.79  2.40 14.30 219.25  12.23
19830815 180000 12.0 192.8  3.31 14.21 214.74  21.04  2  2.37  9.32 210.58  26.40  2.31 14.21 218.75  11.92
19830815 210000 12.8 188.9  3.42 14.10 214.81  20.92  2  2.58  8.82 212.01  25.50  2.25 14.10 218.19  11.80
19830816 000000  8.6 184.8  3.33 13.90 215.98  21.19  2  2.53  8.87 214.70  26.10  2.17 13.90 217.57  11.36
19830816 030000  8.5 171.6  3.15 13.70 216.82  20.50  2  2.29  9.15 216.58  26.00  2.15 13.70 217.06  11.37
19830816 060000  7.4 165.3  2.99 13.60 216.84  19.74  1  2.99 13.60 216.84  19.74
19830816 090000  6.3 169.7  2.89 13.58 216.55  18.55  1  2.89 13.58 216.55  18.55
19830816 120000  5.9 201.7  2.87 13.65 216.21  17.34  1  2.87 13.65 216.21  17.34
19830816 150000  6.6 192.0  2.89 13.85 215.52  16.97  2  2.57 13.37 218.10  17.81  1.33 15.78 206.23   8.39
19830816 180000  9.0 208.2  2.96 14.58 215.06  16.98  1  2.96 14.58 215.06  16.98
19830816 210000  9.6 202.6  3.04 15.18 214.73  17.51  1  3.04 15.18 214.73  17.51
19830817 000000  8.0 208.3  3.06 15.32 214.38  18.11  1  3.06 15.32 214.38  18.11
19830817 030000  8.5 179.7  2.99 15.32 213.59  18.77  1  2.99 15.32 213.59  18.77
19830817 060000  9.6 171.2  2.88 15.27 212.44  19.65  2  2.06  9.04 215.42  25.54  2.02 15.27 209.59   9.56
19830817 090000  7.8 162.6  2.74 15.21 212.03  19.98  2  1.97 15.21 209.43   9.16  1.90  8.68 215.17  26.92
19830817 120000 10.6 174.0  2.61 15.13 210.94  20.74  2  1.85  8.49 212.60  27.89  1.85 15.13 209.46   8.82
19830817 150000 10.6 181.3  2.57 15.01 210.20  21.22  3  1.90  8.11 210.50  27.58  1.73 15.01 209.77   8.85  0.14 20.96 226.54   7.15
19830817 180000 11.1 195.7  2.57 14.77 211.53  20.81  3  1.98  7.75 212.51  25.94  1.62 14.77 210.05   8.63  0.17 20.52 226.38   8.43
19830817 210000 13.7 196.4  2.83 14.57 212.42  21.15  2  2.82 14.57 212.37  21.17  0.16 20.47 226.60   8.52
19830818 000000 13.4 185.7  2.98 14.41 211.29  23.52  2  2.98 14.41 211.24  23.54  0.17 20.17 225.31   7.37
19830818 030000 12.1 170.2  2.94 14.27 209.93  25.37  4  2.50  7.66 208.75  29.24  1.54 14.27 212.45   9.13  0.19 19.20 225.04   8.04  0.06 24.98 221.54   7.63
19830818 060000 12.0 171.7  2.80 14.12 209.60  25.69  3  2.31  7.82 207.46  30.13  1.56 14.12 213.46   9.76  0.20 19.11 225.44   8.83
19830818 090000 11.1 171.4  2.72 13.74 209.88  25.12  4  2.18  7.75 206.56  29.90  1.62 13.74 215.05  10.59  0.12 19.32 225.14   5.82  0.11 23.48 223.28   7.68
19830818 120000  8.7 179.2  2.61 13.47 212.12  23.65  4  2.00  7.81 209.13  29.11  1.66 13.47 215.73  11.07  0.18 18.59 226.40   8.50  0.13 23.27 222.84   7.56
19830818 150000  9.0 175.6  2.58 13.30 213.66  22.53  4  1.99  8.24 211.28  27.44  1.63 13.30 216.64  11.57  0.19 17.92 222.85   7.25  0.16 22.90 223.03   8.19
19830818 180000 10.3 197.0  2.60 13.16 215.30  20.84  4  2.07  8.49 214.40  24.60  1.55 13.16 216.58  11.60  0.18 17.89 221.47   7.62  0.18 22.16 223.72   7.96
19830818 210000 11.4 192.1  2.76 12.83 215.44  21.30  3  2.27  8.50 214.46  24.45  1.55 12.83 217.24  12.06  0.22 21.80 223.31   8.26
19830819 000000 10.5 188.8  2.80 12.68 216.07  22.01  3  2.37  8.67 215.70  24.88  1.47 12.68 216.75  12.09  0.25 21.48 223.55   8.41
19830819 030000  7.8 166.1  2.72 12.59 216.63  22.30  4  2.14  8.77 215.54  26.27  1.64 12.59 218.13  13.67  0.29 16.78 217.08  11.46  0.27 20.81 223.90   8.31
19830819 060000  5.9 148.8  2.59 12.43 218.12  20.85  3  2.56 12.43 218.10  21.06  0.29 16.76 214.08   8.70  0.28 20.59 224.32   8.33
19830819 090000  3.7 125.7  2.50 10.48 218.73  19.36  3  2.46 10.48 218.75  19.57  0.32 20.29 223.44   8.54  0.28 16.69 211.06   7.93
19830819 120000  2.2   0.7  2.40 10.61 218.90  17.89  3  2.34 10.61 219.06  18.18  0.39 15.84 209.90   7.04  0.34 19.78 223.29   8.63
19830819 150000  0.7  21.9  2.28 10.58 218.65  16.85  3  2.21 10.58 218.81  17.16  0.42 15.67 211.08   7.77  0.36 19.30 223.37   8.79
19830819 180000  3.2 275.6  2.12 10.37 218.22  16.24  3  2.01 10.37 218.66  16.84  0.60 14.98 211.86   7.39  0.35 19.18 223.45   9.34
19830819 210000  2.2 274.8  1.97 10.21 217.75  15.82  3  1.81 10.21 218.37  16.63  0.65 14.31 211.65   7.70  0.41 18.54 221.33   9.93
19830820 000000  2.8 322.3  1.84 10.04 217.34  15.40  3  1.57 10.04 218.62  16.89  0.83 12.95 212.12   8.33  0.49 17.76 219.60  11.34
19830820 030000  1.4  34.4  1.75  9.78 217.07  14.96  2  1.45  9.78 217.84  16.47  0.99 12.97 215.44  10.84
19830820 060000  3.5  65.7  1.69 15.24 217.06  14.69  3  1.37  9.62 217.50  15.82  0.97 15.12 214.64   9.75  0.22 15.61 250.18   9.11
19830820 090000  3.9  38.1  1.66 14.89 217.31  18.37  3  1.29  9.38 216.62  20.79  0.99 14.83 215.49   9.91  0.30 15.05 250.47   8.43
19830820 120000  5.2 336.3  1.64 14.52 219.19  20.58  3  1.17  9.06 218.20  24.84  1.08 14.53 215.83   9.94  0.42 14.49 250.21   7.73
19830820 150000  4.4 331.9  1.63 14.30 221.76  24.11  4  1.06  8.78 221.43  32.12  0.93 14.22 214.18   9.41  0.65 16.36 222.33  10.82  0.49 14.02 251.11   7.65
19830820 180000  5.2 346.5  1.59 13.84 224.15  26.23  3  1.13 14.25 217.26  10.53  0.98  8.48 224.58  36.99  0.56 13.56 250.97   6.01
19830820 210000  6.0 323.0  1.58 13.59 227.95  30.73  4  0.47  3.63 324.94  27.54  1.14 13.87 217.11   9.92  0.76  8.24 216.27  14.75  0.62 13.19 251.10   6.63
19830821 000000  9.7 357.5  1.65 13.49 237.23  42.76  5  0.75  3.87 332.46  29.85  0.84 13.49 217.25  10.33  0.79 15.69 217.96   9.44  0.65  7.97 216.32  14.69  0.64 12.73 252.22   6.47
19830821 030000  5.5 354.3  1.67 13.54 241.24  44.91  6  0.83  4.55 330.39  31.54  1.11 15.26 219.19  10.38  0.63 12.47 253.05   6.62  0.51  7.81 216.89  15.41  0.45 18.03 210.97   6.55  0.06 14.82 312.88   8.56
19830821 060000  3.3 357.3  1.65 15.77 237.76  40.17  5  1.25 15.83 218.36  10.33  0.73  4.77 324.99  29.98  0.65 12.06 253.22   7.04  0.44  7.67 217.37  15.83  0.06 14.57 313.07   8.54
19830821 090000  2.6 289.5  1.68 15.84 234.51  35.78  4  1.41 15.85 219.37  11.34  0.65  4.76 322.16  28.54  0.63 11.92 254.03   7.26  0.07 14.52 313.10   8.46
19830821 120000  2.8 282.2  1.72 15.14 232.03  32.06  5  1.25 14.70 223.13  10.97  0.82 16.76 213.37   9.36  0.62 11.80 254.17   7.47  0.58  4.67 321.17  28.03  0.08 14.50 312.83   8.76
19830821 150000  1.6 253.1  1.76 14.70 230.24  29.23  4  1.57 14.71 221.10  11.98  0.57 11.52 254.91   7.93  0.53  4.58 320.13  28.94  0.08 14.49 312.81   8.68
19830821 180000  4.1 269.9  1.78 14.53 229.15  27.11  3  1.70 14.54 224.68  15.50  0.51  4.49 312.94  33.64  0.08 14.46 312.62   8.86
19830821 210000  4.3 252.7  1.77 14.40 228.31  25.73  4  1.70 14.40 224.23  15.35  0.49  4.38 306.63  36.18  0.12 19.27 247.66   7.17  0.08 14.37 312.81   8.59
19830822 000000  5.3 315.3  1.75 15.05 227.67  25.39  3  1.74 15.07 227.40  25.12  0.12 19.17 248.17   7.00  0.09 14.07 312.84   8.65
19830822 030000  1.0 355.8  1.71 15.06 227.36  25.73  3  1.70 15.08 226.97  25.39  0.15 18.28 248.35   6.36  0.10 13.67 312.95   8.61
19830822 060000  1.6 258.6  1.66 15.03 226.93  25.22  4  1.59 15.04 222.78  14.77  0.44  4.21 306.05  34.25  0.15 17.96 249.31   5.66  0.11 13.59 313.11   8.41
19830822 090000  2.4 272.2  1.62 14.90 226.42  24.35  4  1.55 14.93 222.48  14.57  0.41  4.21 303.40  33.66  0.16 17.79 248.86   5.48  0.11 13.57 313.10   8.42
19830822 120000  1.6 206.7  1.57 14.63 225.89  23.46  4  1.51 14.66 222.16  14.38  0.38  4.25 300.99  33.09  0.18 17.27 248.45   6.22  0.11 13.55 313.04   8.46
19830822 150000  3.4 185.5  1.51 14.45 225.48  22.67  4  1.45 14.46 222.00  14.30  0.35  4.37 297.85  32.42  0.16 16.66 250.63   5.47  0.11 13.52 312.83   8.69
19830822 180000  4.9 195.1  1.46 14.32 224.28  22.85  4  0.42  4.50 257.15  53.18  1.38 14.34 221.76  14.26  0.18 16.67 249.39   5.35  0.11 13.47 312.86   8.80
19830822 210000  4.7 211.7  1.40 14.21 224.65  23.09  5  0.42  4.57 252.52  50.61  1.31 14.22 221.52  14.35  0.21 16.51 247.03   7.29  0.12  9.67 268.21   5.60  0.12 13.35 312.80   9.19
19830823 000000  3.5 343.4  1.33 14.04 226.36  23.94  3  1.31 14.06 225.19  22.81  0.20 15.71 249.68   5.27  0.13 13.00 313.35   8.47
19830823 030000  4.5  13.8  1.28 13.63 229.81  31.10  4  1.24 13.67 227.48  30.18  0.21 15.54 250.41   5.28  0.19  9.36 268.01   5.33  0.13 12.79 313.42   8.39
19830823 060000  5.4 328.7  1.25 13.49 237.31  36.91  5  0.63  6.90 297.24  35.58  1.03 13.50 219.50  10.78  0.24 15.52 249.34   5.66  0.16  9.20 268.91   5.97  0.14 12.72 313.38   8.35
19830823 090000  7.2   8.0  1.27 13.45 250.34  45.36  6  0.79  6.18 307.58  37.13  0.93 13.41 219.22  10.34  0.27 15.16 249.60   5.23  0.18  8.97 265.80   6.78  0.13 12.68 312.30   9.43  0.05 10.37 316.72   7.11
19830823 120000  8.6 345.3  1.33 13.51 265.54  47.62  6  0.96  6.10 308.32  35.68  0.82 13.30 218.80   9.92  0.33 14.59 247.24   7.07  0.19  8.99 264.07   6.13  0.14 12.65 312.18   9.27  0.05 10.31 316.57   8.34
19830823 150000  7.4 349.6  1.48 14.16 277.86  44.49  6  1.23  6.06 301.40  34.35  0.73 13.18 218.67   8.94  0.33 14.53 249.40   5.17  0.13 12.62 312.36   9.01  0.06 21.12 222.17   7.34  0.06 10.35 313.75  10.51
19830823 180000  4.4 347.7  1.59 14.22 274.53  38.14  6  1.38  8.10 289.38  31.54  0.65 12.88 218.79   8.81  0.40 14.45 247.36   7.14  0.13 12.56 312.57   8.54  0.09 20.46 223.30   7.51  0.05 10.28 316.13   8.09
19830823 210000  2.5 336.3  1.80  9.26 271.34  31.10  5  1.62  9.06 280.56  26.02  0.61 12.75 219.68   9.09  0.45 14.32 247.37   7.25  0.14 19.97 225.36  11.88  0.14 12.42 313.30   7.39
19830824 000000  5.5  15.4  2.00  9.64 271.96  27.90  5  1.84  9.56 279.27  23.21  0.56 12.48 219.31   8.94  0.51 13.74 244.18   8.70  0.18 19.74 223.01   7.63  0.09 17.94 257.18   7.12
19830824 030000  3.2  26.3  2.04  9.67 273.29  26.72  5  1.87  9.61 280.69  21.50  0.55 13.57 245.24   7.80  0.53 12.40 219.22   8.88  0.25 18.97 224.74   9.03  0.13 16.99 254.36   7.38
19830824 060000  0.7  89.4  2.00  9.66 273.74  26.42  5  1.80  9.61 282.22  20.26  0.64 13.48 243.84   9.50  0.45 11.76 217.52   8.75  0.31 18.82 224.46   8.57  0.16 16.77 254.55   7.76
19830824 090000  2.2  13.7  1.93  9.64 273.19  26.67  5  1.73  9.59 282.43  20.00  0.64 13.42 242.12  10.68  0.43 11.85 218.64   8.96  0.35 18.12 225.35   8.89  0.15 16.85 257.37   6.93
19830824 120000  5.0 345.8  1.86  9.56 272.58  27.88  5  1.65  9.52 282.93  21.27  0.64 13.12 242.32  10.58  0.43 17.75 225.07   8.75  0.38 11.64 218.42   9.09  0.15 16.71 259.30   6.73
19830824 150000  4.2 343.5  1.79  9.44 271.76  28.77  5  1.56  9.40 283.48  22.11  0.67 12.81 241.77  11.46  0.46 17.52 224.09   7.87  0.31 11.01 217.81   8.94  0.19 15.96 258.62   6.24
19830824 180000  4.1 342.7  1.74  9.33 270.54  28.99  5  1.49  9.30 283.41  22.24  0.67 12.70 242.78  11.15  0.52 16.80 225.15   8.12  0.27 10.94 217.21   8.77  0.20 15.72 259.34   6.80
19830824 210000  5.4  16.5  1.74 16.49 269.72  30.13  3  1.46  9.24 283.91  23.97  0.75 12.63 243.00  13.66  0.58 16.55 225.16   8.79
19830825 000000  9.6   2.0  1.87 12.33 271.67  34.98  4  1.36 10.12 297.38  30.57  0.91 12.45 247.73  13.91  0.67  9.20 259.12   9.25  0.60 16.16 224.29   7.94
19830825 030000  6.3  16.5  2.11 11.82 268.92  33.46  2  2.00 11.82 274.22  31.72  0.67 15.62 224.68   8.40
19830825 060000  3.4  53.0  2.29 11.45 263.70  28.32  2  2.16 11.45 268.64  26.36  0.76 15.40 225.19   8.39
19830825 090000  2.4  88.6  2.42 11.85 261.28  25.16  3  2.28 11.85 266.11  22.68  0.73 14.92 224.92   8.26  0.38 18.22 221.76   8.19
19830825 120000  2.3  88.3  2.52 12.34 259.76  23.74  3  2.33 12.26 265.68  20.39  0.80 14.53 225.78   9.30  0.54 17.84 223.72   8.70
19830825 150000  3.0 162.3  2.60 12.88 258.33  23.19  3  2.37 12.28 264.96  19.14  0.77 14.21 225.87   7.69  0.71 17.44 222.05   9.63
19830825 180000  3.7 222.8  2.65 12.86 256.61  23.30  3  2.40 12.34 264.00  18.90  0.86 17.01 223.68   9.95  0.74 13.78 223.06   7.66
19830825 210000  1.2  25.4  2.69 12.72 254.95  23.48  3  2.30 12.32 265.43  17.41  1.39 16.56 225.81  10.48  0.10 11.02 318.30   4.84
19830826 000000  3.8  16.2  2.75 12.74 252.68  23.49  3  2.28 12.39 264.52  17.74  1.54 16.15 226.81  11.66  0.12 23.44 225.40   8.08
19830826 030000  2.5  16.0  2.84 14.90 250.39  23.69  4  2.16 12.50 263.70  19.66  1.52 15.51 223.45   8.82  1.03 14.64 253.13  10.29  0.24 22.08 225.16   8.34
19830826 060000  0.3  29.5  2.92 14.22 247.80  22.76  3  2.40 14.23 259.62  18.04  1.62 15.51 223.60   8.70  0.40 21.50 224.51   8.14
19830826 090000  2.4  30.2  2.99 13.77 245.09  22.17  3  2.65 13.52 251.29  21.06  1.25 15.54 222.79   8.91  0.62 20.45 226.21   8.36
19830826 120000  2.7   0.2  3.07 13.61 242.48  21.61  2  2.91 13.61 244.32  21.88  0.96 19.47 226.45   8.90
19830826 150000  1.1 333.4  3.20 13.61 239.95  20.70  2  2.91 13.61 243.01  21.21  1.33 18.38 226.05   9.73
19830826 180000  4.4 242.9  3.44 17.53 237.67  19.40  1  3.44 17.53 237.67  19.40
19830826 210000  3.3 251.5  3.71 16.83 235.99  18.21  1  3.71 16.83 235.99  18.21
19830827 000000  1.7 221.9  3.91 16.52 234.85  17.32  1  3.91 16.52 234.85  17.32
19830827 030000  5.1 172.2  3.99 16.31 233.94  17.00  1  3.99 16.31 233.94  17.00
19830827 060000  8.1 176.2  3.98 16.14 232.80  17.44  1  3.98 16.14 232.80  17.44
19830827 090000  7.4 190.0  3.91 15.93 231.76  17.54  1  3.91 15.93 231.76  17.54
19830827 120000  6.6 181.1  3.77 15.68 230.98  17.44  1  3.77 15.68 230.98  17.44
19830827 150000  5.3 198.3  3.58 15.39 230.59  17.06  1  3.58 15.39 230.59  17.06
19830827 180000  8.0 215.1  3.40 15.17 229.95  16.95  1  3.40 15.17 229.95  16.95
19830827 210000  8.0 206.4  3.27 15.03 228.86  17.54  2  0.81  4.20 215.23  29.18  3.17 15.03 229.66  16.17
19830828 000000  5.7 216.6  3.13 14.60 227.84  17.71  2  0.81  4.45 215.61  30.64  3.02 14.60 228.61  16.11
19830828 030000  7.5 196.9  3.05 14.26 226.42  17.69  2  0.81  4.33 211.80  29.81  2.94 14.26 227.39  15.97
19830828 060000  5.7 172.5  3.01 14.21 225.05  17.35  3  0.75  4.54 210.35  31.98  2.78 14.21 227.13  15.65  0.88 18.65 213.89   6.71
19830828 090000  1.5 123.4  3.00 14.33 224.03  16.39  3  2.62 14.33 226.36  15.24  1.30 17.69 217.40  11.91  0.68  4.74 212.78  30.50
19830828 120000  1.6  19.9  3.00 16.39 223.28  15.53  2  2.94 16.39 223.62  14.69  0.59  4.99 213.86  28.11
19830828 150000  0.5 107.0  2.98 16.31 222.72  14.95  1  2.98 16.31 222.72  14.95
19830828 180000  1.7 267.2  2.93 16.19 222.35  14.64  1  2.93 16.19 222.35  14.64
19830828 210000  2.9 319.5  2.84 15.94 222.15  14.52  1  2.84 15.94 222.15  14.52
19830829 000000  6.2   9.8  2.73 15.50 222.28  16.90  1  2.73 15.50 222.28  16.90
19830829 030000  5.3 342.5  2.62 15.34 223.05  21.58  1  2.62 15.34 223.05  21.58
19830829 060000  2.2  23.1  2.52 15.22 223.16  20.78  1  2.52 15.22 223.16  20.78
19830829 090000  3.2  20.7  2.45 14.77 222.96  19.16  1  2.45 14.77 222.96  19.16
19830829 120000  1.0 333.4  2.40 14.45 222.66  17.79  1  2.40 14.45 222.66  17.79
19830829 150000  3.2  84.7  2.34 14.35 222.24  16.55  1  2.34 14.35 222.24  16.55
19830829 180000  0.4 207.9  2.25 14.24 221.89  15.64  1  2.25 14.24 221.89  15.64
19830829 210000  5.4 225.3  2.16 13.83 221.67  15.10  1  2.16 13.83 221.67  15.10
19830830 000000  6.6 202.8  2.10 13.58 221.25  15.24  1  2.10 13.58 221.25  15.24
19830830 030000  6.0 181.2  2.05 13.50 220.44  15.79  2  2.04 13.50 220.24  15.19  0.12 17.29 301.36  11.93
19830830 060000  5.2 157.0  1.97 13.44 219.96  16.37  2  1.97 13.44 219.70  15.65  0.13 17.27 297.92  14.33
19830830 090000  2.9 128.0  1.90 13.31 220.21  15.81  2  1.89 13.31 219.92  14.97  0.14 17.31 297.94  14.65
19830830 120000  1.4  22.2  1.85 13.03 220.70  14.57  2  1.84 13.03 220.39  13.60  0.14 17.33 297.68  14.81
19830830 150000  0.6 215.3  1.85 14.21 221.14  13.68  2  1.84 14.19 220.83  12.64  0.14 17.32 297.63  14.77
19830830 180000  3.7 219.1  1.90 14.44 221.49  13.39  2  1.89 14.43 221.20  12.40  0.14 17.28 297.64  14.61
19830830 210000  4.6 242.5  1.96 14.34 221.94  13.31  2  1.95 14.33 221.67  12.38  0.14 17.24 297.54  14.56
19830831 000000  1.5 230.1  1.99 14.11 222.39  13.46  2  1.99 14.09 222.13  12.58  0.14 17.10 297.47  14.55
19830831 030000  2.8 150.5  1.98 13.99 222.94  13.52  1  1.98 13.99 222.94  13.52
19830831 060000  5.3 118.4  1.95 14.03 223.00  16.60  1  1.95 14.03 223.00  16.60
19830831 090000  4.3  96.3  1.89 13.97 223.87  17.49  2  1.74 13.97 225.56  13.46  0.74  8.31 213.22  29.76
19830831 120000  4.8 156.4  1.82 13.80 224.80  17.74  1  1.82 13.80 224.80  17.74
19830831 150000  4.0 156.6  1.77 13.66 225.60  17.48  1  1.77 13.66 225.60  17.48
19830831 180000  5.3 208.5  1.75 13.57 226.33  16.70  1  1.75 13.57 226.33  16.70
19830831 210000  7.3 206.4  1.80 13.50 225.73  17.48  3  0.51  3.08 204.20  29.34  1.66 13.50 227.72  15.23  0.47 15.75 223.53   5.77
19830901 000000  8.7 181.1  1.88 13.43 223.05  21.06  2  0.79  3.92 199.20  29.92  1.70 13.43 227.55  14.85
