Date     Time   Uabs UDir  hs    tp    th     sp     np hs(i) tp(i) th(i)  sp(i)
20070201 000000  7.4 194.4  2.49 12.78 226.00  21.53  4  2.45 12.71 224.51  18.18  0.34 13.66 307.38  11.31  0.25 17.65 215.85   8.01  0.22 19.69 298.18  10.14
20070201 030000  7.7 193.6  2.44 12.66 225.54  22.32  3  2.40 12.60 223.81  18.79  0.33 13.58 307.30  11.53  0.25 19.09 298.34  10.24
20070201 060000  8.0 195.9  2.37 12.57 224.96  23.02  4  2.31 12.52 223.24  19.48  0.34 16.77 217.06   8.80  0.32 13.54 307.68  11.25  0.27 19.02 298.52  10.19
20070201 090000  6.2 195.2  2.30 12.50 224.96  23.18  5  1.59  7.88 221.91  25.10  1.57 12.45 224.14  10.73  0.35 16.71 219.62   6.91  0.31 13.53 307.70  11.32  0.28 18.99 298.06  10.52
20070201 120000  7.9 184.3  2.25 12.49 224.69  23.23  5  1.53  7.76 221.94  25.27  1.54 12.42 223.92  10.18  0.40 15.58 211.80   7.06  0.31 13.56 308.10  11.31  0.29 18.93 297.63  10.49
20070201 150000  6.4 225.0  2.23 12.73 225.09  22.41  5  1.39  7.64 223.31  25.04  1.59 12.62 223.51   9.95  0.57 15.76 215.64  10.00  0.30 18.64 297.89  10.27  0.30 13.62 308.21  11.10
20070201 180000  8.8 229.5  2.29 13.03 225.92  21.82  5  1.39  7.58 224.98  23.98  1.69 12.96 223.29  10.42  0.52 15.71 218.71  10.41  0.34 17.88 298.30  10.07  0.29 13.68 308.13  11.09
20070201 210000  7.2 219.3  2.35 12.93 226.12  21.91  4  1.31  7.19 224.53  25.73  1.89 12.90 223.47  10.57  0.37 17.78 298.61  10.13  0.28 13.84 308.14  11.01
20070202 000000  7.6 190.3  2.37 12.80 225.69  22.10  3  2.32 12.78 223.38  17.34  0.38 17.74 298.64  10.24  0.27 13.89 307.94  11.46
20070202 030000  6.1 186.0  2.34 12.71 225.97  22.06  3  2.14 12.69 224.34  18.21  0.83 14.62 219.67  10.05  0.46 17.71 301.36  11.92
20070202 060000  7.4 203.4  2.30 12.64 226.66  21.74  3  2.10 12.45 225.22  18.02  0.83 14.45 219.29   7.76  0.45 17.63 300.78  12.51
20070202 090000  6.4 196.0  2.25 12.61 227.61  21.90  3  2.20 12.58 225.22  17.14  0.39 17.25 297.56  10.89  0.23 13.30 309.93  10.76
20070202 120000  4.9 189.1  2.16 12.64 229.09  22.23  3  2.11 12.60 226.35  16.93  0.41 16.69 298.41  10.18  0.23 13.30 309.31  11.60
20070202 150000  4.9 234.9  2.06 12.69 230.81  22.55  4  2.00 12.62 227.56  16.46  0.43 16.60 298.27  10.64  0.22 13.31 309.13  11.72  0.05 22.03 307.97   9.81
20070202 180000  9.0 234.4  2.04 12.66 232.47  23.10  5  1.83 11.96 231.17  17.63  0.75 13.56 217.10   6.94  0.43 16.57 298.62  10.32  0.22 13.32 308.63  12.39  0.06 21.84 307.92   9.33
20070202 210000  7.2 215.1  2.01 12.56 232.53  24.31  5  1.82 11.96 230.72  19.26  0.68 13.51 217.14   7.22  0.43 16.53 297.70  11.42  0.23 13.33 308.02  12.58  0.08 20.85 305.68  11.44
20070203 000000  7.1 209.9  1.92 12.48 232.44  25.09  6  1.57 11.18 228.29  21.13  0.73 13.11 218.46   8.11  0.67 12.04 242.92   6.63  0.48 16.49 300.06  11.92  0.09 20.71 305.71  11.14  0.06 20.43 205.61   7.52
20070203 030000  5.7 204.0  1.84 12.41 232.55  25.73  6  1.70 12.48 226.87  19.89  0.50 12.33 247.70   4.81  0.43 16.33 297.41  11.01  0.18 12.78 311.87  11.12  0.10 20.72 307.01  10.65  0.10 19.32 205.78   7.03
20070203 060000  7.2 196.6  1.77 12.32 232.51  26.48  6  1.63 12.37 226.47  20.34  0.49 12.22 248.08   5.18  0.43 15.78 297.75  10.88  0.15 12.53 315.05  10.12  0.13 18.34 205.30   6.61  0.11 20.68 307.68  10.32
20070203 090000  5.0 197.5  1.70 12.16 232.84  27.25  6  1.58 12.48 226.95  20.62  0.43 15.55 297.81  10.84  0.38 11.88 248.85   4.86  0.17 12.60 313.37  10.93  0.15 18.00 204.21   5.98  0.13 20.44 307.17  10.35
20070203 120000  4.4 221.1  1.64 12.02 233.75  27.44  6  1.50 12.43 227.64  19.89  0.43 15.48 298.45  10.62  0.37 11.87 249.11   5.32  0.26 16.43 207.56   6.62  0.16 12.59 313.11  11.02  0.16 19.93 305.95  10.61
20070203 150000  4.4 239.1  1.60 11.95 234.29  27.57  6  1.31 12.52 223.73  18.76  0.73 11.78 245.68   7.29  0.44 15.44 297.86  11.47  0.28 15.92 207.24   6.41  0.19 19.50 305.69  10.72  0.15 12.60 315.53   9.21
20070203 180000  7.8 228.8  1.64 11.94 234.41  27.62  4  1.48 12.47 226.36  19.41  0.49 11.58 248.62   5.59  0.47 15.41 299.95  12.04  0.20 19.44 306.43  10.67
20070203 210000  8.2 218.7  1.72 12.01 232.92  27.80  5  0.87  4.39 227.02  29.39  1.33 12.72 225.90  15.22  0.46 15.37 300.05  11.69  0.41 11.49 248.43   4.99  0.21 19.40 307.25  10.45
20070204 000000  4.3 199.6  1.69 12.20 231.98  28.44  4  1.59 12.47 225.57  21.15  0.45 15.27 299.94  11.71  0.33 11.14 250.45   5.93  0.21 19.23 307.21  10.14
20070204 030000  5.3 200.5  1.63 12.23 232.74  28.47  3  1.55 12.18 226.98  20.65  0.43 15.00 300.15  11.78  0.24 18.87 306.07  10.20
20070204 060000  7.2 199.4  1.61 12.07 232.86  28.87  3  1.53 12.04 226.64  20.38  0.42 14.60 300.63  11.98  0.29 18.31 305.05  10.49
20070204 090000  6.1 206.4  1.60 11.96 233.35  29.08  4  1.52 11.95 226.89  20.26  0.40 14.46 300.42  11.43  0.31 18.14 305.16  10.61  0.07  9.53 325.42   9.36
20070204 120000  4.2 190.8  1.58 11.87 234.23  28.78  4  1.49 11.85 227.68  19.74  0.40 14.39 300.42  11.60  0.31 18.13 305.52  10.77  0.07  9.48 325.43   9.32
20070204 150000  3.7 227.5  1.55 11.75 235.00  28.21  5  1.44 11.73 228.64  19.20  0.40 14.36 300.67  11.45  0.30 18.09 305.94  10.81  0.25 14.99 223.82   6.59  0.06  9.17 327.97   7.60
20070204 180000  5.1 266.2  1.54 11.61 236.78  27.98  4  1.45 11.59 230.18  18.81  0.40 14.33 300.93  11.30  0.30 17.88 305.83  10.33  0.06  9.08 327.87   7.55
20070204 210000  6.0 235.4  1.55 11.44 238.21  28.52  5  1.39 11.41 231.82  19.42  0.43 13.90 222.12   7.58  0.41 14.30 300.85  12.03  0.34 17.49 304.99  10.16  0.06  9.02 327.34   8.03
20070205 000000  2.8 187.2  1.53 11.26 238.54  29.41  5  1.33 11.24 231.22  19.32  0.52 13.66 223.53   8.06  0.40 14.23 300.89  11.98  0.39 17.03 304.37  10.29  0.06  8.97 327.20   8.07
20070205 030000  3.0 212.3  1.50 11.18 238.71  29.60  6  1.27 11.16 231.23  18.80  0.56 13.46 223.19   8.00  0.41 16.95 304.20  10.64  0.38 14.01 301.37  11.97  0.06  8.92 327.05   8.16  0.05 12.66 335.00   0.00
20070205 060000  3.4 224.8  1.47 11.14 238.24  29.14  6  1.24 11.12 230.49  18.36  0.57 13.41 226.12   8.23  0.40 16.94 304.22  10.96  0.36 13.63 302.02  12.06  0.05  8.84 327.41   7.67  0.05 12.66 335.00   0.00
20070205 090000  2.3 221.1  1.44 11.11 237.33  28.52  6  1.19 11.06 230.94  18.09  0.64 12.92 224.35   9.22  0.37 16.91 304.51  11.14  0.35 13.48 301.99  11.82  0.07 12.22 335.01   0.35  0.05  8.71 327.20   7.70
20070205 120000  2.0 197.0  1.44 11.11 236.75  28.41  6  1.09 10.81 230.56  19.30  0.79 12.19 226.42  10.23  0.37 16.73 304.39  10.78  0.33 13.39 302.66  12.33  0.06 11.83 335.01   0.33  0.05  8.59 326.94   7.73
20070205 150000  2.3 249.4  1.44 11.18 237.00  28.96  5  1.16 12.38 222.50  14.30  0.68 10.59 246.56   8.11  0.40 16.48 304.28  10.48  0.33 13.37 302.39  12.29  0.07 11.78 334.04   2.97
20070205 180000  6.0 257.3  1.49 11.32 238.38  29.68  5  0.36  2.60 247.30  33.47  1.33 11.24 228.44  15.01  0.44 16.24 304.07  10.43  0.33 13.34 302.65  11.96  0.09 11.77 333.04   4.01
20070205 210000  5.2 244.7  1.55 11.54 238.34  30.17  5  1.27 11.40 230.98  19.66  0.65 13.61 223.63   9.67  0.47 16.07 304.02  10.51  0.33 13.31 302.73  12.50  0.08 11.49 334.62   2.03
20070206 000000  1.3 154.2  1.55 11.60 236.91  29.92  6  1.39 11.46 228.55  17.70  0.47 15.97 303.72  10.84  0.36 13.69 221.03   8.08  0.32 13.25 302.54  12.14  0.09 11.12 332.46   4.40  0.08 19.03 310.69   5.43
20070206 030000  3.4 214.3  1.54 11.38 235.64  29.26  6  1.34 11.32 228.16  17.00  0.52 13.76 221.13   9.48  0.45 15.85 303.70  11.10  0.31 13.08 303.17  12.56  0.10 19.05 304.74  10.01  0.08 11.01 332.38   5.67
20070206 060000  4.2 185.1  1.53 11.23 234.45  28.94  6  1.20 10.90 226.37  18.14  0.77 12.71 226.51   9.64  0.44 15.70 303.73  11.10  0.30 12.79 303.15  11.86  0.10 10.98 330.41   6.34  0.07 21.46 296.63   9.46
20070206 090000  5.1 181.8  1.52 11.14 233.87  29.51  5  1.25 10.99 226.09  18.08  0.66 12.79 224.21  10.51  0.47 15.53 303.37  10.85  0.25 12.58 303.99  12.51  0.10 10.85 330.62   6.23
20070206 120000  4.2 166.4  1.49 11.11 234.38  30.52  6  1.38 11.06 225.42  17.21  0.46 15.42 303.18  10.93  0.25 12.56 304.96  11.90  0.14 17.80 310.45   5.58  0.10 20.53 296.22   9.38  0.09 10.42 331.48   6.17
20070206 150000  3.7 232.9  1.44 11.21 235.86  31.10  7  1.17 11.07 228.27  13.25  0.62  6.75 216.76  22.88  0.47 15.34 303.76  10.82  0.24 12.52 305.37  11.96  0.16 17.79 307.24   7.82  0.11 20.59 295.66   9.67  0.09 10.35 331.23   6.16
20070206 180000  8.5 217.5  1.51 11.54 234.53  31.46  6  1.39 11.29 225.09  18.18  0.48 15.27 303.88  10.77  0.23 12.50 304.86  12.10  0.13 17.77 311.32   5.98  0.13 20.46 296.67   9.54  0.09 10.30 330.64   6.46
20070206 210000  9.5 209.0  1.74 11.51 228.47  31.69  5  1.23  4.99 216.35  25.67  1.09 10.77 227.24  13.24  0.52 15.13 303.72  10.91  0.23 12.48 304.39  12.36  0.09 10.20 330.91   6.40
20070207 000000  7.4 194.6  1.89 10.86 226.10  31.56  7  1.48  6.06 217.10  26.23  1.00 10.79 226.27  12.81  0.49 14.81 304.05  10.99  0.23 12.47 303.86  12.28  0.22 13.81 214.03   6.08  0.17 19.35 296.79   9.91  0.09 10.00 330.98   6.17
20070207 030000  8.8 191.8  2.02 10.79 224.37  30.81  6  1.94 10.75 219.06  23.10  0.50 14.63 303.22  11.20  0.21 12.20 306.98  10.18  0.19 19.44 295.99   9.72  0.08  9.78 330.96   6.14  0.06 20.80 218.27   8.48
20070207 060000  7.1 188.4  2.14  9.45 223.72  29.49  9  1.79  8.62 218.69  24.59  0.84 10.82 223.46  12.32  0.58 12.91 212.98  10.05  0.41 14.46 300.89  11.32  0.29 16.48 307.24   9.02  0.20 19.64 295.60   9.87  0.18 11.89 307.96  10.44  0.08  9.66 331.44   6.12  0.07 20.40 216.84   9.25
20070207 090000  3.6 171.0  2.24 14.29 223.40  27.67  7  1.85  9.30 220.81  22.68  1.12 11.38 215.10  11.99  0.43 14.45 301.92  10.92  0.34 16.73 301.83  10.97  0.17 11.83 308.12  11.40  0.08 20.37 219.25   8.52  0.07  9.61 331.37   6.09
20070207 120000  3.2 180.1  2.33 11.80 222.41  26.06  6  2.26 11.76 218.60  18.77  0.43 14.43 302.75  11.37  0.34 17.17 300.37  10.31  0.16 11.77 308.49  10.95  0.08 20.32 221.18   8.87  0.07  9.55 331.10   6.05
20070207 150000  3.5 231.4  2.38 11.84 221.71  25.11  5  2.31 11.86 218.02  17.46  0.45 14.44 304.00  11.02  0.32 18.26 297.69  10.03  0.16 11.75 307.77  11.81  0.07  9.42 331.33   5.94
20070207 180000  6.6 225.1  2.39 11.93 221.86  24.95  6  2.31 11.98 218.03  16.92  0.46 14.43 304.30  10.79  0.33 18.71 296.34   9.76  0.16 11.74 307.52  12.06  0.11 19.13 219.82   8.33  0.06  9.19 331.53   5.63
20070207 210000  8.0 208.9  2.42 13.34 221.74  25.23  5  2.34 12.19 217.78  17.09  0.49 14.38 303.57  10.77  0.33 18.75 296.36  10.27  0.16 11.71 310.25  14.19  0.12 19.06 220.54   8.55
20070208 000000  8.0 188.9  2.48 13.25 220.85  25.90  5  2.40 12.73 216.89  18.11  0.42 16.04 302.93   9.89  0.39 13.66 302.39  12.68  0.26 19.11 295.54  10.82  0.11 19.04 221.82   8.53
20070208 030000  6.7 184.6  2.49 13.12 220.77  26.33  4  2.40 12.67 216.67  18.58  0.51 16.63 299.77  10.67  0.38 13.59 302.75  12.34  0.14 18.44 220.13   8.50
20070208 060000  5.4 200.8  2.44 12.68 221.53  26.33  4  2.35 12.53 217.17  18.22  0.53 17.58 299.13  10.59  0.37 13.51 302.20  12.52  0.16 17.91 220.00   8.61
20070208 090000  2.9 200.7  2.41 12.42 222.63  26.05  4  2.31 12.35 218.09  17.67  0.53 17.67 298.15  10.56  0.37 13.52 302.33  11.91  0.17 17.84 220.74   8.34
20070208 120000  1.0 230.5  2.40 11.97 223.55  25.69  4  2.30 11.92 218.97  17.19  0.51 17.68 296.42   9.91  0.41 13.59 304.03  11.50  0.16 17.79 221.98   8.53
20070208 150000  3.1 278.5  2.36 11.69 224.28  25.95  5  2.26 11.67 219.37  16.88  0.48 17.62 295.99  10.02  0.43 13.68 303.33  11.90  0.17 17.34 221.45  10.14  0.16 15.51 305.00   0.00
20070208 180000  4.8 247.5  2.26 11.54 225.48  27.12  3  2.15 11.54 219.68  16.96  0.69 17.41 299.65  11.21  0.19 16.77 219.02   8.34
20070208 210000  5.0 222.9  2.13 11.27 226.82  28.61  3  2.00 11.27 219.65  16.86  0.72 16.69 299.41  11.09  0.20 16.69 219.66   8.13
20070209 000000  3.4 193.2  2.02 11.09 227.94  29.84  3  1.87 11.08 219.42  16.72  0.73 16.61 298.80  11.07  0.19 16.66 220.94   8.22
20070209 030000  3.6 187.2  1.93 10.95 228.40  30.23  4  1.78 10.94 219.22  16.31  0.67 16.60 296.91  10.44  0.30 12.81 304.57  12.02  0.18 16.52 220.23   8.99
20070209 060000  4.4 199.4  1.89 10.77 227.96  29.98  4  1.74 10.76 218.82  15.83  0.64 16.58 296.51  10.53  0.31 12.82 302.78  12.29  0.20 15.74 218.65   8.75
20070209 090000  5.1 191.1  1.89 10.51 227.14  29.89  4  1.74 10.50 218.13  15.65  0.66 16.52 296.63  10.77  0.24 12.59 304.55  11.41  0.22 15.61 218.15   8.17
20070209 120000  3.0 165.3  1.90 10.35 226.88  30.24  4  1.74 10.34 217.52  15.42  0.72 16.36 297.49  10.95  0.22 15.58 219.21   8.16  0.07 10.26 317.24  10.80
20070209 150000  2.6 225.0  1.90 10.21 227.11  30.76  4  1.73 10.21 217.12  15.05  0.74 15.99 297.36  11.03  0.20 15.55 219.73   8.56  0.08 10.32 317.35  10.15
20070209 180000  7.5 231.3  1.93 10.05 227.61  30.83  3  1.77 10.04 217.78  16.04  0.75 15.70 297.41  11.02  0.20 15.07 218.90   9.38
20070209 210000  8.9 204.9  2.04  9.92 225.70  30.78  3  1.88  9.91 217.11  18.46  0.74 15.62 297.00  11.07  0.22 14.63 217.73   8.95
20070210 000000  4.7 180.9  1.99  9.82 224.69  31.45  3  1.84  9.81 216.06  19.57  0.72 15.57 296.67  11.10  0.24 14.58 217.32   8.88
20070210 030000  6.3 187.0  1.87  9.72 224.81  32.24  3  1.72  9.70 215.36  19.56  0.70 15.51 296.46  11.14  0.22 14.58 218.28   8.88
20070210 060000  7.0 188.0  1.77 15.38 224.91  33.26  3  1.61  9.56 214.44  19.66  0.69 15.43 296.38  11.17  0.21 14.48 218.43   9.78
20070210 090000  5.3 194.2  1.67 15.30 226.09  34.14  4  1.50  9.39 214.09  19.45  0.69 15.34 296.25  11.31  0.21 13.95 217.58   9.96  0.15 10.30 259.34   5.23
20070210 120000  1.8 237.3  1.58 15.19 228.12  34.30  4  1.40  9.29 215.24  19.05  0.67 15.24 296.10  11.43  0.23 13.69 216.78   9.95  0.16  9.97 259.50   5.84
20070210 150000  3.0 254.3  1.52 15.01 229.38  33.92  4  1.34  9.42 216.20  18.27  0.66 15.08 295.95  11.60  0.25 13.64 216.34   9.80  0.17  9.83 259.95   5.32
20070210 180000  4.6 252.2  1.50 14.71 230.08  33.40  4  1.32  9.42 217.36  18.62  0.64 14.83 295.74  11.78  0.26 13.59 216.58  12.04  0.19  9.80 259.90   5.25
20070210 210000  3.8 246.8  1.48 14.58 230.07  33.08  4  1.30  9.40 217.32  18.34  0.62 14.68 295.80  11.67  0.26 13.54 222.00  16.57  0.21  9.75 259.40   5.11
20070211 000000  3.3   7.1  1.44 14.50 230.17  33.13  5  1.25  9.37 216.82  17.82  0.61 14.59 295.90  11.61  0.24 12.94 213.60  10.40  0.23  9.52 259.08   5.02  0.17 13.26 249.85   8.34
20070211 030000  2.4 284.8  1.40 14.46 230.71  33.34  5  1.20  9.32 216.30  17.33  0.60 14.53 295.77  11.84  0.26 12.77 214.33  10.84  0.23  9.42 259.54   5.53  0.23 12.69 249.70   7.03
20070211 060000  0.4 122.2  1.36 14.43 231.45  33.55  6  1.13  9.36 215.99  17.16  0.59 14.49 295.53  12.07  0.29 12.67 213.10  10.14  0.29 12.17 251.28   6.04  0.21  9.38 260.04   5.64  0.05 19.16 213.94   8.14
20070211 090000  0.4 197.0  1.32 14.40 232.11  33.63  6  1.07  9.40 215.41  16.98  0.57 14.46 295.33  12.20  0.35 11.94 248.17   8.80  0.27 12.69 212.02  10.43  0.22  9.37 259.88   5.61  0.06 19.02 214.28   8.05
20070211 120000  1.4 334.7  1.27 14.36 232.44  33.58  5  1.02  9.33 214.74  16.84  0.55 14.44 295.34  12.09  0.45 11.71 251.58   9.05  0.28 12.33 213.53  10.62  0.08 18.74 214.25   7.90
20070211 150000  3.3 285.6  1.24 14.30 233.44  33.95  5  0.97  9.40 215.18  19.64  0.53 14.37 294.94  12.52  0.47 11.21 251.03   8.42  0.30 12.12 214.30  11.36  0.09 18.00 214.36   8.04
20070211 180000  4.0 247.5  1.20 14.21 233.62  33.86  5  0.97  9.38 215.03  18.69  0.51 14.28 295.04  12.65  0.46 10.93 251.40   8.07  0.11 17.83 214.96   8.67  0.05 21.88 211.93   7.39
20070211 210000  5.0 232.9  1.18 14.06 234.07  33.82  6  0.94  9.37 214.98  19.05  0.50 14.13 295.41  12.70  0.47 10.72 250.84   8.30  0.13 12.68 227.66   5.94  0.13 17.69 214.97   8.17  0.06 21.80 211.98   6.78
20070212 000000  5.2 186.9  1.17 13.84 233.20  34.36  7  0.91  9.33 213.45  19.37  0.50 13.97 295.91  12.49  0.47 10.39 250.39   9.15  0.19 12.70 222.80   8.12  0.15 17.08 215.17   8.29  0.07 21.59 212.20   7.06  0.06 18.75 247.69   7.26
20070212 030000  6.7 185.2  1.17 13.78 230.26  35.64  7  0.47  3.00 207.99  35.96  0.82  9.11 211.57  12.54  0.49 13.88 295.74  12.61  0.45 10.14 251.07   7.99  0.18 16.74 216.76   9.33  0.10 20.55 211.50   6.49  0.09 17.91 250.01   5.53
20070212 060000  7.3 186.8  1.18 13.76 228.00  36.17  8  0.56  3.31 204.61  34.14  0.71  9.06 209.81  11.60  0.47 13.83 295.76  12.63  0.43  9.91 250.92   8.05  0.29 11.83 217.73  11.27  0.20 16.63 216.95   8.94  0.15 17.65 247.96   7.45  0.12 20.40 212.05   6.62
20070212 090000  7.9 191.2  1.23 13.75 225.65  35.68  7  0.98  9.03 207.78  24.26  0.46 13.78 295.72  12.71  0.42  9.68 250.17   9.12  0.23 11.90 219.94   9.35  0.22 16.56 218.06   9.41  0.21 16.76 247.73   7.48  0.14 20.31 213.35   7.41
20070212 120000  6.4 193.6  1.26 16.21 225.08  35.35  8  0.80  4.24 208.16  31.57  0.63  9.00 208.42   9.86  0.44 13.74 295.74  12.78  0.39  9.57 250.85   8.09  0.29 16.60 247.75   7.95  0.25 15.73 218.53   9.15  0.20 11.87 222.54   7.10  0.16 19.55 212.51   7.14
20070212 150000  6.7 211.2  1.25 15.61 228.47  34.07  8  0.75  4.43 213.07  31.01  0.56  8.99 207.96  10.22  0.44 13.71 295.98  12.99  0.37 15.72 248.20   7.56  0.37  9.46 251.23   8.00  0.30 11.35 216.64  10.45  0.30 15.69 220.03   9.37  0.20 19.10 211.89   6.61
20070212 180000  8.4 225.9  1.35 15.45 230.83  31.54  7  1.02  4.35 216.28  24.89  0.49 15.48 248.75   8.77  0.43 13.63 297.45  12.80  0.36  9.15 250.73   8.58  0.31 15.57 219.45   8.49  0.26 11.21 219.27   9.72  0.22 18.98 214.66   8.85
20070212 210000  8.5 215.8  1.47 14.95 231.21  30.74  7  1.12  4.67 217.97  26.01  0.69 15.04 241.63  14.94  0.42 13.61 298.06  12.81  0.35  9.07 247.48  10.57  0.23 11.16 219.16   9.68  0.20 18.93 212.75   7.03  0.08 17.88 295.21   8.81
20070213 000000  5.3 196.7  1.51 14.54 231.09  31.05  9  1.03  4.99 217.54  29.04  0.81 14.58 242.38  14.66  0.42  8.66 208.27  10.46  0.41 13.64 297.34  12.32  0.31  8.91 250.57   8.41  0.26 10.84 217.39   9.85  0.23 18.00 212.63   7.35  0.09 17.79 296.16   7.76  0.06 11.18 334.51   2.57
20070213 030000  5.6 194.4  1.48 14.34 233.12  30.47  9  0.91  5.15 216.58  29.62  0.78 14.38 251.43   9.80  0.48 14.35 223.35   9.31  0.38  8.46 205.82   7.60  0.37 13.58 301.71  11.92  0.31  8.83 248.50   9.76  0.26 17.83 212.52   7.08  0.25 10.59 218.79  10.09  0.10 17.75 295.94   7.37
20070213 060000  5.7 196.9  1.45 13.90 235.48  29.60  9  0.80  5.16 216.16  29.62  0.92 13.73 248.51  11.24  0.38  8.35 205.52   7.99  0.37 13.62 301.77  12.21  0.36 14.47 216.81   7.06  0.29  8.62 248.43   9.93  0.28 17.76 214.09   7.82  0.23 10.48 220.24  11.06  0.09 17.79 295.56   8.31
20070213 090000  5.7 190.2  1.44 13.58 237.53  29.17  8  0.79  5.09 212.53  27.51  1.04 13.58 244.92  14.90  0.37 13.63 300.26  10.30  0.29  8.45 248.23  10.96  0.28 17.64 214.64   7.80  0.23 10.27 217.47   9.42  0.09 10.60 330.35   8.65  0.05 23.27 298.35  10.00
20070213 120000  5.2 185.2  1.43 13.41 239.53  28.67  9  0.64  4.93 214.89  31.12  1.08 13.40 245.09  14.77  0.36 13.50 302.64  13.08  0.31  7.76 205.57   8.66  0.29 16.88 214.26   8.05  0.27  8.34 248.88  10.48  0.25 10.17 216.95  11.14  0.15 16.73 296.09   7.83  0.06 23.09 298.57   9.91
20070213 150000  4.8 211.8  1.41 13.24 241.59  27.78  9  0.63  4.71 214.61  28.39  1.02 12.93 249.57  11.40  0.40 13.60 219.01   8.27  0.36 13.61 304.22  12.70  0.34 16.67 215.07   9.13  0.26  8.20 250.03   9.85  0.22  9.96 216.99  10.75  0.16 16.67 294.75   9.21  0.07 22.25 298.66   9.79
20070213 180000  7.4 221.8  1.45 12.91 241.50  27.38  8  0.71  3.99 219.39  27.03  1.04 12.70 248.79  12.69  0.39 13.56 218.46   8.81  0.36 16.65 215.86   8.97  0.35 13.62 304.62  12.93  0.25  7.94 250.33  10.03  0.18 16.60 294.74   8.81  0.09 21.90 298.60   9.80
20070213 210000  8.8 214.4  1.58 12.67 238.26  28.42  7  0.98  4.27 222.42  27.70  1.10 12.64 245.27  15.81  0.40 16.56 217.55  10.19  0.33 13.61 301.55   9.31  0.17 16.60 293.86   9.28  0.12 11.08 331.09   6.12  0.10 21.81 298.57  10.03
20070214 000000  5.4 194.4  1.58 12.56 237.39  29.59 10  0.80  4.44 208.33  27.52  0.99 12.44 249.13  12.24  0.48  4.90 250.78  13.43  0.46 16.22 220.62  11.33  0.41 12.83 217.80   6.81  0.39 13.41 298.44  10.87  0.20  6.75 204.70   9.13  0.20  7.77 247.40   8.05  0.12 10.96 331.33   6.28  0.11 21.75 298.64  10.20
20070214 030000  6.2 192.5  1.52 12.43 238.13  29.53  9  0.84  4.84 218.91  31.15  0.94 12.26 250.61  11.72  0.52 15.76 221.64  11.36  0.47 12.65 219.02   6.82  0.27 15.55 298.68  10.19  0.26 12.99 300.13  10.00  0.23  7.75 247.21  11.01  0.12 21.60 298.82  10.28  0.12 10.92 331.25   6.22
20070214 060000  6.9 186.7  1.52 12.06 236.75  30.09 10  0.74  4.76 207.09  28.67  0.87 11.84 251.12  11.46  0.64 15.60 224.28  11.06  0.50 12.56 219.55   8.35  0.36  5.33 254.24  12.84  0.28 15.54 295.70   9.20  0.27 13.01 301.44  10.38  0.20  7.39 248.11   8.75  0.15 20.85 298.80   9.98  0.12 10.86 330.62   6.84
20070214 090000  6.4 182.2  1.57 15.45 234.77  30.27  9  0.86  5.04 215.50  32.00  0.81 11.80 252.61  11.89  0.77 15.45 225.07  11.10  0.52 12.39 221.27   8.52  0.27 15.47 296.20   8.85  0.26 13.31 303.72   9.13  0.17 20.47 298.56  10.01  0.13  7.40 248.58   7.37  0.12 10.65 330.92   6.67
20070214 120000  7.7 183.3  1.68 15.25 231.54  29.83  7  0.98  5.35 213.74  30.59  1.07 15.21 225.10  10.42  0.72 11.69 254.50  10.84  0.28 15.38 297.12   9.47  0.25 13.28 302.88   8.77  0.19 20.39 298.50  10.26  0.12 10.40 330.93   6.66
20070214 150000  8.2 203.6  1.85 14.72 228.67  28.22  6  1.13  5.58 213.29  28.34  1.26 14.67 226.62  10.69  0.58 11.26 257.10   8.40  0.39 15.30 298.36  10.06  0.20 20.34 298.67  10.61  0.12 10.32 331.16   6.17
20070214 180000 11.2 210.1  2.21 14.44 225.95  25.77  6  1.54  5.67 215.86  25.09  1.47 14.42 228.23  12.09  0.41 11.40 261.01   7.70  0.39 15.12 298.65  10.14  0.21 20.22 298.98  10.40  0.11 10.22 330.81   6.99
20070214 210000 11.1 203.7  2.54 14.23 224.39  25.68  5  1.90  6.31 217.01  26.14  1.62 14.19 229.01  13.27  0.39 14.61 298.64   9.96  0.23 19.63 298.85  10.11  0.11 10.17 330.56   7.34
20070215 000000  7.7 197.4  2.62 13.87 224.77  25.85  5  1.91  6.77 217.74  27.54  1.72 13.75 228.15  12.35  0.39 14.46 298.55   9.75  0.27 19.14 298.58  10.02  0.10 10.07 331.42   5.49
20070215 030000  8.0 198.5  2.53 13.63 226.40  25.08  5  1.68  6.95 217.91  27.42  1.83 13.56 228.69  12.49  0.39 14.39 298.07  10.40  0.31 19.05 298.54  10.22  0.10  9.84 331.24   5.87
20070215 060000  7.9 195.8  2.42 13.52 227.41  24.48  5  1.44  6.90 217.18  27.65  1.87 13.45 228.84  12.38  0.38 14.35 297.62  10.66  0.32 19.01 298.65  10.58  0.10  9.74 331.36   5.56
20070215 090000  7.6 197.5  2.30 13.48 228.34  24.06  4  2.24 13.38 225.54  19.40  0.37 14.31 298.24   9.98  0.32 18.94 298.93  10.60  0.09  9.69 331.53   5.57
20070215 120000  7.1 194.0  2.20 13.45 229.04  23.95  4  2.14 13.38 225.92  18.70  0.36 14.24 298.00  10.26  0.34 18.69 298.85  10.47  0.09  9.65 331.04   6.47
20070215 150000  7.3 206.5  2.17 13.35 229.17  24.03  5  2.10 13.31 225.64  18.05  0.37 14.10 297.40  11.12  0.37 17.99 299.02  10.15  0.09  9.59 331.20   6.03  0.07 21.95 290.15  10.32
20070215 180000  7.9 222.3  2.21 13.25 229.34  23.76  4  2.14 13.23 225.57  17.17  0.41 17.83 298.67  10.46  0.37 13.65 299.61  12.42  0.09 21.84 289.29  11.91
20070215 210000  6.0 213.5  2.21 13.14 229.40  23.70  4  2.14 13.11 225.39  16.48  0.43 17.77 299.02  10.35  0.37 13.48 299.75  12.18  0.10 21.84 290.52  12.12
20070216 000000  4.3 213.9  2.22 12.84 229.05  23.45  4  2.14 12.77 224.95  15.74  0.45 17.72 299.28  10.51  0.36 13.42 299.94  11.77  0.11 21.80 291.66  12.27
20070216 030000  0.9 219.0  2.23 12.64 228.89  23.12  4  2.15 12.59 224.78  15.11  0.47 17.63 298.99  10.72  0.35 13.38 299.92  11.83  0.05 19.22 215.80   7.24
20070216 060000  3.3 336.5  2.24 12.52 228.90  23.12  5  2.16 12.49 224.74  14.98  0.47 17.39 299.34  10.35  0.34 13.35 300.20  11.70  0.14 20.77 292.82  12.30  0.06 19.16 213.68   6.19
20070216 090000  6.6 336.7  2.26 12.43 230.45  26.59  4  2.17 12.40 226.07  20.37  0.48 16.85 299.31  10.34  0.33 13.31 300.08  11.78  0.17 20.55 292.80  11.88
20070216 120000  3.9 286.7  2.31 12.32 232.24  28.75  5  2.22 12.28 227.83  23.66  0.49 16.68 299.10  10.42  0.33 13.27 300.25  11.78  0.19 20.50 293.25  11.94  0.11 18.15 215.95   7.59
20070216 150000  8.5 194.7  2.35 12.14 228.41  27.15  5  2.27 12.08 224.09  20.97  0.50 16.60 299.15  10.55  0.32 13.19 300.24  11.40  0.21 20.44 293.78  12.08  0.11 18.00 214.16   7.14
20070216 180000  7.9 174.9  2.40 12.01 225.12  27.71  5  2.31 11.97 220.83  21.36  0.50 16.54 299.03  10.78  0.30 12.92 300.35  11.22  0.23 20.30 294.97  12.61  0.14 17.83 216.09   8.43
20070216 210000  9.0 198.0  2.35 11.92 224.65  27.45  5  2.26 11.88 220.09  20.35  0.51 16.47 299.08  10.81  0.29 12.70 300.74  11.08  0.26 20.05 295.46  12.52  0.16 17.68 216.21   7.42
20070217 000000 11.5 193.5  2.49 11.88 222.04  28.15  4  2.40 11.85 217.74  21.50  0.51 16.37 299.41  10.69  0.29 19.57 295.07  12.11  0.26 12.61 300.72  11.42
20070217 030000 12.2 194.0  2.61 11.89 220.51  28.55  5  2.52 11.85 216.49  22.57  0.52 16.24 299.33  10.69  0.32 19.27 294.63  11.86  0.24 12.52 300.84  11.49  0.22 16.71 220.04   5.69
20070217 060000 10.8 188.4  2.66 11.93 219.31  29.22  6  1.87  6.43 212.60  29.82  1.77 11.89 218.18  13.05  0.50 15.90 299.14  10.68  0.35 19.15 294.81  12.02  0.23 12.52 300.96  10.98  0.23 16.66 220.34   5.72
20070217 090000  9.0 174.3  2.59 11.94 219.01  29.68  5  1.80  7.01 212.20  30.34  1.75 11.90 217.34  12.66  0.49 15.64 298.98  10.78  0.37 19.05 295.61  12.52  0.23 12.52 300.71  11.13
20070217 120000  6.4 177.8  2.46 11.89 219.96  29.73  6  1.67  7.21 213.51  29.56  1.64 11.86 216.52  12.66  0.47 15.51 299.04  10.88  0.41 18.95 296.70  12.20  0.33 15.58 222.27   6.87  0.22 12.52 300.90  10.77
20070217 150000  7.9 196.7  2.32 11.80 221.24  29.61  6  1.43  7.15 212.22  28.71  1.66 11.78 217.95  13.72  0.46 15.43 298.66  11.02  0.45 18.79 296.90  12.11  0.34 15.59 220.44   6.46  0.21 12.51 301.66  10.64
20070217 180000 10.9 212.9  2.40 11.68 221.35  28.76  5  2.26 11.66 216.06  20.80  0.51 15.39 299.21  11.19  0.47 18.46 296.09  11.88  0.42 15.36 216.60   8.19  0.06 20.21 233.94   8.19
20070217 210000 11.7 209.0  2.63 11.52 221.51  28.54  5  2.49 11.50 216.77  21.86  0.51 15.36 299.01  11.34  0.49 17.95 295.95  11.97  0.45 14.77 220.66   8.45  0.09 19.49 233.68   8.37
20070218 000000  9.1 203.9  2.61 11.27 221.93  30.05  7  2.02  6.96 216.52  27.03  1.40 11.24 216.84  11.48  0.54 17.79 296.44  11.75  0.48 15.32 298.94  11.47  0.47 14.58 218.57   9.57  0.16 11.89 301.77  11.22  0.11 19.19 231.89   8.61
20070218 030000  8.8 193.5  2.48 17.73 222.49  31.47  7  1.88  7.11 215.50  27.41  1.35 11.08 216.71  11.23  0.60 17.73 297.37  11.68  0.47 15.27 299.11  11.29  0.44 14.55 218.03   8.98  0.16 18.60 232.45   9.90  0.15 11.78 302.06  11.47
20070218 060000  5.1 183.7  2.31 17.68 224.27  32.13  6  1.67  7.20 215.90  27.09  1.28 10.98 217.46  11.36  0.77 17.68 298.10  11.75  0.50 14.31 216.40   8.74  0.19 18.00 229.49   9.22  0.15 11.77 302.79  10.84
20070218 090000  3.6 178.9  2.13 17.59 226.52  31.85  7  1.45  7.30 217.68  26.02  1.18 10.89 217.80  12.10  0.64 17.60 297.05  12.36  0.62 13.54 218.25   8.06  0.40 14.58 299.81  10.63  0.28 17.51 228.03   9.83  0.15 11.76 303.26  10.55
20070218 120000  5.5 179.2  2.01 17.26 227.91  31.43  7  1.30  7.51 218.85  25.19  1.19 10.77 218.67  11.61  0.62 17.35 296.61  12.39  0.51 13.64 218.03   9.77  0.39 14.43 300.88  10.34  0.34 16.83 226.35  10.30  0.13 11.68 299.71   9.82
20070218 150000  5.1 210.7  1.94 16.69 229.24  31.26  5  1.67 10.59 219.49  18.95  0.62 16.76 296.76  12.40  0.47 16.43 225.06  11.17  0.42 13.57 215.98   7.58  0.41 14.39 300.21   9.91
20070218 180000  9.0 221.5  2.02 16.53 229.91  31.42  5  1.67 10.47 220.23  19.55  0.66 16.60 297.67  11.76  0.58 13.06 216.53   9.10  0.56 15.77 223.20  11.73  0.42 14.38 298.86  11.29
20070218 210000  9.2 208.0  2.21 16.47 228.31  31.87  4  1.83 10.46 218.88  21.24  0.83 16.55 298.20  11.61  0.66 15.62 219.74  12.27  0.63 12.80 219.68   8.68
20070219 000000  8.1 197.8  2.30 16.46 227.01  32.32  5  1.67  7.31 217.71  24.67  1.01 10.55 218.78   9.80  0.85 16.52 298.13  11.69  0.71 14.94 222.68  11.17  0.47 17.78 206.43   6.09
20070219 030000  8.0 198.5  2.32 16.45 225.78  31.96  5  1.66  7.33 217.23  24.90  0.95 14.53 220.54  10.43  0.84 16.47 298.02  11.80  0.81 10.73 218.01  10.17  0.61 17.02 207.32   7.01
20070219 060000  7.5 197.0  2.31 16.31 224.96  31.05  4  1.59  7.40 217.58  24.80  1.07 13.24 220.34  10.71  0.99 14.88 211.95   9.70  0.80 16.35 297.89  12.04
20070219 090000  6.1 190.0  2.25 15.70 224.76  30.49  4  1.65  7.47 219.03  22.70  1.20 15.53 210.76   8.07  0.78 15.82 297.90  12.11  0.55 13.53 230.82   6.54
20070219 120000  3.0 184.0  2.17 15.45 225.52  30.58  4  1.41  7.48 219.91  23.46  1.16 13.06 219.28  10.96  0.90 15.25 208.28   8.09  0.77 15.54 298.08  11.95
20070219 150000  5.7 229.1  2.10 15.36 226.74  31.07  3  1.47 12.90 214.72  11.39  1.27  7.47 221.84  22.97  0.78 15.47 298.09  11.84
20070219 180000  7.7 228.3  2.07 15.31 227.83  31.44  3  1.32  7.46 222.29  22.27  1.38 12.76 214.82  11.70  0.79 15.43 297.88  11.78
20070219 210000  6.9 213.1  2.02 15.23 228.31  32.26  3  1.29  7.38 222.22  23.61  1.34 14.21 214.69  11.69  0.79 15.40 297.62  11.88
20070220 000000  4.9 202.7  1.95 15.07 228.83  33.10  3  1.28 14.20 214.84  11.75  1.25  7.13 221.32  24.20  0.79 15.35 297.55  11.92
20070220 030000  4.7 192.3  1.86 14.66 229.91  33.85  3  1.21 14.16 215.21  11.92  1.18  6.93 221.00  24.15  0.79 15.24 297.54  12.08
20070220 060000  4.6 198.2  1.77 14.46 230.93  34.35  5  1.13 13.56 215.39  12.11  1.09  6.78 220.91  24.00  0.76 14.95 297.58  12.22  0.23 17.22 221.87   9.66  0.09 17.83 298.18  11.09
20070220 090000  3.5 196.7  1.68 14.22 231.59  34.49  5  1.11 13.44 215.62  12.08  0.99  6.59 221.43  24.29  0.74 14.61 297.57  12.27  0.24 17.53 224.48   8.37  0.10 17.75 300.03  12.52
20070220 120000  2.5 222.2  1.60 14.02 232.11  34.31  5  1.06 13.41 215.66  11.94  0.93  6.56 222.17  23.85  0.71 14.49 297.46  12.53  0.28 17.00 225.97   8.40  0.10 17.73 299.62  12.61
20070220 150000  3.6 266.5  1.57 14.07 232.50  33.86  5  1.36 13.26 218.98  18.06  0.69 14.43 297.55  12.49  0.25 16.56 222.29   8.75  0.20 19.01 228.64   7.64  0.09 17.75 298.47  11.95
20070220 180000  5.5 267.7  1.60 14.18 232.85  33.14  6  1.04  7.84 224.35  22.18  0.93 12.69 215.82  12.11  0.68 14.38 297.65  12.45  0.28 16.32 222.37   9.40  0.22 18.86 227.60   8.49  0.08 17.77 298.77  12.34
20070220 210000  5.3 253.3  1.65 14.26 232.67  32.48  6  1.18  8.01 224.32  21.50  0.84 12.59 214.98  11.31  0.67 14.34 297.74  12.37  0.30 18.03 228.36   7.99  0.25 15.70 223.60   8.69  0.12 16.87 298.09  10.95
20070221 000000  0.9 296.6  1.66 14.29 232.20  31.98  6  1.17  8.03 223.65  20.90  0.86 12.50 215.74  11.40  0.67 14.30 297.71  12.29  0.30 17.90 227.81   9.46  0.28 15.70 226.25   7.45  0.14 16.70 298.47   9.93
20070221 030000  2.2 248.4  1.65 14.30 232.14  31.51  6  1.16  8.08 223.67  20.34  0.84 12.07 216.04  11.54  0.65 14.24 297.40  12.63  0.38 17.61 227.39   9.48  0.27 15.25 224.25   7.76  0.16 16.62 298.18  11.46
20070221 060000  3.1 240.5  1.63 14.28 232.06  30.90  6  1.19  9.22 223.24  19.74  0.77 11.80 216.97  11.61  0.63 14.15 297.32  12.49  0.46 17.30 226.69   9.27  0.17 16.61 298.50  11.57  0.16 14.49 225.00   0.00
20070221 090000  1.9 268.9  1.62 11.80 231.76  30.24  6  1.12  9.36 223.78  19.87  0.83 11.72 217.28  12.07  0.61 13.92 297.31  12.53  0.40 16.81 227.98   9.29  0.34 14.69 226.61   7.68  0.15 16.60 298.07  12.38
20070221 120000  2.3 272.4  1.60 13.88 231.39  29.67  6  1.37 11.61 221.61  17.71  0.58 13.67 297.67  12.44  0.42 14.65 225.55   9.78  0.37 16.74 229.05   7.94  0.14 16.58 298.35  11.94  0.05 19.03 304.44   9.72
20070221 150000  3.1 222.8  1.58 13.64 230.89  29.23  5  1.34 11.09 221.35  17.72  0.58 13.54 297.98  12.58  0.43 14.17 225.53   8.58  0.43 16.40 228.79   8.13  0.05 19.02 305.08   9.67
20070221 180000  6.9 224.4  1.62 13.54 230.21  28.62  8  1.18  9.42 222.22  19.79  0.74 11.08 219.30  10.96  0.55 15.45 229.10   8.70  0.54 13.46 297.99  12.65  0.20 13.54 225.00   0.03  0.16 15.69 302.39   7.19  0.06 18.84 305.20   7.93  0.05 24.95 297.01  10.31
20070221 210000  8.7 213.6  1.74 13.48 228.49  28.35  7  1.34  9.38 221.50  21.62  0.70 11.01 219.51  11.73  0.51 13.41 298.48  12.27  0.47 13.69 227.10   8.79  0.45 15.61 227.70   8.87  0.21 15.58 299.72  10.52  0.06 24.91 297.12  10.51
20070222 000000  8.5 202.6  1.78 13.44 226.12  28.80  7  1.42  9.33 218.28  22.89  0.67 10.96 220.81  11.08  0.52 13.60 228.47   8.17  0.49 13.38 298.70  12.30  0.41 15.57 227.57   9.18  0.23 15.54 298.06  11.50  0.06 24.76 297.24  10.15
20070222 030000  9.4 189.4  1.84 13.43 222.73  29.81  7  1.46  8.84 214.66  25.13  0.70 13.76 227.60   8.89  0.69 10.59 218.18  12.07  0.47 13.35 298.55  12.17  0.21 15.53 296.85  11.72  0.09 17.75 307.19   8.23  0.08 23.69 296.78   9.94
20070222 060000  9.2 185.1  1.87 13.43 220.87  30.59  7  1.51  8.78 212.10  26.40  0.72 14.22 227.53   8.99  0.64 10.41 220.24  11.37  0.46 13.31 298.30  12.27  0.20 15.51 297.28  12.25  0.10 23.37 296.21  10.31  0.10 17.75 305.32  10.04
20070222 090000  8.4 182.7  1.84 13.29 220.43  31.06  7  1.50  8.68 211.35  27.06  0.75 14.21 227.19   9.36  0.57 10.31 221.16  11.15  0.44 13.26 298.03  12.45  0.20 15.49 298.00  12.42  0.12 23.31 296.12  10.86  0.08 17.79 306.67   8.23
20070222 120000  7.1 184.6  1.73 13.08 222.31  31.07  7  1.36  6.35 213.22  27.40  0.73 13.00 227.14   9.62  0.59 10.18 218.66  11.55  0.46 13.18 297.32  12.66  0.15 15.62 303.23   9.15  0.12 23.29 296.60  11.11  0.07 17.81 310.80   6.01
20070222 150000  7.2 203.3  1.63 13.05 224.37  30.81  5  1.22  6.40 214.78  27.04  0.73 13.15 226.31  10.22  0.60 10.16 219.84  11.59  0.48 12.92 298.17  12.50  0.14 23.08 296.84  10.36
20070222 180000 10.5 213.5  1.75 13.07 224.09  29.36  6  1.67 13.30 218.95  22.15  0.43 12.74 297.47  13.13  0.20 15.64 213.39   5.21  0.18 21.98 295.93   9.91  0.16 14.53 298.23   6.67  0.13 16.67 306.22   8.56
20070222 210000 11.4 207.0  2.09 12.99 220.83  28.79  6  1.85  6.00 215.85  24.88  0.83 13.37 222.82  12.04  0.35 12.58 297.82  12.63  0.25 14.49 297.14  11.37  0.22 21.82 295.21  10.49  0.15 16.60 307.07   8.36
20070223 000000  9.8 197.3  2.17 12.84 217.95  29.40  6  1.87  6.46 213.08  26.85  1.00 13.34 219.56  12.59  0.33 12.53 299.21  11.94  0.25 14.50 296.11  12.69  0.24 21.78 295.11  11.37  0.15 16.63 304.25  10.14
20070223 030000 10.0 190.8  2.12 12.74 216.06  29.36  6  1.79  6.58 211.11  27.22  1.04 12.99 217.56  12.49  0.31 12.50 298.88  12.08  0.24 14.50 295.94  12.39  0.22 21.77 295.71  11.97  0.14 16.60 308.14   8.37
20070223 060000 10.1 188.9  2.10 12.69 214.93  28.99  6  1.72  6.50 209.40  27.11  1.10 12.78 217.10  12.06  0.31 12.46 298.62  12.18  0.24 14.55 297.23  12.68  0.23 21.59 296.35  11.31  0.10 16.69 311.86   6.45
20070223 090000  9.1 183.2  2.05 12.60 215.75  29.67  5  1.63  6.48 209.39  27.53  1.13 12.64 216.75  11.66  0.30 20.51 295.72   9.88  0.30 12.42 298.27  12.33  0.26 14.62 300.28  12.85
20070223 120000  8.0 187.0  1.97 12.44 218.68  30.32  6  1.50  6.54 211.47  27.32  1.14 12.44 217.01  11.31  0.38 20.38 294.98  10.29  0.31 12.44 297.78  12.47  0.25 14.97 301.36  12.83  0.05 20.51 218.23   7.88
20070223 150000  8.0 203.5  1.89 12.33 221.09  30.14  6  1.42  6.60 213.96  26.34  1.11 12.32 217.45  11.16  0.39 20.36 294.63  11.30  0.35 12.42 297.73  12.64  0.20 15.55 304.54  10.51  0.07 20.35 218.93   7.79
20070223 180000 10.7 213.5  2.00 12.32 221.67  28.20  7  1.82 10.93 216.41  22.18  0.64 12.50 222.42   8.87  0.36 20.35 294.80  12.25  0.26 13.64 295.82  12.23  0.24 11.82 298.55  12.71  0.19 15.55 307.21   8.59  0.09 19.97 219.42   7.94
20070223 210000 10.9 209.1  2.17 12.29 220.97  27.61  7  2.00  6.43 217.10  23.30  0.67 12.33 221.41  10.59  0.32 20.28 295.65  12.37  0.26 13.62 294.39  12.56  0.23 11.80 300.88  11.59  0.18 15.57 307.72   8.64  0.13 19.23 219.36   7.79
20070224 000000  8.9 190.0  2.27  6.86 219.76  29.08  8  1.99  6.86 215.55  26.20  0.70 12.08 221.31   9.70  0.63 10.22 216.25  10.77  0.38 19.32 295.85  10.62  0.24 11.89 299.09  11.61  0.23 13.65 295.18  13.71  0.18 15.54 308.37   8.31  0.15 19.07 219.85   7.86
20070224 030000  9.2 190.6  2.22 19.04 220.50  30.75  7  1.95  7.22 214.96  26.34  0.70 11.84 222.68   9.77  0.51  9.91 211.83   8.10  0.49 19.06 295.47  10.27  0.28 13.76 300.43  13.60  0.22 11.80 300.05  11.34  0.19 18.71 220.01   7.90
20070224 060000  9.7 186.9  2.17 18.99 220.93  31.77  7  1.87  7.36 214.12  26.44  0.67 10.27 217.61  11.12  0.55 11.94 221.47  10.59  0.54 19.03 295.07  10.98  0.28 13.96 301.87  13.00  0.24 18.00 220.43   7.90  0.22 11.80 298.42  13.47
20070224 090000  9.4 188.1  2.14 18.97 220.61  31.73  6  1.83  7.34 213.64  26.61  0.65  9.94 219.93  11.28  0.58 11.85 219.33  10.56  0.53 19.02 294.85  11.78  0.35 14.22 301.42  12.99  0.28 17.83 220.48   8.06
20070224 120000  7.9 185.0  2.09 18.94 220.85  30.65  5  1.87  7.34 215.27  25.56  0.66 11.69 220.27  10.53  0.46 19.01 295.09  12.67  0.34 14.32 301.34  13.53  0.33 17.51 220.44   8.22
20070224 150000  7.3 211.4  1.98 18.76 223.34  29.39  5  1.73  7.35 218.49  24.48  0.69 11.62 218.52  10.92  0.42 18.89 295.69  12.49  0.37 16.84 220.99   7.96  0.34 14.36 301.98  13.25
20070224 180000  9.5 218.6  1.99 17.77 225.76  29.21  5  1.70  7.24 220.96  23.54  0.74 11.50 216.59  10.76  0.48 17.98 295.98  11.10  0.42 16.69 221.24   8.00  0.33 14.36 302.38  13.46
20070224 210000  9.0 210.5  2.12 17.72 226.54  30.17  6  1.79  6.95 220.95  24.17  0.79 11.20 216.75  10.48  0.58 17.81 295.74  10.72  0.46 16.45 221.47   7.79  0.30 14.27 302.57  14.04  0.13 11.01 304.97  12.04
20070225 000000  7.1 188.0  2.22 17.73 225.95  30.89  5  1.88  7.22 219.87  24.99  0.79 11.02 216.74  10.39  0.63 17.78 295.58  11.31  0.53 15.70 220.96   8.04  0.32 13.77 303.08  14.27
20070225 030000  8.9 196.1  2.26 17.73 224.22  30.67  5  1.94  7.54 218.33  24.88  0.75 10.95 215.98  10.16  0.62 17.77 295.37  11.98  0.55 15.61 221.57   8.53  0.31 13.56 304.26  13.84
20070225 060000 10.8 187.3  2.38 17.71 220.52  29.96  5  2.08  7.75 214.99  25.29  0.77 10.75 219.28  11.32  0.59 15.42 220.97   8.58  0.57 17.76 295.78  12.81  0.30 13.52 304.50  13.60
20070225 090000  8.1 185.1  2.44  8.00 220.39  28.93  5  2.13  8.00 215.73  25.45  0.81 10.50 219.86  10.37  0.65 14.71 220.36   8.67  0.52 17.70 296.17  12.93  0.30 13.50 304.22  14.58
20070225 120000  6.5 192.4  2.40  8.35 222.58  28.18  4  2.22  8.35 218.56  23.18  0.69 14.55 219.97   8.86  0.52 17.25 296.62  12.23  0.30 13.50 305.70  13.75
20070225 150000  8.3 211.2  2.35  8.49 224.60  28.15  4  2.14  8.49 219.94  22.21  0.72 14.47 220.29   9.02  0.57 16.72 296.69  11.67  0.30 13.47 305.86  14.44
20070225 180000 10.3 209.2  2.46 16.57 224.57  28.01  4  2.20  8.45 219.96  22.19  0.85 14.07 219.43   9.03  0.61 16.65 296.42  11.65  0.29 13.46 306.98  14.06
20070225 210000 10.5 207.6  2.70 16.55 223.35  27.46  4  2.42  8.12 219.37  22.86  0.98 13.54 219.87   9.21  0.61 16.63 295.90  12.13  0.29 13.39 308.14  13.90
20070226 000000  6.7 200.4  2.78 16.54 223.16  27.26  5  2.36  8.21 219.66  24.50  1.12 13.38 219.01  10.75  0.69 10.65 221.18   4.86  0.60 16.62 295.69  12.44  0.28 13.13 308.85  14.45
20070226 030000  6.6 196.5  2.67  8.49 224.02  26.72  3  2.03  8.29 220.17  25.17  1.62  9.99 221.03  12.66  0.64 16.58 298.55  14.07
20070226 060000  5.9 189.0  2.53 12.45 224.99  26.16  3  2.45 12.38 221.33  20.22  0.62 16.50 299.23  14.19  0.12 17.91 237.57   9.49
20070226 090000  5.7 204.7  2.45 12.35 226.05  25.57  3  2.38 10.98 222.37  19.28  0.59 16.28 298.85  12.92  0.13 11.02 324.33  10.78
20070226 120000  2.7 197.7  2.43 10.68 227.02  25.10  4  2.34 10.58 223.27  18.79  0.59 15.81 299.57  12.87  0.21 16.75 236.24  11.69  0.09 10.92 333.55   4.15
20070226 150000  4.0 236.9  2.42 10.56 227.89  24.78  4  2.33 10.48 224.11  18.55  0.59 15.66 298.94  13.43  0.26 16.47 234.61   9.82  0.09 10.62 333.07   4.53
20070226 180000  7.1 214.7  2.43 10.65 228.21  24.61  3  2.33 10.60 224.44  18.51  0.60 15.60 299.58  13.99  0.30 15.82 235.56   9.93
20070226 210000  8.9 205.1  2.47 10.66 227.16  24.84  3  2.37 10.64 223.50  19.07  0.59 15.56 299.47  14.11  0.35 15.55 235.04   9.80
20070227 000000  6.1 190.2  2.48 10.40 226.18  25.19  2  2.41 10.39 222.82  19.48  0.59 15.53 299.64  14.13
20070227 030000  7.9 191.4  2.43 10.20 225.56  25.25  3  2.33 10.19 221.80  19.49  0.58 15.49 299.89  14.15  0.39 14.74 235.43   9.77
20070227 060000  9.4 190.7  2.44 10.10 223.82  25.52  4  2.34 10.09 220.29  20.08  0.55 15.43 300.26  14.12  0.39 14.61 234.77  11.36  0.05 20.75 300.86  11.02
20070227 090000  7.2 185.5  2.43 10.06 223.26  25.34  4  2.31 10.04 219.75  20.48  0.53 14.17 232.57  11.69  0.52 15.35 300.42  14.16  0.06 20.84 298.91  12.91
20070227 120000  4.9 178.9  2.45 10.10 224.03  24.13  4  2.34 10.09 221.09  19.59  0.51 15.21 300.42  14.17  0.35 14.74 221.29  10.21  0.35 13.61 238.33   6.48
20070227 150000  5.6 220.8  2.54 10.34 224.21  22.81  4  2.48 10.33 221.96  18.37  0.49 14.97 299.41  13.87  0.13 19.28 218.30   6.39  0.08  9.99 328.53   7.96
20070227 180000  7.8 214.0  2.65 10.53 223.31  22.24  5  2.59 10.52 221.36  18.14  0.47 14.86 299.62  14.04  0.28 14.49 215.00   0.00  0.11 19.42 301.26  13.70  0.07  9.58 328.94   8.49
20070227 210000  9.9 206.5  2.77 12.37 221.46  22.36  4  2.58 12.31 220.61  19.15  0.86 14.59 211.52   8.18  0.47 14.79 301.01  14.16  0.12 19.52 301.03  13.70
20070228 000000  7.3 185.0  2.90 12.45 219.53  22.66  5  2.30 10.15 218.68  22.16  1.62 12.42 217.81  12.76  0.57 17.18 208.38   7.30  0.45 14.75 301.26  14.36  0.12 19.62 300.53  14.64
20070228 030000  8.0 194.5  3.00 12.52 218.64  22.19  4  2.86 12.47 218.14  19.54  0.80 16.64 206.62   7.49  0.44 14.68 301.26  14.74  0.13 19.65 301.70  14.71
20070228 060000  7.7 193.3  3.07 12.61 218.28  21.56  2  3.04 12.50 217.04  18.69  0.44 14.59 301.63  14.76
20070228 090000  6.9 193.4  3.13 14.29 218.58  20.93  3  3.10 12.12 217.44  18.18  0.40 14.49 301.48  14.71  0.18 19.10 305.58  13.03
20070228 120000  8.2 192.3  3.29 14.16 218.78  20.54  3  3.26 11.89 217.76  18.05  0.39 14.44 301.85  14.75  0.19 18.77 304.50  13.71
20070228 150000  9.6 211.5  3.42 11.81 219.11  20.59  3  3.40 11.79 218.20  18.37  0.37 14.41 303.23  14.00  0.21 18.71 303.76  14.36
20070228 180000 10.9 206.3  3.51 13.49 219.27  21.13  4  2.76 10.13 218.08  21.92  2.13 13.37 218.90  12.98  0.36 14.40 303.85  14.07  0.22 18.73 304.40  15.12
20070228 210000 12.5 202.6  3.59 13.42 218.63  21.99  3  3.57 13.35 217.80  20.07  0.34 14.37 304.28  14.19  0.25 18.73 306.29  14.87
20070301 000000 13.1 197.1  3.73 13.37 216.93  23.05  3  3.71  9.60 216.17  21.34  0.32 14.32 304.60  14.28  0.27 18.66 307.63  13.88
