Date     Time   Uabs UDir  hs    tp    th     sp     np hs(i) tp(i) th(i)  sp(i)
19900901 000000  4.6 188.4  1.97 13.25 215.48  21.16  4  1.48 13.26 210.48  15.11  1.26  8.23 220.52  23.81  0.24 10.43 270.85   5.50  0.10 11.88 311.69   9.92
19900901 030000  5.3 188.3  1.86 13.38 214.62  21.06  4  1.42 13.38 208.94  13.88  1.17  8.20 220.87  24.03  0.24 10.24 270.90   5.68  0.10 11.87 312.21   9.74
19900901 060000  6.1 187.3  1.77 13.35 213.72  21.03  3  1.75 13.35 212.23  18.87  0.29 10.29 268.15   7.72  0.09 11.83 314.20   8.02
19900901 090000  4.5 164.1  1.68 13.24 213.19  21.15  4  1.65 13.25 211.54  18.74  0.28 10.22 268.08   7.42  0.09 11.42 312.30   9.68  0.06 14.49 266.53  15.09
19900901 120000  4.3 198.0  1.60 13.06 213.19  20.84  3  1.57 13.09 211.26  17.95  0.30 10.12 267.78   7.29  0.09 11.33 312.27   9.44
19900901 150000  4.3 236.4  1.53 12.88 213.66  20.77  4  1.49 12.88 211.12  16.97  0.31  9.83 267.78   7.25  0.11 13.75 261.09  14.55  0.09 11.34 311.89   9.58
19900901 180000  5.8 239.6  1.49 12.71 214.95  21.78  4  1.44 12.72 211.59  17.17  0.35  9.78 267.07   7.73  0.12 13.73 262.11  15.72  0.10 11.40 312.15   9.32
19900901 210000  4.7 226.6  1.43 12.53 216.16  23.30  3  1.37 12.55 211.71  17.80  0.41  9.84 266.71   9.41  0.10 11.44 312.80   8.82
19900902 000000  4.6 208.4  1.37 12.34 216.98  24.49  2  1.29 12.36 211.10  17.63  0.46 10.03 268.38  13.90
19900902 030000  1.8 118.6  1.29 12.06 217.84  25.64  4  1.20 12.10 210.46  17.35  0.47  9.95 266.36   9.49  0.10 11.67 314.23   7.61  0.05 16.92 294.77  14.20
19900902 060000  0.6 244.6  1.20 11.85 218.86  26.63  4  1.10 11.91 209.76  16.72  0.48  9.88 266.21   9.90  0.10 11.55 314.06   7.46  0.05 16.84 292.85  15.37
19900902 090000  0.9 264.9  1.12 11.66 220.00  27.54  4  1.00 11.72 209.18  16.08  0.48  9.87 265.78   9.98  0.11 11.32 311.69   9.54  0.06 16.77 294.18  16.65
19900902 120000  2.8 269.6  1.03 11.50 221.47  28.66  4  0.90 11.54 208.73  15.74  0.48  9.86 265.60  10.45  0.11 11.22 311.41   9.67  0.05 16.63 306.29  10.47
19900902 150000  1.4 271.2  0.94 11.28 223.80  30.17  5  0.80 11.41 208.67  16.49  0.47  9.90 265.61  10.81  0.10 11.15 313.66   8.07  0.08 16.43 299.33  13.86  0.06 22.94 249.12  12.36
19900902 180000  4.6 298.8  0.91 11.09 232.99  34.23  6  0.70 11.23 208.51  15.39  0.44  9.53 277.72  14.47  0.33 11.13 257.02  10.94  0.11 11.18 311.94   9.31  0.11 22.59 250.19  11.71  0.09 16.21 299.28  13.65
19900902 210000  2.9 339.2  0.98 10.93 249.35  35.28  6  0.75 10.71 273.11  18.23  0.58 11.02 205.69  11.30  0.17 21.46 251.22  11.37  0.12 14.66 247.65   8.26  0.11 11.18 312.43   8.90  0.09 16.03 297.97  13.95
19900903 000000  1.9  56.5  1.11 10.79 259.23  31.54  8  0.80  7.35 277.52  18.18  0.49 10.87 204.65  10.46  0.48 10.11 262.01  11.19  0.25 21.05 251.87  11.00  0.15 14.56 251.36   9.08  0.11 11.19 312.81   8.29  0.09 14.45 195.27   4.72  0.07 16.25 292.25   9.96
19900903 030000  2.6  77.1  1.19 10.47 262.45  29.00  8  0.90  7.05 277.41  17.54  0.43 10.78 204.00   9.91  0.42 10.13 260.94   9.22  0.37 20.06 252.44  10.79  0.25 13.55 249.96  12.04  0.15 13.48 194.53   2.88  0.11 11.11 310.90   9.52  0.06 15.96 306.58   9.31
19900903 060000  0.6 297.4  1.24 19.73 262.56  27.67  8  0.89  6.94 278.35  18.14  0.52 19.73 253.31  10.92  0.42 10.14 263.15   8.63  0.39 10.62 203.06   9.54  0.33 13.28 250.25   9.30  0.17 13.15 195.12   4.09  0.11 11.08 308.39  11.10  0.06 15.90 310.03   8.07
19900903 090000  0.5  62.8  1.32 18.96 261.39  26.32  8  0.84  6.82 280.36  18.55  0.69 18.96 253.06  10.14  0.45 10.06 263.84   9.05  0.43 12.90 252.00   9.52  0.37 10.44 202.15   9.20  0.18 12.94 195.17   4.23  0.11 11.01 308.44  11.89  0.08 15.62 308.32   8.78
19900903 120000  1.3 209.4  1.43 18.68 259.65  24.39  7  0.89 18.69 253.06  10.18  0.81  6.67 281.04  18.60  0.49 12.83 252.51   8.97  0.43 10.00 261.21   9.14  0.39 10.43 200.16   8.35  0.11 10.75 310.00   9.89  0.10 15.51 305.17  11.03
19900903 150000  2.8 155.0  1.57 18.41 257.83  22.12  7  1.13 18.42 252.49  10.23  0.76  6.61 280.98  19.20  0.53 12.52 254.50   8.37  0.41  9.79 263.37   9.08  0.37 11.69 199.86   8.13  0.11 10.58 309.36   9.88  0.10 15.45 308.19   8.35
19900903 180000  5.2 220.6  1.73 17.71 255.60  20.67  3  1.69 17.71 257.59  17.48  0.35 11.26 199.59   7.73  0.10 10.53 313.21   8.27
19900903 210000  5.9 214.0  1.89 17.51 254.05  19.40  3  1.85 17.51 255.48  16.99  0.33 10.89 199.51   7.60  0.09 10.50 313.98   7.47
19900904 000000  3.7 200.5  1.99 17.28 253.32  18.08  4  1.96 17.28 254.34  15.98  0.31 10.55 199.31   7.20  0.09 10.49 313.37   7.49  0.06 14.97 317.32   4.30
19900904 030000  4.6 159.4  2.07 16.50 252.58  17.27  3  2.05 16.51 253.42  15.72  0.28 10.22 198.84   6.34  0.08 14.86 313.82   7.25
19900904 060000  4.3 146.5  2.12 16.32 251.67  17.70  3  2.10 16.32 252.30  16.52  0.26  9.91 198.92   6.53  0.08 14.66 313.26   7.00
19900904 090000  1.8 214.2  2.11 16.07 251.66  16.42  2  2.10 16.07 252.25  15.49  0.23  9.63 198.77   6.11
19900904 120000  3.5 234.9  2.07 15.37 251.56  15.82  3  2.05 15.39 251.89  14.71  0.21  9.40 198.97   6.32  0.12 14.49 309.58   8.41
19900904 150000  2.5 294.8  1.97 15.29 251.51  15.59  3  1.95 15.30 251.73  14.47  0.19  9.11 199.00   6.26  0.13 14.44 309.50   8.33
19900904 180000  4.4 276.1  1.85 15.22 251.52  15.77  3  1.83 15.23 251.64  14.63  0.17  8.97 198.92   6.19  0.14 14.24 307.26  10.44
19900904 210000  3.3 299.5  1.75 15.02 251.73  17.03  3  1.73 15.05 251.81  16.06  0.15  8.86 198.63   6.03  0.13 14.17 309.14   9.28
19900905 000000  3.3  11.5  1.71 14.71 251.99  18.49  3  1.61 14.71 252.88  18.77  0.56 18.75 247.12  10.42  0.12  8.76 197.85   5.40
19900905 030000  4.7 347.8  1.83 14.59 252.98  20.33  3  1.67 14.59 254.68  21.21  0.73 18.02 245.44   9.94  0.11  8.80 197.84   5.68
19900905 060000  4.3 334.6  2.11 14.49 254.73  20.81  1  2.11 14.49 254.73  20.81
19900905 090000  3.3 312.9  2.40 14.37 255.66  20.40  2  2.39 14.39 255.43  20.20  0.18 13.66 298.18  11.59
19900905 120000  2.3 224.0  2.63 14.11 255.28  19.94  2  2.53 14.11 256.50  20.09  0.71 19.00 240.31   8.98
19900905 150000  4.8 184.7  2.85 13.78 253.42  20.06  2  2.75 13.78 254.65  20.19  0.75 18.86 237.61   8.12
19900905 180000  3.9 199.3  3.13 13.82 250.52  19.63  2  2.99 13.82 252.02  19.72  0.91 18.11 235.02   9.43
19900905 210000  3.9 212.1  3.51 14.24 247.30  18.72  2  3.17 14.24 250.15  19.09  1.51 17.06 235.11  10.43
19900906 000000  6.6 212.7  3.87 14.24 244.93  18.06  2  3.51 14.24 247.26  18.54  1.62 16.86 234.36  10.46
19900906 030000  7.3 202.0  4.01 13.98 243.33  18.05  1  4.01 13.98 243.33  18.05
19900906 060000  6.8 202.8  3.97 13.78 242.01  18.44  1  3.97 13.78 242.01  18.44
19900906 090000  5.3 191.3  3.83 13.63 241.12  18.39  2  3.21 13.33 244.52  19.94  2.07 15.60 233.31  10.48
19900906 120000  8.2 189.1  3.66 13.47 239.88  18.78  2  3.12 13.16 242.89  20.35  1.92 15.48 232.30  10.60
19900906 150000  6.0 194.2  3.48 12.88 238.92  18.81  2  2.78 12.53 242.22  21.52  2.11 14.79 233.49  10.83
19900906 180000  8.8 214.3  3.34 14.38 237.88  18.78  3  2.74 12.39 240.22  21.10  1.91 14.70 233.10  10.57  0.12 12.84 312.84   7.84
19900906 210000  8.8 209.5  3.18 14.25 236.89  19.29  3  2.49 11.80 238.27  22.61  1.97 14.25 234.61  11.17  0.12 12.88 313.54   7.15
19900907 000000  5.8 182.7  2.94 14.13 236.28  19.96  3  2.26 11.31 239.25  23.87  1.89 14.14 232.14  10.35  0.12 12.98 313.64   7.21
19900907 030000  6.1 187.2  2.68 13.98 236.47  19.79  3  2.05 11.18 238.28  23.52  1.73 14.00 233.84  11.53  0.12 13.09 313.83   7.24
19900907 060000  4.7 153.5  2.42 13.70 236.80  19.74  3  1.82 10.90 239.39  23.96  1.59 13.71 233.38  10.23  0.11 12.93 314.10   7.27
19900907 090000  4.9 188.4  2.20 13.57 237.32  19.55  3  1.60 10.56 240.50  23.78  1.50 13.57 233.62  11.02  0.12 12.71 312.55   9.07
19900907 120000  6.2 194.2  2.02 13.52 237.28  19.96  3  1.44 10.16 240.65  25.05  1.41 13.53 233.63  10.07  0.12 12.65 312.96   9.09
19900907 150000  5.3 171.7  1.90 13.52 236.52  21.21  3  1.51 13.54 234.98  11.30  1.15  9.06 238.83  30.76  0.12 12.62 313.03   9.07
19900907 180000  5.9 211.3  1.90 13.50 236.99  19.61  2  1.90 13.52 236.74  19.09  0.12 12.59 313.07   8.93
19900907 210000  8.4 208.6  2.11 13.37 236.47  18.57  3  0.67  3.52 213.92  29.15  2.00 13.38 238.44  14.81  0.12 12.54 312.82   8.92
19900908 000000  5.7 186.5  2.30 13.18 237.02  18.18  3  0.66  3.84 212.63  34.27  2.20 13.19 238.68  13.94  0.12 12.38 313.09   8.64
19900908 030000  5.8 175.2  2.40 12.87 237.83  17.41  2  2.40 12.88 237.69  17.10  0.12 12.04 312.96   8.64
19900908 060000  4.8 168.9  2.47 12.72 238.35  16.94  2  2.46 12.73 238.23  16.65  0.11 11.92 312.96   8.79
19900908 090000  5.4 165.4  2.54 12.65 238.70  16.47  2  2.53 12.66 238.58  16.19  0.11 11.87 313.05   8.85
19900908 120000  5.2 176.7  2.58 12.61 239.04  16.56  2  2.58 12.62 238.94  16.30  0.11 11.85 313.16   8.91
19900908 150000  2.8 199.9  2.58 12.60 239.78  15.91  2  2.58 12.61 239.68  15.68  0.11 11.84 313.21   9.00
19900908 180000  8.3 225.6  2.61 12.65 239.93  15.89  2  2.61 12.65 239.86  15.70  0.09 11.82 314.81   7.49
19900908 210000  9.4 204.9  2.72 12.66 238.46  18.11  3  0.91  4.24 222.77  30.53  2.57 12.67 240.12  14.77  0.09 11.78 314.59   7.45
19900909 000000  8.3 193.0  2.72 12.61 237.80  18.91  1  2.72 12.61 237.80  18.91
19900909 030000  7.6 181.8  2.68 12.55 237.43  19.42  1  2.68 12.55 237.43  19.42
19900909 060000  7.4 180.3  2.62 12.53 237.44  19.67  1  2.62 12.53 237.44  19.67
19900909 090000  6.9 163.7  2.54 12.51 237.29  20.55  1  2.54 12.51 237.29  20.55
19900909 120000  7.1 182.5  2.45 12.46 237.76  20.26  1  2.45 12.46 237.76  20.26
19900909 150000  8.5 200.8  2.42 12.38 237.32  20.36  1  2.42 12.38 237.32  20.36
19900909 180000 11.2 209.6  2.51 12.28 235.61  21.90  2  1.28  4.95 219.31  30.27  2.16 12.28 240.61  14.97
19900909 210000 11.9 206.2  2.61 12.13 234.47  23.82  2  1.66  5.68 224.39  30.68  2.02 12.13 240.48  14.88
19900910 000000  7.2 184.7  2.48 12.00 234.68  25.19  2  1.66  6.15 226.84  32.78  1.85 12.00 240.08  14.65
19900910 030000  5.8 191.2  2.27 11.91 237.29  23.34  2  2.07 11.77 233.67  23.87  0.91 12.41 254.70   7.38
19900910 060000  7.6 195.1  2.21 11.84 238.07  21.64  1  2.21 11.84 238.07  21.64
19900910 090000  7.3 180.5  2.26 11.76 237.80  21.55  1  2.26 11.76 237.80  21.55
19900910 120000  7.9 175.2  2.35 11.72 237.78  21.39  1  2.35 11.72 237.78  21.39
19900910 150000  6.7 194.8  2.48 11.75 237.22  20.60  1  2.48 11.75 237.22  20.60
19900910 180000  6.2 200.5  2.66 11.95 236.57  18.83  1  2.66 11.95 236.57  18.83
19900910 210000  6.9 207.7  2.82 12.26 235.16  18.37  1  2.82 12.26 235.16  18.37
19900911 000000  4.2 198.9  2.91 12.47 234.07  17.99  1  2.91 12.47 234.07  17.99
19900911 030000  2.5 201.8  2.96 12.71 233.45  17.45  1  2.96 12.71 233.45  17.45
19900911 060000  5.6 216.6  2.98 13.04 233.24  17.06  1  2.98 13.04 233.24  17.06
19900911 090000  8.3 194.6  3.06 12.97 232.38  18.04  2  0.70  3.75 210.07  29.86  2.98 12.97 233.45  16.44
19900911 120000  7.7 192.1  3.11 12.85 231.70  19.09  1  3.11 12.85 231.70  19.09
19900911 150000  9.9 202.9  3.14 12.87 231.45  19.31  2  0.98  4.66 206.41  28.22  2.99 12.87 233.86  16.21
19900911 180000 10.9 209.0  3.18 13.05 230.95  19.86  2  1.27  5.04 213.54  28.93  2.92 13.05 233.90  15.88
19900911 210000 14.0 200.5  3.38 13.01 228.43  22.52  1  3.38 13.01 228.43  22.52
19900912 000000 13.2 191.5  3.47 12.82 224.88  25.49  2  2.35  6.73 213.66  31.54  2.55 12.82 233.20  14.12
19900912 030000 11.9 176.1  3.34 12.67 224.40  26.14  2  2.29  7.22 213.02  32.14  2.43 12.67 233.12  14.30
19900912 060000  8.7 178.9  3.03 12.54 226.31  25.28  1  3.03 12.54 226.31  25.28
19900912 090000 10.8 163.9  2.89 12.40 224.11  26.83  1  2.89 12.40 224.11  26.83
19900912 120000 11.5 173.0  2.85 12.13 220.28  28.45  2  2.85 12.13 220.27  28.46  0.10 20.01 222.55   6.75
19900912 150000 10.7 176.7  2.81 11.91 218.85  27.37  2  2.81 11.91 218.84  27.40  0.14 18.84 222.09   7.02
19900912 180000 10.6 198.2  2.73 11.80 220.10  24.24  2  2.72 11.80 220.09  24.27  0.15 18.92 223.99   7.16
19900912 210000 11.7 196.5  2.84 11.71 218.96  23.19  3  2.54 11.77 214.24  23.36  1.25 11.66 237.35   9.93  0.16 18.89 223.52   6.78
19900913 000000 10.2 170.5  2.80 11.58 217.41  24.78  3  2.72 11.13 216.04  24.81  0.61 11.76 241.92   5.89  0.23 17.87 222.69   6.62
19900913 030000 10.6 177.5  2.73 11.25 215.50  25.27  3  2.68 11.45 214.80  25.43  0.43 11.18 238.20   4.66  0.28 17.58 222.14   7.08
19900913 060000  9.3 170.2  2.60 10.98 215.61  24.88  3  2.39 11.21 211.54  24.89  0.97 10.20 237.94  10.20  0.34 17.41 222.37   7.33
19900913 090000  8.5 167.8  2.43 10.83 216.11  24.69  3  2.13  9.45 216.87  27.39  1.09 10.99 212.85  11.63  0.40 16.60 220.83   7.76
19900913 120000 10.1 169.8  2.29 10.58 214.86  25.42  2  2.24 10.58 214.58  25.95  0.50 16.47 219.94   8.31
19900913 150000  9.2 195.2  2.20 10.27 215.15  23.81  3  1.95  9.45 215.78  26.18  0.82 10.91 210.27  10.81  0.59 16.35 218.45   8.91
19900913 180000 10.6 201.2  2.30 10.16 215.90  22.26  2  2.19 10.16 215.82  23.18  0.71 15.82 216.61   9.84
19900913 210000 12.6 198.9  2.68  8.10 215.70  22.50  2  2.55  8.10 215.78  23.46  0.84 15.55 214.97  10.08
19900914 000000 11.7 192.6  2.91  8.43 215.04  23.62  2  2.70  8.43 215.50  25.04  1.07 15.46 212.32  10.29
19900914 030000  9.3 189.1  2.90  8.61 215.47  23.31  2  2.67  8.61 216.23  24.89  1.13 15.32 211.53   9.96
19900914 060000  8.1 184.2  2.73  8.68 216.02  22.48  2  2.44  8.68 217.28  24.52  1.22 15.02 211.38   9.68
19900914 090000  6.3 169.3  2.53 14.65 216.13  21.58  2  2.17  8.64 218.09  24.22  1.29 14.65 211.05   9.54
19900914 120000  7.1 179.9  2.36 14.49 216.01  20.60  2  1.96  8.56 218.24  23.68  1.31 14.49 211.37   9.31
19900914 150000  3.8 202.6  2.24 14.43 216.33  19.33  2  1.81  8.46 218.74  22.62  1.31 14.43 212.02   9.07
19900914 180000  8.0 222.4  2.19 14.47 217.02  18.18  2  1.71  8.32 220.04  21.60  1.36 14.47 212.51   9.03
19900914 210000  7.1 209.2  2.20 14.70 217.20  18.22  2  1.70  8.12 219.82  22.07  1.39 14.70 213.52   8.69
19900915 000000  6.8 195.4  2.18 15.06 217.03  18.15  2  1.63  7.92 219.41  22.83  1.45 15.06 214.25   8.60
19900915 030000  5.2 207.4  2.17 15.07 217.20  17.71  2  1.55  7.71 219.50  23.13  1.52 15.07 214.96   8.53
19900915 060000  3.4 227.6  2.15 15.05 217.64  17.03  2  1.57 15.05 215.72   8.48  1.47  7.46 220.00  23.02
19900915 090000  1.8 192.9  2.11 14.78 217.96  16.20  2  1.64 14.78 216.43   8.46  1.34  7.32 220.44  23.27
19900915 120000  2.1 199.0  2.08 14.54 218.31  15.35  2  1.69 14.54 217.05   8.43  1.21  7.17 220.95  23.35
19900915 150000  4.1 245.9  2.04 14.46 218.62  14.44  2  1.73 14.46 217.54   8.59  1.09  6.99 221.55  23.21
19900915 180000  7.8 216.8  2.05 14.39 218.84  14.59  2  1.05  6.88 221.85  24.29  1.76 14.39 217.87   8.74
19900915 210000  8.4 202.3  2.11 14.24 217.94  16.06  2  1.14  6.72 217.73  26.28  1.77 14.24 218.02   8.95
19900916 000000  6.2 188.1  2.07 13.87 217.61  16.69  3  1.10  5.36 216.13  27.86  1.75 13.87 217.96   8.61  0.11  9.54 266.45  14.64
19900916 030000  5.9 191.4  1.99 13.69 217.74  16.19  2  0.97  5.53 215.71  28.65  1.73 13.69 218.31   9.25
19900916 060000  7.7 179.7  1.93 13.61 216.98  16.63  3  0.92  5.46 211.16  29.78  1.70 13.61 218.31   9.05  0.10  8.94 260.87   9.29
19900916 090000  6.0 176.8  1.86 13.53 216.83  16.91  2  0.83  5.20 208.71  31.46  1.67 13.53 218.58   9.62
19900916 120000  5.0 197.1  1.77 13.38 217.62  15.62  1  1.77 13.38 217.62  15.62
19900916 150000  5.4 205.5  1.72 13.25 217.89  14.52  3  1.64 13.25 217.95  13.71  0.47 17.57 209.97   8.40  0.19 11.03 265.93  12.92
19900916 180000  7.0 221.6  1.75 13.20 217.54  15.07  3  1.61 13.20 218.17  14.02  0.64 17.02 207.87   7.58  0.24 11.12 263.82  11.83
19900916 210000  7.1 211.4  1.80 13.24 216.86  16.09  4  0.70  3.96 218.15  27.59  1.36 13.24 218.62   9.70  0.91 16.42 208.02   7.47  0.29 10.94 262.68  10.66
19900917 000000  6.5 190.8  1.86 16.07 215.51  17.22  4  0.71  4.11 213.84  29.21  1.24 13.21 218.31  10.73  1.13 16.07 208.52   7.49  0.37 10.49 260.73  10.03
19900917 030000  6.6 197.8  1.89 15.51 214.73  17.69  3  0.65  4.19 210.75  29.98  1.72 15.51 212.49  10.52  0.45 10.30 259.59   9.76
19900917 060000  8.2 189.3  1.96 15.17 213.67  18.48  3  0.72  3.95 205.26  28.86  1.76 15.17 211.66  10.50  0.49 10.25 259.58   9.85
19900917 090000  7.5 189.4  2.02 14.75 213.21  19.37  3  0.79  4.11 204.19  29.60  1.79 14.75 211.05  10.25  0.53  9.87 259.86   9.91
19900917 120000  5.9 207.5  1.99 14.47 213.91  19.08  3  0.67  4.18 207.96  30.96  1.80 14.47 210.83  10.33  0.54  9.57 260.74   9.96
19900917 150000  5.5 219.0  1.94 14.30 214.50  18.82  3  0.56  4.03 212.48  30.95  1.76 14.30 210.40   9.83  0.57  9.48 260.56  10.37
19900917 180000  6.5 233.0  1.90 14.16 215.34  19.25  3  0.59  3.66 219.88  29.20  1.71 14.16 210.23   9.81  0.58  9.43 260.67  10.71
19900917 210000  6.2 218.4  1.84 13.84 215.84  19.91  3  0.58  3.72 221.05  29.72  1.64 13.85 209.92   9.12  0.60  9.11 261.12  10.84
19900918 000000  4.3 214.4  1.75 13.55 216.13  20.39  4  0.48  3.72 218.78  31.06  1.57 13.56 209.85   8.99  0.60  8.97 261.84  10.69  0.05 20.63 247.18   6.51
19900918 030000  4.1 203.1  1.66 13.41 216.70  20.79  3  1.50 13.42 209.74   9.21  0.68  8.93 252.29  25.85  0.20 11.79 258.52  10.63
19900918 060000  3.4 181.8  1.59 13.31 217.43  21.31  4  1.43 13.31 209.75   9.00  0.62  8.90 254.93  25.50  0.29 10.88 257.36   9.74  0.13 19.29 243.47   9.23
19900918 090000  1.8 188.8  1.52 13.10 218.46  21.83  4  1.37 13.12 209.61   9.52  0.54  8.83 263.12  11.76  0.33 10.61 258.91   9.12  0.17 19.04 244.30   8.84
19900918 120000  4.4 210.2  1.47 12.72 219.51  22.55  3  1.29 12.73 209.67   8.93  0.67 10.20 257.72  20.28  0.23 18.62 244.61   8.79
19900918 150000  3.4 201.7  1.41 12.58 220.74  23.23  3  1.23 12.59 209.75   9.36  0.65 10.06 259.56  17.99  0.27 17.95 244.51   8.42
19900918 180000  5.4 227.3  1.39 12.49 222.31  24.08  4  1.16 12.49 209.30   8.89  0.70  9.74 255.60  21.91  0.33 17.74 244.90   8.05  0.08 14.49 250.83   6.02
19900918 210000  2.6 181.0  1.33 12.34 223.49  25.07  5  1.08 12.35 208.95   8.88  0.67  9.57 256.75  22.81  0.38 17.23 244.57   8.31  0.11 14.50 251.20   5.76  0.05 14.46 312.03  10.39
19900919 000000  1.9 332.2  1.26 11.97 225.22  25.70  4  0.99 11.98 208.53   9.29  0.63  9.46 258.81  21.11  0.45 16.73 245.50   8.26  0.05 14.40 310.60  12.08
19900919 030000  3.3  18.5  1.19 16.45 228.04  26.09  5  0.89 11.83 208.23   8.88  0.58  9.33 261.91  18.67  0.51 16.51 245.11   7.91  0.13 13.55 253.63   8.60  0.05 14.45 312.62   9.84
19900919 060000  7.2 347.4  1.20 15.80 239.32  39.88  5  0.43  2.71 339.15  31.00  0.78 11.75 207.76   8.69  0.59 15.87 244.55   8.18  0.53  9.03 264.09  13.50  0.17 13.58 256.09  13.88
19900919 090000 10.3 352.3  1.48 15.53 276.51  50.55  5  1.03  4.45 326.61  31.72  0.68 15.57 245.30   9.20  0.61 11.67 208.23   8.91  0.47  8.90 263.77  11.33  0.26 14.74 204.25   7.17
19900919 120000 14.0 358.1  2.01 15.29 304.37  49.48  6  1.75  5.44 325.48  37.97  0.74 15.35 244.68   8.85  0.47 11.47 208.46   8.67  0.32 14.20 204.92   7.56  0.27  9.00 259.31  10.91  0.14 12.65 257.64   4.71
19900919 150000 10.8 324.2  2.25 14.74 296.55  45.60  5  2.02  6.14 311.85  38.81  0.82 14.79 244.59   9.40  0.42 11.28 211.34  11.39  0.35 13.61 204.23   6.52  0.16 12.66 255.10   1.11
19900919 180000  8.3 338.3  2.09 14.51 282.29  45.17  5  1.81  6.84 300.32  41.40  0.90 14.55 244.85   9.39  0.41 11.14 210.22   9.49  0.33 13.31 203.88   6.30  0.06 13.54 310.95   9.17
19900919 210000  5.1 351.5  1.94 14.33 270.99  42.37  5  1.62  7.33 289.31  41.59  0.93 14.37 245.62   9.04  0.50 11.07 207.52   9.12  0.17 18.12 223.81   7.35  0.06 13.54 310.83   8.77
19900920 000000  2.6 307.3  1.91 14.03 262.45  36.31  6  1.55  7.88 277.92  37.05  0.97 14.08 243.71  10.46  0.48 12.38 208.89   9.97  0.25 11.78 254.67   4.34  0.18 18.27 226.20   6.59  0.06 13.50 306.10  13.62
19900920 030000  3.2 226.2  2.02 13.67 256.36  30.26  3  1.59  8.19 268.97  31.32  1.18 13.71 241.49  12.43  0.41 12.19 206.51   7.03
19900920 060000  2.5 174.1  2.22 13.42 251.35  26.01  3  1.56 13.42 237.55  14.55  1.55  8.55 267.41  27.07  0.28 17.61 226.89   7.75
19900920 090000  2.5 130.4  2.38 13.12 248.18  23.28  3  2.22 11.61 252.31  22.33  0.76 13.09 220.23   6.92  0.42 16.57 229.40   9.01
19900920 120000  0.6 214.9  2.41 12.32 246.76  21.88  2  2.26 11.63 247.45  22.88  0.83 13.35 241.98  11.02
19900920 150000  1.4 268.3  2.37 11.64 246.73  20.92  3  2.00 11.84 245.10  22.95  1.14 11.14 255.21  10.17  0.55 15.70 230.52  10.15
19900920 180000  5.2 289.9  2.30 11.30 247.02  20.64  4  1.95 11.72 254.66  19.28  1.07 11.15 227.20   7.54  0.60 15.55 230.98   9.13  0.05 12.64 313.33   7.38
19900920 210000  4.6 291.2  2.26 11.07 247.15  20.66  3  2.23 11.66 247.80  20.55  0.38 11.06 225.00   0.00  0.06 12.65 313.36   7.02
19900921 000000  2.7 282.6  2.29 10.85 246.32  19.91  2  2.19 10.85 247.68  20.06  0.65 15.44 231.39   9.37
19900921 030000  1.9 220.3  2.40 10.59 245.11  19.22  2  2.40 10.59 245.07  19.15  0.06 12.65 314.35   7.49
19900921 060000  4.1 206.3  2.54 11.60 243.68  18.77  3  2.33 11.60 246.14  19.15  1.00 14.19 231.19   9.39  0.13 23.55 224.49   8.12
19900921 090000  5.3 178.1  2.64 11.90 242.24  18.67  2  2.62 11.90 242.41  18.68  0.26 20.65 225.56   7.35
19900921 120000  6.1 186.9  2.69 12.12 240.85  18.62  2  2.67 12.12 241.06  18.64  0.31 20.72 225.73   7.30
19900921 150000  7.5 197.7  2.74 12.64 239.42  18.43  2  2.71 12.64 239.77  18.46  0.41 19.65 224.75   8.25
19900921 180000 10.6 222.8  2.90 13.18 237.32  18.87  2  2.86 13.18 237.64  18.97  0.46 19.60 225.68   8.09
19900921 210000 12.1 205.1  3.09 13.19 234.30  20.74  2  3.04 13.19 234.56  20.94  0.52 19.54 225.80   8.29
19900922 000000 10.2 188.7  3.16 13.13 230.70  22.99  2  3.10 13.13 230.93  23.39  0.64 19.40 225.58   7.57
19900922 030000 10.7 170.6  3.15 13.10 227.78  24.83  3  1.16  4.96 178.08  27.18  2.84 13.10 234.59  15.65  0.69 19.27 225.52   7.48
19900922 060000  8.5 159.8  3.05 12.93 227.32  23.87  2  2.86 12.93 228.14  25.15  1.06 17.03 221.96   9.25
19900922 090000  9.1 162.3  2.98 12.73 226.13  23.46  2  2.72 12.73 227.06  25.31  1.21 16.60 221.86   8.80
19900922 120000 11.0 175.4  3.04 12.62 222.43  24.62  3  1.20  4.82 177.04  29.55  2.43 12.62 231.21  14.82  1.38 15.88 223.00   9.59
19900922 150000 10.8 177.3  3.12 12.54 220.40  23.81  3  1.26  4.94 178.41  28.54  2.29 12.45 230.39  14.58  1.69 15.38 221.29   9.41
19900922 180000 11.3 200.1  3.13 15.00 220.70  20.63  2  2.61 12.40 220.42  23.82  1.74 15.02 221.30  10.24
19900922 210000 12.3 196.2  3.24 14.60 220.32  19.79  2  1.80  6.01 212.56  29.44  2.69 14.60 223.39  12.11
19900923 000000 10.4 186.6  3.23 14.38 219.33  20.83  2  1.95  6.44 214.59  30.96  2.57 14.38 221.69  10.85
19900923 030000 10.7 170.0  3.09 14.19 218.12  21.79  1  3.09 14.19 218.12  21.79
19900923 060000  7.6 156.7  2.84 14.05 218.03  21.75  2  2.84 14.05 218.06  21.79  0.18 20.47 212.46   5.44
19900923 090000  8.0 156.1  2.64 13.74 217.81  21.24  3  2.61 13.74 217.82  21.32  0.37 19.33 214.73   7.62  0.08 15.52 301.45  10.79
19900923 120000  7.7 168.9  2.50 13.57 217.11  20.69  3  2.48 13.57 217.16  20.73  0.35 19.08 211.96   5.89  0.08 15.52 301.91  10.44
19900923 150000  5.0 155.6  2.39 13.57 217.51  19.10  3  2.30 13.57 217.96  19.50  0.66 18.00 211.54   8.21  0.07 15.51 301.12  11.46
19900923 180000  7.9 223.6  2.36 17.29 218.55  16.32  2  2.36 17.29 218.51  16.17  0.07 15.49 302.50  10.94
19900923 210000 10.0 214.4  2.48 16.32 218.67  17.21  1  2.48 16.32 218.67  17.21
19900924 000000  7.2 221.3  2.47 16.08 218.64  18.52  2  2.47 16.09 218.56  18.37  0.10 15.02 279.13  21.68
19900924 030000  3.5 214.3  2.41 15.41 219.61  18.92  2  2.41 15.42 219.53  18.74  0.09 14.54 301.87  10.03
19900924 060000  3.9 239.1  2.35 15.19 220.72  19.09  4  1.80  8.39 224.08  22.73  1.50 15.21 215.74   8.74  0.13 14.51 258.61   5.47  0.10 14.51 301.82  10.27
19900924 090000  1.2 211.7  2.28 14.76 221.63  19.24  4  1.79  8.65 225.04  22.16  1.39 14.81 215.52   8.57  0.16 14.17 257.56   6.85  0.10 14.50 301.68  10.54
19900924 120000  4.2 210.9  2.20 14.45 222.41  19.41  4  1.78  8.79 225.61  21.56  1.27 14.46 215.29   9.01  0.19 13.63 259.93   5.53  0.10 14.50 301.91  10.79
19900924 150000  3.7 238.3  2.10 14.28 223.10  19.73  4  1.68  8.77 225.31  21.34  1.20 14.32 215.17   8.87  0.40 11.89 256.48   7.26  0.09 14.49 302.57  11.13
19900924 180000  7.3 244.2  2.02 14.13 224.37  20.62  5  1.62  8.62 225.84  21.84  1.11 14.17 215.57   9.38  0.36 11.14 258.74   5.44  0.29 12.81 256.51   6.97  0.08 14.43 303.08  11.26
19900924 210000  4.5 216.9  1.91 13.71 225.25  21.60  6  1.53  8.44 225.78  22.59  1.02 13.89 216.05  10.13  0.38 10.92 258.79   5.31  0.33 12.70 257.39   7.24  0.08 13.93 302.82  10.85  0.08 20.51 222.20   6.80
19900925 000000  7.4 206.6  1.83 13.44 225.39  22.36  4  1.45  8.29 224.27  23.04  0.94 13.64 215.80   9.85  0.58 12.41 256.16   7.83  0.10 13.63 302.34  10.48
19900925 030000  5.3 220.9  1.75 13.35 225.96  23.23  6  1.37  8.07 224.07  23.87  0.91 13.56 216.73  10.79  0.41 10.58 260.47   6.12  0.40 12.19 255.91   7.44  0.14 19.32 222.40   7.34  0.11 13.57 302.66  10.14
19900925 060000  4.9 206.2  1.67 13.34 227.10  23.69  6  1.28  7.90 224.27  24.17  0.85 13.48 216.98  10.89  0.45 10.26 258.19   9.78  0.42 11.91 256.74   6.62  0.16 19.13 223.74   7.95  0.11 13.56 302.48  10.34
19900925 090000  3.9 188.5  1.60 13.33 228.12  24.00  5  1.22  7.66 224.39  24.19  0.79 13.44 217.31  10.86  0.62 11.73 258.39   8.12  0.20 18.59 222.34   7.66  0.12 13.56 302.42  10.53
19900925 120000  3.2 202.7  1.53 13.29 229.15  24.05  5  1.15  7.52 224.54  24.25  0.75 13.44 217.58  10.37  0.65 11.62 257.71   8.99  0.22 18.04 222.93   8.05  0.11 13.55 302.68  10.98
19900925 150000  3.8 240.8  1.49 13.27 229.99  23.89  6  1.11  7.49 225.10  24.00  0.72 13.41 218.25  10.18  0.54 11.46 255.76   8.14  0.34  9.39 265.29   7.27  0.24 17.93 224.91   9.41  0.10 13.55 303.32  11.29
19900925 180000  6.7 241.7  1.47 13.30 230.99  24.00  5  1.08  7.43 225.55  24.48  0.69 13.40 220.04  11.08  0.65 11.22 258.56   8.87  0.29 17.44 224.30  10.32  0.10 13.51 304.39  11.30
19900925 210000  6.3 214.9  1.46 13.30 231.26  24.62  5  1.06  7.37 224.80  25.90  0.70 13.33 222.71  12.18  0.64 10.97 258.78   8.96  0.32 17.03 226.19  10.42  0.09 13.23 303.89  11.24
19900926 000000  1.7 220.2  1.41 13.10 232.60  24.65  5  0.95  7.24 224.61  27.33  0.72 13.19 224.78  11.69  0.64 10.97 258.91   8.86  0.38 16.83 228.34  11.57  0.10 12.80 302.33  12.19
19900926 030000  2.6 323.9  1.39 12.72 234.74  25.09  5  0.84  6.92 226.82  31.81  0.77 12.82 227.54  12.26  0.62 10.81 259.57   8.68  0.49 16.60 230.81  10.16  0.11 12.71 302.75  11.54
19900926 060000  2.8 245.9  1.45 15.59 235.97  22.18  4  1.03 12.58 240.46  17.72  0.75  6.64 228.88  30.93  0.69 15.75 231.84  10.31  0.12 12.69 304.14  10.84
19900926 090000  2.0 167.9  1.58 15.26 236.44  19.38  3  1.43 15.27 237.18  14.72  0.66  6.30 230.42  30.80  0.12 12.68 303.86  11.59
19900926 120000  5.8 191.9  1.74 14.72 235.96  18.02  3  0.62  5.96 225.56  32.34  1.62 14.73 236.95  13.49  0.13 12.67 303.19  13.17
19900926 150000  8.7 195.4  1.96 14.39 233.76  19.47  3  0.77  3.40 211.67  31.59  1.80 14.39 236.95  12.79  0.12 12.67 303.97  13.30
19900926 180000 10.8 201.0  2.30 14.02 230.18  21.75  3  1.21  4.68 210.17  28.58  1.95 14.02 236.81  12.25  0.11 12.66 306.35  12.03
19900926 210000 12.0 199.6  2.57 13.68 227.41  23.55  2  1.57  5.45 209.96  28.65  2.03 13.68 236.71  12.27
19900927 000000 14.3 194.5  2.93 13.61 222.78  26.60  3  2.11  6.11 208.26  29.66  2.03 13.61 236.53  11.61  0.07 17.69 314.50   8.12
19900927 030000 12.3 192.5  3.16 14.14 221.71  27.20  3  2.43  7.09 210.20  29.92  2.01 14.15 236.51  10.96  0.09 17.45 312.58   8.39
19900927 060000 11.0 188.4  3.11 14.23 223.89  26.62  2  3.11 14.24 223.83  26.52  0.10 17.07 312.05   8.42
19900927 090000  8.6 186.6  2.99 14.12 227.65  24.51  2  2.99 14.12 227.58  24.39  0.10 16.90 312.18   8.55
19900927 120000  8.6 192.6  2.95 13.80 230.03  22.15  2  2.95 13.80 229.97  22.03  0.09 16.80 312.70   8.51
19900927 150000  9.5 208.7  3.01 13.61 230.86  20.53  2  3.01 13.61 230.80  20.42  0.09 16.71 313.24   8.91
19900927 180000 11.2 213.3  3.24 13.49 230.26  20.50  3  3.20 13.49 230.51  20.56  0.51 16.68 219.17   6.18  0.09 16.57 313.49   8.76
19900927 210000 11.7 210.3  3.41 13.41 229.98  21.07  3  3.26 13.41 230.32  21.68  0.99 16.09 225.85   8.84  0.11 16.36 312.74   8.71
19900928 000000 11.0 200.6  3.46 13.39 228.94  22.15  3  3.26 13.30 229.08  23.05  1.16 16.06 227.33  10.65  0.12 16.10 311.41   9.49
19900928 030000  9.1 195.7  3.35 15.23 228.75  22.28  3  3.09 13.26 228.57  23.49  1.29 15.66 229.14  11.06  0.13 15.94 309.66  11.09
19900928 060000  8.8 197.3  3.20 14.59 229.30  21.34  3  2.82 12.95 228.91  22.98  1.50 14.91 230.20  12.75  0.12 15.75 311.58   8.83
19900928 090000  6.8 183.1  3.08 14.44 229.67  20.39  3  3.07 14.43 229.62  20.24  0.18 22.19 220.77   7.83  0.11 15.69 312.39   8.59
19900928 120000  7.7 187.7  3.02 14.11 229.43  19.51  3  3.00 14.11 229.43  19.42  0.32 21.53 223.30   8.50  0.11 15.60 313.11   8.69
19900928 150000  7.0 199.0  3.02 13.94 228.58  18.76  3  2.96 13.93 228.81  18.76  0.59 20.13 220.88   8.12  0.12 15.40 312.19   8.67
19900928 180000  9.2 212.6  3.13 14.15 227.46  18.20  3  2.98 14.11 227.92  18.51  0.94 19.26 221.85   8.59  0.13 15.02 310.93   9.28
19900928 210000 10.4 209.3  3.29 14.25 226.14  18.23  3  3.00 14.22 227.07  19.17  1.34 18.64 221.06   8.23  0.14 14.81 310.24   9.55
19900929 000000  9.9 192.9  3.45 18.03 224.40  19.13  4  2.24  8.06 222.15  25.68  2.09 13.98 227.99  11.93  1.57 18.15 221.82   8.94  0.14 14.74 310.31   9.73
19900929 030000  7.8 183.3  3.49 17.68 223.62  19.35  4  2.25  8.06 220.81  26.50  1.89 17.69 222.35   8.94  1.89 13.81 228.29  12.08  0.13 14.71 311.59   8.88
19900929 060000  7.3 177.4  3.40 17.29 223.75  18.68  2  2.66 17.29 225.20  11.22  2.12  8.25 221.25  26.28
19900929 090000  7.3 174.9  3.26 16.89 223.89  17.96  2  2.59 16.89 224.96  10.83  1.98  8.34 221.90  25.84
19900929 120000  9.0 180.3  3.17 16.60 223.35  18.08  2  1.91  8.33 220.29  26.28  2.54 16.60 224.92  10.68
19900929 150000  9.3 196.9  3.20 16.34 223.03  17.82  2  1.93  8.21 219.29  25.74  2.55 16.34 224.99  10.44
19900929 180000 11.8 208.6  3.45 16.11 222.80  18.02  2  2.24  7.86 219.34  24.59  2.62 16.11 225.15  10.29
19900929 210000 13.6 204.3  3.86 15.87 222.38  19.56  3  2.73  7.74 219.01  25.24  2.72 15.87 225.38   9.65  0.13 13.76 310.57   9.13
19900930 000000 12.9 191.4  4.02 15.68 221.96  21.08  2  2.89  8.10 217.65  26.89  2.79 15.68 226.13  10.52
19900930 030000 11.0 190.7  3.95 15.54 222.50  20.88  2  2.68  8.37 216.54  27.31  2.89 15.54 227.12  11.03
19900930 060000  9.6 181.8  3.78 15.38 223.73  19.84  2  2.26  8.28 215.28  27.78  3.03 15.38 227.94  11.47
19900930 090000  7.6 180.4  3.59 15.19 225.13  18.48  1  3.59 15.19 225.13  18.48
19900930 120000  9.0 187.7  3.41 14.94 226.19  17.49  1  3.41 14.94 226.19  17.49
19900930 150000  8.2 207.5  3.27 14.54 227.12  16.92  2  3.27 14.54 227.06  16.78  0.10 24.92 304.21   9.59
19900930 180000  9.0 219.4  3.20 14.30 227.95  16.87  2  3.20 14.30 227.88  16.70  0.11 24.91 304.92   9.33
19900930 210000  9.0 210.1  3.17 15.02 228.43  17.66  2  3.17 15.02 228.37  17.52  0.10 24.89 305.99   9.28
19901001 000000  8.8 194.2  3.14 15.04 228.28  18.87  3  3.09 15.04 228.13  18.89  0.55 20.15 229.76   9.19  0.13 23.66 304.77   9.92
