Date     Time   Uabs UDir  hs    tp    th     sp     np hs(i) tp(i) th(i)  sp(i)
19940401 000000  5.5 344.1  1.18 15.11 271.24  50.17  7  0.50  3.76 323.38  28.86  0.57 15.21 315.64   8.22  0.56 10.15 210.93  10.81  0.46 12.90 212.29   8.28  0.38 12.51 314.55   8.72  0.36 13.59 242.39   6.86  0.16 23.29 298.32  11.27
19940401 030000  3.8 319.8  1.16 15.09 275.28  48.96  8  0.50  4.09 319.36  28.65  0.59 15.21 315.66   8.24  0.49 10.03 210.34  10.39  0.46 12.66 211.87   8.55  0.37 13.57 242.96   7.05  0.37 12.48 314.45   8.96  0.15 23.26 299.04  11.51  0.09 19.13 311.83   9.15
19940401 060000  2.8 319.2  1.15 14.85 277.95  46.96  7  0.70 15.16 315.24   8.55  0.60 12.41 210.20   9.54  0.51  4.29 311.70  29.21  0.41 14.16 241.38  10.00  0.17 22.72 297.91  10.63  0.12 18.95 313.05   7.86  0.10 14.49 215.00   0.00
19940401 090000  2.1 335.3  1.17 14.48 279.90  43.86  6  0.70 14.92 315.31   8.29  0.55 12.10 209.70   8.96  0.55  4.58 298.86  30.04  0.43 13.46 243.42   7.92  0.24 21.85 297.14  10.24  0.12 18.96 313.20   8.37
19940401 120000  1.7  18.0  1.22 14.15 280.44  39.66  7  0.66  6.98 285.26  26.92  0.65 14.50 316.12   8.09  0.49 11.77 209.30   8.87  0.46 13.14 244.12   7.96  0.29 21.79 297.34  10.75  0.28 11.71 311.55   7.58  0.13 18.95 313.65   7.62
19940401 150000  1.7 317.7  1.30 14.15 279.95  35.55  7  0.81  7.83 278.58  22.52  0.65 14.36 315.59   8.05  0.52 12.75 243.49   9.88  0.41 11.50 208.46   8.67  0.29 21.78 297.69  11.43  0.27 11.68 315.76   8.21  0.15 18.80 312.30   7.98
19940401 180000  2.8 256.2  1.40 14.22 279.80  32.50  7  0.95  8.03 277.32  20.43  0.67 14.32 316.26   8.06  0.57 12.41 244.20  10.01  0.34 11.11 207.75   8.00  0.27 11.66 312.35   7.62  0.25 21.77 298.36  12.07  0.16 18.35 312.28   6.90
19940401 210000  1.6 344.1  1.47 14.22 279.77  30.47  6  1.04  8.05 277.17  19.07  0.69 11.93 238.46  16.54  0.66 14.29 315.86   8.17  0.29 11.71 314.27   8.57  0.25 21.59 298.17  11.50  0.19 17.85 313.60   6.94
19940402 000000  4.0 348.4  1.54 14.16 280.86  29.73  5  1.08  8.04 279.01  20.31  0.72 14.24 315.52   8.33  0.72 11.69 240.94  14.92  0.32 20.52 296.93  10.49  0.24 17.74 312.98   7.47
19940402 030000  0.2 180.3  1.57 20.38 281.30  28.96  5  1.07  8.07 280.55  19.70  0.77 11.21 243.69  14.22  0.71 14.13 315.35   8.46  0.41 20.39 296.92  10.63  0.26 17.72 313.02   7.61
19940402 060000  3.7 148.4  1.58 20.36 280.93  28.66  6  1.08  8.20 279.62  19.61  0.74 10.95 244.35  12.30  0.70 13.81 315.30   8.60  0.43 20.36 297.23  11.35  0.27 17.65 312.34   7.56  0.12  9.62 206.95   7.97
19940402 090000  4.7 169.1  1.59 13.46 278.47  31.14  7  1.06  8.20 278.97  26.22  0.73 10.70 249.54   8.36  0.69 13.60 315.11   8.70  0.39 12.95 231.02  15.92  0.38 20.36 297.54  12.36  0.28 17.33 313.12   7.67  0.12 16.95 221.78   8.80
19940402 120000  7.5 185.8  1.62 13.34 274.40  34.62  7  0.38  2.57 179.96  31.21  1.32 10.22 266.64  23.23  0.65 13.50 315.30   8.29  0.35 16.60 313.53   8.15  0.32 20.35 298.61  12.57  0.27 12.92 245.48   6.35  0.16 16.76 221.65  11.32
19940402 150000  7.7 195.6  1.69 13.28 269.01  37.83  7  0.59  3.29 193.39  32.08  1.34  9.98 264.00  22.70  0.65 13.45 315.64   8.15  0.38 16.57 313.08   7.74  0.33 19.99 297.87  11.62  0.19 16.59 222.34  10.79  0.06  8.92 205.04   6.38
19940402 180000  8.0 204.8  1.76 13.22 265.75  37.77  7  0.72  3.72 208.01  32.80  1.21  9.58 267.18  20.76  0.64 13.42 315.86   7.98  0.56 12.10 236.60  12.14  0.44 19.13 296.78  10.66  0.40 16.55 312.60   8.02  0.22 16.04 220.90  10.97
19940402 210000  8.9 208.5  1.84 19.03 262.43  37.83  7  0.86  4.00 215.39  32.04  1.20  9.39 263.94  21.34  0.64 13.38 315.49   8.47  0.56 12.02 236.36  12.22  0.54 19.05 296.86  10.90  0.38 16.53 312.61   7.66  0.24 15.74 220.85  10.61
19940403 000000  7.6 199.8  1.85 19.02 259.90  38.30  7  0.90  4.32 216.92  33.11  1.18  9.23 261.11  21.72  0.64 13.33 315.42   8.56  0.57 12.01 234.44  12.07  0.55 19.03 297.42  11.45  0.35 16.46 312.62   7.12  0.26 15.70 221.83  11.06
19940403 030000  7.7 192.8  1.84 19.01 255.98  39.34  8  0.92  4.56 212.69  32.61  1.15  9.18 258.32  22.25  0.62 13.11 316.02   8.48  0.59 11.96 236.67  12.15  0.50 19.02 297.81  12.61  0.36 15.80 311.04   6.87  0.32 15.40 221.47  10.14  0.09 23.51 218.17   7.94
19940403 060000  8.4 187.3  1.87 18.99 249.58  40.24  8  1.00  4.82 207.85  30.40  1.10  9.07 257.84  21.64  0.67 11.74 235.24  11.55  0.56 12.86 315.18   9.05  0.45 15.51 313.64   7.45  0.41 19.03 299.84  11.97  0.38 14.88 222.79  11.39  0.13 23.11 218.88   8.17
19940403 090000  7.8 189.8  1.91 15.27 245.40  39.95  8  1.07  5.27 207.56  30.00  1.06  9.25 255.67  21.49  0.75 11.64 235.04  11.59  0.56 12.78 315.01   9.21  0.45 15.47 313.80   7.27  0.41 14.63 222.14  10.83  0.39 18.86 299.72  11.60  0.16 22.69 219.57   8.40
19940403 120000  6.9 187.0  1.97 11.96 244.57  38.92  6  1.71 11.47 232.00  29.71  0.51 15.32 314.28   8.60  0.49 12.67 314.41   8.52  0.47 17.98 297.53  10.72  0.44 14.55 222.58  10.35  0.21 22.08 218.94   8.74
19940403 150000  6.6 200.1  2.01 17.79 246.35  37.58  5  1.77 11.27 232.20  26.61  0.59 17.82 297.05  10.74  0.50 12.91 315.76   7.93  0.48 15.17 312.81   8.71  0.25 21.75 220.32   8.80
19940403 180000  8.5 207.2  2.10 17.76 245.57  36.33  4  1.84 11.29 231.99  24.64  0.69 14.62 314.45   8.35  0.65 17.79 297.54  11.08  0.31 21.36 220.79   8.61
19940403 210000  9.7 207.3  2.23 17.76 241.41  35.37  5  1.16  5.12 212.98  27.95  1.62 11.55 238.18  17.32  0.67 14.44 314.62   8.19  0.63 17.78 298.45  11.24  0.40 20.73 220.53   8.84
19940404 000000  7.1 203.0  2.25 17.79 239.50  34.18  5  1.20  5.46 216.84  30.79  1.64 11.58 236.49  16.05  0.66 14.37 314.68   8.15  0.55 17.78 299.63  11.51  0.45 20.37 221.37   8.83
19940404 030000  8.2 199.1  2.21 11.60 238.36  33.17  5  1.98 11.45 230.29  23.34  0.64 14.28 314.85   8.07  0.54 19.94 222.14   8.56  0.48 17.76 300.78  11.95  0.12 16.59 215.00   0.03
19940404 060000  8.1 190.3  2.19 11.36 237.39  32.97  4  1.93 11.24 229.58  23.27  0.67 19.33 222.35   9.17  0.64 14.18 314.44   8.24  0.47 17.57 299.86  12.06
19940404 090000  7.9 205.9  2.21 11.20 237.72  33.04  4  1.92 11.12 229.11  22.50  0.71 19.05 221.95   9.26  0.63 13.87 314.36   8.28  0.55 16.81 298.25  10.87
19940404 120000  3.7 171.9  2.19 16.82 239.86  33.34  5  1.82 11.08 229.42  21.63  0.77 18.55 223.05   8.97  0.65 16.67 297.50  10.78  0.63 13.63 314.29   8.36  0.23 15.51 244.01   8.02
19940404 150000  3.6 235.6  2.17 16.81 240.74  33.14  5  1.56 10.86 232.72  21.48  0.86 17.97 224.59  10.36  0.81 12.50 218.92   8.44  0.70 16.63 297.77  10.97  0.61 13.53 314.26   8.42
19940404 180000  5.5 221.3  2.17 16.79 239.40  32.33  4  1.74 11.08 229.32  19.43  0.93 17.74 224.26  10.28  0.68 16.62 298.51  11.09  0.59 13.45 314.20   8.42
19940404 210000  6.8 223.4  2.22 16.73 236.34  30.89  4  1.80 11.10 227.75  19.37  0.99 17.37 225.37   9.84  0.62 16.62 299.50  11.46  0.56 13.35 314.17   8.38
19940405 000000  6.6 195.3  2.23 16.64 233.56  29.91  4  1.80 11.19 225.97  19.95  1.07 16.71 225.90   9.69  0.55 16.61 300.84  11.27  0.54 13.21 314.32   8.21
19940405 030000  7.4 195.3  2.25 16.54 231.41  29.60  4  1.79 10.61 223.90  20.76  1.15 16.54 225.91   9.66  0.52 13.02 314.17   8.30  0.52 16.54 300.96  10.96
19940405 060000  7.9 196.2  2.27 16.36 230.95  29.74  4  1.73 10.59 222.79  21.54  1.26 16.75 225.80   9.34  0.56 16.18 299.67  10.74  0.51 12.90 314.18   8.27
19940405 090000  7.9 199.9  2.31 15.78 231.02  29.92  6  1.70 10.75 222.56  22.21  0.97 17.32 225.38   8.49  0.95 14.99 224.68  10.44  0.62 15.67 298.55  10.64  0.49 12.85 314.02   8.39  0.05 21.62 305.26   8.18
19940405 120000  6.8 192.5  2.32 15.79 231.67  29.81  5  1.64 10.85 223.23  22.63  1.44 16.72 224.89   9.40  0.66 15.59 298.28  10.74  0.47 12.82 313.85   8.39  0.07 21.61 304.57   8.97
19940405 150000  4.3 204.7  2.31 15.86 232.36  28.90  5  1.55 10.85 224.32  22.14  1.51 16.45 225.41   8.97  0.66 15.56 298.45  11.06  0.44 12.76 313.74   8.44  0.07 21.57 304.29   9.23
19940405 180000  6.5 222.2  2.32 15.76 232.23  27.56  4  1.51 10.76 226.37  21.73  1.60 16.18 224.92   9.28  0.64 15.55 299.05  11.20  0.42 12.64 313.57   8.59
19940405 210000  7.9 210.2  2.33 15.61 231.17  26.76  4  1.49 10.67 225.64  22.19  1.64 15.69 225.05   9.11  0.60 15.54 299.90  11.18  0.39 12.44 313.50   8.66
19940406 000000  8.9 206.5  2.33 15.46 229.56  26.68  5  1.48 10.46 222.86  23.43  1.67 15.43 225.13   8.95  0.57 15.51 300.36  10.85  0.37 12.29 313.72   8.44  0.10 20.33 305.94   8.41
19940406 030000  7.1 176.5  2.30 15.29 228.66  27.53  5  1.42 10.20 220.76  26.09  1.68 15.21 224.87   8.84  0.57 15.44 300.74  10.48  0.35 12.27 313.75   8.69  0.13 20.28 305.41   8.91
19940406 060000  6.4 165.7  2.22 14.96 229.22  28.02  4  2.11 14.83 223.26  18.11  0.57 15.24 300.05  10.60  0.34 12.29 313.51   8.81  0.15 20.23 304.71   9.49
19940406 090000  5.8 134.3  2.12 14.61 229.99  28.86  4  2.00 14.54 223.31  18.40  0.59 14.81 299.39  10.92  0.33 12.33 313.33   9.03  0.14 20.15 304.20   9.86
19940406 120000  4.2 182.9  2.01 14.50 231.09  28.96  4  1.89 14.42 223.72  17.37  0.60 14.66 299.18  10.96  0.32 12.37 313.17   9.23  0.13 19.78 304.30  10.04
19940406 150000  4.0 212.2  1.91 14.48 232.45  28.68  4  1.78 14.37 224.35  15.35  0.59 14.60 299.12  11.00  0.31 12.39 313.15   9.33  0.15 19.14 305.59   9.42
19940406 180000  7.6 230.3  1.86 14.50 233.74  28.83  6  0.54  3.32 226.72  31.22  1.65 14.35 225.10  12.18  0.58 14.57 299.00  11.00  0.31 12.40 313.32   9.21  0.20 19.03 306.22   8.71  0.06 24.59 304.68   8.52
19940406 210000  6.6 218.9  1.81 14.50 234.65  30.03  5  1.67 14.35 225.56  16.72  0.56 14.54 299.09  10.92  0.29 12.37 313.47   9.26  0.25 18.99 305.68   9.03  0.08 23.46 304.17   8.52
19940407 000000  5.2 201.3  1.67 14.44 235.86  31.70  4  1.53 14.29 225.30  17.63  0.62 14.50 302.31  11.99  0.26 18.93 304.99   9.44  0.09 23.33 304.28   8.66
19940407 030000  4.8 193.8  1.53 14.39 237.75  33.06  5  1.38 14.27 225.45  17.93  0.55 14.45 299.86  10.47  0.25 11.52 314.81   9.17  0.24 18.82 304.34   9.81  0.10 23.28 304.70   8.67
19940407 060000  5.9 197.3  1.45 14.31 239.64  33.79  5  1.30 14.19 226.28  18.52  0.55 14.38 300.22  10.47  0.24 11.55 314.37   9.85  0.23 18.42 304.70   9.90  0.12 23.13 303.88   8.72
19940407 090000  5.9 192.6  1.48 14.16 242.23  33.19  5  1.33 13.90 229.48  19.56  0.53 14.28 300.59  10.13  0.25 17.95 305.98   9.30  0.24 11.60 313.91  10.18  0.15 22.03 303.77   8.71
19940407 120000  6.0 185.3  1.60 13.81 244.87  31.71  7  0.48  3.28 209.13  35.41  1.16 13.75 229.35  11.26  0.72 12.02 253.67   9.07  0.52 14.13 300.55  10.03  0.32 17.84 306.65   8.79  0.24 11.65 313.67  10.21  0.17 21.84 303.81   8.82
19940407 150000  5.8 204.0  1.73 13.62 246.50  29.86  7  0.45  3.21 207.62  35.35  1.10 13.70 227.63   8.77  1.05 11.77 251.43  12.30  0.50 13.87 300.48  10.04  0.37 17.78 306.24   9.06  0.24 11.67 313.43  10.49  0.19 21.79 304.27   8.84
19940407 180000  7.4 216.1  1.86 13.58 246.78  28.37  7  0.55  3.25 217.55  31.19  1.18 11.19 252.90  12.55  1.13 13.57 227.95   9.66  0.48 13.70 299.86  10.57  0.39 17.72 305.44   9.57  0.23 11.69 314.11   9.78  0.20 21.68 304.37   8.44
19940407 210000  7.4 201.7  1.97 13.56 246.47  28.33  6  0.64  3.59 215.06  32.23  1.24 13.54 229.55  10.90  1.21 10.91 256.31  11.96  0.52 13.63 302.17  12.01  0.36 17.58 305.27   9.73  0.25 20.69 303.34   8.93
19940408 000000  7.8 195.9  2.14 13.54 245.57  27.77  7  0.72  3.74 211.59  33.80  1.25 13.43 229.50  10.58  1.18 10.21 258.47  12.77  0.82 17.93 244.84  10.67  0.51 13.58 301.47  13.07  0.33 17.35 305.14   9.74  0.27 20.44 303.71   8.96
19940408 030000  8.5 192.1  2.55 16.84 243.42  26.11  5  0.83  4.09 202.39  31.86  2.32 16.81 243.60  15.86  0.48 13.53 303.46  10.92  0.34 16.91 305.99   9.52  0.28 20.39 304.09   9.01
19940408 060000  8.6 190.9  3.04 16.41 241.95  23.68  4  2.97 16.34 239.37  20.19  0.45 13.50 303.16  10.78  0.39 16.74 306.78   9.15  0.28 20.35 304.33   9.14
19940408 090000  7.5 191.9  3.42 15.94 241.20  21.79  4  3.35 15.67 239.00  18.37  0.43 13.46 303.13  10.77  0.42 16.65 307.29   8.89  0.32 19.83 303.70   9.27
19940408 120000  7.7 189.8  3.62 15.40 240.20  20.83  4  3.55 15.33 238.12  17.31  0.43 16.57 306.99   9.38  0.40 13.43 303.07  10.57  0.38 19.12 303.56   8.85
19940408 150000  7.0 204.3  3.67 15.19 239.16  20.18  4  3.60 15.14 237.18  16.59  0.42 16.50 306.80   9.49  0.40 19.04 303.42   8.99  0.37 13.38 303.40  10.46
19940408 180000  9.2 219.4  3.71 14.90 237.76  19.54  5  0.99  4.62 216.94  28.77  3.51 14.85 237.35  13.77  0.40 19.02 303.87   9.03  0.39 16.41 306.38   9.66  0.35 13.28 303.58  10.39
19940408 210000  9.7 211.6  3.72 14.76 236.26  19.73  4  3.67 14.72 234.68  16.63  0.39 18.97 304.11   8.76  0.37 16.18 305.92  10.09  0.32 12.99 304.74   9.85
19940409 000000  8.3 192.9  3.67 14.68 234.73  20.78  4  3.61 14.64 232.99  17.48  0.47 18.43 304.18   9.38  0.31 15.58 306.21  10.20  0.30 12.83 305.29  10.33
19940409 030000  9.6 191.1  3.59 14.62 233.06  22.07  4  3.53 14.57 230.99  18.31  0.51 17.84 302.87  10.34  0.34 15.55 307.04  10.04  0.29 12.73 305.57  10.36
19940409 060000 10.3 184.0  3.51 14.62 231.21  23.30  4  3.45 14.55 228.91  19.24  0.52 17.77 302.09   9.98  0.36 15.51 309.63   8.60  0.28 12.68 304.08  10.83
19940409 090000  8.9 183.2  3.40 14.59 229.92  23.60  4  3.33 14.52 227.45  19.16  0.51 17.75 302.74   9.47  0.39 15.46 307.67  10.10  0.26 12.65 303.53  11.74
19940409 120000  8.8 172.9  3.31 14.47 228.12  24.17  4  3.24 14.43 225.59  19.65  0.50 17.71 302.48   9.82  0.39 15.43 307.16   9.99  0.24 12.60 304.83  10.68
19940409 150000  8.2 181.7  3.29 14.33 226.79  23.87  3  3.22 14.30 224.36  19.34  0.62 17.53 303.98  10.15  0.22 12.57 304.30  10.47
19940409 180000  9.7 203.7  3.35 14.17 225.90  22.96  3  3.29 14.12 223.69  18.58  0.61 16.87 303.79  10.07  0.21 12.57 304.60  10.58
19940409 210000 13.0 202.9  3.56 13.91 224.13  23.26  4  3.51 13.84 222.26  19.58  0.56 16.66 302.48   9.89  0.20 14.51 312.79   7.17  0.19 12.55 304.83  10.52
19940410 000000 11.5 194.5  3.64 13.81 222.71  24.11  3  3.59 13.75 220.97  20.82  0.59 16.59 303.51  10.20  0.18 12.55 305.13  10.31
19940410 030000  8.1 166.7  3.45 13.78 222.86  24.49  2  3.40 13.71 220.93  20.88  0.61 16.54 303.75  10.14
19940410 060000  7.6 177.4  3.22 13.75 223.30  24.01  2  3.16 13.67 221.06  19.63  0.61 16.49 303.71  10.16
19940410 090000  7.9 166.4  3.05 13.66 222.62  24.24  2  2.99 13.60 220.18  19.40  0.61 16.39 303.76  10.12
19940410 120000  8.4 183.0  2.90 13.56 222.22  23.99  2  2.84 13.52 219.74  18.92  0.58 16.16 303.73  10.15
19940410 150000  6.9 194.8  2.77 13.48 222.34  23.24  3  2.70 13.45 219.90  18.15  0.55 15.71 303.64  10.19  0.26 19.35 223.34   7.93
19940410 180000  8.4 209.7  2.69 13.39 222.63  22.51  4  2.62 13.36 220.27  17.47  0.52 15.56 303.35  10.25  0.30 19.38 223.88   8.38  0.10 11.78 306.78  10.55
19940410 210000  9.5 207.6  2.69 13.26 222.57  22.67  3  2.64 13.22 220.33  17.81  0.51 15.48 303.24  10.26  0.10 11.79 306.28  10.50
19940411 000000  9.6 195.0  2.68 12.95 221.94  23.63  3  2.59 12.89 219.56  19.21  0.52 15.43 303.18  10.47  0.49 18.08 222.44   8.61
19940411 030000  8.1 187.9  2.65 12.70 221.46  24.26  3  2.54 12.68 218.95  20.04  0.55 18.27 223.29   8.11  0.51 15.40 303.15  10.53
19940411 060000  6.9 174.9  2.56 12.58 221.89  23.97  4  1.74  8.18 220.39  25.85  1.72 12.56 218.29   9.97  0.57 18.85 224.44   8.04  0.50 15.35 303.26  10.60
19940411 090000  5.8 174.4  2.45 12.49 222.35  23.14  4  1.64  8.21 221.35  25.03  1.57 12.47 218.45   9.94  0.81 17.11 222.13   8.67  0.47 15.28 303.51  10.65
19940411 120000  7.6 178.6  2.40 17.14 222.12  22.45  4  2.12 12.29 219.92  19.77  0.99 17.20 221.78   8.68  0.43 15.07 303.81  10.66  0.31 14.49 215.00   0.00
19940411 150000  6.6 197.0  2.40 17.42 221.87  21.53  4  2.02 11.92 220.20  19.91  1.23 17.43 220.11   8.72  0.40 14.65 303.97  10.65  0.06 21.84 302.12   9.38
19940411 180000  8.6 215.9  2.47 17.33 222.00  20.70  5  1.72  8.71 221.39  22.02  1.38 17.34 220.23   8.37  1.03 11.65 218.56  11.75  0.39 14.50 304.00  10.63  0.07 21.79 303.04   9.36
19940411 210000  9.3 208.5  2.54 16.54 221.73  21.02  5  1.87  8.43 220.75  22.43  1.49 16.58 220.22   8.57  0.77 11.57 218.08   8.52  0.39 14.45 303.87  10.70  0.08 21.75 303.33   9.32
19940412 000000  7.4 196.8  2.56 16.39 221.04  21.68  4  1.81  7.95 219.28  24.17  1.77 16.40 219.91   9.02  0.39 14.43 303.89  10.53  0.08 21.58 303.22   9.17
19940412 030000  5.1 187.3  2.52 16.25 221.28  21.30  4  1.81 16.26 219.82   8.78  1.71  7.68 219.75  24.25  0.38 14.42 303.90  10.59  0.10 20.66 302.20   9.64
19940412 060000  3.2 174.0  2.49 15.73 221.78  20.28  4  1.87 15.82 220.06   8.96  1.59  7.48 220.69  23.39  0.37 14.40 304.08  10.69  0.13 20.42 302.36   9.51
19940412 090000  3.1 157.6  2.47 15.40 222.21  19.12  4  1.95 15.48 220.38   9.24  1.47  7.50 221.75  22.58  0.35 14.36 304.40  10.70  0.14 20.38 302.92   9.55
19940412 120000  6.5 174.0  2.47 15.29 222.14  18.51  4  2.00 15.33 220.92   9.73  1.42  7.68 221.00  22.40  0.32 14.24 304.74  10.68  0.15 20.34 303.05   9.53
19940412 150000  4.7 197.9  2.48 15.25 222.30  17.89  3  2.46 15.28 221.23  14.80  0.30 13.87 305.10  10.75  0.15 20.20 303.00   9.53
19940412 180000  7.5 209.1  2.50 15.11 222.76  17.73  3  2.48 15.15 221.70  14.65  0.29 13.63 305.31  10.76  0.18 19.42 302.85   9.66
19940412 210000  9.4 210.0  2.55 14.60 222.77  18.64  3  2.53 14.65 221.64  15.60  0.29 13.56 305.35  10.80  0.20 19.12 302.46   9.71
19940413 000000  7.0 192.6  2.57 14.53 222.34  20.24  3  2.54 14.58 221.13  17.31  0.29 13.53 305.40  10.65  0.22 19.07 302.55   9.71
19940413 030000  6.2 191.0  2.47 14.66 222.68  20.51  4  2.44 14.72 221.38  17.40  0.29 13.52 305.27  10.58  0.22 19.04 302.49   9.79  0.06 16.59 305.48   7.86
19940413 060000  7.3 186.9  2.36 15.10 222.76  20.59  4  1.36  7.24 220.07  25.64  1.90 15.11 221.94  10.54  0.28 13.50 305.25  10.44  0.23 18.94 302.79   9.98
19940413 090000  7.5 188.7  2.29 15.12 222.59  21.13  4  1.33  6.95 219.13  26.04  1.83 15.12 221.95  10.45  0.26 13.47 305.28  10.66  0.26 18.41 302.77   9.88
19940413 120000  8.2 177.4  2.28 14.70 222.48  22.23  4  1.36  6.87 217.93  26.98  1.78 14.74 222.32  10.69  0.29 17.93 302.76   9.89  0.24 13.43 305.71  10.88
19940413 150000  6.2 207.0  2.25 14.43 223.58  22.07  5  1.42  7.06 221.34  25.50  1.70 14.46 222.13  10.60  0.30 17.86 302.87   9.89  0.23 13.34 306.01  11.15  0.06 15.51 306.82   8.85
19940413 180000  8.2 216.0  2.25 14.28 224.09  21.70  4  1.48  7.15 223.06  24.31  1.66 14.30 221.90  10.52  0.31 17.83 302.98   9.92  0.22 13.14 306.45  11.30
19940413 210000  8.7 206.3  2.27 14.14 223.68  22.30  4  1.55  6.97 222.58  25.15  1.62 14.16 221.64  10.42  0.31 17.78 302.82   9.92  0.21 12.84 306.55  11.18
19940414 000000  8.1 191.1  2.25 13.94 222.94  23.37  5  1.55  6.77 221.07  26.61  1.38 13.99 222.00  10.36  0.80 16.42 219.32   9.38  0.32 17.58 302.52   9.93  0.21 12.73 306.43  11.13
19940414 030000  6.9 200.0  2.17 13.83 223.26  23.90  5  1.45  6.63 221.23  26.88  1.25 13.46 221.32  10.70  0.94 15.88 220.55   8.83  0.35 16.91 302.30  10.22  0.20 12.67 306.39  10.82
19940414 060000  7.2 187.9  2.11 15.44 223.61  24.33  4  1.37  6.55 220.97  26.95  1.55 15.32 221.14  10.07  0.38 16.74 302.61  10.24  0.20 12.64 306.32  10.77
19940414 090000  4.6 175.7  2.14 15.13 224.28  23.35  4  1.64 15.09 221.36   9.78  1.30  6.52 222.38  26.44  0.39 16.70 302.96  10.34  0.19 12.61 306.10  11.03
19940414 120000  5.6 180.0  2.27 14.47 224.68  21.00  4  1.90 14.45 222.14   9.74  1.17  6.49 223.68  25.88  0.39 16.68 303.16  10.18  0.19 12.60 306.84  10.40
19940414 150000  3.8 229.7  2.46 14.27 225.42  18.73  3  2.42 14.25 223.69  14.09  0.38 16.64 303.01  10.17  0.18 12.58 307.40  10.63
19940414 180000  6.4 230.5  2.61 14.10 226.65  17.61  3  2.57 14.09 225.12  13.33  0.39 16.49 302.48  10.20  0.17 12.56 308.78  10.41
19940414 210000  7.3 205.7  2.68 13.67 227.53  18.08  3  2.64 13.66 225.96  13.96  0.41 16.00 302.45  10.27  0.16 12.50 308.79  10.56
19940415 000000  6.9 177.1  2.65 13.42 227.97  19.49  3  2.61 13.42 226.20  15.33  0.44 15.72 302.18  11.05  0.15 12.42 308.83  10.69
19940415 030000  6.6 198.1  2.56 13.21 228.82  20.11  3  2.51 13.21 226.84  15.61  0.45 15.66 302.78  10.52  0.14 12.15 309.97  10.37
19940415 060000  8.7 192.4  2.52 12.84 228.32  21.37  3  2.47 12.84 226.26  17.04  0.45 15.64 303.13  10.17  0.14 11.96 310.08  10.50
19940415 090000  7.7 179.9  2.46 12.63 227.91  22.84  2  2.42 12.63 225.81  18.83  0.46 15.62 303.94  10.22
19940415 120000  6.1 183.6  2.33 12.48 229.27  22.73  3  2.29 12.48 227.00  18.46  0.43 15.56 303.10  10.01  0.14 11.85 310.70  10.72
19940415 150000  6.0 218.2  2.22 12.37 230.88  22.37  4  2.17 12.38 228.35  17.58  0.43 15.41 303.08  10.10  0.13 11.82 311.04  10.69  0.05 20.37 293.14  10.73
19940415 180000  7.8 217.5  2.15 12.28 231.84  22.69  4  2.10 12.30 229.08  17.60  0.44 15.19 303.05  10.12  0.13 11.81 311.77  10.66  0.06 20.35 293.33  11.34
19940415 210000  8.3 205.3  2.12 12.17 231.86  23.95  4  2.07 12.21 228.90  18.90  0.45 14.96 303.10  10.21  0.13 11.81 312.34  10.48  0.06 20.34 293.98  11.37
19940416 000000  6.7 188.2  2.06 12.09 231.91  25.22  5  1.97 12.11 228.93  20.44  0.45 14.86 303.18  10.26  0.38 14.95 222.85   6.50  0.13 11.79 313.40  10.40  0.06 20.27 293.45  12.40
19940416 030000  6.5 197.1  1.97 12.04 232.59  25.46  6  1.88 12.05 229.29  20.34  0.45 14.80 303.29  10.22  0.37 14.70 224.78   7.65  0.13 11.78 314.53   9.63  0.09 22.75 227.62   6.82  0.07 19.81 293.82  11.04
19940416 060000  7.5 189.6  1.96 12.01 231.53  25.97  5  1.90 12.01 228.03  20.63  0.45 14.73 303.36  10.14  0.19 21.49 227.34   7.36  0.13 11.75 315.85   8.65  0.09 19.14 292.67  11.83
19940416 090000  7.8 190.2  2.00 11.98 230.56  25.94  5  0.95  5.52 214.54  30.48  1.65 11.97 230.97  14.92  0.45 14.66 304.60  10.21  0.37 20.23 227.02   7.40  0.11 19.05 292.65  12.06
19940416 120000  7.1 174.1  2.06 11.93 230.31  25.33  5  1.90 11.92 227.27  21.34  0.63 19.10 227.25   7.64  0.44 14.57 304.39   9.83  0.11 19.02 293.01  12.47  0.09 11.03 314.29  10.27
19940416 150000  6.6 203.2  2.16 18.17 230.66  23.29  4  1.88 11.86 228.15  20.31  0.96 18.12 227.50   8.01  0.44 14.48 304.69  10.39  0.11 19.01 293.38  12.96
19940416 180000 10.5 203.0  2.44 17.51 228.91  22.04  5  1.97 11.81 226.64  21.35  1.38 17.50 227.44   8.07  0.42 14.41 304.06  10.27  0.11 18.96 294.77  11.78  0.10 10.99 316.66   8.92
19940416 210000 11.8 202.2  2.94 16.70 226.32  22.46  4  1.78  6.00 216.50  27.32  2.30 16.70 229.62  11.25  0.42 14.35 304.74  10.60  0.11 18.72 296.80   9.59
19940417 000000  9.9 192.7  3.31 16.31 225.10  22.73  4  2.18  7.09 217.15  27.75  2.45 16.31 228.99  10.44  0.41 14.30 304.77  10.58  0.14 17.96 293.65  11.10
19940417 030000  8.4 182.7  3.41 15.73 225.24  22.15  4  2.24  7.81 217.57  27.32  2.54 15.77 229.00  10.19  0.40 14.25 304.77  10.54  0.16 17.82 294.23  11.46
19940417 060000  7.2 174.8  3.36 15.56 225.91  21.13  4  2.55 15.60 228.41   9.86  2.14  8.09 219.62  26.69  0.38 14.20 305.17  10.14  0.18 17.79 294.08  12.15
19940417 090000  7.5 169.7  3.31 15.49 225.76  20.46  4  2.57 15.52 227.86  10.23  2.04  8.39 219.63  26.14  0.37 14.08 305.36  10.13  0.18 17.77 294.26  12.73
19940417 120000  8.1 180.2  3.40 15.33 224.58  20.17  2  3.39 15.36 223.96  18.75  0.35 13.85 305.55  10.16
19940417 150000  8.8 186.8  3.54 15.00 223.50  19.86  3  3.52 15.04 222.85  18.38  0.33 13.68 305.54  10.45  0.17 17.67 295.78  11.56
19940417 180000 10.0 200.8  3.60 14.60 222.88  19.68  3  3.58 14.63 222.29  18.31  0.31 13.58 305.71  10.39  0.18 17.19 293.73  11.73
19940417 210000 12.1 204.3  3.71 14.40 222.28  20.13  3  3.69 14.43 221.72  18.90  0.30 13.52 305.80  10.24  0.20 16.73 292.66  12.28
19940418 000000 12.1 195.0  3.80 14.19 221.19  21.57  3  3.78 14.23 220.65  20.47  0.29 13.48 305.93   9.76  0.22 16.65 294.46  11.70
19940418 030000  9.1 186.6  3.71 13.85 221.46  21.99  3  3.69 13.92 220.89  20.86  0.28 13.45 305.92   9.64  0.24 16.62 295.03  11.98
19940418 060000  8.6 193.6  3.46 13.64 222.52  21.23  3  3.44 13.66 221.88  19.92  0.27 13.43 306.09   9.59  0.24 16.61 295.68  12.19
19940418 090000  7.4 185.9  3.28 13.52 222.86  20.74  3  3.26 13.53 222.19  19.32  0.26 13.40 306.35   9.58  0.23 16.58 296.08  12.18
19940418 120000 11.5 193.5  3.24 13.45 222.08  21.03  3  3.22 13.46 221.45  19.70  0.25 13.35 306.65   9.64  0.22 16.51 295.74  12.16
19940418 150000  9.5 196.9  3.30 13.41 221.64  21.13  3  3.28 13.44 221.08  19.97  0.23 13.21 306.86   9.72  0.22 16.27 294.94  11.94
19940418 180000 10.1 210.3  3.31 13.38 221.94  20.82  3  3.30 13.41 221.39  19.71  0.25 15.72 292.00  14.07  0.21 12.85 306.71  10.07
19940418 210000 10.9 202.0  3.32 13.34 221.49  21.19  3  3.30 13.36 220.93  20.09  0.26 15.59 293.50  13.29  0.20 12.70 306.86   9.67
19940419 000000  8.5 195.5  3.23 13.26 220.64  21.87  4  3.22 13.28 220.02  20.67  0.27 15.54 294.71  12.55  0.19 12.64 307.10   9.62  0.08 20.40 219.21   7.41
19940419 030000  5.5 174.4  3.02 13.13 221.01  21.63  4  2.34  9.36 219.20  23.79  1.87 13.16 221.78  12.32  0.29 15.52 295.48  12.94  0.19 12.62 306.98   9.26
19940419 060000  2.6 164.8  2.76 12.80 221.65  20.95  4  2.74 12.82 220.73  19.03  0.29 15.50 296.40  12.87  0.19 12.59 306.91   9.35  0.13 19.29 218.52   7.40
19940419 090000  2.6 134.4  2.55 12.62 222.15  20.22  4  2.52 12.63 221.08  17.84  0.29 15.47 296.15  12.57  0.19 12.60 307.53   9.30  0.15 19.46 219.08   8.02
19940419 120000  3.2 149.2  2.39 12.52 222.31  19.63  4  2.36 12.51 221.12  16.86  0.28 15.40 296.19  12.38  0.19 12.59 307.78   9.32  0.17 19.92 219.66   7.99
19940419 150000  1.8 231.9  2.23 12.43 222.28  19.27  4  2.19 12.42 220.95  16.09  0.28 15.20 296.14  12.52  0.24 19.10 220.47   8.25  0.19 12.58 307.71   9.30
19940419 180000  6.5 222.5  2.09 12.27 222.24  19.40  4  2.05 12.26 220.74  15.81  0.29 18.68 220.34   7.90  0.29 14.71 296.19  12.31  0.17 12.45 308.13   9.67
19940419 210000  6.8 208.9  1.99 11.95 221.92  20.27  4  1.93 11.94 220.12  16.40  0.36 18.68 221.67   8.10  0.30 14.56 296.09  12.33  0.16 12.15 308.63   9.80
19940420 000000  3.4 189.1  1.91 11.82 221.61  21.24  5  1.35 11.81 220.47  10.94  1.23  8.25 218.29  22.27  0.42 17.95 220.82   7.35  0.32 14.51 296.87  12.44  0.16 11.94 309.11   9.73
19940420 030000  4.7 199.0  1.85 11.74 221.90  21.48  4  1.73 11.73 219.31  16.78  0.55 17.52 221.99   8.01  0.34 14.48 297.30  14.13  0.15 11.82 308.68   8.48
19940420 060000  7.3 183.7  1.84 11.68 221.09  22.24  5  1.67 11.66 218.02  17.58  0.67 17.27 221.98   8.22  0.34 14.46 297.65  13.71  0.14 11.78 308.24   8.18  0.08 16.64 310.81   8.13
19940420 090000  6.3 179.9  1.84 16.52 220.73  22.80  5  1.63 11.55 217.30  18.41  0.77 16.52 221.65   7.75  0.34 14.43 298.09  13.72  0.15 11.77 307.44   9.15  0.08 16.62 311.82   8.31
19940420 120000  5.3 155.5  1.83 16.36 221.07  22.69  6  1.53 11.34 216.85  18.61  0.92 16.35 222.04   7.91  0.34 14.39 298.45  13.68  0.15 11.77 307.85   8.82  0.11  9.55 272.00   7.78  0.08 16.61 313.06   8.47
19940420 150000  5.0 202.6  1.83 15.80 221.88  21.54  6  1.49 11.19 218.07  17.44  0.99 15.93 221.65   7.88  0.34 14.30 298.89  13.16  0.14 11.72 309.40   8.42  0.10  9.42 272.93   7.35  0.07 16.60 315.18   7.52
19940420 180000  7.9 201.3  1.91 15.32 221.28  21.06  6  1.18  7.72 215.03  21.05  1.14 15.42 221.94   8.03  0.91 11.12 220.20  10.28  0.34 14.03 299.89  13.58  0.15 11.73 308.79   8.37  0.11  9.23 273.16   8.34
19940420 210000  9.3 197.5  2.07 15.29 220.13  21.40  6  1.40  7.57 214.60  22.28  1.17 15.33 221.20   7.91  0.85 11.08 220.32   9.80  0.37 13.66 301.30  13.47  0.32 19.25 227.24   6.80  0.07  9.25 276.87   6.60
19940421 000000  7.9 190.0  2.25 15.20 218.23  23.09  6  1.63  6.89 212.40  24.87  1.47 15.21 220.98   8.55  0.34 13.55 300.39  13.46  0.27 19.19 227.14   4.90  0.12 15.56 312.25   6.49  0.08  9.35 277.44   6.49
19940421 030000  9.2 174.4  2.26 14.70 216.81  24.82  6  1.66  6.98 209.79  27.18  1.42 14.76 220.77   8.42  0.45 18.53 225.84   7.51  0.33 13.51 300.93  13.47  0.13 15.54 311.42   8.54  0.08  9.48 278.29   6.64
19940421 060000  8.9 178.2  2.21 14.43 216.77  24.84  5  1.58  6.96 209.19  27.49  1.35 14.51 220.84   8.54  0.63 17.68 222.20   8.08  0.34 13.49 300.86  13.53  0.11 15.53 314.24   7.47
19940421 090000  8.1 174.7  2.15 14.36 216.72  24.71  6  1.48  6.86 208.48  27.56  1.38 14.43 220.02   9.12  0.62 17.61 222.28   7.96  0.34 13.48 302.00  13.10  0.11 15.53 315.12   7.65  0.10  9.80 281.05   8.82
19940421 120000  8.1 182.2  2.13 14.29 216.44  24.29  5  1.42  6.79 208.44  27.16  1.45 14.36 218.26   9.73  0.53 17.49 225.91   6.74  0.36 13.49 303.14  13.14  0.11  9.56 280.46   8.72
19940421 150000  8.5 182.1  2.18 14.09 215.42  24.18  5  1.43  6.77 207.67  27.09  1.41 14.13 216.95  10.81  0.74 16.49 221.40   8.02  0.36 13.51 303.27  13.06  0.12  9.45 281.07   8.25
19940421 180000  9.6 203.5  2.27 13.71 215.78  22.82  5  1.54  6.74 211.01  25.02  1.45 13.74 215.55  10.96  0.73 16.44 221.31   7.98  0.35 13.52 303.63  13.15  0.13  9.42 280.59   8.31
19940421 210000 10.2 195.0  2.45 13.60 215.69  22.80  6  1.81  6.76 212.47  24.53  1.58 13.60 215.98  10.71  0.35 16.62 226.71   4.88  0.31 13.33 301.85  13.26  0.14 14.59 315.90   6.85  0.13  9.13 281.76   7.46
19940422 000000  7.7 204.6  2.52 13.54 215.67  23.12  6  1.88  7.20 213.19  25.28  1.59 13.55 215.18  10.89  0.42 15.56 226.71   5.31  0.29 12.82 301.65  13.94  0.17 14.49 314.20   7.34  0.14  9.02 282.22   7.60
19940422 030000  6.2 175.6  2.45 13.49 216.31  22.64  7  1.77  7.49 214.50  25.13  1.59 13.51 214.43  10.80  0.50 15.59 227.64   4.84  0.28 12.67 302.65  13.99  0.16 14.50 314.70   7.53  0.15  8.90 282.18   6.81  0.06 22.65 219.85   8.59
19940422 060000  4.0 154.8  2.32 13.45 216.67  21.92  6  1.61 13.48 214.06  11.45  1.56  7.58 215.83  24.39  0.44 15.63 225.05   4.82  0.32 12.68 306.01  13.42  0.15  8.73 282.57   6.97  0.09 21.95 219.50   9.30
19940422 090000  4.4 145.3  2.18 13.42 216.63  21.56  5  1.65 13.50 214.09  11.79  1.38  7.57 216.51  23.51  0.32 12.73 306.38  12.87  0.15  8.56 282.64   6.61  0.11 21.86 221.59   9.26
19940422 120000  5.8 183.4  2.08 13.53 216.32  21.71  6  1.64 13.74 213.62  12.07  1.22  7.80 216.14  23.47  0.31 12.84 305.90  12.42  0.15  8.47 282.33   7.38  0.13 21.50 222.36   9.85  0.10 15.54 316.55   8.35
19940422 150000  5.0 191.4  2.03 13.84 216.37  21.78  9  1.53 14.07 214.28  12.36  1.21  8.18 216.01  22.21  0.41 12.58 202.35   4.63  0.28 13.01 303.34  12.25  0.17 20.71 222.55   9.69  0.15  8.32 282.06   8.09  0.14 11.01 315.95   8.32  0.10 15.52 316.51   7.21  0.05 17.92 305.95  10.73
19940422 180000  6.9 214.7  2.06 13.63 216.85  21.70  8  1.37  8.74 217.18  20.61  1.49 13.93 213.06  12.48  0.28 13.08 304.11  12.62  0.20 20.60 223.93   9.79  0.14 10.95 315.00   8.14  0.14  8.20 283.53   7.16  0.11 15.51 316.90   7.12  0.06 17.71 304.00  10.45
19940422 210000  8.0 203.7  2.11 13.37 216.91  22.11  6  1.49  8.50 216.55  21.23  1.43 13.43 213.46  12.68  0.31 12.94 306.33  12.84  0.24 20.41 224.63   9.97  0.13  8.04 283.73   7.38  0.12 15.56 312.87  10.32
19940423 000000  7.2 198.6  2.10 13.26 216.71  22.92  6  1.55  7.99 216.36  22.49  1.35 13.30 212.83  12.53  0.32 12.76 307.07  12.99  0.30 19.65 224.84   9.74  0.12  7.95 283.64   7.35  0.08 17.53 306.65  11.20
19940423 030000  5.3 194.2  2.04 13.20 217.09  23.32  7  1.49  7.73 216.68  22.96  1.30 13.25 212.84  12.37  0.34 19.37 225.95   9.97  0.30 12.66 305.87  13.60  0.12  7.88 283.87   7.63  0.10 14.68 316.55   3.62  0.09 17.51 308.23  10.90
19940423 060000  6.5 191.9  1.95 13.14 217.44  23.48  7  1.41  7.60 217.13  22.78  1.25 13.20 212.49  12.21  0.38 19.26 226.77  10.26  0.29 12.61 305.02  13.42  0.14 14.51 316.36   7.19  0.10  7.78 285.53   8.01  0.09 17.35 309.00  11.07
19940423 090000  4.8 195.2  1.85 12.88 218.00  23.63  7  1.27  7.52 217.90  22.77  1.22 13.01 212.20  11.88  0.45 18.82 226.72  10.13  0.29 12.60 305.30  13.62  0.15 14.50 316.34   7.23  0.10 16.85 307.30  11.20  0.10  7.71 284.34   7.30
19940423 120000  5.1 203.1  1.75 12.62 218.96  23.66  6  1.18 12.62 212.72  12.24  1.15  7.55 218.98  22.72  0.50 18.12 227.37  10.22  0.28 12.60 306.68  12.29  0.15 14.50 316.44   7.26  0.11 16.67 306.40  10.70
19940423 150000  4.7 227.5  1.68 12.46 219.93  23.81  7  1.12 12.44 212.66  12.11  1.09  8.05 220.22  22.06  0.52 18.06 228.41  10.21  0.25 12.62 305.73  11.80  0.14 14.49 316.31   7.31  0.13 16.55 307.10  11.38  0.12 10.31 316.67   8.08
19940423 180000  5.7 212.4  1.67 12.35 220.65  24.02  8  1.09  8.19 220.65  21.89  1.07 12.30 212.52  11.66  0.56 18.03 228.58  10.41  0.28 12.71 307.89  11.40  0.14 16.52 309.28  11.26  0.11 10.24 318.45   7.05  0.08 12.61 263.70   7.16  0.08 14.49 315.00   0.00
19940423 210000  5.9 211.2  1.65 12.13 221.04  24.39  8  1.11  8.21 219.54  21.73  0.99 12.05 212.63  11.79  0.48 16.97 223.88   9.05  0.39 19.40 235.61   8.03  0.29 13.19 308.71  11.19  0.15 16.52 309.93  11.36  0.11 10.16 317.51   7.10  0.09 12.46 261.95   6.99
19940424 000000  5.3 205.5  1.59 11.87 221.41  25.03  9  1.07  8.06 218.40  21.11  0.92 11.81 212.17  11.47  0.46 16.67 221.97   7.83  0.45 19.04 236.39   7.32  0.29 13.38 308.56  11.43  0.16 16.42 310.27  11.17  0.12  8.39 278.57  11.30  0.12 10.20 315.71   7.90  0.10 12.35 261.08   6.73
19940424 030000  4.1 206.6  1.51 11.72 222.07  25.80 10  0.99  7.93 217.86  21.19  0.87 11.61 212.24  11.35  0.48 16.63 223.32   7.88  0.42 18.64 238.65   6.07  0.22 11.93 304.80  10.72  0.18 13.56 315.88   7.33  0.16 16.05 309.21  10.76  0.13  8.35 278.04  11.51  0.12 10.19 314.87   8.90  0.12 12.10 263.43  10.11
19940424 060000  6.1 207.0  1.47 11.60 222.78  26.36  9  0.92  8.02 217.80  21.26  0.85 11.37 211.96  10.91  0.65 17.15 230.23  10.33  0.23 11.89 303.78  10.84  0.18 13.54 315.87   7.43  0.17 15.61 309.10  10.59  0.13  8.33 277.64  10.33  0.12 11.96 262.37   7.49  0.11 10.07 317.32   7.36
19940424 090000  4.4 199.9  1.43 15.85 223.45  27.25  9  1.19 11.16 214.50  17.52  0.50 17.97 234.99   8.00  0.46 15.70 224.21   9.99  0.26 11.89 306.03  11.93  0.19 15.52 308.95  10.43  0.17 13.54 315.94   7.44  0.13 11.87 259.27   8.43  0.13  8.31 276.87  11.02  0.06 17.76 318.98   4.94
19940424 120000  4.2 193.5  1.37 15.76 224.37  28.01  8  1.12 11.00 214.29  16.89  0.67 15.87 230.41  10.47  0.27 11.93 306.65  11.85  0.21 15.49 310.13  10.65  0.16 13.54 315.87   7.42  0.14 11.83 259.95   8.19  0.14  8.19 276.89  11.04  0.07 17.75 316.08   7.48
19940424 150000  4.2 206.4  1.32 15.77 225.08  28.58  8  1.06 10.83 213.90  16.09  0.65 15.92 231.25  10.26  0.29 12.06 308.82  11.65  0.22 15.47 310.89  10.54  0.14 11.76 260.40   8.33  0.14  8.06 277.02  11.09  0.09 13.54 315.00   0.02  0.06 17.75 316.37   7.42
19940424 180000  4.4 216.3  1.27 15.73 225.73  29.00  6  1.01 10.58 213.65  15.59  0.64 15.89 231.77  10.05  0.30 12.41 309.76  11.01  0.22 15.44 311.27  10.41  0.14 11.69 259.99   8.38  0.14  7.96 277.37  11.00
19940424 210000  4.3 226.6  1.21 15.58 226.64  29.76  6  0.95 10.42 213.47  15.51  0.63 15.67 231.77  10.15  0.30 12.51 309.98  11.08  0.22 15.34 310.60  10.47  0.14  7.88 277.52  11.10  0.14 11.50 260.15   7.62
19940425 000000  2.0 183.5  1.15 15.03 228.06  31.23  7  0.64 10.31 210.21   9.08  0.61 15.26 231.73  10.25  0.60  7.73 216.38  19.56  0.29 12.52 310.54  10.59  0.25 14.67 310.58  10.32  0.15 11.21 260.19   9.21  0.14  7.80 278.02  11.16
19940425 030000  2.1 146.6  1.08 14.82 230.36  33.24  9  0.60 10.21 210.40   8.87  0.58 15.05 232.15  10.16  0.52  7.66 215.72  19.51  0.28 12.56 310.48  10.64  0.22 14.51 308.86  10.78  0.14 11.13 260.72   9.45  0.14 16.53 315.38   6.76  0.14  7.72 278.44  11.37  0.09  9.53 315.58   8.02
19940425 060000  1.6 128.9  1.00 14.70 233.33  35.31  8  0.71 10.07 212.61  14.81  0.54 14.95 232.74  10.05  0.28 12.57 310.64  10.59  0.25 14.51 310.00  10.62  0.14 11.03 261.66   9.01  0.14  7.58 279.20  10.75  0.12 16.59 315.60   7.59  0.09  9.52 315.40   8.22
19940425 090000  2.5 146.4  0.95 14.61 235.60  38.50 10  0.65  9.83 209.23  18.94  0.51 14.78 233.34   9.96  0.27 12.53 310.40  10.94  0.26 14.50 310.90  10.20  0.14 10.98 261.50   9.94  0.13  4.40 282.02  14.19  0.11  7.52 274.07   7.74  0.10 16.59 315.58   7.58  0.09  9.51 314.28   9.77  0.08  6.45 290.01   9.48
19940425 120000  0.8 186.3  0.93 14.56 241.13  39.37  7  0.53  9.71 208.24  16.49  0.51 14.61 233.81   9.83  0.38  7.26 257.23  39.46  0.28 12.42 310.22  11.22  0.28 14.51 311.93   9.69  0.15 10.89 260.06  10.55  0.06 23.04 218.78   7.46
19940425 150000  2.0 238.7  0.99 14.52 250.92  36.18  7  0.56  7.32 265.21  25.54  0.52 14.49 234.13   9.74  0.45  9.64 208.95  13.93  0.29 14.58 311.74   9.78  0.28 11.84 310.83  10.57  0.16 10.78 259.47  11.99  0.07 22.46 219.13   7.53
19940425 180000  2.4 229.8  1.06 14.43 258.02  32.41  6  0.74  7.39 267.47  18.66  0.52 14.38 234.49   9.52  0.37  9.58 209.23  11.18  0.29 15.14 311.20   9.60  0.28 11.74 310.87  11.12  0.08 21.94 219.25   7.48
19940425 210000  1.4 262.6  1.13 14.00 261.45  29.71  7  0.85  7.44 268.41  16.12  0.53 14.20 234.64   9.42  0.32  9.52 209.42   9.61  0.27 11.69 309.79  11.02  0.24 13.59 309.52  11.08  0.21 15.45 314.73   6.97  0.09 21.72 219.10   7.38
19940426 000000  2.1  59.2  1.18 13.72 262.62  28.50  7  0.91  7.48 268.96  15.72  0.55 13.86 234.44   9.37  0.29  9.40 208.80   8.41  0.27 11.71 311.15  10.50  0.26 13.58 308.80  10.20  0.18 15.48 315.36   7.96  0.10 21.40 219.32   7.57
19940426 030000  1.2  16.7  1.19 13.61 262.97  28.28  7  0.92  7.44 269.54  16.29  0.56 13.63 234.32   9.15  0.28 13.59 310.29  10.39  0.27  9.24 208.29   8.16  0.26 11.72 311.24  10.69  0.14 15.52 313.78   7.75  0.11 20.72 219.65   7.52
19940426 060000  3.7 341.8  1.20 13.55 264.63  30.10  6  0.93  7.41 272.17  20.57  0.57 13.52 234.11   9.32  0.31 13.61 311.30   9.97  0.26 11.73 311.96  10.35  0.25  9.12 208.69   8.79  0.11 20.46 220.02   7.28
19940426 090000  5.3 353.3  1.21 13.51 267.59  32.45  6  0.95  7.32 276.17  24.90  0.57 13.43 233.98   9.53  0.32 13.68 311.80   9.45  0.25 11.68 312.23  10.90  0.24  9.02 209.66   9.73  0.12 20.25 219.96   7.72
19940426 120000  8.8   8.0  1.29 13.45 274.74  39.47  6  1.04  7.24 286.40  35.98  0.57 13.31 233.52   9.61  0.33 13.93 312.17   9.03  0.25  8.58 212.23  10.59  0.25 11.64 311.85  11.33  0.13 19.86 219.88   7.68
19940426 150000  6.9  18.3  1.38 13.06 276.94  43.49  6  1.08  7.06 295.58  41.07  0.60 12.88 232.52   9.95  0.43  9.43 236.10  19.76  0.40 14.22 312.19   9.71  0.14 19.28 219.95   7.53  0.05 17.97 309.03  10.71
19940426 180000  6.5 338.2  1.45 12.70 271.22  40.31  7  1.09  7.07 292.65  36.16  0.85 12.65 233.48  13.87  0.29 14.31 310.67   9.39  0.24 11.16 311.88  12.03  0.14 19.07 220.34   7.50  0.12 12.66 315.00   0.00  0.05 17.96 308.60  11.25
19940426 210000  6.5 346.8  1.61 12.60 268.45  39.38  6  1.30  8.77 284.51  35.87  0.86 12.54 229.15  12.04  0.26 12.80 311.03   9.94  0.21 11.02 311.67  12.21  0.21 14.51 309.59   9.83  0.17 18.87 218.47   8.68
19940427 000000 10.9 353.8  1.94 12.49 269.31  42.37  5  1.90 12.38 267.57  42.31  0.32 12.79 310.54  10.10  0.21 11.02 312.76  10.71  0.17 18.34 219.66   8.38  0.08 16.78 308.56  10.62
19940427 030000  6.9 347.3  2.29 11.10 261.53  38.90  5  2.25 11.16 260.03  38.53  0.33 12.82 310.53  10.27  0.21 10.98 312.12  10.88  0.16 17.96 221.51   6.47  0.09 16.76 308.69  10.87
19940427 060000  3.2 258.1  2.42 10.53 253.23  33.61  5  2.38 10.50 251.82  32.72  0.34 12.95 310.20  10.93  0.21 10.96 312.39  10.75  0.20 17.60 220.75   6.35  0.09 16.85 306.91  12.82
19940427 090000  6.3 186.9  2.40 10.36 247.23  31.24  6  2.19 10.34 249.33  30.20  0.65 12.05 239.57   5.96  0.59 13.98 206.54   8.20  0.36 13.11 310.79  10.58  0.17 10.93 315.71   8.57  0.15 17.95 225.48   6.58
19940427 120000  8.2 171.1  2.36 10.24 240.85  31.61  4  2.17 10.21 244.10  29.52  0.84 13.15 208.85   9.68  0.37 13.21 311.95   9.99  0.11 15.70 307.97  11.20
19940427 150000  8.5 191.4  2.35 11.79 235.04  31.17  5  1.93 11.69 244.90  29.82  1.13 13.07 210.32   9.84  0.65  9.91 213.61   7.59  0.34 13.29 312.35   9.21  0.12 15.58 309.27   9.95
19940427 180000  9.0 189.0  2.42 11.84 230.26  30.09  4  1.93 11.66 239.64  30.38  1.41 12.86 211.20   9.47  0.33 13.26 311.55   9.87  0.12 15.57 309.75  10.20
19940427 210000  9.7 195.5  2.48 11.97 227.34  28.56  4  1.90  9.73 236.17  30.58  1.56 12.80 213.09  10.24  0.31 13.23 311.44   9.70  0.12 15.61 309.07  11.36
19940428 000000  9.6 195.5  2.56 12.33 225.34  27.21  2  2.54 12.32 224.31  25.53  0.33 12.96 310.95  10.19
19940428 030000  8.8 194.1  2.58 12.28 224.18  26.56  2  2.56 12.26 223.18  24.83  0.32 12.64 310.99  10.14
19940428 060000  6.8 181.4  2.47 11.98 224.76  25.79  3  2.45 11.95 223.66  23.79  0.29 12.59 311.60   9.97  0.16 14.53 309.32  10.27
19940428 090000  4.1 197.2  2.31 11.80 225.71  24.87  5  1.82 11.77 224.17  16.74  1.39  7.65 225.00  29.91  0.29 12.56 311.83  10.33  0.12 14.49 311.14   4.87  0.10 16.54 303.42  11.42
19940428 120000  5.4 179.0  2.16 11.63 226.16  24.36  4  2.13 11.60 224.78  21.64  0.25 12.43 311.67  10.05  0.18 14.36 312.13   7.88  0.09 16.60 301.39  10.69
19940428 150000  5.5 199.8  2.00 11.28 226.16  24.21  5  1.97 11.26 224.63  21.35  0.29 12.53 311.20   9.82  0.21 15.59 227.63   5.18  0.09 14.49 315.00   0.02  0.09 16.53 302.42  11.09
19940428 180000  6.8 199.3  1.90 11.07 225.44  24.45  3  1.85 11.05 223.80  21.48  0.30 12.59 310.54   9.72  0.25 15.69 226.68   7.59
19940428 210000  6.9 203.5  1.81 10.93 224.85  25.16  3  1.74 10.92 223.09  22.15  0.41 14.99 222.26   8.52  0.31 13.23 310.05   9.99
19940429 000000  3.9 206.1  1.70 10.74 225.45  25.92  5  1.58 10.72 223.36  22.67  0.49 14.71 221.95   8.78  0.30 13.35 311.28   9.21  0.23 12.66 220.08   5.00  0.12 15.58 301.50  11.05
19940429 030000  3.2 218.0  1.59 10.44 226.40  26.47  5  1.45 10.42 223.62  22.34  0.47 14.72 221.94   8.48  0.31 13.36 311.09   9.62  0.29 12.73 224.35   7.37  0.14 15.55 302.85  10.68
19940429 060000  2.5 235.0  1.48 10.29 227.27  26.92  7  1.31 10.28 224.10  22.24  0.48 14.62 222.99   8.46  0.35 12.52 221.03   6.88  0.32 13.36 310.84  10.11  0.13 15.54 302.02  11.08  0.07 19.09 219.57   7.20  0.05 18.00 309.01   7.77
19940429 090000  1.3 240.6  1.38 10.18 228.01  27.06  8  1.16 10.02 224.24  22.36  0.62 14.46 222.26   8.95  0.31 13.30 310.95   9.65  0.20 10.39 237.08   4.06  0.15 11.83 225.00   0.00  0.12 15.53 302.08  10.94  0.08 19.06 221.37   9.08  0.06 17.90 309.16   7.97
19940429 120000  2.4  56.2  1.30 14.24 228.38  26.90  6  1.08 10.03 224.97  21.76  0.57 14.33 221.71   8.88  0.31 13.13 310.71   9.56  0.30 11.93 225.27   7.52  0.11 15.52 302.31  10.51  0.07 17.86 309.05   8.05
19940429 150000  2.2 307.1  1.23 13.86 228.67  26.94  6  0.99  9.77 225.25  21.42  0.57 14.09 221.10   9.03  0.33 11.98 225.03   8.21  0.30 12.69 310.38   9.68  0.11 15.45 303.35  10.64  0.06 17.84 309.60   7.60
19940429 180000  3.0 250.4  1.19 13.63 230.04  28.72  5  0.90  9.64 227.41  24.17  0.64 13.68 220.47  10.12  0.33 12.63 309.72   9.25  0.28 11.71 222.72   7.10  0.08 11.23 267.38   8.21
19940429 210000  1.5 293.7  1.15 13.54 229.98  30.17  7  0.81  9.56 227.79  24.86  0.68 13.58 221.48   9.76  0.30 12.60 311.11   8.57  0.29 17.14 205.29   8.05  0.15 14.60 302.16   9.71  0.10 16.88 310.47   6.54  0.09 11.06 268.22   8.32
19940430 000000  2.4  28.4  1.14 13.46 230.84  34.67  8  0.75  9.49 232.45  33.81  0.58 13.47 221.73  11.00  0.46 16.35 205.55   7.18  0.30 12.58 311.05   8.64  0.23 11.19 225.10   7.43  0.16 14.55 302.98  10.05  0.12 16.74 309.36   7.60  0.10 10.95 265.21  10.99
19940430 030000  1.2  14.5  1.18 13.38 232.27  38.70  8  0.74  9.30 243.77  42.33  0.61 15.81 204.69   7.57  0.52 13.39 225.97   8.73  0.30 12.55 310.94   8.85  0.23 11.21 215.64  11.22  0.17 14.53 302.80  10.43  0.12 16.70 309.53   7.63  0.11 10.36 265.61   6.80
19940430 060000  1.8 112.5  1.33 14.72 238.28  37.11  8  0.75  8.28 274.11  25.18  0.67 15.52 205.06   7.02  0.64 13.20 221.90  13.84  0.44  9.25 215.97  12.94  0.30 12.51 310.60   9.03  0.17 14.54 303.64  10.63  0.12 16.68 309.67   7.51  0.07 20.35 304.28   9.20
19940430 090000  1.9 115.4  1.51 14.53 244.19  35.76  7  1.00  8.32 272.71  18.97  0.94 15.08 207.42   9.51  0.51 13.33 231.56   8.39  0.30 12.42 310.32   8.94  0.18 14.65 304.36  10.23  0.11 16.67 311.34   5.99  0.08 20.33 304.05   9.51
19940430 120000  0.6  98.3  1.64 14.31 247.27  35.38  6  1.13  8.27 274.47  16.96  1.00 14.56 207.93   9.17  0.50 12.84 236.13   7.98  0.30 12.18 310.11   8.44  0.21 15.26 307.00   9.37  0.08 20.32 303.30  10.20
19940430 150000  0.5 251.9  1.76 13.33 248.57  34.21  6  1.16  8.38 276.38  16.38  1.01 14.39 207.65   8.69  0.76 12.63 243.03  12.04  0.29 11.91 309.94   8.46  0.22 15.48 307.78   8.65  0.08 20.27 303.01  10.12
19940430 180000  2.7 254.6  1.93 12.74 249.19  31.53  5  1.59 12.49 262.88  20.42  1.03 14.24 208.50   8.91  0.29 11.82 309.69   8.57  0.22 15.50 308.14   8.35  0.08 19.81 303.34   9.50
19940430 210000  2.9 239.9  2.09 12.37 249.61  29.15  6  1.53 10.89 265.55  19.38  1.02 13.98 209.31   9.03  0.92 12.57 245.29  10.78  0.28 11.77 310.07   8.35  0.24 15.49 308.33   7.83  0.10 19.07 303.73   9.40
19940501 000000  2.0 184.0  2.18 12.00 249.74  27.85  6  1.87 11.64 259.29  18.80  1.05 13.97 211.12   9.73  0.26 11.78 310.95   7.84  0.25 15.43 308.63   7.55  0.13 19.01 303.87   9.57  0.07 20.57 230.36   8.34
