Date     Time   Uabs UDir  hs    tp    th     sp     np hs(i) tp(i) th(i)  sp(i)
20001101 000000  0.6 102.7  1.48 17.82 258.96  36.14  6  0.98 13.45 254.06  12.19  0.62  4.07 194.53  34.48  0.59  9.60 273.06   8.57  0.59 17.85 300.48  11.08  0.33 11.94 311.62   9.34  0.23  9.62 215.50  10.35
20001101 030000  5.7 179.9  1.54 17.78 263.62  31.49  6  0.51  3.99 201.04  33.14  1.09 13.13 254.83  11.73  0.67 17.79 300.62  11.25  0.57  9.42 273.34   9.50  0.33 12.36 311.65   9.38  0.20  9.46 214.29  10.03
20001101 060000  5.7 171.3  1.59 17.77 263.34  30.61  6  0.49  3.92 198.83  33.59  1.19 12.71 253.94  13.06  0.67 17.78 300.47  11.36  0.55  8.99 274.34   9.12  0.34 12.56 312.32   8.57  0.06 22.74 226.95   8.75
20001101 090000  6.2 173.5  1.61 17.76 261.15  30.95  6  0.52  3.74 195.89  33.18  1.33 12.52 257.46  13.66  0.62 17.77 300.24  12.07  0.35 12.60 312.00   8.99  0.15  8.91 212.07   9.88  0.09 22.04 227.55   8.91
20001101 120000  3.4 138.7  1.58 12.38 259.74  29.68  7  1.34 12.33 256.75  13.80  0.55 17.76 300.34  12.71  0.50  3.87 200.11  33.32  0.33 12.60 313.04   8.93  0.14 14.51 305.44   9.35  0.12  8.78 211.39   9.29  0.12 21.71 228.78   8.99
20001101 150000  2.6 220.9  1.55 12.12 259.79  28.18  7  1.33 12.04 256.15  13.95  0.53 17.62 301.01  12.67  0.46  4.18 206.36  30.77  0.32 12.58 313.38   8.97  0.16 21.44 229.25   9.30  0.15 14.54 302.71  12.18  0.11  8.50 211.41   9.17
20001101 180000  8.1 219.9  1.61 11.89 257.82  29.59  6  1.44 11.85 248.80  22.67  0.59 16.87 301.68  11.98  0.32 12.55 313.71   8.87  0.22 20.71 229.87   9.18  0.13 14.53 301.86  12.11  0.12 15.68 226.05   7.72
20001101 210000  8.7 202.5  1.79 16.66 250.91  34.39  6  1.00  4.51 215.83  28.73  1.24 11.72 254.78  14.32  0.67 16.67 302.17  11.13  0.33 12.48 312.18  10.54  0.27 20.37 230.84   9.33  0.14 15.64 225.04   7.97
20001102 000000  8.9 205.6  1.82 16.62 249.06  35.89  5  1.06  4.84 213.79  29.33  1.21 11.58 253.76  14.83  0.71 16.62 302.11  11.51  0.35 20.09 230.92   9.75  0.31 12.29 313.56   9.29
20001102 030000  6.8 179.4  1.79 16.62 248.49  36.55  6  1.01  4.99 211.75  30.76  1.15 11.35 253.68  14.27  0.71 16.61 302.13  11.89  0.43 19.36 232.15   9.67  0.31 11.96 313.76   9.44  0.22 14.66 226.77   7.61
20001102 060000  4.4 162.6  1.68 16.63 250.37  35.19  6  1.12 11.19 252.65  14.39  0.85  4.99 212.12  31.84  0.66 16.60 302.24  12.39  0.50 19.10 233.01   9.66  0.32 11.90 313.66   9.69  0.25 14.61 227.13   8.61
20001102 090000  4.9 142.7  1.61 16.70 250.65  33.54  6  1.08 11.10 252.09  14.37  0.69  4.89 210.75  33.14  0.61 16.58 302.39  12.79  0.60 18.70 233.39   9.95  0.33 14.11 229.36   7.77  0.32 11.87 313.32   9.98
20001102 120000  4.9 160.9  1.59 17.00 250.16  32.06  7  0.57  4.70 207.37  35.04  1.07 11.05 250.66  14.60  0.69 18.00 234.33   9.68  0.58 16.47 302.29  12.69  0.38 13.78 229.60   8.66  0.29 11.84 315.50   9.14  0.14 13.56 305.92   8.40
20001102 150000  5.7 206.7  1.62 17.33 249.64  30.44  6  1.19 11.01 242.68  23.87  0.75 17.83 235.24   9.65  0.59 15.90 302.66  12.19  0.44 13.59 230.36   8.25  0.28 11.82 315.75   9.35  0.14 13.56 305.38   8.63
20001102 180000  8.1 221.5  1.76 16.38 246.67  29.90  6  0.75  3.85 221.09  28.53  1.18 10.92 244.43  15.19  0.82 17.03 235.60   9.71  0.62 15.61 302.91  12.10  0.27 11.77 315.67   9.92  0.14 13.64 306.39   8.93
20001102 210000  7.1 210.2  1.83 16.24 245.38  30.02  5  0.82  4.34 221.79  30.28  1.18 10.80 243.34  14.79  0.89 16.71 236.01   9.66  0.65 15.54 303.76  11.90  0.25 11.69 316.20   9.07
20001103 000000  5.3 209.1  1.80 15.82 245.42  30.14  6  0.75  4.44 219.40  32.30  1.13 10.60 243.45  14.85  0.90 16.56 236.28   9.76  0.64 15.52 304.08  12.05  0.36 13.33 234.31   5.73  0.25 11.59 315.36   9.60
20001103 030000  4.9 178.5  1.75 15.62 246.05  29.64  5  1.29 10.41 237.33  23.20  0.91 15.82 236.67   9.54  0.62 15.51 304.02  12.14  0.34 13.18 235.64   5.98  0.26 11.36 315.48   9.45
20001103 060000  5.0 173.8  1.69 15.55 246.47  28.97  6  1.21 10.25 237.62  22.18  0.97 15.61 237.30   9.21  0.61 15.48 304.11  12.20  0.24 11.24 314.36   8.71  0.22 12.66 235.00   0.00  0.06  9.38 332.36   5.09
20001103 090000  4.2 178.1  1.62 15.47 247.12  28.75  5  1.08 10.10 238.87  21.99  0.93 15.52 237.08   9.26  0.59 15.42 303.91  12.09  0.42 12.46 234.16   7.43  0.26 11.17 315.35   9.65
20001103 120000  3.1 175.0  1.56 15.21 247.94  28.55  6  1.07  9.89 238.49  19.84  0.94 15.16 237.57   8.78  0.58 15.23 304.30  12.22  0.22 11.12 315.29   8.99  0.11 12.66 306.68   8.27  0.05  8.92 330.68   5.96
20001103 150000  3.6 211.2  1.53 14.76 248.24  27.85  6  1.02 14.77 237.28   8.70  0.93  9.75 239.85  18.96  0.59 14.75 304.44  12.37  0.21 11.05 316.09   8.09  0.18 11.83 235.00   0.00  0.06  8.97 331.42   5.64
20001103 180000  5.3 208.9  1.54 14.67 246.56  27.68  6  1.08 14.74 236.77   8.83  0.85  9.66 239.29  21.08  0.55 14.59 304.78  12.63  0.35 11.69 232.66   8.64  0.21 11.02 317.29   8.81  0.12 12.62 305.84   8.42
20001103 210000  6.4 211.0  1.60 14.58 243.86  27.33  6  0.46  3.03 218.16  29.21  1.21 14.65 235.62   9.15  0.75  9.63 242.44  16.18  0.53 14.53 305.55  12.21  0.21 10.99 317.23   8.93  0.12 12.63 306.42   8.45
20001104 000000  5.0 218.9  1.69 14.47 242.32  25.98  4  1.30 14.42 234.84   9.27  0.91  9.56 236.85  21.80  0.54 14.51 306.26  11.94  0.19 10.94 316.88   9.19
20001104 030000  6.0 180.7  1.80 14.34 240.61  25.15  4  1.45 14.19 234.21   9.23  0.92  9.29 236.32  24.07  0.53 14.48 306.22  12.03  0.19 10.91 316.93   8.83
20001104 060000  5.4 171.4  1.92 14.17 239.42  24.76  4  1.57 13.84 233.78   9.50  0.96  9.17 236.12  26.59  0.53 14.44 306.26  11.94  0.18 10.87 316.61   9.02
20001104 090000  4.0 178.0  2.01 13.90 239.67  23.21  2  1.93 13.64 235.19  14.84  0.56 14.38 307.20  12.27
20001104 120000  3.3 187.5  2.07 13.73 239.79  21.70  3  2.00 13.54 235.81  13.54  0.54 14.28 307.14  12.62  0.08 19.18 310.11   9.57
20001104 150000  5.4 218.0  2.14 13.61 239.40  20.57  4  2.07 13.46 235.96  13.00  0.52 14.10 307.33  13.01  0.07 19.03 306.03   8.21  0.06 21.83 318.23   6.56
20001104 180000  6.7 212.2  2.21 13.52 238.60  20.10  4  2.16 13.43 235.71  13.57  0.49 13.80 308.46  12.23  0.09 19.03 305.04  10.12  0.06 21.80 318.62   6.64
20001104 210000  7.2 210.8  2.28 13.46 237.99  20.31  5  0.61  3.52 221.08  30.88  2.14 13.39 236.45  11.99  0.45 13.69 308.53  11.97  0.12 19.16 310.29  11.45  0.12 10.26 317.36   8.80
20001105 000000  4.9 202.1  2.29 13.41 237.74  20.61  5  2.03 13.24 236.11  16.09  0.95 15.50 231.54  10.08  0.43 13.63 309.00  11.73  0.15 20.10 311.76  11.07  0.12 10.26 317.32   8.66
20001105 030000  5.0 167.0  2.25 13.37 237.64  20.80  6  2.00 13.17 235.89  15.98  0.91 15.49 231.25  10.00  0.42 13.58 309.30  11.45  0.18 20.24 312.88  10.46  0.12 10.25 317.31   8.55  0.07 22.19 223.69   7.13
20001105 060000  7.1 189.9  2.24 14.05 236.56  21.65  6  1.85 12.59 234.87  18.03  1.17 14.67 231.73   9.58  0.42 13.53 308.87  12.30  0.19 20.24 312.92  10.53  0.14 21.32 223.46   7.88  0.11 10.24 317.29   8.46
20001105 090000  8.0 192.0  2.26 14.21 235.06  22.72  6  1.72 12.19 231.81  20.80  1.37 14.32 233.52  10.13  0.42 13.50 308.85  12.56  0.23 20.65 224.08   7.88  0.21 20.03 312.89  10.51  0.10 10.23 316.72   9.27
20001105 120000  7.7 181.1  2.31 13.71 233.43  24.04  6  0.93  4.92 210.23  32.34  2.01 13.91 234.71  11.40  0.40 13.47 309.80  11.34  0.40 20.01 224.49   7.97  0.25 19.01 313.47  10.31  0.10 10.21 316.65   9.30
20001105 150000  7.3 199.4  2.35 13.48 232.82  23.38  5  0.93  5.25 213.52  31.98  2.00 13.48 233.86  11.35  0.65 19.26 224.25   7.59  0.40 13.44 310.33  11.49  0.29 18.95 314.09   9.89
20001105 180000 10.2 211.4  2.57 13.36 230.61  22.19  5  1.22  5.00 218.76  27.85  1.97 13.36 232.66  11.01  0.99 18.64 224.84   8.10  0.38 13.38 310.53  11.69  0.31 18.91 313.69  10.80
20001105 210000 11.8 206.3  2.92 17.99 227.87  22.39  5  1.66  5.65 219.38  27.98  1.90 13.09 231.67  10.74  1.41 17.88 224.96   8.23  0.35 13.27 310.85  11.66  0.32 18.79 313.84  10.37
20001106 000000 10.2 195.7  3.18 17.47 226.01  22.71  5  1.85  6.30 217.58  28.98  1.91 12.77 230.29  10.49  1.67 17.41 224.82   8.13  0.35 18.09 314.02  10.19  0.33 12.96 312.04  10.33
20001106 030000  9.4 191.0  3.30 17.15 225.15  22.45  5  1.82  6.64 215.25  29.43  2.16 16.91 225.08   8.59  1.63 12.54 230.47  10.21  0.39 17.82 314.78   9.17  0.32 12.78 312.10  10.57
20001106 060000  6.6 196.7  3.30 16.55 225.72  21.19  4  1.61  6.87 215.48  28.40  2.83 16.44 226.63   9.69  0.43 17.75 314.86   9.12  0.31 12.70 312.54  10.03
20001106 090000  4.9 217.1  3.25 16.30 226.37  19.87  3  3.21 16.23 224.69  14.89  0.45 17.67 314.74   9.27  0.31 12.66 312.78   9.79
20001106 120000  5.7 196.5  3.19 16.14 226.61  19.24  3  3.14 16.04 224.80  13.51  0.46 17.48 314.68   9.22  0.31 12.63 312.82   9.72
20001106 150000  6.1 217.2  3.11 15.69 226.70  19.44  3  3.06 15.56 224.66  12.85  0.49 16.93 314.87   9.06  0.30 12.60 312.93   9.61
20001106 180000  8.7 212.2  3.07 15.41 226.47  20.38  3  3.01 15.34 224.21  13.36  0.52 16.74 315.13   8.80  0.29 12.56 313.14   9.58
20001106 210000  8.9 199.7  3.04 15.26 225.56  22.01  3  2.98 15.20 223.12  15.14  0.54 16.66 315.29   8.68  0.27 12.49 313.42   9.40
20001107 000000  7.9 187.9  2.93 14.92 225.17  23.22  3  2.86 14.79 222.45  15.96  0.56 16.57 315.28   8.70  0.26 12.37 313.68   9.22
20001107 030000  8.9 198.2  2.84 14.45 224.73  24.08  3  2.77 14.39 221.73  16.29  0.57 16.44 315.22   8.71  0.25 12.11 313.89   9.06
20001107 060000  8.7 187.4  2.75 14.30 224.19  25.20  3  2.68 14.26 220.89  17.00  0.59 16.17 315.23   8.67  0.24 11.95 314.05   8.92
20001107 090000  7.8 194.2  2.64 14.05 224.21  26.11  3  2.56 14.04 220.49  17.12  0.60 15.82 315.34   8.59  0.23 11.87 314.22   8.79
20001107 120000  7.2 177.5  2.52 13.48 224.60  27.00  3  2.43 13.47 220.41  17.15  0.61 15.69 315.47   8.52  0.22 11.83 314.37   8.68
20001107 150000  5.6 162.3  2.40 13.35 225.26  27.77  3  2.31 13.34 220.56  17.04  0.61 15.59 315.58   8.45  0.21 11.79 314.51   8.57
20001107 180000  6.7 181.6  2.30 13.21 225.92  28.33  3  2.21 13.19 220.72  16.54  0.62 15.50 315.71   8.37  0.21 11.77 314.60   8.51
20001107 210000  7.4 182.3  2.22 12.62 226.08  29.45  3  2.12 12.65 220.32  16.92  0.63 15.39 315.84   8.28  0.20 11.74 314.66   8.45
20001108 000000  8.6 192.8  2.18 12.47 225.20  30.37  3  2.08 12.49 219.26  17.92  0.63 15.26 315.90   8.22  0.19 11.70 314.79   8.39
20001108 030000  9.5 201.8  2.19 12.38 224.52  30.48  3  2.10 12.40 218.86  18.79  0.62 15.12 315.89   8.21  0.18 11.63 315.03   8.36
20001108 060000  6.2 194.5  2.07 12.02 225.68  30.91  4  1.98 12.07 219.68  19.00  0.60 14.91 315.80   8.36  0.17 11.48 315.15   8.21  0.05 20.31 222.59   7.17
20001108 090000  6.6 189.4  1.95 11.75 226.25  31.03  4  1.85 11.76 219.88  18.32  0.58 14.72 315.72   8.41  0.16 11.23 315.46   8.22  0.07 19.95 222.54   7.02
20001108 120000  7.8 180.3  1.88 11.65 225.05  31.75  4  1.79 11.67 218.56  19.06  0.57 14.57 315.67   8.49  0.16 11.12 315.67   8.16  0.09 19.29 222.79   7.18
20001108 150000  6.4 183.2  1.81 11.57 224.71  32.04  4  1.72 11.59 218.05  19.03  0.55 14.45 315.70   8.53  0.15 11.06 315.68   8.09  0.11 19.11 223.10   7.32
20001108 180000  8.2 201.8  1.78 11.37 224.19  31.58  4  1.69 11.46 217.71  18.46  0.54 14.38 315.74   8.57  0.14 11.03 315.82   8.08  0.12 18.94 223.05   7.25
20001108 210000  9.0 195.3  1.80 11.11 222.78  31.60  4  1.71 11.12 216.82  19.69  0.52 14.33 315.78   8.68  0.15 18.29 223.19   7.25  0.14 11.00 316.06   8.03
20001109 000000  9.9 193.1  1.83 11.00 220.34  32.34  5  1.26  5.39 210.96  27.54  1.21 11.00 218.67  11.89  0.51 14.29 315.85   8.68  0.17 17.99 223.36   7.41  0.13 10.99 316.26   7.97
20001109 030000 10.4 184.4  1.91 10.93 217.09  32.76  5  1.45  5.64 208.48  28.26  1.13 10.92 218.01  11.54  0.49 14.23 315.87   8.75  0.19 17.91 223.81   7.44  0.13 10.97 316.30   7.88
20001109 060000  8.3 182.9  1.83 10.84 217.26  33.17  5  1.39  5.94 208.83  29.20  1.08 10.83 217.78  11.76  0.47 14.09 316.01   8.25  0.20 17.45 223.83   7.52  0.12 10.93 316.48   7.82
20001109 090000  7.5 170.7  1.69 10.64 218.49  33.56  7  1.24  5.99 209.76  29.95  1.03 10.62 217.70  11.75  0.44 13.76 315.98   8.52  0.23 16.95 224.05   7.50  0.11 10.84 316.90   7.70  0.08 16.65 306.01  11.45  0.05 22.73 226.63   7.78
20001109 120000  6.1 184.7  1.55 10.39 220.47  33.42  7  1.08  5.93 211.43  29.77  0.98 10.38 217.97  12.16  0.42 13.58 315.90   8.56  0.26 17.00 224.41   7.63  0.10 10.63 316.88   7.69  0.08 16.66 306.12  11.49  0.08 21.99 226.94   8.28
20001109 150000  8.3 208.7  1.49 10.27 221.76  32.19  7  1.04  5.80 213.95  27.37  0.93 10.26 217.85  12.16  0.41 13.49 315.78   8.67  0.28 15.79 224.41   7.73  0.12 21.45 228.24   7.44  0.10 10.44 316.41   7.96  0.08 16.76 307.24  11.44
20001109 180000 10.0 212.5  1.70 10.18 222.15  30.16  6  1.60 10.17 217.74  22.79  0.40 13.45 315.76   8.69  0.32 15.09 225.03   8.65  0.17 20.58 227.81   7.88  0.09 16.85 308.58  10.72  0.08 10.28 317.32   7.60
20001109 210000  9.0 208.5  1.73 10.06 221.95  30.72  7  1.62 10.05 217.52  24.18  0.40 13.42 315.79   8.76  0.27 20.21 227.12   7.70  0.26 15.50 223.26   7.57  0.22 13.56 227.57   9.31  0.08 16.93 310.85   9.71  0.08 10.28 317.41   7.55
20001110 000000  5.1 192.3  1.61 13.48 221.86  32.08  7  1.23  5.65 215.27  28.92  0.79  9.76 218.17  11.92  0.39 13.39 316.04   8.79  0.39 13.64 224.93   8.47  0.34 19.29 227.93   7.42  0.11 15.93 309.88   9.29  0.08 10.27 317.56   7.42
20001110 030000  6.3 194.2  1.47 19.03 223.55  32.09  7  1.02  5.59 214.70  29.35  0.76  9.63 218.98  12.33  0.47 19.03 227.77   7.63  0.39 13.44 224.91   8.09  0.38 13.35 316.06   9.11  0.13 15.75 309.34   9.49  0.09 10.29 317.54   7.40
20001110 060000  7.2 184.5  1.41 18.69 223.90  31.74  7  0.89  5.41 211.68  30.13  0.73  9.53 219.83  12.94  0.58 18.70 227.50   7.63  0.42 12.86 225.59   8.54  0.36 13.25 316.21   8.57  0.14 15.81 309.16  10.74  0.09 10.29 317.58   7.39
20001110 090000  6.5 185.5  1.39 17.86 224.47  30.54  6  1.04  9.40 214.34  25.42  0.71 17.87 227.57   7.66  0.44 12.70 225.54   8.56  0.34 12.93 316.13   8.71  0.15 15.96 309.73  10.74  0.08 10.24 317.61   7.44
20001110 120000  6.0 187.9  1.37 17.71 225.68  28.91  5  0.93  9.13 214.63  25.61  0.83 17.72 227.16   7.71  0.45 12.56 226.05   9.13  0.33 12.70 316.05   8.78  0.15 16.09 310.37  10.68
20001110 150000  7.7 215.7  1.42 17.19 226.47  26.56  5  0.90  8.99 216.43  24.41  0.92 17.23 226.90   7.70  0.48 12.24 226.55   9.24  0.32 12.61 315.93   8.87  0.15 16.04 310.89  10.33
20001110 180000  9.1 220.2  1.60 16.62 226.80  24.65  5  1.05  8.90 220.40  24.48  1.05 16.63 226.30   7.82  0.47 12.00 227.41   9.40  0.31 12.57 316.15   8.21  0.15 15.81 310.49  10.80
20001110 210000  8.9 217.6  1.78 16.49 226.57  23.88  5  1.20  4.60 221.90  24.96  1.14 16.50 225.77   7.98  0.57 11.79 227.14   9.60  0.31 12.55 316.26   8.17  0.16 15.55 310.86   9.87
20001111 000000  4.7 204.7  1.88 16.12 227.88  22.67  5  0.86  4.87 220.00  30.64  1.24 16.15 225.45   8.22  1.05 11.48 229.33  12.29  0.30 12.53 316.45   7.78  0.18 15.40 311.22   9.35
20001111 030000  4.4 179.0  1.97 15.50 229.91  21.00  5  1.29 15.51 225.04   8.18  1.18  9.06 231.50  22.49  0.83 11.08 228.03  10.89  0.30 12.51 316.42   7.79  0.20 15.30 311.15   9.62
20001111 060000  2.1 185.0  2.02 15.39 231.37  20.01  5  1.33 15.40 224.69   8.24  1.17  8.94 236.60  20.63  0.90 10.93 228.88  10.92  0.28 12.46 316.13   8.23  0.21 15.23 310.91  10.15
20001111 090000  2.7 180.5  2.02 15.19 232.25  19.51  5  1.41 15.19 224.66   8.43  1.12  8.87 239.77  19.14  0.86 10.59 231.94  14.07  0.26 12.34 316.24   7.98  0.21 15.16 311.14  10.02
20001111 120000  5.3 187.6  2.03 14.55 232.06  19.75  4  1.42 10.34 237.30  18.91  1.41 14.53 224.14   8.46  0.24 11.97 316.31   7.88  0.20 14.94 311.35   9.97
20001111 150000  6.8 201.3  2.08 14.39 230.67  20.64  3  2.05 14.38 229.40  17.52  0.23 11.83 316.09   8.28  0.20 14.70 311.91   9.68
20001111 180000 10.5 222.4  2.25 14.27 230.37  20.97  3  2.23 14.25 229.31  18.48  0.22 11.77 316.21   8.09  0.20 14.58 312.37   9.42
20001111 210000  9.9 210.3  2.44 14.01 229.02  22.20  4  1.29  5.35 226.03  29.88  2.05 13.87 228.85  14.58  0.21 11.74 316.56   7.62  0.21 14.52 312.58   8.89
20001112 000000  7.7 195.8  2.44 13.56 227.34  22.76  3  2.43 13.52 226.41  20.72  0.22 14.46 312.38   8.96  0.21 11.74 316.40   7.70
20001112 030000  7.7 183.3  2.39 13.43 226.62  23.08  3  2.37 13.40 225.63  20.96  0.23 14.37 311.94   9.18  0.20 11.72 316.35   7.74
20001112 060000  8.7 195.6  2.32 13.35 226.49  22.70  3  2.30 13.32 225.48  20.48  0.23 14.22 311.57   9.37  0.19 11.71 316.18   7.83
20001112 090000  8.6 183.5  2.28 13.27 225.27  23.54  3  2.26 13.22 224.28  21.44  0.23 13.90 311.49   9.56  0.18 11.68 316.00   7.88
20001112 120000  8.5 175.1  2.23 13.13 224.06  24.09  3  2.22 12.93 223.08  22.03  0.22 13.73 311.71   9.66  0.16 11.60 315.87   7.94
20001112 150000  9.0 202.6  2.31 12.67 222.12  22.71  4  2.29 12.63 221.28  20.71  0.22 13.67 312.09   9.61  0.15 11.34 315.79   8.02  0.06 23.31 304.17   9.50
20001112 180000 10.5 218.7  2.55 12.50 221.77  21.04  4  2.54 12.48 221.13  19.38  0.21 13.63 312.44   9.44  0.14 11.11 315.72   8.25  0.07 23.25 304.87   9.16
20001112 210000 12.1 208.1  2.82 12.41 221.08  21.41  4  2.81 12.39 220.57  20.12  0.21 13.61 312.48   9.37  0.13 11.04 315.73   8.11  0.07 23.05 304.79   9.22
20001113 000000 11.7 192.5  2.89 12.34 218.21  23.01  4  2.88 12.33 217.72  21.85  0.21 13.58 312.47   9.01  0.12 10.99 315.90   8.41  0.09 22.05 304.16   9.79
20001113 030000 10.6 188.4  2.86 12.05 216.56  23.82  4  2.85 12.00 216.04  22.61  0.21 13.52 312.26   9.04  0.12 11.00 315.57   8.43  0.11 21.82 303.80   9.82
20001113 060000 10.1 185.8  2.72 11.69 216.77  23.89  4  2.70 11.69 216.16  22.48  0.21 13.33 312.01   9.12  0.13 21.78 304.20   9.57  0.11 10.99 315.91   7.94
20001113 090000  8.5 174.1  2.59 11.56 216.79  24.17  4  2.58 11.56 216.11  22.65  0.21 13.01 311.76   9.36  0.13 21.74 304.41   9.38  0.11 10.98 316.09   7.75
20001113 120000  7.5 169.9  2.41 11.48 218.22  23.69  4  2.39 11.49 217.44  21.92  0.21 12.90 311.63   9.55  0.14 21.54 304.36   9.54  0.10 10.96 315.94   7.86
20001113 150000  9.0 209.6  2.28 11.18 219.32  22.85  4  2.26 11.21 218.39  20.69  0.20 12.87 311.68   9.68  0.17 20.55 303.89   9.88  0.10 10.93 315.42   8.30
20001113 180000 11.8 207.7  2.47 10.80 218.94  23.11  3  2.45 10.80 218.04  21.09  0.22 12.86 312.29   9.60  0.20 20.38 303.77   9.82
20001113 210000 13.4 200.6  2.81  7.27 216.81  24.45  3  2.79  7.27 216.05  22.86  0.23 20.35 303.91   9.69  0.21 12.87 312.22   9.61
20001114 000000 11.9 201.4  2.95  8.02 214.72  25.57  4  2.94  8.02 214.06  24.23  0.23 20.32 303.81   9.60  0.19 12.89 311.85   9.71  0.06 10.30 314.77   8.11
20001114 030000 11.9 177.1  2.96  8.46 211.96  27.20  4  2.95  8.46 211.31  25.94  0.23 20.18 303.70   9.76  0.18 12.90 311.70   9.62  0.06 10.27 315.57   7.95
20001114 060000  8.6 166.4  2.61  8.64 213.58  27.65  5  2.57  8.64 212.40  26.05  0.32 11.06 225.00   0.00  0.26 19.24 303.42   9.96  0.18 12.88 311.64   9.54  0.06 10.27 315.63   7.77
20001114 090000  8.3 156.0  2.28  8.76 215.11  28.83  6  2.22  8.76 213.20  26.26  0.31 19.05 303.47   9.91  0.30 11.06 225.00   0.00  0.17 12.81 311.56   9.52  0.13 14.24 223.82   5.64  0.05 10.27 315.52   7.79
20001114 120000  7.8 182.1  2.03  8.97 216.82  29.14  7  1.82  8.96 213.37  26.85  0.77 10.59 219.58  11.16  0.35 19.02 303.56   9.89  0.17 12.71 311.29   9.69  0.14 14.63 218.07   7.64  0.09 17.57 220.04   8.20  0.06 10.30 315.30   7.40
20001114 150000  8.6 187.8  1.92  9.04 217.17  28.24  5  1.71  8.89 213.77  25.51  0.78 10.53 218.18  10.74  0.34 19.01 303.30   9.91  0.17 12.63 311.36   9.78  0.07 17.83 222.55   7.15
20001114 180000 10.4 213.1  2.01 10.15 218.38  26.41  4  1.96 10.15 216.15  22.50  0.33 18.94 303.06  10.04  0.27 13.86 218.99   7.45  0.17 12.56 310.97   9.93
20001114 210000 11.7 203.1  2.27  6.73 218.31  26.25  4  2.22  6.73 216.47  23.15  0.35 18.39 302.69  10.15  0.32 13.69 217.90   8.30  0.17 12.51 310.28  10.50
20001115 000000  9.8 187.9  2.30  7.23 217.38  28.33  5  2.09  7.23 214.66  26.36  0.79  9.99 217.94  10.84  0.40 17.86 302.70  10.12  0.38 13.54 217.10   8.31  0.16 12.48 309.58  11.09
20001115 030000  7.8 182.1  2.17  7.53 218.49  29.33  5  1.96  7.53 215.04  26.23  0.68 10.37 217.73   9.60  0.44 13.12 218.16   8.55  0.44 17.79 303.00  10.12  0.16 12.49 308.98  11.91
20001115 060000  6.1 176.4  2.01 17.76 220.65  28.98  4  1.87  7.86 217.24  24.07  0.54 12.70 215.61   8.88  0.45 17.78 302.92  10.20  0.15 12.47 309.40  11.04
20001115 090000  4.9 162.2  1.94 17.75 222.35  27.79  4  1.78  8.19 219.24  22.76  0.61 12.43 215.05   9.48  0.44 17.76 302.75  10.30  0.15 12.44 309.66  10.68
20001115 120000  5.2 175.8  1.93  8.61 223.31  26.63  4  1.77  8.61 220.51  21.52  0.61 12.20 215.11   9.67  0.43 17.68 302.51  10.46  0.14 12.43 309.58  10.75
20001115 150000  6.3 213.1  1.92  8.75 223.82  26.31  3  1.87  8.75 220.20  19.83  0.44 17.10 302.28  10.48  0.14 12.42 309.58  10.51
20001115 180000  9.2 222.1  1.98  8.68 224.58  26.71  3  1.92  8.68 220.74  20.07  0.47 16.71 302.33  10.46  0.14 12.40 309.29  10.57
20001115 210000  9.3 213.1  2.05 16.63 224.49  27.84  4  1.98  8.54 220.48  21.46  0.50 16.65 302.26  11.60  0.13 12.37 308.19  11.58  0.13 14.49 225.00   0.00
20001116 000000  8.7 188.9  2.02 16.61 222.75  29.59  4  1.95  8.33 218.50  23.26  0.50 16.63 302.39  11.25  0.13 12.31 307.70  11.84  0.13 14.49 225.00   0.02
20001116 030000  6.4 192.1  1.92 16.59 222.77  30.25  5  1.77  8.08 217.90  24.27  0.49 16.61 302.65  10.69  0.44 12.09 219.26  10.31  0.31 13.88 222.72   8.03  0.13 12.13 307.34  12.12
20001116 060000  5.9 184.9  1.79 16.55 224.07  30.41  5  1.64  7.96 218.66  23.68  0.49 16.58 302.64  10.83  0.43 12.05 219.25  10.40  0.32 13.83 222.62   7.84  0.13 11.95 307.34  12.10
20001116 090000  5.0 166.0  1.69 16.40 225.39  30.74  6  1.52  7.91 219.20  23.36  0.49 16.43 302.56  10.91  0.43 11.98 221.21   9.41  0.32 13.77 221.97   8.18  0.12 11.84 307.18  12.31  0.07 17.88 228.37   8.14
20001116 120000  3.9 179.3  1.61 15.77 227.05  30.91  5  1.41  7.89 220.19  22.99  0.59 11.96 221.67   9.41  0.50 15.83 302.53  10.92  0.12 11.79 306.59  12.96  0.07 17.83 231.43   6.63
20001116 150000  3.0 209.4  1.57 15.62 228.55  30.65  5  1.37  7.94 221.28  21.88  0.57 12.46 222.27   9.17  0.51 15.64 302.57  10.95  0.11 11.77 307.43  12.26  0.11 16.96 228.01   8.26
20001116 180000  7.1 226.4  1.57 15.60 229.38  30.21  5  1.40  8.00 222.07  20.96  0.51 15.59 302.68  10.96  0.48 12.47 223.97   8.32  0.14 16.62 226.74   8.45  0.11 11.76 306.15  13.22
20001116 210000  8.3 211.9  1.64 15.59 228.56  30.50  5  1.44  7.96 221.64  22.33  0.55 12.35 223.28   9.25  0.51 15.58 302.97  11.02  0.16 16.50 226.88   8.31  0.11 11.76 305.61  13.52
20001117 000000  6.0 200.3  1.60 15.58 228.07  32.36  5  1.40  7.79 220.10  24.09  0.52 15.57 303.27  11.11  0.52 12.20 224.05   8.90  0.19 15.84 227.23   8.37  0.11 11.78 304.88  14.05
20001117 030000  5.0 190.3  1.50 15.55 229.44  33.78  5  1.29  7.43 219.99  24.98  0.52 15.56 303.43  11.17  0.51 12.06 224.53   8.86  0.22 15.54 226.63   8.54  0.11 11.79 304.20  14.62
20001117 060000  3.3 201.9  1.40 15.49 231.89  34.40  6  1.14  7.10 219.91  24.67  0.52 15.52 303.42  11.24  0.51 11.93 224.84   8.78  0.24 15.44 226.86   8.70  0.22  8.80 253.43   7.21  0.11 11.78 304.00  15.32
20001117 090000  2.5 184.5  1.31 15.27 234.14  34.56  6  1.04  6.77 221.16  24.43  0.51 15.39 303.42  11.34  0.50 11.79 225.39   8.76  0.25 15.04 227.47   8.74  0.22  8.70 253.81   7.30  0.10 11.76 304.25  15.40
20001117 120000  4.6 171.1  1.25 14.79 235.49  34.65  6  0.96  6.57 221.47  24.68  0.50 14.98 303.46  11.43  0.48 11.76 225.43   8.95  0.30 14.56 227.65   8.95  0.25  8.51 252.83   7.04  0.10 11.66 304.69  15.47
20001117 150000  5.3 229.7  1.21 14.64 236.88  34.30  6  0.90  6.46 222.54  24.25  0.49 14.83 303.68  11.57  0.48 11.78 226.98   9.06  0.33 14.40 226.64   9.42  0.24  8.26 254.47   7.32  0.09 11.48 304.51  15.32
20001117 180000  7.0 228.1  1.23 14.58 237.66  33.82  6  0.92  6.45 224.24  24.83  0.52 11.76 227.82   9.56  0.49 14.79 303.95  11.65  0.30 14.41 227.67   9.31  0.25  8.21 254.60   7.00  0.09 11.39 307.94  12.79
20001117 210000  6.9 212.2  1.27 14.52 236.80  34.51  6  0.95  6.41 222.72  26.04  0.51 11.55 228.63   9.87  0.50 14.81 304.24  11.59  0.36 13.69 226.31   8.88  0.26  8.15 254.93   7.38  0.09 11.40 308.27  12.89
20001118 000000  6.7 192.7  1.29 14.39 235.72  35.78  6  0.96  6.42 220.22  27.14  0.52 14.84 304.51  11.55  0.52 11.28 229.90   9.80  0.36 13.55 226.16   9.17  0.23  7.92 256.46   6.61  0.06 16.91 223.18   6.75
20001118 030000  4.6 200.4  1.29 14.32 235.99  35.81  6  0.96  6.31 221.01  27.49  0.55 11.21 231.16   9.86  0.53 14.84 304.49  11.62  0.37 13.40 225.01   9.56  0.14  8.29 257.31   4.30  0.11 16.49 231.77  11.82
20001118 060000  8.0 192.8  1.37 14.51 232.85  35.23  4  1.06  6.18 219.45  27.67  0.70 11.15 229.50  10.27  0.53 14.81 304.44  11.74  0.10 16.59 227.69   9.68
20001118 090000  7.7 184.1  1.49 11.07 229.10  34.38  5  1.19  6.29 217.59  28.27  0.67 11.05 230.31  10.69  0.51 14.76 304.25  12.26  0.29 13.15 226.73   9.34  0.13 15.96 227.89  10.08
20001118 120000  7.6 179.2  1.60 10.99 227.70  32.73  5  1.32  6.57 218.34  27.80  0.71 10.98 230.74  11.18  0.48 14.70 304.79  11.65  0.24 12.82 224.13   6.52  0.17 15.56 232.35  12.81
20001118 150000  8.7 213.0  1.72 10.97 227.81  30.09  4  1.44  6.87 220.53  25.69  0.80 10.95 230.08  11.46  0.47 14.63 304.94  11.82  0.19 15.46 231.19  10.56
20001118 180000 11.2 214.1  2.11  6.75 225.59  27.62  3  2.05  6.75 222.49  22.92  0.46 14.57 305.38  11.43  0.22 15.19 229.69  10.18
20001118 210000 10.9 203.2  2.43  7.20 223.44  28.21  3  2.37  7.20 220.93  24.74  0.46 14.51 305.33  11.72  0.29 14.61 234.00  11.70
20001119 000000 10.0 189.9  2.49  7.62 222.47  29.01  3  2.43  7.62 219.98  25.82  0.47 14.43 304.83  12.71  0.33 14.46 231.95   9.69
20001119 030000  9.3 196.0  2.45  7.86 222.73  28.80  3  2.34  7.86 219.72  25.80  0.54 12.03 233.50   9.61  0.46 14.39 305.74  11.16
20001119 060000  9.2 194.9  2.41  7.98 223.59  28.18  4  2.28  7.98 220.31  25.33  0.54 12.04 235.26   9.39  0.45 14.31 305.12  12.29  0.32 14.32 233.58   8.32
20001119 090000  7.1 194.2  2.34  8.20 225.71  27.23  4  2.15  8.20 221.60  24.74  0.81 11.16 236.84   9.73  0.42 14.19 305.73  11.25  0.05 21.97 304.74   9.13
20001119 120000  6.3 180.3  2.29  8.59 227.23  26.01  4  2.02  8.59 223.35  24.24  1.01 10.90 232.06  12.99  0.41 14.05 305.60  11.37  0.08 21.80 304.40   9.23
20001119 150000  7.3 221.1  2.26  8.84 227.99  24.81  4  2.01  8.84 223.57  22.57  0.95 11.07 236.15   9.72  0.40 13.96 305.21  11.76  0.09 21.77 303.86   9.50
20001119 180000 10.6 210.8  2.40 10.09 226.28  24.65  4  2.10  8.84 222.17  22.85  1.08 10.58 233.36  13.32  0.39 13.95 305.50  11.46  0.09 21.77 303.56   9.85
20001119 210000 11.7 206.0  2.63  8.49 223.28  25.34  4  2.60  8.48 221.96  23.01  0.38 13.99 305.90  11.17  0.13 15.95 216.62   8.02  0.09 21.74 304.03   9.86
20001120 000000  9.4 199.2  2.73  8.45 222.28  26.01  5  2.46  8.45 218.82  24.85  1.11 10.77 231.50  14.81  0.37 14.00 305.95  11.24  0.14 15.96 214.34   7.29  0.10 21.16 305.03   9.13
20001120 030000  7.8 199.7  2.64  8.64 222.31  25.90  6  2.34  8.64 218.91  24.77  0.94 10.50 238.03   9.45  0.69 11.81 211.56   8.35  0.36 13.94 306.11  11.31  0.14 20.42 304.73   8.99  0.08 17.36 306.15   9.43
20001120 060000  8.0 195.5  2.52 10.06 222.25  25.45  8  2.11  8.81 219.83  24.75  1.13 10.53 226.74  15.89  0.58 12.10 210.21   7.75  0.35 13.84 305.61  11.62  0.31 14.71 215.78   8.06  0.17 20.37 304.00   9.39  0.08 17.00 305.76   9.24  0.06 10.42 318.13   6.96
20001120 090000  6.6 184.1  2.44 10.10 222.20  24.88  6  2.19  9.60 221.94  23.36  1.02 11.61 214.78  11.04  0.34 13.70 305.78  11.63  0.18 20.35 303.29   9.90  0.09 16.78 305.49   9.43  0.05 10.30 317.76   8.30
20001120 120000  6.2 197.3  2.39 10.05 222.53  24.00  6  2.27 10.05 221.39  21.46  0.61 13.63 215.20   7.67  0.33 13.58 305.99  11.47  0.17 20.35 303.15  10.35  0.09 16.66 304.72   9.59  0.05 10.27 318.14   7.46
20001120 150000  8.2 210.7  2.34 10.04 222.44  23.43  5  2.15 10.03 221.93  21.25  0.84 13.01 214.34   8.07  0.32 13.50 306.62  11.07  0.16 20.26 304.50  10.23  0.09 16.61 304.22   9.41
20001120 180000  9.7 211.8  2.38 10.38 222.00  23.60  4  2.35 10.37 220.38  20.25  0.32 13.44 306.45  11.33  0.19 19.36 305.26   9.35  0.10 16.58 304.16   9.13
20001120 210000 10.7 207.8  2.49 10.95 221.05  24.58  4  2.46 10.91 219.34  21.19  0.31 13.41 306.23  11.56  0.25 19.09 304.75   9.18  0.11 16.54 306.11   8.25
20001121 000000 11.0 205.7  2.61 11.11 219.42  25.64  4  2.57  7.62 217.72  22.42  0.30 13.39 306.37  11.55  0.28 19.05 303.99   9.69  0.13 16.10 305.52   9.38
20001121 030000  9.8 189.8  2.63  7.79 218.18  26.55  5  2.20  7.79 215.67  26.96  1.38 10.97 218.56  10.92  0.29 13.36 306.44  11.64  0.28 19.04 303.38  10.30  0.14 15.73 305.28   9.60
20001121 060000  9.8 188.7  2.52  7.94 218.02  26.70  5  2.10  7.94 215.76  27.32  1.33 10.82 217.73  10.17  0.28 13.33 306.53  11.73  0.26 19.02 303.32  10.74  0.14 15.60 305.08   9.54
20001121 090000 10.4 186.4  2.43  7.90 217.12  27.30  5  2.03  7.90 214.19  27.68  1.27 10.55 218.15  10.46  0.27 13.27 306.65  11.77  0.26 18.91 304.44  10.61  0.14 15.53 304.21   9.08
20001121 120000  9.5 203.4  2.33  7.69 217.65  27.95  5  1.99  7.69 214.54  27.25  1.15 11.50 218.17  10.30  0.29 18.17 305.25   9.79  0.27 13.15 306.73  11.73  0.15 15.52 304.67   9.10
20001121 150000 10.4 200.0  2.29  7.41 218.47  28.52  5  2.24  7.41 215.78  23.88  0.35 17.88 305.05   9.49  0.27 12.91 306.66  11.66  0.15 15.53 305.55   9.41  0.05 23.36 308.90   9.02
20001121 180000 11.9 209.9  2.41  6.95 219.34  27.97  7  2.36  6.95 216.64  23.36  0.38 17.83 304.44   9.83  0.25 12.77 306.18  12.11  0.17 15.38 306.32   9.30  0.08 17.05 224.25   7.99  0.08 12.19 249.65   6.14  0.06 23.30 309.74   8.70
20001121 210000 12.7 203.1  2.61  7.05 218.34  28.13  6  2.56  7.05 216.10  24.35  0.38 17.81 303.79  10.29  0.23 12.67 307.87  11.49  0.19 15.01 304.58  10.26  0.09 17.01 224.68   7.70  0.07 23.23 310.15   8.79
20001122 000000 10.4 200.4  2.48  7.28 217.77  29.26  5  2.44  7.28 215.46  25.52  0.36 17.79 303.65  10.72  0.22 12.63 307.59  11.73  0.18 14.69 304.86   9.69  0.09 22.80 308.95   9.30
20001122 030000  8.1 195.2  2.23  7.30 218.95  29.80  7  2.02  7.30 216.14  27.20  0.79 10.77 215.86   8.76  0.35 17.72 304.42  10.92  0.22 12.60 307.49  11.85  0.19 15.43 225.37  12.03  0.17 14.53 303.40   9.06  0.11 21.93 308.01   9.45
20001122 060000  7.4 191.3  2.04  7.39 221.82  30.10  8  1.84  7.39 218.42  26.32  0.70 10.42 216.71   9.38  0.36 17.46 305.06  10.47  0.22 12.58 307.40  11.76  0.18 14.77 212.40   7.86  0.18 15.38 235.70   7.22  0.18 14.50 304.05   9.31  0.13 21.81 308.50   9.23
20001122 090000  5.6 179.6  2.01  7.95 224.79  29.71  7  1.77  7.95 221.25  25.04  0.70 10.01 215.79   9.39  0.40 16.86 305.49  10.04  0.39 14.36 223.42  12.39  0.22 12.57 306.87  12.13  0.18 14.50 304.18   9.30  0.14 21.78 309.53   9.00
20001122 120000  4.0 209.9  2.09  8.51 226.40  28.59  6  1.93  8.51 222.22  22.09  0.58 13.56 219.62  13.08  0.44 16.73 305.19  10.02  0.21 14.43 305.23   9.20  0.20 12.45 307.08  12.41  0.15 21.72 310.53   8.54
20001122 150000  5.5 217.4  2.15  8.69 226.54  27.65  5  1.93  8.69 222.56  20.98  0.77 13.01 219.48  12.75  0.46 16.69 304.78  10.32  0.29 14.38 306.56  10.56  0.17 21.24 308.82   9.17
20001122 180000  6.8 229.5  2.18  8.77 226.36  27.24  6  1.86  8.77 222.62  20.93  0.98 12.63 219.59  12.15  0.46 16.65 304.66  10.59  0.25 14.20 304.14  10.65  0.21 20.47 307.78   9.42  0.13 11.76 314.57   7.67
20001122 210000  8.7 211.1  2.20 12.30 225.70  27.26  6  1.82  8.70 221.46  21.52  1.10 12.31 221.16  12.49  0.47 16.61 304.94  10.73  0.23 20.38 308.16   9.50  0.20 13.43 302.61  11.04  0.14 11.73 311.94  10.89
20001123 000000  6.5 183.2  2.22 11.94 224.17  27.92  6  1.76  8.49 219.19  23.46  1.23 11.94 221.64  12.79  0.44 16.53 305.22  10.95  0.24 20.35 309.16   9.40  0.20 13.57 301.95   9.62  0.16 11.79 311.52  11.08
20001123 030000  8.6 194.5  2.21 11.78 222.93  28.57  6  1.69  8.00 217.41  25.03  1.31 11.77 220.93  12.87  0.44 16.38 305.36  10.65  0.23 20.34 310.13   9.20  0.21 13.52 303.68  10.62  0.14 11.68 312.97   9.89
20001123 060000  8.6 196.2  2.26 11.58 221.60  29.39  6  1.77  7.62 215.06  25.32  1.29 11.57 221.37  13.35  0.45 16.05 305.39  10.59  0.25 20.03 309.49   8.64  0.21 13.54 305.11   9.68  0.15 11.71 309.69  12.51
20001123 090000  8.5 183.9  2.28 11.38 221.70  30.45  6  1.80  7.44 214.48  25.93  1.22 11.36 223.17  12.77  0.46 15.78 305.40  10.58  0.35 13.97 203.63   8.33  0.30 19.15 307.87   9.23  0.26 13.53 306.80  10.75
20001123 120000  7.2 182.5  2.22 11.21 223.19  31.15  6  1.72  7.53 215.99  26.04  1.19 11.19 222.84  13.50  0.47 15.67 305.46  10.69  0.40 13.69 204.95   8.46  0.33 19.06 307.75   9.62  0.26 13.51 306.34  10.90
20001123 150000  8.3 213.9  2.15 11.12 224.84  30.69  6  1.70  7.63 218.72  24.23  0.96 10.94 225.41  13.91  0.65 12.77 208.27   8.69  0.47 15.60 305.21  10.75  0.34 19.03 308.41   9.84  0.25 13.42 306.92  11.16
20001123 180000 10.6 214.9  2.29 11.09 224.20  29.26  5  2.15 10.41 218.44  21.33  0.52 15.53 305.04  10.97  0.47 11.09 242.22   5.93  0.32 19.02 309.59   9.66  0.10 11.01 315.96   8.52
20001123 210000 10.6 207.9  2.44 11.12 222.49  29.18  6  2.31  7.08 217.62  22.81  0.49 10.84 240.96   6.28  0.49 15.47 305.00  11.19  0.30 18.95 310.47   8.89  0.11 11.19 314.37   8.21  0.10 12.59 300.37   7.88
20001124 000000  8.9 198.5  2.46  7.40 221.40  30.20  6  2.12  7.40 217.73  25.96  1.04 11.64 214.08  13.26  0.44 15.41 305.31  11.44  0.35 10.71 242.27   7.19  0.33 18.21 308.85   8.44  0.22 12.71 305.59  11.40
20001124 030000  7.8 195.4  2.37  7.63 221.81  31.22  5  2.08  7.63 218.64  26.09  0.96 11.64 211.53  11.50  0.42 15.32 305.33  11.19  0.40 17.84 307.91   9.30  0.21 12.69 305.70  11.38
20001124 060000  6.7 355.1  2.20  7.80 224.81  32.26  6  1.90  7.80 221.35  26.05  0.90 11.55 210.57  11.43  0.42 17.79 307.83   9.78  0.42 15.23 305.33  11.28  0.22 12.71 306.55  11.29  0.06 22.09 308.01   9.14
20001124 090000  3.0 260.8  2.02 17.77 227.36  32.76  7  1.71  7.90 223.12  25.13  0.84 11.26 212.62  12.17  0.42 17.77 308.41  10.05  0.42 15.08 305.51  11.29  0.21 12.66 306.65  11.34  0.19 13.74 194.37   2.49  0.08 21.84 307.63   8.73
20001124 120000  9.1 189.6  1.96 17.76 225.68  33.09  6  1.67  8.15 221.07  25.13  0.83 11.12 210.92  11.73  0.42 14.84 304.82  11.21  0.40 17.77 309.40   9.95  0.21 12.71 310.05  10.78  0.09 21.79 308.03   8.50
20001124 150000  6.3 206.3  1.89 10.74 225.06  32.76  5  1.60  9.20 220.62  24.32  0.81 11.01 210.11  12.16  0.47 14.64 306.19  11.12  0.35 17.75 309.97   9.92  0.09 21.76 308.74   8.62
20001124 180000  7.9 220.8  1.84 10.34 226.12  32.53  6  1.52  8.80 221.72  23.59  0.85 10.95 211.03  11.96  0.44 14.51 305.39  11.26  0.39 17.26 309.59   9.30  0.10 21.57 308.47   9.03  0.06 10.27 316.34   8.68
20001124 210000  7.9 217.4  1.81 16.65 227.47  33.78  7  1.49  8.79 222.49  23.73  0.82 10.93 209.07  11.26  0.44 16.69 308.49   9.32  0.43 14.44 305.75  11.44  0.13 20.64 307.57   9.21  0.07 14.53 226.37   3.80  0.06 17.42 224.24   7.44
20001125 000000  7.2 191.9  1.78 16.61 227.03  35.74  6  1.38  8.29 218.77  25.39  0.91 10.56 214.34  15.65  0.49 16.63 307.90   9.69  0.42 14.38 306.03  11.50  0.16 20.42 307.31   8.88  0.05 17.79 225.81   7.51
20001125 030000  6.1 191.6  1.74 16.60 226.74  36.59  5  1.61 10.83 216.40  23.06  0.49 16.61 308.14   9.95  0.41 14.36 305.66  11.52  0.17 20.37 307.62   8.71  0.07 10.27 316.82   8.72
20001125 060000  6.1 170.3  1.69 16.59 226.31  36.87  5  1.56 10.88 215.85  23.21  0.47 16.60 308.58  10.08  0.40 14.33 306.01  11.69  0.17 20.34 308.28   8.71  0.10 16.66 225.58   7.42
20001125 090000  5.4 181.3  1.62 16.58 226.08  36.49  5  1.50 10.88 215.94  22.88  0.43 16.60 309.28  10.09  0.40 14.31 306.25  11.59  0.18 20.18 308.11   9.07  0.11 16.62 225.70   7.37
20001125 120000  6.1 193.2  1.58 16.48 226.42  36.01  5  1.16  7.17 219.12  26.03  0.88 10.84 212.24  13.49  0.55 16.50 308.12  10.84  0.21 19.30 307.07   9.28  0.11 16.27 226.60   6.48
20001125 150000  6.2 215.2  1.58 15.71 227.87  35.49  7  1.20  7.12 221.86  24.83  0.82 10.75 210.06  11.14  0.46 15.84 306.89  10.81  0.27 13.42 311.64   9.50  0.25 19.09 306.83   9.05  0.16 15.57 225.37   7.38  0.07 19.01 226.37   7.62
20001125 180000  9.3 218.8  1.76 15.52 227.73  33.68  7  1.43  7.04 222.75  24.03  0.80 10.59 209.91  11.01  0.46 15.55 308.26   9.37  0.30 13.47 307.09  12.82  0.26 19.04 307.13   8.95  0.17 15.54 225.25   7.45  0.09 18.67 226.74   7.33
20001125 210000 10.0 210.0  2.05 15.50 224.46  32.33  7  1.94  6.65 218.44  23.56  0.46 15.52 307.81   9.87  0.30 13.46 307.39  12.23  0.25 19.03 307.83   8.95  0.15 15.42 225.59   6.53  0.12 17.88 225.23   7.81  0.05 24.42 309.25   8.60
20001126 000000  7.6 205.1  2.19  7.08 222.04  32.36  8  1.95  7.08 218.05  26.07  0.75 10.48 208.95  10.45  0.46 15.52 307.73  10.26  0.30 13.47 306.92  11.96  0.25 18.94 308.20   8.82  0.21 14.57 225.70   7.21  0.14 17.83 224.69   8.01  0.07 23.42 308.63   8.57
20001126 030000  7.7 194.7  2.16  7.40 221.40  32.68  8  1.90  7.40 217.14  26.33  0.78 10.38 208.79  10.55  0.45 15.51 307.65  10.45  0.30 13.45 307.01  11.89  0.28 18.25 306.98   9.21  0.22 14.50 225.81   7.30  0.20 17.23 225.14   7.78  0.09 23.31 308.63   8.57
20001126 060000  8.7 189.3  2.10  7.48 220.94  33.16  8  1.85  7.48 215.73  26.07  0.71 10.34 209.45  10.81  0.41 15.51 307.59  10.54  0.33 17.86 306.22   9.18  0.30 13.48 307.53  11.81  0.24 16.74 225.15   7.83  0.22 14.47 225.82   7.01  0.09 23.28 308.97   8.68
20001126 090000  7.7 183.6  2.02  7.47 221.15  33.37  7  1.78  7.47 215.53  26.13  0.66 10.46 209.90  10.51  0.47 15.44 307.74  11.14  0.35 17.80 306.28   9.10  0.28 16.64 224.29   7.81  0.24 13.79 226.15   7.53  0.10 23.18 308.98   8.73
20001126 120000  7.3 190.3  1.93  7.41 222.69  33.19  7  1.66  7.41 217.20  26.20  0.67 10.28 209.59  10.48  0.44 15.25 307.90  11.05  0.35 16.12 224.91   8.03  0.35 17.79 306.83   9.25  0.25 13.55 225.85   7.30  0.12 22.30 308.40   8.66
20001126 150000  8.9 207.4  1.87 15.41 223.59  32.80  7  1.60  7.17 218.02  25.79  0.62 10.34 209.66  10.42  0.43 14.59 307.75  10.92  0.40 15.68 224.91   8.15  0.32 17.77 307.71   9.19  0.28 13.57 225.83   7.17  0.15 21.85 307.99   8.74
20001126 180000 10.4 214.2  1.96 15.24 224.16  31.73  6  1.80  6.58 218.10  24.32  0.47 15.55 225.58   8.45  0.42 14.49 307.22  11.20  0.32 17.65 307.67   8.85  0.25 13.41 223.99   5.35  0.18 21.79 308.15   8.87
20001126 210000 11.3 203.8  2.16  6.43 222.06  31.72  6  2.01  6.43 216.56  25.20  0.51 15.25 224.92   8.28  0.42 14.47 306.88  11.28  0.36 16.89 306.37   9.09  0.21 12.73 229.97   5.11  0.18 21.76 308.51   8.96
20001127 000000  9.1 196.6  2.15 14.58 221.05  33.57  7  1.88  6.58 214.80  27.79  0.56 14.71 225.11   8.59  0.55 10.19 211.02  10.14  0.41 14.46 306.51  11.44  0.41 16.68 305.78   9.13  0.28 12.69 225.66   6.83  0.19 21.62 308.45   8.72
20001127 030000  8.9 195.9  1.97 14.52 222.57  35.20  7  1.66  6.50 214.14  28.38  0.63 14.56 225.53   8.84  0.55  9.90 211.79  10.38  0.43 16.64 305.71   9.12  0.40 14.46 306.32  11.63  0.23 20.68 307.89   8.72  0.18 12.66 225.00   0.03
20001127 060000  8.7 190.2  1.87 14.43 223.05  36.19  6  1.51  6.25 212.71  28.82  0.72 14.42 225.20   8.83  0.53  9.80 211.42  10.18  0.42 16.62 306.23   9.28  0.39 14.44 306.28  11.72  0.28 20.42 307.47   8.86
20001127 090000  8.9 187.7  1.84 14.22 222.90  36.07  6  1.46  6.06 212.00  28.94  0.76 14.04 225.10   9.06  0.52  9.82 213.26  10.84  0.40 16.61 306.94   9.23  0.37 14.40 306.57  11.74  0.30 20.37 307.59   9.16
20001127 120000  6.8 186.9  1.79 13.77 225.44  35.12  6  1.38  6.13 215.23  28.91  0.78 13.70 224.67   9.74  0.56  9.87 215.83  10.97  0.39 16.55 307.15   8.97  0.34 14.25 307.11  11.90  0.30 20.33 308.04   9.26
20001127 150000  8.3 217.4  1.78 13.60 229.09  33.55  6  1.33  6.30 220.22  27.20  0.80 13.59 225.08   9.47  0.63 10.00 218.18  14.12  0.45 16.27 305.50   9.85  0.31 20.21 308.16   8.80  0.26 13.44 311.99  10.05
20001127 180000 11.0 209.9  2.06 13.48 228.17  31.76  5  1.77  6.05 221.01  24.41  0.83 13.46 224.77   9.89  0.44 15.67 305.96   8.96  0.36 19.42 307.81   8.74  0.30 13.50 308.59  12.45
20001127 210000 11.3 205.4  2.33 13.31 226.59  32.00  5  2.05  6.52 220.53  26.00  0.88 13.24 223.35  10.95  0.45 15.58 305.93   9.07  0.40 19.12 307.39   8.88  0.30 13.50 308.16  12.77
20001128 000000  8.6 199.8  2.37 13.09 226.50  32.66  5  2.06  6.98 220.43  27.44  0.95 12.91 223.30  10.75  0.44 15.55 306.07   9.25  0.42 19.06 307.16   9.26  0.29 13.48 308.29  13.41
20001128 030000  9.4 194.1  2.27 12.91 226.88  33.18  5  1.94  7.20 220.53  28.12  0.98 12.78 222.77  10.94  0.43 15.54 306.21   9.34  0.43 19.02 307.40   9.50  0.29 13.48 308.47  13.96
20001128 060000  7.5 192.9  2.17 12.78 228.10  33.61  5  1.82  7.18 221.29  28.30  0.96 12.66 223.04  10.84  0.43 18.94 307.76   9.32  0.41 15.52 306.76   9.38  0.29 13.50 308.30  14.29
20001128 090000  6.6 195.8  2.05 12.62 231.23  33.81  4  1.66  7.20 224.19  27.76  0.98 12.54 222.44  11.32  0.49 15.43 307.53  11.31  0.47 18.67 307.98   9.11
20001128 120000  5.1 193.0  1.99 12.55 233.64  33.95  4  1.58  7.34 226.06  26.61  0.97 12.50 222.37  11.44  0.51 18.06 307.73   9.08  0.49 15.30 307.85  11.26
20001128 150000  6.4 221.2  2.01 12.54 234.19  33.04  5  1.62  7.61 227.16  24.35  0.95 12.51 221.17  12.26  0.53 17.90 307.41   9.29  0.49 14.83 308.13  11.31  0.06 24.95 304.84   9.40
20001128 180000  9.2 215.0  2.15 17.82 231.75  31.81  5  1.81  7.87 225.30  23.39  0.91 12.47 221.45  12.59  0.53 17.84 307.19   9.65  0.47 14.61 308.59  11.40  0.06 24.93 305.31   9.29
20001128 210000  9.6 206.2  2.34 17.76 228.35  31.27  7  2.03  7.80 222.75  24.11  0.92 12.29 221.13  13.10  0.55 17.77 307.76   9.87  0.38 14.55 305.62   9.23  0.16 12.56 310.51  11.06  0.12 12.67 332.38   4.41  0.07 24.87 306.09   8.93
20001129 000000  7.8 195.9  2.46  7.87 226.46  31.54  7  2.18  7.87 221.36  24.87  0.89 11.89 219.29  12.99  0.56 17.69 308.29   9.65  0.37 14.49 305.96  10.35  0.12 12.45 311.45   7.50  0.12 12.53 332.58   5.02  0.09 23.86 305.29   9.49
20001129 030000  8.3 191.3  2.45  8.04 226.15  32.29  6  2.16  8.04 220.47  25.12  0.89 11.72 219.20  13.33  0.58 17.55 308.35   9.54  0.39 14.48 306.42   9.63  0.13 12.56 331.22   5.83  0.12 23.37 304.51   9.67
20001129 060000  6.8 187.9  2.38  8.28 226.55  32.93  8  2.10  8.28 220.22  24.66  0.68 11.77 225.49   8.72  0.60 17.25 308.21   9.47  0.49 11.67 203.90   7.81  0.40 14.45 306.48   9.65  0.14 23.32 304.58   9.67  0.13 11.91 331.58   5.73  0.06 19.20 226.01   7.76
20001129 090000  7.6 182.0  2.33  8.64 226.79  33.09  8  2.04  8.64 219.93  24.18  0.64 11.87 226.87   8.36  0.60 16.87 308.03   9.57  0.52 11.27 206.13   8.35  0.40 14.41 306.65   9.42  0.14 11.80 330.06   7.46  0.14 23.30 305.07   9.46  0.08 19.09 226.53   7.61
20001129 120000  7.5 189.4  2.33  9.03 226.15  32.66  7  2.19  9.02 219.28  22.72  0.59 16.74 307.90   9.80  0.40 14.39 306.99   9.37  0.32 13.95 220.77   7.39  0.14 23.16 305.53   9.28  0.14 11.74 330.04   7.36  0.11 18.20 226.37   7.73
20001129 150000  8.1 208.9  2.34  9.08 226.42  32.03  7  2.20  9.07 219.67  21.90  0.61 16.64 307.97   9.85  0.35 14.19 307.09   9.80  0.27 14.27 222.34   7.07  0.19 22.02 304.54   9.55  0.14 18.06 226.72   7.59  0.13 11.64 329.98   7.29
20001129 180000  9.3 213.2  2.36 16.59 227.02  31.74  6  2.23  8.93 220.37  21.63  0.62 16.58 308.16   9.87  0.30 13.64 306.92  10.44  0.24 21.83 304.04   9.81  0.18 18.57 227.17   7.39  0.13 11.46 329.80   7.29
20001129 210000  9.5 207.1  2.39 16.54 226.85  32.04  7  2.22  8.51 220.22  22.76  0.62 16.51 308.52   9.93  0.41 13.03 222.32   8.22  0.29 13.56 305.82   9.70  0.25 21.80 304.18   9.96  0.25 18.04 227.09   7.58  0.13 11.20 329.93   7.21
20001130 000000  5.7 207.4  2.36 16.50 227.32  32.49  7  2.18  8.21 220.52  23.42  0.63 16.42 308.28   9.94  0.41 12.91 221.62   8.66  0.32 17.59 227.29   7.44  0.28 13.51 307.46   9.69  0.24 21.78 304.94   9.88  0.12 11.04 330.42   7.37
20001130 030000  5.8 196.1  2.26 16.44 228.79  32.96  7  2.07  8.19 221.14  23.13  0.62 16.28 308.37  10.00  0.39 17.16 227.51   7.33  0.35 13.02 223.02   9.12  0.30 13.53 307.18   9.40  0.26 21.55 305.27   9.51  0.12 10.98 330.40   7.33
20001130 060000  3.9 194.0  2.15 16.33 230.71  33.61  6  1.95  8.27 221.63  22.20  0.61 15.97 308.25  10.04  0.47 16.67 227.60   7.36  0.34 20.52 304.27   9.57  0.30 13.50 307.79   9.70  0.12 10.89 330.36   7.30
20001130 090000  4.6 203.4  2.10 16.01 232.27  33.83  6  1.86  8.41 222.01  21.26  0.59 15.74 308.25  10.24  0.55 16.44 227.59   7.43  0.41 20.40 303.85   9.91  0.32 13.58 307.93   9.29  0.12 10.63 330.99   6.16
20001130 120000  4.3 191.5  2.07 15.66 232.45  33.47  5  1.81  8.53 221.93  20.51  0.66 15.58 308.16  10.13  0.62 15.75 227.63   7.37  0.41 20.38 303.87  10.27  0.12 10.45 330.95   6.65
20001130 150000  5.2 225.6  2.00 15.53 232.62  33.30  5  1.71  8.52 221.84  20.18  0.70 15.55 227.34   7.38  0.65 15.50 308.21  10.19  0.39 20.36 304.81  10.51  0.11 10.32 331.43   6.38
20001130 180000  6.9 232.2  1.92 15.39 234.25  34.03  5  1.61  8.35 222.57  20.79  0.73 15.34 227.22   7.51  0.65 15.44 308.22  10.24  0.40 20.15 305.29   9.96  0.10 10.28 331.37   6.38
20001130 210000  7.8 208.8  1.93 15.06 235.60  35.47  6  1.52  7.95 222.13  22.92  0.87 14.70 226.56   7.94  0.61 15.38 308.16  10.39  0.49 19.20 304.49   9.59  0.19 12.59 308.96   9.92  0.10 10.23 331.34   6.37
20001201 000000  7.7 199.5  1.97 14.70 235.56  36.65  6  1.51  7.34 220.56  24.58  0.94 14.52 226.35   7.93  0.60 15.33 308.25  10.44  0.57 19.08 303.89   9.86  0.19 12.58 308.39  10.34  0.10 10.12 331.79   5.82
