Date     Time   Uabs UDir  hs    tp    th     sp     np hs(i) tp(i) th(i)  sp(i)
19960801 000000  3.2  87.8  1.74 12.45 234.86  25.56  3  1.44 12.75 221.10   9.69  0.97 10.95 268.23  20.85  0.09 12.23 315.37   7.57
19960801 030000  0.4 119.8  1.69 12.47 234.31  26.39  4  1.44 12.64 221.53   9.95  0.84 10.86 265.98  11.42  0.29  4.62 333.19  24.50  0.09 11.98 315.58   7.49
19960801 060000  0.7 170.1  1.64 12.48 234.10  27.71  4  1.41 12.56 221.90  10.23  0.76 10.71 266.97  10.70  0.33  4.71 336.03  20.39  0.10 11.89 312.86  10.01
19960801 090000  2.3 278.4  1.61 12.52 234.29  29.21  4  1.40 12.58 222.02  10.23  0.71 10.40 267.14  11.19  0.38  4.78 334.65  19.51  0.10 11.83 312.83  10.16
19960801 120000  5.8  40.9  1.61 12.64 235.60  33.80  4  1.40 12.67 222.78  11.04  0.63 10.24 270.45  11.71  0.47  4.89 341.71  28.07  0.10 11.79 313.41   9.99
19960801 150000  6.6 359.9  1.64 12.76 239.53  41.39  4  0.65  4.84 345.02  31.11  1.39 12.78 223.09  11.36  0.58 10.25 271.61  11.62  0.10 11.75 313.75   9.89
19960801 180000  6.1 341.8  1.77 12.76 251.45  46.71  4  0.98  5.32 328.01  27.47  1.40 12.78 223.24  11.57  0.48 10.19 271.61  10.22  0.10 11.73 313.43  10.30
19960801 210000  3.6 348.1  1.82 12.73 252.34  46.01  4  1.42 12.74 222.73  11.52  1.09  5.96 317.84  29.12  0.31  9.87 268.45   7.98  0.11 11.74 310.89  12.61
19960802 000000  3.9   4.9  1.83 12.73 252.60  45.55  4  1.42 12.76 222.25  11.83  1.10  6.27 315.23  28.43  0.24  9.83 274.22   7.18  0.23 12.10 291.14  14.74
19960802 030000  1.6 297.2  1.91 12.58 258.51  44.40  3  1.39 12.76 221.60  12.07  1.13  6.70 312.93  26.53  0.66 11.20 286.75  10.37
19960802 060000  2.9  47.5  2.09 12.27 267.28  41.67  3  1.60 10.41 299.97  21.92  1.33 12.70 221.19  12.17  0.19 16.94 202.01   5.78
19960802 090000  3.9   5.0  2.20 11.71 271.12  40.26  3  1.75 10.16 298.49  19.76  1.28 12.63 221.15  12.46  0.35 16.19 202.03   5.92
19960802 120000  5.3  34.9  2.18 10.47 271.00  41.85  3  1.74 10.09 299.82  20.96  1.22 12.60 220.97  12.96  0.52 15.67 203.51   6.80
19960802 150000  3.2  18.2  2.10 10.26 268.47  43.41  3  1.63  9.97 301.09  20.61  1.10 12.39 221.68  12.90  0.74 15.12 205.55   8.21
19960802 180000  2.9 336.9  2.06 14.18 267.22  44.40  3  1.58  9.78 302.02  20.29  1.03 14.23 211.17  13.36  0.83 11.89 221.73  11.13
19960802 210000  2.3 273.3  2.10 13.78 268.87  43.99  2  1.64  9.86 301.47  19.79  1.31 14.05 214.79  13.60
19960803 000000  3.2 339.9  2.18 10.43 271.99  42.50  2  1.76 10.11 299.96  19.25  1.29 13.63 214.62  13.55
19960803 030000  1.1 102.0  2.20 10.19 273.96  41.43  2  1.81 10.04 299.15  18.94  1.25 13.45 214.56  13.27
19960803 060000  2.2  94.2  2.12  9.90 274.62  41.18  2  1.75  9.77 299.38  18.56  1.20 13.29 214.93  13.53
19960803 090000  0.5 103.7  2.01  9.66 274.72  41.39  3  1.65  9.57 299.96  18.38  1.13 13.06 214.71  13.27  0.17 17.30 236.29   9.07
19960803 120000  2.6  50.2  1.88 12.73 274.46  41.67  3  1.53  9.39 300.60  18.28  1.06 12.78 214.93  13.52  0.22 16.96 236.09   8.71
19960803 150000  1.3 302.6  1.75 12.59 273.87  41.89  4  1.41  9.11 301.22  18.34  0.97 12.58 213.98  12.29  0.30 16.64 236.11   8.36  0.19 13.50 250.32   5.81
19960803 180000  4.5 258.6  1.65 12.45 272.42  41.74  4  1.31  8.94 301.01  19.20  0.88 12.36 212.92  11.25  0.41 15.83 236.56   8.60  0.25 12.83 245.77   7.58
19960803 210000  3.7 243.1  1.55 12.17 270.28  41.53  4  1.21  8.81 300.62  20.61  0.82 12.07 213.71  11.83  0.50 15.55 236.97   8.53  0.20 12.86 249.21   5.56
19960804 000000  1.4 325.5  1.48 14.92 268.00  41.19  4  1.11  8.61 300.99  21.21  0.75 11.86 214.15  12.30  0.59 14.96 237.10   8.87  0.18 12.56 249.32   5.20
19960804 030000  0.3  46.8  1.41 14.53 266.00  40.69  3  1.03  8.42 301.72  20.87  0.68 14.56 238.61   9.08  0.68 11.72 213.32  11.51
19960804 060000  5.1  57.4  1.35 14.27 264.59  42.78  3  0.96  8.29 304.61  28.40  0.71 14.28 238.85   9.40  0.63 11.62 214.03  12.19
19960804 090000  3.5 354.9  1.28 13.66 263.47  41.30  3  0.88  8.18 304.64  25.83  0.74 13.69 239.40   9.46  0.57 11.26 213.26  11.54
19960804 120000  6.1  11.8  1.24 13.43 264.72  42.49  3  0.85  7.91 307.98  28.15  0.72 13.48 240.47   9.54  0.55 11.20 214.68  12.20
19960804 150000  6.9 353.2  1.26 13.15 273.33  45.67  3  0.91  7.74 314.98  30.14  0.72 13.16 240.64   9.68  0.48 11.05 213.40  12.10
19960804 180000  6.7 349.7  1.33 12.70 284.43  45.85  3  1.05  7.31 317.07  29.89  0.69 12.77 241.64   9.37  0.45 10.99 213.34  11.80
19960804 210000 10.7 346.5  1.68 12.53 307.32  43.76  4  1.49  6.06 324.35  29.95  0.66 12.57 242.15   9.29  0.39 10.82 211.89  10.67  0.13 19.00 236.09   9.52
19960805 000000  7.9 354.1  1.95  6.65 314.13  40.77  5  1.80  6.65 325.10  30.49  0.63 12.45 243.62   8.37  0.38 10.78 213.28  10.56  0.15 18.86 235.60   9.14  0.06 10.40 317.73   8.66
19960805 030000  5.6  30.3  1.82  6.91 312.06  40.80  4  1.67  6.91 323.97  30.21  0.61 12.20 243.76   8.62  0.33 10.58 212.04   9.86  0.21 17.95 234.91   9.73
19960805 060000  5.6  37.8  1.63  6.87 310.62  42.48  4  1.46  6.87 325.86  29.67  0.60 11.98 243.60   9.16  0.30 10.18 211.88  10.04  0.27 17.74 235.76   9.25
19960805 090000  7.0  19.5  1.51  6.71 310.39  45.36  4  1.32  6.71 329.77  30.28  0.57 11.92 244.27   8.63  0.35 17.02 235.72   9.81  0.30 10.19 212.74   9.83
19960805 120000 11.0   2.6  1.69  6.52 322.08  45.43  5  1.51  6.51 337.62  30.18  0.42 16.69 235.76   9.52  0.42 11.93 245.78   7.32  0.32 13.87 243.33   9.55  0.30  9.80 213.96  10.29
19960805 150000 13.5 354.0  2.41  6.84 330.07  36.99  5  2.30  6.83 336.63  27.44  0.52 16.48 237.82  10.14  0.45 13.21 244.31   8.99  0.27  9.67 212.93   9.81  0.06 23.59 228.37   7.94
19960805 180000 12.3 323.7  3.05  8.12 317.95  33.21  4  2.94  8.11 322.54  27.69  0.63 16.13 237.70   9.90  0.44 12.60 247.53   9.94  0.24  9.63 212.91  10.12
19960805 210000  7.8 311.6  2.97  8.74 305.78  33.92  4  2.82  8.73 312.15  28.40  0.89 15.82 241.50  10.50  0.22 10.02 211.65   9.02  0.16 22.39 228.22   9.31
19960806 000000  3.2 346.6  2.65  8.63 298.20  35.86  4  2.43  8.61 308.59  28.74  0.89 15.61 238.95   9.48  0.54 11.79 243.17  17.15  0.20 22.10 229.35   9.05
19960806 030000  1.5  38.4  2.35  8.35 290.91  37.96  4  2.05  8.34 307.20  29.20  0.96 15.42 238.90   9.53  0.58 12.29 242.59  16.27  0.28 21.63 231.90   7.90
19960806 060000  1.6 175.1  2.20 15.05 280.89  38.04  3  1.80  8.13 302.90  29.99  1.22 15.05 240.67  11.67  0.37 21.00 231.37   8.83
19960806 090000  5.7 160.1  2.16 14.74 270.49  36.17  3  1.67  8.03 293.88  32.66  1.29 14.74 241.24  10.51  0.46 20.58 232.31   9.95
19960806 120000  7.6 181.2  2.16 14.62 260.30  34.84  3  1.58  7.99 282.42  38.14  1.31 14.62 241.95  10.12  0.68 19.55 233.92  10.16
19960806 150000  5.5 170.4  2.17 14.50 253.66  31.98  4  0.42  3.04 167.88  32.56  1.41  7.94 279.55  30.84  1.39 14.50 242.15  10.01  0.79 19.32 233.84   9.53
19960806 180000  7.8 202.0  2.26 18.57 248.25  27.81  3  1.40 14.41 241.90   9.93  1.40  7.92 265.43  38.85  1.10 18.57 237.02  11.09
19960806 210000  8.8 200.3  2.43 18.03 243.67  24.66  3  0.81  3.93 213.94  33.54  1.90 14.62 251.58  23.18  1.29 18.05 237.18  10.53
19960807 000000  7.0 201.1  2.56 17.72 241.33  22.23  3  1.61  8.74 245.08  32.75  1.45 17.81 235.17   9.41  1.36 14.13 243.87   9.15
19960807 030000  5.2 185.7  2.61 17.52 240.64  19.61  2  2.11 17.52 238.94  10.25  1.53  8.96 244.36  30.04
19960807 060000  8.2 201.7  2.66 16.96 239.46  18.10  2  2.21 16.96 238.52  10.18  1.48  8.90 241.78  28.58
19960807 090000  4.7 179.0  2.69 16.62 238.66  17.14  2  2.28 16.62 238.07  10.09  1.41  8.81 240.38  28.11
19960807 120000  1.8 284.3  2.64 16.48 238.69  15.48  3  2.19 16.48 238.13  10.21  1.29  8.63 242.03  25.90  0.72 19.27 234.17   7.65
19960807 150000  4.9 253.2  2.59 15.98 238.58  14.38  2  2.32 15.98 237.39  10.07  1.15  8.46 243.82  24.60
19960807 180000  4.4 237.5  2.52 15.63 238.25  13.85  3  1.92 15.52 239.03   9.64  1.25 17.85 232.19   9.38  1.05  8.25 244.57  24.03
19960807 210000  2.0 242.7  2.43 15.58 237.85  13.45  3  1.89 15.40 238.00  10.50  1.23 17.70 233.76   8.32  0.90  7.93 245.48  24.74
19960808 000000  2.1 355.0  2.34 15.69 237.42  12.99  2  2.20 15.69 236.31  10.03  0.80  7.71 246.49  24.49
19960808 030000  2.9 221.1  2.26 16.07 236.91  12.59  2  2.16 16.07 235.84   9.95  0.69  7.40 248.41  24.81
19960808 060000  1.5 129.6  2.21 15.55 236.27  12.22  2  2.12 15.55 235.30   9.94  0.59  7.22 249.97  24.89
19960808 090000  2.4  60.2  2.18 15.47 235.51  11.93  1  2.18 15.47 235.51  11.93
19960808 120000  8.4  27.0  2.28 15.37 235.25  18.22  1  2.28 15.37 235.25  18.22
19960808 150000  3.3 326.3  2.46 15.17 235.73  19.10  1  2.46 15.17 235.73  19.10
19960808 180000  2.4 230.3  2.65 15.06 235.92  17.55  1  2.65 15.06 235.92  17.55
19960808 210000  4.5 188.0  2.80 14.76 235.56  16.42  1  2.80 14.76 235.56  16.42
19960809 000000  5.1 159.5  2.91 14.33 234.23  16.76  1  2.91 14.33 234.23  16.76
19960809 030000  5.3 174.0  2.96 14.27 233.38  16.68  1  2.96 14.27 233.38  16.68
19960809 060000  6.7 163.7  3.02 14.23 231.86  17.56  1  3.02 14.23 231.86  17.56
19960809 090000  6.4 144.4  3.07 14.16 230.17  18.62  1  3.07 14.16 230.17  18.62
19960809 120000  6.7 162.7  3.10 14.01 228.69  18.65  1  3.10 14.01 228.69  18.65
19960809 150000  5.7 163.1  3.06 13.77 227.63  18.45  1  3.06 13.77 227.63  18.45
19960809 180000  7.6 198.6  2.99 13.58 226.87  17.85  1  2.99 13.58 226.87  17.85
19960809 210000  8.7 201.8  2.95 13.44 225.89  18.13  1  2.95 13.44 225.89  18.13
19960810 000000  9.5 197.8  2.87 13.30 224.80  19.23  2  1.04  4.75 203.76  27.83  2.67 13.30 227.64  15.59
19960810 030000  8.3 193.4  2.76 12.97 224.48  19.98  1  2.76 12.97 224.48  19.98
19960810 060000 10.3 187.5  2.68 12.68 223.58  21.37  1  2.68 12.68 223.58  21.37
19960810 090000  8.4 182.6  2.55 12.51 223.40  22.35  1  2.55 12.51 223.40  22.35
19960810 120000  9.0 184.7  2.38 12.34 223.39  22.88  1  2.38 12.34 223.39  22.88
19960810 150000  8.0 194.4  2.24 11.96 223.25  22.93  1  2.24 11.96 223.25  22.93
19960810 180000  9.9 201.4  2.16 11.74 222.68  22.80  1  2.16 11.74 222.68  22.80
19960810 210000  9.6 199.6  2.11 11.56 222.40  23.29  2  1.35  5.47 215.43  30.39  1.62 11.56 226.69  15.22
19960811 000000  9.0 194.9  2.01 11.28 222.21  23.81  3  1.30  5.48 216.02  31.77  1.52 11.28 226.05  14.42  0.16 15.43 233.27  10.63
19960811 030000  9.3 187.6  1.98 11.03 220.62  24.66  3  1.31  5.29 212.55  32.36  1.48 11.03 226.03  14.07  0.17 15.49 226.66  10.38
19960811 060000  8.6 167.3  1.95 10.86 220.00  25.70  2  1.24  5.56 209.94  35.00  1.50 10.86 225.77  13.55
19960811 090000  5.6 154.5  1.93 10.86 221.69  23.18  1  1.93 10.86 221.69  23.18
19960811 120000  6.7 168.9  2.08 11.08 222.53  19.60  1  2.08 11.08 222.53  19.60
19960811 150000  3.3 151.5  2.39 13.91 222.69  16.78  1  2.39 13.91 222.69  16.78
19960811 180000  5.0 218.4  2.70 14.25 223.19  14.36  1  2.70 14.25 223.19  14.36
19960811 210000  6.4 214.2  2.89 14.12 223.50  14.06  1  2.89 14.12 223.50  14.06
19960812 000000  5.3 203.6  2.91 13.80 223.80  14.36  1  2.91 13.80 223.80  14.36
19960812 030000  0.9 174.7  2.82 13.67 224.10  14.44  1  2.82 13.67 224.10  14.44
19960812 060000  1.2 215.0  2.70 13.59 224.29  14.37  1  2.70 13.59 224.29  14.37
19960812 090000  2.3 314.8  2.56 13.53 224.39  14.32  1  2.56 13.53 224.39  14.32
19960812 120000  7.6 340.5  2.41 13.49 225.69  19.61  1  2.41 13.49 225.69  19.61
19960812 150000  8.3 339.0  2.27 13.49 229.44  30.09  2  0.69  3.58 330.97  31.77  2.16 13.49 224.45  13.84
19960812 180000 11.9 332.5  2.34 13.49 250.43  47.42  2  1.36  4.93 324.84  29.39  1.90 13.49 224.38  13.35
19960812 210000 15.1 355.4  2.71 13.49 295.92  55.26  3  2.15  6.14 335.29  30.85  1.64 13.49 224.92  13.18  0.18 20.76 253.28  14.34
19960813 000000 15.7 342.2  3.50  7.27 301.64  49.24  3  2.89  7.24 330.34  31.50  1.71 13.38 230.83  16.00  0.98 18.64 249.04   9.02
19960813 030000 12.7 346.5  4.33 17.42 273.35  44.01  2  2.62  7.30 332.65  30.47  3.44 17.42 246.92  16.28
19960813 060000 12.0 352.7  5.02 16.51 263.11  38.18  2  2.42  7.15 335.20  32.14  4.39 16.51 248.53  14.81
19960813 090000 13.0 349.4  5.14 16.04 262.36  36.72  2  2.35  6.93 335.96  30.34  4.57 16.04 249.30  15.01
19960813 120000 12.2 347.9  4.97 15.46 263.35  37.70  3  2.38  7.02 333.47  30.96  4.24 15.48 250.71  14.22  1.01 15.15 215.71   7.22
19960813 150000  8.3   0.8  4.57 14.94 258.04  34.83  2  4.40 14.91 261.69  34.07  1.23 15.11 215.90   7.54
19960813 180000  5.6 307.1  4.25 14.43 251.72  31.36  1  4.25 14.43 251.72  31.36
19960813 210000  3.9 304.5  4.05 14.14 246.46  28.80  1  4.05 14.14 246.46  28.80
19960814 000000  3.0 350.9  3.84 13.76 243.04  27.36  1  3.84 13.76 243.04  27.36
19960814 030000  3.9  26.6  3.59 13.53 241.28  26.78  1  3.59 13.53 241.28  26.78
19960814 060000  2.8  53.2  3.35 13.28 240.36  26.41  1  3.35 13.28 240.36  26.41
19960814 090000  2.9 136.7  3.13 12.95 239.78  26.02  1  3.13 12.95 239.78  26.02
19960814 120000  7.2 136.8  2.92 12.67 238.55  27.28  1  2.92 12.67 238.55  27.28
19960814 150000  8.4 168.6  2.81 12.46 235.67  28.59  2  0.62  3.32 165.60  32.08  2.74 12.46 238.23  24.78
19960814 180000 10.0 192.5  2.89 12.31 232.16  27.38  2  0.93  4.06 191.57  31.22  2.74 12.31 236.17  23.53
19960814 210000 10.4 196.9  3.11 12.65 229.78  25.15  2  1.22  4.81 205.14  30.39  2.86 12.65 233.83  21.68
19960815 000000 10.0 193.8  3.26 12.97 228.89  23.63  2  1.22  5.01 202.56  29.27  3.03 12.97 232.72  20.00
19960815 030000  8.1 179.5  3.28 12.92 229.20  22.81  1  3.28 12.92 229.20  22.81
19960815 060000  6.1 165.9  3.16 12.84 230.28  21.73  1  3.16 12.84 230.28  21.73
19960815 090000  5.1 175.0  3.01 12.75 231.19  20.54  1  3.01 12.75 231.19  20.54
19960815 120000  5.7 163.5  2.86 12.68 231.66  19.84  1  2.86 12.68 231.66  19.84
19960815 150000  6.1 195.5  2.72 12.61 231.85  19.27  1  2.72 12.61 231.85  19.27
19960815 180000  7.9 205.7  2.62 12.54 231.39  19.18  1  2.62 12.54 231.39  19.18
19960815 210000  8.7 208.8  2.57 12.46 230.86  19.41  2  0.96  4.71 215.62  27.33  2.38 12.46 233.15  16.65
19960816 000000  7.6 203.9  2.57 12.35 229.97  20.50  1  2.57 12.35 229.97  20.50
19960816 030000  6.1 193.8  2.50 12.28 229.85  20.76  1  2.50 12.28 229.85  20.76
19960816 060000  7.2 183.4  2.40 12.38 229.64  20.42  1  2.40 12.38 229.64  20.42
19960816 090000  5.7 179.8  2.34 12.85 229.47  19.62  1  2.34 12.85 229.47  19.62
19960816 120000  8.8 181.5  2.37 14.01 229.03  19.35  1  2.37 14.01 229.03  19.35
19960816 150000  6.5 192.6  2.49 15.31 229.96  18.33  1  2.49 15.31 229.96  18.33
19960816 180000  8.7 208.6  2.66 15.14 231.32  17.57  2  1.12  5.79 217.42  28.42  2.41 15.14 233.97  12.60
19960816 210000  8.1 202.2  2.78 14.62 232.64  17.90  2  1.21  5.84 220.42  29.31  2.50 14.62 235.18  12.54
19960817 000000  8.9 191.4  2.83 14.29 233.22  19.02  1  2.83 14.29 233.22  19.02
19960817 030000  6.0 194.1  2.82 14.06 234.25  18.98  1  2.82 14.06 234.25  18.98
19960817 060000  6.6 191.0  2.79 13.81 234.85  18.82  2  2.47 14.06 239.34  18.68  1.30 13.64 219.09   7.70
19960817 090000  5.0 181.1  2.74 13.59 235.16  19.02  2  2.17 13.50 242.82  19.51  1.67 13.70 222.81   9.35
19960817 120000  6.2 172.8  2.69 13.44 235.05  19.56  3  2.09 12.96 244.28  19.40  1.58 13.67 220.73   9.25  0.59 17.00 226.57   8.65
19960817 150000  4.0 200.6  2.64 13.34 234.89  19.73  3  1.95 13.16 246.52  19.00  1.57 13.45 220.81   9.73  0.82 16.65 223.44   8.18
19960817 180000  8.3 210.5  2.64 13.23 234.05  20.14  4  1.85 12.89 247.15  20.07  1.55 13.43 220.99   9.82  1.05 15.86 223.66  10.26  0.06 15.45 312.17   6.65
19960817 210000  7.0 195.5  2.63 13.02 232.95  21.11  3  1.94 15.20 222.04  10.74  1.78 12.73 246.81  22.77  0.06 15.41 312.42   6.80
19960818 000000  4.8 200.7  2.59 12.99 232.46  21.24  2  2.00 14.62 221.59  10.61  1.65 12.54 249.72  22.53
19960818 030000  6.2 200.5  2.54 14.16 232.13  21.06  2  2.05 14.47 222.09  11.17  1.50 12.64 252.19  22.00
19960818 060000  5.7 176.3  2.49 13.82 231.55  21.40  2  2.02 14.28 221.21  10.71  1.46 12.56 252.85  22.29
19960818 090000  2.9 147.3  2.41 13.66 231.82  21.48  2  1.98 14.12 220.94  11.18  1.36 12.48 256.29  19.24
19960818 120000  2.3 157.8  2.30 13.58 232.65  21.52  2  1.88 13.97 220.50  10.73  1.33 12.54 258.15  15.97
19960818 150000  4.3 243.3  2.19 13.48 233.82  21.86  2  1.76 13.91 220.47  10.70  1.30 12.49 259.26  14.46
19960818 180000  6.1 212.6  2.08 13.35 234.87  22.50  2  1.65 13.72 220.89  10.92  1.27 12.22 259.65  16.06
19960818 210000  2.2 209.1  1.97 13.24 236.61  22.95  2  1.52 13.55 221.02  11.03  1.25 11.84 260.22  15.58
19960819 000000  5.0  17.3  1.92 13.11 240.02  24.97  2  1.37 13.42 220.97  10.54  1.34 12.19 261.03  19.46
19960819 030000  4.5 331.6  1.96 12.71 245.26  25.60  2  1.55 11.89 260.25  20.77  1.20 13.27 220.79   9.98
19960819 060000  4.4 315.1  2.10 12.45 250.34  24.15  3  1.79 11.87 261.14  18.64  1.08 12.83 220.70   9.30  0.14 19.13 257.31   8.75
19960819 090000  3.0   8.0  2.29 12.31 254.37  22.42  3  2.01 11.83 262.54  16.98  1.01 12.66 220.62   9.29  0.43 17.19 256.64   9.53
19960819 120000  3.6 349.1  2.65 12.25 257.86  20.25  3  2.21 11.89 264.75  15.76  1.10 15.83 256.74  11.14  0.95 12.56 220.38   9.12
19960819 150000  2.4 274.9  3.07 14.70 259.57  18.47  3  2.33 12.39 266.04  15.65  1.79 14.98 257.47  12.07  0.87 12.27 220.50   9.54
19960819 180000  3.6 224.1  3.25 13.56 259.42  18.45  2  3.17 13.64 261.49  16.21  0.72 11.83 217.01   7.88
19960819 210000  6.0 223.2  3.13 12.77 257.89  20.19  1  3.13 12.77 257.89  20.19
19960820 000000  5.6 202.3  2.87 12.14 255.52  23.05  1  2.87 12.14 255.52  23.05
19960820 030000  4.3 179.6  2.61 11.64 253.25  25.75  2  2.12 11.88 267.87  18.34  1.52 11.15 224.76  11.34
19960820 060000  6.0 171.7  2.42 11.15 250.75  28.22  3  1.85 11.45 269.90  20.96  1.25 10.76 222.45  11.39  0.93 13.60 227.86  13.35
19960820 090000  6.7 173.9  2.30 10.95 247.68  30.16  4  0.41  2.80 180.53  33.66  1.66 10.99 272.00  17.15  1.16 10.75 222.57  11.82  0.99 13.48 223.27  10.63
19960820 120000  6.6 171.6  2.20 10.87 244.49  31.28  2  1.56 10.88 268.21  30.23  1.55 13.37 223.55  11.66
19960820 150000  7.4 188.3  2.13 10.84 241.37  31.42  2  1.58 13.26 224.26  11.92  1.43 10.45 266.31  34.06
19960820 180000  9.6 211.9  2.12 12.81 238.87  29.51  3  0.82  3.76 216.33  32.76  1.55 12.94 224.08  11.48  1.19 10.30 275.65  14.19
19960820 210000  9.8 205.2  2.16 12.55 236.08  29.34  4  1.14  4.68 223.93  33.31  1.49 12.62 223.81  11.03  1.06 10.19 274.97  13.34  0.06 18.24 230.85   8.36
19960821 000000  6.9 199.6  2.05 12.43 234.84  29.73  4  1.13  5.02 222.23  33.52  1.40 12.47 223.86  11.24  0.97 10.14 275.64  13.10  0.11 17.87 230.06   9.49
19960821 030000  7.0 195.1  1.86 12.26 235.61  29.58  4  0.93  4.96 218.78  33.31  1.29 12.28 223.97  11.44  0.94  9.80 274.75  13.21  0.22 16.93 230.32   9.03
19960821 060000  6.1 190.5  1.71 11.75 236.22  29.37  3  1.22 11.90 224.04  12.55  1.14  9.65 254.40  36.53  0.39 15.93 230.53   8.90
19960821 090000  5.7 196.5  1.64 11.72 237.01  27.59  3  1.23 11.84 221.55  20.04  0.85  9.60 273.85  13.12  0.67 15.38 231.40   9.24
19960821 120000  5.7 189.4  1.76 15.25 236.56  24.15  3  1.14 15.25 231.89   9.51  0.96  9.21 257.46  34.26  0.93 11.65 225.07  11.95
19960821 150000  5.1 210.6  2.03 15.19 236.32  19.78  3  1.84 15.19 231.59  11.90  0.86  9.33 262.30  29.53  0.19 18.99 225.00   0.02
19960821 180000  6.6 214.9  2.40 14.67 236.16  16.97  3  2.19 14.67 234.48  11.70  0.79  8.69 260.10  30.81  0.58 18.05 221.67   6.85
19960821 210000  5.3 214.1  2.69 14.35 236.26  16.03  3  0.74  8.87 257.14  33.02  2.43 14.35 236.78  11.87  0.91 17.35 220.86   7.05
19960822 000000  2.4 203.4  2.86 14.26 235.93  15.92  2  2.56 14.19 239.50  15.41  1.27 16.81 221.68   8.31
19960822 030000  4.2 186.7  2.96 14.27 234.39  16.41  2  2.29 13.31 242.72  14.91  1.88 16.90 222.24   9.74
19960822 060000  5.6 157.2  3.06 17.22 231.48  17.56  2  2.20 17.22 220.16   9.18  2.14 13.34 243.82  16.33
19960822 090000  4.8 164.1  3.12 16.48 228.94  17.95  2  3.03 16.48 227.56  17.52  0.74 13.62 251.69   6.26
19960822 120000  2.9 192.9  3.09 16.04 227.61  17.71  1  3.09 16.04 227.61  17.71
19960822 150000  5.7 235.4  2.96 15.47 227.10  17.86  1  2.96 15.47 227.10  17.86
19960822 180000  4.3 252.0  2.76 15.24 227.13  18.52  1  2.76 15.24 227.13  18.52
19960822 210000  2.0 287.8  2.53 14.69 227.46  19.36  1  2.53 14.69 227.46  19.36
19960823 000000  5.7   8.5  2.32 14.44 228.53  22.11  1  2.32 14.44 228.53  22.11
19960823 030000  2.5 311.7  2.13 14.27 230.30  23.95  1  2.13 14.27 230.30  23.95
19960823 060000  5.8 356.6  2.03 13.87 235.15  29.24  1  2.03 13.87 235.15  29.24
19960823 090000  9.1 342.5  2.12 13.56 250.33  40.08  1  2.12 13.56 250.33  40.08
19960823 120000  8.6   4.2  2.43 13.35 272.70  45.44  2  2.09  9.91 293.91  37.30  1.24 13.53 216.71  12.63
19960823 150000 11.6 351.0  2.64 13.00 286.80  45.97  2  2.42 10.74 299.84  38.87  1.04 13.50 213.97  10.93
19960823 180000 14.8 342.1  3.35  7.58 309.52  42.45  3  2.60  7.06 336.76  25.83  1.88 10.20 276.09  16.99  0.97 13.29 215.31  11.86
19960823 210000 15.1 346.5  3.85  8.59 317.77  39.90  3  3.45  8.49 331.08  28.63  1.38 11.05 269.30   9.96  1.01 12.95 219.53  14.22
19960824 000000 20.3 357.9  4.68  9.34 327.41  38.07  2  4.57  9.31 330.68  32.84  1.04 12.76 220.10  14.01
19960824 030000 15.6 340.0  4.71  9.87 323.36  37.51  2  4.57  9.81 327.34  31.59  1.14 12.54 222.45  15.61
19960824 060000  5.8 296.4  3.89  9.82 310.15  41.14  2  3.67  9.73 318.46  32.16  1.30 12.36 221.32  15.56
19960824 090000  4.7 234.8  3.25  9.52 296.64  45.43  2  2.90  9.42 312.97  33.02  1.45 11.96 220.35  15.68
19960824 120000  2.1 206.5  2.81  9.20 282.89  47.52  2  2.31  9.02 311.42  31.07  1.61 11.65 221.98  16.96
19960824 150000  3.1  80.8  2.50  9.04 272.58  47.87  2  1.91  8.82 310.33  29.08  1.61 11.49 221.38  17.29
19960824 180000  3.1  55.5  2.23  8.94 266.07  47.51  2  1.62  8.59 309.42  28.04  1.54 11.43 221.19  17.82
19960824 210000  1.6  20.4  2.02  8.84 261.87  46.68  4  1.42  8.39 307.70  27.39  1.10 11.20 221.57  17.35  0.91  9.48 219.26  18.84  0.15 12.74 252.64  10.15
19960825 000000  4.5 353.7  1.85  8.67 259.35  46.04  3  1.36 11.05 221.94  19.12  1.25  8.31 308.08  26.44  0.11 12.72 252.63  12.99
19960825 030000  4.0 329.2  1.72 10.97 257.02  45.30  4  1.27 11.00 223.21  19.69  1.14  8.20 307.28  26.41  0.20 16.32 217.18  16.03  0.19  9.02 205.00   0.00
19960825 060000  3.8 265.4  1.64 10.94 253.02  43.66  4  1.24 10.92 223.48  20.37  1.02  8.06 305.81  25.12  0.28 15.86 213.63  14.23  0.16 11.91 253.29   9.17
19960825 090000  2.8 198.4  1.60 10.91 247.30  41.65  4  1.19 10.88 222.37  19.31  0.96  7.86 301.11  24.95  0.45 15.02 211.10  12.06  0.17 11.93 252.82   9.28
19960825 120000  2.7 182.6  1.60 10.90 240.71  39.52  4  1.09 10.80 226.16  20.06  0.87  7.88 299.13  25.26  0.77 14.39 208.89  10.25  0.10 11.83 245.00   0.02
19960825 150000  1.8 174.6  1.62 13.90 234.53  36.95  2  1.42 13.91 219.70  19.53  0.76  7.69 300.08  22.99
19960825 180000  6.9 239.3  1.67 13.52 229.88  33.75  2  1.53 13.52 219.97  20.86  0.66  7.54 299.49  21.89
19960825 210000  7.2 220.2  1.77 13.20 227.03  30.76  2  1.67 13.20 220.57  21.29  0.57  7.39 301.18  19.58
19960826 000000  5.4 189.0  1.80 12.85 224.58  28.87  1  1.80 12.85 224.58  28.87
19960826 030000  4.5 182.5  1.79 12.70 224.60  27.72  2  1.78 12.70 224.55  27.71  0.07 20.62 252.58  12.44
19960826 060000  4.3 162.1  1.77 12.61 225.07  26.97  2  1.76 12.61 224.99  26.96  0.09 20.39 253.31  12.82
19960826 090000  3.2 194.5  1.73 12.55 225.35  26.28  2  1.73 12.55 225.22  26.26  0.12 20.08 252.28  12.18
19960826 120000  4.2 207.1  1.69 12.48 224.95  25.65  2  1.68 12.48 224.76  25.62  0.14 19.35 252.65  11.82
19960826 150000  5.6 207.1  1.65 12.43 223.80  25.16  3  1.62 12.43 224.38  25.10  0.30 15.29 199.20   5.91  0.16 19.10 252.58  11.66
19960826 180000  8.9 223.7  1.71 12.41 222.74  24.89  3  0.71  3.62 223.36  29.49  1.54 12.41 222.15  23.67  0.19 18.88 251.93  11.58
19960826 210000 10.1 213.5  1.93 12.41 220.85  24.66  2  1.92 12.41 220.45  24.55  0.21 18.24 251.63  11.73
19960827 000000  8.4 214.4  2.17 12.37 219.39  24.08  3  1.70  7.11 221.56  27.63  1.32 12.38 215.05  15.16  0.24 17.91 251.30  11.65
19960827 030000  6.7 198.1  2.23 12.28 218.90  23.61  3  1.93  7.91 221.30  25.50  1.10 12.30 210.34  12.43  0.26 17.73 250.24  12.12
19960827 060000  5.4 174.7  2.16 12.18 218.57  23.06  3  1.85  8.08 220.99  24.83  1.08 12.20 209.86  12.59  0.29 17.37 249.26  12.28
19960827 090000  3.9 166.8  2.01 12.14 218.89  22.27  3  1.66  8.06 221.56  24.13  1.09 12.15 210.79  13.24  0.31 16.84 249.27  12.32
19960827 120000  5.9 177.3  1.88 12.09 218.88  21.85  3  1.53  8.05 221.83  23.71  1.05 12.09 210.08  12.32  0.34 16.65 248.38  12.54
19960827 150000  6.3 177.2  1.80 11.96 218.47  21.77  3  1.45  8.39 220.88  23.65  1.00 11.96 209.93  12.10  0.37 16.41 247.42  12.81
19960827 180000  7.8 203.5  1.75 11.81 218.32  21.38  3  1.39  8.49 219.68  23.20  0.98 11.81 211.15  12.55  0.40 15.89 247.13  12.80
19960827 210000  9.7 200.2  1.82 11.69 217.39  22.17  3  1.49  8.06 217.58  23.88  0.95 11.69 211.02  12.49  0.44 15.64 246.44  12.86
19960828 000000  9.0 179.7  1.90 11.59 215.46  24.79  3  1.61  7.27 213.96  26.58  0.89 11.59 211.67  13.12  0.48 15.48 245.68  12.90
19960828 030000  9.6 172.5  1.92 11.47 213.91  26.93  3  1.66  6.90 211.66  28.63  0.81 11.47 210.12  12.04  0.52 15.17 245.09  12.78
19960828 060000  9.5 164.0  1.98 14.66 212.29  28.37  3  1.73  7.06 209.22  29.87  0.78 11.16 210.11  12.20  0.56 14.68 244.67  12.69
19960828 090000  7.2 159.5  1.95 14.50 214.48  27.47  3  1.69  7.42 211.83  28.95  0.76 11.02 209.57  11.90  0.58 14.52 244.06  12.88
19960828 120000  6.9 190.5  1.90 14.29 217.50  25.17  4  1.68  7.85 215.40  25.67  0.63 14.33 243.03  12.34  0.61 11.05 205.67   9.06  0.05 17.73 297.79  10.11
19960828 150000  5.7 189.4  1.89 13.76 219.38  23.17  5  1.63  8.51 217.70  23.59  0.68 10.98 206.63   9.15  0.62 13.83 244.48  11.57  0.22 16.68 226.50   7.93  0.06 17.74 293.32  12.63
19960828 180000  9.3 210.8  1.99  9.07 220.10  21.73  5  1.78  9.07 218.01  21.30  0.67 13.58 243.17  11.95  0.53 11.21 203.86   8.23  0.23 16.70 228.95   9.53  0.07 17.73 293.54  12.64
19960828 210000  9.0 199.3  2.14  9.46 220.11  21.84  3  2.00  9.46 217.03  21.16  0.75 13.43 241.00  12.60  0.07 17.70 290.65  14.00
19960829 000000  9.3 190.8  2.23  9.59 220.01  22.28  5  2.09  9.59 216.99  21.78  0.61 13.14 245.13  11.05  0.47 15.39 233.20   9.99  0.08 22.09 230.91   8.88  0.08 17.68 290.38  13.83
19960829 030000  5.8 180.2  2.26  9.54 221.02  22.12  5  2.12  9.54 218.17  21.73  0.59 13.25 247.97   8.76  0.50 15.46 230.64   9.01  0.11 22.67 232.19   9.00  0.08 17.63 291.12  13.05
19960829 060000  6.1 166.8  2.25  9.50 222.71  21.25  4  2.09  9.50 219.84  21.07  0.83 13.91 239.31  12.77  0.16 22.14 233.97   8.35  0.08 17.52 290.81  13.96
19960829 090000  3.8 150.7  2.27  9.68 224.11  20.26  4  2.05  9.68 220.94  20.34  0.94 13.65 237.83  12.59  0.23 21.62 234.14   8.69  0.07 16.94 290.77  14.22
19960829 120000  4.6 157.7  2.29 10.03 225.16  19.38  4  2.01 10.03 221.81  19.79  1.03 13.26 236.30  12.68  0.34 21.21 233.91   8.86  0.07 16.65 289.77  15.52
19960829 150000  4.3 192.5  2.32 12.79 226.14  18.70  4  1.91  9.98 220.81  18.91  1.23 12.87 237.22  12.85  0.48 20.37 234.13   8.79  0.08 16.60 291.19  15.10
19960829 180000  7.9 208.1  2.41 12.57 226.85  18.37  4  1.88 10.00 220.75  19.22  1.35 12.58 236.25  12.69  0.67 19.99 234.15   8.65  0.08 16.57 291.57  14.62
19960829 210000  7.8 203.2  2.49 19.21 227.52  18.64  4  1.79  9.51 219.74  20.44  1.47 12.34 236.05  12.68  0.90 19.22 233.98   8.69  0.09 16.53 287.03  16.59
19960830 000000  8.0 186.2  2.52 18.86 227.87  19.48  3  2.24 11.99 226.08  20.98  1.14 18.86 234.09   8.70  0.09 16.54 291.63  13.58
19960830 030000  4.8 179.8  2.52 18.32 229.25  19.06  2  2.09 11.77 227.05  21.84  1.41 18.32 233.81   9.02
19960830 060000  3.8 186.2  2.53 17.80 231.05  17.11  2  1.92 11.60 229.08  20.96  1.65 17.80 233.55   9.19
19960830 090000  3.8 184.6  2.59 17.48 232.02  15.58  2  1.88 17.48 233.04   9.29  1.78 11.41 230.83  20.35
19960830 120000  3.1 217.1  2.67 16.88 232.49  14.40  2  2.14 16.88 232.68   9.50  1.60 11.22 232.13  20.42
19960830 150000  5.5 230.7  2.74 16.56 232.63  13.68  2  2.26 16.56 232.26   9.56  1.55 11.08 233.45  19.77
19960830 180000  6.2 208.3  2.80 16.31 232.54  13.76  2  2.38 16.31 232.27   9.69  1.48 10.87 233.28  20.81
19960830 210000  7.6 204.7  2.83 15.93 232.11  14.29  1  2.83 15.93 232.11  14.29
19960831 000000  5.3 199.1  2.77 15.61 232.11  14.52  1  2.77 15.61 232.11  14.52
19960831 030000  5.2 201.8  2.67 15.50 232.49  13.98  1  2.67 15.50 232.49  13.98
19960831 060000  7.6 192.6  2.63 15.51 232.07  14.21  1  2.63 15.51 232.07  14.21
19960831 090000  5.7 191.2  2.65 15.41 231.34  14.41  1  2.65 15.41 231.34  14.41
19960831 120000  6.4 189.9  2.71 15.03 230.92  13.75  1  2.71 15.03 230.92  13.75
19960831 150000  5.5 194.4  2.74 14.85 230.73  13.21  1  2.74 14.85 230.73  13.21
19960831 180000  6.5 202.4  2.73 14.89 230.67  13.09  1  2.73 14.89 230.67  13.09
19960831 210000  8.9 199.6  2.74 14.76 230.11  14.54  2  0.76  3.73 211.28  29.29  2.63 14.76 231.48  11.40
19960901 000000  9.5 191.8  2.72 14.50 228.91  17.17  1  2.72 14.50 228.91  17.17
