Date     Time   Uabs UDir  hs    tp    th     sp     np hs(i) tp(i) th(i)  sp(i)
20090601 000000  9.6 182.0  1.59 14.30 221.91  27.73  4  1.12  4.65 207.11  31.04  0.99 14.31 231.67  13.14  0.53 10.84 244.89  14.49  0.06 13.56 310.70   9.23
20090601 030000  8.4 172.7  1.65 14.04 223.15  29.17  4  1.11  4.89 204.00  33.06  1.06 14.06 233.83  14.07  0.59 10.29 244.96  11.42  0.07 13.55 310.29   9.83
20090601 060000  8.5 174.3  1.65 13.44 226.08  28.59  4  1.00  4.94 202.70  34.08  1.29 13.43 237.88  14.47  0.21 18.13 224.39   7.70  0.06 13.55 312.91   8.55
20090601 090000  7.0 178.2  1.65 13.36 228.61  26.95  4  0.93  5.04 203.09  33.26  1.35 13.36 238.68  14.55  0.25 18.16 224.94   7.99  0.05 13.53 314.74   6.93
20090601 120000  7.0 181.9  1.68 13.14 230.16  25.87  3  1.64 13.13 230.34  26.25  0.35 17.87 225.10   8.40  0.06 13.47 313.76   7.23
20090601 150000  6.1 182.4  1.69 12.56 231.44  24.79  4  1.01  5.88 216.36  31.56  1.28 12.56 240.15  15.42  0.45 17.00 225.80   8.59  0.06 16.62 309.23  11.24
20090601 180000  6.3 211.0  1.67 12.48 233.35  22.84  4  1.57 12.48 234.16  23.59  0.55 16.91 225.90   8.56  0.06 16.59 302.74  11.70  0.06 12.76 311.37   9.75
20090601 210000  6.7 213.2  1.68 12.31 233.77  21.77  4  1.54 12.30 235.13  22.86  0.68 16.97 226.22   8.74  0.07 12.71 312.81   9.06  0.06 16.59 303.13  10.41
20090602 000000  7.1 192.5  1.71 11.83 232.82  22.20  4  1.50 11.82 234.64  24.08  0.81 15.98 226.27   8.80  0.07 12.70 313.48   8.95  0.06 16.59 303.29  10.61
20090602 030000  4.6 200.9  1.72 15.82 232.44  21.68  4  1.45 11.70 234.77  24.43  0.93 15.85 226.77   8.90  0.07 12.70 314.13   8.81  0.05 16.58 303.70  10.73
20090602 060000  3.4 191.1  1.74 16.00 232.36  20.35  3  1.37 11.58 235.68  23.82  1.06 15.98 226.94   9.19  0.07 12.70 316.13   7.26
20090602 090000  2.4 180.9  1.76 14.83 232.04  19.21  5  1.30 11.21 236.10  23.33  0.85 16.93 227.16   9.07  0.74 14.59 224.55   8.92  0.36 19.28 238.48   6.35  0.08 12.69 315.74   7.24
20090602 120000  2.5 209.1  1.79 14.75 231.83  18.38  4  1.29 14.76 227.79  10.20  1.23 11.03 236.29  23.08  0.07 12.65 316.75   7.16  0.06 15.58 306.57   9.54
20090602 150000  2.7 217.4  1.81 17.35 231.86  17.84  4  1.17 10.92 236.99  22.78  1.07 15.03 224.48   8.86  0.88 17.58 233.49  11.42  0.10 15.52 310.36  10.67
20090602 180000  5.3 230.1  1.85 16.51 231.84  17.68  4  0.72  5.66 224.97  22.43  1.26 13.88 234.66  17.58  1.13 16.55 230.53  12.85  0.11 15.51 309.96  10.99
20090602 210000  5.6 207.4  1.89 16.30 231.41  18.17  4  1.43 13.89 232.77  19.65  1.15 16.31 230.65  13.68  0.41  9.71 216.74  13.26  0.11 15.51 310.23  11.10
20090603 000000  5.8 199.6  1.90 16.10 230.84  18.68  4  0.76  6.22 222.76  25.33  1.74 16.11 232.03  16.00  0.09 15.51 305.67  10.50  0.08 12.03 316.88   7.13
20090603 030000  5.5 179.7  1.90 15.43 230.09  19.40  4  0.75  6.04 218.26  26.97  1.74 15.43 231.84  16.27  0.09 11.95 316.49   7.78  0.07 15.50 306.26  10.43
20090603 060000  4.7 181.5  1.87 15.21 229.82  19.36  5  0.69  5.91 217.38  27.52  1.72 15.21 231.62  16.48  0.22 20.50 219.34   6.20  0.09 11.93 317.18   7.07  0.06 15.50 308.41   8.63
20090603 090000  4.9 180.7  1.85 15.02 229.43  19.24  3  1.82 15.02 229.52  19.01  0.32 20.01 221.30   7.30  0.10 11.92 316.53   6.99
20090603 120000  5.2 190.2  1.83 14.52 228.82  19.23  5  1.68 14.52 226.47  16.81  0.53 19.01 221.92   9.12  0.47  9.99 266.04   9.03  0.08 11.95 317.60   6.96  0.08 14.58 309.20   8.51
20090603 150000  6.0 194.5  1.83 14.36 228.05  19.44  5  0.65  8.67 212.97  25.87  1.56 14.35 231.48  17.09  0.70 18.14 221.39   9.93  0.10 14.52 307.40   9.30  0.08 12.00 317.92   6.96
20090603 180000  7.0 206.0  1.93 14.35 226.71  20.14  4  1.69 14.35 226.63  20.78  0.88 17.75 222.08   9.06  0.30 12.59 260.80   6.66  0.13 14.50 310.57  10.16
20090603 210000  7.5 206.4  1.99 17.42 226.78  20.48  5  0.84  4.46 216.44  27.84  1.30 14.24 225.61  11.49  1.07 17.43 221.16   8.03  0.62 12.57 266.35  10.08  0.13 14.50 311.11   9.38
20090604 000000  8.8 187.1  2.09 16.63 225.18  22.35  5  1.00  4.60 210.54  29.11  1.25 14.18 224.28   9.60  1.13 16.80 221.09   7.97  0.72 11.65 263.70  11.75  0.12 14.50 310.35  10.49
20090604 030000  8.9 182.2  2.22 16.49 223.18  23.92  4  1.18  5.04 206.68  29.71  1.73 16.49 222.74   9.03  0.73 11.08 265.08  11.45  0.11 14.49 312.82   9.58
20090604 060000  7.9 183.2  2.22 16.24 223.60  23.73  4  1.11  5.24 206.18  30.35  1.76 16.24 222.57   8.87  0.75 10.91 265.31  12.30  0.10 14.49 315.92   7.68
20090604 090000  8.1 182.3  2.21 15.57 223.75  23.43  3  1.04  5.13 204.50  30.19  1.80 15.58 222.46   8.88  0.75 10.44 267.03  13.21
20090604 120000  7.4 173.2  2.19 15.41 223.65  23.56  3  0.99  5.01 202.93  31.16  1.81 15.41 222.12   8.82  0.76 10.24 267.14  13.63
20090604 150000  7.9 188.4  2.16 15.27 223.81  23.26  3  0.94  4.92 203.05  30.66  1.79 15.28 221.70   8.77  0.76 10.12 267.22  13.63
20090604 180000 11.0 194.5  2.29 15.09 221.42  24.13  4  1.26  4.90 205.03  27.83  1.78 15.10 221.75   9.33  0.71  9.66 268.26  11.24  0.12 13.57 310.65  10.03
20090604 210000 12.2 187.5  2.48 14.94 218.51  26.22  4  1.62  5.54 205.00  29.22  1.73 14.95 221.21   9.24  0.72  9.58 266.68  12.23  0.12 13.56 309.62  10.49
20090605 000000 10.7 177.3  2.47 14.82 216.54  27.90  4  1.66  5.89 202.19  31.43  1.71 14.83 221.09   9.57  0.66  9.16 268.79  10.70  0.12 13.56 309.27  10.67
20090605 030000 10.4 165.5  2.38 14.65 215.47  28.82  4  1.54  5.88 197.62  32.49  1.68 14.65 220.74   9.57  0.67  8.99 266.93  11.57  0.11 13.56 307.58  12.97
20090605 060000 10.9 163.1  2.34 14.48 213.06  30.26  5  1.51  5.73 192.04  33.58  1.67 14.49 220.48   9.64  0.54  8.98 269.32  11.23  0.32 10.53 263.27   7.13  0.10 13.55 310.94   9.73
20090605 090000 10.8 160.6  2.34 14.30 210.11  31.80  4  1.55  5.69 186.61  33.77  1.64 14.30 220.15   9.66  0.63  9.53 266.06  11.50  0.09 13.54 311.60   9.67
20090605 120000  6.1 161.8  2.22 14.03 212.79  29.52  4  1.40  5.85 191.38  32.99  1.61 14.04 220.01   9.91  0.58  9.89 267.09  10.52  0.08 13.50 312.47   9.18
20090605 150000  5.7 176.0  2.01 13.71 217.63  25.95  3  1.11  5.86 197.92  31.74  1.58 13.72 219.86  10.11  0.58 10.03 267.80  11.64
20090605 180000  6.0 196.7  1.88 13.54 220.12  23.44  4  0.93  5.71 203.03  29.38  1.53 13.54 219.59  10.14  0.57  9.81 266.66   9.88  0.09 12.83 312.06   9.33
20090605 210000  7.2 197.8  1.84 13.37 220.69  22.49  4  0.93  5.54 207.10  26.97  1.48 13.38 219.26  10.17  0.57  9.94 266.19  10.27  0.09 12.73 311.00   9.92
20090606 000000  5.4 206.9  1.81 13.21 221.10  22.41  4  0.96  5.49 211.05  26.81  1.43 13.22 218.94  10.39  0.55  9.60 266.82   9.86  0.10 12.71 311.23   9.35
20090606 030000  3.6 207.3  1.77 13.08 221.78  21.96  4  1.40 13.10 218.36  10.41  0.93  5.64 214.83  26.40  0.54  9.50 266.36  10.12  0.10 12.69 310.61  10.20
20090606 060000  2.1 204.3  1.73 12.93 221.83  21.32  5  1.25 12.95 218.85  10.37  0.89  5.76 217.80  25.78  0.63 15.80 212.39   9.12  0.51  9.40 266.66  10.18  0.10 12.68 310.72  10.24
20090606 090000  1.2 219.3  1.71 12.80 221.14  20.51  5  1.22 12.81 218.25  10.60  0.80  5.80 218.66  25.03  0.74 15.78 211.78   8.23  0.50  9.15 266.07  10.62  0.10 12.67 310.90  10.46
20090606 120000  1.7 175.7  1.72 12.76 220.00  19.48  5  1.21 12.77 217.09  10.81  0.86 15.77 212.34   8.26  0.72  5.82 219.57  24.01  0.48  9.20 266.07  10.86  0.09 12.65 311.40  10.06
20090606 150000  1.1 239.3  1.74 15.38 218.80  18.24  5  1.15 12.75 216.85  10.73  1.04 15.38 212.30   8.43  0.66  5.86 220.53  22.90  0.45  8.83 266.74  10.40  0.09 12.62 312.14   9.39
20090606 180000  6.3 223.8  1.81 15.24 218.16  17.45  4  0.66  6.02 221.93  23.52  1.62 15.24 214.49   9.69  0.43  8.81 266.10  11.09  0.09 12.57 312.44   9.17
20090606 210000  3.1 210.8  1.86 15.19 217.44  16.69  3  1.81 15.19 215.27  12.77  0.39  8.45 265.54  10.96  0.09 12.48 313.12   8.91
20090607 000000  3.3 213.1  1.88 15.12 217.15  15.68  2  1.84 15.12 215.34  12.12  0.37  8.34 267.76  15.79
20090607 030000  3.9 197.8  1.88 15.02 217.08  14.74  4  1.75 15.02 215.36   9.11  0.60  6.37 217.60  23.32  0.33  8.15 265.48  10.96  0.10 12.04 313.06   8.86
20090607 060000  4.8 184.3  1.87 14.58 217.09  14.15  4  0.57  6.17 214.97  23.31  1.76 14.58 215.95   9.11  0.29  8.19 266.20  10.58  0.10 11.95 312.92   9.02
20090607 090000  3.3 185.9  1.84 14.36 217.42  13.65  4  1.75 14.36 216.55   9.16  0.51  6.07 214.24  23.79  0.26  7.89 266.31  10.74  0.10 11.93 310.18  12.98
20090607 120000  4.4 216.2  1.81 14.28 218.03  13.20  5  1.64 14.28 215.88  10.64  0.71 17.28 223.44   8.44  0.23  7.54 266.02  11.29  0.10 11.87 313.03   9.04  0.07 12.49 274.58   8.51
20090607 150000  3.9 197.5  1.77 14.20 218.72  13.38  5  1.67 14.22 216.82  10.72  0.53 16.85 226.38   3.84  0.20  7.41 266.17  11.42  0.14 11.85 276.00  10.35  0.09 11.84 314.77   7.39
20090607 180000  4.2 244.2  1.74 15.39 219.97  14.28  5  1.41 13.88 216.83  11.05  0.97 15.86 222.26   8.85  0.22 11.20 277.03   9.92  0.17  7.41 267.38  10.56  0.09 11.82 314.71   7.41
20090607 210000  3.0 251.9  1.72 15.33 221.87  16.34  3  1.69 15.33 219.76  11.62  0.34 10.67 277.77   8.73  0.09 11.80 314.64   7.42
20090608 000000  1.3 221.1  1.71 15.16 224.07  18.79  4  1.54 15.16 220.36  11.37  0.57 17.95 218.66   8.64  0.46 10.23 278.71   8.55  0.10 11.78 312.57   8.56
20090608 030000  1.8 221.9  1.69 14.55 226.61  21.19  4  1.47 14.55 221.23  11.18  0.61 17.75 217.60   8.15  0.56  9.78 279.73   8.28  0.11 11.72 313.55   7.70
20090608 060000  2.1 187.0  1.66 14.42 229.10  23.14  4  1.35 14.36 221.92  11.39  0.73 16.83 219.33   8.49  0.62  9.50 280.87   8.24  0.11 11.63 312.67   7.79
20090608 090000  3.3 168.0  1.63 14.42 230.80  25.16  4  1.33 14.43 221.93  12.93  0.66  9.19 281.95   8.47  0.66 16.71 219.64   9.01  0.11 11.47 313.14   7.65
20090608 120000  3.5 144.4  1.59 15.13 233.00  26.32  3  1.42 15.14 222.15  12.54  0.70  8.98 283.18   9.86  0.07 23.82 224.20   8.15
20090608 150000  1.4 163.1  1.57 15.31 236.51  27.78  5  1.12 13.70 222.50  12.37  0.77 15.61 223.42  11.11  0.71  8.83 284.37  10.22  0.31 11.36 278.24  10.34  0.10 23.46 225.06   8.71
20090608 180000  6.2 219.6  1.62 15.16 241.12  29.63  5  0.93 13.10 223.22  11.84  0.91 15.17 224.50   9.87  0.81  8.79 277.36  27.28  0.51 10.74 279.07  10.73  0.13 23.15 225.83   8.12
20090608 210000  7.7 199.6  1.74 14.41 242.53  32.66  4  0.63  3.46 207.52  28.31  1.25 14.43 224.63  11.11  1.02 10.27 284.04  11.17  0.17 22.75 226.21   8.28
20090609 000000  6.8 189.9  1.81 14.34 243.63  34.67  4  0.75  4.03 204.68  29.31  1.21 14.34 225.17  11.15  1.10  9.92 284.55  11.70  0.22 22.15 226.24   8.64
20090609 030000  6.8 179.5  1.81 14.21 244.23  35.59  5  0.77  4.26 202.72  30.24  1.17 14.21 225.72  11.40  1.10  9.67 284.95  12.02  0.28 21.72 226.90   8.53  0.09 14.48 305.82   8.54
20090609 060000  6.4 179.5  1.74 13.66 244.94  35.13  5  0.71  4.38 203.28  30.49  1.13 13.66 226.23  11.49  1.07  9.51 285.31  12.49  0.35 21.36 227.54   8.51  0.08 14.53 307.95   7.55
20090609 090000  6.1 173.4  1.70 13.49 243.31  34.70  5  0.69  4.45 202.81  30.63  1.11 13.49 226.63  11.57  1.00  9.35 285.58  12.88  0.42 20.66 227.45   8.56  0.07 14.51 308.02   6.79
20090609 120000  6.7 176.4  1.68 13.42 239.72  34.08  6  0.73  4.66 203.24  30.20  1.02 13.41 226.97  11.85  0.91  9.10 285.72  13.22  0.53 20.28 228.03   8.58  0.36 15.84 227.20   8.35  0.08 14.09 307.96   7.31
20090609 150000  7.1 180.4  1.70 13.23 235.15  32.80  6  0.86  5.10 206.19  29.30  0.98 13.21 227.11  11.92  0.81  8.96 285.80  13.44  0.60 19.84 228.38   8.53  0.41 15.76 228.82   8.99  0.10 13.64 307.81   7.34
20090609 180000  9.7 199.4  1.84 19.14 229.68  30.13  5  1.13  5.44 210.44  26.15  1.01 12.79 227.94  11.71  0.74 19.14 228.45   8.52  0.71  8.83 285.49  13.61  0.11 13.59 308.05   7.37
20090609 210000 10.9 201.2  2.15 18.85 224.70  27.54  6  1.60  5.85 213.64  25.55  0.82 18.85 228.63   8.53  0.81 12.58 226.74  12.27  0.61  8.64 285.13  13.38  0.60 14.65 232.10   9.85  0.11 13.58 308.12   7.25
20090610 000000  8.8 187.8  2.30 18.13 223.48  26.93  7  1.79  6.52 214.96  27.20  0.97 18.13 228.47   8.58  0.79 12.59 227.15  11.07  0.52  8.41 282.72  12.78  0.48 14.42 238.01   9.24  0.10 13.59 308.02   7.50  0.09 10.68 313.23   7.65
20090610 030000  9.1 187.9  2.29 17.75 223.84  26.09  5  1.76  6.91 215.99  27.81  1.02 17.75 228.88   8.49  0.93 14.10 231.23  11.57  0.44  8.47 285.03  12.61  0.09 13.58 308.85   8.10
20090610 060000  7.9 182.1  2.26 17.46 224.71  24.58  5  1.72  7.21 217.95  27.26  1.10 17.46 228.40   8.44  0.89 13.44 233.39  11.28  0.35  8.23 287.36  11.77  0.10 13.41 308.44   7.73
20090610 090000  7.5 176.6  2.27 16.71 225.12  23.25  3  1.71  7.57 220.21  28.38  1.48 16.71 230.64   9.99  0.11 12.80 309.08   7.52
20090610 120000  7.7 182.5  2.32 16.50 224.94  22.09  4  1.76  7.93 219.89  26.53  1.50 16.50 231.03   9.82  0.23 21.96 218.25   6.57  0.12 12.72 309.16   7.71
20090610 150000  7.3 187.2  2.38 16.28 224.47  21.14  5  1.81  8.17 219.07  24.79  1.17 16.28 229.24   9.24  0.88 13.34 235.79   9.79  0.48 20.21 225.25  10.92  0.12 12.71 308.89   7.73
20090610 180000  8.2 207.0  2.41 15.62 224.60  19.59  5  1.81  8.30 219.61  22.87  1.17 15.62 229.44   9.47  0.91 13.29 235.88   9.46  0.56 20.23 220.18   8.03  0.11 12.71 309.36   8.17
20090610 210000  8.3 197.9  2.47 15.42 224.02  19.11  4  1.83  8.42 219.29  22.54  1.49 15.42 231.44  10.01  0.73 19.21 219.93   8.63  0.11 12.72 309.37   8.00
20090611 000000  6.3 192.3  2.46 18.77 223.90  18.68  5  1.77  8.50 219.69  22.66  1.16 15.26 230.11   9.45  0.98 18.82 219.54   8.69  0.80 12.45 235.69   9.27  0.10 12.70 309.81   8.09
20090611 030000  4.9 165.3  2.42 17.91 223.55  17.85  4  1.63  8.54 219.89  22.57  1.16 17.95 218.97   8.70  1.08 14.79 230.33  10.95  0.84 12.41 234.29  10.40
20090611 060000  3.8 181.2  2.39 17.66 223.03  16.51  3  1.45  8.45 219.71  21.67  1.38 17.66 218.15   8.12  1.30 14.42 232.50  11.52
20090611 090000  3.8 171.7  2.38 16.87 222.10  15.48  3  1.56 16.89 217.48   8.19  1.28  8.38 219.03  20.92  1.26 14.29 232.33  12.44
20090611 120000  4.0 187.7  2.41 16.58 221.02  14.70  2  2.09 16.58 221.84  12.32  1.19  8.38 218.39  20.14
20090611 150000  2.1 147.3  2.42 16.29 220.21  14.00  3  2.13 16.30 220.38  11.23  1.13  8.78 218.83  19.57  0.14 11.91 287.51  22.03
20090611 180000  3.5 271.5  2.40 15.65 219.94  14.02  3  2.04 15.65 218.43  10.16  1.05  8.58 219.62  20.86  0.69 10.79 234.46  15.39
20090611 210000  3.4 229.3  2.35 15.40 219.66  13.58  2  2.14 15.40 219.73  11.64  0.98  8.39 219.35  20.45
20090612 000000  2.5 157.7  2.29 15.28 219.52  13.29  2  2.11 15.28 219.66  11.71  0.89  8.10 218.68  20.04
20090612 030000  0.9 275.9  2.22 15.11 219.53  13.32  3  2.05 15.11 219.19  10.43  0.81  7.99 218.27  19.65  0.21 11.60 280.49  15.44
20090612 060000  0.9 257.0  2.15 14.68 219.61  13.74  3  2.13 14.68 218.88  11.86  0.26 11.26 280.74  13.43  0.08 21.88 235.82   8.38
20090612 090000  1.2  40.2  2.11 14.51 219.74  14.40  2  2.09 14.51 218.63  11.61  0.31 11.09 280.07  11.90
20090612 120000  2.1   8.2  2.08 14.43 219.97  15.36  3  2.04 14.44 218.22  11.34  0.37 11.03 280.30  10.56  0.15 20.64 237.37   8.33
20090612 150000  2.1 339.7  2.04 14.38 220.37  16.46  3  1.99 14.40 217.96  11.13  0.42 12.44 280.71   9.72  0.18 20.49 237.65   7.79
20090612 180000  4.9 275.2  2.02 14.32 221.44  18.51  2  1.96 14.34 218.58  12.87  0.47 11.98 281.34   9.14
20090612 210000  1.7 320.1  1.99 14.19 222.21  19.51  2  1.93 14.22 218.75  12.95  0.51 11.73 282.08   8.79
20090613 000000  1.8 324.5  1.96 14.06 223.03  20.07  2  1.89 14.10 219.09  12.63  0.53 11.49 282.92   8.57
20090613 030000  3.4  49.6  1.94 14.07 223.98  20.45  2  1.86 14.09 219.66  12.36  0.55 11.14 283.68   8.55
20090613 060000  2.2 333.3  1.91 14.10 224.96  20.72  2  1.83 14.13 220.37  12.19  0.56 10.93 284.29   8.63
20090613 090000  2.9 330.7  1.89 16.25 225.97  21.01  2  1.81 16.26 221.21  12.43  0.56 10.76 284.77   8.71
20090613 120000  3.3   0.3  1.87 16.15 227.10  23.32  2  1.79 16.16 222.19  16.20  0.56 10.53 285.33  10.71
20090613 150000  3.1   8.4  1.83 15.60 227.74  22.98  2  1.74 15.62 222.61  15.17  0.56 10.38 285.55  11.85
20090613 180000  4.3 304.2  1.78 15.46 228.99  23.65  3  1.66 15.48 221.99  10.40  0.59 10.29 289.00  18.21  0.24 12.82 278.56   8.12
20090613 210000  4.8 334.7  1.72 15.35 231.36  25.96  3  0.39  4.12 295.93  32.34  1.57 15.39 222.38  10.49  0.58 10.24 283.87   9.42
20090614 000000  6.1 351.6  1.66 14.96 236.42  31.35  4  0.55  4.46 302.70  35.99  1.45 15.08 223.03  10.76  0.48 10.19 286.49   8.56  0.36 12.49 276.54   8.17
20090614 030000  8.2   6.1  1.71 16.21 246.40  38.81  6  0.82  5.18 308.83  39.89  1.01 14.34 226.21  11.65  0.92 16.39 223.41  10.99  0.45 12.51 275.80   8.69  0.44 10.06 286.24   8.41  0.05 10.63 313.97   4.99
20090614 060000  8.5 346.8  2.05 14.69 255.93  40.27  3  1.15  6.03 308.52  37.57  1.40 14.22 245.24  22.76  0.96 16.12 223.10  10.41
20090614 090000  8.2 338.0  2.56 14.38 258.63  35.92  1  2.56 14.38 258.63  35.92
20090614 120000  6.6 339.2  2.75 14.08 257.08  31.80  2  2.14 11.15 276.23  28.02  1.72 14.35 229.87  12.52
20090614 150000  4.1  50.1  2.66 13.80 255.72  31.09  2  2.11 11.16 273.77  26.91  1.62 13.94 227.48  11.14
20090614 180000  0.9 101.0  2.54 13.74 251.98  30.79  2  1.87 10.88 274.23  26.72  1.71 13.79 227.70  11.80
20090614 210000  4.0 167.0  2.73 14.12 244.86  28.61  2  2.05 14.15 228.40  12.73  1.80 10.18 269.16  28.68
20090615 000000  6.5 185.9  3.18 14.25 238.68  25.26  2  2.90 14.25 230.49  16.31  1.30 10.87 283.94  17.56
20090615 030000  8.8 184.4  3.53 13.84 234.05  23.99  1  3.53 13.84 234.05  23.99
20090615 060000  6.8 186.6  3.53 13.57 232.26  23.07  1  3.53 13.57 232.26  23.07
20090615 090000  7.9 183.8  3.38 13.39 230.85  22.74  2  3.34 13.39 231.00  22.99  0.51 15.51 225.00   0.00
20090615 120000  8.0 185.3  3.16 13.19 229.98  22.41  1  3.16 13.19 229.98  22.41
20090615 150000  8.4 185.9  2.94 13.21 229.28  22.28  2  2.91 13.21 228.12  20.98  0.44  9.73 284.55   8.47
20090615 180000  7.5 194.0  2.74 13.31 228.46  22.39  2  2.74 13.31 228.47  22.40  0.08 21.84 220.16   8.52
20090615 210000  8.3 191.9  2.58 13.30 227.93  22.03  3  2.56 13.30 227.28  21.26  0.29  9.59 285.78   7.60  0.13 21.44 221.24   8.99
20090616 000000  6.8 180.9  2.56 13.32 227.04  21.02  1  2.56 13.32 227.04  21.02
20090616 030000  5.2 163.8  2.73 13.41 226.34  18.59  1  2.73 13.41 226.34  18.59
20090616 060000  4.5 178.9  2.96 13.54 226.31  16.25  1  2.96 13.54 226.31  16.25
20090616 090000  2.5 177.9  3.11 13.89 226.29  14.92  1  3.11 13.89 226.29  14.92
20090616 120000  1.9 165.2  3.18 14.27 225.94  14.16  1  3.18 14.27 225.94  14.16
20090616 150000  5.1 206.7  3.18 14.46 225.34  13.93  1  3.18 14.46 225.34  13.93
20090616 180000  7.5 205.2  3.14 14.58 224.54  14.45  1  3.14 14.58 224.54  14.45
20090616 210000  6.2 196.2  3.00 14.72 224.11  14.91  1  3.00 14.72 224.11  14.91
20090617 000000  5.0 212.7  2.81 15.06 223.98  14.90  1  2.81 15.06 223.98  14.90
20090617 030000  4.7 211.8  2.64 15.22 224.13  14.71  1  2.64 15.22 224.13  14.71
20090617 060000  5.2 224.5  2.54 15.13 224.67  14.43  1  2.54 15.13 224.67  14.43
20090617 090000  4.9 207.9  2.55 15.03 225.69  14.35  1  2.55 15.03 225.69  14.35
20090617 120000  3.2 182.9  2.68 14.92 227.50  14.26  1  2.68 14.92 227.50  14.26
20090617 150000  2.1 118.7  2.95 14.68 230.43  14.35  1  2.95 14.68 230.43  14.35
20090617 180000  2.6 166.0  3.25 14.46 233.06  15.02  1  3.25 14.46 233.06  15.02
20090617 210000  1.8 299.1  3.40 14.29 235.09  15.44  1  3.40 14.29 235.09  15.44
20090618 000000  3.9 297.4  3.38 14.04 236.79  16.70  1  3.38 14.04 236.79  16.70
20090618 030000  2.4 351.4  3.25 13.69 237.95  17.80  1  3.25 13.69 237.95  17.80
20090618 060000  3.1 299.1  3.10 13.48 238.82  19.09  1  3.10 13.48 238.82  19.09
20090618 090000  3.2 331.6  2.96 13.31 239.26  20.32  1  2.96 13.31 239.26  20.32
20090618 120000  4.5  12.5  2.80 12.98 239.49  21.63  2  2.41 12.84 248.28  17.83  1.42 13.64 214.32   8.52
20090618 150000  5.1 340.0  2.61 12.69 240.52  24.30  3  2.20 12.39 251.21  20.76  1.39 13.17 214.64   8.41  0.09 22.82 209.56   7.99
20090618 180000  3.8   2.3  2.43 12.46 241.67  25.87  4  2.03 12.00 253.58  22.07  1.30 12.92 215.13   9.24  0.21 17.34 202.51   4.91  0.19 21.78 211.82   7.71
20090618 210000  3.7  21.3  2.32 12.17 242.74  27.42  3  1.79 11.79 261.09  20.79  1.39 12.67 218.37  10.84  0.52 16.96 207.41   7.71
20090619 000000  2.4 284.5  2.41 11.92 242.50  28.11  3  1.83 11.73 262.87  19.22  1.31 12.61 218.34  10.71  0.85 19.65 208.05   8.20
20090619 030000  4.2  14.7  2.59 11.73 240.25  29.55  3  1.90 10.90 264.28  19.74  1.25 18.61 209.08   8.14  1.24 12.46 217.52  10.85
20090619 060000  6.8   3.2  2.76 17.68 236.71  31.91  2  2.04 17.69 212.77  10.50  1.86 10.29 268.43  23.33
20090619 090000  9.4  10.2  2.91 17.28 234.85  37.29  2  2.24 17.28 211.97   9.44  1.86 10.13 276.97  33.66
20090619 120000 11.0 350.1  3.13 16.64 238.24  44.12  2  2.01 10.17 292.65  39.26  2.40 16.64 211.91   9.01
20090619 150000  9.6 342.3  3.22 16.40 238.02  44.30  3  1.92  9.44 300.40  37.96  2.50 16.40 211.87   8.70  0.66 11.24 258.88   8.23
20090619 180000  7.6 335.3  3.15 16.24 235.67  42.78  3  1.83  9.36 298.60  37.29  2.50 16.25 211.92   8.84  0.60 11.19 259.23   8.10
20090619 210000  5.6 292.4  3.05 16.03 232.14  39.03  2  2.48 16.03 212.05   9.06  1.76  9.41 288.16  35.35
20090620 000000  9.9 197.6  3.02 15.66 227.65  33.05  2  2.54 15.66 213.37  10.63  1.63  9.00 274.42  36.24
20090620 030000  6.3 159.3  3.11 15.45 224.27  28.48  2  2.63 15.45 214.41  11.41  1.66  9.19 257.10  38.29
20090620 060000  7.0 177.5  3.19 15.30 223.16  25.45  2  2.99 15.30 216.94  16.93  1.10  9.00 278.13  20.65
20090620 090000  9.3 190.0  3.14 15.11 221.01  24.30  2  3.00 15.11 216.21  17.86  0.95  9.00 277.27  17.16
20090620 120000 10.5 179.0  3.07 14.60 217.95  24.46  2  2.96 14.60 214.19  20.03  0.82  8.99 273.73  14.40
20090620 150000  9.6 191.0  2.92 14.39 216.81  23.94  2  2.82 14.39 213.47  19.96  0.73  9.73 273.04  13.04
20090620 180000  9.7 189.3  2.75 14.24 216.46  23.11  2  2.69 14.24 214.24  20.52  0.57  9.76 272.34  11.37
20090620 210000 10.0 199.3  2.62 13.91 216.20  22.46  2  2.58 13.91 214.39  20.37  0.49  9.78 271.33  10.69
20090621 000000 11.8 188.6  2.60 13.53 214.37  23.31  2  2.57 13.53 213.08  21.99  0.42  9.77 268.54   9.53
20090621 030000 10.3 189.4  2.52 13.38 213.74  23.81  4  1.75  6.50 210.80  30.02  1.77 13.39 213.73  10.93  0.37  9.21 268.54  10.19  0.19 12.46 259.61   5.73
20090621 060000  9.9 183.0  2.39 13.20 213.58  24.01  3  2.36 13.22 212.27  22.80  0.32  9.73 269.17  10.32  0.23 12.43 259.27   5.70
20090621 090000  9.3 184.8  2.22 12.77 213.94  23.93  4  1.61  6.66 213.01  30.64  1.44 12.81 213.04  10.42  0.39 16.23 224.75   7.52  0.24 11.93 257.34   7.40
20090621 120000  7.4 179.3  2.04 12.61 214.49  23.80  5  1.44  6.55 212.37  30.33  1.36 12.63 213.77  10.97  0.37 15.96 224.65   6.73  0.24 11.85 257.34   7.32  0.19  9.60 265.37   7.62
20090621 150000  9.7 189.3  1.94 12.51 214.06  23.59  4  1.36  6.35 210.60  29.72  1.23 12.53 213.66  11.09  0.53 15.22 221.20   8.12  0.32 11.72 261.57   7.38
20090621 180000 10.1 195.7  2.01 12.35 213.30  23.61  4  1.51  5.74 210.12  28.32  1.18 12.40 213.48  11.24  0.53 14.97 221.46   7.73  0.30 11.65 261.14   7.08
20090621 210000 12.2 194.1  2.19 12.05 212.90  23.89  3  2.09 12.10 211.52  23.98  0.58 14.98 220.06   8.58  0.28 11.59 260.29   6.82
20090622 000000 10.9 183.0  2.18 11.97 211.48  25.08  4  1.67  5.88 207.81  30.21  1.17 12.01 212.91  11.22  0.72 14.71 218.53   9.93  0.28 11.15 258.86   7.68
20090622 030000 10.9 180.7  2.19 11.98 208.73  25.38  4  1.57  5.61 201.53  31.68  1.25 12.02 213.37  11.44  0.85 14.70 216.22  10.86  0.24 11.11 260.00   5.85
20090622 060000 12.1 181.3  2.38 14.17 207.48  24.48  2  2.11 12.19 205.60  26.84  1.10 14.46 213.72  10.26
20090622 090000 11.7 177.3  2.60 14.54 207.66  24.13  3  1.82  5.98 200.69  31.08  1.32 12.33 214.28  13.22  1.30 14.75 212.68  10.16
20090622 120000 13.0 179.3  2.85 14.90 208.32  23.23  2  1.98  6.40 202.62  30.46  2.05 14.90 212.99  11.35
20090622 150000 11.3 182.3  3.13 15.06 210.47  22.17  2  2.14  7.00 207.20  29.85  2.28 15.06 213.02  11.12
20090622 180000 11.7 193.3  3.40 15.21 212.59  20.48  2  2.25  8.07 210.90  27.59  2.55 15.21 213.79  12.22
20090622 210000 12.1 193.2  3.67 15.31 213.29  20.14  1  3.67 15.31 213.29  20.14
20090623 000000 11.8 190.8  3.76 15.28 213.26  20.33  1  3.76 15.28 213.26  20.33
20090623 030000 10.7 183.2  3.69 15.19 213.01  20.38  1  3.69 15.19 213.01  20.38
20090623 060000  9.7 180.0  3.53 15.08 213.03  20.07  2  2.53  9.03 213.44  26.17  2.45 15.08 212.63  10.12
20090623 090000  8.5 167.0  3.34 14.97 212.98  19.84  2  2.36 14.97 212.40   9.71  2.36  8.84 213.62  26.32
20090623 120000  8.7 169.8  3.15 15.01 212.71  19.43  2  2.13  8.71 213.43  26.75  2.33 15.01 212.16   9.67
20090623 150000  7.1 171.6  3.02 15.07 212.29  18.73  2  2.35 15.07 211.86  10.70  1.91  8.66 213.01  26.61
20090623 180000  7.9 196.8  2.95 15.01 212.08  17.58  2  1.86  8.62 214.88  24.77  2.29 15.01 210.38  10.02
20090623 210000  7.7 193.8  2.88 14.75 211.92  17.05  1  2.88 14.75 211.92  17.05
20090624 000000  6.4 195.0  2.78 14.57 212.01  16.75  1  2.78 14.57 212.01  16.75
20090624 030000  5.3 177.7  2.66 14.46 212.23  16.42  1  2.66 14.46 212.23  16.42
20090624 060000  3.0 170.6  2.53 14.38 212.55  16.01  1  2.53 14.38 212.55  16.01
20090624 090000  2.7 153.6  2.40 14.29 212.88  15.62  1  2.40 14.29 212.88  15.62
20090624 120000  2.9 148.9  2.28 14.17 213.11  15.36  1  2.28 14.17 213.11  15.36
20090624 150000  2.4 163.4  2.16 13.92 213.25  15.11  1  2.16 13.92 213.25  15.11
20090624 180000  3.9 222.8  2.06 13.62 213.28  15.05  1  2.06 13.62 213.28  15.05
20090624 210000  5.9 202.5  1.96 13.45 213.18  15.26  1  1.96 13.45 213.18  15.26
20090625 000000  4.9 192.2  1.86 13.31 212.85  15.65  1  1.86 13.31 212.85  15.65
20090625 030000  3.6 164.0  1.74 13.07 212.75  15.63  1  1.74 13.07 212.75  15.63
20090625 060000  3.3 181.6  1.62 12.74 212.75  15.19  1  1.62 12.74 212.75  15.19
20090625 090000  1.6 160.5  1.51 12.58 212.71  14.69  1  1.51 12.58 212.71  14.69
20090625 120000  1.3 229.6  1.41 12.46 212.63  14.28  1  1.41 12.46 212.63  14.28
20090625 150000  1.5 233.7  1.32 12.31 212.46  14.02  1  1.32 12.31 212.46  14.02
20090625 180000  3.5 246.5  1.26 12.02 212.66  14.90  2  1.25 12.02 212.16  14.28  0.15 16.68 249.05  13.98
20090625 210000  0.9 249.5  1.19 11.87 212.46  15.29  2  1.17 11.87 211.51  13.96  0.19 16.56 252.62  13.90
20090626 000000  2.0 339.4  1.12 11.79 212.53  16.03  3  1.10 11.77 210.68  13.32  0.19 14.03 261.49  11.49  0.15 16.90 245.36   9.82
20090626 030000  2.3 278.6  1.07 11.76 213.85  18.73  3  1.03 11.70 210.09  13.42  0.27 13.60 262.97  11.45  0.15 16.67 245.33   9.78
20090626 060000  1.8 225.0  1.05 11.79 218.20  23.87  3  0.95 11.62 209.49  13.41  0.42 12.89 265.26  11.62  0.13 16.76 242.53  10.64
20090626 090000  1.5 200.3  1.08 11.72 227.23  29.70  3  0.88 11.50 209.00  13.66  0.60 12.17 268.57  11.45  0.15 16.61 241.21  10.38
20090626 120000  2.1  97.4  1.14 11.31 238.73  32.75  3  0.81 11.30 208.73  14.77  0.78 11.32 271.09  11.22  0.18 16.17 242.93   9.58
20090626 150000  1.9 137.6  1.23 10.95 249.50  32.63  3  0.96 10.84 272.51  11.56  0.75 11.14 208.97  17.27  0.17 16.00 241.91   9.53
20090626 180000  0.5 180.8  1.31 10.48 257.73  30.85  4  1.11 10.35 274.28  12.29  0.64 11.04 206.05   8.84  0.22 15.37 242.12   9.60  0.12 14.63 193.76   4.30
20090626 210000  5.1 256.4  1.37 10.15 263.41  29.00  6  1.16 10.03 277.67  12.21  0.55 10.97 205.49   8.17  0.39 11.80 254.29   9.11  0.20 15.28 240.82   9.30  0.16 14.01 194.08   3.52  0.12 18.90 246.27  10.61
20090627 000000  1.5  75.7  1.39  9.80 268.03  27.63  6  1.22  9.70 279.47  12.81  0.48 10.89 204.61   7.85  0.33 11.80 252.57   7.93  0.25 13.83 242.04   9.44  0.16 13.83 194.15   3.29  0.14 18.69 246.47  10.30
20090627 030000  2.6  21.4  1.39  9.65 272.13  26.27  6  1.23  9.53 282.23  12.94  0.39 11.29 255.10   8.86  0.37 10.75 204.27   7.84  0.24 13.80 241.96   9.78  0.21 13.20 197.39   5.52  0.18 18.10 245.86  10.21
20090627 060000  3.6  17.9  1.42  9.57 276.11  26.17  5  1.29  9.50 284.26  16.57  0.41 11.40 249.12  10.42  0.32 10.76 203.41   7.35  0.23 17.85 247.13   9.73  0.16 13.14 194.41   3.02
20090627 090000  5.8  10.6  1.50  9.51 279.13  26.67  4  1.43  9.48 283.18  21.94  0.30 17.64 247.02   9.44  0.24 10.74 203.38   7.20  0.17 12.20 195.86   4.97
20090627 120000  6.1 347.1  1.65  9.56 282.18  27.61  3  1.59  9.54 285.80  24.59  0.39 17.08 246.93   8.99  0.24 11.01 199.99   7.22
20090627 150000  8.3   1.9  1.87  9.87 284.55  29.10  3  1.80  9.84 287.99  27.11  0.47 16.72 246.95   8.97  0.20 12.40 199.17   6.88
20090627 180000 10.8 331.1  2.26 10.33 290.57  31.44  3  2.19 10.32 293.70  29.92  0.54 16.49 246.89   9.24  0.16 12.27 198.63   6.73
20090627 210000 11.9 341.2  2.85 10.56 292.23  31.97  3  2.78 10.56 294.71  30.94  0.62 16.01 247.38   9.59  0.12 11.84 197.79   6.27
20090628 000000 13.4 336.6  3.55 11.49 292.30  33.93  3  3.48 11.49 294.39  33.28  0.72 15.77 247.62  10.07  0.10 11.74 196.66   5.23
20090628 030000  8.6 352.4  3.69 11.61 286.78  32.67  2  3.69 11.61 286.82  32.63  0.08 11.64 195.73   4.22
20090628 060000  7.5 342.6  3.51 11.56 284.77  32.19  2  3.29 11.53 290.30  30.82  1.21 14.41 246.67   9.94
20090628 090000  7.3 340.2  3.30 11.48 282.81  32.05  2  2.92 11.04 292.85  29.71  1.54 13.52 248.96  12.15
20090628 120000 10.3 346.2  3.28 11.83 280.18  33.15  2  2.61 10.76 298.62  29.57  1.98 12.91 250.91  12.82
20090628 150000  9.1 334.6  3.39 12.19 276.54  33.65  1  3.39 12.19 276.54  33.65
20090628 180000  6.2 313.4  3.49 12.29 271.03  31.53  1  3.49 12.29 271.03  31.53
20090628 210000  5.5 335.9  3.62 12.49 266.29  29.44  1  3.62 12.49 266.29  29.44
20090629 000000  6.7  13.9  3.73 12.77 262.93  28.33  1  3.73 12.77 262.93  28.33
20090629 030000  6.3  25.7  3.79 13.09 261.02  27.21  1  3.79 13.09 261.02  27.21
20090629 060000  4.7  60.2  3.86 13.25 259.07  25.52  1  3.86 13.25 259.07  25.52
20090629 090000  3.4 107.4  3.97 13.51 256.80  23.47  1  3.97 13.51 256.80  23.47
20090629 120000  5.7 135.8  4.04 13.61 255.15  22.27  1  4.04 13.61 255.15  22.27
20090629 150000  5.2 134.0  4.04 13.67 254.02  21.49  1  4.04 13.67 254.02  21.49
20090629 180000  4.6 183.0  3.96 13.90 252.91  20.43  1  3.96 13.90 252.91  20.43
20090629 210000  6.0 187.5  3.82 13.91 250.95  20.52  1  3.82 13.91 250.95  20.52
20090630 000000  4.6 190.9  3.64 13.61 248.68  20.79  1  3.64 13.61 248.68  20.79
20090630 030000  5.3 196.9  3.44 13.40 246.55  20.96  1  3.44 13.40 246.55  20.96
20090630 060000  3.1 161.5  3.20 13.17 244.86  21.16  1  3.20 13.17 244.86  21.16
20090630 090000  1.7 247.9  2.95 12.75 243.59  21.34  1  2.95 12.75 243.59  21.34
20090630 120000  2.8 318.7  2.69 12.56 242.68  21.75  1  2.69 12.56 242.68  21.75
20090630 150000  4.4   9.7  2.39 12.41 242.46  23.65  3  2.37 12.41 242.57  23.61  0.29 18.13 228.72   8.41  0.10 13.77 307.29   8.91
20090630 180000  7.7 320.3  2.18 12.12 244.87  27.17  3  2.16 12.12 245.05  27.19  0.30 18.02 229.58   8.38  0.11 13.57 307.77   8.40
20090630 210000  6.2 310.2  2.30 11.93 248.54  27.16  2  2.30 11.93 248.35  27.02  0.14 13.57 302.98  10.70
20090701 000000  4.3 285.4  2.72 11.86 248.78  22.98  3  2.71 11.86 248.49  22.81  0.22 13.73 290.03  13.96  0.11 18.26 267.48   4.38
