Date     Time   Uabs UDir  hs    tp    th     sp     np hs(i) tp(i) th(i)  sp(i)
20090301 000000  3.6 345.6  1.79 14.34 233.91  27.78  5  1.68 14.24 228.93  21.39  0.36 21.04 235.76   7.33  0.36 14.57 301.81  15.65  0.25 12.34 314.68   8.90  0.24 16.60 302.13  11.46
20090301 030000  2.7 322.9  1.84 14.13 233.60  26.18  7  1.45 13.86 226.69   9.48  0.83  8.19 233.97  35.09  0.59 20.18 235.35   7.64  0.32 14.52 299.80  14.79  0.29 16.52 303.90  11.97  0.24 12.20 314.67   8.91  0.08 14.49 335.00   0.05
20090301 060000  3.2 324.8  1.95 19.06 233.34  23.80  5  1.66 13.48 227.85  17.64  0.90 19.06 234.96   7.86  0.43 16.41 301.92  13.60  0.24 11.97 316.27   8.29  0.10 14.49 335.00   0.04
20090301 090000  3.6 303.6  2.12 18.09 233.45  21.36  5  1.64 13.27 227.96  16.82  1.25 18.11 234.84   8.01  0.41 16.38 303.86  13.44  0.21 11.79 315.75   8.58  0.12 14.27 335.00   0.05
20090301 120000  3.2 290.2  2.31 17.55 233.68  19.09  4  1.61 12.94 228.43  16.11  1.59 17.57 234.48   8.18  0.43 14.05 307.74  12.54  0.13 13.75 335.00   0.06
20090301 150000  2.5 320.6  2.49 16.74 234.08  17.57  5  1.91 16.74 233.99   8.70  1.52 12.68 229.31  15.46  0.37 13.85 304.94  11.77  0.20 11.77 317.71   8.04  0.15 13.76 333.16   3.88
20090301 180000  5.5 304.6  2.60 16.34 235.05  17.98  4  2.55 16.36 233.19  12.82  0.42 13.81 309.60  15.04  0.16 11.27 315.57   7.78  0.12 17.84 307.76   8.74
20090301 210000  4.1 265.8  2.62 15.80 235.88  18.22  5  2.57 15.87 233.81  12.65  0.42 15.19 303.70  12.92  0.19 13.19 331.74   4.69  0.16 11.19 315.88   7.91  0.11 17.89 306.25   9.53
20090302 000000  2.5 213.4  2.55 15.32 236.29  18.03  4  2.49 15.33 233.97  11.56  0.46 15.30 303.80  13.00  0.18 12.77 332.92   4.06  0.16 11.14 316.13   8.03
20090302 030000  3.4 194.8  2.45 15.19 236.52  18.19  4  2.39 15.17 234.00  11.16  0.46 15.38 302.56  13.74  0.18 12.73 332.69   4.21  0.17 11.54 319.36   9.48
20090302 060000  5.4 187.7  2.33 14.56 236.70  18.63  4  2.28 14.54 234.04  11.27  0.35 15.42 305.63  11.73  0.28 13.50 301.06  13.34  0.24 12.52 327.19   9.56
20090302 090000  5.5 203.2  2.21 14.23 236.50  19.57  4  2.15 14.26 233.70  12.17  0.31 13.55 302.64  12.75  0.28 15.61 305.70  10.30  0.25 12.30 328.17   8.21
20090302 120000  3.1 193.1  2.07 14.09 236.77  20.17  3  2.02 14.13 233.73  12.23  0.41 13.57 305.81  11.50  0.24 11.86 328.32   8.87
20090302 150000  2.7 237.1  1.93 13.47 237.03  20.90  3  1.87 13.46 233.58  12.03  0.41 13.63 306.06  11.30  0.23 11.83 329.55   7.76
20090302 180000  3.4 265.9  1.83 13.33 237.13  21.90  4  1.76 13.31 233.14  12.09  0.38 13.87 305.78  12.56  0.23 11.72 328.96   8.40  0.17 17.10 306.63   9.65
20090302 210000  3.8 250.7  1.80 13.15 236.75  22.74  3  1.73 13.13 232.43  12.60  0.43 14.28 305.41  11.71  0.23 11.55 329.23   8.20
20090303 000000  3.0 218.1  1.79 12.57 235.69  23.32  4  1.73 12.53 231.19  12.98  0.43 14.39 305.03  11.34  0.23 11.36 329.74   7.56  0.07 20.60 300.12  10.39
20090303 030000  2.5 169.5  1.79 12.43 234.49  23.90  4  1.71 12.38 229.81  13.31  0.43 14.46 304.19  11.04  0.24 11.26 329.14   7.72  0.07 20.40 299.34  10.88
20090303 060000  2.8 203.7  1.78 12.13 232.99  24.48  5  1.71 11.95 228.24  13.87  0.38 14.54 302.92  10.92  0.23 11.23 329.53   7.25  0.20 12.63 310.01   6.99  0.08 20.33 300.11  10.76
20090303 090000  1.2 196.9  1.77 11.71 231.35  24.70  6  1.70 11.67 226.71  14.13  0.34 14.66 304.40  11.13  0.25 12.66 306.05  10.00  0.23 11.13 329.86   7.30  0.09 20.27 300.26  10.65  0.05 24.87 303.20  10.00
20090303 120000  2.2 241.2  1.75 11.51 229.92  24.89  7  1.68 11.49 225.46  14.43  0.32 14.68 304.61  10.60  0.25 12.60 308.46  10.14  0.21 10.79 330.62   7.07  0.09 15.66 211.42   5.99  0.09 20.13 300.05  10.53  0.06 24.63 302.53  10.08
20090303 150000  2.8 270.1  1.72 11.13 228.98  25.08  6  1.66 11.11 224.53  14.70  0.35 12.77 306.69  10.53  0.21 10.74 330.69   6.98  0.18 16.49 305.10  10.35  0.10 19.49 299.92  10.42  0.08 23.52 301.89  10.24
20090303 180000  5.0 256.5  1.71 10.91 228.90  25.72  6  1.65 10.89 224.47  15.97  0.35 12.94 306.68  10.35  0.21 10.73 330.68   6.89  0.16 16.52 306.03   9.81  0.11 19.10 300.13  10.39  0.10 23.33 302.11  10.42
20090303 210000  6.0 224.5  1.68 10.62 228.40  26.29  6  1.61 10.60 223.90  16.36  0.38 13.33 306.98  10.70  0.20 10.72 330.37   6.95  0.17 14.64 211.61   6.07  0.12 19.03 300.45  10.84  0.11 23.29 302.71  10.48
20090304 000000  5.0 203.8  1.64 10.36 227.40  27.13  6  1.57 10.35 222.49  16.69  0.38 13.48 306.55  10.25  0.20 10.63 330.50   6.84  0.16 14.83 213.60   5.61  0.13 18.97 301.04  10.69  0.12 23.25 302.89  10.35
20090304 030000  4.9 202.2  1.58 10.20 227.21  28.02  7  1.49 10.19 221.84  16.62  0.34 13.58 305.48  10.08  0.25 13.83 211.78   6.36  0.19 10.37 330.56   6.79  0.19 15.61 308.12  10.05  0.13 18.93 301.73  10.07  0.13 23.06 302.46  10.20
20090304 060000  5.8 187.5  1.51  9.99 226.86  29.20  8  1.40  9.98 220.87  17.10  0.31 13.70 304.62  10.47  0.30 13.59 212.49   6.56  0.21 15.55 306.76  10.06  0.19 10.25 329.93   7.82  0.15 22.11 301.71  10.28  0.14 18.63 299.65  10.42  0.10 11.83 315.00   0.00
20090304 090000  7.2 184.9  1.48  9.79 225.27  30.89  8  1.38  9.77 218.64  19.08  0.26 15.39 302.64  10.99  0.25 13.91 213.46   5.86  0.21 11.99 307.11  10.95  0.18 21.84 301.67  10.62  0.17 13.70 311.38   4.80  0.17 10.10 330.98   6.62  0.16 17.94 300.08  10.58
20090304 120000  7.5 166.4  1.46  9.71 222.88  33.44  8  0.67  3.88 198.03  34.74  1.21  9.69 220.39  13.86  0.24 13.60 303.37  11.34  0.21 15.44 306.40   9.91  0.20 21.78 302.31  10.86  0.18 17.79 300.44  10.44  0.16 10.08 330.87   6.66  0.16 11.77 311.85   7.01
20090304 150000  8.8 203.2  1.48  9.65 222.43  32.43  8  1.35  9.63 216.24  22.67  0.39 12.77 212.51   6.58  0.23 15.34 304.52  11.49  0.21 11.94 307.66  10.87  0.20 21.74 302.60  10.98  0.19 17.77 300.98  10.85  0.15 10.02 330.84   6.56  0.13 13.54 310.36   5.44
20090304 180000 10.5 207.2  1.74  9.59 220.80  30.41  8  1.63  9.57 216.56  23.38  0.39 12.72 212.35   6.67  0.22 21.60 302.34  10.60  0.22 15.35 305.28  11.25  0.20 17.71 300.36  11.20  0.20 11.99 308.23   9.50  0.14  9.85 330.80   6.68  0.12 13.56 311.50   6.41
20090304 210000 11.9 206.2  2.11  6.11 219.31  29.28  7  2.03  6.11 216.32  24.25  0.34 12.83 211.65   7.15  0.27 15.37 304.73  11.49  0.25 20.83 301.56  10.43  0.18 11.93 309.70   7.97  0.18 17.71 303.05  10.25  0.13  9.71 330.97   6.24
20090305 000000 10.1 195.0  2.33  7.02 217.92  29.95  6  2.22  7.02 215.15  26.07  0.51 11.17 214.78   8.30  0.34 17.24 304.30  11.10  0.29 20.45 301.03  10.67  0.15 11.74 310.38   8.83  0.11  9.56 331.28   6.44
20090305 030000 10.2 188.2  2.30  7.46 218.01  30.75  5  2.25  7.46 214.94  26.07  0.31 20.37 301.57  11.16  0.30 14.47 307.03   9.94  0.23 16.74 300.35  11.08  0.10  9.52 331.19   6.30
20090305 060000 11.0 188.4  2.27  7.51 217.05  31.20  7  2.17  7.51 213.59  26.76  0.45 13.51 217.57   9.26  0.31 20.34 302.29  11.60  0.30 14.43 306.64  10.28  0.26 16.64 300.28  10.75  0.15 11.83 215.00   0.02  0.09  9.48 331.07   6.32
20090305 090000  8.6 180.8  2.23  7.48 218.29  31.04  6  2.04  7.48 213.92  27.02  0.73 12.95 220.95   9.13  0.31 20.29 302.58  11.58  0.29 14.40 306.97  10.64  0.28 16.59 301.07  10.57  0.08  9.44 330.72   6.43
20090305 120000  7.1 186.8  2.14 12.51 221.86  30.02  6  1.84  7.43 216.28  26.14  0.94 12.46 223.13   9.40  0.34 19.96 302.14  11.07  0.29 14.43 307.41  10.89  0.28 16.56 301.02  10.89  0.08  9.33 330.69   6.42
20090305 150000  7.8 211.5  2.06 11.93 225.52  28.84  7  1.59  7.26 218.15  25.47  1.19 11.90 225.22  10.01  0.38 19.19 301.09  10.78  0.29 16.50 302.51  10.78  0.27 14.43 307.16  11.35  0.07 11.01 311.17   6.32  0.07  9.16 330.66   6.33
20090305 180000  9.1 215.4  2.11 11.53 227.56  27.57  7  1.47  6.94 218.63  25.17  1.40 11.52 227.38  10.77  0.42 19.07 300.78  11.02  0.27 16.45 300.85  10.24  0.27 14.48 309.21  10.68  0.08 11.00 311.57   6.65  0.06  9.04 330.98   6.20
20090305 210000 10.1 208.7  2.34 11.26 226.75  27.04  4  2.26 11.26 222.99  21.03  0.42 19.03 301.15  11.53  0.39 15.59 304.77  12.80  0.11 20.35 224.95   7.62
20090306 000000  7.1 195.3  2.56 11.08 225.47  27.39  5  2.03  7.47 218.74  25.65  1.43 11.07 228.97  11.85  0.41 19.01 302.33  12.12  0.40 15.47 304.34  11.96  0.20 19.47 224.68   7.54
20090306 030000  9.6 192.4  2.69  8.12 224.15  27.61  7  2.15  8.11 217.33  25.91  1.33 10.74 230.70  11.74  0.61 13.91 219.35   7.58  0.40 18.96 303.00  12.03  0.36 15.45 302.60  11.80  0.31 19.07 224.70   7.70  0.22 13.43 309.21  10.09
20090306 060000 10.0 182.3  2.78  8.35 222.23  28.22  7  2.20  8.30 214.41  26.46  1.20 10.55 232.30  12.71  0.91 13.20 220.77   8.51  0.52 18.15 223.86   8.61  0.42 18.70 302.87  11.52  0.34 15.47 299.67  11.00  0.27 13.65 311.90   9.75
20090306 090000  8.3 179.3  2.82 17.71 222.88  27.71  6  2.11  8.28 214.54  26.60  1.56 13.27 226.92  12.28  0.81 17.47 224.49   8.89  0.46 17.94 301.81  11.06  0.36 15.43 301.34  11.05  0.25 13.52 312.32   9.63
20090306 120000  6.9 182.1  2.83 17.49 224.70  26.10  5  1.95  8.14 217.99  26.46  1.94 16.69 224.56  10.19  0.50 17.82 301.21  11.10  0.35 15.41 301.80  10.98  0.24 13.52 312.69   9.12
20090306 150000  8.2 208.3  2.87 17.20 225.81  23.86  5  1.78  7.97 220.39  25.16  2.16 16.38 224.25  10.01  0.50 17.79 301.07  11.48  0.34 15.34 304.01  12.60  0.21 13.46 309.78   6.95
20090306 180000 11.1 213.6  3.07 16.27 225.17  22.57  3  3.01 16.24 222.68  17.28  0.49 17.77 301.53  12.13  0.39 15.18 305.75  11.53
20090306 210000 11.0 210.5  3.32 15.82 224.48  22.78  4  2.19  7.16 221.52  25.37  2.41 15.92 223.11   9.71  0.48 17.75 302.29  12.31  0.38 14.43 305.66  11.71
20090307 000000  6.4 188.2  3.28 15.46 224.11  23.58  4  2.42 15.48 222.76   9.88  2.13  7.39 220.86  27.03  0.49 17.67 303.63  11.59  0.38 14.34 304.17  12.62
20090307 030000  9.2 191.1  3.11 15.35 223.85  23.93  4  1.88  7.40 219.58  27.78  2.40 15.36 222.30  10.03  0.50 17.36 303.06  11.67  0.39 14.38 304.45  12.21
20090307 060000 10.4 189.7  3.01 15.16 222.15  25.25  4  1.79  7.12 214.29  28.85  2.33 15.21 221.83  10.09  0.52 16.76 302.41  11.58  0.40 14.39 304.50  12.24
20090307 090000  9.3 180.0  2.92 14.72 221.37  26.18  4  1.82  6.96 213.53  28.70  2.19 14.83 221.07  10.21  0.53 16.65 301.96  12.02  0.39 14.40 304.46  12.12
20090307 120000  6.9 176.8  2.73 14.56 222.23  26.28  5  1.66  6.98 215.73  28.60  2.07 14.59 220.41  10.38  0.53 16.62 302.24  12.83  0.33 14.41 302.63  12.25  0.17 12.59 309.67   7.01
20090307 150000  7.7 210.1  2.52 14.46 223.43  26.01  5  1.44  6.88 218.75  27.53  1.97 14.47 219.84  10.62  0.52 16.60 302.59  13.42  0.30 14.43 299.83  10.97  0.21 12.68 313.72   8.04
20090307 180000 10.8 216.7  2.55 14.37 223.38  25.78  5  1.62  6.27 220.03  25.34  1.86 14.35 219.43  10.77  0.53 16.57 303.27  14.26  0.26 14.34 299.72  10.78  0.21 12.65 313.36   8.34
20090307 210000  9.4 207.4  2.61 14.26 223.40  27.02  3  1.84  6.49 221.47  26.74  1.74 14.24 218.30  10.19  0.62 16.52 304.61  13.91
20090308 000000  6.8 202.2  2.49 14.06 223.72  28.28  5  1.78  6.81 221.49  27.59  1.62 14.07 217.99  10.26  0.52 16.40 303.70  12.86  0.32 13.49 306.47  13.83  0.11 14.49 335.00   0.03
20090308 030000  6.8 200.6  2.30 13.68 224.15  29.08  5  1.61  6.86 221.54  27.43  1.51 13.69 217.52  10.35  0.51 15.98 303.05  12.36  0.32 13.49 306.67  13.45  0.14 14.38 335.00   0.00
20090308 060000  7.8 200.4  2.13 13.50 224.32  29.75  6  1.45  6.76 220.58  27.41  1.43 13.48 217.77  11.06  0.49 15.67 302.24  12.08  0.32 13.48 306.67  13.71  0.15 14.22 335.00   0.03  0.06 19.01 310.55   8.78
20090308 090000  5.9 185.8  1.97 13.38 225.27  30.63  5  1.33  6.59 221.37  27.68  1.32 13.32 217.62  11.08  0.47 15.58 301.70  12.18  0.31 13.46 305.79  13.72  0.18 13.70 332.91   4.07
20090308 120000  5.5 184.2  1.83 13.29 227.40  31.18  6  1.24  6.57 223.84  26.93  1.21 13.16 217.88  11.35  0.46 15.54 301.20  12.46  0.28 13.51 301.84  12.03  0.19 13.57 332.85   4.11  0.12 11.91 320.26   5.01
20090308 150000  7.1 213.0  1.76 13.22 229.14  31.31  6  1.25  6.85 226.18  25.28  1.10 12.93 217.16  10.68  0.45 15.52 301.40  13.41  0.30 13.46 304.01  12.77  0.18 13.45 332.63   4.26  0.12 17.78 310.63   5.44
20090308 180000  9.7 217.7  1.93 13.10 228.24  29.86  6  1.52  7.24 225.22  24.10  1.04 12.82 217.36  10.17  0.44 15.50 300.28  12.61  0.27 13.54 302.93  11.94  0.22 13.12 330.04   6.22  0.12 17.77 310.53   5.35
20090308 210000  9.7 212.0  2.26 12.80 226.51  28.38  6  1.92  7.01 223.95  24.53  1.04 12.71 218.68   9.75  0.49 15.46 300.60  12.23  0.24 12.77 327.43   8.80  0.10 17.77 310.49   5.38  0.05 22.64 226.11   7.76
20090309 000000  5.6 213.5  2.40 12.61 226.08  27.73  6  2.03  7.48 223.89  25.38  1.15 12.58 220.31   9.68  0.49 15.40 301.55  12.68  0.21 12.60 330.55   6.63  0.11 21.72 226.04   8.51  0.08 17.78 310.67   5.38
20090309 030000  4.2 203.1  2.38 12.47 226.73  26.55  6  1.98  7.75 224.54  24.60  1.20 12.44 222.22   9.72  0.43 15.29 301.80  12.21  0.24 12.44 326.58  10.09  0.22 20.89 224.81   9.21  0.14 12.75 298.49  11.03
20090309 060000  5.9 202.6  2.35 12.32 227.57  24.99  6  1.78  7.82 225.77  24.24  1.41 12.27 223.62  10.30  0.41 14.97 302.48  12.38  0.33 20.48 225.29   9.39  0.24 12.22 326.22  10.13  0.13 12.65 293.32  10.34
20090309 090000  3.9 199.1  2.38 12.16 228.11  23.10  6  1.65  7.94 226.77  23.36  1.50 12.11 224.79  10.37  0.68 18.98 224.68   8.76  0.40 14.68 302.53  12.80  0.22 12.04 327.99   8.26  0.14 12.61 295.58  10.30
20090309 120000  5.1 218.3  2.54 12.15 227.97  20.86  7  1.57  8.33 227.41  22.61  1.51 12.13 226.62  10.62  1.23 17.52 223.17   8.69  0.35 14.57 300.27  13.47  0.22 11.91 327.88   8.32  0.16 16.62 310.41   5.62  0.14 12.59 296.01   9.41
20090309 150000  4.5 212.8  2.76 16.76 227.37  19.02  5  2.73 16.90 225.87  14.98  0.34 14.53 298.96  12.86  0.20 11.68 328.99   8.19  0.16 16.61 311.51   6.96  0.15 12.57 303.80  10.22
20090309 180000  4.0 251.4  2.94 16.64 227.05  17.69  4  2.91 16.69 225.80  14.08  0.37 14.50 299.51  13.04  0.19 11.47 329.35   8.25  0.14 16.62 309.00   9.11
20090309 210000  4.6 264.3  3.04 16.33 227.13  17.01  2  3.01 16.35 226.01  13.61  0.43 14.48 306.55  15.49
20090310 000000  3.2 344.5  3.06 16.14 227.22  16.67  3  3.03 16.18 226.08  13.12  0.40 14.48 302.61  12.24  0.16 11.07 330.58   7.62
20090310 030000  1.4 334.1  3.02 16.00 227.27  16.53  4  2.99 16.10 226.07  12.68  0.39 14.52 302.79  11.83  0.17 11.08 328.93   8.39  0.09 17.88 308.07   7.73
20090310 060000  1.0 226.1  2.97 15.82 227.23  16.40  4  2.93 15.93 226.02  12.43  0.39 14.59 303.39  12.64  0.16 11.00 330.26   7.17  0.10 17.82 307.82   7.90
20090310 090000  2.0 205.4  2.92 15.71 227.13  16.05  4  2.89 15.76 226.02  12.28  0.36 14.79 304.33  12.13  0.15 10.92 330.29   7.14  0.11 17.80 308.10   7.98
20090310 120000  3.5 216.3  2.90 15.68 227.01  15.66  3  2.87 15.71 226.06  12.31  0.34 15.18 305.23  11.38  0.15 10.77 330.31   7.12
20090310 150000  2.8 260.4  2.92 15.72 227.10  15.33  3  2.90 15.74 226.24  12.31  0.33 13.82 305.31  11.67  0.14 10.53 330.52   7.15
20090310 180000  4.1 283.6  2.96 15.68 227.41  15.53  3  2.93 15.68 226.57  12.66  0.33 13.83 305.38  11.28  0.14 10.42 330.36   7.03
20090310 210000  4.3 251.1  2.97 15.55 227.76  15.87  4  2.95 15.55 226.85  12.88  0.30 13.93 304.77  11.32  0.18 16.67 308.84   8.58  0.13 10.37 330.40   6.96
20090311 000000  1.8 242.1  2.96 15.44 228.00  16.03  4  2.93 15.46 227.01  12.77  0.30 14.06 304.06  10.81  0.21 16.53 311.07   8.66  0.13 10.33 330.47   6.91
20090311 030000  1.1 194.7  2.93 15.36 228.31  16.17  3  2.90 15.38 227.22  12.60  0.39 14.19 308.58  12.58  0.10 19.25 313.59   7.99
20090311 060000  2.2 188.4  2.89 15.31 228.68  16.31  3  2.86 15.32 227.51  12.53  0.39 14.32 308.77  12.17  0.12 19.08 312.65   9.15
20090311 090000  3.5 163.1  2.86 15.24 228.89  16.67  3  2.60 15.24 228.19  10.13  1.12  8.27 224.65  22.14  0.41 15.10 309.38  11.55
20090311 120000  4.7 170.8  2.83 15.06 229.16  16.84  3  2.80 15.05 227.91  12.92  0.38 15.20 309.15  11.59  0.16 18.50 312.90   8.37
20090311 150000  4.9 209.3  2.82 14.79 229.33  17.04  4  2.60 14.78 228.79  10.58  1.02  7.78 223.04  23.16  0.37 15.16 309.75  11.08  0.18 18.05 313.07   8.32
20090311 180000  6.2 229.5  2.82 14.63 229.62  17.31  3  2.79 14.63 228.33  13.37  0.37 14.84 310.03  10.68  0.20 17.88 313.97   8.50
20090311 210000  7.0 213.5  2.81 14.54 229.75  17.86  3  2.77 14.54 228.41  13.94  0.36 14.59 310.45  10.74  0.22 17.78 313.67   7.75
20090312 000000  5.7 192.5  2.79 14.50 229.51  18.76  3  2.76 14.51 228.11  14.89  0.36 14.48 310.75  10.54  0.23 17.71 313.25   7.97
20090312 030000  6.7 193.3  2.78 14.49 229.35  19.54  3  2.75 14.51 227.87  15.63  0.34 14.33 309.84  10.48  0.28 17.17 314.15   7.57
20090312 060000  7.7 189.3  2.78 14.45 228.88  20.60  4  1.27  6.79 217.46  26.54  2.44 14.48 229.71  11.53  0.35 14.29 310.43  10.00  0.28 16.81 313.88   8.27
20090312 090000  6.2 185.0  2.74 14.33 229.01  21.11  4  1.22  6.73 216.75  27.09  2.41 14.35 229.74  11.77  0.36 14.13 310.88   9.82  0.29 16.70 313.88   8.56
20090312 120000  6.7 187.7  2.68 14.27 229.28  21.22  3  2.64 14.29 227.43  16.66  0.35 13.86 311.00  10.04  0.31 16.62 314.15   8.14
20090312 150000  7.4 203.5  2.64 14.24 229.18  21.37  4  1.14  6.57 216.93  26.91  2.34 14.27 229.48  12.07  0.36 13.73 311.29  10.09  0.31 16.58 314.38   7.73
20090312 180000  9.0 218.1  2.68 14.05 228.85  21.60  3  2.64 14.22 227.01  17.15  0.36 16.19 314.51   7.95  0.30 13.55 310.31  10.13
20090312 210000  9.4 210.0  2.78 15.18 228.27  22.41  4  1.62  6.42 222.26  26.30  2.22 15.08 228.60  11.79  0.35 15.75 314.56   8.28  0.31 13.61 311.12   9.49
20090313 000000  7.1 209.3  2.80 15.12 227.92  23.33  4  1.73  6.80 222.61  27.20  2.16 14.32 228.20  11.55  0.36 15.63 314.76   8.26  0.32 13.60 311.50   9.33
20090313 030000  5.7 188.9  2.72 14.41 228.16  23.58  4  2.11 14.29 227.83  11.65  1.65  7.00 223.20  27.26  0.38 15.55 315.02   7.87  0.31 13.48 311.68   9.72
20090313 060000  7.7 205.1  2.60 14.30 228.33  23.59  3  1.50  7.04 222.81  26.93  2.07 14.23 227.69  11.74  0.49 15.45 313.94   8.77
20090313 090000  7.4 187.3  2.51 14.24 227.92  24.13  3  1.38  6.97 219.94  27.56  2.03 14.15 227.86  12.14  0.49 15.35 314.09   8.71
20090313 120000  6.2 189.1  2.40 14.21 228.31  24.10  4  1.30  6.91 221.18  27.48  1.96 14.07 227.59  12.16  0.43 15.04 315.49   8.10  0.23 12.66 309.53   8.87
20090313 150000  7.2 209.7  2.32 14.22 228.68  23.92  4  1.26  6.95 223.31  26.69  1.89 14.06 227.12  11.94  0.42 14.67 315.61   8.04  0.23 12.65 309.83   8.87
20090313 180000  8.6 215.4  2.32 14.25 228.39  24.21  4  1.31  6.93 222.32  25.63  1.85 14.11 227.29  12.53  0.44 14.56 314.75   8.27  0.19 12.57 312.98   9.52
20090313 210000  9.9 209.4  2.46 14.23 226.95  24.91  3  1.65  6.63 222.16  25.49  1.76 14.11 226.44  11.91  0.49 14.51 314.63   8.53
20090314 000000  5.5 203.4  2.62 14.13 225.72  25.83  3  1.95  7.18 221.96  26.30  1.67 13.94 225.53  11.20  0.49 14.47 314.76   8.51
20090314 030000  8.2 198.3  2.58 13.79 225.63  25.95  3  1.96  7.52 222.39  26.13  1.60 13.65 224.90  11.02  0.48 14.40 314.87   8.46
20090314 060000  8.7 188.6  2.48 13.55 224.29  26.29  3  1.85  7.55 219.63  26.75  1.58 13.47 225.18  11.07  0.46 14.28 314.96   8.43
20090314 090000  7.5 180.6  2.43 13.39 223.40  26.14  3  1.80  7.51 218.50  26.77  1.56 13.31 224.69  10.92  0.44 14.06 315.05   8.45
20090314 120000  8.3 177.8  2.48 13.27 222.18  25.72  3  1.88  7.70 217.95  26.44  1.55 13.18 223.45  10.27  0.43 13.83 315.25   8.34
20090314 150000 10.1 201.1  2.60 13.17 221.50  24.68  3  2.02  7.91 218.22  25.25  1.59 13.04 222.30   9.73  0.42 13.75 315.42   8.31
20090314 180000 11.4 212.6  2.90 12.85 220.98  23.89  3  2.87 12.74 219.71  20.81  0.41 13.69 315.60   8.24  0.06 20.33 309.55   9.62
20090314 210000 12.9 204.7  3.25 12.53 220.77  24.49  3  3.23 12.48 219.80  22.27  0.40 13.62 315.65   8.21  0.07 20.18 307.66  10.95
20090315 000000  9.0 194.2  3.25 12.25 220.90  25.42  4  2.76  8.28 218.98  26.56  1.67 12.17 222.50  10.90  0.38 13.54 315.68   8.21  0.08 19.82 306.95  10.86
20090315 030000 10.9 186.2  3.08 11.86 220.08  25.97  4  2.63  8.46 217.65  27.02  1.57 11.82 222.94  11.39  0.36 13.46 315.68   8.23  0.09 19.26 306.44  10.47
20090315 060000 10.9 185.2  2.95 11.64 219.49  26.51  4  2.51  8.56 216.91  27.57  1.50 11.61 222.74  12.11  0.35 13.41 315.74   8.24  0.09 19.11 305.92  10.49
20090315 090000 10.3 180.8  2.81 11.48 219.46  27.12  4  2.33  8.72 214.64  27.87  1.54 11.41 226.57  14.49  0.33 13.37 315.86   8.21  0.09 19.04 307.62  10.27
20090315 120000  7.4 184.1  2.62 11.07 221.47  26.42  5  2.13  8.77 217.00  27.23  1.49 11.02 226.67  14.30  0.33 13.34 315.98   8.18  0.10 18.97 308.17  10.51  0.06 23.33 296.35  11.01
20090315 150000  8.5 205.7  2.44 10.92 223.53  25.02  5  2.15  9.39 221.80  24.11  1.09 11.27 223.95  13.15  0.32 13.29 316.07   8.15  0.12 18.84 307.62  11.12  0.07 23.30 297.43  11.52
20090315 180000 10.5 213.4  2.41 10.88 223.56  24.38  4  2.39 10.86 222.31  21.65  0.31 13.15 316.13   8.07  0.13 18.46 306.70  10.96  0.07 23.28 298.75  11.47
20090315 210000 11.1 206.9  2.59  8.36 222.39  24.79  4  2.57  8.36 221.37  22.63  0.29 12.81 316.14   8.10  0.13 17.98 306.07  10.70  0.08 22.90 297.68  10.79
20090316 000000  4.2 208.8  2.71  8.38 221.78  25.78  5  2.57  8.38 221.03  24.96  0.80 11.16 219.33   9.77  0.28 12.66 316.10   8.21  0.13 17.85 305.96  10.57  0.11 21.92 295.72  10.51
20090316 030000  8.7 196.6  2.56  8.59 222.48  25.93  5  2.44  8.59 221.88  24.70  0.68 11.23 216.27   9.75  0.27 12.59 316.22   8.09  0.14 17.79 306.47  10.87  0.13 21.82 295.31  11.01
20090316 060000  8.4 191.3  2.38  8.60 221.50  26.46  6  2.26  8.60 220.59  24.89  0.64 11.22 215.77   9.68  0.26 12.57 316.08   8.53  0.16 17.74 306.82  11.42  0.13 21.80 295.92  11.86  0.10 13.47 255.04   7.10
20090316 090000 10.1 185.0  2.30  8.53 219.56  27.33  7  2.18  8.53 218.36  25.77  0.65 11.10 215.90   9.04  0.26 12.55 316.21   8.26  0.17 17.65 305.72  12.00  0.13 21.78 297.25  12.17  0.12 12.82 257.39   5.66  0.05 17.64 221.90   9.35
20090316 120000 10.9 178.1  2.31  8.32 216.31  28.92  7  2.20  8.32 214.60  27.24  0.59 11.07 216.27   8.82  0.25 12.54 316.16   8.24  0.18 17.44 304.65  11.65  0.17 12.53 255.49   5.71  0.14 21.58 297.28  11.26  0.07 17.13 225.58  12.81
20090316 150000 10.1 199.5  2.18  7.93 217.57  29.25  6  2.13  7.93 215.31  26.28  0.25 11.82 256.36   6.14  0.24 12.50 315.98   8.19  0.18 20.58 295.64  10.50  0.18 16.91 304.14  11.36  0.09 16.73 228.80  13.63
20090316 180000 13.9 213.7  2.48  6.99 218.92  27.43  6  2.45  6.99 217.55  25.22  0.23 12.41 315.76   8.21  0.22 20.42 294.86  10.87  0.17 16.72 304.22  10.99  0.11 16.48 225.06   9.98  0.09 15.95 249.56   6.22
20090316 210000 12.9 206.6  2.78  7.38 220.04  28.15  6  2.75  7.38 218.89  26.60  0.22 20.39 295.00  11.76  0.21 15.79 239.27  14.09  0.20 12.08 315.71   8.11  0.18 16.64 304.77  11.23  0.05 14.46 314.55   8.96
20090317 000000  8.2 188.1  2.68  7.88 220.19  29.26  7  2.63  7.88 218.89  27.91  0.28 15.39 242.99  11.01  0.25 12.54 215.97   9.23  0.21 20.39 296.06  12.50  0.19 16.60 305.45  11.72  0.19 11.86 315.58   8.22  0.13 14.61 217.86   6.27
20090317 030000  9.5 177.6  2.53  8.20 220.63  29.35  6  2.45  8.20 218.80  28.01  0.41 15.22 240.93  13.46  0.35 12.63 221.29   8.84  0.21 16.56 304.67  12.06  0.20 20.35 297.48  12.26  0.18 11.79 315.75   8.19
20090317 060000 11.2 182.2  2.56  8.40 219.25  29.45  6  2.43  8.40 216.59  28.13  0.55 13.15 221.72   8.45  0.47 14.44 247.42   8.19  0.23 19.92 296.89  11.11  0.21 16.48 303.29  12.38  0.18 11.76 315.74   8.24
20090317 090000 12.0 184.0  2.79  8.65 218.31  28.98  6  2.62  8.65 215.52  27.83  0.69 13.87 237.46  13.88  0.54 12.15 216.34   7.79  0.29 19.19 295.61  10.75  0.21 16.28 302.57  12.19  0.17 11.75 315.84   8.24
20090317 120000  9.6 162.6  2.81  9.15 220.98  28.73  6  2.61  9.14 218.31  28.11  0.91 13.42 225.56  11.47  0.35 12.27 250.56   5.48  0.31 19.11 295.31  11.43  0.20 15.79 302.73  12.08  0.16 11.75 315.73   8.38
20090317 150000  9.5 211.1  2.75  9.45 225.50  25.31  6  2.48  9.44 223.03  24.64  1.11 12.62 230.21  15.01  0.30 19.11 295.91  12.15  0.19 15.61 302.90  12.20  0.14 11.72 315.78   8.22  0.06 13.55 314.92   7.92
20090317 180000  8.9 215.5  2.79  9.57 226.63  23.69  5  2.44  9.57 224.81  23.65  1.30 12.12 228.29  14.35  0.27 19.11 297.33  12.70  0.19 15.55 303.88  12.26  0.14 11.69 315.33   8.61
20090317 210000  5.8 214.2  2.79 11.19 227.74  22.96  6  2.40  9.78 226.80  22.89  1.22 11.97 231.16  14.12  0.64 14.55 210.34   6.54  0.26 19.07 298.73  12.23  0.21 15.52 304.14  12.14  0.13 11.61 315.39   8.38
20090318 000000  1.6 185.7  2.83 11.00 228.20  22.39  5  2.66 10.99 228.95  20.74  0.90 14.06 211.54   7.59  0.30 18.83 298.07  11.42  0.22 15.48 303.05  12.81  0.12 11.32 315.41   8.40
20090318 030000  4.7 229.3  2.96 11.29 227.76  22.06  5  2.81 11.30 228.03  19.82  0.81 13.82 208.64   7.24  0.36 18.17 296.84  10.99  0.23 15.44 301.94  13.10  0.11 11.13 316.28   7.56
20090318 060000  2.3 194.0  3.08 11.58 226.41  21.97  4  3.05 11.59 225.07  19.57  0.40 17.98 296.28  11.58  0.22 15.35 303.42  11.49  0.11 11.07 316.05   8.24
20090318 090000  0.8  28.2  3.04 11.52 225.07  21.99  4  3.00 11.52 223.71  19.46  0.40 17.95 296.71  12.12  0.21 15.03 302.49  12.81  0.11 11.04 316.53   7.93
20090318 120000  2.4 311.2  2.88 11.18 224.43  22.05  4  2.85 11.18 223.09  19.47  0.37 17.93 297.83  12.46  0.20 14.68 303.33  12.87  0.11 11.02 316.78   7.80
20090318 150000  3.5 313.6  2.68 10.94 224.49  22.36  4  2.65 10.94 223.09  19.65  0.35 17.88 299.38  12.21  0.19 14.57 304.42  12.70  0.11 11.00 316.91   7.75
20090318 180000  5.7 345.9  2.47 10.83 225.22  24.17  4  2.43 10.82 223.48  21.15  0.35 17.79 299.84  11.66  0.20 14.53 305.54  12.64  0.09 10.99 316.61   7.90
20090318 210000  4.5 335.6  2.29 10.75 226.09  26.08  4  2.24 10.74 223.64  22.33  0.40 17.63 298.88  11.42  0.21 14.50 304.86  12.71  0.09 10.96 316.62   7.93
20090319 000000  2.3 297.8  2.15 10.70 226.50  26.39  5  2.09 10.69 223.11  21.24  0.45 17.27 297.60  11.67  0.22 14.48 304.26  13.03  0.10 20.12 223.16   7.52  0.09 10.91 316.39   8.17
20090319 030000  1.3 172.4  2.05 10.54 226.68  26.34  5  1.97 10.53 222.53  19.85  0.48 16.92 297.04  12.11  0.22 14.45 303.84  13.44  0.14 19.40 223.75   7.93  0.09 10.80 316.43   8.11
20090319 060000  3.3 182.1  1.96 10.44 226.54  25.95  5  1.87 10.44 222.15  18.75  0.47 16.82 297.25  12.49  0.23 18.30 223.01   7.91  0.22 14.40 303.83  13.78  0.09 10.55 316.73   8.02
20090319 090000  3.9 178.3  1.90 10.47 225.75  25.36  5  1.78 10.47 221.69  18.34  0.44 16.75 298.15  12.78  0.44 17.52 220.44   7.91  0.20 14.30 303.96  14.55  0.09 11.69 316.65   8.05
20090319 120000  2.6 192.3  1.90 16.65 225.11  24.27  5  1.72 10.59 221.70  17.95  0.66 16.28 219.75   7.74  0.42 16.70 299.47  12.66  0.19 13.95 304.72  14.62  0.09 11.75 316.89   7.99
20090319 150000  5.0 229.8  1.96 16.50 224.92  23.01  6  1.61 10.73 222.81  17.77  1.02 14.76 218.81   9.28  0.41 16.65 300.16  12.24  0.18 13.68 305.46  14.59  0.07 10.29 317.34   8.05  0.06 11.77 316.82   8.39
20090319 180000  6.8 216.7  2.08 16.26 225.03  22.51  6  1.58 10.74 223.19  18.96  1.26 14.68 220.17   8.99  0.42 16.56 299.52  12.33  0.18 13.60 306.34  13.43  0.07 10.31 317.82   8.21  0.05 11.79 316.65   6.78
20090319 210000  7.8 208.5  2.21 15.67 224.78  22.47  4  2.15 14.37 221.80  16.20  0.45 16.40 297.96  12.88  0.20 13.56 305.99  14.58  0.07 10.35 318.04   7.40
20090320 000000  5.1 176.9  2.33 15.53 224.53  22.70  3  2.28 14.34 221.65  16.90  0.47 16.12 297.10  12.90  0.21 13.54 306.85  14.82
20090320 030000  6.5 205.0  2.41 15.52 224.76  22.30  3  2.35 14.95 222.05  16.80  0.47 15.83 296.85  13.16  0.21 13.53 306.61  15.27
20090320 060000  7.2 185.8  2.44 15.46 224.40  22.18  3  2.38 15.15 221.90  17.07  0.46 15.71 297.02  13.68  0.21 13.51 306.61  15.73
20090320 090000  5.7 182.2  2.43 15.33 224.41  21.68  4  1.81 14.98 223.64   9.58  1.55  8.15 219.91  23.25  0.44 15.64 297.83  13.93  0.20 13.47 306.56  16.41
20090320 120000  5.4 205.5  2.47 15.20 224.54  20.84  4  1.79 14.64 223.64   9.39  1.64  8.13 221.28  22.09  0.41 15.59 299.33  13.12  0.19 13.39 308.43  15.11
20090320 150000  6.3 213.1  2.54 15.09 224.79  20.02  3  1.84 14.49 223.92   9.67  1.69  8.20 222.11  21.24  0.43 15.53 301.45  13.66
20090320 180000  8.5 210.6  2.65 14.98 224.78  19.65  3  1.74  8.17 221.91  21.67  1.96 14.54 224.31   9.59  0.43 15.47 301.08  13.77
20090320 210000  8.5 207.8  2.83 15.27 224.72  19.53  4  1.80  7.98 221.46  22.61  2.14 15.00 224.67   9.77  0.40 15.38 298.69  13.34  0.16 12.68 312.50  12.11
20090321 000000  6.4 201.4  3.05 15.43 225.30  18.99  4  1.77  7.73 221.56  23.92  2.45 15.49 225.40  10.15  0.40 15.25 297.93  13.75  0.15 12.65 314.33   9.89
20090321 030000  7.3 198.0  3.27 15.23 226.21  18.33  3  3.24 15.26 225.25  16.08  0.40 15.01 297.51  14.07  0.16 12.63 314.13  10.08
20090321 060000  7.9 191.1  3.41 14.91 227.00  18.04  3  3.39 14.94 226.19  16.16  0.38 14.75 297.28  14.33  0.16 12.62 314.06  10.27
20090321 090000  6.4 185.0  3.47 14.78 227.88  17.78  3  3.45 14.82 227.19  16.17  0.36 14.63 297.43  14.41  0.15 12.59 314.15  10.43
20090321 120000  5.7 190.3  3.49 14.78 228.74  17.44  3  3.47 14.85 228.12  16.00  0.34 14.56 297.54  14.62  0.14 12.54 316.62   8.14
20090321 150000  6.4 212.6  3.49 14.71 229.43  17.21  3  3.47 14.75 228.90  15.91  0.31 14.52 300.46  12.81  0.13 12.45 316.90   8.15
20090321 180000  9.9 216.1  3.49 14.61 229.72  17.52  2  3.47 14.63 229.22  16.33  0.33 14.48 303.89  13.01
20090321 210000  8.2 208.4  3.46 14.52 229.64  18.35  2  3.45 14.53 229.13  17.21  0.33 14.45 304.36  12.82
20090322 000000  6.8 198.7  3.44 14.43 229.45  19.00  2  3.42 14.43 228.97  17.94  0.31 14.40 305.50  11.93
20090322 030000  8.3 204.7  3.40 14.32 229.14  19.30  3  3.39 14.32 228.65  18.28  0.29 14.32 303.57  13.94  0.11 16.77 304.63  10.41
20090322 060000  8.1 194.0  3.39 14.17 228.48  19.53  4  3.38 14.17 228.03  18.60  0.25 14.17 300.62  13.90  0.12 16.70 304.28  10.62  0.10 11.72 317.80   7.36
20090322 090000  5.9 187.0  3.46 13.92 228.03  19.31  4  3.45 13.93 227.65  18.49  0.19 14.23 313.45   7.39  0.16 13.64 287.26   7.80  0.14 16.61 305.13  10.40
20090322 120000  7.3 183.5  3.51 13.74 227.57  19.23  3  2.62 10.40 223.20  21.44  2.32 13.74 232.16  12.22  0.26 13.66 305.57  11.85
20090322 150000  7.4 207.2  3.33 13.72 227.35  19.14  4  2.52 10.27 222.90  21.30  2.17 13.74 232.22  11.44  0.20 13.58 305.61  12.22  0.16 16.46 306.10  10.44
20090322 180000  7.5 215.3  3.15 13.75 226.81  19.39  5  2.25  9.61 221.83  22.43  2.18 13.78 231.02  11.31  0.20 13.55 305.91  12.01  0.15 16.41 305.17  10.70  0.08 20.49 307.64   8.80
20090322 210000  9.6 205.3  3.04 13.79 226.14  19.86  5  2.19  9.00 221.11  23.17  2.09 13.83 230.45  10.89  0.20 13.53 306.85  11.94  0.14 16.21 304.25  10.44  0.08 20.40 308.49   8.27
20090323 000000  9.3 199.9  3.02 13.81 225.10  20.73  5  2.23  8.44 220.38  24.23  2.02 13.86 229.46  10.52  0.20 13.51 305.43  13.83  0.15 15.75 303.73  10.46  0.09 20.35 308.30   8.67
20090323 030000  9.5 192.9  2.99 13.70 224.01  21.64  5  2.25  8.16 219.08  25.09  1.96 13.73 228.94  10.28  0.19 13.49 306.01  13.90  0.17 15.62 302.12  11.65  0.10 20.31 307.64   9.32
20090323 060000  7.7 194.6  2.93 13.53 223.91  21.72  5  2.19  8.12 219.06  25.24  1.93 13.54 228.45  10.45  0.19 15.54 304.16  10.69  0.17 13.44 305.06  14.49  0.11 20.21 307.65   8.84
20090323 090000  5.8 189.2  2.84 13.39 224.82  20.77  4  2.01  8.25 220.65  24.89  1.98 13.39 227.65  10.65  0.25 15.50 304.34  12.69  0.13 19.89 307.41   8.97
20090323 120000  6.5 198.6  2.76 13.34 225.26  19.58  4  2.03 13.35 226.65  10.71  1.85  8.23 222.09  24.15  0.24 15.46 303.91  13.00  0.14 19.26 307.39   9.20
20090323 150000  6.1 203.5  2.72 13.47 225.04  18.51  5  2.15 13.47 226.09  11.17  1.65  8.06 221.53  23.72  0.19 15.40 304.15  11.65  0.14 19.10 307.69   9.13  0.13 12.73 302.29  15.93
20090323 180000  8.5 218.4  2.77 15.10 224.67  17.66  5  1.52  7.73 222.15  24.10  2.30 15.09 224.96  11.10  0.18 15.23 302.82  11.91  0.15 19.04 307.91   9.05  0.12 12.68 307.67  12.55
20090323 210000  8.0 214.3  2.86 14.89 224.48  17.61  5  1.55  7.47 223.10  24.73  2.39 14.93 224.29  10.74  0.19 14.75 302.78  11.49  0.16 19.01 307.79   9.23  0.12 12.65 307.67  12.66
20090324 000000  5.3 200.1  2.88 14.55 224.64  17.48  5  2.48 14.54 224.06  10.40  1.45  7.21 224.06  26.05  0.20 14.60 302.90  10.93  0.17 18.97 307.28   9.65  0.12 12.64 308.05  12.59
20090324 030000  4.1 197.5  2.85 14.39 225.06  16.98  4  2.83 14.37 224.43  15.18  0.21 14.54 302.37  11.44  0.18 18.87 307.28   9.26  0.11 12.61 312.48   9.59
20090324 060000  5.7 193.1  2.79 14.27 225.31  16.59  4  2.77 14.23 224.62  14.58  0.21 14.51 302.41  11.44  0.19 18.57 306.93   9.66  0.11 12.62 313.39  10.32
20090324 090000  4.5 173.5  2.71 14.14 225.39  16.39  3  2.69 14.08 224.67  14.23  0.23 14.47 305.00  12.27  0.19 18.00 307.07   9.70
20090324 120000  5.2 197.7  2.63 14.00 225.47  16.07  3  2.61 13.94 224.73  13.75  0.23 14.41 304.94  12.41  0.20 17.85 307.35   9.62
20090324 150000  5.4 222.9  2.57 13.89 225.39  15.96  3  2.55 13.85 224.61  13.49  0.22 14.30 304.88  12.25  0.20 17.79 307.27  10.04
20090324 180000  5.8 230.5  2.56 13.92 225.21  15.93  3  2.54 13.91 224.40  13.36  0.22 14.03 304.74  12.04  0.21 17.76 307.25  10.08
20090324 210000  5.3 221.8  2.62 15.39 224.77  15.76  3  2.60 15.40 223.98  13.18  0.22 17.73 307.39   9.66  0.21 13.75 304.81  11.95
20090325 000000  4.8 185.3  2.70 15.27 224.37  15.43  3  2.68 15.28 223.61  12.88  0.23 17.66 307.28   9.92  0.21 13.65 304.91  12.12
20090325 030000  5.4 195.6  2.78 15.05 224.24  15.11  3  2.76 15.06 223.54  12.68  0.23 17.46 307.59  10.12  0.20 13.59 305.78  11.70
20090325 060000  7.1 196.0  2.85 14.72 224.12  15.16  3  2.83 14.75 223.49  12.95  0.23 16.91 308.17  10.29  0.20 13.55 306.27  11.55
20090325 090000  4.3 186.3  2.88 14.68 224.43  15.23  3  2.86 14.70 223.82  13.13  0.22 16.71 308.81  10.29  0.20 13.50 305.94  12.13
20090325 120000  3.4 177.5  2.87 14.62 225.13  15.16  3  2.86 14.64 224.51  13.05  0.22 16.64 309.30  10.19  0.20 13.43 305.95  12.29
20090325 150000  5.7 219.4  2.87 14.51 225.83  15.38  3  2.85 14.52 225.20  13.25  0.23 16.61 309.45  10.27  0.19 13.35 306.13  12.37
20090325 180000  8.3 221.0  2.91 14.41 226.31  16.32  3  2.89 14.42 225.67  14.34  0.24 16.57 308.86  11.19  0.18 13.23 307.40  11.48
20090325 210000  8.1 210.5  2.96 14.32 226.36  17.78  3  2.94 14.33 225.71  16.00  0.26 16.53 308.59  11.83  0.18 13.09 307.02  12.33
20090326 000000  5.1 204.7  2.95 14.16 226.59  18.75  3  2.93 14.16 225.93  17.04  0.26 16.42 308.56  11.97  0.17 12.92 309.03  11.47
20090326 030000  7.5 197.2  2.89 13.90 226.97  19.12  4  1.54  7.48 220.17  25.30  2.43 13.90 228.57  12.30  0.26 16.10 310.53  10.70  0.16 12.83 308.64  11.39
20090326 060000  7.4 191.1  2.81 13.74 227.19  19.41  2  2.79 13.75 226.52  17.70  0.30 15.68 310.94  10.71
20090326 090000  4.9 186.5  2.71 13.64 227.89  19.13  4  2.36 13.64 229.46  12.80  1.30  7.18 219.02  25.84  0.26 15.56 312.52  10.05  0.14 12.68 309.20  11.16
20090326 120000  6.7 196.8  2.69 13.58 228.26  18.84  3  2.67 13.58 227.54  16.92  0.26 15.52 312.90   9.79  0.14 12.63 309.30  11.29
20090326 150000  5.2 216.2  2.73 13.60 228.26  18.87  3  2.19 13.59 229.25  12.72  1.60  8.56 224.04  22.44  0.31 15.49 311.58  10.86
20090326 180000  7.1 225.1  2.76 13.73 228.32  18.94  3  1.76  8.68 224.85  21.22  2.10 13.70 229.35  12.74  0.32 15.47 311.18  11.17
20090326 210000  6.1 216.6  2.72 13.74 228.25  19.37  3  2.09 13.71 229.20  13.05  1.71  8.62 224.57  21.70  0.33 15.44 310.64  11.90
20090327 000000  3.9 204.4  2.64 13.59 228.25  19.63  3  2.04 13.56 228.88  12.79  1.63  8.49 224.71  22.26  0.33 15.34 311.69  10.81
20090327 030000  2.1 200.6  2.53 13.41 228.13  19.69  3  1.99 13.39 228.15  12.86  1.52  8.45 225.22  22.26  0.33 15.12 312.66  10.28
20090327 060000  2.8 192.3  2.45 13.22 227.89  19.66  3  1.95 13.20 227.58  12.65  1.44  8.53 225.28  22.24  0.33 14.72 313.45   9.91
20090327 090000  2.4 182.1  2.39 13.08 227.43  19.49  2  2.36 13.06 226.29  16.31  0.33 14.58 313.92   9.67
20090327 120000  4.1 202.3  2.36 13.03 226.75  19.26  2  2.34 13.00 225.57  15.88  0.33 14.53 313.93   9.72
20090327 150000  3.8 218.2  2.35 13.02 226.09  19.05  2  2.32 13.00 224.84  15.37  0.34 14.51 312.76  11.39
20090327 180000  5.3 216.9  2.34 12.96 225.73  18.93  2  2.32 12.94 224.39  14.92  0.35 14.48 312.36  11.64
20090327 210000  7.6 210.3  2.36 12.91 225.34  19.39  3  0.54  3.45 217.36  29.86  2.26 12.88 224.27  13.85  0.36 14.44 312.14  11.81
20090328 000000  5.0 197.3  2.32 12.91 225.15  20.21  2  2.29 12.87 223.63  15.92  0.37 14.39 312.33  11.64
20090328 030000  6.3 191.2  2.23 12.89 225.58  20.53  2  2.20 12.84 223.91  15.88  0.37 14.30 312.81  11.22
20090328 060000  7.4 175.1  2.13 12.80 225.27  21.82  2  2.10 12.75 223.51  17.22  0.36 14.14 313.74  10.00
20090328 090000  7.0 190.0  2.02 12.73 225.49  22.34  3  1.99 12.68 223.60  17.57  0.35 13.78 314.39   9.53  0.06 17.76 292.84  12.71
20090328 120000  7.8 194.0  1.94 12.70 225.61  22.93  4  0.75  4.53 206.52  31.28  1.76 12.64 226.30  12.38  0.35 13.63 313.66  10.88  0.06 17.76 292.01  13.36
20090328 150000  7.0 194.9  1.89 12.69 225.88  23.91  4  0.85  4.52 209.01  30.55  1.65 12.63 227.16  12.34  0.35 13.58 313.23  11.34  0.06 17.74 290.14  11.19
20090328 180000  9.4 221.1  1.90 12.66 227.71  23.49  4  0.97  4.51 217.72  28.11  1.58 12.58 227.74  12.29  0.36 13.54 311.23  13.97  0.20 12.66 255.00   0.02
20090328 210000  7.2 213.8  1.93 12.50 229.20  24.13  4  1.06  4.88 222.31  29.02  1.56 12.55 228.30  12.64  0.37 13.52 311.23  13.44  0.24 11.83 255.00   0.00
20090329 000000  3.7 196.2  1.91 12.13 230.17  24.00  6  1.61 12.36 228.19  12.97  0.89  4.95 222.24  30.93  0.36 13.47 313.37  10.53  0.33 11.84 256.90   4.06  0.07 16.80 297.24  12.39  0.07 14.50 275.35   1.83
20090329 030000  4.5 191.3  1.96 11.95 230.35  22.62  5  0.71  4.87 221.06  31.70  1.75 12.04 227.91  13.20  0.37 11.80 258.29   4.85  0.36 13.44 312.64  11.81  0.09 16.66 296.11  12.63
20090329 060000  6.0 190.7  2.10 11.87 229.64  21.22  3  2.05 11.91 227.21  16.60  0.35 13.37 313.24  11.15  0.32 11.11 257.23   4.44
20090329 090000  5.6 186.8  2.28 11.88 228.39  19.96  2  2.26 11.81 227.03  16.30  0.34 13.25 313.47  11.13
20090329 120000  4.8 178.8  2.50 13.41 226.96  18.59  3  2.48 13.52 225.81  15.23  0.33 12.92 313.96  10.53  0.11 16.59 294.76  14.64
20090329 150000  5.3 197.6  2.86 13.82 224.97  16.85  3  2.84 13.97 224.13  14.05  0.33 12.81 311.65  14.26  0.09 16.59 296.38  13.89
20090329 180000  7.7 221.8  3.39 17.74 223.03  15.18  4  2.73 14.17 225.42  14.07  1.98 17.76 216.95   8.46  0.32 12.67 314.71   9.19  0.12 13.54 275.46   7.93
20090329 210000  7.8 210.3  3.85 17.38 222.15  14.68  2  3.83 17.39 221.75  13.08  0.32 12.66 313.48  10.84
20090330 000000  8.5 192.7  4.06 16.58 221.83  15.01  2  4.05 16.58 221.48  13.63  0.32 12.63 313.35  10.79
20090330 030000  7.9 185.9  4.15 16.16 221.86  15.64  2  4.14 16.17 221.52  14.40  0.31 12.61 313.19  10.65
20090330 060000  8.8 194.5  4.16 15.81 222.32  15.81  2  4.15 15.82 222.00  14.65  0.31 12.58 313.13  10.42
20090330 090000  7.7 182.9  4.13 15.75 222.77  16.16  2  4.12 15.75 222.46  15.08  0.30 12.55 313.19  10.26
20090330 120000  8.4 178.6  4.04 16.16 223.18  16.50  2  4.03 16.17 222.89  15.52  0.28 12.50 313.28  10.28
20090330 150000  8.3 203.5  3.91 16.17 223.70  16.34  2  3.90 16.17 223.43  15.41  0.27 12.40 314.28   9.38
20090330 180000 11.0 209.9  3.90 15.60 223.47  17.06  2  3.90 15.60 223.22  16.27  0.25 12.15 314.71   9.28
20090330 210000 11.1 199.8  3.92 15.33 222.73  18.93  3  2.07  7.17 217.19  27.63  3.33 15.33 224.38  12.53  0.23 11.96 315.43   8.96
20090331 000000 10.8 207.3  3.79 15.00 222.48  19.88  2  3.79 15.00 222.25  19.25  0.24 11.92 313.97  10.73
20090331 030000  9.0 184.6  3.65 14.52 222.08  20.82  3  3.64 14.52 221.80  20.12  0.21 11.88 314.33  10.94  0.13 16.51 310.37   9.38
20090331 060000  8.0 178.3  3.43 14.25 222.22  21.25  4  3.42 14.25 221.88  20.42  0.19 11.83 315.48   9.43  0.15 14.51 301.11  13.96  0.09 16.62 315.86   7.41
20090331 090000  8.2 174.4  3.19 13.80 222.01  21.73  5  2.26 13.78 224.39  13.66  2.24  8.66 218.55  25.80  0.19 11.81 315.54   9.35  0.16 14.53 301.38  14.20  0.09 16.61 315.97   7.46
20090331 120000  9.3 178.0  3.00 13.56 221.14  22.64  4  2.15  8.65 216.64  26.39  2.08 13.55 224.68  13.84  0.18 14.57 305.69  14.28  0.18 11.80 315.57   9.30
20090331 150000  9.3 185.3  2.83 13.32 220.35  23.38  4  2.06  8.51 214.70  26.42  1.92 13.32 225.36  14.44  0.18 11.81 315.07  10.06  0.18 14.75 309.56  11.35
20090331 180000 11.2 208.8  2.79 12.91 220.25  22.97  4  2.14  8.17 215.76  24.89  1.76 12.91 225.35  14.63  0.18 15.19 310.90  10.83  0.17 11.79 315.53   9.50
20090331 210000 12.0 205.4  2.87 12.73 220.15  23.33  3  2.86 12.74 219.70  22.29  0.18 15.30 310.74  12.12  0.17 11.76 315.50   9.66
20090401 000000  9.6 197.6  2.73 12.60 220.31  24.50  4  2.28  7.52 217.39  25.99  1.50 12.61 225.02  14.79  0.18 15.31 312.42  11.09  0.16 11.71 315.32   9.90
