Date     Time   Uabs UDir  hs    tp    th     sp     np hs(i) tp(i) th(i)  sp(i)
19820401 000000  5.3 191.6  2.42 13.74 218.02  24.00  5  2.36 13.77 214.92  16.36  0.35 17.82 303.73  10.87  0.34 15.41 302.94  10.20  0.22 13.48 311.14   7.06  0.10 10.96 317.77   7.34
19820401 030000  5.7 195.5  2.44 13.87 217.64  23.30  5  2.38 13.97 214.85  16.15  0.33 17.80 304.34  10.87  0.32 15.39 302.61  10.44  0.22 13.47 310.93   7.10  0.10 10.95 317.49   7.14
19820401 060000  6.7 188.8  2.48 13.95 217.20  22.49  5  2.43 14.05 214.71  15.77  0.32 17.77 305.34  10.97  0.28 13.57 307.04  10.45  0.25 15.45 303.58   9.64  0.10 10.88 317.30   7.31
19820401 090000  2.4 165.0  2.51 13.98 217.24  22.13  5  1.78 13.98 212.91  10.85  1.70 10.14 216.89  18.73  0.38 14.01 304.63  10.49  0.32 17.71 306.79   9.95  0.09 10.83 317.33   7.30
19820401 120000  3.8 327.9  2.54 14.08 217.58  22.27  3  2.48 13.95 214.84  14.65  0.39 17.26 304.67  10.22  0.37 14.24 306.24  10.39
19820401 150000  2.2 288.7  2.55 14.23 217.79  22.58  3  2.48 14.10 214.73  14.08  0.42 16.72 303.65  10.27  0.39 14.31 306.30  10.14
19820401 180000  3.2 226.5  2.55 14.36 217.70  22.64  3  2.49 14.33 214.52  13.74  0.41 16.67 303.49  10.73  0.41 14.36 305.86   9.95
19820401 210000  3.0 242.4  2.53 14.44 217.33  22.37  3  2.47 14.47 214.18  13.31  0.41 16.63 303.47  10.89  0.40 14.37 306.01   9.98
19820402 000000  0.8 219.4  2.49 14.49 216.72  21.79  3  2.43 14.53 213.75  12.70  0.39 14.39 305.78   9.94  0.39 16.61 304.53  11.33
19820402 030000  2.7 291.4  2.45 14.56 216.20  21.26  3  2.39 14.58 213.37  12.09  0.39 16.55 305.18  10.96  0.36 14.33 306.23  10.10
19820402 060000  2.5 226.9  2.41 14.68 216.04  21.15  2  2.35 14.63 213.17  11.68  0.52 16.43 305.65  10.52
19820402 090000  1.4 271.5  2.37 15.13 216.20  21.46  3  2.31 14.72 213.10  11.30  0.45 15.98 304.05  10.74  0.30 13.31 307.92   8.85
19820402 120000  2.7 223.0  2.34 15.34 216.56  22.01  4  2.27 14.87 213.10  10.94  0.45 15.61 303.75  10.49  0.32 13.33 306.96   9.46  0.08 21.77 290.05  13.40
19820402 150000  4.3 215.2  2.30 15.34 216.87  22.49  4  2.23 15.01 213.15  10.93  0.45 15.54 303.36  10.68  0.33 13.34 306.73   9.48  0.09 21.74 290.55  13.83
19820402 180000  7.2 216.7  2.26 15.30 217.12  22.89  4  2.19 15.03 213.33  11.55  0.44 15.50 303.26  10.90  0.33 13.34 306.55   9.55  0.10 21.71 293.35  15.62
19820402 210000  8.8 202.8  2.28 15.27 216.65  23.45  5  0.74  3.72 214.84  30.05  2.08 14.94 212.91   9.61  0.41 15.52 302.98  11.61  0.35 13.46 306.95   9.19  0.09 21.68 294.12  15.82
19820403 000000  5.8 211.2  2.25 15.20 216.34  23.82  5  2.19 14.71 212.94  14.73  0.42 15.45 303.44  12.01  0.30 13.34 307.43   8.60  0.09 21.43 290.25  13.18  0.06 19.12 317.44   6.74
19820403 030000  8.7 192.9  2.20 15.10 215.75  24.02  4  0.87  4.41 210.55  30.64  1.95 14.59 212.72   9.41  0.50 15.39 305.03  11.26  0.13 20.39 293.19  14.60
19820403 060000  8.9 176.2  2.17 15.00 214.07  25.46  3  2.11 14.65 210.78  17.58  0.47 15.27 304.80  11.11  0.17 20.29 293.81  17.07
19820403 090000  7.2 179.6  2.08 14.98 214.42  25.65  5  0.94  4.86 205.16  33.35  1.80 15.06 212.32   9.01  0.45 14.85 304.22  10.93  0.17 20.31 291.81  15.57  0.09 17.88 318.47   7.50
19820403 120000  8.8 181.6  2.03 14.95 214.22  25.96  5  0.94  5.06 204.26  32.61  1.73 15.20 212.31   8.99  0.44 14.59 303.83  10.83  0.17 20.33 290.69  15.58  0.11 17.94 317.60   6.95
19820403 150000  9.0 194.3  2.08 14.80 214.38  25.77  5  1.17  5.05 208.74  28.73  1.65 15.16 212.12   8.77  0.44 14.51 303.69  10.97  0.16 20.31 291.72  16.00  0.12 17.89 317.21   6.73
19820403 180000 10.9 202.0  2.21 14.63 215.87  25.66  5  1.47  5.70 214.07  26.66  1.58 14.95 212.03   8.42  0.43 14.47 303.51  11.29  0.16 20.13 292.38  14.32  0.14 17.80 316.81   6.26
19820403 210000 10.3 207.9  2.39 14.50 217.41  25.76  5  1.81  6.52 216.92  25.51  1.48 14.58 211.96   8.03  0.42 14.45 303.15  11.24  0.18 19.34 287.52  13.79  0.18 17.79 316.33   7.13
19820404 000000  6.5 197.2  2.44 14.43 217.93  26.28  4  1.97  7.20 216.81  25.34  1.34 14.44 212.58   7.78  0.40 14.42 302.88  11.58  0.29 18.94 300.00  17.87
19820404 030000  9.0 195.2  2.37 14.38 217.96  26.50  5  1.94  7.49 216.45  25.19  1.27 14.37 212.86   7.78  0.38 14.39 302.73  11.78  0.27 18.97 293.08  15.92  0.15 16.68 318.36   7.31
19820404 060000  7.8 185.1  2.24 14.36 217.79  27.00  5  1.84  7.50 215.64  25.40  1.19 14.37 213.44   7.91  0.36 14.35 302.90  11.91  0.25 19.00 291.51  15.55  0.18 16.78 317.26   6.71
19820404 090000  6.7 174.9  2.09 14.36 218.45  27.28  6  1.71  7.49 215.89  25.10  1.12 14.37 214.20   8.06  0.35 14.28 303.45  11.99  0.21 16.79 316.24   7.20  0.19 19.00 282.14  11.36  0.14 19.02 309.36   5.37
19820404 120000  4.3 166.9  1.95 14.29 219.95  27.26  6  1.60  7.51 216.89  23.93  1.01 14.32 215.58   8.19  0.33 13.95 303.49  12.07  0.23 18.93 293.73  15.83  0.22 16.66 316.73   6.30  0.10 21.26 214.64   7.13
19820404 150000  4.3 224.4  1.83 13.90 221.93  27.04  7  1.48  7.53 218.47  22.44  0.96 13.99 216.70   8.39  0.31 13.66 302.32  11.46  0.25 16.62 314.58   9.46  0.18 18.55 280.78   9.86  0.15 18.81 311.57   4.95  0.13 20.69 214.46   6.76
19820404 180000  7.2 213.1  1.77 13.66 223.36  27.20  6  1.41  7.51 219.18  21.64  0.92 13.68 217.67   8.63  0.30 13.57 302.03  11.87  0.30 16.53 314.48   7.36  0.25 19.55 218.86   9.22  0.24 17.84 282.99  10.11
19820404 210000  6.4 211.6  1.73 13.58 224.23  28.08  5  1.35  7.43 219.04  22.06  0.90 13.59 218.57   9.01  0.41 17.70 300.14  18.17  0.30 19.18 217.80   7.88  0.30 13.53 301.96  12.20
19820405 000000  2.2 237.7  1.68 13.47 225.02  29.05  6  1.27  7.25 218.92  22.62  0.89 13.45 219.18   9.29  0.38 18.90 217.55   8.32  0.37 17.72 293.82  16.76  0.31 13.53 302.27  12.59  0.22 15.58 317.87   7.38
19820405 030000  5.5 210.3  1.65 13.25 225.94  29.60  6  1.20  6.91 219.42  22.90  0.88 13.09 219.62   9.82  0.47 18.55 217.88   7.92  0.34 17.75 292.01  16.78  0.31 13.57 303.23  12.95  0.26 15.66 317.10   6.73
19820405 060000  6.0 189.0  1.64 12.97 225.62  29.85  7  1.15  6.70 218.63  23.59  0.88 12.86 220.29  10.26  0.57 18.00 218.18   8.43  0.32 13.65 304.36  13.17  0.28 15.70 315.95   7.31  0.24 17.75 282.01  11.43  0.20 17.78 309.96   5.06
19820405 090000  2.5 180.5  1.65 17.71 225.76  29.20  5  1.11  6.57 219.04  23.43  0.91 12.76 220.97  10.58  0.64 17.83 218.29   8.38  0.42 15.43 310.54  12.23  0.30 17.69 295.01  15.75
19820405 120000  3.0 213.8  1.69 17.40 226.00  27.96  6  1.08  6.62 220.04  22.42  0.92 12.66 221.25  10.99  0.76 17.52 219.06   8.31  0.43 15.42 308.97  12.24  0.21 17.61 311.77   5.30  0.19 17.11 277.38   8.89
19820405 150000  5.6 223.8  1.78 16.83 225.91  26.70  5  1.06  6.69 220.55  21.73  0.97 12.46 221.89  11.31  0.91 17.03 218.90   8.19  0.45 15.39 311.16  10.56  0.27 16.71 282.71  10.25
19820405 180000  6.7 218.9  1.90 16.73 225.26  25.67  5  1.03  6.65 220.57  22.26  1.22 16.91 217.98   8.22  0.89 12.14 224.20  11.61  0.46 14.91 311.60  10.44  0.30 16.63 282.34  10.48
19820405 210000  6.4 213.3  2.05 16.67 224.44  24.73  5  0.98  6.53 220.44  23.44  1.40 16.81 217.79   8.21  0.99 12.09 223.80  11.75  0.46 16.53 298.10  17.67  0.33 14.34 311.94  12.12
19820406 000000  6.1 178.7  2.20 16.53 223.17  24.00  5  0.92  6.36 217.79  25.99  1.51 16.53 217.87   8.66  1.18 13.30 222.08  11.04  0.40 14.51 313.25  10.83  0.40 16.59 293.82  16.93
19820406 030000  7.1 193.7  2.33 16.36 222.20  23.04  4  0.87  6.10 215.24  27.38  2.08 16.29 219.27   9.63  0.42 14.48 313.45  10.67  0.38 16.58 294.67  17.26
19820406 060000  6.9 180.6  2.43 16.18 221.43  22.40  5  0.87  5.89 211.87  28.91  2.20 16.06 219.28   9.50  0.41 14.41 312.69  11.28  0.26 16.49 312.20   5.43  0.25 16.57 281.16  12.18
19820406 090000  7.6 191.2  2.49 15.78 221.25  21.73  4  0.86  5.46 211.40  28.99  2.28 15.74 219.37   9.41  0.43 14.43 313.67  10.75  0.32 16.48 297.07  14.51
19820406 120000  7.3 178.1  2.52 15.60 221.11  21.70  3  0.86  4.94 210.13  30.38  2.31 15.61 219.45   9.38  0.53 15.46 307.50  14.79
19820406 150000  6.9 199.6  2.52 15.56 221.68  21.30  4  0.82  4.96 213.37  30.04  2.32 15.59 219.61   9.44  0.49 15.21 312.04  10.14  0.22 15.63 280.03   8.53
19820406 180000 10.9 206.0  2.64 15.50 221.70  21.58  5  1.12  4.59 215.06  27.18  2.33 15.52 220.09   9.87  0.35 13.58 313.55  10.71  0.33 15.49 310.66   8.73  0.24 15.55 279.69   8.40
19820406 210000  9.7 204.4  2.74 15.42 222.10  22.57  5  1.33  5.22 216.69  28.71  2.33 15.42 220.66  10.38  0.35 13.49 314.98  10.06  0.30 15.48 284.58  13.34  0.29 15.44 313.23   6.06
19820407 000000  6.9 197.1  2.71 15.35 222.60  23.11  3  1.31  5.50 217.17  30.21  2.31 15.34 221.11  10.75  0.54 15.39 306.05  16.87
19820407 030000  6.5 189.3  2.65 15.29 223.15  22.95  3  2.60 15.28 220.78  17.30  0.48 15.10 312.77   9.41  0.21 15.51 275.18   9.87
19820407 060000  5.5 188.4  2.57 15.22 223.88  22.35  3  2.52 15.22 221.54  16.46  0.50 15.22 308.44  14.82  0.07 17.90 317.76   6.73
19820407 090000  4.3 179.2  2.49 15.09 224.29  21.77  3  2.44 15.10 221.99  15.74  0.48 14.98 309.11  14.30  0.08 17.84 316.42   8.68
19820407 120000  5.8 181.6  2.42 14.76 224.39  21.35  3  2.37 14.79 222.14  15.23  0.46 14.54 309.65  13.75  0.07 17.86 315.75   8.52
19820407 150000  3.9 205.1  2.34 14.58 224.55  21.12  2  2.29 14.60 222.30  14.84  0.45 14.41 310.34  12.98
19820407 180000  7.6 216.4  2.30 14.48 224.77  21.02  2  2.25 14.50 222.47  14.59  0.45 14.36 309.75  14.07
19820407 210000  7.6 198.7  2.30 14.41 224.03  21.97  3  1.20  7.52 223.11  26.38  1.91 14.44 221.26   9.00  0.45 14.31 309.80  14.21
19820408 000000  4.6 202.5  2.27 14.39 223.99  22.40  3  1.84 14.42 221.35   8.97  1.24  6.92 222.52  26.38  0.44 14.28 309.83  14.33
19820408 030000  4.7 182.4  2.22 14.39 224.35  22.33  3  1.80 14.43 221.59   9.03  1.23  6.85 223.01  25.75  0.44 14.25 310.01  14.32
19820408 060000  4.9 177.2  2.21 14.38 224.58  21.82  3  1.79 14.42 221.96   8.99  1.22  6.94 223.08  24.66  0.43 14.21 310.41  14.07
19820408 090000  1.7 174.7  2.23 14.37 224.79  20.92  3  1.84 14.42 222.38   9.20  1.20  7.09 223.28  23.10  0.43 14.14 311.00  13.71
19820408 120000  3.1 170.9  2.31 14.32 224.87  19.91  3  1.94 14.39 222.61   9.55  1.18  7.36 223.72  21.46  0.42 13.91 312.25  12.21
19820408 150000  1.8 295.9  2.40 14.09 225.01  19.27  3  2.04 14.12 223.06   9.90  1.21  7.57 223.49  20.25  0.42 13.92 312.36  12.49
19820408 180000  3.5 262.6  2.49 13.98 225.29  18.78  2  2.46 13.98 223.55  13.03  0.43 13.98 312.78  11.89
19820408 210000  2.4 230.2  2.56 13.97 225.66  18.53  2  2.52 13.95 223.99  12.94  0.43 14.05 313.31  11.09
19820409 000000  0.7 261.8  2.57 13.92 226.12  18.47  2  2.53 13.90 224.46  12.95  0.43 14.08 313.60  10.92
19820409 030000  2.5 213.6  2.54 13.95 226.62  18.56  2  2.50 13.94 224.96  13.06  0.42 14.06 314.65   9.45
19820409 060000  5.2 184.2  2.49 14.22 226.83  19.06  2  2.46 14.28 225.11  13.56  0.42 13.75 314.86   9.37
19820409 090000  2.9 161.8  2.43 14.22 227.05  19.56  2  2.39 14.27 225.20  13.81  0.43 13.59 314.87   9.34
19820409 120000  3.0 167.4  2.39 14.12 227.20  19.88  2  2.35 14.19 225.18  13.65  0.44 13.52 314.76   9.22
19820409 150000  3.6 297.6  2.36 13.93 227.12  20.28  3  2.32 14.07 224.89  13.49  0.40 13.48 315.74   8.88  0.21 15.62 309.86   8.87
19820409 180000  3.3 250.6  2.35 13.79 227.12  20.92  3  2.30 13.89 224.71  13.85  0.41 13.44 315.28   9.92  0.22 15.58 309.91   9.04
19820409 210000  2.2 229.5  2.32 13.70 226.82  20.96  3  2.27 13.76 224.31  13.41  0.41 13.37 316.29   8.60  0.24 15.54 309.86   9.15
19820410 000000  1.2 187.2  2.29 13.66 226.50  20.89  3  2.24 13.74 223.95  12.94  0.41 13.28 316.62   8.06  0.24 15.55 310.73   9.17
19820410 030000  4.0 215.6  2.27 13.62 226.05  20.80  3  2.22 13.70 223.50  12.63  0.41 13.14 316.19   8.39  0.22 15.59 312.32   8.88
19820410 060000  6.4 179.0  2.26 13.57 225.09  21.29  3  2.21 13.63 222.53  13.28  0.42 12.91 316.42   8.31  0.20 15.64 311.14   7.68
19820410 090000  3.1 172.3  2.22 13.53 224.78  21.79  2  2.17 13.57 222.02  13.28  0.47 12.79 315.29   8.52
19820410 120000  2.1 190.1  2.18 13.53 224.80  22.19  4  2.13 13.56 221.69  12.56  0.38 12.72 316.44   8.21  0.30 14.70 312.36   8.65  0.08 19.04 317.26   7.43
19820410 150000  4.8 215.2  2.16 13.99 224.60  22.71  4  2.10 13.70 221.20  12.23  0.36 12.57 316.68   9.37  0.35 14.54 311.98   8.25  0.10 19.00 316.81   7.71
19820410 180000  6.3 225.8  2.14 14.17 224.38  23.28  4  2.08 14.02 220.87  12.91  0.37 14.49 312.43   9.46  0.34 12.52 316.34   8.39  0.10 18.97 316.83   7.93
19820410 210000  4.8 210.4  2.07 14.14 224.19  24.03  3  2.01 14.03 220.49  13.46  0.38 14.49 313.27   8.70  0.34 12.49 316.27   8.39
19820411 000000  4.5 185.7  1.99 13.92 224.12  25.03  5  1.92 13.80 219.81  13.46  0.35 12.50 316.36   7.29  0.33 14.56 313.36   9.02  0.16 13.62 262.59  10.60  0.15 17.83 316.89   7.42
19820411 030000  4.9 198.9  1.92 13.65 224.41  26.00  6  1.83 13.64 219.48  13.57  0.36 12.51 316.32   8.35  0.32 14.58 313.57   7.79  0.21 13.07 260.25   7.17  0.18 17.75 316.80   7.53  0.06 23.44 216.19   7.37
19820411 060000  9.9 182.3  1.98 13.50 221.90  27.93  5  1.89 13.51 216.84  17.34  0.47 14.26 315.18   8.14  0.28 12.66 259.10   6.87  0.18 17.74 316.72   7.76  0.07 23.20 216.48   8.23
19820411 090000  5.9 168.1  1.98 13.38 221.97  29.23  5  1.88 13.40 216.49  19.37  0.48 14.04 315.13   8.27  0.34 12.11 260.07   5.61  0.16 17.70 315.80   7.52  0.09 22.59 216.38   8.14
19820411 120000  4.2 174.4  1.93 13.20 224.29  28.80  5  1.80 13.17 217.53  17.25  0.47 13.83 314.68   8.22  0.44 11.80 258.49   7.21  0.19 16.82 317.66   7.30  0.10 22.03 216.66   8.21
19820411 150000  4.6 227.4  1.92 12.99 225.66  28.83  5  1.78 12.95 217.84  15.64  0.50 11.54 259.44   6.86  0.46 13.76 314.48   8.34  0.27 16.58 316.78   7.37  0.10 21.95 219.02   6.31
19820411 180000  5.2 213.3  1.95 13.04 226.18  29.03  4  1.78 12.94 217.29  14.86  0.59 11.10 258.56   7.99  0.47 13.71 314.41   8.39  0.28 16.58 316.68   7.56
19820411 210000  6.9 219.0  2.02 13.19 225.43  29.03  5  1.83 13.09 216.52  15.27  0.62 10.77 259.11   8.29  0.48 13.66 314.44   8.42  0.27 16.56 316.51   7.66  0.15 20.67 218.94   6.36
19820412 000000  3.6 187.0  2.05 13.45 224.48  29.12  6  1.57 13.04 217.71  16.71  1.01 15.12 210.48   9.41  0.63 10.41 260.17   8.36  0.47 13.59 314.65   8.40  0.27 16.36 315.83   7.92  0.13 20.78 217.02   5.83
19820412 030000  3.8 215.0  2.06 15.09 224.09  29.25  4  1.87 15.05 214.75  14.40  0.65 10.26 260.42   8.42  0.46 13.45 315.22   8.28  0.31 15.63 314.73   8.32
19820412 060000  4.6 201.5  2.04 15.02 224.34  29.57  4  1.85 14.49 214.28  13.28  0.67  9.98 260.83   8.39  0.45 13.38 314.71   8.77  0.34 15.52 315.85   7.58
19820412 090000  4.6 156.5  2.02 14.11 224.08  30.46  5  1.79 14.31 212.75  13.31  0.72 10.07 259.44   9.37  0.45 13.38 314.41   8.35  0.34 15.52 316.55   8.24  0.18 19.41 217.17   5.72
19820412 120000  1.6 143.6  1.95 13.99 224.88  30.91  4  1.69 14.18 213.56  10.44  0.80 10.73 249.87  28.84  0.46 13.37 314.43   8.33  0.33 15.51 316.25   8.76
19820412 150000  3.9 234.6  1.88 14.07 225.98  31.03  4  1.66 14.15 213.48  11.54  0.70  9.97 260.91   9.86  0.45 13.30 314.29   8.57  0.33 15.39 316.28   8.02
19820412 180000  5.1 227.3  1.85 14.12 226.34  31.14  3  1.63 14.10 213.59  10.70  0.69  9.77 260.77  10.45  0.56 14.27 314.90   8.61
19820412 210000  7.8 207.8  1.91 14.12 225.52  30.97  5  0.53  3.09 219.08  29.36  1.62 13.98 213.92  10.58  0.65  9.73 259.51  12.78  0.44 14.40 315.09   8.78  0.36 12.50 314.70   8.37
19820413 000000  5.6 200.2  1.98 14.05 225.64  30.47  6  0.56  3.56 217.62  32.93  1.70 13.77 215.54  12.25  0.59  9.52 263.05   8.18  0.42 14.47 315.73   9.02  0.37 12.55 313.83   8.49  0.17 13.85 246.30   3.79
19820413 030000  6.6 190.3  2.11 13.73 227.07  29.12  4  1.97 13.59 219.75  18.10  0.53  9.37 264.91   7.85  0.43 14.46 314.63   9.20  0.34 12.48 315.22   8.33
19820413 060000  6.9 169.2  2.35 13.37 227.62  27.77  5  0.51  3.20 183.83  31.65  2.01 13.58 221.11  16.99  0.95 12.14 247.94  10.54  0.40 14.43 315.50   9.37  0.36 12.56 313.89   8.52
19820413 090000  5.9 168.4  2.55 13.01 227.11  26.23  3  2.49 12.97 224.55  21.04  0.52 14.29 314.83   8.88  0.15 20.40 216.22   8.09
19820413 120000  5.0 167.6  2.59 12.80 225.89  25.39  3  2.54 12.49 223.57  20.39  0.50 13.78 314.74   9.20  0.11 20.49 215.84   5.58
19820413 150000  4.5 195.3  2.49 13.22 224.63  25.04  3  2.43 13.10 222.27  19.67  0.49 13.54 314.76   9.31  0.20 19.41 217.57   5.38
19820413 180000  8.6 211.4  2.41 13.38 222.50  24.85  3  2.35 13.30 220.15  19.30  0.47 13.51 314.72   9.48  0.28 19.09 219.48   5.97
19820413 210000  8.8 206.7  2.48 13.52 220.56  24.68  3  2.43 13.54 218.50  19.68  0.45 13.50 314.38  10.13  0.25 19.14 217.24   5.56
19820414 000000  7.0 193.8  2.61 13.67 218.13  24.42  2  2.58 13.88 216.40  20.04  0.44 13.48 314.18  10.36
19820414 030000  4.6 182.6  2.67 13.94 217.19  23.39  3  2.59 14.45 215.60  19.55  0.49 17.99 217.29   6.13  0.42 13.46 313.91  10.75
19820414 060000  6.3 177.5  2.67 15.06 216.20  22.03  3  2.09 15.19 211.26   8.54  1.61  7.91 221.38  25.93  0.41 13.41 313.74  10.81
19820414 090000  5.5 170.2  2.65 15.84 215.22  20.81  3  2.16 15.91 211.35   8.52  1.49  7.96 219.93  25.67  0.39 13.34 313.50  11.12
19820414 120000  2.7 182.5  2.66 16.07 215.05  19.46  3  2.22 16.08 211.66   8.89  1.41  8.12 219.98  24.18  0.37 13.20 313.68  10.67
19820414 150000  6.6 197.8  2.69 15.78 215.08  18.42  3  1.47  8.35 219.41  22.47  2.22 15.80 211.92   8.46  0.35 12.96 313.28  11.16
19820414 180000  9.1 210.1  2.73 15.41 215.20  18.07  3  1.56  8.36 218.46  21.89  2.21 15.43 212.35   8.44  0.34 12.84 312.39  12.31
19820414 210000 10.4 204.2  2.87 15.18 215.29  18.96  3  1.85  7.93 217.05  22.89  2.17 15.20 212.80   8.52  0.33 12.79 311.74  12.82
19820415 000000  5.2 198.8  2.94 15.05 215.20  20.19  3  2.11 15.07 212.92   8.30  2.02  7.48 216.41  24.52  0.32 12.76 311.00  13.45
19820415 030000  6.6 192.6  2.81 14.90 215.76  19.87  3  1.88  7.59 217.56  24.48  2.07 14.91 213.16   8.29  0.31 12.74 310.56  13.74
19820415 060000  5.8 163.0  2.63 14.78 215.67  19.18  4  2.07 14.79 213.42   8.53  1.61  7.49 217.62  24.76  0.27 12.73 315.30   8.34  0.12 14.72 286.08   9.87
19820415 090000  3.8 139.9  2.48 14.65 215.67  18.13  3  2.06 14.66 214.03   8.98  1.35  7.38 217.22  24.58  0.28 12.73 311.69  12.47
19820415 120000  4.3 172.4  2.40 14.49 215.67  17.03  3  2.07 14.50 214.05   9.17  1.20  7.38 217.89  23.45  0.27 12.73 311.58  12.54
19820415 150000  3.8 203.4  2.40 14.40 215.64  15.97  3  2.39 14.41 214.96  13.16  0.24 12.64 314.76   8.91  0.11 14.31 283.06   8.89
19820415 180000 10.2 207.2  2.56 14.38 215.22  16.48  2  2.55 14.40 214.62  14.19  0.26 12.84 307.66  15.52
19820415 210000  9.1 206.2  2.73 14.51 215.21  17.64  4  1.60  7.20 215.66  23.85  2.19 14.54 214.14   8.82  0.26 12.84 305.64  16.43  0.07 20.33 301.79  10.13
19820416 000000  8.3 196.2  2.79 14.86 215.15  18.33  5  1.66  6.78 215.20  25.27  2.23 14.92 214.28   8.76  0.25 12.75 306.05  16.31  0.09 16.61 281.72   9.05  0.08 20.33 302.43  10.22
19820416 030000  7.2 184.7  2.77 15.02 215.14  18.45  6  1.53  6.78 213.95  26.79  2.29 15.05 214.84   9.28  0.20 12.39 315.39   8.53  0.14 14.09 286.65  11.44  0.11 16.60 281.11   9.00  0.07 20.33 302.86  10.02
19820416 060000  7.1 187.5  2.67 15.06 215.60  17.63  5  1.37  6.70 214.84  26.68  2.27 15.08 215.11   9.31  0.19 12.37 315.30   8.60  0.13 14.00 284.97  11.11  0.12 16.59 286.15  13.43
19820416 090000  5.9 178.7  2.56 15.03 215.96  17.00  4  1.23  6.53 215.29  26.47  2.23 15.04 215.46   9.48  0.21 12.46 310.17  13.93  0.14 16.59 287.01  13.20
19820416 120000  6.6 181.2  2.44 14.82 216.37  16.76  5  1.07  6.33 214.87  27.17  2.18 14.84 216.01   9.79  0.19 12.34 312.79  10.60  0.12 16.58 280.87   8.42  0.10 19.03 303.61   9.25
19820416 150000  6.6 189.0  2.35 14.66 216.60  17.19  6  1.04  6.12 214.85  27.86  2.09 14.67 216.06   9.24  0.16 11.87 316.65   7.66  0.14 19.00 298.97  12.48  0.13 13.35 288.12  12.02  0.11 10.38 273.69   8.60
19820416 180000  7.8 223.4  2.27 14.61 217.85  17.28  7  1.04  5.99 218.21  25.99  2.00 14.61 216.63   9.65  0.15 11.80 316.44   7.77  0.14 10.13 271.68   8.80  0.13 13.27 288.29  11.54  0.13 19.00 302.24  10.62  0.08 15.71 282.17   8.00
19820416 210000  8.0 213.7  2.25 14.60 218.76  18.18  5  1.13  5.47 219.98  26.27  1.93 14.59 217.37  10.56  0.20 13.06 301.66  17.49  0.12 19.00 302.01  11.15  0.11 15.56 281.82   9.24
19820417 000000  7.3 189.3  2.20 14.55 218.52  19.31  6  1.14  5.48 217.88  28.48  1.86 14.53 217.06   8.99  0.21  9.54 269.13   7.71  0.20 13.14 300.83  17.70  0.14 15.52 280.35  10.27  0.10 18.99 302.32  11.09
19820417 030000  6.5 174.0  2.14 14.48 218.26  20.04  6  1.08  5.50 215.41  30.06  1.81 14.45 217.29   9.01  0.22  9.40 270.29   6.88  0.20 13.13 300.43  18.12  0.15 15.51 279.65  10.50  0.10 18.48 303.86   9.57
19820417 060000  7.4 183.9  2.04 14.47 218.43  20.21  6  0.95  5.43 213.56  30.70  1.76 14.43 217.29   8.92  0.27  9.06 267.31   8.43  0.19 12.66 300.44  18.62  0.15 15.51 280.08   9.36  0.14 17.80 303.78   9.32
19820417 090000  7.0 175.8  1.97 14.56 217.80  21.12  6  0.88  5.14 207.55  31.52  1.71 14.50 217.27   8.97  0.30  8.92 266.42   8.84  0.18 12.46 299.64  20.10  0.18 17.77 303.16   9.95  0.13 15.50 279.48   9.32
19820417 120000  9.2 172.7  1.91 14.79 216.71  22.57  6  0.83  4.63 198.60  33.37  1.68 14.70 217.64   9.88  0.28  8.63 268.86   7.99  0.19 17.76 302.30  10.82  0.17 12.54 301.39  19.47  0.11 15.50 279.62  10.29
19820417 150000 12.4 190.3  2.21 14.94 212.37  24.64  7  1.45  5.04 201.53  29.50  1.62 14.94 217.43   9.76  0.23  8.46 269.35   8.04  0.18 17.76 301.80  11.66  0.16 10.32 267.36   7.29  0.12 11.58 316.63   7.32  0.11 12.73 285.54  12.20
19820417 180000 12.5 196.8  2.59 16.11 213.39  24.21  6  2.06  6.38 210.52  28.28  1.56 16.12 216.63   8.90  0.14 17.76 301.73  11.92  0.11 11.45 315.32   7.82  0.10 12.54 281.23  10.46  0.09 14.73 284.20   8.06
19820417 210000 12.4 195.7  2.86 14.62 214.52  23.37  6  2.24  6.91 212.53  27.86  1.76 14.65 216.50   9.29  0.12 17.67 302.87  11.16  0.12 14.53 282.53   8.56  0.11 12.58 289.14  13.10  0.09 11.14 317.53   6.97
19820418 000000  9.5 173.0  3.07 14.17 216.23  22.78  4  3.06 14.05 215.86  22.08  0.15 14.49 282.34   9.47  0.14 16.76 304.32   9.27  0.13 12.39 300.80  17.11
19820418 030000 10.5 204.0  3.13 13.00 219.16  20.39  5  3.11 13.18 218.67  19.50  0.28 21.64 222.93   7.35  0.19 16.63 303.88   9.58  0.15 14.49 283.29   7.72  0.13 12.37 300.11  17.26
19820418 060000 11.1 179.3  3.17 12.08 218.80  21.23  4  3.12 12.07 218.23  20.48  0.47 20.50 223.39   9.02  0.22 16.61 303.22  10.26  0.17 14.49 289.48  14.52
19820418 090000 10.2 188.4  3.16 11.96 218.91  20.78  5  2.65 11.95 217.97  22.64  1.51 15.14 218.81  10.76  0.77 19.70 222.98   8.60  0.22 16.60 302.56  11.10  0.16 14.49 289.61  15.03
19820418 120000  8.4 177.7  3.19 15.05 219.65  19.55  5  2.47 11.62 218.16  22.69  1.73 15.07 220.53  10.93  1.01 19.14 222.30   8.67  0.20 16.60 302.13  11.99  0.13 14.48 289.23  14.93
19820418 150000  8.8 195.0  3.29 14.58 220.71  17.53  3  2.97 14.58 220.06  18.45  1.40 18.53 222.78   8.87  0.16 16.60 301.96  12.64
19820418 180000 10.5 206.5  3.48 17.66 221.48  16.18  3  3.06 14.51 220.94  17.26  1.65 17.86 222.82   9.49  0.15 16.52 302.86  11.38
19820418 210000 10.1 210.5  3.66 17.26 222.19  16.16  5  1.34  5.38 217.31  28.73  2.78 14.28 222.88  13.51  1.95 17.27 222.22   9.35  0.16 15.72 304.11  10.00  0.13 13.54 293.69  16.33
19820419 000000  3.4 198.0  3.59 16.42 222.84  15.59  3  3.58 16.44 222.56  14.80  0.20 15.56 304.38   9.45  0.15 13.55 289.48  15.65
19820419 030000  1.6 205.6  3.47 16.10 223.02  15.03  3  3.46 16.15 222.65  13.92  0.23 15.54 303.60  10.22  0.16 13.54 288.67  14.63
19820419 060000  4.5 185.7  3.34 15.60 222.85  14.84  3  3.33 15.62 222.44  13.57  0.24 15.53 303.01  10.78  0.16 13.54 288.36  14.18
19820419 090000  6.8 185.5  3.23 15.44 222.11  15.35  2  3.22 15.42 221.82  14.47  0.23 15.53 302.61  11.42
19820419 120000  6.4 180.1  3.14 15.37 221.23  15.85  3  3.13 15.35 220.89  14.90  0.20 15.53 302.32  12.11  0.14 13.54 288.85  15.02
19820419 150000  4.6 204.8  3.04 15.33 220.83  15.50  3  3.03 15.32 220.56  14.70  0.17 15.52 303.71  10.90  0.12 13.53 284.63  17.16
19820419 180000  7.3 199.6  2.99 15.29 220.16  15.32  2  2.98 15.29 219.96  14.69  0.18 15.40 302.78  11.64
19820419 210000 10.9 213.3  3.09 15.25 219.69  16.23  2  3.08 15.27 219.44  15.49  0.20 14.70 300.85  13.07
19820420 000000 12.6 188.6  3.31 15.21 217.32  18.99  3  1.71  5.82 213.29  30.25  2.83 15.26 218.25  10.76  0.22 14.58 301.11  12.44
19820420 030000 10.0 172.4  3.38 15.26 216.34  20.08  3  1.91  7.00 211.59  30.78  2.78 15.33 217.86   9.75  0.24 14.55 300.75  12.43
19820420 060000 10.2 168.6  3.39 15.31 215.80  20.37  4  1.94  7.57 210.14  30.95  2.77 15.37 217.77   9.36  0.22 14.54 302.80  10.92  0.11 12.64 289.08  14.68
19820420 090000  7.9 162.0  3.39 15.30 216.31  19.28  5  1.91  7.96 211.59  29.60  2.62 15.35 217.69   8.94  0.94 20.05 218.95   8.85  0.22 14.55 302.37  11.83  0.12 12.64 283.71  15.68
19820420 120000  6.5 173.1  3.33 15.25 217.34  17.02  5  2.49 15.30 217.86   8.86  1.75  8.03 214.58  27.18  1.33 19.02 218.11   8.74  0.21 14.56 301.86  12.66  0.11 12.64 280.98  14.75
19820420 150000  4.9 200.7  3.27 15.15 218.17  14.94  4  2.52 15.20 218.59   9.05  1.51  7.96 216.88  25.13  1.43 18.78 216.96   9.25  0.21 14.56 299.58  14.06
19820420 180000  7.9 227.7  3.25 17.69 218.92  13.62  4  1.39  7.89 220.85  23.36  2.38 15.00 218.49   9.07  1.70 17.98 217.80   8.35  0.20 14.55 300.00  14.18
19820420 210000  6.0 207.7  3.22 17.49 219.25  13.46  1  3.22 17.49 219.25  13.46
19820421 000000  4.5 215.0  3.15 17.26 219.42  13.25  2  3.15 17.26 219.20  12.38  0.20 13.88 303.50  12.18
19820421 030000  2.3 195.8  3.06 16.59 219.62  12.95  2  3.05 16.60 219.35  11.85  0.21 13.76 302.94  13.22
19820421 060000  3.2 193.9  2.95 16.39 219.83  12.69  2  2.95 16.40 219.52  11.37  0.22 13.76 303.55  13.18
19820421 090000  3.1 193.0  2.85 16.28 220.07  12.63  2  2.84 16.28 219.72  11.11  0.23 13.78 303.92  13.45
19820421 120000  1.4 190.9  2.75 16.01 220.31  12.69  3  2.74 16.03 219.86  10.72  0.21 13.81 301.72  13.27  0.12 20.17 314.29   8.02
19820421 150000  2.4 270.3  2.65 15.58 220.48  12.88  3  2.64 15.60 219.96  10.55  0.22 13.84 301.96  13.59  0.13 20.06 314.27   8.14
19820421 180000  5.3 240.0  2.58 15.46 220.77  13.60  3  2.57 15.47 220.17  11.09  0.21 13.85 302.07  13.84  0.15 19.78 314.31   8.15
19820421 210000  4.4 215.8  2.52 15.37 220.68  14.06  3  2.50 15.39 220.01  11.23  0.21 13.82 302.12  13.92  0.18 19.26 314.39   8.14
19820422 000000  2.8 198.9  2.46 15.23 220.46  14.46  3  2.44 15.25 219.68  11.15  0.20 19.01 314.45   8.15  0.20 13.71 302.35  13.75
19820422 030000  3.5 211.4  2.41 14.92 220.20  14.93  4  2.38 14.95 219.31  11.00  0.23 18.85 314.51   8.16  0.20 13.59 303.20  13.45  0.16 22.10 212.02   5.62
19820422 060000  4.2 193.3  2.37 14.73 219.72  15.63  4  2.33 14.76 218.75  11.04  0.30 20.89 211.86   5.91  0.25 18.65 314.61   8.18  0.21 13.52 304.00  13.39
19820422 090000  2.2 210.5  2.35 14.75 219.07  16.38  4  2.25 14.79 218.32  11.13  0.60 19.65 210.60   7.22  0.27 18.31 314.75   8.17  0.22 13.49 304.66  13.20
19820422 120000  2.1 209.6  2.36 14.96 218.29  16.95  4  2.17 14.99 217.54  11.19  0.85 19.02 212.42   7.58  0.30 18.04 314.83   8.21  0.22 13.45 305.01  12.95
19820422 150000  5.9 224.5  2.40 17.77 217.61  17.42  4  2.04 15.05 217.04  11.47  1.20 18.11 213.29   8.59  0.32 17.84 314.93   8.16  0.22 13.39 304.79  12.98
19820422 180000  7.0 215.9  2.47 17.51 217.31  18.12  3  2.43 17.50 215.71  11.60  0.35 17.61 314.96   8.13  0.21 13.24 305.86  11.95
19820422 210000  5.2 222.7  2.47 17.19 217.31  18.87  3  2.43 17.17 215.53  11.87  0.37 17.29 315.00   8.14  0.21 12.96 306.42  12.01
19820423 000000  0.8 279.8  2.43 16.54 217.38  19.55  3  2.38 16.49 215.33  11.55  0.40 17.03 315.02   8.24  0.21 12.82 307.01  12.21
19820423 030000  4.3 224.1  2.36 16.36 217.63  20.35  3  2.31 16.30 215.23  11.07  0.42 16.91 315.03   8.37  0.21 12.75 307.47  12.30
19820423 060000  7.4 190.3  2.28 16.11 217.73  21.70  3  2.23 15.96 214.93  11.53  0.45 16.79 315.10   8.42  0.21 12.71 307.19  12.65
19820423 090000  7.7 167.4  2.21 15.63 216.73  24.76  3  2.15 15.54 213.51  15.09  0.46 16.58 315.23   8.21  0.21 12.68 306.94  12.57
19820423 120000  6.1 156.0  2.11 15.46 216.61  27.14  3  2.05 15.38 212.79  16.99  0.48 16.27 315.22   8.26  0.20 12.65 306.76  12.46
19820423 150000  7.2 201.5  2.02 15.36 218.11  27.50  3  1.94 15.25 213.56  15.19  0.50 16.01 315.23   8.17  0.21 12.58 306.82  12.55
19820423 180000 10.1 204.7  2.02 15.24 219.22  28.32  4  0.82  3.74 207.86  30.65  1.76 15.03 215.55   9.54  0.52 15.93 315.18   8.25  0.21 12.47 307.37  12.63
19820423 210000  9.9 198.5  2.07 15.05 218.41  29.82  4  1.09  4.53 207.52  29.71  1.67 14.68 215.73   9.60  0.54 15.85 315.05   8.50  0.20 12.32 308.11  12.48
19820424 000000  7.9 200.2  2.03 14.83 218.50  30.81  4  1.10  4.88 206.73  29.88  1.60 14.57 215.88   9.65  0.55 15.72 314.82   8.93  0.20 12.16 308.51  12.31
19820424 030000  6.7 193.0  1.95 14.78 220.20  31.06  4  1.00  4.96 209.57  30.09  1.57 14.56 216.02   9.65  0.55 15.52 314.74   9.08  0.19 12.08 308.56  12.14
19820424 060000  8.5 185.0  1.91 14.75 220.17  31.56  4  0.95  4.90 207.28  30.44  1.55 14.54 216.22   9.82  0.56 15.35 314.79   8.80  0.18 12.00 309.21  11.54
19820424 090000  5.9 183.1  1.87 14.75 220.96  31.99  4  0.89  4.88 207.57  31.02  1.53 14.52 216.39   9.82  0.56 15.24 314.85   8.59  0.17 11.86 308.85  11.97
19820424 120000  7.0 171.7  1.81 14.81 221.88  32.69  4  0.83  4.92 207.24  31.83  1.50 14.53 216.65   9.89  0.58 15.16 314.70   8.69  0.15 11.69 310.94  10.57
19820424 150000  6.3 202.8  1.78 14.85 222.89  32.94  4  0.81  4.97 209.23  30.75  1.46 14.61 216.89   9.86  0.58 15.07 314.88   8.38  0.16 11.70 306.97  13.92
19820424 180000  7.3 208.0  1.76 14.74 223.96  32.58  4  0.86  5.20 213.44  28.50  1.42 14.62 217.20   9.85  0.57 14.89 314.65   8.85  0.17 11.68 307.33  13.24
19820424 210000  7.5 205.0  1.80 14.62 224.03  32.11  5  0.99  5.21 215.45  27.60  1.39 14.57 217.60  10.02  0.56 14.69 314.82   8.21  0.15 11.55 309.78  11.96  0.07 16.62 280.62   5.12
19820425 000000  5.8 194.7  1.83 14.52 224.55  31.69  4  1.05  5.46 217.41  27.87  1.36 14.50 217.36   9.04  0.58 14.55 313.72  10.09  0.22 11.73 252.64   7.93
19820425 030000  6.7 198.0  1.87 14.41 224.92  31.06  4  1.11  5.70 217.95  27.60  1.36 14.39 217.71   9.06  0.57 14.46 313.74  10.16  0.31 11.25 252.67   7.33
19820425 060000  5.9 179.1  1.93 14.33 226.16  30.21  5  1.14  6.00 219.12  27.37  1.38 14.30 218.57   9.59  0.55 14.39 314.65   8.50  0.45 10.95 252.46   7.76  0.07 16.60 280.46   5.14
19820425 090000  3.8 179.3  2.02 14.37 228.17  28.69  4  1.47 14.38 220.24  10.12  1.12  6.29 220.87  27.12  0.61 10.50 252.66   8.52  0.54 14.34 314.15   9.51
19820425 120000  4.5 170.1  2.17 14.28 229.65  26.34  4  1.68 14.28 222.49  10.48  0.94  6.26 216.40  26.20  0.85 10.15 251.44  12.87  0.52 14.28 314.61   8.51
19820425 150000  3.5 219.8  2.37 13.85 230.02  23.94  3  1.98 13.80 223.84  10.44  1.20  9.65 237.33  27.06  0.50 14.22 314.51   8.62
19820425 180000  6.6 210.5  2.55 13.55 229.29  22.36  2  2.50 13.51 227.04  16.89  0.49 14.15 314.10   9.41
19820425 210000  5.3 211.7  2.65 13.42 228.04  21.61  2  2.61 13.37 226.10  16.71  0.47 14.03 313.59  10.15
19820426 000000  2.2 234.9  2.69 13.40 226.68  21.08  4  2.30 13.31 227.21  17.51  1.32 15.91 218.17  10.13  0.45 13.78 313.03  10.81  0.06 18.98 317.54   7.08
19820426 030000  2.3 242.2  2.70 13.80 225.31  20.63  3  2.67 15.23 223.72  16.21  0.43 13.62 313.01  10.83  0.07 18.92 317.75   6.98
19820426 060000  4.0 205.9  2.69 15.05 223.98  20.17  3  2.63 15.11 221.43  14.11  0.42 13.52 313.14  10.73  0.40  8.86 272.97   7.75
19820426 090000  3.6 190.3  2.65 14.96 222.71  19.95  4  2.58 15.01 219.78  12.82  0.47  8.70 273.88   8.19  0.40 13.45 313.41  10.25  0.09 17.83 317.19   7.01
19820426 120000  4.4 188.2  2.57 14.87 221.82  19.89  4  2.51 14.92 219.28  13.37  0.39  8.48 272.70   7.57  0.38 13.41 314.17   8.99  0.12 17.77 316.44   7.85
19820426 150000  5.2 216.9  2.47 14.74 221.28  19.99  4  2.42 14.80 218.73  13.21  0.37 13.38 314.42   8.65  0.36  8.36 273.76   8.09  0.13 17.75 316.68   7.68
19820426 180000  7.5 210.5  2.40 14.57 220.90  20.44  4  2.34 14.63 218.36  13.86  0.35 13.37 314.00   9.34  0.35  8.28 274.35   8.00  0.13 17.72 317.10   7.61
19820426 210000  5.4 200.6  2.31 14.41 221.00  21.45  5  2.26 14.47 218.38  15.22  0.33  8.27 274.92   8.24  0.33 13.32 314.92   8.12  0.15 17.56 314.81   9.15  0.09 14.51 275.99   9.66
19820427 000000  4.3 194.2  2.21 14.29 221.84  22.54  5  2.14 14.34 218.59  16.08  0.32 13.26 314.26   8.59  0.32  8.36 274.36   7.62  0.26 14.25 262.42   8.97  0.16 16.77 315.87   8.36
19820427 030000  7.9 199.1  2.17 14.18 223.43  24.54  5  1.01  6.55 223.19  28.71  1.77 14.24 216.28   9.49  0.64 12.08 265.43   9.63  0.31 13.02 313.87   8.79  0.17 16.64 316.54   7.33
19820427 060000  9.6 181.5  2.22 14.07 224.09  28.13  5  2.01 14.13 215.03  19.47  0.86 11.58 264.97   8.97  0.29 12.74 313.62   8.87  0.19 16.61 316.34   7.53  0.07 14.51 285.49   2.17
19820427 090000  8.1 182.4  2.21 13.71 226.09  30.24  6  1.18  5.40 209.26  31.15  1.52 13.85 215.40   8.90  1.03 11.06 264.65   9.45  0.28 12.62 314.14   8.32  0.19 16.59 316.50   7.53  0.09 14.53 290.84   6.23
19820427 120000  8.5 182.7  2.16 13.49 228.27  30.97  5  1.13  5.48 208.79  30.68  1.43 13.61 215.19   9.19  1.11 10.68 264.87   9.69  0.25 12.56 314.64   8.21  0.21 16.52 314.36   8.74
19820427 150000  9.9 193.4  2.20 13.31 227.75  31.42  5  1.25  5.25 206.25  28.19  1.34 13.47 215.25   9.08  1.17 10.36 263.73  10.43  0.25 12.53 314.44   8.34  0.21 16.26 313.74   9.99
19820427 180000 10.8 203.6  2.27 12.96 227.97  30.68  5  1.41  5.45 209.83  26.89  1.28 13.35 215.61   9.43  1.19 10.28 262.57  10.86  0.24 12.51 314.15   8.73  0.22 15.63 314.29   9.28
19820427 210000 11.0 205.6  2.40 12.50 227.11  30.35  5  1.65  5.76 212.16  27.07  1.22 13.19 216.10   9.53  1.20 11.07 261.44  11.13  0.24 12.51 313.32   9.49  0.23 15.54 315.46   7.99
19820428 000000  7.5 198.0  2.31 12.33 228.58  30.60  5  1.55  6.07 213.33  28.61  1.19 10.94 260.67  11.41  1.18 12.85 216.49   9.12  0.23 12.49 313.35   9.11  0.23 15.51 315.62   7.96
19820428 030000  8.9 192.9  2.19 11.14 228.67  30.58  5  1.39  5.94 211.43  28.82  1.19 12.72 216.85   8.92  1.16 10.73 260.19  11.69  0.22 12.48 311.50  11.04  0.22 15.47 315.88   7.69
19820428 060000  7.4 177.2  2.08 12.58 228.59  30.17  6  1.27  6.04 210.64  29.16  1.20 12.74 217.45   8.68  1.10 10.31 259.73  12.08  0.22 15.39 315.90   7.69  0.21 12.29 312.97   9.15  0.09 13.56 281.00   5.81
19820428 090000  6.4 180.7  1.99 14.23 228.28  29.03  8  1.13  6.15 210.14  28.49  1.04 10.13 258.87  12.59  0.91 12.47 216.81   8.37  0.72 14.65 217.95   7.88  0.41 18.80 221.37   7.58  0.22 15.13 315.46   7.73  0.19 11.95 312.98   9.46  0.10 13.53 275.12   9.31
19820428 120000  5.8 171.6  1.93 14.19 227.44  27.85  6  1.42  9.46 233.32  32.07  1.18 14.06 217.66   7.95  0.50 18.52 220.87   7.95  0.23 14.67 314.44   8.68  0.17 11.81 314.56   8.42  0.10 13.53 275.74   9.81
19820428 150000  3.1 220.5  1.87 14.24 227.51  26.17  6  1.28  8.18 234.90  30.66  1.19 14.07 218.32   7.81  0.58 18.08 220.32   8.56  0.24 14.55 314.78   8.60  0.16 11.77 314.64   8.16  0.08 13.53 277.63   7.89
19820428 180000  6.3 209.0  1.83 17.63 227.42  24.72  5  1.18  7.96 235.94  29.18  1.15 13.99 218.36   7.84  0.72 17.70 221.14   7.67  0.25 14.44 311.95  13.19  0.15 11.72 315.08   8.23
19820428 210000  5.6 213.6  1.81 17.39 226.97  23.99  5  1.13  7.80 235.02  28.86  1.10 14.05 219.27   7.88  0.83 17.39 220.37   8.11  0.25 14.40 313.02  12.07  0.14 11.72 315.23   8.21
19820429 000000  2.7 241.4  1.80 16.91 226.87  23.49  6  1.12  6.76 233.84  28.44  1.03 14.12 219.45   8.28  0.91 16.98 221.33   7.93  0.24 14.34 313.58  11.40  0.14 11.72 315.34   8.33  0.07 15.64 252.39   5.19
19820429 030000  3.0 204.2  1.80 16.83 227.23  22.99  6  1.37 16.85 220.67   8.17  1.05  6.58 229.48  27.30  0.43  7.98 256.99  13.07  0.24 14.24 314.50  10.08  0.13 11.68 314.65   8.68  0.13 14.78 254.46   6.06
19820429 060000  3.6 176.2  1.80 16.55 227.67  22.53  5  1.36 16.61 221.24   8.41  1.11  6.61 233.03  26.82  0.27 13.97 315.44   8.25  0.26 14.62 253.16   6.75  0.05 18.77 310.11   8.32
19820429 090000  1.0 110.1  1.80 16.28 228.68  22.06  5  1.36 16.31 221.90   8.76  1.07  6.62 232.63  25.92  0.41 13.84 254.57   7.51  0.26 13.72 315.45   8.30  0.07 17.94 308.91   8.48
19820429 120000  1.0 250.5  1.85 15.73 230.38  21.76  5  1.36 15.83 222.55   9.21  1.07  6.71 231.49  24.16  0.60 13.38 255.84   7.32  0.26 13.61 315.44   8.33  0.09 17.82 309.25   7.99
19820429 150000  3.8 247.4  1.94 15.42 232.22  21.83  5  1.38 15.51 223.09   9.61  1.08  6.90 230.22  23.30  0.80 13.05 256.80   7.57  0.25 13.55 315.41   8.39  0.09 17.79 309.67   8.33
19820429 180000  5.7 205.7  2.04 15.21 233.48  22.39  5  1.41 15.32 223.80  10.14  1.10  6.99 227.37  23.26  0.95 12.68 258.61   7.40  0.25 13.50 315.45   8.36  0.09 17.78 310.15   8.75
19820429 210000  2.4 214.3  2.10 14.69 235.51  22.91  5  1.44 15.06 224.55  10.48  1.09 12.58 259.85   8.00  1.03  7.00 225.53  23.89  0.25 13.43 315.50   8.34  0.09 17.74 310.11   9.11
19820430 000000  1.5 358.5  2.15 14.40 238.05  23.17  5  1.50 14.66 225.95  11.61  1.22 12.53 261.52   9.38  0.91  6.92 223.60  22.75  0.24 13.34 315.58   8.32  0.10 17.34 311.84   6.68
19820430 030000  3.6 221.2  2.22 14.20 239.95  23.15  5  1.53 14.45 225.82  10.67  1.34 12.45 262.24   9.72  0.85  6.79 224.00  22.45  0.23 13.19 315.85   8.12  0.13 16.72 309.09   8.13
19820430 060000  5.1 164.9  2.32 13.82 240.19  23.36  5  1.54 14.37 225.21  10.09  1.44 13.09 262.28  10.04  0.94  7.23 223.81  21.82  0.23 12.96 315.90   8.13  0.15 16.66 309.50   8.24
19820430 090000  2.8 171.8  2.40 13.47 239.38  23.36  5  1.74 13.80 229.77  13.86  1.25 12.43 265.92   9.59  1.03  7.41 223.91  21.25  0.22 12.82 315.97   8.14  0.16 16.63 308.90  10.01
19820430 120000  1.3 145.2  2.45 13.31 237.73  23.24  6  1.60 13.55 229.40  13.98  1.23 11.99 266.65   9.07  1.08  7.46 222.55  20.40  0.83 18.47 225.46   7.78  0.21 12.74 316.06   8.11  0.14 16.64 311.28   8.94
19820430 150000  3.8 241.1  2.48 13.00 235.70  22.92  6  1.47 13.36 228.41  13.34  1.20 11.85 266.71   9.10  1.16 18.20 223.84   8.18  1.09  7.44 222.51  20.66  0.21 12.67 315.68   8.60  0.14 16.59 310.84   9.99
19820430 180000  2.7 245.7  2.55 12.72 233.71  22.40  6  1.42 17.69 222.49   8.39  1.39 13.18 227.39  11.64  1.18 11.98 266.41   9.37  1.04  7.38 221.55  21.03  0.20 12.61 315.95   8.51  0.15 16.33 311.93   7.92
19820430 210000  1.3 283.9  2.60 17.16 232.04  21.79  5  2.16 17.22 225.13  11.64  1.06 11.54 267.37   9.96  0.96  7.21 221.25  21.36  0.19 12.56 316.06   8.53  0.19 15.67 310.15   8.56
19820501 000000  1.0 194.1  2.65 16.74 230.51  21.08  5  2.23 16.84 223.33   9.85  1.06 11.83 266.60  10.39  0.91  7.21 221.87  20.65  0.21 15.59 310.28   9.16  0.19 12.52 316.00   8.72
