Date     Time   Uabs UDir  hs    tp    th     sp     np hs(i) tp(i) th(i)  sp(i)
20060901 000000  5.3 234.9  2.23 14.86 229.94  16.79  1  2.23 14.86 229.94  16.79
20060901 030000  9.7 211.8  2.47 14.56 228.73  17.82  1  2.47 14.56 228.73  17.82
20060901 060000  8.6 199.7  2.71 14.41 228.16  19.36  1  2.71 14.41 228.16  19.36
20060901 090000  7.6 191.6  2.75 14.25 227.64  19.70  1  2.75 14.25 227.64  19.70
20060901 120000  6.6 164.4  2.72 13.94 227.47  19.53  1  2.72 13.94 227.47  19.53
20060901 150000  6.0 163.6  2.68 13.64 227.14  19.26  1  2.68 13.64 227.14  19.26
20060901 180000  8.7 189.8  2.63 13.53 226.06  19.14  2  1.85  9.44 226.20  24.73  1.88 13.53 225.93  11.29
20060901 210000 11.7 194.7  2.75 13.45 222.40  20.77  1  2.75 13.45 222.40  20.77
20060902 000000 11.9 181.4  2.92 13.39 218.07  23.60  1  2.92 13.39 218.07  23.60
20060902 030000 10.4 166.4  2.90 13.36 217.04  23.70  2  2.75 13.36 217.53  24.76  0.90 17.45 212.89   7.91
20060902 060000  9.6 154.3  2.82 16.28 216.69  23.39  3  1.68  7.43 207.57  34.63  1.72 13.20 223.82  12.01  1.47 16.28 216.91   9.36
20060902 090000  8.5 155.1  2.78 15.70 216.31  22.38  2  1.58  7.59 207.57  34.84  2.28 15.70 219.77  10.87
20060902 120000  9.7 165.8  2.79 15.37 215.46  21.82  2  1.53  7.70 204.32  34.13  2.33 15.37 219.49  10.82
20060902 150000 10.1 173.0  2.87 15.08 213.94  21.94  2  1.68  7.50 202.18  31.93  2.33 15.08 219.17  10.67
20060902 180000 12.8 201.8  3.06 14.77 214.71  20.06  1  3.06 14.77 214.71  20.06
20060902 210000 13.7 196.3  3.42 14.57 215.18  21.33  1  3.42 14.57 215.18  21.33
20060903 000000 11.0 184.7  3.34 14.44 215.64  22.19  2  2.52  7.76 213.52  28.05  2.19 14.44 218.17   9.45
20060903 030000  9.4 167.2  3.09 14.39 215.97  21.93  2  2.25  7.87 213.56  28.50  2.12 14.39 218.39   9.76
20060903 060000  8.2 154.7  2.86 14.38 216.39  21.11  2  2.07 14.38 218.64   9.72  1.97  7.96 213.59  28.66
20060903 090000  7.2 159.8  2.69 14.37 217.02  19.65  2  2.01 14.37 218.73   9.44  1.79  8.10 214.60  27.43
20060903 120000  8.2 174.0  2.58 14.29 216.81  19.05  2  1.68  8.19 213.38  26.66  1.96 14.29 219.11   9.65
20060903 150000  7.6 180.7  2.51 14.19 216.76  18.53  2  1.63  8.14 213.12  25.99  1.91 14.19 219.16   9.40
20060903 180000  7.8 207.9  2.42 14.14 217.97  16.80  2  1.50  8.07 215.73  24.23  1.89 14.14 219.27   9.29
20060903 210000  9.4 203.1  2.38 14.07 218.31  16.74  2  1.54  7.99 216.48  23.35  1.82 14.07 219.53   9.30
20060904 000000  7.0 179.6  2.30 13.86 217.86  18.27  2  1.51  7.70 215.33  25.48  1.73 13.86 219.63   9.21
20060904 030000  6.1 150.5  2.14 13.62 218.16  18.51  1  2.14 13.62 218.16  18.51
20060904 060000  5.8 118.2  1.97 13.46 218.00  19.65  1  1.97 13.46 218.00  19.65
20060904 090000  5.8 113.7  1.82 13.33 217.35  21.58  1  1.82 13.33 217.35  21.58
20060904 120000  4.0 117.0  1.68 13.16 217.20  21.75  2  1.68 13.16 217.19  21.76  0.06 23.80 222.81   7.70
20060904 150000  1.7 131.2  1.53 12.85 217.97  18.75  4  1.52 12.85 217.74  18.54  0.11 19.19 217.96   9.48  0.11 12.73 266.74  17.04  0.08 23.27 223.26   9.41
20060904 180000  4.2 224.1  1.42 12.68 218.69  16.35  4  1.40 12.69 218.24  15.76  0.17 18.67 217.12  10.88  0.14 12.49 263.70   9.14  0.11 22.68 223.20   7.86
20060904 210000  6.0 213.5  1.37 12.53 219.29  16.31  5  1.33 12.56 218.38  15.05  0.23 17.88 214.84   9.01  0.19 12.06 264.17   8.45  0.14 22.13 223.99   7.59  0.05 17.46 262.73   6.00
20060905 000000  5.4 191.5  1.33 12.36 219.18  17.84  5  1.26 12.44 217.50  15.88  0.30 17.54 215.39   9.10  0.25 11.83 265.27   8.17  0.16 21.87 223.89   7.25  0.07 16.94 262.96   6.75
20060905 030000  4.9 163.7  1.30 12.12 219.29  19.72  5  1.17 12.33 216.46  17.13  0.39 16.90 214.54   8.66  0.30 11.52 266.09   8.07  0.23 21.06 224.04   7.74  0.09 16.54 264.03   7.12
20060905 060000  4.1 147.8  1.26 11.82 219.94  21.16  5  1.08 12.15 215.67  17.97  0.48 16.47 214.97   8.40  0.35 11.19 266.93   7.98  0.26 20.61 224.41   7.77  0.11 16.03 265.11   6.59
20060905 090000  4.7 118.2  1.25 15.95 220.48  23.14  5  0.98 11.94 214.50  20.28  0.58 16.00 215.30   9.16  0.38 11.02 267.59   7.59  0.30 20.22 223.10   7.67  0.13 15.48 264.57   6.93
20060905 120000  2.9 137.7  1.24 15.63 221.30  25.11  6  0.89 11.84 212.68  23.49  0.67 15.67 216.73   9.28  0.41 10.78 268.07   7.60  0.33 19.75 222.44   8.18  0.16 14.78 265.03   6.35  0.06 15.52 317.22   7.39
20060905 150000  1.5 174.9  1.24 15.27 223.29  23.82  6  0.81 11.81 213.70  20.32  0.74 15.31 216.81   9.60  0.44 10.50 268.60   7.49  0.33 19.52 223.04   7.62  0.18 13.82 263.54   6.51  0.06 15.51 316.84   7.56
20060905 180000  7.0 221.7  1.30 15.00 225.16  23.16  6  0.77 11.59 214.88  19.19  0.79 15.02 216.73   8.96  0.46 10.37 269.29   7.90  0.44 18.89 225.06   8.43  0.27 12.91 262.78   6.57  0.06 15.50 316.18   7.82
20060905 210000  6.6 207.0  1.39 14.99 225.76  24.01  7  0.57  3.45 217.83  29.41  0.76 15.02 216.75   9.95  0.61 11.57 213.38   9.73  0.57 17.89 222.19   8.73  0.47 10.25 269.75   8.24  0.35 12.64 261.48   8.42  0.06 15.49 315.67   7.92
20060906 000000  4.6 180.1  1.42 15.15 226.85  24.89  6  0.55  3.67 215.05  31.51  1.08 15.23 217.07  10.50  0.45 10.01 271.10   8.10  0.43 12.00 263.63   6.06  0.38 18.15 223.88   9.00  0.05 15.42 315.71   8.22
20060906 030000  3.2 178.1  1.42 16.44 228.57  24.80  5  1.01 14.31 215.52  17.06  0.75 17.02 221.97  10.70  0.54 11.72 265.33   7.58  0.40  9.64 271.20   8.44  0.06 14.75 316.67   7.14
20060906 060000  4.3 183.7  1.44 16.32 229.65  24.67  6  0.37  3.63 215.31  32.44  0.87 16.36 220.71  10.46  0.82 14.00 215.59  10.86  0.58 11.48 265.20   7.65  0.40  9.54 272.34   9.07  0.06 14.52 316.15   8.25
20060906 090000  4.6 171.9  1.46 16.15 230.04  25.17  5  0.34  3.52 207.77  33.11  0.89 16.15 220.78  10.98  0.83 14.10 216.34  11.56  0.72 11.14 267.93   8.72  0.08 14.49 315.98   8.17
20060906 120000  3.5 193.4  1.46 15.75 230.74  25.15  4  1.02 14.46 218.56  15.66  0.74 16.56 218.54  11.04  0.73 10.95 268.38   8.71  0.08 14.49 315.74   8.36
20060906 150000  2.8 174.2  1.45 14.94 231.68  24.75  3  1.25 15.00 219.32  13.38  0.73 10.79 268.56   8.97  0.08 14.48 315.32   8.60
20060906 180000  6.8 221.1  1.48 14.77 232.24  24.52  3  1.28 14.80 220.35  13.84  0.74 10.50 268.94   8.95  0.08 14.46 314.72   8.81
20060906 210000  6.7 199.4  1.52 14.74 231.66  25.26  5  0.54  3.31 216.21  29.85  1.18 14.77 220.68  11.48  0.74 10.27 269.26   8.98  0.29 19.37 228.71   8.61  0.07 14.36 314.53   9.04
20060907 000000  5.3 181.7  1.49 14.53 231.66  26.19  5  0.51  3.44 207.88  33.52  1.17 14.59 221.28  11.12  0.73 10.14 269.49   8.94  0.27 19.19 231.68   7.31  0.07 13.70 317.22   7.55
20060907 030000  7.0 164.2  1.47 13.98 230.62  28.60  5  0.52  3.17 190.34  36.25  1.11 14.02 221.78  10.96  0.72 10.04 269.70   9.03  0.38 18.90 227.16   8.78  0.08 13.56 315.84   9.05
20060907 060000  7.9 172.1  1.48 13.93 228.60  31.21  5  0.59  3.33 180.44  33.89  1.09 14.00 222.23  10.78  0.72  9.87 269.53   9.51  0.36 18.92 229.08   7.75  0.09 13.54 315.93   8.67
20060907 090000  6.7 165.5  1.47 13.99 229.54  31.29  5  0.59  3.48 181.58  35.91  1.06 14.13 222.71  10.60  0.72  9.66 269.23  10.02  0.40 18.55 230.11   7.54  0.10 13.53 315.87   8.58
20060907 120000  6.8 189.3  1.46 14.20 231.28  30.05  5  0.56  3.46 185.25  35.60  1.07 14.28 223.93  10.68  0.74  9.58 268.38  11.26  0.34 18.68 229.09   7.96  0.10 13.53 315.16   8.88
20060907 150000  6.9 195.6  1.49 14.32 232.16  28.31  4  0.63  3.54 199.58  33.62  1.13 14.36 225.09  10.49  0.75  9.52 267.87  11.65  0.09 13.51 314.66   8.87
20060907 180000 10.4 204.3  1.62 14.35 231.21  27.65  4  0.90  3.87 213.35  31.69  1.13 14.37 225.85  10.66  0.74  9.52 268.37  10.69  0.08 13.46 314.43   9.07
20060907 210000  9.9 204.7  1.78 14.31 229.98  28.26  5  1.15  4.64 217.27  32.41  1.14 14.32 226.48  10.60  0.65  9.39 268.67  11.07  0.33 10.70 261.16   6.56  0.08 13.14 316.20   7.33
20060908 000000  8.4 201.5  1.81 14.22 230.20  28.25  4  1.16  4.86 216.82  32.66  1.14 14.23 226.47  10.05  0.78 10.12 264.84  12.10  0.07 12.69 316.61   7.24
20060908 030000  9.8 186.0  1.85 14.03 227.57  29.93  4  1.18  4.79 209.06  33.98  1.14 14.04 226.16   9.82  0.85  9.73 260.81  14.00  0.08 12.65 315.55   8.94
20060908 060000  8.4 180.8  1.82 13.67 226.85  30.96  4  1.10  4.85 203.04  35.38  1.17 13.70 227.72  11.15  0.85  9.54 259.00  16.14  0.09 12.65 315.75   8.55
20060908 090000  8.1 171.8  1.78 13.56 227.57  30.22  4  1.00  4.85 200.44  35.28  1.43 13.59 238.49  19.23  0.31 20.26 224.04   7.50  0.09 12.64 315.67   8.51
20060908 120000  5.9 161.9  1.72 13.56 229.14  28.85  4  0.88  4.87 200.89  35.96  1.41 13.58 238.47  19.35  0.45 19.97 224.93   8.05  0.09 12.63 315.42   8.60
20060908 150000  6.3 184.9  1.67 13.57 230.84  26.15  3  1.59 13.59 231.30  26.95  0.50 19.99 225.08   8.35  0.09 12.62 315.26   8.78
20060908 180000  8.6 202.3  1.70 13.51 229.26  25.13  3  1.59 13.53 229.93  26.36  0.60 19.27 224.08   8.38  0.08 12.57 314.75   8.73
20060908 210000 10.2 199.2  1.89 18.88 225.68  25.76  5  1.18  4.78 211.41  30.19  1.06 13.46 227.29  11.50  0.77  8.98 254.94  16.63  0.68 18.88 223.36   8.75  0.07 12.34 316.46   7.41
20060909 000000  7.8 191.9  1.94 18.82 225.28  26.23  5  1.27  5.28 215.00  32.52  0.96 13.40 226.29   9.97  0.83 18.82 222.15   9.19  0.73  8.99 255.19  14.42  0.06 11.89 315.63   8.48
20060909 030000  7.2 173.2  1.85 18.57 225.89  25.97  3  1.64 13.39 227.10  28.75  0.87 18.57 221.81   9.26  0.07 11.82 316.16   8.23
20060909 060000  6.5 157.4  1.76 17.72 226.09  25.19  3  1.45 13.22 228.37  29.38  0.99 17.72 221.49   9.16  0.07 11.81 316.39   7.82
20060909 090000  5.1 143.9  1.69 17.52 225.77  24.02  3  1.29 12.47 229.89  29.72  1.10 17.52 220.58   9.13  0.08 11.81 315.66   8.45
20060909 120000  4.3 177.8  1.64 16.82 225.83  21.95  3  1.16 16.82 219.98   9.34  1.15 11.84 232.11  27.96  0.08 11.80 314.49  10.01
20060909 150000  3.6 162.5  1.59 16.28 225.60  20.25  2  1.59 16.28 225.45  19.89  0.08 11.79 314.42   9.71
20060909 180000  7.8 207.9  1.60 15.91 224.67  19.53  3  0.97 10.02 234.06  27.00  1.27 15.91 219.64   9.62  0.07 11.77 314.22   9.77
20060909 210000  8.7 210.8  1.69 15.61 223.97  20.54  3  0.78  3.81 217.47  29.20  1.26 15.61 219.37   9.58  0.82  9.13 241.31  21.41
20060910 000000  4.4 176.3  1.67 15.54 224.13  21.68  4  0.77  4.14 219.28  33.75  1.27 15.54 219.24   9.41  0.58  9.63 227.54  12.65  0.51  7.94 262.06  13.12
20060910 030000  4.4 174.8  1.61 15.43 224.92  20.86  3  1.29 15.43 219.16   9.21  0.80  8.23 241.18  34.34  0.55  9.37 228.66  12.72
20060910 060000  4.7 183.4  1.64 15.26 225.29  19.49  1  1.64 15.26 225.29  19.49
20060910 090000  2.5 166.9  1.80 15.07 226.43  17.78  1  1.80 15.07 226.43  17.78
20060910 120000  2.4 179.2  1.98 14.52 228.45  16.74  1  1.98 14.52 228.45  16.74
20060910 150000  1.3 195.7  2.09 14.33 230.97  16.59  1  2.09 14.33 230.97  16.59
20060910 180000  2.7 218.9  2.16 14.25 233.68  16.79  2  1.55 11.17 241.71  16.51  1.50 14.28 225.28  12.53
20060910 210000  2.2 255.2  2.28 15.33 236.46  16.76  3  1.47 10.38 246.35  15.94  1.31 14.03 221.33   8.85  1.14 16.79 240.25  11.20
20060911 000000  4.0 252.5  2.54 15.65 238.78  16.20  2  2.06 15.65 233.89  14.00  1.48 10.51 248.42  16.04
20060911 030000  3.4 197.0  2.89 15.25 239.79  15.35  1  2.89 15.25 239.79  15.35
20060911 060000  3.7 182.1  3.15 14.90 240.20  14.95  1  3.15 14.90 240.20  14.95
20060911 090000  2.8 159.0  3.25 14.70 240.50  14.97  1  3.25 14.70 240.50  14.97
20060911 120000  4.7 187.6  3.22 14.46 240.54  15.61  1  3.22 14.46 240.54  15.61
20060911 150000  4.8 166.4  3.13 14.28 240.66  16.21  1  3.13 14.28 240.66  16.21
20060911 180000  6.3 177.2  3.01 14.12 240.50  17.20  1  3.01 14.12 240.50  17.20
20060911 210000  7.7 195.1  2.90 13.87 239.82  18.26  1  2.90 13.87 239.82  18.26
20060912 000000  7.8 202.9  2.81 13.69 238.67  19.56  1  2.81 13.69 238.67  19.56
20060912 030000 11.2 187.3  2.81 13.54 234.21  24.12  2  1.19  4.61 204.48  31.98  2.54 13.54 239.71  17.24
20060912 060000 11.9 179.4  2.84 13.40 227.85  28.65  2  1.58  5.38 199.88  33.08  2.36 13.40 238.40  17.54
20060912 090000 11.5 176.7  2.84 13.19 223.60  30.04  2  1.78  5.95 200.16  32.93  2.21 13.19 236.77  18.01
20060912 120000 11.4 163.3  2.77 12.79 220.63  31.04  3  1.85  6.49 200.66  34.71  1.96 12.79 236.79  17.50  0.65 16.28 212.05   6.50
20060912 150000 11.8 186.7  2.72 12.58 218.67  29.65  3  1.87  6.55 201.52  32.10  1.83 12.58 235.45  18.13  0.74 15.92 213.32   8.20
20060912 180000 12.3 204.8  2.81 12.48 219.25  26.42  2  2.62 12.43 220.16  27.97  0.99 15.30 213.52   8.49
20060912 210000 14.1 207.4  3.17  7.20 220.83  24.63  1  3.17  7.20 220.83  24.63
20060913 000000  9.5 203.2  3.23  7.81 221.67  24.74  2  2.63  7.81 221.59  28.48  1.87 15.27 221.82  14.84
20060913 030000 10.3 200.9  3.19 16.31 221.34  23.19  3  2.46  8.05 223.19  28.13  1.97 16.32 216.95   9.69  0.49 11.63 252.01   7.07
20060913 060000  7.0 189.5  3.20 16.08 220.96  21.18  2  2.27  8.17 225.37  27.54  2.25 16.08 216.92   9.93
20060913 090000  6.4 186.8  3.28 15.62 220.94  18.95  2  2.52 15.62 217.54  10.25  2.11  9.38 226.24  26.07
20060913 120000  7.5 193.4  3.41 15.35 220.87  17.52  1  3.41 15.35 220.87  17.52
20060913 150000  6.7 210.7  3.45 15.12 221.07  16.72  1  3.45 15.12 221.07  16.72
20060913 180000  8.7 225.8  3.43 14.91 221.58  16.50  1  3.43 14.91 221.58  16.50
20060913 210000  9.7 208.8  3.44 14.81 221.49  16.99  1  3.44 14.81 221.49  16.99
20060914 000000  7.9 196.5  3.40 14.74 220.77  17.60  1  3.40 14.74 220.77  17.60
20060914 030000  7.0 195.7  3.32 14.67 220.64  17.51  1  3.32 14.67 220.64  17.51
20060914 060000  6.3 181.5  3.20 14.59 220.54  17.30  2  2.52 14.59 219.48  10.89  1.98  9.27 222.40  24.23
20060914 090000  4.7 146.8  3.04 14.50 220.39  16.93  2  2.42 14.50 218.98  10.74  1.84  9.03 223.02  23.96
20060914 120000  5.5 159.9  2.90 14.42 220.14  16.54  2  2.39 14.42 218.45  10.98  1.64  8.75 224.00  24.02
20060914 150000  5.8 184.2  2.82 14.35 219.52  16.16  2  2.35 14.35 217.95  10.72  1.57  8.73 223.29  23.85
20060914 180000 10.2 214.6  2.91 14.31 218.59  16.14  2  1.66  8.71 221.69  23.52  2.39 14.31 217.19  10.60
20060914 210000 11.7 200.9  3.21 14.44 217.26  17.65  2  2.02  7.79 218.88  24.93  2.49 14.44 216.29  10.28
20060915 000000 10.9 184.2  3.38 14.78 215.44  19.21  2  2.12  7.26 214.75  27.89  2.63 14.78 215.85  10.18
20060915 030000 10.0 174.9  3.42 16.12 214.72  19.10  2  2.03  7.35 212.90  29.16  2.75 16.12 215.60   9.96
20060915 060000  8.9 160.1  3.37 16.00 214.52  18.81  2  1.78  7.43 211.12  31.43  2.87 16.00 215.66  10.15
20060915 090000  7.3 146.5  3.29 15.96 214.96  17.90  2  2.87 15.96 215.65  10.08  1.60  7.48 212.40  31.92
20060915 120000  6.3 163.9  3.21 15.90 215.69  16.42  2  2.90 15.90 216.08  10.44  1.39  7.64 213.71  31.09
20060915 150000  6.8 180.1  3.17 15.87 216.32  15.28  1  3.17 15.87 216.32  15.28
20060915 180000  8.9 210.5  3.17 15.75 217.01  14.72  1  3.17 15.75 217.01  14.72
20060915 210000  9.7 201.9  3.27 15.57 217.38  15.62  1  3.27 15.57 217.38  15.62
20060916 000000  8.9 196.0  3.31 15.44 217.85  16.13  1  3.31 15.44 217.85  16.13
20060916 030000  7.4 182.7  3.32 15.34 218.14  16.19  1  3.32 15.34 218.14  16.19
20060916 060000  6.3 172.7  3.31 15.23 218.81  15.58  1  3.31 15.23 218.81  15.58
20060916 090000  4.3 146.9  3.32 15.11 219.59  14.92  1  3.32 15.11 219.59  14.92
20060916 120000  1.3 170.2  3.32 14.96 220.26  14.40  3  3.23 14.96 219.80  14.62  0.79 17.98 227.66   6.67  0.08 24.98 227.16   9.77
20060916 150000  3.1 204.4  3.30 14.86 220.70  14.05  2  3.30 14.86 220.69  14.05  0.14 23.71 226.08   8.06
20060916 180000  7.2 215.9  3.26 14.79 220.89  14.13  2  3.26 14.79 220.86  14.14  0.20 23.26 228.42   9.75
20060916 210000  7.8 205.7  3.22 14.77 220.78  14.73  2  3.21 14.77 220.73  14.74  0.24 22.95 229.56   9.43
20060917 000000  8.9 185.9  3.18 14.80 220.02  15.82  2  3.16 14.80 219.95  15.86  0.32 21.93 227.03   8.54
20060917 030000  8.0 168.3  3.14 14.84 219.18  17.11  2  3.11 14.84 219.05  17.17  0.37 21.79 228.00   8.46
20060917 060000  6.3 154.6  3.04 14.78 219.55  16.89  2  3.00 14.78 219.33  17.01  0.50 20.67 227.40   8.83
20060917 090000  5.5 129.2  2.99 14.62 219.87  16.48  2  2.93 14.62 219.58  16.66  0.58 20.41 227.09   8.38
20060917 120000  4.9 147.9  2.95 14.43 220.21  15.90  2  2.88 14.43 219.78  16.10  0.65 20.12 228.24   7.57
20060917 150000  3.1 178.9  2.92 14.28 220.66  14.94  3  2.80 14.28 220.15  15.06  0.81 19.14 226.04   9.55  0.08 20.33 306.56   8.90
20060917 180000  7.0 222.1  2.85 14.14 220.91  14.40  4  1.50  8.92 220.67  19.98  2.28 14.14 220.29  11.29  0.81 19.06 225.80   9.19  0.09 20.33 306.87  10.01
20060917 210000  7.4 203.4  2.80 13.94 220.74  14.91  4  1.52  8.88 219.81  21.11  2.17 13.94 220.02  11.01  0.88 18.63 227.19   8.11  0.09 20.32 307.86  10.32
20060918 000000  3.7 169.5  2.70 17.65 220.73  14.89  3  2.49 13.87 219.93  15.49  1.05 17.80 224.81   8.64  0.07 20.32 308.79  10.20
20060918 030000  1.8 114.8  2.57 17.56 220.79  14.72  3  1.98 13.97 220.11  10.96  1.32  8.77 219.58  22.24  0.97 17.73 225.68   8.82
20060918 060000  2.0  28.9  2.46 14.16 220.96  14.40  3  2.27 14.16 219.93  14.78  0.94 17.44 226.47   8.30  0.08 19.11 306.19   9.71
20060918 090000  3.1  35.3  2.40 16.42 221.21  16.32  3  2.11 14.08 220.44  17.43  1.13 16.56 223.24   8.67  0.11 19.01 306.81   9.09
20060918 120000  7.0   8.4  2.35 16.34 221.72  20.44  3  2.13 14.09 220.75  21.61  0.97 16.56 225.10   7.63  0.13 19.00 307.99   9.33
20060918 150000  6.2 342.1  2.28 15.42 222.95  24.63  2  2.28 15.43 222.75  24.26  0.13 19.00 309.03   9.71
20060918 180000  5.3 318.0  2.21 15.22 225.42  29.32  3  0.64  3.85 333.44  30.21  2.11 15.22 220.88  12.04  0.11 19.00 310.30   9.91
20060918 210000  7.1 341.6  2.15 15.18 229.35  36.38  3  0.82  4.88 332.04  27.43  1.99 15.18 220.66  11.84  0.09 18.99 311.44   9.38
20060919 000000 11.7   7.8  2.26 15.06 246.93  54.55  3  1.30  5.21 344.39  28.72  1.84 15.06 220.52  11.61  0.09 18.33 309.56   9.33
20060919 030000  9.6 341.2  2.34 14.08 269.86  59.02  3  1.60  5.89 341.61  27.64  1.70 14.08 220.47  11.44  0.12 17.79 308.01   9.08
20060919 060000  3.9   8.5  2.21 14.16 265.15  57.41  3  1.64 14.16 220.43  11.45  1.47  6.19 338.61  28.14  0.16 17.76 308.17   8.97
20060919 090000  3.5  31.7  2.06 14.34 251.96  54.14  3  1.63 14.34 220.24  11.49  1.24  6.15 337.54  28.11  0.18 17.76 308.91   9.30
20060919 120000  5.0  35.4  1.95 14.42 239.41  48.71  4  1.66 14.42 220.01  11.57  1.00  5.92 338.11  28.98  0.16 17.76 310.20   9.47  0.06 13.49 310.28  10.82
20060919 150000  3.8  26.1  1.90 14.26 231.93  42.72  3  1.70 14.26 220.02  11.73  0.83  5.59 339.40  29.56  0.14 17.75 312.14   9.38
20060919 180000  5.4 245.1  1.89 13.88 228.28  36.21  3  1.76 13.89 220.49  11.88  0.69  5.34 335.87  30.58  0.12 17.60 312.55   9.45
20060919 210000  8.1 202.7  1.93 13.49 225.95  30.03  4  0.52  2.98 222.14  34.08  1.77 13.49 221.48  12.14  0.53  5.14 336.34  24.05  0.13 16.70 311.04   9.36
20060920 000000  6.1 181.2  1.90 13.24 224.07  27.06  4  0.61  3.54 204.40  35.44  1.75 13.24 222.84  12.47  0.40  4.93 335.34  22.10  0.17 16.62 309.79   8.86
20060920 030000  6.4 160.0  1.82 13.13 224.50  25.84  5  0.57  3.63 195.78  37.18  1.68 13.12 224.28  12.85  0.32  4.78 331.71  22.22  0.19 16.60 309.30   8.86  0.15 20.37 244.31   8.70
20060920 060000  4.6 152.3  1.73 12.72 226.08  24.76  5  0.53  3.71 195.48  38.71  1.61 12.72 225.98  13.34  0.26  4.64 328.27  22.36  0.20 20.11 243.69   8.85  0.20 16.60 309.62   9.17
20060920 090000  3.7 145.2  1.65 12.48 228.15  23.01  3  1.61 12.48 226.80  21.28  0.26 19.76 244.31   9.44  0.20 16.59 310.99   9.29
20060920 120000  4.0 161.3  1.58 12.31 229.59  21.97  4  1.54 12.31 228.01  20.29  0.32 19.04 245.22   9.00  0.17 16.55 312.60   9.11  0.07 12.61 312.87   9.60
20060920 150000  5.4 199.5  1.54 11.99 230.54  21.18  4  1.47 11.98 228.59  19.62  0.41 18.78 244.99   9.31  0.16 16.24 313.54   8.80  0.07 12.63 311.76  10.35
20060920 180000  8.8 211.6  1.59 11.75 230.09  22.01  4  1.50 11.75 227.49  20.64  0.51 18.06 244.76   9.29  0.17 15.61 312.56   8.54  0.07 12.64 312.37   9.47
20060920 210000  9.5 206.2  1.76 11.60 227.94  24.54  5  1.15  4.82 216.43  27.88  1.18 11.60 232.12  15.07  0.59 17.72 244.71   8.97  0.19 15.55 310.78   8.67  0.06 12.64 312.34   9.48
20060921 000000  7.2 195.4  1.79 17.36 228.02  26.23  6  1.23  5.30 215.62  28.92  1.06 11.43 233.46  15.32  0.70 17.38 244.57   8.80  0.20 15.53 309.55   8.90  0.06 12.62 312.89   9.18  0.05 21.85 223.06   7.78
20060921 030000  7.9 190.7  1.73 16.66 229.41  26.70  4  1.13  5.43 214.38  30.04  0.96 11.18 234.13  16.40  0.85 16.73 243.00   9.55  0.22 15.53 309.53   9.24
20060921 060000  7.9 189.0  1.66 16.46 230.72  26.94  4  1.01  5.31 211.91  31.16  0.94 11.02 234.19  16.28  0.90 16.52 244.06   8.98  0.22 15.51 310.19   9.48
20060921 090000  5.8 184.1  1.60 16.10 233.22  26.04  6  0.90  5.05 212.64  31.87  1.00 16.20 243.50   9.16  0.80 10.89 237.26  15.13  0.21 15.47 311.67   9.39  0.20 10.31 200.97   5.11  0.12 20.33 224.43   7.95
20060921 120000  5.7 194.5  1.54 15.56 236.32  23.90  4  0.75  4.86 215.17  32.80  1.07 15.58 243.29   9.29  0.80 10.80 235.64  16.98  0.20 15.33 312.98   8.94
20060921 150000  3.7 162.7  1.55 15.30 238.51  21.61  3  1.53 15.31 237.69  19.83  0.20 14.81 313.07   8.74  0.16 19.30 222.80   6.92
20060921 180000  7.4 215.9  1.69 14.74 239.51  18.97  3  1.67 14.77 238.83  17.19  0.20 14.62 312.25   8.80  0.17 19.27 222.79   7.17
20060921 210000  4.5 203.9  1.84 14.38 240.57  17.52  2  1.83 14.35 239.82  15.85  0.21 14.58 311.11   9.14
20060922 000000  1.0  34.2  1.89 14.26 242.25  15.94  3  1.86 14.22 241.81  14.06  0.24 18.08 223.47   7.27  0.22 14.55 310.51   9.35
20060922 030000  2.0 231.1  1.91 14.13 243.67  14.96  4  1.88 14.06 243.28  12.83  0.23 18.01 222.69   7.39  0.23 14.53 309.84  10.16  0.12 20.74 226.02   5.43
20060922 060000  4.6 202.6  1.95 13.74 244.06  15.03  2  1.94 13.65 243.30  13.11  0.23 14.49 309.66  11.29
20060922 090000  4.6 196.7  2.06 13.54 243.45  15.02  2  2.05 13.51 242.78  13.28  0.23 14.44 311.18  10.18
20060922 120000  5.2 173.0  2.25 13.40 242.03  15.37  2  2.24 13.38 241.49  13.95  0.22 14.35 312.02   9.96
20060922 150000  7.1 193.6  2.48 13.27 240.49  16.06  3  2.46 13.25 240.16  15.01  0.21 14.21 312.29   9.91  0.21 19.60 226.32   6.10
20060922 180000 11.7 200.4  2.79 13.14 237.72  19.36  4  1.02  4.16 214.60  32.22  2.58 13.10 240.52  12.85  0.21 19.42 226.36   6.03  0.20 13.93 312.86   8.87
20060922 210000 12.4 201.4  3.06 12.86 234.88  22.36  4  1.53  5.31 215.02  31.17  2.63 12.82 240.41  13.16  0.20 19.43 226.31   6.15  0.20 13.74 311.70   9.89
20060923 000000 11.2 187.8  3.18 12.68 232.50  24.93  2  3.18 12.66 232.27  24.57  0.19 13.65 311.05  10.10
20060923 030000 12.8 175.8  3.22 12.57 228.59  28.21  2  3.21 12.55 228.37  27.90  0.19 13.59 310.80  10.22
20060923 060000 10.7 162.8  3.06 12.47 227.97  28.98  3  3.04 12.45 227.73  28.79  0.30 18.31 227.31   6.86  0.19 13.56 310.21  10.88
20060923 090000  9.3 161.7  2.86 12.29 228.16  28.49  3  2.84 12.26 227.91  28.28  0.30 18.23 227.16   7.34  0.18 13.51 311.66   9.54
20060923 120000  7.0 163.9  2.65 12.12 229.43  26.75  3  2.63 12.10 229.20  26.50  0.31 18.05 226.09   7.92  0.17 13.47 311.99   9.52
20060923 150000  7.5 181.7  2.48 11.95 230.31  24.87  2  2.47 11.94 230.02  24.40  0.17 13.43 312.25   9.52
20060923 180000  9.7 207.0  2.42 11.77 229.45  23.43  2  2.42 11.76 229.18  22.93  0.16 13.39 312.80   8.94
20060923 210000 11.5 199.8  2.56 11.40 226.43  24.10  3  1.70  6.10 211.91  27.39  1.91 11.39 236.39  13.00  0.15 13.30 312.64   9.00
20060924 000000  8.4 187.3  2.55 11.15 225.73  25.38  3  1.88  6.78 215.93  29.14  1.72 11.15 235.70  12.73  0.15 13.09 312.30   9.33
20060924 030000  7.6 174.5  2.36 10.88 226.76  25.18  4  2.30 10.88 226.57  25.27  0.42 15.00 224.19   7.69  0.27 18.77 228.92   8.45  0.15 12.85 312.51   8.95
20060924 060000  7.0 150.7  2.14 10.50 227.26  25.38  3  2.08 10.50 227.04  25.50  0.49 14.85 225.93   8.82  0.14 12.73 312.53   8.90
20060924 090000  6.0 137.6  1.95 10.30 227.61  25.45  4  1.85 10.29 227.20  26.04  0.56 14.44 226.13  10.21  0.27 11.83 235.00   0.00  0.14 12.67 311.94   9.53
20060924 120000  4.7 169.4  1.79  9.94 228.37  24.96  6  1.68  9.94 227.81  25.55  0.43 14.40 225.53   9.18  0.30 17.91 228.41  11.49  0.24 11.83 235.00   0.00  0.19 20.89 240.78  12.25  0.14 12.64 312.11   9.22
20060924 150000  6.2 171.3  1.68  9.69 228.41  24.48  6  1.50  9.69 227.25  25.85  0.51 11.76 231.11   9.78  0.37 14.42 225.25   7.72  0.31 20.20 239.97  14.61  0.24 17.75 227.50   7.71  0.14 12.62 311.64   9.73
20060924 180000  8.6 197.8  1.63  9.52 227.17  24.67  5  1.47  9.52 225.43  25.60  0.44 19.39 237.85  14.40  0.41 13.87 223.82   7.86  0.35 11.72 234.64   5.79  0.14 12.61 311.71   9.60
20060924 210000 10.1 201.7  1.79 19.06 224.39  25.33  5  1.62  9.15 221.82  26.02  0.54 19.06 238.16  14.65  0.38 11.26 232.06   9.77  0.35 13.71 224.54   8.18  0.14 12.59 311.44   9.88
20060925 000000  8.8 190.7  1.87 18.88 223.54  27.17  6  1.53  6.26 216.58  28.99  0.70  8.94 235.23  15.51  0.63 18.88 239.52  14.64  0.39 11.00 234.38  10.70  0.33 13.66 224.93   8.29  0.13 12.56 311.61   9.68
20060925 030000  6.1 175.2  1.79 18.54 225.65  27.45  6  1.56  6.48 221.36  28.73  0.60 18.73 234.21  10.30  0.39 13.53 226.98  10.93  0.35 18.03 260.37   5.65  0.31 10.64 236.50   8.13  0.13 12.50 311.75   9.64
20060925 060000  4.1 135.2  1.66 17.89 229.26  25.90  6  1.35  6.52 223.67  28.23  0.69 17.91 235.38  10.84  0.43 13.18 229.95  11.52  0.37 17.87 261.37   5.52  0.35 10.48 236.61  10.57  0.12 12.36 311.99   9.50
20060925 090000  2.2 117.7  1.60 17.69 232.65  23.39  5  1.13  6.46 225.13  27.31  0.74 17.80 234.50  10.62  0.72 12.74 234.97  12.57  0.46 16.98 259.95   5.49  0.12 12.05 312.42   9.00
20060925 120000  1.7 246.2  1.58 17.47 235.77  21.35  5  0.94  6.37 225.52  26.40  0.85 12.54 238.16  13.63  0.74 17.75 232.66   9.69  0.59 16.56 257.46   6.89  0.12 11.92 312.41   9.00
20060925 150000  6.4 217.3  1.63 16.71 238.20  20.10  4  1.23 12.42 233.71  21.60  0.75 17.43 231.74   8.90  0.74 15.89 255.52   7.73  0.12 11.87 312.33   9.10
20060925 180000  8.9 207.6  1.78 16.49 237.40  21.93  4  1.33 11.75 230.93  24.31  0.84 15.02 254.60   8.21  0.84 16.79 234.31  11.32  0.12 11.85 312.19   9.07
20060925 210000  8.7 203.9  1.93 16.39 236.99  23.60  5  1.13  4.95 219.17  28.74  0.91 11.69 243.72  13.24  0.91 16.59 234.82  10.78  0.89 14.48 256.17   7.11  0.12 11.84 312.16   8.99
20060926 000000  6.4 187.6  1.96 16.11 238.63  23.93  4  1.09  5.24 219.01  30.48  1.35 14.34 251.53  11.00  0.89 16.50 233.36  10.41  0.12 11.83 311.91   9.08
20060926 030000  7.9 189.6  1.94 15.38 240.00  23.87  4  0.97  5.28 215.10  31.66  1.33 13.63 252.96  10.98  1.02 15.81 236.25  11.36  0.12 11.81 311.64   9.21
20060926 060000 10.5 188.1  2.03 15.34 236.49  27.24  4  1.11  4.75 207.03  31.71  1.42 13.53 253.61   9.73  0.92 15.37 230.97   8.04  0.12 11.79 311.50   9.28
20060926 090000  9.3 177.7  2.09 15.19 234.14  29.75  4  1.23  4.97 204.32  33.43  1.25 13.19 255.37   9.60  1.13 15.40 236.80  11.62  0.11 11.76 311.46   9.25
20060926 120000  9.3 177.1  2.07 14.55 234.00  30.28  4  1.18  4.95 200.92  33.67  1.35 13.86 253.92  10.02  1.01 15.35 234.36  11.79  0.10 11.71 312.05   9.34
20060926 150000 11.2 192.9  2.18 14.36 231.08  30.34  4  1.35  5.08 201.95  31.00  1.69 14.36 246.64  14.25  0.23 18.56 241.62   8.48  0.10 11.60 312.13   9.12
20060926 180000 13.2 197.5  2.44 14.25 228.67  29.28  4  1.77  5.66 211.54  30.38  1.67 14.25 245.65  14.25  0.09 11.34 313.28   8.85  0.06 14.52 296.42  10.84
20060926 210000 14.2 200.1  2.82 13.96 226.41  29.40  6  2.38  6.48 218.23  30.70  1.14 13.35 253.04   9.93  0.90 14.41 229.90   8.58  0.42 16.95 244.71   9.20  0.08 11.17 312.63   9.16  0.06 14.49 297.68  11.79
20060927 000000 10.0 184.0  2.89 13.62 226.64  29.54  3  2.48  7.21 219.96  31.24  1.48 13.62 243.07  14.22  0.08 11.10 311.31   9.52
20060927 030000 12.2 188.7  2.86 13.45 226.06  29.09  3  2.35  7.35 217.40  31.22  1.62 13.45 242.01  13.50  0.08 11.06 310.90   9.59
20060927 060000 11.0 177.6  2.96 13.29 225.01  29.28  2  2.96 13.29 224.98  29.23  0.07 11.04 314.20   7.35
20060927 090000  9.0 171.4  2.92 13.10 227.76  28.02  1  2.92 13.10 227.76  28.02
20060927 120000  8.0 173.0  2.81 14.06 230.70  26.43  2  2.41 11.98 227.48  29.25  1.44 14.07 238.76  13.11
20060927 150000  8.6 197.0  2.73 13.65 232.36  24.42  1  2.73 13.65 232.36  24.42
20060927 180000 10.5 209.7  2.74 13.44 232.24  23.01  1  2.74 13.44 232.24  23.01
20060927 210000 11.2 201.4  2.84 13.28 230.31  23.60  1  2.84 13.28 230.31  23.60
20060928 000000  8.9 195.4  2.80 13.05 229.52  24.34  2  2.11  7.97 219.88  26.89  1.84 13.05 241.11  13.53
20060928 030000  8.4 184.4  2.63 12.70 229.83  24.27  3  1.95  8.08 220.29  27.44  1.77 12.70 240.30  13.36  0.07 16.62 315.19   7.56
20060928 060000  6.8 173.7  2.43 12.53 230.72  23.59  4  1.80  8.18 222.54  27.06  1.63 12.53 239.73  13.45  0.09 17.92 220.26   7.18  0.08 16.60 314.45   8.35
20060928 090000  6.0 157.8  2.26 12.41 231.17  22.94  3  1.64  8.22 223.47  26.88  1.56 12.41 238.85  13.43  0.08 16.58 314.41   8.23
20060928 120000  6.7 177.0  2.13 12.29 230.97  22.43  3  1.98 11.56 231.38  23.61  0.76 12.61 227.85   8.45  0.07 16.48 314.84   8.07
20060928 150000  7.6 201.1  2.04 11.95 229.68  22.15  4  1.84 10.24 230.15  23.96  0.87 12.37 227.30   8.00  0.15 16.70 223.96   7.81  0.09 15.79 313.85   8.47
20060928 180000  9.3 207.8  2.03 11.75 228.08  22.33  3  2.02 11.75 227.97  22.09  0.17 16.34 223.32   8.22  0.10 15.56 314.95   7.91
20060928 210000  9.9 207.0  2.13 11.63 226.16  23.35  3  2.12 11.63 226.00  23.09  0.19 16.02 226.26   9.73  0.11 15.53 314.80   8.38
20060929 000000  8.3 198.0  2.26 11.52 224.09  24.79  5  2.00  7.77 220.80  26.05  1.02 11.52 234.84  13.34  0.21 15.66 224.18   8.73  0.13 18.98 237.22   8.67  0.11 15.51 314.75   8.67
20060929 030000  7.1 193.8  2.20  7.95 224.31  24.87  5  2.03  7.95 222.52  25.86  0.79 11.33 232.92  13.02  0.23 17.92 236.28   9.08  0.23 15.23 225.09   8.19  0.10 15.48 314.85   8.46
20060929 060000  7.7 185.4  2.09  8.01 224.48  24.55  4  1.89  8.01 222.30  25.75  0.76 11.05 232.76  13.12  0.47 17.03 232.34  10.18  0.10 15.31 315.13   8.34
20060929 090000  5.0 165.4  2.00  7.96 225.66  23.69  5  1.77  7.96 223.39  25.23  0.71 16.67 234.01   9.11  0.59 11.19 229.88  12.46  0.11 14.65 315.14   8.14  0.05 12.59 311.47   9.17
20060929 120000  8.4 182.2  2.04 16.12 226.68  22.96  4  1.64  7.88 222.31  26.03  1.06 16.14 234.44   8.95  0.56 11.07 229.47  11.71  0.13 14.53 314.58   8.36
20060929 150000  6.6 200.5  2.18 15.53 228.93  20.97  3  1.50  7.77 220.96  25.82  1.57 15.55 235.08   9.60  0.15 14.51 314.86   8.39
20060929 180000 10.1 208.9  2.40 15.03 230.11  19.64  3  1.55  7.57 220.64  24.76  1.83 15.09 236.02   9.56  0.15 14.50 314.92   8.46
20060929 210000  9.5 202.1  2.62 14.58 230.05  20.73  3  1.70  7.01 218.53  25.54  1.99 14.58 237.42   9.89  0.14 14.47 314.90   8.54
20060930 000000  6.3 194.1  2.63 14.44 231.38  21.04  3  1.64  6.87 218.46  26.67  2.05 14.44 238.52  10.06  0.14 14.35 314.83   8.61
20060930 030000  6.9 190.3  2.55 14.21 233.21  20.41  4  1.47  6.86 219.00  27.05  1.68 13.37 241.26  10.44  1.21 15.15 235.77   8.47  0.15 13.77 314.86   8.59
20060930 060000  6.5 177.4  2.43 13.92 234.63  20.06  4  1.26  6.74 217.61  28.02  2.06 13.96 239.93  10.26  0.14 13.60 314.78   8.30  0.07 16.62 315.32   8.05
20060930 090000  5.0 173.5  2.30 13.70 236.19  19.13  4  2.03 13.71 240.42  10.43  1.06  6.50 216.88  28.20  0.15 13.56 314.68   8.33  0.08 16.59 315.21   8.16
20060930 120000  6.2 184.3  2.20 13.51 237.18  18.55  3  2.19 13.51 236.82  17.74  0.15 13.55 314.78   8.24  0.08 16.56 314.97   8.32
20060930 150000  5.7 196.5  2.12 13.40 237.72  18.41  4  0.89  6.01 217.87  28.16  1.92 13.39 241.07  10.88  0.15 13.53 314.79   8.29  0.08 16.50 314.86   8.11
20060930 180000 10.1 212.8  2.18 13.24 235.85  20.02  3  1.11  5.16 217.50  26.40  1.87 13.23 241.20  11.18  0.17 13.48 314.93   8.20
20060930 210000 10.3 207.5  2.30 12.89 233.59  22.53  4  1.44  5.43 219.79  27.80  1.79 12.88 241.10  11.27  0.15 13.35 314.86   8.35  0.08 15.61 315.84   7.32
20061001 000000  8.3 186.8  2.18 12.68 233.86  24.28  4  1.33  5.61 218.30  31.28  1.73 12.68 241.18  11.66  0.15 12.89 314.87   8.26  0.10 15.54 315.15   8.05
