Date     Time   Uabs UDir  hs    tp    th     sp     np hs(i) tp(i) th(i)  sp(i)
19800401 000000  6.1 191.6  1.80 14.25 226.33  32.11  6  1.19  7.88 221.66  22.29  1.17 12.84 213.83   7.58  0.60 15.60 307.95  12.67  0.18 10.10 268.05   6.37  0.18 11.65 316.61   8.04  0.05 15.45 249.49   5.31
19800401 030000  6.5 189.7  1.73 14.13 225.87  32.83  5  1.13  7.61 219.52  23.49  1.14 13.35 214.32   7.61  0.61 15.47 308.84  12.59  0.17  9.63 269.07   5.43  0.10 14.63 251.38   6.82
19800401 060000  5.5 179.5  1.67 13.86 226.09  33.43  6  1.12 13.52 215.32   7.63  1.06  7.38 217.98  24.94  0.60 15.41 309.01  12.50  0.17  9.63 268.66   5.92  0.16 13.80 251.57   7.40  0.06 21.90 312.69   7.95
19800401 090000  3.3 168.1  1.61 13.67 227.91  33.67  6  1.08 13.46 216.29   8.08  1.00  7.09 218.80  24.57  0.59 15.36 309.00  12.47  0.21 13.28 252.14   6.72  0.18  9.22 265.87   8.43  0.07 21.79 313.46   8.11
19800401 120000  1.8  76.3  1.56 13.34 230.35  33.69  6  1.09 13.23 217.89   8.98  0.90  6.73 220.28  24.40  0.59 15.31 308.90  12.54  0.27 12.66 253.30   5.84  0.17  9.42 266.47   7.29  0.08 21.76 314.23   8.31
19800401 150000  2.4 303.8  1.53 12.91 232.96  33.71  6  1.09 12.81 220.14  10.45  0.83  6.37 221.52  23.47  0.59 15.26 308.75  12.78  0.27 12.11 256.28   3.60  0.16  9.38 266.12   8.29  0.09 21.70 314.33   8.13
19800401 180000  5.4 244.2  1.53 12.69 236.20  33.76  6  0.80  6.16 226.22  25.98  1.10 12.63 221.68  10.87  0.60 15.20 309.00  12.52  0.33 11.78 256.60   3.96  0.16  9.15 266.36   7.80  0.11 20.97 313.03   8.20
19800401 210000  6.8 207.6  1.55 12.24 236.41  33.93  6  0.82  5.96 222.46  25.95  1.09 12.32 223.16  11.25  0.60 15.08 309.04  12.66  0.37 11.34 257.08   4.30  0.16  8.88 266.02   8.51  0.14 20.41 313.12   8.00
19800402 000000  5.0 171.3  1.51 12.21 237.49  34.83  5  1.06 12.16 223.84  11.32  0.76  5.69 219.41  27.98  0.59 14.80 309.08  12.85  0.46 10.78 256.80   7.39  0.16 20.35 313.59   8.13
19800402 030000  5.1 190.4  1.46 12.32 239.16  34.93  6  0.67  5.44 218.08  28.62  1.04 12.05 225.00  11.65  0.58 14.62 309.15  12.96  0.47 10.75 257.50   6.90  0.16 20.33 314.18   8.28  0.05 24.94 312.79   8.32
19800402 060000  5.3 176.2  1.42 12.20 240.59  35.10  9  0.60  5.17 216.07  29.93  0.94 11.88 227.63  11.93  0.50 14.53 306.04  13.10  0.49 10.10 257.08   7.19  0.42 14.44 216.71   6.49  0.28 12.53 318.89   6.20  0.16 20.22 313.79   8.40  0.07 24.71 311.78   9.03  0.06 22.02 247.56   7.37
19800402 090000  3.6 161.0  1.41 12.14 242.10  35.03  9  1.01 11.71 233.92  15.00  0.52  4.90 213.92  31.60  0.50 13.83 217.56   7.71  0.49 14.46 305.91  12.96  0.29 12.51 318.84   6.22  0.27 10.35 258.85   4.92  0.20 19.32 312.84   8.11  0.10 21.66 247.08   7.53  0.09 23.99 310.83   8.96
19800402 120000  3.0 147.4  1.46 13.79 243.43  33.78  7  1.10 11.76 235.75  15.25  0.57 14.41 309.39  12.92  0.56 13.84 218.90   8.26  0.42  4.66 215.99  31.98  0.24 19.06 312.88   8.03  0.17 20.97 245.48   8.57  0.10 23.47 311.40   8.55
19800402 150000  1.4 266.2  1.58 13.37 242.80  31.44  8  1.06 11.07 238.20  14.66  0.86 13.22 223.34  10.17  0.56 14.37 309.37  13.18  0.33  4.45 218.17  30.99  0.32 20.33 243.08   9.02  0.26 19.02 313.23   8.21  0.12 16.61 310.81   4.93  0.12 23.34 312.86   8.21
19800402 180000  4.6 242.2  1.79 12.92 241.52  27.91  6  1.54 12.76 232.55  15.60  0.66 19.08 240.46   9.15  0.55 14.35 309.56  12.92  0.25 19.01 313.84   8.36  0.14 23.25 313.13   8.50  0.13 16.62 311.05   4.89
19800402 210000  4.1 224.4  2.17 17.98 240.41  23.34  5  1.62 12.60 233.71  15.24  1.31 17.91 238.31   9.42  0.54 14.32 309.59  13.10  0.27 18.88 312.33   8.45  0.18 22.99 311.80   8.95
19800403 000000  3.7 201.1  2.66 17.35 240.39  19.91  4  2.59 17.29 237.14  12.14  0.53 14.28 309.57  13.17  0.29 17.95 311.97   8.27  0.21 22.12 310.89   8.94
19800403 030000  0.8 150.9  3.02 16.54 241.31  18.46  4  2.95 16.50 238.59  11.51  0.52 14.18 310.05  12.48  0.33 17.81 312.33   8.22  0.24 21.87 311.83   8.37
19800403 060000  3.8 207.7  3.18 16.18 242.30  18.12  5  3.11 16.19 239.74  11.59  0.42 13.93 306.67  12.47  0.35 17.78 312.78   8.45  0.30 11.88 317.18   8.21  0.26 21.80 312.88   8.37
19800403 090000  5.3 199.1  3.19 15.60 243.04  18.24  4  3.12 15.63 240.56  12.10  0.51 13.65 311.32  10.94  0.33 17.76 313.06   8.78  0.28 21.72 313.11   8.34
19800403 120000  1.8 165.6  3.10 15.38 243.69  18.51  5  3.03 15.39 241.14  12.46  0.47 13.55 309.94  12.23  0.32 21.39 312.19   8.23  0.28 17.73 313.99   8.05  0.19 15.46 314.84   7.74
19800403 150000  5.3 205.6  3.00 15.20 244.06  19.19  4  2.92 15.20 241.19  12.72  0.45 13.53 310.51  12.25  0.37 20.57 310.35   9.36  0.35 16.85 312.74   8.61
19800403 180000  8.2 194.2  2.92 14.58 243.28  21.42  4  2.83 14.60 239.95  14.86  0.45 13.54 310.48  12.72  0.40 20.43 311.62   8.48  0.37 16.61 311.89   8.64
19800403 210000  9.9 197.0  2.88 14.26 240.74  24.78  5  0.89  3.96 205.48  30.79  2.65 14.28 240.06  13.51  0.44 13.57 310.79  12.44  0.40 20.38 312.61   8.42  0.39 16.61 312.43   8.23
19800404 000000 10.7 192.9  2.87 13.84 236.99  27.88  5  1.24  4.85 205.76  30.75  2.49 13.86 239.04  14.15  0.43 13.66 311.69  10.70  0.40 20.31 312.82   8.35  0.38 16.61 313.25   8.44
19800404 030000  9.6 192.3  2.82 13.42 234.27  29.54  6  1.45  5.65 207.94  30.31  2.31 13.40 238.20  14.63  0.44 20.00 311.32   8.84  0.43 13.96 311.84  10.43  0.33 16.60 313.85   8.41  0.21 17.97 213.88   7.80
19800404 060000  9.6 201.3  2.74 12.98 232.81  30.16  6  1.57  6.14 212.06  29.89  2.12 12.95 236.83  15.00  0.48 19.23 310.75   8.92  0.44 14.30 312.16  10.10  0.26 17.83 213.85   7.45  0.26 16.59 313.95   8.36
19800404 090000  7.7 191.0  2.63 12.75 232.92  30.40  5  1.61  6.63 216.90  29.55  1.92 12.73 236.03  15.19  0.50 15.54 312.67   9.61  0.49 19.10 311.23   9.01  0.39 16.93 214.72   8.43
19800404 120000  5.4 184.0  2.52 12.59 233.95  29.92  6  1.80 12.53 235.10  15.59  1.53  7.19 221.54  28.70  0.53 16.67 215.95   8.42  0.48 19.06 312.23   8.93  0.39 15.48 311.46   9.45  0.31 12.81 315.48   8.51
19800404 150000  7.0 215.0  2.51 12.24 233.85  28.50  8  1.53  7.66 225.03  26.14  1.32 13.14 242.15  12.85  0.95 11.91 221.97  14.01  0.86 15.82 220.55  10.81  0.45 19.02 313.03   8.54  0.39 15.50 312.66   8.36  0.35 13.54 225.00   0.00  0.32 12.89 314.31  10.32
19800404 180000  8.6 202.0  2.67 15.46 231.33  27.35  7  1.57  7.88 223.66  26.15  1.76 13.34 232.24  15.33  1.01 15.74 218.52  10.03  0.46 18.84 311.92   8.89  0.37 15.50 313.42   8.36  0.37 12.66 245.00   0.00  0.31 12.97 314.55  10.00
19800404 210000  8.9 204.7  2.89 15.30 229.34  26.20  5  2.54 13.06 227.42  20.62  1.21 15.64 219.14  10.18  0.51 18.07 310.83   9.26  0.33 15.48 313.82   8.26  0.30 13.19 314.21  10.26
19800405 000000  8.7 191.0  3.07 14.61 227.55  25.82  3  2.99 14.51 224.39  19.44  0.54 17.87 310.91   9.18  0.42 15.41 313.98   9.27
19800405 030000  8.0 196.7  3.08 14.28 226.85  25.37  3  3.00 14.26 223.81  18.96  0.54 17.82 311.57   9.25  0.41 15.11 313.85   9.32
19800405 060000  7.4 190.8  2.96 14.06 226.38  25.15  5  1.47  7.68 219.81  28.13  2.48 13.85 224.50  13.42  0.51 17.80 312.52   9.06  0.41 14.45 313.78   9.26  0.09 24.39 211.80   7.60
19800405 090000  6.2 198.7  2.80 13.54 226.40  24.99  5  2.72 13.39 223.29  17.86  0.48 17.76 312.96   8.70  0.37 14.43 313.00   9.32  0.17 11.72 318.11   7.10  0.16 23.10 212.31   7.41
19800405 120000  3.9 209.9  2.67 13.37 226.50  25.15  4  2.58 13.26 223.15  17.29  0.49 17.52 312.48   8.67  0.40 14.43 313.98   9.13  0.27 22.25 213.13   7.36
19800405 150000  2.3 238.8  2.64 13.34 226.29  25.45  4  2.51 13.24 222.79  16.80  0.52 16.83 311.59   8.92  0.48 21.11 213.94   8.06  0.39 14.43 314.57   8.79
19800405 180000  4.8 231.8  2.73 13.45 225.11  24.93  4  2.54 13.34 222.01  16.26  0.74 19.72 214.59   8.93  0.55 16.69 311.40   9.13  0.37 14.42 314.91   8.65
19800405 210000  4.1 210.6  2.93 13.63 223.15  23.49  4  2.53 13.54 221.21  16.05  1.33 18.63 215.89   9.66  0.55 16.66 311.63   9.26  0.35 14.36 315.08   8.71
19800406 000000  5.0 170.2  3.15 16.93 221.16  21.71  4  2.49 13.82 220.40  15.90  1.82 17.77 215.60   9.26  0.53 16.65 312.13   9.25  0.34 14.13 315.23   8.63
19800406 030000  4.9 188.6  3.32 17.07 219.67  20.09  3  3.27 17.53 217.69  13.25  0.51 16.61 312.44   9.04  0.33 13.49 315.74   8.56
19800406 060000  7.3 183.0  3.46 17.08 218.43  19.26  3  3.41 17.42 216.71  12.91  0.48 16.49 312.63   8.88  0.33 13.48 315.32   8.64
19800406 090000  3.6 182.5  3.51 17.00 217.80  18.93  3  3.46 17.31 216.12  12.53  0.50 16.05 312.57   8.83  0.32 13.44 315.05   8.77
19800406 120000  2.0 345.4  3.48 16.88 217.60  18.93  3  3.43 17.12 215.82  12.02  0.51 15.73 312.26   9.02  0.32 13.45 315.03   8.75
19800406 150000  4.2 308.6  3.39 16.85 217.76  19.69  3  3.33 17.09 215.82  12.55  0.52 15.65 312.03   9.23  0.31 13.45 315.06   8.73
19800406 180000  3.8 246.1  3.26 16.82 217.75  19.94  3  3.21 17.09 215.70  12.39  0.52 15.63 311.59   9.34  0.32 13.45 315.94   8.58
19800406 210000  3.7 230.7  3.10 16.57 217.59  19.93  3  3.04 16.80 215.47  12.01  0.50 15.60 311.43   9.54  0.30 13.38 316.75   7.97
19800407 000000  4.5 202.1  2.91 16.30 217.50  20.15  2  2.86 16.45 215.28  11.80  0.56 15.53 313.10   9.48
19800407 030000  3.1 204.2  2.74 16.15 217.56  20.72  2  2.68 16.27 215.15  11.77  0.55 15.43 313.27   9.50
19800407 060000  2.8 202.1  2.57 15.87 217.79  21.57  3  2.51 16.13 215.05  11.77  0.48 15.32 312.18   9.76  0.27 12.61 316.56   8.47
19800407 090000  2.7 209.1  2.41 15.50 218.20  22.65  2  2.34 15.65 215.04  11.87  0.55 15.21 312.95   9.78
19800407 120000  2.1 189.4  2.24 15.32 218.70  23.71  2  2.18 15.38 215.09  12.11  0.54 15.07 312.51  10.01
19800407 150000  2.2 264.7  2.09 15.24 219.22  24.59  3  2.02 15.29 215.21  12.37  0.48 14.84 311.16  10.47  0.24 12.53 315.63   8.38
19800407 180000  4.2 235.4  1.98 15.12 219.80  25.33  2  1.91 15.19 215.52  13.05  0.52 14.68 311.75  10.41
19800407 210000  4.6 210.1  1.90 14.73 220.08  25.64  3  1.83 14.86 215.58  12.82  0.51 14.57 311.87  10.33  0.07 21.58 304.46  10.58
19800408 000000  3.9 200.7  1.90 14.47 220.68  25.55  3  1.83 14.46 216.16  12.71  0.50 14.50 311.90  10.46  0.08 20.87 304.45  10.54
19800408 030000  4.4 258.7  1.96 14.28 222.09  24.94  3  1.89 14.20 217.78  12.81  0.51 14.45 311.93  10.54  0.10 20.47 304.42  10.51
19800408 060000  6.0 218.2  2.02 14.14 223.44  24.45  3  1.95 13.85 219.38  13.39  0.50 14.43 311.81  10.76  0.11 20.38 304.19  10.81
19800408 090000  4.1 212.5  2.00 13.08 224.50  24.58  3  1.93 12.94 220.46  14.13  0.49 14.41 311.62  11.01  0.13 20.31 304.08  10.86
19800408 120000  2.4 280.9  1.91 13.38 225.78  25.12  3  1.85 13.07 221.54  14.79  0.48 14.37 311.61  10.88  0.14 20.14 303.88  10.88
19800408 150000  1.0 256.3  1.83 13.43 227.04  25.78  4  1.67 13.40 220.05  14.41  0.57 11.82 243.33   6.30  0.47 14.25 310.82  12.44  0.16 19.46 303.79  10.89
19800408 180000  3.9 278.0  1.79 13.38 228.69  26.74  4  1.60 13.33 220.66  16.06  0.64 11.48 243.90   7.25  0.46 13.91 310.87  12.16  0.18 19.13 304.07  10.80
19800408 210000  4.1 299.5  1.76 13.31 230.78  27.92  4  1.56 13.21 222.24  18.16  0.64 10.96 245.79   7.77  0.46 13.69 311.11  11.48  0.20 19.05 304.34  10.77
19800409 000000  1.7 271.5  1.73 13.21 233.35  29.32  4  1.52 12.92 223.96  20.27  0.64 10.95 249.86   8.05  0.46 13.61 311.14  11.28  0.21 19.00 304.07  10.92
19800409 030000  3.0 335.7  1.68 12.91 235.69  30.42  4  1.19 12.65 214.60  10.37  1.07 10.54 249.10  18.80  0.46 13.58 311.16  11.14  0.23 18.87 303.50  11.03
19800409 060000  3.4 325.8  1.64 12.66 237.91  31.86  4  1.12 12.51 214.07  10.31  1.08 10.29 250.93  20.49  0.46 13.59 311.37  10.83  0.25 18.35 303.06  11.08
19800409 090000  3.2 290.6  1.59 12.56 239.42  32.55  4  1.08 12.45 214.48  10.68  1.05 10.20 252.03  20.67  0.46 13.62 311.57  10.76  0.27 17.93 303.14  11.18
19800409 120000  5.2 346.1  1.56 12.51 240.85  33.82  5  1.08 12.40 215.19  10.76  0.99  9.88 255.64  22.92  0.46 13.67 311.69  10.91  0.28 17.84 303.59  11.41  0.12 13.56 250.21   6.09
19800409 150000  3.6 351.1  1.54 12.48 242.22  35.38  5  1.05 12.33 214.69  10.34  0.98  9.66 258.32  26.10  0.45 13.70 311.91  10.93  0.29 17.79 303.71  11.55  0.16 13.20 249.57   6.06
19800409 180000  1.5   5.9  1.51 12.42 242.27  35.27  5  1.03 12.03 214.57  10.36  0.94  9.36 258.66  24.69  0.43 13.60 312.00  10.98  0.32 17.72 302.99  11.50  0.16 12.70 249.89   5.80
19800409 210000  3.1 359.6  1.49 12.25 241.77  35.05  5  1.08 11.80 216.08  11.48  0.86  9.38 261.58  23.46  0.42 13.38 311.73  11.64  0.34 17.54 302.02  11.39  0.18 12.71 249.94   5.74
19800410 000000  9.5 331.0  1.66 11.91 254.86  45.63  6  0.78  3.71 326.43  30.89  1.12 11.70 216.25  11.44  0.74  9.23 259.14  11.36  0.41 13.25 312.25  10.97  0.36 16.98 301.52  11.41  0.24 12.47 249.99   6.16
19800410 030000 11.3 332.6  1.97 11.82 273.21  49.89  6  1.33  4.86 319.84  33.54  1.17 11.62 216.46  11.50  0.61  9.05 259.94   8.15  0.41 13.26 312.38  10.80  0.37 16.76 301.84  12.01  0.30 11.98 246.73   7.76
19800410 060000 14.2 356.0  2.43 11.79 307.03  55.28  6  1.94  5.72 340.14  33.47  1.22 11.59 217.63  12.46  0.52  8.96 261.98   7.24  0.42 13.28 312.16  11.38  0.37 16.69 302.27  12.35  0.27 12.01 248.31   4.70
19800410 090000 17.3 357.0  3.15  6.87 334.54  48.26  5  2.85  6.85 347.56  30.05  1.16 11.57 217.69  12.30  0.48  8.89 263.10   7.72  0.37 16.65 302.17  12.10  0.32 11.87 248.57   5.06
19800410 120000 20.0 352.1  4.28  8.33 338.32  38.57  5  4.10  8.31 343.31  29.35  1.04 11.32 217.64  11.56  0.41  8.86 262.59   9.28  0.39 16.59 301.58  11.92  0.34 11.74 248.68   5.14
19800410 150000 17.4 347.5  4.67  9.16 335.02  36.82  4  4.53  9.13 338.49  30.81  0.97 11.10 218.92  11.89  0.42 16.47 300.71  11.82  0.38 11.40 252.85   7.53
19800410 180000  4.6 274.9  3.85  9.33 319.17  41.81  4  3.67  9.24 325.42  35.22  1.06 11.19 220.48  12.78  0.43 16.23 300.05  11.75  0.21 11.06 245.00   0.00
19800410 210000  6.3 198.7  3.50  9.30 298.03  47.21  6  2.31  9.76 289.16  18.76  2.04  8.59 351.52  22.52  1.56 10.60 221.13  15.89  0.45 15.85 301.22  12.79  0.23 11.06 245.00   0.02  0.19 12.74 317.39   4.27
19800411 000000  9.4 186.5  3.43  9.56 273.09  48.97  5  2.28 10.07 225.47  23.55  2.00  9.72 292.08  17.08  1.51  8.41 352.23  19.66  0.43 15.75 300.40  13.11  0.35 12.72 315.07   7.34
19800411 030000  8.3 183.3  3.16  9.60 262.23  47.95  5  2.31  9.75 224.66  26.41  1.65  9.76 288.29  14.40  1.28  8.11 347.23  18.14  0.45 15.66 299.00  13.75  0.32 12.61 317.03   7.22
19800411 060000  8.7 179.0  2.78  9.68 259.81  47.79  7  1.68  8.98 216.36  27.59  1.59  9.68 284.91  16.53  1.03  7.86 348.68  15.72  0.82 10.90 217.45  10.92  0.57 10.27 244.58   7.36  0.44 15.61 299.13  13.56  0.33 12.56 315.34   7.84
19800411 090000  9.6 175.4  2.50 10.10 255.58  48.67  6  1.75  9.80 213.31  26.69  1.44 10.04 283.12  16.93  0.86  7.76 350.06  14.60  0.48 15.48 296.40  13.78  0.31 12.51 316.36   7.39  0.25 10.64 245.00   0.00
19800411 120000  7.3 170.0  2.32 10.19 251.51  48.41  7  1.67 10.30 211.91  27.58  1.32 10.11 280.87  16.57  0.74  7.46 350.55  14.37  0.46 15.47 297.69  13.36  0.31 12.49 317.12   7.43  0.17 10.33 245.00   0.03  0.06 21.78 307.42   8.23
19800411 150000  9.2 189.2  2.16 10.20 250.80  46.92  7  1.52 10.33 211.93  25.68  1.27 10.07 277.26  18.43  0.64  7.34 352.95  12.48  0.48 15.38 299.85  14.38  0.26 12.37 316.23   7.37  0.13 16.50 233.60  10.60  0.06 21.75 307.31   8.46
19800411 180000  8.9 195.6  2.13 10.17 244.74  45.41  7  1.59 10.26 212.86  25.23  1.17 10.09 275.40  18.69  0.57  7.26 354.54  11.06  0.46 15.32 299.04  13.92  0.28 12.32 315.52   9.12  0.17 15.82 232.76   9.72  0.07 21.66 307.63   8.51
19800411 210000  9.4 199.4  2.11 10.11 241.54  43.20  7  1.63 10.05 215.21  24.92  1.08 10.14 273.71  18.87  0.55 15.06 301.95  15.48  0.51  7.20 355.52  10.20  0.15 15.55 231.95   9.87  0.11 18.01 231.02   9.36  0.07 20.92 307.91   8.27
19800412 000000  9.8 195.2  2.18 10.01 235.05  41.17  8  1.79  9.71 214.69  25.79  1.00 10.29 272.56  17.57  0.49 14.90 299.41  14.19  0.44  7.13 355.37  10.08  0.23 11.85 315.77   8.84  0.18 14.99 231.17   9.53  0.12 17.91 230.17  10.06  0.10 20.42 307.63   8.24
19800412 030000  9.1 193.3  2.13  9.83 233.71  39.64  8  1.78  9.42 215.38  26.52  0.94 10.36 271.07  17.05  0.49 14.77 299.23  13.95  0.36  6.90 354.72  10.19  0.22 11.78 316.97   8.42  0.19 14.62 230.85  10.27  0.16 17.43 232.35   9.12  0.12 20.35 307.31   8.48
19800412 060000  8.5 195.9  2.04  9.71 234.03  38.40  8  1.69  9.44 215.44  25.92  0.93 10.49 269.34  16.53  0.49 14.68 302.20  13.33  0.30  6.74 354.32  10.08  0.21 14.40 232.38   8.52  0.19 16.90 230.93  10.17  0.18 11.55 314.33   6.60  0.13 20.32 307.26   8.79
19800412 090000  7.6 195.0  1.93  9.64 235.96  37.41  8  1.58  9.17 217.32  25.19  0.70 10.14 273.76  18.07  0.55 11.96 260.69   8.98  0.53 14.57 302.03  14.73  0.27  6.50 354.13  10.07  0.22 14.42 233.13   8.45  0.20 16.72 231.84   9.93  0.13 20.23 307.54   8.92
19800412 120000  6.3 185.4  1.82  9.60 237.73  37.03  8  1.46  9.12 218.07  24.34  0.65 10.10 274.58  17.29  0.56 11.78 258.96   7.30  0.53 14.47 301.14  15.17  0.25  6.35 354.30  10.02  0.21 16.52 231.90   9.22  0.20 14.23 228.14   7.31  0.15 19.59 307.62   8.72
19800412 150000  9.6 206.8  1.81  9.60 236.30  36.42  7  1.45  9.07 216.67  23.09  0.83 11.52 267.52  15.18  0.51 14.46 301.84  15.17  0.31 13.66 235.10  10.55  0.23  6.23 354.32  10.09  0.22 16.35 230.08   9.07  0.18 19.09 307.69   8.40
19800412 180000 10.9 204.4  1.96  9.84 230.30  35.96  7  1.66  8.97 214.93  24.90  0.77 11.46 266.74  14.78  0.52 14.39 301.26  15.93  0.30 13.57 234.03   9.52  0.23 15.88 230.20  10.13  0.22 19.01 307.63   8.72  0.19  6.09 354.51   9.94
19800412 210000 11.6 199.9  2.13  5.72 225.28  35.06  8  1.88  5.70 213.40  25.89  0.73 11.21 265.73  14.65  0.51 14.39 301.63  15.52  0.27 13.58 231.47   8.12  0.23 18.98 306.94   8.87  0.23 15.78 229.93  10.29  0.13  5.98 355.06   9.25  0.07 21.76 316.90   7.14
19800413 000000 10.5 196.7  2.11  6.03 222.38  35.68  7  1.89  6.03 211.24  27.33  0.66 11.04 264.65  13.38  0.49 14.37 303.20  13.64  0.39 13.54 232.60  11.01  0.24 18.92 306.94   9.09  0.09  5.91 354.17   9.93  0.06 21.76 319.68   5.09
19800413 030000  9.7 188.4  2.01  6.03 221.81  36.72  5  1.77  6.02 209.03  27.25  0.64 10.85 265.77  14.99  0.50 14.23 301.49  14.95  0.41 12.94 233.45  11.16  0.27 18.61 307.95   9.34
19800413 060000  8.7 182.3  1.83 13.99 223.88  38.17  6  1.35  6.00 205.79  30.83  0.80  9.18 214.36   9.65  0.60 10.77 265.36  13.74  0.49 14.04 301.77  14.32  0.43 12.84 234.32  11.94  0.32 17.90 308.05   9.09
19800413 090000  7.6 174.2  1.70 13.65 225.60  39.73  7  1.22  5.87 204.31  30.61  0.72  9.06 213.00   9.18  0.58 10.44 265.17  13.25  0.47 13.78 301.73  14.24  0.44 12.86 233.99  11.73  0.33 17.77 306.64   8.36  0.13 20.36 319.13   5.25
19800413 120000  8.7 168.8  1.61 17.72 225.58  41.60  7  1.14  5.87 201.43  31.29  0.67  8.93 212.34   9.20  0.55 10.48 264.97  12.42  0.46 13.67 301.47  14.33  0.42 13.24 233.49  12.12  0.35 17.73 306.72   8.88  0.16 20.25 316.54   6.54
19800413 150000  9.8 178.3  1.68 17.72 219.52  42.13  5  1.42  5.76 200.37  27.57  0.51 10.75 264.76  11.72  0.45 13.62 300.89  15.02  0.41 13.26 232.55  12.06  0.41 17.75 308.63   9.53
19800413 180000 11.7 186.5  1.97  5.95 213.46  38.46  5  1.76  5.94 200.96  25.72  0.49 10.74 265.04  10.35  0.44 17.76 309.09   9.78  0.44 13.62 300.89  14.90  0.40 12.78 231.99  10.52
19800413 210000 13.0 190.0  2.21  6.32 212.21  36.09  6  2.04  6.32 203.24  25.92  0.46 10.71 262.46   8.34  0.43 13.60 300.99  14.67  0.42 17.14 308.18  10.13  0.36 12.07 231.38  10.54  0.18 19.10 315.95   3.30
19800414 000000 13.4 184.1  2.33  6.48 210.18  36.65  6  2.17  6.48 202.46  27.80  0.43 12.72 262.77   8.24  0.42 16.66 306.09   8.86  0.38 13.55 303.35  12.01  0.34 12.15 231.46  10.86  0.26 18.89 317.87   5.08
19800414 030000 11.6 170.8  2.24  6.66 209.48  39.19  5  2.07  6.66 200.46  29.82  0.55 12.55 253.03  17.57  0.52 16.69 309.38   9.52  0.35 13.48 303.72  11.84  0.09 15.80 234.46  12.21
19800414 060000  9.2 173.1  2.00  6.66 212.40  41.79  5  1.81  6.66 200.33  30.30  0.55 16.75 309.80   9.56  0.44 12.57 247.44  19.66  0.33 13.45 304.19  11.32  0.32 10.81 264.79   7.64
19800414 090000  9.1 164.0  1.84 16.85 214.73  44.06  5  1.62  6.58 198.94  29.86  0.58 16.86 310.12   9.72  0.55 12.50 255.34  17.57  0.32 13.40 304.26  11.23  0.05 17.90 216.18   8.84
19800414 120000  8.3 179.9  1.70 16.86 218.45  45.59  6  1.46  6.49 199.09  29.20  0.60 16.86 310.12   9.98  0.49 12.08 258.81  11.44  0.34 13.13 301.32  13.21  0.19 11.87 218.91   6.92  0.06 17.80 216.89   9.57
19800414 150000  8.9 176.9  1.63 16.65 220.36  46.27  7  1.37  6.35 198.83  28.42  0.60 16.65 310.18  10.03  0.48 11.98 259.92  10.87  0.33 13.18 304.32  11.15  0.20  9.29 200.88   6.25  0.20 12.11 219.56   9.68  0.06 17.72 214.57   8.00
19800414 180000  8.9 190.1  1.60 16.47 223.44  46.19  6  1.34  6.16 200.88  27.00  0.67 16.47 309.87   9.99  0.51 11.99 255.34  18.20  0.16 12.62 300.19   4.99  0.12 10.99 317.05   7.13  0.08 17.49 220.46  11.43
19800414 210000 10.8 192.3  1.75 16.39 221.96  43.29  5  1.51  5.80 203.95  25.04  0.67 16.39 310.59   9.65  0.50 11.89 255.27  19.81  0.24 12.77 308.22   8.76  0.09 17.00 223.06  11.84
19800415 000000 13.5 176.6  2.06 16.31 212.16  42.53  6  1.87  6.02 199.68  28.07  0.68 16.31 311.06   9.46  0.46 11.77 261.32  14.17  0.23 12.73 308.00   8.83  0.08 16.71 215.44   8.31  0.07 20.15 233.42   7.84
19800415 030000 10.4 167.6  2.11  6.59 211.93  42.81  7  1.92  6.59 200.36  30.22  0.69 16.10 311.05   9.53  0.41 11.65 260.88  11.20  0.25 11.81 205.13  10.98  0.24 12.76 304.79  10.70  0.09 19.65 233.62   7.97  0.08 16.75 216.10   7.38
19800415 060000 10.2 165.6  2.02 15.77 212.96  43.91  7  1.82  6.85 200.28  31.02  0.69 15.77 310.72   9.84  0.40 11.57 260.72  11.64  0.29 11.56 203.82   9.89  0.21 12.73 307.91   8.70  0.11 19.20 234.34   7.70  0.10 16.54 218.11   9.25
19800415 090000  9.3 167.3  1.92 15.63 215.27  44.82  5  1.70  6.91 201.14  31.20  0.74 15.63 310.37   9.99  0.36 11.31 203.16   9.36  0.36 11.35 260.13  11.24  0.17 18.86 228.90  11.41
19800415 120000  8.0 177.1  1.82 15.57 219.07  45.48  5  1.56  6.83 202.61  30.32  0.75 15.57 310.81   9.65  0.41 10.89 202.97   9.35  0.35 11.20 260.84  12.31  0.19 18.41 230.91  10.06
19800415 150000  8.8 181.4  1.76 15.54 222.19  45.66  5  1.47  6.66 203.78  29.13  0.76 15.53 310.87   9.69  0.43 10.84 203.73   8.58  0.35 11.10 259.34  11.82  0.22 17.86 231.93   9.46
19800415 180000  8.5 197.8  1.73 15.51 225.02  44.64  5  1.43  6.51 206.84  27.85  0.76 15.49 311.05   9.59  0.46 10.74 203.02   8.32  0.33 11.05 259.04  11.79  0.25 17.68 231.64  10.13
19800415 210000  8.6 196.3  1.74 15.49 226.66  43.11  5  1.45  6.48 209.83  26.49  0.76 15.41 311.26   9.44  0.45 10.64 202.63   8.37  0.32 11.01 259.29  12.21  0.27 17.24 232.73   9.60
19800416 000000  8.5 187.8  1.71 15.43 227.87  43.34  5  1.41  6.52 210.92  26.93  0.75 15.25 311.27   9.49  0.44 10.50 202.11   8.10  0.30 16.70 232.06  10.19  0.27 11.01 259.93  12.61
19800416 030000  5.7 180.4  1.62 15.01 231.02  44.49  5  1.30  6.44 211.50  27.46  0.75 14.91 311.24   9.51  0.45 10.43 202.52   8.34  0.31 16.54 232.45  10.23  0.28 11.00 260.24  12.06
19800416 060000  4.3 180.6  1.50 14.91 237.33  45.47  6  1.12  6.35 213.23  26.65  0.76 14.77 311.15   9.50  0.46 10.36 202.15   8.67  0.33 16.08 231.97  11.05  0.30 10.91 260.11  12.09  0.05 22.87 311.85   8.52
19800416 090000  3.6 197.5  1.39 14.86 244.26  46.41  6  0.97  6.17 214.87  25.95  0.77 14.69 311.10   9.47  0.45 10.30 202.40   8.83  0.34 15.62 231.39  11.56  0.29 10.68 261.30  11.95  0.07 21.98 311.47   8.42
19800416 120000  5.7 191.1  1.31 14.76 250.20  47.33  6  0.83  5.91 214.97  25.84  0.78 14.64 311.11   9.40  0.45 10.24 201.22   7.47  0.34 15.47 231.07  12.15  0.31 10.51 259.43  13.46  0.09 21.81 311.91   8.13
19800416 150000  5.4 221.1  1.25 14.66 255.91  47.75  6  0.74  5.61 216.59  26.88  0.78 14.62 311.13   9.39  0.44 10.20 200.87   7.37  0.34 15.00 231.05  12.32  0.29 10.46 260.31  13.11  0.10 21.71 311.84   8.54
19800416 180000  7.2 227.1  1.24 14.61 258.55  46.90  6  0.72  5.31 220.92  27.38  0.78 14.61 311.19   9.34  0.44 10.14 201.09   8.00  0.33 14.59 230.26  13.35  0.29 10.44 261.31  12.31  0.11 21.55 311.51   8.69
19800416 210000  2.7 224.7  1.17 14.60 264.64  46.76  6  0.77 14.63 311.17   9.38  0.64  4.76 223.74  30.61  0.41 10.06 200.77   7.82  0.33 14.51 232.10  14.75  0.28 10.40 261.92  12.50  0.14 20.79 311.33   8.35
19800417 000000  2.5 327.7  1.09 14.59 272.83  45.64  6  0.76 14.64 311.24   9.27  0.51  4.29 227.39  33.22  0.40  9.86 201.27   8.08  0.29 10.35 262.62  12.04  0.29 14.48 235.27  11.01  0.17 20.45 311.41   8.07
19800417 030000  5.2 343.7  1.05 14.51 281.51  43.14  6  0.75 14.62 311.24   9.21  0.45  4.04 251.33  45.38  0.36  9.84 201.30   8.49  0.30 13.76 234.26  11.81  0.29 10.39 262.97  11.55  0.19 20.35 311.66   7.99
19800417 060000  4.9   4.9  1.11 14.29 285.00  40.56  7  0.74 14.54 311.16   9.35  0.54  4.47 281.54  44.79  0.49 13.51 243.69  16.76  0.30  9.64 201.68   9.22  0.21 20.19 310.90   8.59  0.08 11.83 265.00   0.00  0.07 17.84 242.77   6.68
19800417 090000  5.7 353.4  1.43 13.99 270.18  37.05  6  1.18 10.81 253.85  30.08  0.74 14.41 311.34   9.13  0.23 19.81 310.63   8.46  0.23  9.52 200.87   7.58  0.08 17.77 244.08   7.84  0.05 20.57 213.83   7.05
19800417 120000  4.2 346.9  1.84 10.02 259.86  31.95  5  1.66  9.99 249.19  24.20  0.74 14.29 311.35   9.10  0.26 19.24 310.82   8.33  0.13 16.80 242.61   7.03  0.07 20.38 215.38   7.89
19800417 150000  0.1 206.3  1.97  9.68 258.73  29.15  5  1.80  9.67 249.75  20.85  0.73 14.21 311.43   8.99  0.29 19.10 311.04   8.21  0.16 16.64 239.06  10.13  0.09 20.09 214.90   8.11
19800417 180000  5.3 185.7  1.96  9.67 259.01  28.90  5  1.78  9.66 250.18  20.52  0.72 14.13 311.25   9.16  0.31 18.99 311.35   7.92  0.21 16.31 237.17  12.55  0.10 19.47 214.27   7.36
19800417 210000  7.2 191.6  1.98 10.13 255.52  31.03  5  1.79 10.11 246.99  23.22  0.70 14.10 311.25   9.12  0.34 18.71 310.31   8.39  0.34 15.59 231.50  11.76  0.12 19.31 214.62   7.67
19800418 000000  9.3 188.2  2.23 13.78 245.35  32.91  5  1.77 10.16 242.95  27.74  1.10 13.59 225.17  10.33  0.68 14.08 311.35   8.93  0.36 18.13 309.83   8.42  0.14 19.28 215.16   7.84
19800418 030000  7.8 183.6  2.60 13.12 235.62  31.63  5  2.48 12.83 229.86  24.34  0.66 14.06 311.23   9.04  0.39 17.92 309.99   8.53  0.16 19.21 214.29   8.69  0.06 23.30 304.43   9.09
19800418 060000  7.0 184.5  2.69 12.40 232.84  30.38  5  2.57 12.30 227.50  22.57  0.65 14.05 311.22   9.02  0.41 17.85 310.42   8.50  0.20 18.37 214.97   8.10  0.06 23.29 304.46   9.05
19800418 090000  8.1 193.2  2.56 11.72 231.79  31.41  5  2.43 11.66 225.86  22.86  0.64 14.01 311.03   9.10  0.43 17.76 310.89   8.10  0.23 18.17 215.05   8.30  0.06 23.26 304.60   8.92
19800418 120000  6.1 183.5  2.35 11.12 232.48  33.34  6  2.16 11.07 224.66  24.11  0.62 13.93 311.13   9.01  0.46 17.52 310.16   8.30  0.43 14.16 240.06   5.74  0.25 18.10 215.54   7.91  0.08 22.64 304.42   8.99
19800418 150000  6.1 192.5  2.12 10.72 235.11  34.86  7  1.76 10.82 218.99  20.30  0.74 10.03 262.70  10.82  0.60 13.82 310.95   9.15  0.48 16.96 309.54   8.30  0.43 13.69 237.76   7.72  0.27 17.98 215.83   7.98  0.10 21.86 304.00   9.37
19800418 180000  8.0 204.5  1.99 10.24 236.41  35.87  7  1.61 10.37 219.10  21.28  0.64  9.72 263.35  10.11  0.59 13.72 311.21   9.01  0.53 13.38 236.80   7.68  0.48 16.77 308.87   8.46  0.30 17.62 215.92   8.09  0.13 21.79 304.19   9.32
19800418 210000  8.6 207.0  1.96 16.72 235.89  36.51  7  1.58  9.96 218.58  22.35  0.60  9.50 261.35  10.00  0.57 13.63 310.76   9.08  0.54 13.26 234.61   9.97  0.50 16.69 309.43   8.86  0.31 17.39 216.32   8.17  0.13 21.78 304.27   9.28
19800419 000000  7.6 192.5  1.90 16.65 236.28  37.59  6  1.63  9.49 223.23  25.76  0.56 13.56 310.76   9.12  0.52 16.63 309.64   8.83  0.51 12.89 236.15   9.41  0.32 17.26 216.46   8.31  0.13 21.73 304.40   9.06
19800419 030000  5.0 191.0  1.82 16.54 237.55  38.53  6  1.52  9.11 222.87  25.50  0.57 16.53 309.86   8.65  0.53 13.40 310.61   9.21  0.51 12.62 233.40  12.02  0.33 16.88 216.73   8.52  0.16 21.00 304.12   8.96
19800419 060000  5.3 187.1  1.76 16.34 238.97  38.92  7  1.41  8.88 221.45  23.76  0.59 16.33 309.65   8.31  0.55 12.47 231.61  11.98  0.51 13.35 310.37   9.73  0.33 16.50 216.98   8.65  0.21  9.78 265.09   7.22  0.21 20.44 303.62   9.26
19800419 090000  5.6 190.5  1.75 15.90 238.17  39.01  6  1.42  8.91 220.94  23.02  0.60 15.85 309.06   8.54  0.54 12.33 231.72  11.93  0.49 13.33 310.72   9.36  0.34 16.34 216.79   9.07  0.23 20.38 303.69   9.51
19800419 120000  5.3 185.4  1.76 15.69 236.18  38.53  6  1.47  9.04 219.35  21.23  0.58 15.69 308.73   9.04  0.51 13.36 310.55   8.88  0.42 11.91 239.22   5.10  0.33 16.10 217.31   9.33  0.23 20.36 303.87   9.56
19800419 150000  5.7 190.8  1.78 15.59 234.30  38.06  6  1.50  9.47 218.56  20.20  0.59 15.59 308.75   8.97  0.48 13.30 310.54   9.23  0.39 11.90 235.93   7.48  0.34 15.60 217.36   9.31  0.23 20.32 304.31   9.24
19800419 180000  8.3 203.2  1.83 15.52 232.23  37.84  7  1.52  9.74 216.15  19.42  0.60 15.53 308.93   8.99  0.50 11.72 232.03   8.03  0.47 13.27 310.51   9.23  0.33 15.38 218.17   9.70  0.26 19.83 304.12   8.91  0.15  9.38 269.12   5.44
19800419 210000  9.9 204.1  2.04 15.45 228.45  37.00  4  1.84  9.81 216.54  20.96  0.76 15.46 309.63   9.05  0.34 19.13 303.53   9.09  0.31 15.32 218.45   9.96
19800420 000000  9.0 190.0  2.13 15.34 226.80  37.22  4  1.93  9.89 215.40  22.11  0.76 15.37 309.63   9.02  0.38 19.06 303.33   9.47  0.31 15.17 218.81   9.81
19800420 030000  7.5 189.1  2.12 15.15 226.18  36.77  5  1.93  9.91 215.23  21.90  0.65 15.20 309.24   8.96  0.37 19.04 303.35   9.73  0.36 12.53 310.27   9.40  0.31 14.73 219.43  10.16
19800420 060000  6.3 177.0  2.05  9.90 226.20  36.07  5  1.87  9.84 215.54  21.00  0.62 14.86 308.69   8.93  0.36 12.55 310.76   9.73  0.34 19.03 303.77   9.67  0.32 14.50 218.90  10.61
19800420 090000  4.8 182.4  1.96 14.60 227.11  36.05  6  1.77  9.77 215.81  19.87  0.60 14.67 308.35   9.05  0.36 12.54 310.61   9.72  0.35 18.90 304.32   9.14  0.29 14.43 217.83   9.47  0.10 18.71 235.61  10.28
19800420 120000  5.6 199.8  1.90 14.52 228.81  36.94  6  1.70  9.86 215.76  18.72  0.59 14.57 308.19   9.04  0.42 18.08 304.11   8.86  0.36 12.53 310.46   9.89  0.21 14.58 220.12   8.77  0.12 18.59 229.62  14.10
19800420 150000  5.8 197.2  1.87 17.86 230.64  38.30  4  1.66 10.01 215.49  17.97  0.68 14.50 308.82   9.38  0.51 17.86 303.81   9.03  0.08 19.17 214.23   8.18
19800420 180000  7.8 208.9  1.83 17.82 231.25  39.24  5  1.61  9.91 214.81  18.16  0.67 14.44 309.02   9.29  0.53 17.81 303.68   9.32  0.12 17.61 236.19   8.48  0.09 19.16 213.83   7.69
19800420 210000  6.6 206.9  1.77 17.80 231.68  40.10  6  1.53  9.75 214.43  19.77  0.66 14.38 309.17   9.29  0.51 17.80 303.69   9.52  0.23 13.73 222.18   7.19  0.12 17.04 241.63   6.16  0.12 19.00 217.98  10.15
19800421 000000  4.5 181.0  1.65 17.77 233.31  41.02  7  1.41  9.61 214.54  20.44  0.65 14.32 309.33   9.27  0.47 17.78 304.01   9.42  0.22 13.70 224.76   9.13  0.15 18.75 218.56  10.19  0.12 16.88 241.52   6.35  0.08  7.40 283.35   8.14
19800421 030000  5.0 215.7  1.56 17.68 235.20  41.60  8  1.30  9.53 213.86  19.83  0.62 14.22 309.32   9.32  0.48 17.66 304.56   9.05  0.20 11.37 247.78   4.53  0.20 15.73 237.38   8.49  0.19 18.41 222.52  11.42  0.11 13.54 225.00   0.00  0.10  7.22 281.95   8.07
19800421 060000  3.8 204.8  1.53 17.27 238.18  42.20  7  1.26  9.60 214.69  19.49  0.60 14.05 309.12   9.42  0.53 17.13 304.70   8.75  0.24 18.00 225.03  11.31  0.18 15.69 237.77   7.25  0.16 11.11 249.09   4.92  0.12  7.07 282.55   7.91
19800421 090000  2.3  27.2  1.52 16.79 241.94  42.80  5  1.20  9.66 215.11  19.14  0.60 16.75 304.62   8.77  0.58 13.75 309.04   9.40  0.39 17.62 230.66  11.19  0.14  7.05 283.85   7.89
19800421 120000  4.2 320.2  1.50 16.70 245.64  43.51  8  1.07  9.45 213.60  22.93  0.63 16.68 304.64   8.89  0.58 13.61 309.03   9.40  0.44 17.02 229.76  11.04  0.27 12.73 227.66   6.90  0.26 10.77 243.33   6.95  0.17 14.34 239.45   6.38  0.17  7.12 284.68   9.51
19800421 150000  4.0 298.2  1.48 16.64 246.98  42.67  6  1.00  9.25 213.65  21.77  0.61 16.61 230.88  10.41  0.61 16.65 304.64   9.03  0.57 13.53 309.09   9.38  0.27 10.84 242.65   6.90  0.19  7.15 285.30  11.02
19800421 180000  1.6 262.5  1.45 16.57 247.75  41.62  5  0.89  8.95 213.26  21.78  0.77 16.22 232.20  10.75  0.58 16.63 304.70   9.11  0.56 13.48 309.26   9.22  0.21  7.08 285.90  11.25
19800421 210000  4.8   1.0  1.44 16.46 250.23  42.17  5  0.85 15.71 232.47  10.61  0.83  8.78 215.01  32.07  0.58 16.56 305.14   8.97  0.54 13.44 309.63   9.07  0.23  6.97 290.04  24.23
19800422 000000  4.5 351.5  1.46 16.30 253.50  41.88  5  0.93 15.43 232.33  10.57  0.75  8.50 219.40  38.07  0.60 16.44 305.51   8.66  0.52 13.41 309.86   9.13  0.29  6.90 304.59  32.34
19800422 030000  4.3 355.2  1.50 15.90 255.99  41.17  6  0.42  3.76 319.03  32.64  1.00 14.99 232.28  10.61  0.62 16.17 305.74   8.61  0.60  8.47 210.34  12.57  0.50 13.37 310.04   9.07  0.24  6.85 287.17   7.77
19800422 060000  2.7 340.3  1.53 15.61 256.40  40.06  6  1.07 15.04 232.10  10.74  0.63 15.79 305.93   8.63  0.53  8.19 210.27  12.42  0.51  4.07 307.46  28.46  0.48 13.31 310.00   9.24  0.05 21.76 306.13   8.72
19800422 090000  3.8 340.8  1.54 15.50 255.44  38.98  6  1.13 15.08 231.90  10.81  0.62 15.65 306.07   8.73  0.52  4.21 306.08  26.58  0.47 13.19 309.27  10.05  0.46  7.95 209.60  11.91  0.06 21.63 306.32   8.69
19800422 120000 12.6   0.0  1.70 15.41 268.09  47.67  6  0.85  3.77 336.18  32.20  1.17 14.66 231.54  11.03  0.60 15.58 306.08   8.80  0.44 12.85 309.90   9.59  0.40  7.97 209.88  12.43  0.29  6.71 288.82   7.95
19800422 150000 13.4 355.3  2.24 15.31 304.02  51.19  7  1.73  5.45 337.37  32.90  1.18 14.39 231.16  11.25  0.57 15.52 306.36   8.78  0.43 12.66 309.37  10.16  0.31  7.72 208.39  10.70  0.18  8.74 289.15   7.40  0.09 20.42 306.50   8.46
19800422 180000 15.5 343.9  2.80 15.21 314.59  44.52  5  2.46  6.54 330.64  30.58  1.18 14.31 230.98  11.57  0.58 15.47 306.65   8.67  0.22  8.21 208.02  10.30  0.10 20.36 306.13   8.60
19800422 210000 14.7 342.7  3.32  7.66 313.16  39.95  5  3.04  7.66 323.62  30.11  1.20 14.29 230.91  11.70  0.57 15.41 306.65   8.56  0.14  8.33 205.70   8.31  0.11 20.35 305.51   9.09
19800423 000000  9.9 328.4  3.22  8.27 303.54  40.25  6  2.88  8.26 315.85  31.04  1.28 14.16 230.77  11.78  0.56 15.34 307.10   8.68  0.33 12.51 311.61   7.63  0.11 20.30 305.51   9.26  0.09  8.38 204.35   7.11
19800423 030000  7.6 317.7  2.88 14.18 293.02  41.19  6  2.45  8.29 310.34  30.65  1.37 13.74 230.72  11.95  0.55 15.23 307.51   8.72  0.30 12.44 311.60   8.02  0.12 20.11 305.82   8.70  0.08  8.35 204.12   7.31
19800423 060000  6.0 303.5  2.56 13.63 284.97  41.78  5  2.06  8.04 307.78  29.87  1.40 13.48 230.44  11.78  0.51 14.93 307.90   8.89  0.23 12.57 309.89   6.65  0.14 19.26 306.37   8.82
19800423 090000  5.2 300.6  2.38 13.33 276.70  41.74  4  1.82  7.95 304.98  29.00  1.45 13.28 229.80  11.87  0.48 14.70 308.19   8.85  0.17 19.08 305.70   8.94
19800423 120000  4.2 349.8  2.29 12.96 268.89  41.31  4  1.64  7.93 302.29  28.40  1.52 12.97 228.81  12.60  0.45 14.59 308.48   8.89  0.19 19.04 305.24   9.10
19800423 150000  1.4  13.2  2.16 12.77 263.99  40.57  5  1.47  7.85 300.74  26.91  1.28 12.71 231.44  10.82  0.81  8.75 219.36  14.66  0.45 14.54 308.85   9.02  0.19 19.01 305.42   9.63
19800423 180000  1.7 304.9  2.00 12.72 261.27  39.36  6  1.29  7.76 298.34  26.62  1.26 12.61 232.53  11.17  0.71  8.00 216.02  13.65  0.46 14.51 309.00   9.38  0.19 18.96 305.35   9.81  0.11 11.83 310.82   4.93
19800423 210000  2.0 359.4  1.89 14.23 259.35  37.49  6  1.35 12.60 230.50  14.77  1.16  7.65 295.14  27.57  0.45 14.48 308.74   9.45  0.39 14.76 238.15   7.47  0.21 18.74 305.51   9.74  0.15 11.67 315.10   6.72
19800424 000000  5.2 358.0  1.89 14.16 257.49  35.56  6  1.45 12.55 235.78  16.44  1.03  7.36 296.47  29.42  0.43 14.44 309.40   8.86  0.35 14.66 238.50   6.89  0.24 18.06 305.70   9.52  0.16 11.65 311.49   8.93
19800424 030000  6.0   5.3  1.94 13.21 256.06  34.97  5  1.68 12.48 240.22  16.90  0.82  7.45 316.35  24.77  0.42 14.40 309.20   9.69  0.27 17.88 305.45   9.75  0.15 11.62 311.11   8.46
19800424 060000  5.2 353.4  1.97 13.32 254.26  34.57  7  0.81  7.18 316.49  27.81  1.46 11.57 242.99  16.40  0.90 13.47 230.74  10.93  0.41 14.36 309.55   9.97  0.29 17.82 305.46   9.90  0.14 11.62 313.79   6.49  0.05 22.62 229.49   9.35
19800424 090000  5.3 349.9  1.95 13.25 252.24  34.14  5  0.77  7.23 315.65  27.79  1.43 11.53 241.24  16.05  0.95 13.18 231.47  11.30  0.42 14.32 310.96   9.86  0.29 17.79 305.51  10.01
19800424 120000  8.8 347.8  1.92 13.09 253.08  37.08  5  0.80  4.78 323.44  28.77  1.67 12.67 237.42  15.88  0.40 14.25 311.67   9.57  0.29 17.73 305.67  10.00  0.09 21.84 232.23   9.01
19800424 150000  2.5   6.1  1.85 12.82 252.69  36.41  4  1.78 12.62 248.35  34.41  0.39 14.08 311.62   9.69  0.30 17.59 305.52   9.80  0.11 21.66 234.20   8.92
19800424 180000  2.0 173.5  1.91 12.70 250.38  32.90  4  1.83 12.54 246.23  30.20  0.38 13.71 311.28   9.89  0.34 17.29 305.69   9.69  0.13 21.47 235.32   8.52
19800424 210000  2.4 213.1  2.13 12.67 248.11  30.18  4  2.06 12.50 244.64  27.32  0.37 13.57 311.10  10.08  0.36 16.97 305.61   9.63  0.16 20.80 236.25   8.27
19800425 000000  3.5 185.7  2.21 12.63 245.78  30.27  5  1.97 12.37 248.73  25.40  0.83 13.75 208.65   7.37  0.38 16.83 305.97   9.69  0.36 13.52 310.76  10.05  0.20 20.36 235.36   9.06
19800425 030000  3.9 175.2  2.16 12.41 243.05  31.32  5  1.76 12.33 226.19  16.85  1.11  8.88 275.48  21.88  0.38 16.73 306.36   9.73  0.36 13.50 311.58   9.79  0.24 20.16 234.29   9.83
19800425 060000  5.7 176.8  2.09 11.94 240.67  32.15  5  1.76 11.89 226.90  18.62  0.95  8.89 276.97  28.58  0.38 16.65 306.43   9.79  0.36 13.49 312.19   9.73  0.28 19.54 234.90   9.74
19800425 090000  5.8 172.1  2.00 11.69 238.70  33.22  7  0.35  2.66 174.82  32.32  1.65 11.28 226.13  19.03  0.83  8.49 280.77  17.97  0.39 16.55 306.95   9.84  0.34 13.46 312.51   9.48  0.33 11.83 225.00   0.02  0.33 19.08 234.03  10.25
19800425 120000  4.9 182.2  1.92 11.53 237.82  33.62  7  0.33  2.80 170.57  33.07  1.26 11.68 240.68  15.25  1.10 11.40 210.21  10.35  0.63  7.91 288.97  14.12  0.42 16.49 306.83   9.48  0.37 18.87 233.93  10.38  0.33 13.42 312.67   9.72
19800425 150000  4.5 183.0  1.86 11.29 237.21  33.36  6  1.57 11.62 228.97  21.54  0.53  7.70 292.04  14.24  0.53 11.09 199.73   5.34  0.45 16.45 306.54   9.31  0.39 18.36 234.81  10.16  0.31 13.30 313.30   9.38
19800425 180000  6.7 199.7  1.83 11.04 235.88  32.99  6  0.43  2.85 202.70  32.97  1.57 11.02 226.41  19.66  0.47  7.52 292.96  14.23  0.46 16.39 306.70   9.12  0.43 17.83 234.54  10.24  0.30 12.89 313.52   8.73
19800425 210000  5.2 208.2  1.76 10.86 235.92  32.66  4  1.61 10.85 229.18  26.28  0.47 16.24 307.20   9.23  0.46 17.63 233.93  10.90  0.28 12.71 313.47   9.14
19800426 000000  6.7 202.4  1.69 10.71 236.19  32.57  4  1.53 10.70 228.89  25.68  0.48 17.06 234.59  10.72  0.46 15.83 307.34   9.24  0.28 12.66 313.68   9.37
19800426 030000  5.0 199.5  1.62 10.48 236.65  32.99  4  1.44 10.46 228.55  25.71  0.52 16.60 234.53  10.68  0.47 15.63 307.96   9.29  0.27 12.61 313.22   9.23
19800426 060000  3.2 153.1  1.54 15.84 238.48  33.64  4  1.34 10.33 228.81  25.36  0.54 16.46 235.18  10.15  0.49 15.56 307.91   9.03  0.27 12.60 313.52   9.06
19800426 090000  1.7  39.4  1.48 15.61 240.59  34.36  4  1.23 10.29 229.01  24.80  0.57 16.01 234.98  10.60  0.51 15.54 307.87   8.82  0.27 12.59 313.96   8.99
19800426 120000  6.0  15.3  1.44 15.50 244.49  38.61  4  1.17 10.40 231.32  33.05  0.59 15.49 235.61   9.88  0.53 15.52 307.94   8.81  0.26 12.55 314.18   8.90
19800426 150000  6.2 349.4  1.46 15.45 251.72  43.08  4  1.17 10.71 241.19  43.40  0.63 15.40 234.97  10.74  0.52 15.50 307.77   8.82  0.28 12.56 314.39   8.63
19800426 180000  8.2 345.0  1.60 15.34 269.44  47.43  6  0.97  5.33 319.35  29.45  0.94 10.80 222.94  17.21  0.63 15.24 234.25  11.19  0.53 15.41 308.30   9.08  0.23 12.30 314.59   8.78  0.12 17.82 246.99   4.39
19800426 210000  8.3 352.8  1.81 14.90 285.04  45.92  6  1.35  6.27 315.75  28.76  0.86 10.82 221.42  17.18  0.63 14.57 236.66   9.23  0.52 15.27 308.33   9.07  0.21 11.91 315.94   8.53  0.06 21.71 216.98   8.43
19800427 000000  7.2   6.8  2.10 14.64 291.25  40.13  8  1.76  7.40 307.85  28.00  0.71  9.92 219.91  16.69  0.69 14.43 234.58  11.76  0.51 15.01 308.49   8.96  0.20 11.01 247.55   4.36  0.20 11.88 317.86   7.90  0.08 21.24 217.52   8.67  0.05 20.49 314.75   8.17
19800427 030000  5.9  11.5  2.37  9.44 290.72  34.58  8  2.11  9.40 299.53  26.55  0.57 14.29 235.73  10.16  0.56 10.74 214.08  12.88  0.53 14.79 308.93   9.06  0.42 16.15 235.72  11.25  0.20 11.80 320.83   6.09  0.11 20.69 218.25   8.86  0.06 20.38 314.33   8.21
19800427 060000  3.6 359.1  2.40  9.49 290.16  33.04  7  2.12  9.43 298.77  24.71  0.78 14.45 235.88  10.76  0.53 14.72 308.49   8.58  0.50  9.95 213.68  12.04  0.27 11.74 318.99   6.24  0.13 20.48 218.44   8.88  0.08 20.27 314.25   8.29
19800427 090000  4.0 358.7  2.27  9.36 288.64  34.43  7  1.93  9.24 301.65  22.70  0.82 13.79 236.50  10.87  0.63 10.34 224.13  16.74  0.53 14.65 308.56   8.62  0.24 11.84 321.11   7.18  0.16 20.21 218.88   8.90  0.09 20.06 314.43   8.22
19800427 120000 11.1 352.5  2.25  9.15 289.03  40.33  7  1.84  8.97 309.38  26.44  0.83 13.68 236.03  10.29  0.78 10.04 224.69  15.38  0.52 14.57 308.77   8.93  0.21 15.51 235.00   0.00  0.21 19.51 219.32   8.95  0.10 19.31 314.53   8.17
19800427 150000  5.9 343.4  2.19 14.34 284.52  43.42  7  1.67  8.76 312.11  27.53  0.92  9.53 224.45  14.77  0.86 13.73 235.65  10.20  0.51 14.51 308.64   9.02  0.29 11.66 318.30   7.63  0.24 19.18 219.66   9.05  0.13 19.08 313.83   8.63
19800427 180000  5.2 277.2  2.07 14.29 274.00  43.15  7  1.44  8.41 309.22  24.96  1.02  9.04 223.90  15.28  0.86 13.83 235.38  10.28  0.52 14.46 308.54   8.97  0.28 18.98 219.84   9.03  0.24 11.43 318.41   8.37  0.14 19.04 314.21   8.32
19800427 210000  5.6 213.2  1.96 14.23 263.84  42.35  7  1.22  8.23 305.76  26.40  1.06  8.55 223.41  16.61  0.88 13.81 235.46  10.40  0.51 14.41 308.47   8.92  0.33 18.45 220.14   9.13  0.23 11.23 319.06   9.07  0.16 18.93 313.95   8.42
19800428 000000  6.4 188.1  1.85 14.13 255.66  41.96  7  1.11  8.18 222.57  22.33  0.96  7.99 309.41  17.63  0.89 13.22 235.21  10.53  0.51 14.36 308.67   9.01  0.38 17.94 220.31   9.05  0.21 10.87 321.52   9.56  0.18 18.64 314.40   7.80
19800428 030000  7.6 181.6  1.78 13.64 247.38  42.20  7  1.12  7.87 217.28  26.99  0.90 13.19 234.98  11.03  0.78  7.80 309.05  15.58  0.50 14.29 308.88   9.07  0.42 17.77 220.20   9.06  0.21 17.95 313.98   8.18  0.20 10.90 323.08   9.88
19800428 060000  8.8 181.8  1.78 13.47 238.07  41.92  7  1.21  7.64 211.99  28.99  0.88 13.24 234.51  11.30  0.64  7.69 309.16  13.85  0.48 14.17 308.70   9.05  0.47 17.36 220.27   9.18  0.24 17.83 313.80   8.24  0.18 10.98 323.27   9.36
19800428 090000 10.8 187.5  1.93 13.38 226.95  39.58  7  1.47  5.37 208.01  27.88  0.86 13.16 233.89  11.84  0.51  7.51 308.29  12.83  0.51 16.77 220.55   9.17  0.46 13.96 308.62   9.00  0.25 17.78 313.87   8.25  0.19 10.97 321.96  10.26
19800428 120000  9.1 183.2  2.12 13.21 221.41  36.43  7  1.75  6.48 208.88  27.76  0.84 12.73 232.72  11.97  0.52 16.62 220.31   9.29  0.46 13.79 308.55   8.94  0.40  7.38 307.82  11.77  0.26 17.71 313.78   8.12  0.17 10.93 322.19  10.56
19800428 150000 11.0 192.2  2.23 12.81 219.76  34.26  7  1.91  7.09 210.16  26.90  0.81 12.58 232.07  12.02  0.53 16.41 219.74   9.28  0.45 13.70 308.46   8.84  0.31  7.30 307.65  10.91  0.29 17.33 313.29   8.30  0.15 10.78 324.82   8.39
19800428 180000 11.1 197.9  2.33 12.69 219.63  32.49  6  2.03  7.35 211.82  25.68  0.78 12.53 231.62  11.93  0.55 15.75 219.22   9.04  0.47 13.64 309.86  10.02  0.33 16.75 313.12   8.18  0.24  7.26 307.57  10.20
19800428 210000 11.5 205.1  2.40  7.38 220.07  31.16  6  2.13  7.40 213.67  24.71  0.72 12.45 231.38  11.85  0.56 15.59 218.89   8.88  0.46 13.59 309.65  10.03  0.36 16.67 313.27   8.23  0.18  7.21 307.25   9.50
19800429 000000 11.7 194.3  2.50  7.34 218.33  30.80  7  2.26  7.34 212.82  25.28  0.70 12.25 230.70  11.65  0.54 15.49 218.23   8.86  0.45 13.55 309.47  10.02  0.36 16.64 313.31   8.37  0.14  7.10 306.84   9.29  0.05 21.97 214.78   7.51
19800429 030000 11.2 192.4  2.57  7.51 216.26  31.08  7  2.36  7.52 211.31  26.32  0.68 11.83 230.36  12.24  0.53 15.26 217.61   8.68  0.45 13.51 309.32   9.83  0.33 16.64 313.57   8.45  0.11  6.94 306.19   9.34  0.06 21.86 215.05   7.59
19800429 060000 10.5 191.7  2.50  7.83 217.23  31.01  8  2.31  7.83 212.82  26.23  0.58 11.83 228.78  11.60  0.52 14.71 216.98   8.46  0.41 13.47 308.55   9.52  0.35 16.45 312.65   7.63  0.10 10.18 324.76  10.25  0.08  6.84 306.58   8.13  0.07 21.82 215.85   8.18
19800429 090000 10.5 193.8  2.47  7.93 217.74  31.01  7  2.28  7.93 213.22  25.71  0.53 11.77 229.14  12.44  0.53 14.56 217.39   8.45  0.40 13.44 307.77   9.10  0.39 15.77 313.47   7.62  0.11 20.68 215.56   7.74  0.10 10.21 323.37  10.62
19800429 120000  7.3 183.0  2.37  8.04 219.26  31.23  7  2.22  8.04 215.06  24.97  0.53 14.47 217.47   8.95  0.43 15.60 312.72   8.18  0.37 13.38 308.37   9.11  0.19 11.83 225.00   0.00  0.15 20.23 216.73   7.44  0.10 10.23 323.48  10.47
19800429 150000  8.5 202.2  2.31  8.29 220.10  30.27  6  2.17  8.28 215.95  23.34  0.51 14.32 216.99   8.70  0.43 15.57 312.86   8.27  0.36 13.35 308.21   8.95  0.20 19.98 217.13   7.81  0.10 10.28 323.50   9.97
19800429 180000 11.7 209.5  2.50  8.39 218.39  28.52  5  2.37  8.39 215.08  22.55  0.49 13.85 217.09   8.25  0.42 15.56 312.80   8.34  0.37 13.32 309.07   9.80  0.24 19.09 216.91   9.85
19800429 210000 13.2 199.2  2.84  7.94 215.22  27.88  3  2.78  7.94 212.91  23.22  0.54 15.47 310.95   9.16  0.28 18.86 217.00   9.45
19800430 000000 11.8 194.2  2.78  7.99 214.86  29.32  5  2.66  7.99 212.28  25.25  0.50 13.57 216.59   8.55  0.43 15.26 311.56   9.06  0.31 12.84 309.62   8.92  0.30 18.77 217.18   9.28
19800430 030000  9.5 188.2  2.52  7.94 215.92  30.67  5  2.39  7.94 212.67  25.85  0.48 13.50 217.62   9.48  0.43 14.77 312.42   8.38  0.35 18.53 215.40   8.39  0.32 12.87 308.29   9.40
19800430 060000  9.9 184.2  2.27  7.88 217.04  31.56  5  2.12  7.88 212.93  25.75  0.49 13.23 218.25  10.40  0.45 14.62 312.13   8.29  0.35 17.77 215.39   7.95  0.30 12.68 308.52   9.77
19800430 090000  7.7 169.2  2.14  7.89 217.41  31.72  6  1.99  7.89 213.06  25.53  0.50 12.98 217.07   9.86  0.44 14.58 312.22   8.33  0.33 17.77 215.11   7.36  0.29 12.67 308.32   9.71  0.05 21.70 308.09   9.39
19800430 120000  9.1 171.9  2.12  8.08 217.44  31.41  7  1.96  8.08 213.26  25.55  0.42 14.57 312.18   8.34  0.41 12.90 217.82  11.46  0.39 17.52 215.05   8.61  0.29 12.70 308.53   9.76  0.23 14.66 217.78   4.48  0.06 21.47 308.53   9.25
19800430 150000  5.2 163.3  2.08  8.19 218.66  30.51  5  1.92  8.19 214.66  24.59  0.49 14.49 310.95   8.99  0.45 17.23 215.04   8.34  0.40 12.91 219.82  11.52  0.07 20.59 308.86   8.78
19800430 180000  8.7 197.1  2.02  8.14 219.59  29.61  4  1.88  8.14 215.77  23.25  0.58 16.54 216.02  10.02  0.48 14.41 310.94   8.96  0.09 20.41 308.77   8.72
19800430 210000 10.1 191.0  2.15  7.94 217.83  29.42  4  2.01  7.94 214.47  24.01  0.58 16.43 216.38  10.26  0.47 14.24 310.97   8.94  0.10 20.37 308.45   9.17
19800501 000000  9.4 184.9  2.15  7.78 217.93  30.23  5  2.03  7.78 214.85  25.46  0.45 13.92 310.97   8.93  0.41 12.86 214.87  10.16  0.36 16.37 215.27   9.06  0.11 20.29 308.32   9.51
