Date     Time   Uabs UDir  hs    tp    th     sp     np hs(i) tp(i) th(i)  sp(i)
19860301 000000  4.3 232.4  2.79 11.64 222.33  25.71  4  2.18  7.82 218.64  25.53  1.64 11.62 221.31  11.82  0.53 14.37 295.74  11.99  0.25 19.02 291.72  13.52
19860301 030000  4.8 207.0  2.59 11.53 223.83  25.74  4  1.98  8.07 220.29  25.42  1.57 11.51 221.60  11.75  0.52 14.30 296.14  12.04  0.26 18.91 292.85  13.10
19860301 060000  5.5 191.8  2.37 11.34 225.11  25.82  4  1.65  7.73 220.00  25.89  1.61 11.28 223.04  12.30  0.50 14.19 296.61  11.97  0.29 18.22 292.49  12.30
19860301 090000  4.0 177.1  2.20 11.13 226.39  25.93  4  2.12 11.10 222.21  19.74  0.47 13.88 296.47  12.44  0.34 17.89 291.08  12.05  0.06 26.70 292.84   9.49
19860301 120000  4.2 350.3  2.12 10.99 227.65  25.68  4  2.03 10.96 223.10  19.05  0.46 13.66 295.51  13.53  0.37 17.82 289.90  12.65  0.08 26.46 292.78   9.52
19860301 150000  5.1 255.1  2.10 10.84 228.31  25.53  5  2.01 10.81 223.76  18.96  0.45 13.57 295.73  13.22  0.37 17.81 289.53  13.21  0.10 25.46 293.02   9.54  0.07 17.86 217.60   7.84
19860301 180000  6.9 216.0  2.06  8.80 227.77  25.62  4  1.98  8.79 223.10  18.73  0.44 13.51 295.46  13.19  0.36 17.79 290.39  13.84  0.12 25.10 292.98   9.74
19860301 210000  8.9 207.2  2.05  8.51 226.10  26.71  5  1.65  8.50 221.06  22.40  1.06 10.74 221.40   9.44  0.44 13.48 294.93  13.51  0.37 17.74 292.00  13.91  0.14 25.01 292.84  10.05
19860302 000000  6.4 187.6  2.07 10.90 224.37  28.57  5  1.98 10.82 219.10  21.47  0.43 13.46 295.34  13.13  0.40 17.45 292.77  13.27  0.16 24.88 292.89  10.02  0.11 16.74 216.53   7.91
19860302 030000  9.7 192.5  2.08 10.96 223.22  30.40  7  1.67  7.32 215.08  26.14  1.05 10.83 221.87   9.70  0.44 16.81 292.38  12.78  0.42 13.43 295.44  13.27  0.20 24.27 292.99   9.87  0.11 16.74 218.36   6.86  0.10 13.54 248.46   4.76
19860302 060000 11.0 183.2  2.22 16.68 220.06  31.86  7  1.83  6.93 210.99  27.43  1.03 10.82 221.96   9.60  0.48 16.70 291.35  13.00  0.39 13.40 296.98  11.72  0.24 23.53 292.82  10.11  0.21 12.88 250.07   6.39  0.17 16.29 216.07   7.99
19860302 090000  9.2 175.8  2.25 16.63 220.39  32.60  7  1.90  7.15 211.40  28.05  0.91 10.88 222.80   9.98  0.49 16.66 290.85  13.01  0.37 13.33 297.70  11.46  0.32 12.31 250.19   6.64  0.27 23.41 292.56  10.59  0.20 16.06 218.59   8.68
19860302 120000  5.3 175.9  2.13 16.59 224.69  31.93  7  1.77  7.30 214.89  27.11  0.78 10.78 223.03   9.46  0.52 11.85 247.22   7.50  0.49 16.66 290.48  13.79  0.34 13.15 298.32  11.25  0.30 15.64 219.91  11.43  0.28 23.35 292.59  10.71
19860302 150000  5.8 210.0  2.00 16.51 230.24  30.59  8  1.56  7.21 218.96  25.22  0.73 11.08 224.45   9.44  0.56 11.49 250.22   6.15  0.49 16.66 291.89  13.31  0.43 15.02 218.19   9.39  0.32 12.80 298.83  11.05  0.32 23.07 292.79  10.31  0.32 15.40 242.28   6.28
19860302 180000  7.1 226.6  2.00 11.13 234.44  29.42  8  1.39  7.03 221.24  24.13  0.87 10.98 242.22  11.07  0.60 14.67 219.83   8.87  0.50 16.64 292.96  13.33  0.47 13.57 240.74   5.88  0.47 11.25 217.58   7.08  0.40 22.08 292.76  10.13  0.32 12.69 298.54  11.20
19860302 210000  7.6 218.2  2.11 14.44 236.13  28.58  7  1.34  6.92 222.69  24.56  1.03 10.89 237.58  14.49  0.81 12.92 235.54  11.93  0.63 14.66 218.63   7.61  0.52 16.50 294.10  12.84  0.46 21.89 292.49  10.54  0.31 12.64 298.03  11.33
19860303 000000  5.6 176.5  2.20 13.61 236.28  28.34  5  1.58 13.82 233.27  14.10  1.32  6.85 222.49  25.92  0.54 15.93 294.32  12.70  0.47 21.84 292.37  10.93  0.31 12.62 297.45  11.55
19860303 030000  4.9 212.2  2.26 13.28 236.35  27.70  6  1.34 11.94 238.74  12.89  1.26  7.01 222.19  25.52  1.04 14.14 222.98  10.42  0.57 15.72 292.80  13.99  0.47 21.76 292.74  10.88  0.30 12.60 297.31  11.55
19860303 060000  7.2 219.4  2.32 12.90 236.70  27.67  6  1.23  7.14 222.10  25.29  1.49 12.42 237.21  12.12  0.95 14.25 219.77   9.63  0.58 15.69 292.48  13.98  0.54 21.27 293.02  10.30  0.30 12.58 297.36  11.49
19860303 090000  3.4 215.3  2.36 12.71 237.38  28.35  4  2.17 12.76 228.66  18.71  0.64 20.51 292.91  10.25  0.59 15.69 292.53  13.92  0.29 12.55 296.90  11.90
19860303 120000  2.1 239.2  2.37 12.56 237.68  28.61  4  2.18 12.58 228.38  18.30  0.69 20.41 292.58  10.52  0.59 15.71 293.22  13.47  0.28 12.50 297.06  12.01
19860303 150000  4.2 259.0  2.36 20.37 237.27  28.56  4  2.17 12.19 227.99  17.97  0.68 20.38 292.59  10.78  0.59 15.71 293.89  13.57  0.26 12.41 297.54  11.95
19860303 180000  4.5 242.1  2.32 20.30 237.33  28.95  4  2.12 11.95 227.61  17.77  0.69 20.30 293.12  10.72  0.60 15.68 294.19  14.14  0.24 12.12 298.21  11.79
19860303 210000  5.8 223.9  2.27 19.91 238.46  30.09  4  2.04 11.83 227.15  17.54  0.75 19.92 293.55  10.45  0.59 15.66 295.51  13.15  0.23 11.90 299.13  11.38
19860304 000000  5.4 185.5  2.23 19.16 239.57  31.69  4  1.97 11.36 226.08  17.83  0.83 19.18 293.25  10.35  0.59 15.56 296.03  12.83  0.22 11.83 299.95  10.75
19860304 030000  4.9 202.2  2.18 19.05 240.93  32.37  5  1.55 10.87 227.81  19.99  1.09 13.03 221.76   9.10  0.87 19.07 292.82  10.44  0.59 15.43 295.80  12.95  0.21 11.80 299.76  10.75
19860304 060000  8.3 196.0  2.18 19.01 239.71  33.01  4  1.90 13.03 224.32  18.06  0.88 19.02 292.78  10.56  0.58 15.35 295.01  13.64  0.20 11.77 299.74  10.73
19860304 090000  6.7 184.4  2.20 18.96 238.59  33.73  5  1.51 10.19 223.26  23.52  1.19 13.03 223.37   9.28  0.88 18.97 293.03  10.57  0.58 15.26 295.28  13.26  0.20 11.76 299.87  10.65
19860304 120000  5.6 181.4  2.19 18.82 239.85  33.46  5  1.47 10.13 224.41  22.58  1.21 13.05 223.77   9.45  0.89 18.83 293.43  10.52  0.57 15.15 295.49  13.30  0.19 11.74 299.86  10.76
19860304 150000  5.4 212.5  2.19 18.21 240.69  33.02  4  1.90 13.14 224.77  17.37  0.92 18.27 293.40  10.54  0.57 14.95 296.00  13.08  0.18 11.72 300.07  10.86
19860304 180000  8.9 220.5  2.28 17.86 239.36  32.25  5  1.52  9.41 225.43  21.33  1.31 13.24 224.09   9.36  0.92 17.91 293.06  10.57  0.57 14.80 296.32  12.97  0.17 11.67 300.03  11.28
19860304 210000  8.7 211.8  2.40 17.77 237.23  31.85  5  1.66  8.73 224.15  22.35  1.35 13.23 224.58   9.39  0.94 17.80 292.96  10.56  0.53 14.67 296.40  13.31  0.15 11.55 301.00  10.68
19860305 000000  6.6 185.9  2.46 17.72 235.57  32.04  5  1.74  8.01 222.50  23.33  1.37 13.10 224.59   9.30  0.95 17.74 292.96  10.53  0.50 14.54 296.29  13.51  0.14 11.27 301.40  10.85
19860305 030000  4.8 189.4  2.46 17.66 235.70  31.85  5  1.66  7.83 222.18  23.42  1.45 12.96 224.87   9.54  0.96 17.69 292.79  10.52  0.49 14.52 296.90  13.06  0.13 11.12 301.74  11.00
19860305 060000  5.9 185.3  2.43 17.56 235.73  31.62  5  1.62  7.76 221.90  22.69  1.46 12.85 224.98   9.48  0.95 17.60 292.76  10.80  0.49 14.54 296.75  12.85  0.11 10.99 302.50  10.44
19860305 090000  3.8 160.2  2.41 17.32 235.23  31.14  5  1.57  7.81 221.72  22.11  1.49 12.78 224.82   9.56  0.93 17.43 292.84  10.74  0.49 14.55 297.01  12.64  0.11 11.00 303.01  11.35
19860305 120000  4.8 150.7  2.39 16.76 234.45  30.33  5  1.55  7.92 221.79  21.13  1.51 12.73 224.80   9.90  0.90 16.96 292.69  10.72  0.46 14.44 298.38  12.79  0.11 10.98 303.88  10.96
19860305 150000  2.3 220.6  2.36 16.53 234.10  29.53  4  1.56 12.72 224.65   9.65  1.47  7.97 222.03  20.49  0.98 16.70 293.72  11.58  0.10 10.96 303.69  10.92
19860305 180000  5.6 239.0  2.34 16.39 234.56  28.99  5  1.38 12.76 224.90  10.35  1.36  7.90 223.43  20.51  0.96 16.59 293.70  11.45  0.88 15.40 223.83   9.27  0.10 10.95 303.54  11.28
19860305 210000  6.7 222.4  2.33 16.32 234.69  29.07  5  1.24  7.65 222.47  22.20  1.40 12.65 225.09  10.22  1.00 14.89 224.86   9.78  0.97 16.54 293.47  11.43  0.10 10.94 304.02  11.29
19860306 000000  3.7 193.0  2.34 16.28 234.00  29.39  4  1.68 14.39 224.62   9.92  1.32  7.45 221.48  22.35  0.97 16.50 293.11  11.54  0.09 10.90 305.84  11.41
19860306 030000  4.3 225.5  2.34 16.26 233.57  29.49  3  1.64 14.20 224.25   9.77  1.36  7.19 221.56  22.67  0.96 16.46 293.11  11.64
19860306 060000  6.1 215.1  2.31 13.75 233.05  29.45  3  1.41  7.25 221.86  22.44  1.57 13.68 223.76   9.41  0.94 16.38 293.10  11.81
19860306 090000  2.4 184.0  2.25 13.58 232.58  29.26  3  1.51 13.49 223.61   9.40  1.41  7.60 221.73  21.96  0.90 16.21 293.26  12.13
19860306 120000  0.9 227.5  2.21 13.48 232.16  28.87  3  1.50  8.13 222.34  20.24  1.37 13.37 223.26   9.32  0.87 15.75 293.51  12.45
19860306 150000  4.8 276.7  2.17 13.36 232.31  28.89  3  1.53  8.35 222.93  19.91  1.29 13.21 223.10   9.43  0.85 15.55 293.84  12.45
19860306 180000  3.5 237.4  2.09 15.36 233.18  29.52  3  1.49  8.33 223.17  19.96  1.20 12.91 223.22   9.56  0.84 15.47 293.83  12.40
19860306 210000  3.9 231.1  1.95 15.38 234.79  30.67  4  1.35  8.13 223.30  20.22  1.13 12.72 222.88   9.26  0.82 15.44 292.50  11.90  0.21 17.83 310.09   5.48
19860307 000000  5.2 201.2  1.81 15.39 236.71  32.18  4  1.23  7.92 222.64  20.60  1.02 12.61 223.04   9.21  0.83 15.42 292.81  12.28  0.16 17.90 307.58   5.26
19860307 030000  7.0 193.3  1.75 15.39 236.65  34.19  3  1.17  7.63 219.40  23.20  0.98 12.53 223.29   9.43  0.85 15.41 293.35  12.48
19860307 060000  8.6 187.1  1.74 15.36 235.10  35.67  3  1.22  7.33 216.64  25.09  0.91 12.45 223.52   9.22  0.84 15.40 293.63  12.66
19860307 090000  9.2 183.8  1.83 15.27 230.54  36.32  3  1.33  6.80 212.36  27.17  0.96 12.32 224.42   9.63  0.82 15.33 294.20  12.74
19860307 120000  5.2 176.0  1.84 14.78 230.60  35.64  3  1.34  6.57 213.66  27.67  0.98 11.99 225.76   9.91  0.79 15.00 294.85  12.69
19860307 150000  4.9 210.5  1.76 14.47 233.90  34.02  4  1.27  6.71 218.13  25.45  0.95 11.84 226.94  10.11  0.73 14.64 293.66  12.55  0.25 16.84 308.47   5.73
19860307 180000  8.1 219.1  1.76 14.39 235.25  32.95  4  1.24  6.80 219.77  24.34  0.99 11.86 228.53  10.81  0.72 14.54 294.20  12.24  0.25 16.92 308.64   5.75
19860307 210000  9.9 206.2  1.94 14.42 231.36  32.78  3  1.47  6.33 217.16  24.87  1.01 11.96 229.57  10.57  0.76 14.52 295.70  12.80
19860308 000000  6.9 205.8  2.14 14.48 228.24  33.00  3  1.78  6.70 217.01  25.93  0.92 11.86 230.44  11.16  0.76 14.54 296.10  12.65
19860308 030000  8.1 196.7  2.15 14.54 228.51  33.22  3  1.81  7.02 217.84  26.22  0.87 11.68 229.90  11.68  0.77 14.57 296.08  12.96
19860308 060000 11.0 196.2  2.20 14.58 226.37  33.65  3  1.82  7.08 214.85  26.83  0.97 11.53 229.99  12.19  0.76 14.61 296.30  13.11
19860308 090000  8.7 190.1  2.25 14.58 225.64  33.23  4  1.86  7.11 214.71  27.15  0.89 11.26 232.31  12.66  0.75 14.66 296.64  13.13  0.53 14.29 220.07   7.20
19860308 120000  6.1 195.3  2.21 14.45 228.39  31.37  3  1.75  7.30 219.16  26.23  1.14 13.51 226.47  12.25  0.73 14.71 297.44  13.05
19860308 150000  7.5 211.7  2.20 14.17 229.84  29.22  3  1.65  7.43 223.57  25.14  1.27 13.15 223.10   8.95  0.71 14.62 297.88  12.85
19860308 180000  7.7 219.7  2.26 14.04 229.76  27.49  4  1.49  7.49 223.60  24.74  1.55 13.05 224.42  11.19  0.69 14.41 298.63  12.58  0.05 11.87 334.27   2.62
19860308 210000  8.1 209.4  2.34 13.85 229.08  26.52  4  1.43  7.42 224.38  24.94  1.71 13.28 223.37  10.59  0.69 14.34 298.90  12.51  0.06 11.78 333.51   3.57
19860309 000000  4.9 186.3  2.41 13.72 227.92  25.95  4  1.89 13.26 222.78  10.87  1.33  7.30 223.23  25.93  0.69 14.33 299.22  12.19  0.07 11.70 331.58   4.75
19860309 030000  6.4 200.1  2.45 13.76 227.25  25.07  4  1.19  7.23 223.33  26.17  1.83 13.15 224.07  10.48  0.86 15.74 213.72   7.91  0.69 14.32 299.53  12.61
19860309 060000  7.5 193.3  2.47 14.09 226.12  24.57  3  2.38 13.52 221.63  15.89  0.67 14.27 299.01  12.43  0.07 11.13 330.97   6.46
19860309 090000  5.7 185.5  2.47 14.04 225.33  24.15  3  2.38 13.91 221.08  15.65  0.65 14.15 298.90  12.54  0.07 11.07 330.89   6.35
19860309 120000  3.1 183.3  2.43 13.73 225.10  23.54  3  2.35 13.68 220.96  14.84  0.64 13.87 299.41  13.06  0.08 21.76 292.02  10.25
19860309 150000  5.4 227.1  2.39 13.59 224.99  23.23  3  2.31 13.55 220.88  14.22  0.62 13.72 299.88  12.96  0.09 21.68 292.13  10.14
19860309 180000  8.0 218.7  2.38 13.48 224.73  23.50  3  2.30 13.41 220.72  14.90  0.61 13.65 300.41  12.76  0.10 21.56 292.08  10.13
19860309 210000  7.4 208.8  2.34 13.37 224.31  24.26  3  2.26 13.27 220.26  15.95  0.59 13.62 300.81  12.68  0.11 21.19 291.85  10.34
19860310 000000  4.1 186.9  2.21 13.28 224.32  25.15  3  2.13 13.10 219.87  16.31  0.58 13.59 301.25  12.48  0.13 20.56 291.37  11.06
19860310 030000  3.5 197.9  2.05 13.17 224.96  25.81  4  1.96 12.87 219.86  15.81  0.56 13.55 301.01  11.92  0.16 20.38 291.75  10.73  0.07 10.29 330.59   6.21
19860310 060000  4.7 198.6  1.93 13.07 225.18  26.58  4  1.84 12.81 219.46  15.58  0.55 13.50 301.09  11.94  0.18 20.29 291.88  10.76  0.07 10.18 330.59   6.22
19860310 090000  1.8 167.7  1.86 13.02 224.95  27.01  3  1.76 12.82 218.82  15.23  0.55 13.42 301.51  12.57  0.20 20.18 291.94  10.75
19860310 120000  3.0 111.5  1.84 12.87 224.16  27.08  3  1.74 12.73 217.95  14.94  0.54 13.31 301.48  12.74  0.22 19.90 291.80  10.60
19860310 150000  1.9 224.0  1.87 12.67 223.58  26.38  3  1.78 12.52 217.61  14.02  0.53 13.16 301.74  12.71  0.24 19.31 291.67  10.64
19860310 180000  9.9 191.9  2.01 12.52 221.68  26.63  6  0.67  3.29 206.39  30.34  1.80 12.34 217.66  12.74  0.52 13.02 301.90  12.89  0.27 19.11 291.64  10.66  0.07 21.74 215.87   7.47  0.06 25.04 293.62  10.01
19860310 210000 10.7 195.7  2.23 12.42 218.55  27.87  5  2.15 12.17 214.28  20.34  0.49 12.94 302.43  12.58  0.29 19.01 291.74  10.81  0.08 21.66 216.07   7.94  0.07 24.96 293.52  11.05
19860311 000000  7.4 206.1  2.31 12.30 220.57  26.89  5  2.23 11.91 216.75  20.24  0.47 12.88 303.00  12.10  0.32 18.91 291.87  10.83  0.11 21.40 215.99   7.79  0.07 24.94 294.10  11.34
19860311 030000  8.8 195.1  2.36 11.92 220.86  26.52  5  2.29 11.68 217.31  20.39  0.45 12.83 303.41  11.91  0.34 18.74 291.90  10.80  0.13 20.78 216.08   7.66  0.08 24.82 293.63  10.96
19860311 060000  7.7 188.6  2.37 11.65 221.15  26.60  5  2.30 11.51 217.61  20.62  0.43 12.78 303.94  11.73  0.36 18.25 291.97  10.84  0.15 20.52 216.12   7.57  0.10 23.78 292.22  10.60
19860311 090000  5.9 193.9  2.40 11.47 221.85  26.20  5  2.32 11.25 218.32  20.21  0.41 12.74 304.47  11.62  0.38 17.96 291.82  10.99  0.18 20.36 216.42   7.69  0.13 23.42 291.81  10.79
19860311 120000  5.8 193.7  2.43 10.79 222.67  25.71  5  2.35 10.72 219.19  19.76  0.40 17.85 291.75  11.04  0.40 12.70 305.07  11.45  0.22 20.10 216.18   7.69  0.15 23.35 292.30  11.53
19860311 150000  7.8 212.1  2.42 10.44 223.32  25.50  5  2.33 10.41 219.80  19.52  0.42 17.77 291.69  11.09  0.38 12.67 305.34  11.50  0.25 19.42 216.31   7.63  0.15 23.33 293.28  12.06
19860311 180000 11.2 217.1  2.54 10.38 223.24  25.39  5  2.46 10.35 220.03  20.08  0.44 17.68 291.80  11.08  0.36 12.64 305.40  11.58  0.28 19.16 216.46   7.77  0.16 23.22 293.15  11.60
19860311 210000 10.8 206.1  2.72 10.21 222.23  26.36  5  2.63 10.19 219.22  21.80  0.46 17.50 292.15  11.23  0.34 12.60 305.42  11.47  0.31 19.03 216.71   7.87  0.21 22.23 291.67  10.76
19860312 000000  7.1 199.8  2.67  9.90 222.13  27.61  6  2.17  8.22 217.18  25.15  1.38 10.00 222.14  14.99  0.48 17.05 292.46  11.30  0.34 18.61 217.19   7.98  0.33 12.57 305.44  11.28  0.26 21.88 290.94  10.86
19860312 030000  6.5 204.5  2.48  9.69 222.91  28.24  6  1.98  8.22 217.30  24.92  1.30  9.99 221.53  14.71  0.49 16.80 292.53  11.26  0.35 18.08 217.22   7.96  0.32 12.54 305.46  11.42  0.28 21.83 291.47  11.73
19860312 060000  6.0 190.5  2.27  9.80 223.79  28.64  6  2.14  9.79 218.64  21.67  0.50 16.70 292.51  11.27  0.38 18.03 217.76   8.06  0.31 12.49 306.02  11.34  0.28 21.81 292.54  12.46  0.11 14.49 220.17   5.00
19860312 090000  2.8 160.0  2.09  9.83 224.97  28.97  6  1.95  9.81 218.95  20.83  0.50 16.64 292.41  11.43  0.39 18.33 218.21   8.18  0.31 12.32 306.53  11.25  0.27 21.76 293.34  12.16  0.14 14.38 222.22   5.48
19860312 120000  3.4 186.0  1.96 16.64 227.18  29.73  7  1.78  9.75 219.69  19.96  0.52 16.57 292.44  11.54  0.34 18.73 219.76   8.19  0.32 21.20 292.31  11.12  0.30 12.15 306.93  11.22  0.23 16.49 217.48   8.54  0.15 16.59 215.00   0.02
19860312 150000  3.7 257.7  1.86 16.54 230.21  31.10  7  1.63  9.66 220.41  19.39  0.54 16.45 292.66  11.74  0.41 20.47 291.06  10.79  0.36 18.72 220.00   8.28  0.29 12.07 307.02  11.30  0.26 16.52 214.71   7.18  0.21 13.49 221.14   7.88
19860312 180000  6.4 240.2  1.80 20.28 233.27  32.20  7  1.53  9.57 221.93  19.89  0.56 16.22 293.18  11.93  0.47 20.39 290.88  11.17  0.36 18.69 221.11   7.63  0.34 16.47 213.39   7.36  0.27 12.02 306.88  11.36  0.24 12.99 219.34   7.70
19860312 210000  4.7 212.9  1.75 20.27 233.78  32.88  6  1.42  9.49 222.26  20.32  0.61 17.35 215.82   8.42  0.56 15.85 293.35  11.93  0.47 20.37 291.61  12.12  0.28 12.72 216.21   8.29  0.26 12.01 306.79  11.15
19860313 000000  4.7 212.2  1.74 15.68 231.55  32.56  6  1.02  7.21 222.68  24.18  0.89 15.62 214.31   8.34  0.81  9.44 221.33  13.39  0.56 15.69 293.46  11.98  0.43 20.36 293.10  12.65  0.26 12.04 307.06  10.85
19860313 030000  5.4 212.5  1.83 15.55 228.21  31.38  5  1.22  9.45 221.54  20.93  1.14 15.37 213.52   8.13  0.55 15.61 293.44  12.07  0.42 20.25 293.79  11.91  0.25 12.09 307.31  10.78
19860313 060000  6.7 195.2  1.99 15.46 226.00  30.58  4  1.83 15.19 216.13  15.69  0.54 15.54 293.27  12.02  0.50 19.35 292.64  11.03  0.25 12.15 307.92  10.77
19860313 090000  5.8 195.8  2.16 15.41 225.69  30.28  6  0.84  6.12 218.92  27.77  1.46 12.26 215.23   9.79  1.04 15.01 214.56   9.20  0.61 19.08 291.64  10.90  0.54 15.46 293.21  11.87  0.24 12.12 308.34  10.89
19860313 120000  8.3 192.5  2.30 18.91 224.62  29.73  4  2.12 15.38 215.13  14.48  0.66 19.04 291.42  11.33  0.55 15.36 293.51  12.05  0.22 11.97 308.20  11.48
19860313 150000  5.4 210.3  2.38 15.33 223.91  28.53  4  2.22 15.48 215.43  13.87  0.65 19.02 292.18  12.18  0.55 15.24 293.55  12.47  0.21 11.81 307.25  11.29
19860313 180000  9.4 212.7  2.57 15.26 222.51  26.29  5  0.94  4.30 218.71  28.04  2.24 15.38 215.73   9.83  0.59 19.00 293.50  12.58  0.55 15.09 293.48  12.35  0.20 11.69 307.82  11.42
19860313 210000  9.5 198.1  2.78 15.12 220.74  25.18  5  1.14  4.86 214.93  28.52  2.40 15.22 215.82   9.89  0.57 18.89 294.46  12.05  0.54 14.87 293.59  12.98  0.19 11.63 307.45  10.31
19860314 000000  7.1 177.9  2.88 14.94 220.45  24.88  4  2.76 15.07 215.51  14.95  0.61 18.12 294.28  10.76  0.51 14.71 293.78  12.64  0.18 11.63 308.75  10.35
19860314 030000  9.6 192.1  3.08 14.89 220.40  24.50  5  1.09  4.93 206.85  29.14  2.75 15.07 216.86  10.64  0.69 17.85 293.18  10.75  0.49 14.57 294.33  12.75  0.17 11.61 308.77  10.67
19860314 060000  8.7 171.8  3.34 14.89 220.54  24.35  4  3.23 15.08 216.51  16.70  0.71 17.79 293.22  11.21  0.46 14.48 294.74  11.87  0.16 11.58 311.46   9.06
19860314 090000  9.0 174.2  3.55 14.84 221.05  23.61  3  3.45 15.04 217.74  17.38  0.70 17.76 293.47  11.78  0.45 14.41 296.56  12.82
19860314 120000 10.1 170.7  3.79 14.80 220.40  23.54  3  3.70 14.97 217.82  18.80  0.66 17.74 294.30  11.92  0.43 14.37 296.22  13.04
19860314 150000  9.7 188.7  3.94 14.77 221.02  22.40  3  3.87 14.90 218.93  18.38  0.62 17.67 295.20  11.62  0.41 14.35 296.27  12.95
19860314 180000 11.8 205.0  4.08 14.78 221.41  21.54  3  4.02 14.88 219.60  17.92  0.60 17.42 295.49  11.22  0.39 14.33 296.97  12.16
19860314 210000 11.9 207.4  4.20 16.21 221.93  21.38  3  4.14 15.01 220.24  18.06  0.60 16.84 295.28  11.17  0.38 14.33 296.27  12.61
19860315 000000  7.5 197.4  4.13 16.21 222.58  21.62  4  2.56  8.63 218.79  25.76  3.17 15.38 222.07  10.90  0.63 16.67 294.69  11.29  0.34 14.20 296.66  13.35
19860315 030000  6.6 195.6  3.92 16.12 223.45  21.15  2  3.85 15.42 221.55  17.46  0.71 16.61 294.75  12.25
19860315 060000  7.2 188.6  3.70 15.80 223.82  20.67  2  3.64 15.38 221.77  16.51  0.70 16.58 295.01  12.04
19860315 090000  4.9 174.3  3.54 15.56 223.97  20.40  2  3.47 15.33 221.81  15.89  0.69 16.54 294.95  12.24
19860315 120000  4.6 180.2  3.44 15.40 224.10  20.16  2  3.38 15.25 221.94  15.52  0.67 16.48 295.58  11.88
19860315 150000  4.6 220.7  3.36 15.26 224.13  20.11  3  3.30 15.13 221.96  15.36  0.62 16.39 295.83  11.76  0.19 19.41 300.17  10.36
19860315 180000  7.4 221.9  3.26 15.11 223.94  20.39  3  3.20 14.90 221.72  15.54  0.61 16.21 296.34  11.70  0.20 19.27 300.14  10.24
19860315 210000  8.4 207.7  3.16 14.87 223.05  21.09  4  1.82  8.85 222.86  22.15  2.50 14.65 219.69  11.71  0.59 15.82 296.37  11.95  0.21 19.19 300.51   9.73
19860316 000000  3.3 216.7  3.07 14.65 222.02  21.77  4  2.41 14.51 218.61  11.33  1.80  8.75 221.63  23.63  0.57 15.63 296.41  11.97  0.24 19.07 299.25   9.66
19860316 030000  7.2 201.6  3.00 14.49 221.52  21.91  3  2.94 14.38 219.05  16.78  0.56 15.53 295.40  11.93  0.26 18.96 301.33   9.98
19860316 060000  9.1 187.3  2.97 14.32 220.10  22.69  4  1.65  8.13 218.32  25.76  2.39 14.22 217.19  11.53  0.53 15.48 295.52  12.09  0.31 18.36 298.96  10.29
19860316 090000  6.9 179.3  2.91 14.12 219.83  22.99  3  2.85 14.04 217.08  17.42  0.54 15.46 294.95  13.06  0.32 18.07 299.12  10.49
19860316 120000  6.1 178.2  2.85 13.87 220.21  22.90  3  2.78 13.78 217.32  16.92  0.53 15.45 295.41  12.96  0.33 17.95 299.48  10.59
19860316 150000  6.5 209.8  2.79 13.68 220.63  22.55  3  2.72 13.60 217.69  16.27  0.52 15.43 296.32  12.01  0.33 17.89 299.57  10.57
19860316 180000  8.7 221.3  2.80 13.50 220.95  22.30  3  2.73 13.45 218.11  16.17  0.50 15.42 296.35  11.49  0.34 17.85 300.11  10.82
19860316 210000  9.0 206.4  2.84 13.35 220.80  22.65  4  2.77 13.31 218.10  16.98  0.46 15.28 296.09  11.93  0.38 17.63 299.82   9.76  0.07 23.35 308.61   8.46
19860317 000000  5.9 189.2  2.79 13.19 220.54  23.33  3  2.73 13.15 217.73  17.64  0.60 16.92 297.81  11.30  0.09 23.30 309.06   8.09
19860317 030000  7.3 200.3  2.68 12.91 220.93  23.54  4  2.61 12.86 217.84  17.24  0.44 16.81 299.92  11.23  0.40 14.59 295.77  11.35  0.10 23.04 309.20   8.00
19860317 060000  8.2 187.3  2.58 12.73 220.95  24.30  4  2.51 12.69 217.51  17.45  0.44 16.72 299.48  10.67  0.40 14.52 296.28  12.41  0.14 21.98 308.30   8.46
19860317 090000  7.3 179.2  2.49 12.61 220.99  25.52  4  2.41 12.58 217.14  18.27  0.42 14.56 296.28  12.33  0.42 16.71 298.95  11.01  0.19 21.81 308.25   8.19
19860317 120000  9.2 173.9  2.39 12.52 221.09  26.80  4  2.31 12.49 216.80  19.27  0.42 16.65 299.38  10.72  0.41 14.51 295.27  12.40  0.21 21.76 308.61   8.01
19860317 150000  7.2 194.6  2.29 12.45 222.29  27.35  3  2.20 12.42 217.42  18.99  0.59 16.48 297.11  11.79  0.24 21.52 309.52   8.26
19860317 180000  9.1 216.0  2.28 12.35 224.44  27.39  4  1.06  4.81 213.25  29.63  1.90 12.32 220.70  12.24  0.60 16.26 297.29  11.80  0.30 20.57 309.21   8.00
19860317 210000  9.9 204.0  2.32 12.15 225.27  28.55  4  1.28  5.19 216.88  28.45  1.80 12.12 220.66  11.97  0.60 15.65 297.95  11.83  0.36 20.41 308.29   8.16
19860318 000000  7.1 194.3  2.29 11.97 224.92  29.97  4  1.38  5.67 215.36  28.89  1.68 11.95 220.84  11.66  0.58 15.56 298.19  11.49  0.40 20.33 308.68   8.30
19860318 030000  9.2 188.6  2.26 11.87 224.01  30.86  4  1.37  5.92 212.44  29.19  1.66 11.85 220.81  12.00  0.56 15.54 298.31  11.12  0.43 20.14 309.37   8.30
19860318 060000  9.7 183.1  2.39 11.86 222.42  31.03  4  1.50  6.39 211.16  28.55  1.71 11.84 219.82  12.39  0.55 15.52 298.24  11.29  0.48 19.29 309.74   8.14
19860318 090000  6.9 165.1  2.57 11.96 221.96  30.17  3  2.46 11.94 216.17  20.44  0.55 15.49 298.71  11.57  0.54 19.09 308.87   8.36
19860318 120000  4.2 165.7  2.69 12.29 222.13  28.45  3  2.58 12.24 216.72  18.36  0.58 19.00 308.54   8.49  0.52 15.41 297.90  11.80
19860318 150000  3.6 192.5  2.74 12.71 222.37  27.32  3  2.62 12.59 217.15  16.68  0.59 18.88 308.93   8.62  0.51 15.27 298.33  11.54
19860318 180000  7.3 219.3  2.75 13.02 222.93  26.94  3  2.63 12.86 217.68  15.83  0.61 18.28 309.48   8.54  0.51 15.06 298.55  11.64
19860318 210000  6.4 210.4  2.74 13.12 223.54  27.65  3  2.62 12.98 217.87  16.04  0.65 17.89 309.55   8.34  0.50 14.75 297.80  11.90
19860319 000000  3.5 208.6  2.70 12.96 224.46  28.50  3  2.56 12.89 218.22  16.32  0.70 17.77 308.72   8.65  0.46 14.60 297.15  12.02
19860319 030000  3.4 235.6  2.62 12.77 225.57  29.23  3  2.47 12.73 218.70  16.30  0.72 17.69 308.51   8.80  0.45 14.55 297.72  11.74
19860319 060000  6.0 207.8  2.51 12.60 226.56  29.86  4  2.36 12.57 219.10  16.14  0.71 17.52 308.60   8.90  0.46 14.57 299.14  11.73  0.13 17.82 217.58   7.42
19860319 090000  3.9 194.6  2.38 12.42 227.58  30.54  4  2.22 12.40 219.48  16.04  0.70 16.99 308.98   8.86  0.46 14.56 299.62  12.09  0.18 16.93 218.00   7.90
19860319 120000  1.6 233.8  2.25 12.03 229.29  31.42  3  2.08 12.00 220.18  15.81  0.84 16.67 306.31  10.88  0.21 16.69 217.73   7.45
19860319 150000  2.9 254.2  2.16 11.80 231.37  32.53  3  1.96 11.79 220.95  15.82  0.85 16.57 306.27  10.77  0.25 16.40 217.92   7.99
19860319 180000  5.9 238.0  2.09 11.65 233.51  33.52  3  1.88 11.64 221.90  16.37  0.87 16.49 306.12  10.80  0.29 15.72 218.26   7.66
19860319 210000  5.3 212.6  2.03 11.38 235.02  34.54  4  1.80 11.36 222.23  16.89  0.85 16.39 305.71  10.97  0.31 15.58 217.98   7.45  0.20 19.15 312.21   6.77
19860320 000000  2.5 205.7  1.93 11.13 236.50  35.39  4  1.68 11.12 222.43  16.94  0.84 16.17 305.63  11.38  0.36 15.34 219.24   7.42  0.22 19.08 311.73   6.65
19860320 030000  4.4 211.0  1.83 15.53 237.87  36.00  5  1.56 10.99 222.83  16.81  0.82 15.69 305.79  11.35  0.42 14.71 219.54   8.49  0.23 19.03 313.07   7.34  0.10 19.22 219.86   6.73
19860320 060000  7.6 190.4  1.77 15.31 237.49  37.14  5  0.41  2.82 200.77  29.70  1.42 10.87 223.36  16.07  0.81 15.49 306.00  11.76  0.50 14.58 219.16   8.34  0.20 19.05 312.98   7.14
19860320 090000  7.0 184.8  1.76 15.21 236.51  38.54  5  0.64  3.82 205.70  32.89  1.28 10.65 223.45  15.33  0.84 15.41 306.59  11.04  0.57 14.37 218.42   8.57  0.21 18.02 216.51   8.44
19860320 120000  6.6 179.1  1.75 15.18 237.42  39.22  5  1.35 10.45 220.38  22.30  0.77 15.34 305.99  11.19  0.64 13.79 218.45   8.03  0.36 17.81 308.36   8.66  0.33 17.56 214.89   8.63
19860320 150000  6.6 204.3  1.78 15.24 236.98  38.55  5  1.30 10.40 221.01  22.11  0.77 15.29 305.05  11.46  0.72 13.65 217.43   7.70  0.48 16.91 216.66   8.75  0.39 17.77 309.97   8.44
19860320 180000  9.9 214.2  1.99 15.33 232.12  35.58  5  1.46 10.41 221.26  22.47  0.82 13.56 217.06   8.67  0.76 15.21 304.91  11.75  0.67 16.54 216.27   7.89  0.37 17.77 309.95   8.43
19860320 210000  9.2 200.3  2.20 15.43 227.67  33.37  5  1.38  5.57 218.20  26.85  1.25 16.20 216.83   8.54  0.83 10.37 223.39  13.78  0.74 14.97 304.74  12.20  0.31 17.80 311.04   9.25
19860321 000000  8.9 190.9  2.35 15.40 224.90  31.67  4  1.46  6.01 216.08  27.51  1.47 15.69 217.40   8.83  0.78 10.27 223.90  13.99  0.77 14.61 306.28  11.29
19860321 030000  6.5 181.7  2.46 15.26 224.48  30.27  5  1.48  6.45 216.09  27.39  1.65 15.38 218.14   8.61  0.75 10.14 224.64  13.98  0.65 14.46 305.31  11.64  0.42 16.70 309.32   8.65
19860321 060000  8.1 188.6  2.56 15.02 224.54  28.76  5  1.46  6.88 216.00  26.26  1.84 15.19 219.18   9.19  0.67  9.72 226.80  12.60  0.59 14.33 305.77  11.03  0.49 16.58 307.56  10.29
19860321 090000  6.9 174.5  2.65 14.60 224.11  27.55  4  1.93 14.71 220.01   9.41  1.65  7.35 217.52  24.46  0.59 14.34 305.03  11.59  0.47 16.60 308.34   9.13
19860321 120000  6.0 180.5  2.76 14.48 224.11  25.65  4  2.03 14.49 220.63   9.49  1.73  8.12 218.80  23.19  0.58 14.32 303.50  12.45  0.42 16.58 309.78   8.68
19860321 150000  6.7 212.1  2.88 14.42 224.47  23.77  4  1.82  8.56 220.51  21.26  2.12 14.40 221.29   9.97  0.63 14.54 304.42  12.40  0.29 16.83 310.84   7.24
19860321 180000  8.4 213.0  3.01 14.35 224.74  22.92  4  1.90  8.64 221.36  20.85  2.24 14.31 221.84  10.39  0.68 15.24 305.54  11.96  0.07 23.18 314.24   8.14
19860321 210000  7.9 214.7  3.12 14.22 225.05  22.79  4  1.88  8.63 222.30  22.16  2.40 14.17 222.07  10.74  0.68 15.39 305.85  11.69  0.09 22.75 314.21   8.00
19860322 000000  3.7 202.2  3.19 14.05 225.24  22.48  4  3.12 14.04 222.52  16.15  0.55 15.44 304.67  12.41  0.37 13.37 308.76   9.40  0.12 21.91 314.07   8.08
19860322 030000  3.0 210.0  3.26 14.04 225.11  21.76  4  3.20 14.04 222.67  15.84  0.53 15.45 305.31  11.93  0.36 13.35 308.31   9.18  0.15 21.77 313.89   8.11
19860322 060000  6.2 177.7  3.34 14.15 224.35  21.02  4  3.29 14.10 222.25  15.66  0.49 15.42 305.46  11.80  0.35 13.34 308.20   9.18  0.17 21.67 313.83   8.15
19860322 090000  5.7 165.0  3.47 14.44 223.41  20.58  3  3.42 14.34 221.59  15.79  0.58 14.87 306.42  11.20  0.19 21.34 313.88   8.15
19860322 120000  5.1 167.8  3.66 14.77 223.03  20.36  3  3.61 15.02 221.37  15.94  0.56 14.50 306.53  11.23  0.23 20.55 313.98   8.03
19860322 150000  4.2 218.8  3.70 14.68 223.20  20.57  3  3.65 14.76 221.50  16.04  0.56 14.49 307.20  10.47  0.28 20.37 313.65   7.92
19860322 180000  7.7 220.0  3.61 14.57 223.39  21.05  3  3.55 14.59 221.51  16.16  0.55 14.51 306.56  11.39  0.32 20.25 312.72   8.51
19860322 210000  8.1 210.6  3.45 14.46 223.31  21.72  4  3.39 14.45 221.25  16.51  0.55 14.55 306.67  10.96  0.33 20.03 313.20   8.24  0.09 21.90 218.00   7.75
19860323 000000  6.3 191.9  3.31 14.35 222.99  22.58  4  3.25 14.33 220.73  17.08  0.53 14.55 305.99  11.31  0.36 19.29 313.50   8.07  0.10 21.77 218.13   8.46
19860323 030000  8.2 194.7  3.21 14.21 222.85  23.58  3  3.15 14.19 220.33  17.67  0.51 14.48 305.80  11.28  0.41 19.07 313.59   7.90
19860323 060000  9.6 187.9  3.19 13.91 222.28  24.57  4  3.11 13.87 219.64  18.62  0.48 14.32 306.12  11.30  0.45 18.96 313.07   8.27  0.15 20.64 218.31   7.87
19860323 090000  8.2 176.7  3.20 13.57 222.15  25.06  4  3.12 13.54 219.55  19.36  0.47 18.80 313.00   8.21  0.46 14.18 306.50  11.11  0.18 20.54 218.07   7.62
19860323 120000  8.4 177.2  3.17 13.38 222.12  25.17  5  2.58 10.73 219.43  22.28  1.71 13.34 219.83  11.34  0.47 18.32 312.94   8.16  0.44 14.14 306.63  11.40  0.20 20.46 218.27   7.76
19860323 150000  8.0 198.3  3.04 13.25 222.59  25.40  4  2.96 13.20 219.78  19.27  0.48 17.91 313.41   7.99  0.43 14.17 306.92  10.62  0.22 20.21 218.60   7.79
19860323 180000 10.6 212.1  3.01 12.95 222.70  25.86  5  2.41 10.04 218.28  21.52  1.65 12.83 222.25  12.24  0.52 17.78 313.15   8.40  0.42 14.03 306.45  10.76  0.26 19.91 218.84   7.67
19860323 210000 11.3 206.8  3.14 12.64 222.54  26.52  5  2.66  9.97 218.56  21.98  1.49 12.59 222.03  12.05  0.58 17.68 312.45   8.55  0.38 13.84 306.15  11.35  0.30 19.84 219.31   7.66
19860324 000000  7.9 188.4  3.18 12.47 222.22  27.41  5  2.76  9.49 218.44  23.16  1.37 12.45 221.62  11.34  0.58 17.53 312.73   8.32  0.39 13.68 305.85  11.40  0.33 19.68 219.46   7.82
19860324 030000  8.8 193.5  3.02 12.34 222.45  27.76  5  2.61  9.52 218.19  23.36  1.31 12.32 222.79  11.33  0.57 17.08 312.79   8.21  0.38 19.40 219.45   7.77  0.37 13.59 305.35  11.86
19860324 060000 10.0 186.9  2.88  9.52 222.31  28.10  5  2.49  9.51 217.79  23.40  1.20 12.13 223.03  10.95  0.58 16.72 312.11   9.02  0.44 18.99 219.69   7.79  0.34 13.49 306.28  12.89
19860324 090000  7.5 175.5  2.82  9.70 223.01  28.27  6  2.33  9.43 218.14  23.73  1.34 11.45 222.69  12.63  0.59 16.61 312.37   9.07  0.47 18.78 220.24   8.06  0.32 13.48 307.44  11.13  0.16 15.51 225.00   0.02
19860324 120000  4.8 183.4  2.81 10.07 224.76  27.33  5  2.65 10.04 220.98  20.15  0.62 16.53 312.43   8.95  0.46 18.69 219.76   8.24  0.45 15.59 221.47   8.56  0.30 13.43 308.66   9.60
19860324 150000  4.6 225.4  2.81 10.46 225.65  26.38  5  2.61 10.43 221.91  18.60  0.64 16.43 312.47   8.88  0.54 15.04 219.69   8.18  0.54 18.51 219.86   7.86  0.28 13.36 308.05   9.61
19860324 180000  6.0 229.3  2.76 10.51 225.83  25.60  5  2.50 10.49 222.04  17.71  0.80 14.55 221.79   8.44  0.62 16.23 312.79   8.41  0.48 18.11 220.09   8.95  0.29 13.32 306.18  10.49
19860324 210000  4.4 216.0  2.69 10.85 225.79  25.10  6  2.41 10.78 222.02  17.10  0.83 14.48 222.41   8.77  0.64 15.76 311.28   9.27  0.52 17.80 219.94   9.23  0.17 12.56 315.53   6.50  0.06 20.89 299.76   9.38
19860325 000000  0.7 326.7  2.62 11.35 226.03  24.90  6  2.37 11.24 222.42  16.52  0.66 14.34 220.84   6.33  0.65 17.43 220.04   9.29  0.60 15.58 312.18   8.77  0.25 12.72 308.46  10.88  0.07 20.53 298.20  10.30
19860325 030000  2.1 258.4  2.59 11.13 226.56  24.95  6  2.24 11.09 222.82  16.48  0.94 13.77 222.16   8.31  0.62 15.49 312.07   9.07  0.61 17.22 219.38   9.71  0.21 12.59 310.49   9.06  0.08 20.40 298.21  10.41
19860325 060000  4.8 182.7  2.61 10.97 226.75  24.87  6  2.25 10.95 222.81  16.34  0.98 13.57 223.33   9.37  0.62 15.42 312.18   9.04  0.58 16.81 219.54   8.95  0.21 12.61 311.16   8.75  0.09 20.32 298.45  10.64
19860325 090000  4.7 159.0  2.63 10.85 226.33  24.79  6  2.31 10.83 222.71  16.67  0.93 13.56 221.95   8.05  0.61 15.33 312.34   8.92  0.54 16.70 220.02  10.51  0.20 12.56 310.66   8.55  0.10 20.20 298.64  10.80
19860325 120000  2.9 192.1  2.59 10.64 226.07  24.43  5  2.44 10.62 222.50  15.70  0.61 16.41 220.28   8.75  0.59 15.18 312.61   8.75  0.20 12.55 308.43   9.53  0.12 19.90 298.47  10.44
19860325 150000  4.6 230.3  2.51 10.41 226.13  24.23  5  2.08 10.40 222.86  16.69  1.10 12.68 221.52   9.30  0.61 16.32 220.53   8.70  0.60 14.83 312.15   8.99  0.13 19.32 298.15  10.47
19860325 180000  6.2 214.3  2.44 10.30 226.30  24.26  5  2.03 10.29 223.04  16.76  1.06 12.61 221.17   9.28  0.59 16.03 221.65   8.29  0.58 14.62 312.18   8.97  0.14 19.14 297.40  11.23
19860325 210000  5.1 218.0  2.37 10.21 226.48  24.50  4  2.21 10.20 222.77  15.57  0.64 15.63 220.86   9.25  0.57 14.50 312.20   8.95  0.15 19.07 297.34  11.36
19860326 000000  0.7 246.7  2.31 10.09 226.63  24.73  6  2.10 10.08 222.97  15.73  0.72 15.37 219.88   8.38  0.55 14.42 312.34   8.86  0.22 19.14 220.69   9.10  0.16 18.99 297.73  11.56  0.14 11.81 310.71   9.40
19860326 030000  3.0 239.9  2.28 14.53 226.67  24.68  6  2.03  9.98 222.86  15.85  0.81 15.18 221.47   8.80  0.53 14.36 312.48   8.85  0.23 19.02 221.71   8.80  0.18 18.84 298.05  11.25  0.14 11.75 311.53   8.65
19860326 060000  4.9 211.4  2.28 14.38 226.36  24.44  7  1.89  9.86 223.09  16.86  0.80 14.71 221.69   8.51  0.77 12.52 220.22   8.23  0.52 14.30 312.72   8.85  0.27 18.08 220.31   9.70  0.20 18.44 297.90  11.27  0.14 11.75 311.46   8.74
19860326 090000  1.5 144.5  2.26 14.28 226.03  24.28  6  1.78  9.70 222.87  17.55  0.95 12.31 220.65   8.36  0.79 14.52 222.21   9.11  0.51 14.22 312.92   8.84  0.32 17.92 219.97   9.43  0.21 18.00 297.88  10.93
19860326 120000  0.9 315.3  2.24 14.20 225.88  23.83  6  1.79  9.66 222.91  17.12  0.90 12.33 220.19   8.95  0.78 14.46 222.62   8.93  0.49 14.04 313.11   8.84  0.33 17.89 219.98   8.78  0.22 17.88 298.03  11.29
19860326 150000  2.3 260.9  2.28 14.08 225.79  22.96  5  2.04  9.86 222.69  15.60  0.76 14.39 222.38   8.88  0.47 13.71 313.18   8.85  0.42 17.22 221.17   9.67  0.23 17.81 297.69  12.11
19860326 180000  4.6 250.8  2.37 13.42 225.56  21.97  4  2.27 10.51 222.91  14.83  0.47 16.81 220.48   9.50  0.45 13.55 313.24   8.84  0.23 17.76 298.14  12.05
19860326 210000  3.0 234.0  2.45 10.66 224.96  21.19  5  2.33 10.62 222.60  14.55  0.54 16.65 218.40   8.66  0.43 13.48 313.29   8.83  0.25 20.29 231.04   7.83  0.24 17.64 299.09  12.75
19860327 000000  1.6 318.0  2.47 13.22 224.33  20.90  6  1.91 10.45 221.03  15.64  1.34 12.15 223.38  10.34  0.55 16.76 219.29   8.98  0.43 13.45 313.65   8.97  0.34 19.98 231.87   8.03  0.26 17.40 299.13  12.29
19860327 030000  1.4 203.0  2.43 13.32 224.26  20.95  7  1.82 10.51 220.25  15.47  0.93 13.73 221.44   8.64  0.84 12.03 226.93   8.55  0.78 16.67 220.52   9.99  0.42 13.43 314.18   9.14  0.39 19.60 234.94   7.19  0.28 16.89 299.25  12.42
19860327 060000  4.1 164.2  2.42 16.39 224.46  21.18  5  1.46  9.50 219.00  18.06  1.40 13.28 222.43   9.30  1.22 16.04 225.03  10.07  0.41 13.40 314.97   9.41  0.29 16.72 299.66  12.07
19860327 090000  3.1 166.5  2.48 16.39 225.11  20.37  6  1.42  9.55 219.57  17.13  1.34 13.42 222.79   9.46  1.06 17.63 229.51   8.55  0.97 15.54 220.59   9.25  0.40 13.33 315.67   9.64  0.31 16.64 299.72  14.53
19860327 120000  3.5 187.2  2.56 16.14 225.70  19.45  3  2.51 15.97 223.47  12.37  0.39 13.16 316.81  10.08  0.31 16.59 300.66  13.35
19860327 150000  4.5 224.1  2.61 16.24 226.24  19.05  3  2.57 16.20 224.11  12.04  0.39 12.90 318.25  10.46  0.31 16.55 300.60  13.98
19860327 180000  7.3 227.9  2.65 16.07 226.89  19.26  3  2.60 15.87 224.76  12.39  0.40 12.82 319.55  10.57  0.31 16.50 299.92  13.01
19860327 210000  5.1 209.1  2.60 15.28 227.44  20.01  3  2.55 15.26 225.12  12.80  0.40 12.79 320.41  10.85  0.33 16.31 301.38  13.59
19860328 000000  2.4 211.4  2.49 15.15 228.10  20.78  3  2.43 15.12 225.39  12.53  0.40 12.76 321.06  10.97  0.36 15.85 302.96  14.58
19860328 030000  3.4 201.6  2.34 14.68 228.84  21.69  3  2.28 14.62 225.64  12.16  0.40 12.74 321.83  11.05  0.36 15.64 302.57  14.36
19860328 060000  6.5 188.9  2.20 14.37 229.05  23.27  3  2.13 14.35 225.31  12.91  0.41 12.70 322.83  10.86  0.37 15.55 302.50  13.81
19860328 090000  6.0 187.2  2.09 14.25 229.11  25.01  5  2.01 14.24 224.90  14.28  0.41 12.64 323.85  10.66  0.34 15.51 302.13  14.31  0.15 17.80 303.31   9.65  0.14 19.51 215.94   7.61
19860328 120000  6.3 178.3  1.99 13.91 229.38  26.31  5  1.90 13.92 224.72  15.07  0.41 12.56 324.57  10.52  0.34 15.48 301.83  14.22  0.16 19.26 214.97   8.04  0.14 17.78 304.69   8.35
19860328 150000  6.2 217.9  1.90 13.50 230.34  26.69  5  1.81 13.51 225.32  14.50  0.40 12.40 325.66  10.13  0.35 15.45 302.08  13.98  0.22 18.79 216.43   7.68  0.14 17.77 304.69   8.25
19860328 180000  8.8 210.2  1.95 13.34 229.67  27.07  5  0.79  3.86 217.05  28.30  1.68 13.36 226.53  11.13  0.40 12.19 326.10   9.85  0.37 15.44 301.95  13.26  0.25 18.33 216.74   7.40
19860328 210000  8.3 202.7  1.99 13.15 229.03  27.77  5  0.99  4.63 217.01  28.27  1.62 13.17 227.06  11.08  0.39 12.05 326.87   9.46  0.37 15.42 301.93  12.99  0.25 18.04 216.93   7.51
19860329 000000  5.5 186.6  1.99 12.68 229.17  28.13  5  1.08  5.29 217.17  27.88  1.55 12.72 228.13  11.01  0.40 11.97 326.83   9.22  0.36 15.52 300.02  12.24  0.30 17.76 217.90   7.93
19860329 030000  7.1 198.6  1.99 12.47 229.72  27.74  6  1.16  6.08 219.79  26.52  1.49 12.50 228.81  11.08  0.38 11.91 327.41   9.16  0.35 17.27 216.94   7.84  0.30 14.70 299.53  13.80  0.21 16.64 302.91   9.53
19860329 060000  8.2 180.7  2.03 12.18 228.62  28.35  6  1.26  6.60 217.85  27.66  1.46 12.27 229.47  11.25  0.36 16.92 217.19   8.00  0.36 11.87 327.76   9.25  0.32 14.57 300.04  14.29  0.20 16.62 304.60   8.07
19860329 090000  5.8 180.1  2.05 11.83 229.04  27.65  5  1.95 11.84 225.59  20.61  0.38 16.76 217.35   7.90  0.34 11.81 328.18   8.95  0.32 14.55 299.60  14.47  0.19 16.61 304.65   8.08
19860329 120000  6.7 173.5  2.28 11.01 228.08  25.82  7  2.03 10.74 224.88  21.53  0.78 12.55 228.64   7.81  0.47 16.50 220.48  11.29  0.33 11.74 328.40   8.59  0.31 14.59 298.35  13.39  0.18 16.61 304.85   8.16  0.18 15.54 248.41   5.10
19860329 150000  7.0 214.0  2.57  9.99 227.36  23.69  6  2.46  9.89 225.32  19.49  0.54 16.31 223.18  11.67  0.36 14.77 299.21  15.18  0.31 11.65 328.70   8.82  0.22 15.04 245.00   0.00  0.06 19.06 303.56   9.48
19860329 180000 10.3 203.1  2.76  9.91 225.79  23.43  5  2.65  9.87 224.04  20.20  0.65 15.66 227.53  13.26  0.34 14.94 301.28  11.65  0.28 11.53 329.22   7.98  0.06 19.02 304.13   9.44
19860329 210000 11.9 203.5  2.88  9.78 224.05  23.89  5  2.76  9.75 222.29  21.43  0.74 15.40 229.08  13.24  0.32 15.21 300.90  11.11  0.26 11.38 329.32   7.99  0.06 19.01 304.51   9.37
19860330 000000  8.3 190.4  3.03  9.48 223.04  24.60  6  2.70  9.47 220.32  23.91  0.98 11.88 228.68  11.53  0.87 14.98 228.59  12.60  0.31 15.29 300.77  10.99  0.25 11.27 329.11   8.15  0.06 18.97 304.76   9.48
19860330 030000  9.9 193.6  3.03  9.48 223.58  24.13  5  2.81  9.46 221.46  23.03  1.08 14.47 230.11  11.80  0.31 15.31 302.17  11.85  0.22 11.20 330.09   7.48  0.06 18.96 305.65   8.93
19860330 060000 11.0 186.8  3.07  9.73 222.80  24.07  5  2.82  9.69 220.49  23.25  1.15 14.08 230.07  11.94  0.30 15.29 302.20  11.89  0.20 11.16 330.04   7.68  0.06 18.48 305.44   8.64
19860330 090000  9.4 179.4  3.11  9.96 222.36  23.95  5  2.79  9.92 219.81  23.63  1.32 13.19 229.12  12.83  0.28 15.21 303.41  10.94  0.19 11.14 330.15   7.58  0.07 17.90 304.25   9.83
19860330 120000  9.6 181.6  3.09 10.12 222.44  23.34  5  2.58 10.01 218.60  23.90  1.68 12.25 228.71  13.40  0.27 14.76 303.12  11.01  0.18 11.13 330.50   7.13  0.08 17.82 304.77   9.60
19860330 150000 10.1 199.9  3.04 13.30 221.91  22.88  6  2.52 10.00 218.47  23.65  1.45 11.90 231.61  11.60  0.85 14.54 213.97   9.10  0.26 14.47 303.51  10.59  0.17 11.06 331.17   6.27  0.08 17.78 305.51   9.80
19860330 180000 11.8 207.8  3.07 13.30 221.57  22.24  5  2.60  9.79 219.19  22.84  1.62 13.26 225.37  13.53  0.25 14.38 303.04  11.48  0.16 11.01 330.92   6.22  0.08 17.75 305.85   9.66
19860330 210000 11.3 206.2  3.15 13.17 221.26  22.55  5  2.59  9.08 219.36  24.14  1.78 13.14 223.48  13.23  0.24 14.39 303.23  10.19  0.16 11.01 330.80   6.61  0.07 17.78 306.29   9.75
19860331 000000  6.9 192.8  3.05 12.80 221.22  22.98  5  2.52  8.71 220.04  24.75  1.69 12.76 221.96  12.57  0.24 14.37 303.32  11.08  0.15 10.98 331.24   6.57  0.07 17.81 306.04   9.57
19860331 030000  8.9 201.3  2.82 12.61 221.03  22.71  4  2.29  8.57 220.22  24.68  1.63 12.59 220.70  11.81  0.28 14.35 311.15  15.90  0.09 16.94 305.89   9.54
19860331 060000  7.8 193.8  2.62 12.48 220.79  22.43  4  2.02  8.37 220.26  25.13  1.65 12.46 219.79  11.09  0.27 14.31 311.48  15.71  0.09 16.71 305.24   9.39
19860331 090000  5.7 190.0  2.49 12.38 221.13  21.87  6  1.88  8.29 220.85  24.37  1.59 12.36 219.43  11.13  0.22 14.19 304.38  10.92  0.20 16.77 239.85  10.22  0.14 10.60 331.94   5.68  0.10 16.65 305.99   9.76
19860331 120000  6.2 190.8  2.43 12.22 221.55  21.00  6  1.82  8.68 221.90  23.17  1.58 12.21 219.19  11.18  0.21 13.84 304.53  11.00  0.17 16.54 242.23   6.82  0.14 11.68 331.40   6.30  0.10 16.61 306.25   9.90
19860331 150000  7.2 216.3  2.41 12.04 221.32  20.34  5  1.75  8.77 221.17  22.46  1.62 12.03 219.76  11.91  0.24 13.61 313.46  15.80  0.18 16.49 242.18   6.60  0.09 16.64 306.20   9.78
19860331 180000 10.8 211.5  2.51 12.01 220.19  20.30  4  1.90  8.74 220.39  22.39  1.61 12.00 218.56  11.36  0.23 13.54 313.74  15.83  0.09 16.70 306.13  10.11
19860331 210000 11.4 201.0  2.76 12.19 218.30  21.45  4  2.21  7.96 218.16  23.95  1.65 12.15 217.33  10.63  0.23 13.49 313.56  15.80  0.08 16.86 306.21  10.20
19860401 000000 10.9 198.2  2.91 12.89 217.19  22.18  4  2.30  7.89 216.74  25.45  1.76 12.69 216.85  10.14  0.22 13.45 313.66  15.96  0.10 17.29 306.28   9.47
