Date     Time   Uabs UDir  hs    tp    th     sp     np hs(i) tp(i) th(i)  sp(i)
20040701 000000 11.8 183.4  3.34 13.15 223.69  24.32  3  2.08  7.15 214.93  29.45  1.94 13.98 214.31  11.25  1.76 12.86 246.38   8.46
20040701 030000  9.7 178.3  3.06 12.97 223.31  25.62  3  2.30 12.66 225.22  30.80  1.75 13.76 214.24  11.53  1.00 15.52 242.53   9.54
20040701 060000  8.5 171.4  2.78 12.92 223.97  25.36  3  2.15 12.59 228.67  29.29  1.57 13.60 210.89   9.05  0.80 15.54 244.43   7.62
20040701 090000  8.4 166.0  2.68 13.43 223.13  24.75  3  1.81 12.41 227.26  31.65  1.74 13.66 213.10  10.01  0.93 15.16 245.02   7.55
20040701 120000  9.1 176.0  2.81 14.32 222.04  22.57  3  2.60 13.80 217.53  21.29  0.91 11.92 247.76   7.78  0.54 14.57 250.27   5.99
20040701 150000  7.4 181.1  3.07 14.32 221.93  19.81  2  3.02 13.71 220.98  19.46  0.55 14.55 249.57   5.66
20040701 180000 12.2 208.8  3.44 14.38 221.85  17.97  2  1.30  4.83 208.56  29.36  3.19 14.38 223.80  14.33
20040701 210000  9.8 190.4  3.71 14.62 222.36  18.19  1  3.71 14.62 222.36  18.19
20040702 000000  9.4 209.3  3.78 15.11 223.57  16.98  1  3.78 15.11 223.57  16.98
20040702 030000  7.9 191.6  3.79 15.04 224.53  16.30  1  3.79 15.04 224.53  16.30
20040702 060000  7.4 185.4  3.74 14.70 225.24  16.12  1  3.74 14.70 225.24  16.12
20040702 090000  5.6 172.6  3.66 14.51 226.10  15.73  1  3.66 14.51 226.10  15.73
20040702 120000  5.9 164.2  3.64 14.42 226.68  15.38  1  3.64 14.42 226.68  15.38
20040702 150000  5.6 178.3  3.74 14.44 226.78  15.24  1  3.74 14.44 226.78  15.24
20040702 180000  8.5 195.2  3.91 14.52 226.30  15.61  1  3.91 14.52 226.30  15.61
20040702 210000 10.0 193.8  4.05 14.58 225.82  16.55  2  0.87  3.95 204.38  30.83  3.95 14.58 226.72  14.88
20040703 000000  8.3 194.6  4.09 14.59 225.62  17.28  1  4.09 14.59 225.62  17.28
20040703 030000  8.9 170.3  4.08 14.61 224.99  18.39  1  4.08 14.61 224.99  18.39
20040703 060000  8.0 178.9  4.07 14.67 224.49  18.44  1  4.07 14.67 224.49  18.44
20040703 090000  8.2 165.3  4.07 14.71 223.60  18.95  1  4.07 14.71 223.60  18.95
20040703 120000  7.3 174.6  3.97 14.71 223.38  18.84  1  3.97 14.71 223.38  18.84
20040703 150000  9.0 176.3  3.86 14.65 222.79  19.23  2  0.99  4.37 191.57  31.40  3.73 14.65 224.64  16.32
20040703 180000 10.9 197.5  3.77 14.54 222.47  19.40  1  3.77 14.54 222.47  19.40
20040703 210000 11.7 189.4  3.71 14.41 221.93  20.56  1  3.71 14.41 221.93  20.56
20040704 000000 10.8 186.4  3.57 14.28 221.48  21.25  1  3.57 14.28 221.48  21.25
20040704 030000  9.9 168.0  3.42 14.11 220.72  22.23  1  3.42 14.11 220.72  22.23
20040704 060000  9.6 176.6  3.25 13.88 221.19  21.53  1  3.25 13.88 221.19  21.53
20040704 090000 10.0 173.0  3.17 13.75 220.42  22.23  1  3.17 13.75 220.42  22.23
20040704 120000  7.8 180.2  3.04 13.65 220.79  22.07  1  3.04 13.65 220.79  22.07
20040704 150000 10.2 173.2  2.94 13.51 219.85  23.03  1  2.94 13.51 219.85  23.03
20040704 180000 10.3 196.4  2.84 13.39 220.01  22.38  1  2.84 13.39 220.01  22.38
20040704 210000 11.9 187.7  2.91 13.31 218.64  23.05  2  1.94  6.71 214.13  29.87  2.18 13.31 221.83  14.90
20040705 000000 10.8 178.1  2.98 13.19 217.74  24.47  2  2.22  7.41 215.00  29.85  1.99 13.19 220.80  14.70
20040705 030000  9.3 167.3  2.83 12.93 217.70  25.19  3  2.19  7.86 216.12  30.04  1.79 12.93 219.80  15.13  0.06 20.66 221.34   7.24
20040705 060000  7.7 167.1  2.56 12.70 219.18  24.30  3  1.96  7.90 218.79  29.09  1.66 12.70 219.67  15.27  0.07 20.43 222.36   7.39
20040705 090000  7.9 176.8  2.36 12.55 220.09  23.55  3  1.71  7.85 219.03  28.80  1.63 12.55 221.08  15.68  0.06 17.75 293.05  12.65
20040705 120000  7.5 175.5  2.27 12.42 220.49  23.16  4  1.62  7.92 219.09  28.52  1.60 12.42 221.70  15.60  0.10 20.05 221.13   6.98  0.07 17.74 293.91  12.48
20040705 150000  7.9 177.4  2.29 12.27 220.99  22.79  4  1.54  8.18 217.20  28.64  1.69 12.27 223.71  15.73  0.11 19.67 221.63   7.51  0.08 17.73 292.79  14.25
20040705 180000  8.6 207.5  2.37 11.99 222.44  21.41  4  1.60  8.19 218.93  26.46  1.74 11.99 225.06  15.26  0.13 19.33 222.09   7.12  0.08 17.71 293.30  14.80
20040705 210000  8.7 191.8  2.44 11.83 223.43  21.41  4  1.68  7.80 219.36  26.42  1.77 11.83 226.69  14.70  0.13 19.15 222.22   7.01  0.08 17.68 294.01  15.44
20040706 000000  9.7 184.8  2.49 11.71 223.42  22.57  4  1.79  7.63 218.18  27.19  1.73 11.71 228.46  14.52  0.14 19.03 222.43   6.82  0.06 17.66 301.03  11.46
20040706 030000  7.6 165.0  2.52 11.54 223.83  23.52  2  2.51 11.54 223.83  23.55  0.14 18.95 222.71   6.72
20040706 060000  7.5 169.3  2.52 11.18 224.72  23.44  3  2.52 11.18 224.69  23.43  0.15 18.46 221.61   7.79  0.06 16.65 292.28  14.66
20040706 090000  8.3 164.2  2.53 10.97 224.32  24.24  2  2.53 10.97 224.28  24.19  0.06 16.61 292.77  13.76
20040706 120000  6.6 180.3  2.53 10.82 224.02  24.47  3  2.53 10.82 223.98  24.45  0.14 18.02 222.11   7.85  0.07 16.59 293.53  13.18
20040706 150000  9.8 171.3  2.53 10.62 222.39  26.00  2  2.53 10.62 222.33  25.94  0.07 16.58 294.59  12.96
20040706 180000 11.5 201.8  2.51 10.39 221.51  25.82  2  2.51 10.39 221.45  25.74  0.08 16.57 295.80  12.97
20040706 210000 10.8 191.8  2.61 10.25 220.72  26.16  4  2.35  8.53 216.16  26.41  1.03 10.67 241.05  14.28  0.46 14.59 227.99   9.39  0.08 16.54 295.44  14.85
20040707 000000 12.0 187.2  2.71  8.20 219.87  27.06  4  2.32  8.18 212.73  27.61  1.26 10.26 239.89  14.26  0.62 13.83 229.05  11.17  0.08 16.52 297.77  13.87
20040707 030000 10.6 172.1  2.73  8.14 219.99  27.93  4  2.29  8.14 212.19  29.23  1.20 10.17 240.38  13.85  0.87 13.42 229.49  12.16  0.07 16.43 297.35  14.76
20040707 060000 10.1 164.7  2.59  8.19 220.76  28.49  5  2.13  8.19 213.09  30.90  1.12 13.23 229.86  12.99  0.89 10.06 244.51  11.68  0.35 17.98 226.17  10.60  0.06 15.95 296.26  15.27
20040707 090000 10.0 169.3  2.57 10.88 220.44  27.82  4  1.98  8.17 210.49  31.17  1.45 10.89 235.84  14.10  0.77 16.45 223.45  10.52  0.06 15.57 293.48  15.33
20040707 120000  9.5 184.4  2.72 15.52 220.73  25.79  2  2.35 10.75 219.23  28.91  1.35 15.52 224.77  11.20
20040707 150000 11.3 179.3  2.97 14.89 219.67  25.19  2  2.41 10.33 216.28  29.42  1.74 14.89 225.46  11.76
20040707 180000 11.8 196.4  3.07 14.37 220.47  23.96  4  2.36  8.38 214.85  27.99  1.94 14.37 227.50  13.16  0.28 11.06 245.00   0.00  0.06 22.14 222.53   6.99
20040707 210000 12.1 192.8  3.15 13.87 220.29  23.89  4  2.49  7.85 215.04  27.35  1.93 13.87 228.16  13.03  0.07 15.50 300.76  11.17  0.06 21.91 221.46   7.94
20040708 000000 11.9 184.4  3.12 13.45 219.96  24.91  3  2.49  7.89 214.58  28.28  1.87 13.45 228.52  13.36  0.07 15.50 302.14  11.07
20040708 030000 10.7 169.1  3.03 13.12 219.17  26.38  3  2.47  8.06 213.66  29.61  1.75 13.12 228.88  13.67  0.06 15.49 306.65   8.64
20040708 060000 10.3 167.3  2.81 12.72 219.33  26.87  4  2.23  8.19 212.30  30.40  1.71 12.72 229.83  14.02  0.09 20.70 221.47   6.21  0.06 15.47 307.71   9.05
20040708 090000 10.1 165.4  2.63 12.55 218.08  27.77  3  2.09  8.11 210.54  31.29  1.60 12.55 229.45  14.11  0.05 15.41 308.91   9.49
20040708 120000 10.1 176.7  2.52 12.38 217.26  27.70  2  1.95  8.02 208.24  31.26  1.60 12.38 229.10  14.76
20040708 150000 10.1 168.7  2.46 12.31 216.06  28.21  3  1.93  7.86 207.00  31.30  1.51 12.31 229.02  14.69  0.05 14.54 301.29  13.45
20040708 180000 12.0 206.7  2.41 12.22 217.73  25.91  4  2.31 11.17 215.72  25.78  0.51 12.03 249.87   6.15  0.43 15.79 225.91  10.30  0.06 14.51 299.48  13.47
20040708 210000 11.8 194.2  2.56 11.91 217.84  25.25  5  2.13  6.81 212.60  27.18  1.29 11.43 227.32  15.27  0.48 15.64 224.88   9.74  0.37 11.94 250.08   7.30  0.06 14.50 300.34  12.42
20040709 000000 11.7 184.7  2.52 11.72 217.18  26.59  5  2.10  6.91 212.80  29.34  1.10 12.07 220.44   9.99  0.61 15.05 223.07   9.95  0.57 11.55 251.42   6.84  0.07 14.48 298.53  13.95
20040709 030000  9.7 172.9  2.42 11.55 216.86  27.51  6  2.02  7.08 212.62  30.63  1.06 11.74 220.09  10.82  0.64 14.67 223.16   9.99  0.50 11.30 252.73   6.81  0.08 14.48 300.94  13.26  0.06 22.17 221.06   7.21
20040709 060000  9.7 170.3  2.25 11.25 217.25  27.60  6  1.82  7.24 212.06  30.94  0.92 11.60 221.59  12.24  0.81 14.14 220.88   9.84  0.48 11.02 256.39   7.89  0.08 14.47 302.53  12.88  0.07 21.83 221.54   6.99
20040709 090000  8.8 175.7  2.07 13.63 216.96  27.61  6  1.59  6.94 209.87  31.52  0.94 11.83 219.98  10.86  0.75 13.78 220.57  10.81  0.55 10.83 254.45   7.88  0.08 21.74 221.52   7.34  0.07 14.45 305.01  11.45
20040709 120000  9.7 176.6  1.93 13.33 215.63  28.22  5  1.41  6.37 205.12  32.09  1.18 13.33 219.62  10.99  0.57 10.68 255.61   8.40  0.08 21.40 221.04   7.33  0.07 14.41 306.40  11.93
20040709 150000  9.3 178.2  1.85 12.76 213.68  28.96  5  1.31  5.43 199.96  32.22  1.18 12.76 219.61  11.85  0.54 10.35 257.60   8.08  0.10 20.55 220.64   7.02  0.05 14.38 309.82  10.89
20040709 180000 11.2 192.0  1.87 12.61 213.18  27.60  4  1.38  5.20 201.76  29.73  1.14 12.61 218.85  11.94  0.53 10.20 257.48   9.63  0.12 20.41 221.61   7.73
20040709 210000  8.2 188.1  1.80 12.40 214.66  28.18  4  1.33  5.46 205.90  32.27  1.11 12.41 218.10  12.02  0.48 10.13 257.77   9.82  0.12 20.36 221.62   8.08
20040710 000000  9.5 196.7  1.71 11.95 215.94  27.23  5  1.22  5.19 207.92  32.01  1.09 11.97 217.29  12.11  0.47 10.04 256.20   8.57  0.13 20.02 221.12   7.73  0.06 13.51 302.25  15.85
20040710 030000  9.6 164.1  1.81 11.77 212.20  29.97  6  1.37  5.39 203.78  34.27  1.04 11.77 215.65  11.71  0.44  9.76 257.12   8.68  0.24 14.77 234.26  12.80  0.19 19.03 217.41  10.01  0.07 13.51 301.95  14.82
20040710 060000  8.8 157.9  1.83 11.62 211.11  31.54  6  1.41  6.54 204.47  37.39  1.00 11.65 214.30  11.91  0.35 14.34 238.26  17.06  0.32  9.63 256.82   8.12  0.31 15.60 209.25   9.86  0.20 19.05 217.87   9.67
20040710 090000  7.7 147.8  1.86 11.39 212.09  30.10  7  1.54  7.89 210.88  34.92  0.88 11.48 215.35  14.07  0.52 15.31 206.51   8.72  0.14 14.49 225.00   0.00  0.13 19.06 227.36   4.45  0.12  9.66 255.00   0.00  0.07 13.51 308.09   9.52
20040710 120000  6.1 153.2  1.88 14.38 213.18  27.13  4  1.48  8.19 214.23  32.51  0.92 11.28 215.36  14.65  0.71 15.03 205.10   8.72  0.07 13.51 308.72   9.38
20040710 150000  5.4 154.5  1.89 14.01 213.46  23.61  1  1.89 14.01 213.46  23.61
20040710 180000  6.3 235.4  1.91 13.86 213.57  20.67  2  1.91 13.88 213.50  20.47  0.06 13.49 310.67   9.19
20040710 210000  5.2 188.5  1.92 13.84 213.06  19.32  2  1.91 13.95 212.34  18.25  0.23 13.24 270.17  13.66
20040711 000000  2.3 209.7  1.89 13.87 212.68  18.50  2  1.87 13.98 211.78  17.06  0.25 12.74 269.85  12.39
20040711 030000  2.1 166.5  1.83 13.90 212.61  17.97  3  1.80 13.99 210.92  15.29  0.28 12.48 269.25  11.80  0.20  8.97 259.40   7.48
20040711 060000  4.6  47.5  1.76 13.79 212.65  17.78  4  1.72 13.85 210.66  14.45  0.29 12.03 269.65  11.66  0.19  9.08 258.20   8.99  0.07 16.54 265.74   6.56
20040711 090000  4.1  11.1  1.66 13.63 212.92  22.06  3  1.63 13.66 210.74  19.31  0.32 11.86 269.76  11.30  0.12 16.07 265.21   7.80
20040711 120000  3.5 283.0  1.57 13.49 214.11  22.49  3  1.52 13.50 211.03  18.62  0.31 11.68 271.58  11.50  0.22 15.48 264.98   7.28
20040711 150000  3.4  33.9  1.50 13.42 216.06  26.22  3  1.42 13.37 210.98  21.51  0.35 14.78 263.50   8.09  0.31 11.26 273.32  11.47
20040711 180000  5.5 327.3  1.44 13.37 220.91  29.70  3  1.32 13.27 212.09  24.17  0.51 14.36 263.06   8.59  0.30 11.05 274.49  11.78
20040711 210000  5.2 308.1  1.42 13.25 229.30  33.92  4  0.42  3.08 308.53  33.37  1.15 13.00 209.66  11.70  0.67 13.70 263.10  10.71  0.26 10.80 274.22   8.63
20040712 000000  6.3   4.3  1.39 12.88 237.01  36.66  4  0.46  3.41 315.04  38.48  1.00 12.71 208.58  10.16  0.85 13.20 263.20  12.25  0.14 15.56 222.28   4.65
20040712 030000  4.2   2.8  1.35 12.65 244.98  36.65  5  0.48  3.88 312.77  38.36  0.90 12.72 264.77  10.33  0.84 12.59 208.46  10.33  0.28 15.55 225.29   7.75  0.08  7.76 265.20   8.18
20040712 060000  6.0 350.2  1.34 12.42 253.73  36.34  4  0.55  4.29 310.11  37.09  1.00 12.36 261.65  14.09  0.70 12.48 208.51   9.74  0.06 12.62 314.53   7.37
20040712 090000  7.9   4.0  1.53 11.96 266.49  39.12  5  1.38 11.89 278.66  33.85  0.56 12.29 208.36   8.99  0.32 16.36 227.76   9.07  0.12 14.49 225.00   0.00  0.06 12.60 314.97   7.46
20040712 120000  7.8 352.8  1.86 11.63 269.97  37.44  5  1.76 11.49 276.41  34.70  0.47 11.96 210.53   9.98  0.31 16.45 226.17   9.46  0.20 14.55 220.60   4.96  0.05 12.56 316.48   7.59
20040712 150000  8.0 356.9  2.10 11.13 269.88  34.76  3  2.00 11.03 274.74  32.85  0.50 15.14 228.08  11.77  0.37 11.73 209.64   9.43
20040712 180000 10.3 349.5  2.33 10.90 276.69  36.92  4  2.16 10.79 282.72  35.83  0.57 15.31 228.28  13.06  0.55 13.26 264.80   8.03  0.33 11.68 211.85  10.21
20040712 210000 10.4 342.2  2.55 10.81 282.53  37.63  3  2.35 10.73 289.63  36.51  0.75 12.80 260.64   8.61  0.64 15.05 224.45  13.38
20040713 000000 12.5 350.9  2.80 10.78 288.57  40.04  4  1.56  6.18 342.05  25.92  1.94 10.06 276.44  19.97  1.06 12.03 259.37  10.21  0.72 14.32 222.47  12.94
20040713 030000 11.9 347.9  2.88 11.05 290.62  40.82  3  1.67  6.20 342.33  26.39  2.21 10.38 273.20  18.71  0.81 14.23 224.68  14.11
20040713 060000 10.0 337.7  2.78 11.52 288.46  40.47  2  2.66 11.04 294.37  37.46  0.80 13.77 223.08  13.57
20040713 090000  8.9 329.0  2.62 11.56 282.67  38.88  3  2.48 11.25 289.35  35.62  0.83 13.44 222.58  13.11  0.05 20.53 290.07  14.49
20040713 120000  5.6 281.9  2.48 11.38 274.94  36.69  3  2.33 11.03 281.69  33.68  0.82 13.17 221.44  12.62  0.06 20.41 290.48  13.66
20040713 150000  1.6 280.0  2.41 11.31 267.46  34.24  3  2.22 10.85 275.36  31.63  0.94 12.71 225.01  13.10  0.07 20.34 290.31  13.53
20040713 180000  1.5 332.0  2.60 12.44 256.75  31.35  3  1.98 11.01 274.27  31.31  1.69 12.65 235.63  14.36  0.07 20.30 292.60  11.97
20040713 210000  3.9 359.2  3.09 12.47 246.52  26.75  1  3.09 12.47 246.52  26.75
20040714 000000  3.7 316.9  3.47 12.86 241.44  23.63  1  3.47 12.86 241.44  23.63
20040714 030000  1.4 296.8  3.60 13.35 238.22  22.76  1  3.60 13.35 238.22  22.76
20040714 060000  3.6 195.4  3.47 12.89 235.43  23.09  1  3.47 12.89 235.43  23.09
20040714 090000  6.4 181.8  3.16 12.46 233.19  24.32  2  3.16 12.46 233.14  24.27  0.10 19.07 291.03  13.08
20040714 120000  7.5 186.6  2.86 11.87 231.23  25.85  3  2.85 11.87 231.12  25.72  0.11 19.03 287.99  17.62  0.07 12.66 309.92   7.85
20040714 150000  7.8 189.2  2.66 11.47 229.21  26.56  4  2.65 11.47 229.05  26.38  0.11 18.98 289.66  13.80  0.09 12.53 307.70   8.67  0.07 24.58 219.68   7.01
20040714 180000  7.3 195.1  2.55 11.26 227.86  25.99  4  2.54 11.25 227.69  25.80  0.12 18.91 289.32  14.30  0.09 23.64 219.90   7.06  0.08 12.00 311.53   6.32
20040714 210000  8.9 209.5  2.55 11.75 226.17  24.95  5  0.80  4.03 211.84  28.55  2.42 11.74 227.44  23.82  0.12 18.69 289.61  13.95  0.12 23.22 220.01   6.98  0.09 11.88 309.75   8.16
20040715 000000  6.2 195.2  2.54 11.97 225.10  24.20  4  2.53 11.98 224.90  23.93  0.15 22.42 220.08   7.10  0.13 18.09 287.93  14.96  0.09 11.83 308.80   8.59
20040715 030000  7.7 182.6  2.51 12.06 223.74  23.70  4  2.50 12.07 223.52  23.42  0.19 21.94 220.58   7.03  0.13 17.91 288.38  13.68  0.09 11.84 307.83   9.55
20040715 060000  8.3 176.0  2.47 12.08 222.02  23.89  4  2.45 12.09 221.77  23.60  0.23 21.61 220.32   7.39  0.14 17.85 287.93  13.63  0.08 11.83 308.05   9.22
20040715 090000  7.9 173.7  2.38 11.98 220.88  24.43  4  2.36 11.98 220.59  24.15  0.27 20.87 220.35   7.26  0.15 17.82 287.34  14.12  0.08 11.82 308.04   9.01
20040715 120000  6.9 182.5  2.23 11.78 221.04  24.38  3  2.20 11.78 220.79  24.25  0.31 20.48 220.14   7.37  0.16 17.79 287.09  14.64
20040715 150000  8.1 177.8  2.10 11.48 220.03  25.32  4  0.73  3.80 184.81  31.01  1.94 11.48 224.00  20.71  0.33 20.20 220.16   7.47  0.16 17.72 287.39  14.39
20040715 180000  7.3 175.4  1.98 11.12 219.90  25.51  4  1.94 11.12 219.46  25.30  0.35 19.46 219.68   7.69  0.16 17.52 287.24  14.25  0.07 11.36 309.50   8.16
20040715 210000  8.7 204.4  1.87 10.92 220.91  24.51  4  1.82 10.91 220.45  24.26  0.39 19.10 218.96   7.90  0.17 16.91 284.71  15.35  0.07 11.17 309.06   8.98
20040716 000000  9.5 187.9  1.88 10.65 219.79  25.63  5  0.97  4.35 201.80  29.23  1.55 10.63 225.42  20.61  0.39 18.81 218.67   8.10  0.18 16.76 283.68  15.29  0.07 11.10 309.62   8.29
20040716 030000  8.2 172.2  1.80 10.38 218.66  27.47  5  1.19  5.48 214.87  35.64  1.27 10.37 220.17  16.88  0.44 18.00 217.66   8.29  0.20 16.70 283.46  15.09  0.07 11.08 309.15   8.38
20040716 060000  6.4 155.5  1.65 10.25 219.33  27.76  4  1.58 10.24 218.41  27.64  0.44 17.70 217.83   8.14  0.20 16.69 283.46  14.89  0.07 11.07 308.08   9.27
20040716 090000  5.7 152.4  1.50 10.11 219.92  27.44  4  1.42 10.11 218.81  27.22  0.43 17.32 217.72   8.23  0.21 16.68 281.93  15.89  0.06 11.06 307.91   9.06
20040716 120000  6.8 162.5  1.39  9.85 218.82  27.96  5  1.23  9.84 217.55  29.39  0.49 16.64 216.84   7.98  0.38 12.12 216.62   8.51  0.22 16.66 279.83  17.17  0.06 11.04 307.63   9.11
20040716 150000  7.2 175.0  1.36  9.69 216.13  28.48  5  1.21  9.68 213.88  29.42  0.55 16.44 216.96   8.39  0.22 16.67 278.90  17.18  0.17 11.83 215.00   0.00  0.06 11.00 307.16   9.71
20040716 180000  7.1 194.1  1.33  9.60 216.96  26.86  7  1.17  9.60 214.54  27.28  0.39 16.07 217.92   8.41  0.34 13.90 215.09   8.97  0.25 11.95 217.81   4.58  0.19 16.91 286.82  13.49  0.14 13.58 258.92   8.42  0.06 10.93 307.45   9.68
20040716 210000  8.1 198.8  1.35 15.70 217.72  26.20  8  0.96  5.06 215.83  31.24  0.69  9.52 214.84  12.55  0.50 15.64 216.35   8.36  0.34 11.70 214.55   8.06  0.18 13.08 259.52   8.85  0.14 15.67 280.88  10.10  0.14 17.62 294.67  11.21  0.06 10.72 308.65   9.36
20040717 000000  8.9 188.9  1.43 15.56 217.33  27.53  7  1.27  9.44 214.71  27.56  0.43 12.31 214.76   8.33  0.41 15.45 217.31   8.74  0.21 12.73 259.81   8.40  0.17 15.66 280.30  10.42  0.13 17.59 297.29   9.45  0.05 10.52 309.58   8.79
20040717 030000  7.3 189.0  1.43 15.45 218.72  28.46  7  1.14  5.32 217.22  31.16  0.56  9.35 211.41   9.96  0.42 12.42 214.46   8.24  0.38 15.21 217.51   8.93  0.24 12.32 259.57   8.03  0.22 15.85 286.61  12.97  0.06 10.46 309.30   9.70
20040717 060000  6.1 178.0  1.36 15.34 220.51  28.69  8  1.07  5.54 219.24  31.20  0.54  9.33 210.76   9.41  0.40 12.09 213.97   8.06  0.33 14.94 216.41   8.40  0.28 12.00 259.15   8.43  0.22 15.83 286.56  13.05  0.12 19.03 229.69   8.52  0.06 10.41 310.19   8.92
20040717 090000  4.8 168.1  1.26 11.83 222.66  28.51  7  0.97  5.60 221.18  30.35  0.49  9.38 210.41   9.25  0.40 14.59 217.70   9.16  0.31 11.81 259.19   7.51  0.31 11.53 211.94   8.82  0.22 15.80 286.55  12.79  0.05 10.40 308.99   8.59
20040717 120000  6.1 163.3  1.18 11.63 224.18  29.16  8  0.88  5.55 221.03  30.61  0.43  9.36 209.72   9.34  0.37 11.62 259.40   7.10  0.36 11.56 211.84   7.87  0.33 14.43 216.18   8.17  0.21 15.86 287.56  12.10  0.14 18.11 233.26   8.27  0.06 10.39 309.85   9.21
20040717 150000  4.7 180.2  1.13 11.34 225.81  29.80  8  0.80  5.42 219.51  30.62  0.43 11.36 259.27   7.09  0.42  9.33 209.49   9.22  0.32 14.31 215.05   8.07  0.31 11.37 211.73   8.36  0.22 16.13 288.32  11.75  0.16 17.78 231.47   8.91  0.06 10.38 309.91   9.34
20040717 180000  8.0 202.4  1.16 11.10 226.95  29.62  6  0.91  5.28 215.63  25.99  0.51 11.11 259.02   7.45  0.29 11.21 210.84   8.92  0.29 14.24 215.38   8.20  0.22 16.32 289.26  11.20  0.16 17.68 234.08   9.02
20040717 210000  7.4 199.6  1.23 10.80 227.76  30.31  7  0.91  4.88 216.02  28.13  0.58 10.78 258.97   7.71  0.34  8.96 208.81   8.83  0.32 11.00 211.12   8.97  0.23 16.29 288.37  12.14  0.20 14.18 214.92   7.84  0.19 16.78 231.75  10.25
20040718 000000  4.3 191.1  1.18 10.51 232.16  30.74  8  0.82  4.87 217.66  29.41  0.64 10.51 258.96   8.38  0.32  8.93 208.26   9.07  0.30 10.79 211.01   9.35  0.20 16.53 233.70  10.34  0.17 16.22 295.36   9.79  0.16 14.54 216.66   8.52  0.15 14.59 280.22   8.31
20040718 030000  4.1 187.7  1.11 10.20 237.55  29.88  6  0.69  4.80 219.28  29.27  0.68 10.18 259.26   8.67  0.39 10.41 209.48   9.00  0.23 15.82 233.32  11.17  0.23 15.35 288.53  11.83  0.12 13.84 210.61   5.72
20040718 060000  3.0 111.3  1.05  9.87 242.55  28.50  6  0.72  9.86 259.48   9.01  0.56  4.64 220.67  29.62  0.35 10.17 208.29   8.46  0.28 15.26 229.92  12.18  0.22 15.17 288.44  12.12  0.05 10.29 310.61   9.14
20040718 090000  4.4  71.4  1.02  9.71 247.04  31.99  5  0.76  9.71 259.26   9.55  0.48  4.50 216.36  47.18  0.31  9.67 207.69   8.66  0.28 14.70 230.44  11.75  0.23 15.03 287.10  12.05
20040718 120000  5.7  56.4  1.02  9.70 251.59  38.59  6  0.29  2.39  67.05  30.57  0.80  9.71 259.13  10.25  0.33  4.31 224.44  25.01  0.29 14.57 232.03  10.78  0.27  9.49 207.38   8.61  0.24 15.03 286.77  12.72
20040718 150000  4.9  17.7  1.02 10.03 255.16  34.48  7  0.27  2.55  52.58  38.11  0.84 10.12 258.63  11.27  0.29 14.51 233.46  10.20  0.25  4.16 226.07  24.78  0.24 15.18 288.79  11.32  0.23  9.41 207.21   9.30  0.06 11.64 311.44   9.62
20040718 180000  5.9 319.1  1.07 10.22 261.75  33.37  5  0.38  2.67 346.45  42.07  0.89 10.27 259.09  11.61  0.30 13.91 232.49   9.99  0.26  8.89 213.57  16.74  0.24 15.26 289.11  11.62
20040718 210000  5.2 343.1  1.13 10.13 265.99  31.14  5  0.49  3.51 320.33  35.13  0.92 10.15 259.13  12.07  0.33 13.70 233.22   9.74  0.24 15.26 290.45  12.51  0.16  8.77 205.51  11.23
20040719 000000  4.1 336.5  1.20  9.96 269.49  30.54  5  0.59  4.50 313.46  30.66  0.94 10.00 260.30  12.20  0.37 13.62 234.53  10.48  0.23 15.12 291.00  12.35  0.11  8.44 203.50   8.26
20040719 030000  3.3  16.7  1.35  9.61 270.22  28.39  5  1.26  9.62 273.84  27.19  0.39 13.46 237.49   9.93  0.22 14.59 291.14  12.66  0.16 17.06 226.15   9.79  0.08  8.13 202.59   6.83
20040719 060000  3.2   6.4  1.67  9.55 267.80  25.38  4  1.52  9.55 272.16  24.65  0.61 12.82 244.56  10.86  0.22 16.69 228.62   9.92  0.20 14.46 291.99  11.34
20040719 090000  2.1  15.4  2.11 12.32 265.58  22.14  4  1.81 10.65 271.48  21.62  1.05 12.33 249.85  12.66  0.25 16.74 229.73  11.58  0.18 14.48 295.94   9.52
20040719 120000  1.9 244.4  2.40 11.80 264.82  20.61  2  2.40 11.80 264.59  20.51  0.21 14.45 295.43   8.98
20040719 150000  5.0 151.4  2.55 11.82 262.69  20.85  2  2.54 11.82 262.44  20.74  0.23 14.44 294.02   7.61
20040719 180000  6.0 174.6  2.70 12.03 259.43  21.44  1  2.70 12.03 259.43  21.44
20040719 210000  5.6 190.1  2.89 12.23 256.99  20.76  1  2.89 12.23 256.99  20.76
20040720 000000  4.8 166.5  3.11 12.70 255.42  19.72  1  3.11 12.70 255.42  19.72
20040720 030000  4.7 131.5  3.27 14.24 253.82  19.40  1  3.27 14.24 253.82  19.40
20040720 060000  3.3  95.8  3.29 13.85 252.52  18.83  1  3.29 13.85 252.52  18.83
20040720 090000  3.7  51.9  3.17 13.53 251.62  19.13  1  3.17 13.53 251.62  19.13
20040720 120000  4.6  22.6  2.95 13.39 251.14  19.29  1  2.95 13.39 251.14  19.29
20040720 150000  9.0 349.3  2.74 13.21 253.36  25.15  2  0.63  3.35 335.71  29.48  2.67 13.21 250.48  18.39
20040720 180000 12.5 355.9  2.88 12.94 273.69  44.38  2  1.73  5.53 334.22  33.72  2.30 12.94 248.55  16.98
20040720 210000 12.2 357.0  3.08 12.79 291.11  48.17  2  2.28  6.72 333.13  34.71  2.07 12.79 247.41  15.86
20040721 000000 10.9 338.0  3.04 12.70 286.59  45.27  2  2.19  7.20 327.85  34.21  2.11 12.70 249.20  16.03
20040721 030000  7.9  19.0  2.96 12.61 277.56  41.67  2  1.57  6.82 342.81  29.53  2.51 12.61 258.37  21.08
20040721 060000  7.4  19.4  2.96 12.53 272.55  38.01  3  1.28  6.64 347.12  30.82  2.67 12.53 260.84  22.14  0.06 21.68 223.84   7.84
20040721 090000  9.5   6.7  3.17 13.61 271.68  36.04  1  3.17 13.61 271.68  36.04
20040721 120000 12.0   5.9  3.71 13.63 272.52  36.47  2  1.41  5.48 357.56  27.29  3.42 13.63 263.24  21.07
20040721 150000 11.0   2.7  4.03 13.51 270.24  34.95  2  1.43  5.73 356.76  28.81  3.77 13.51 262.46  21.03
20040721 180000 13.0 341.8  4.19 13.55 271.40  36.36  2  1.81  6.10 344.45  29.07  3.78 13.55 259.69  19.26
20040721 210000 12.2 349.4  4.28 14.42 272.09  36.99  2  2.27  6.94 329.08  31.36  3.63 14.42 255.25  15.98
20040722 000000 10.6 350.1  4.32 14.38 269.15  35.72  1  4.32 14.38 269.15  35.72
20040722 030000  5.5  14.8  4.23 14.15 264.31  33.04  1  4.23 14.15 264.31  33.04
20040722 060000  5.4  51.7  4.00 13.83 259.72  31.34  1  4.00 13.83 259.72  31.34
20040722 090000  6.0  50.9  3.75 13.72 255.58  30.51  2  3.51 13.48 259.94  30.33  1.30 15.67 226.81   9.59
20040722 120000  5.3  30.2  3.50 13.87 252.05  29.63  1  3.50 13.87 252.05  29.63
20040722 150000  6.1  38.4  3.21 14.03 249.40  29.55  1  3.21 14.03 249.40  29.55
20040722 180000  5.0  17.2  2.90 13.67 248.24  31.62  1  2.90 13.67 248.24  31.62
20040722 210000  8.8 350.2  2.68 13.49 251.55  36.09  1  2.68 13.49 251.55  36.09
20040723 000000 13.5 353.4  2.94 13.38 274.82  46.55  2  2.15  7.83 316.66  33.65  2.01 13.38 233.96  14.77
20040723 030000 13.3 352.1  3.29 13.22 289.44  47.53  3  2.69  7.99 318.39  35.14  1.86 13.22 232.92  13.72  0.31 16.92 261.72   7.53
20040723 060000 12.3 354.2  3.51 12.94 285.84  45.77  5  1.84  7.14 350.92  25.70  2.33  8.87 283.57  22.69  1.59 12.99 228.11   9.97  0.84 15.57 262.09   8.47  0.48 17.45 223.93   9.70
20040723 090000  9.0 353.9  3.60 13.18 273.08  40.87  2  3.12 11.10 289.65  36.79  1.79 12.97 228.46  10.95
20040723 120000  2.6   7.0  3.54 13.10 263.20  35.62  2  3.14 12.70 275.16  32.46  1.63 13.74 222.79   8.54
20040723 150000  3.8  65.1  3.39 12.97 255.64  32.81  2  2.82 12.62 271.57  29.11  1.89 14.64 223.25   9.55
20040723 180000  1.5 280.0  3.25 12.92 248.70  31.14  2  2.37 12.67 272.33  27.23  2.22 15.11 224.46  10.25
20040723 210000  5.4 218.4  3.15 13.30 242.27  28.87  1  3.15 13.30 242.27  28.87
20040724 000000  4.5 182.1  3.09 13.94 236.77  26.37  1  3.09 13.94 236.77  26.37
20040724 030000  5.7 150.1  3.03 14.66 232.61  24.48  1  3.03 14.66 232.61  24.48
20040724 060000  3.8 143.1  2.95 14.74 229.90  22.56  1  2.95 14.74 229.90  22.56
20040724 090000  3.3 115.9  2.83 14.73 228.30  20.84  1  2.83 14.73 228.30  20.84
20040724 120000  4.1  83.9  2.69 14.72 227.07  20.50  1  2.69 14.72 227.07  20.50
20040724 150000  1.8 356.4  2.56 14.81 226.24  19.06  1  2.56 14.81 226.24  19.06
20040724 180000  3.8 313.7  2.48 15.04 225.65  18.97  1  2.48 15.04 225.65  18.97
20040724 210000  5.8 336.5  2.42 15.06 225.10  20.50  1  2.42 15.06 225.10  20.50
20040725 000000  6.1 359.4  2.38 14.86 225.36  24.91  1  2.38 14.86 225.36  24.91
20040725 030000  6.5  26.1  2.35 14.80 226.40  29.87  1  2.35 14.80 226.40  29.87
20040725 060000  5.7  26.1  2.35 14.93 229.82  35.29  2  2.13 14.93 219.66  10.77  0.99  6.15 313.68  35.74
20040725 090000  9.7  18.1  2.61 15.11 243.86  43.72  2  2.06 15.11 219.05   9.66  1.59  9.88 303.95  36.45
20040725 120000  9.6   7.1  3.10 15.43 262.58  47.33  2  2.29  9.57 304.95  34.27  2.08 15.43 219.82  10.62
20040725 150000  6.5 356.2  3.35 15.51 264.41  45.21  2  2.48  9.24 303.16  31.84  2.24 15.51 222.57  13.36
20040725 180000  5.3 346.3  3.41 15.29 260.78  42.56  2  2.41 15.29 226.15  15.55  2.41  9.17 300.70  30.89
20040725 210000  5.3 350.3  3.37 14.98 257.58  40.08  2  2.45 14.98 227.64  15.87  2.31  9.33 296.75  30.28
20040726 000000  6.6   6.0  3.24 14.69 255.77  38.99  2  2.36 14.69 226.94  15.06  2.21  9.78 293.75  29.99
20040726 030000  3.5  16.3  3.03 14.49 254.18  38.34  2  2.21 14.50 225.62  14.11  2.07  9.71 291.77  29.19
20040726 060000  5.5  50.8  2.83 14.36 252.12  38.01  2  2.11 14.37 224.90  13.67  1.89  9.61 291.23  29.08
20040726 090000  3.6  65.0  2.67 14.23 249.28  37.95  2  2.03 14.23 224.01  13.44  1.74  9.47 290.73  30.24
20040726 120000  6.4  89.1  2.57 14.14 245.43  38.08  2  2.00 14.15 222.50  13.00  1.61  9.30 289.70  32.94
20040726 150000  2.8 115.1  2.53 14.20 240.56  35.81  2  2.06 14.20 221.45  13.00  1.47  9.04 287.81  31.29
20040726 180000  3.4 109.4  2.53 14.20 235.60  33.75  2  2.16 14.20 220.54  13.02  1.33  8.74 286.99  31.78
20040726 210000  4.8 186.5  2.50 14.10 231.69  31.75  2  2.20 14.10 219.63  13.31  1.19  8.25 286.55  31.63
20040727 000000  4.7 147.2  2.42 14.16 228.09  30.81  2  2.18 14.16 218.74  13.59  1.07  8.36 284.89  37.98
20040727 030000  6.5 117.6  2.31 14.30 224.99  31.15  2  2.09 14.30 217.67  13.51  0.99  7.55 281.93  47.68
20040727 060000  7.7  94.2  2.20 14.31 221.98  34.13  2  0.51  3.06 120.27  36.54  2.14 14.31 224.90  28.03
20040727 090000  8.4  85.5  2.10 14.25 219.21  38.74  2  0.63  3.41 102.62  35.80  2.01 14.25 223.82  27.33
20040727 120000  3.8  80.2  1.96 14.17 220.22  36.65  2  0.52  3.53  98.37  37.33  1.90 14.17 223.44  27.23
20040727 150000  4.0  41.1  1.83 14.05 222.38  32.68  1  1.83 14.05 222.38  32.68
20040727 180000  4.9 316.7  1.73 13.76 224.04  31.73  1  1.73 13.76 224.04  31.73
20040727 210000  7.3 297.4  1.70 13.56 229.31  35.12  2  0.52  3.11 311.74  33.50  1.62 13.56 223.77  26.90
20040728 000000  9.2 324.0  1.73 13.43 237.06  42.08  2  0.79  3.92 316.90  31.25  1.54 13.43 223.04  24.30
20040728 030000  4.6 343.8  1.69 13.30 239.44  44.37  1  1.69 13.30 239.44  44.37
20040728 060000  3.5  43.0  1.59 12.99 236.09  42.70  1  1.59 12.99 236.09  42.70
20040728 090000  4.7  98.6  1.48 12.72 231.88  40.68  3  1.33 12.72 221.09  19.72  0.64  4.76 323.13  39.35  0.11 18.01 219.63   6.36
20040728 120000  5.7 131.0  1.40 12.58 227.03  39.39  1  1.40 12.58 227.03  39.39
20040728 150000  5.3 143.0  1.33 12.44 223.60  36.31  2  1.09 12.44 213.67  10.27  0.77  7.65 260.48  53.13
20040728 180000  7.3 186.2  1.32 12.23 219.66  32.18  3  0.44  2.85 167.69  33.22  1.08 12.23 214.28  10.39  0.63  7.76 263.51  32.54
20040728 210000  8.5 186.9  1.41 12.02 216.40  28.12  3  0.67  3.50 190.64  30.33  1.10 12.02 215.04  10.49  0.57  7.37 260.27  27.27
20040729 000000 10.4 183.5  1.58 12.16 211.59  28.14  3  0.97  4.14 192.98  31.74  1.13 12.18 215.10   9.53  0.51  8.37 258.05  20.89
20040729 030000  9.0 158.4  1.63 13.00 208.08  30.86  4  1.06  4.53 187.98  37.68  1.16 13.01 215.69   9.89  0.42  8.39 254.68  12.73  0.08 20.67 221.03   6.36
20040729 060000  8.9 155.4  1.59 12.87 207.62  31.89  4  0.97  4.46 179.15  36.29  1.18 12.88 216.31  10.00  0.45  8.26 257.93  14.62  0.09 20.49 221.94   6.68
20040729 090000  8.7 148.8  1.60 13.25 206.21  33.19  4  0.98  4.48 174.32  35.63  1.17 13.25 217.21  10.45  0.44  8.17 257.06  13.54  0.12 19.87 220.82   7.26
20040729 120000  7.3 159.4  1.56 13.17 207.98  32.05  4  0.96  4.57 178.99  35.64  1.14 13.17 218.05  10.39  0.42  6.92 256.50  13.55  0.14 19.27 221.48   6.77
20040729 150000  7.2 159.6  1.47 12.67 211.52  29.65  4  0.88  5.47 186.29  35.68  1.11 12.67 219.16  10.85  0.37  7.42 258.10  12.95  0.16 19.15 220.45   8.07
20040729 180000  7.0 188.6  1.40 12.45 214.91  26.50  4  0.81  5.20 193.77  32.37  1.06 12.45 220.24  11.04  0.37  7.55 259.11  11.58  0.21 18.75 219.35   8.44
20040729 210000  7.9 186.8  1.41 12.05 216.00  24.56  4  0.89  5.14 203.20  30.34  1.01 12.05 221.29  11.51  0.29  7.25 261.78  11.18  0.28 18.18 216.38   9.26
20040730 000000  8.1 168.9  1.46 11.82 215.01  26.05  3  1.03  5.37 208.60  34.00  0.94 11.82 221.81  11.63  0.43 18.07 213.11   9.04
20040730 030000  5.6 154.2  1.52 17.88 216.30  24.47  4  1.03  5.83 213.36  33.27  0.85 11.60 223.91  11.88  0.65 17.88 210.96   8.13  0.33 13.84 210.73   6.90
20040730 060000  4.7 151.1  1.64 17.37 216.49  20.85  4  1.01  6.22 217.42  30.01  0.95 17.37 210.40   7.70  0.75 11.49 225.15  13.54  0.45 13.09 215.95  10.23
20040730 090000  4.5 126.2  1.81 16.91 215.19  18.15  2  1.53 16.91 214.01  11.50  0.96  6.35 218.55  28.57
20040730 120000  4.7 136.3  2.00 16.70 213.98  15.91  2  1.79 16.70 213.01  10.86  0.88  6.36 218.52  28.23
20040730 150000  2.6 118.8  2.17 16.42 213.33  13.89  1  2.17 16.42 213.33  13.89
20040730 180000  6.3 232.0  2.32 16.25 213.29  12.84  3  0.75  6.30 223.11  24.13  2.20 16.25 212.19  10.14  0.08 16.25 257.03   7.05
20040730 210000  5.6 202.8  2.42 16.15 213.24  13.08  1  2.42 16.15 213.24  13.08
20040731 000000  5.1 201.6  2.43 15.98 213.17  13.38  2  2.43 16.02 212.90  12.92  0.20 15.22 255.89  13.90
20040731 030000  4.9 149.0  2.39 15.87 213.16  14.27  2  2.38 15.95 212.65  13.50  0.27 14.80 255.62  12.59
20040731 060000  4.3 118.4  2.31 15.81 213.46  15.48  2  2.28 15.91 212.35  14.00  0.39 14.38 254.42  10.71
20040731 090000  3.9 110.9  2.22 15.71 214.19  16.84  2  2.17 15.79 212.46  14.71  0.46 13.88 255.61   9.84
20040731 120000  3.9 122.4  2.14 15.58 215.61  17.72  2  2.05 15.67 212.58  14.29  0.59 13.55 254.77   9.18
20040731 150000  0.8  89.0  2.06 15.48 217.63  18.75  2  1.93 15.57 212.73  13.55  0.72 13.17 254.70   8.81
20040731 180000  3.6 237.0  2.00 15.39 220.29  19.97  2  1.80 15.52 212.57  12.60  0.89 12.85 253.44   9.71
20040731 210000  3.8 229.8  1.99 15.29 223.48  21.34  2  1.63 15.44 211.61   9.82  1.13 12.65 249.48  16.59
20040801 000000  2.1 240.3  1.98 15.15 226.41  22.25  2  1.55 15.32 211.76   9.73  1.23 12.48 250.77  15.33
