Date     Time   Uabs UDir  hs    tp    th     sp     np hs(i) tp(i) th(i)  sp(i)
20000501 000000  6.2 199.3  2.23 13.33 226.26  24.86  4  2.07 13.35 219.49  16.65  0.71 10.90 267.30   7.50  0.38 16.62 304.17   9.84  0.13 10.98 311.46   8.71
20000501 030000  5.4 187.5  2.16 13.21 226.49  25.57  5  0.87  5.22 219.86  30.75  1.79 13.22 218.69  11.10  0.74 10.57 267.64   7.73  0.37 16.64 304.16  10.21  0.13 10.95 311.66   8.68
20000501 060000  6.4 199.9  2.07 12.81 226.61  25.53  4  1.90 12.84 218.48  16.25  0.75 10.26 267.89   8.39  0.34 16.68 304.20  10.61  0.12 10.87 312.57   8.06
20000501 090000  6.5 195.8  1.98 12.58 226.25  25.72  4  1.81 12.59 217.97  16.32  0.73 10.11 268.88   8.03  0.30 16.70 304.43  10.53  0.11 10.75 312.53   8.16
20000501 120000  6.0 201.3  1.89 12.43 226.11  26.75  4  1.72 12.44 217.13  16.83  0.71  9.76 269.36   8.27  0.31 15.83 304.68  10.10  0.10 10.56 313.44   7.33
20000501 150000  6.7 203.8  1.76 12.26 227.90  28.16  4  1.59 12.27 217.87  17.26  0.66  9.59 270.48   8.23  0.35 15.60 304.77   9.63  0.10 10.42 313.47   7.32
20000501 180000  8.0 212.3  1.67 11.90 230.03  29.97  5  1.48 11.92 217.92  17.43  0.65  9.46 270.53   9.17  0.40 15.59 304.68   9.57  0.11 16.69 227.86  11.43  0.09 10.35 314.07   7.30
20000501 210000  7.4 208.3  1.60 11.75 232.14  31.54  6  0.75  4.08 220.03  30.46  1.18 11.76 218.43  11.20  0.62  9.26 271.14   9.02  0.43 15.63 304.60   9.75  0.12 16.67 226.76  10.28  0.09 10.32 314.24   7.26
20000502 000000  6.3 196.7  1.50 11.61 233.06  33.03  6  0.70  4.07 218.48  32.72  1.09 11.62 218.44  11.27  0.59  9.09 272.01   9.11  0.43 15.67 304.60  10.07  0.13 16.39 228.03   9.84  0.09 10.30 314.13   7.45
20000502 030000  7.8 181.0  1.51 11.29 228.58  34.03  6  0.74  3.78 206.02  34.57  1.10 11.34 218.31  11.13  0.57  8.99 273.07   9.33  0.40 15.72 304.86  10.47  0.16 15.70 226.20  10.20  0.08 10.28 314.31   7.45
20000502 060000  7.5 174.5  1.63 11.04 225.05  31.89  7  0.69  3.73 193.98  35.52  1.31 11.08 219.53  11.89  0.55  8.97 274.02   8.56  0.36 15.76 305.49  10.75  0.19 15.61 228.26   9.43  0.08 10.28 314.11   7.97  0.07 20.39 218.54   7.31
20000502 090000  6.8 175.5  1.87 10.97 224.55  27.74  5  1.74 11.00 218.01  20.03  0.51  8.95 275.15   8.13  0.34 15.59 306.11  10.32  0.26 15.50 228.18   9.38  0.08 10.25 313.73   7.40
20000502 120000  6.4 175.9  2.08 10.96 225.77  25.40  4  2.00 10.99 221.25  18.98  0.46  8.91 276.39   7.44  0.37 15.16 306.02   9.68  0.08 10.22 313.75   7.37
20000502 150000  8.7 197.6  2.27 10.99 225.93  24.79  4  2.19 11.01 222.19  19.16  0.41 15.02 305.56   9.54  0.39  9.08 280.05   8.71  0.20 14.49 235.00   0.00
20000502 180000  9.2 207.0  2.42 11.03 226.29  24.03  5  1.09  4.90 213.84  28.84  2.06 11.03 225.98  14.84  0.43 15.01 305.23   9.82  0.36 16.96 220.17   6.66  0.31  9.03 280.62   8.77
20000502 210000 10.5 208.5  2.56 11.06 226.04  23.41  4  2.43 11.06 223.88  19.71  0.60 16.38 220.12   7.45  0.43 14.98 305.23  10.27  0.29  8.95 280.83   8.45
20000503 000000 10.5 196.7  2.67 11.12 224.43  23.44  5  1.47  5.62 216.73  30.35  1.99 11.13 225.42  12.32  0.86 15.68 221.46   7.96  0.41 14.88 305.43  10.83  0.27  8.85 281.12   8.68
20000503 030000 10.0 198.4  2.74 15.09 223.12  23.08  5  1.54  5.88 214.19  30.27  1.75 11.23 226.30  11.77  1.36 15.16 221.73   9.59  0.38 14.74 306.16  10.91  0.26  8.71 281.50   8.63
20000503 060000  7.2 190.6  2.70 14.47 223.19  22.52  4  2.66 14.40 221.71  19.66  0.36 14.61 306.93  10.63  0.23  8.52 281.36   8.36  0.07 22.50 218.31   7.24
20000503 090000  5.3 178.7  2.58 14.30 224.43  21.18  4  2.54 14.25 222.86  17.83  0.37 14.52 307.31  10.09  0.21  8.42 281.89   8.74  0.08 22.06 219.30   7.77
20000503 120000  4.4 161.2  2.46 14.15 225.42  20.32  3  2.43 14.07 223.95  16.72  0.39 14.46 307.16   9.92  0.10 21.93 219.24   8.07
20000503 150000  3.5 197.6  2.34 13.73 226.20  19.80  3  2.31 13.56 224.47  15.30  0.40 14.42 306.91  10.08  0.13 21.40 219.27   7.48
20000503 180000  5.8 223.2  2.24 13.50 226.72  19.50  3  2.20 13.41 224.83  14.45  0.40 14.38 306.83  10.34  0.17 20.64 221.56   8.98
20000503 210000  7.2 228.2  2.20 13.42 227.23  19.75  3  2.15 13.34 225.41  15.03  0.39 14.30 306.95  10.60  0.19 20.50 221.45   8.61
20000504 000000  6.3 221.5  2.13 13.34 227.02  19.96  3  2.08 13.22 225.27  15.45  0.37 14.11 307.35  10.73  0.22 20.04 221.65   9.37
20000504 030000  5.0 187.8  2.06 13.08 226.98  20.20  3  2.01 12.86 225.27  15.84  0.35 13.83 308.00  10.69  0.27 19.32 222.40   9.20
20000504 060000  2.5 193.8  2.01 12.90 227.74  20.21  4  1.91 12.74 226.64  15.95  0.42 14.60 213.87   3.77  0.35 13.73 308.80  10.40  0.29 19.23 222.40   8.33
20000504 090000  3.6 186.2  2.02 13.04 228.80  20.12  3  1.97 12.76 227.16  15.89  0.34 13.67 309.43   9.98  0.33 18.92 223.83  10.44
20000504 120000  4.7 166.1  2.07 13.28 229.14  20.19  3  2.00 13.17 227.64  16.35  0.39 17.93 223.89   9.63  0.34 13.63 309.56   9.94
20000504 150000  4.3 181.9  2.08 13.30 228.64  20.43  4  1.79 11.59 227.64  17.96  0.91 13.42 225.58  11.70  0.42 17.81 224.09   9.52  0.34 13.58 309.47  10.08
20000504 180000  4.8 233.4  2.03 13.17 228.59  19.78  5  1.46  9.49 228.40  18.84  1.21 12.35 227.82  11.62  0.49 13.64 214.22   7.05  0.44 17.75 223.76   9.83  0.32 13.53 309.37  10.29
20000504 210000  6.1 225.7  2.00 12.65 228.41  19.64  4  1.48  9.45 227.83  18.70  1.22 12.55 226.17  11.95  0.46 17.13 224.32   9.07  0.31 13.48 309.50  10.44
20000505 000000  6.2 199.7  1.98 12.57 227.37  20.00  5  1.55  9.50 225.55  18.89  1.05 12.52 227.43  12.66  0.49 16.70 224.77   9.68  0.31 11.06 225.00   0.02  0.30 13.44 309.87  10.56
20000505 030000  5.5 176.0  1.97 12.53 225.99  20.67  6  1.56  9.43 223.38  20.02  0.95 12.49 227.99  13.11  0.56 16.55 224.40   9.79  0.30 11.06 225.00   0.00  0.28 13.39 310.50  10.48  0.28 14.49 229.34   4.96
20000505 060000  4.3 132.2  1.93 12.48 225.74  20.53  6  1.53  9.37 223.05  19.86  0.91 12.43 227.60  12.64  0.46 16.69 222.20   9.09  0.41 14.75 231.65   6.48  0.29 11.06 225.00   0.00  0.27 13.33 311.16  10.33
20000505 090000  3.9 107.2  1.86 12.34 225.67  20.21  5  1.51  9.22 223.75  19.37  0.85 12.21 225.54  11.13  0.62 15.72 226.53   9.57  0.25 13.21 310.83  10.30  0.07 15.51 320.11   5.00
20000505 120000  4.3 107.4  1.81 11.97 225.41  21.10  6  1.46  9.02 223.19  21.01  0.73 12.06 225.23  11.21  0.61 15.60 223.94   8.90  0.43 13.67 233.09   7.00  0.24 12.94 311.07  10.17  0.07 15.51 320.14   5.00
20000505 150000  2.2 115.2  1.77 11.94 225.53  20.17  6  1.40  8.78 222.99  20.05  0.74 11.98 226.47  10.79  0.51 13.80 232.28   6.59  0.49 15.62 219.94   7.02  0.29 19.00 230.49  10.00  0.24 12.78 311.79  10.25
20000505 180000  3.9 207.3  1.74 12.08 225.53  18.94  5  1.31  8.62 223.08  18.91  0.97 11.94 226.85  10.35  0.48 15.60 221.92   8.32  0.34 18.86 229.61   9.62  0.23 12.70 311.76  10.41
20000505 210000  7.4 204.3  1.76 12.39 224.79  19.01  5  1.31  8.46 221.32  19.16  0.91 12.16 227.34  10.16  0.57 15.23 225.18   8.98  0.40 18.22 227.79  10.70  0.23 12.67 311.87  10.38
20000506 000000  8.6 193.7  1.85 14.50 222.26  21.41  6  1.38  8.25 216.75  22.97  0.88 12.28 228.96  10.21  0.67 14.66 223.66   8.28  0.49 18.00 226.65  10.87  0.21 12.66 310.65  10.48  0.09 14.51 319.88   5.00
20000506 030000  7.3 160.3  1.87 14.41 220.81  24.03  4  1.37  8.04 213.74  27.34  1.14 14.43 226.37   9.84  0.52 18.05 227.99  10.78  0.22 12.66 312.24  10.37
20000506 060000  5.0 141.7  1.83 14.28 222.26  23.09  4  1.27  7.73 215.78  27.66  1.06 14.18 226.41   9.81  0.76 17.42 226.20  10.52  0.21 12.66 312.53  10.34
20000506 090000  5.0 134.3  1.84 16.81 223.43  21.40  4  1.23  7.30 218.29  26.49  1.09 13.90 225.99   9.92  0.81 16.88 225.96  10.44  0.20 12.65 312.92  10.22
20000506 120000  4.5 154.5  1.89 16.67 224.05  20.20  5  1.25  7.42 220.40  25.23  1.13 13.75 225.02   9.91  0.83 16.86 226.72  10.43  0.18 12.61 313.00  10.24  0.06 17.79 317.75   6.93
20000506 150000  3.7 158.8  1.95 16.29 224.74  18.39  6  1.28  7.75 222.38  22.45  1.05 13.39 224.68  10.34  1.02 16.28 226.31  10.16  0.18 12.35 313.50  10.03  0.09 23.04 221.76   7.53  0.07 17.62 317.63   7.03
20000506 180000  6.9 212.2  2.04 15.53 224.86  17.19  5  1.40  7.98 223.51  19.69  1.46 15.53 225.13  10.27  0.17 12.18 314.47   8.90  0.13 21.98 220.71   7.79  0.08 17.55 317.60   7.04
20000506 210000  9.3 203.3  2.21 15.39 223.29  18.45  5  1.60  7.92 220.71  21.18  1.51 15.39 225.11  10.42  0.18 21.77 222.28   8.05  0.17 12.15 314.27   9.33  0.09 17.44 317.68   7.04
20000507 000000  9.4 192.7  2.34 15.19 221.31  20.91  5  1.74  7.42 217.49  24.42  1.53 15.18 224.90  10.25  0.25 20.96 222.91   8.65  0.17 12.29 314.30   9.28  0.10 17.00 317.65   7.05
20000507 030000  8.2 179.4  2.42 14.44 220.66  22.16  5  1.81  7.20 216.38  26.13  1.55 14.45 224.88  10.24  0.35 20.40 223.63   9.34  0.16 12.46 314.27   9.23  0.12 16.65 317.52   7.08
20000507 060000  6.2 157.3  2.39 14.30 221.80  21.83  5  1.76  7.35 218.28  26.05  1.54 14.31 224.84  10.27  0.41 20.28 224.00   9.06  0.15 12.47 314.28   9.26  0.13 16.52 317.47   7.13
20000507 090000  4.1 135.5  2.30 14.22 223.27  20.40  5  1.63  7.44 220.58  24.62  1.52 14.22 224.92  10.25  0.51 19.41 224.75   9.63  0.15 16.43 317.53   7.10  0.14 12.48 314.68   8.77
20000507 120000  5.7 162.0  2.21 14.05 224.08  19.58  5  1.51  7.46 221.76  23.81  1.48 14.05 225.30  10.32  0.61 19.06 223.37   9.00  0.16 16.30 317.42   7.19  0.14 12.47 315.03   8.69
20000507 150000  4.5 184.3  2.14 13.56 224.63  18.95  5  1.44 13.57 225.33  10.16  1.40  7.47 222.14  23.10  0.69 18.93 225.43   9.56  0.17 15.91 317.37   7.18  0.14 12.43 314.97   9.10
20000507 180000  8.7 209.9  2.15 13.46 224.53  18.71  5  1.44  7.55 221.76  21.91  1.39 13.46 225.59  10.28  0.75 18.29 225.11   9.27  0.18 15.62 317.35   7.23  0.14 12.35 314.89   9.12
20000507 210000  9.7 205.3  2.31 17.77 223.30  20.08  5  1.68  7.59 220.23  22.94  1.36 13.44 225.71  10.28  0.79 17.81 223.88   9.21  0.20 15.50 317.28   7.23  0.13 12.17 315.08   8.96
20000508 000000  9.1 198.7  2.35 17.68 222.54  21.48  5  1.71  7.39 218.81  24.86  1.31 13.45 225.22  10.68  0.90 17.69 225.02   9.15  0.21 15.41 317.26   7.28  0.13 11.97 315.22   8.68
20000508 030000  7.8 182.2  2.27 17.42 221.93  22.65  5  1.65  7.29 216.95  26.31  1.27 13.47 226.13  10.50  0.89 17.42 224.48   9.27  0.21 15.31 317.35   7.23  0.13 11.87 314.97   8.70
20000508 060000  5.5 186.1  2.12 16.62 223.22  21.72  5  1.46  7.28 219.07  25.67  1.25 13.44 225.94  10.24  0.86 16.69 223.47   9.11  0.22 15.12 317.14   7.33  0.12 11.82 315.44   8.65
20000508 090000  4.9 176.2  1.98 16.52 224.27  20.76  5  1.27  7.32 220.25  24.58  1.23 13.39 226.37  10.34  0.85 16.58 222.77   9.11  0.23 14.75 317.19   7.30  0.11 11.75 315.11   8.77
20000508 120000  4.8 170.4  1.87 16.40 224.97  20.44  5  1.23 13.31 225.59  10.51  1.11  7.39 221.19  24.39  0.81 16.51 223.82   9.02  0.24 14.58 317.20   7.35  0.11 11.75 315.39   8.49
20000508 150000  5.0 197.9  1.78 15.77 225.59  20.23  5  1.13 13.10 225.78  10.69  1.01  7.43 222.43  23.60  0.89 15.89 223.69   9.30  0.25 14.48 317.21   7.39  0.11 11.73 315.64   8.36
20000508 180000  7.7 212.6  1.76 15.47 225.48  20.41  4  1.08  7.44 222.55  22.40  1.07 12.90 226.13  10.46  0.84 15.60 222.84   9.19  0.27 14.41 317.01   7.53
20000508 210000  7.3 207.6  1.78 15.38 225.43  21.17  5  1.15  7.45 222.73  23.27  0.97 12.66 227.34  10.43  0.91 15.43 221.97   9.07  0.28 14.33 317.00   7.53  0.09 22.05 223.33   8.42
20000509 000000  5.3 188.7  1.76 15.22 225.66  21.87  5  1.16  7.42 223.39  23.93  0.92 15.28 223.87   9.40  0.90 12.49 225.53  10.99  0.28 14.21 317.00   7.54  0.10 21.95 222.51   7.88
20000509 030000  4.1 166.1  1.72 14.64 226.09  22.08  5  1.14  7.33 223.69  23.67  0.88 14.80 223.78   9.15  0.87 12.46 226.25  10.93  0.28 13.93 317.04   7.51  0.16 21.27 223.73   7.76
20000509 060000  3.3 181.8  1.68 14.43 226.57  21.91  6  1.12  7.22 224.20  22.53  0.84 12.41 226.45  11.21  0.84 14.55 223.91   9.20  0.27 13.69 317.25   7.36  0.24 20.35 226.05   8.39  0.10 11.09 315.98   8.35
20000509 090000  2.2 117.4  1.63 14.29 227.05  21.86  4  1.12 14.36 225.15  10.19  1.09  7.17 224.81  21.69  0.36 19.93 226.83   9.22  0.29 13.57 317.20   7.47
20000509 120000  1.8 106.5  1.58 14.03 227.51  21.92  5  1.07  7.15 225.35  20.80  1.05 14.18 225.27  10.15  0.41 19.18 226.09   8.47  0.28 13.50 317.40   7.34  0.09 11.00 316.10   8.38
20000509 150000  0.2 116.2  1.55 13.69 227.90  21.84  5  1.03  7.20 225.74  20.19  1.00 13.87 225.28  10.00  0.51 18.86 226.52   9.45  0.30 13.44 317.30   7.47  0.08 25.64 222.04   8.11
20000509 180000  5.1 227.2  1.57 13.61 228.17  21.73  5  1.04  7.37 226.71  19.82  0.97 13.75 225.13  10.10  0.57 18.66 225.34   8.63  0.30 13.38 317.31   7.44  0.10 25.19 223.45   8.20
20000509 210000  3.2 201.0  1.59 17.82 227.86  21.67  6  1.03  7.47 226.09  20.30  0.99 13.67 225.25  10.33  0.63 17.98 225.38   8.65  0.30 13.30 317.50   7.30  0.16 24.40 223.62   8.54  0.05 15.55 312.25   8.52
20000510 000000  3.2 311.2  1.61 17.64 227.73  21.23  6  1.02 13.58 226.93  11.86  0.89  7.37 224.41  20.61  0.78 17.64 224.64   9.14  0.30 13.12 317.49   7.33  0.22 23.51 224.28   8.33  0.06 15.54 313.96   7.82
20000510 030000  1.2 251.4  1.62 17.40 227.37  20.71  6  1.05 13.54 227.35  12.26  0.86 17.40 223.15   9.36  0.77  7.14 223.86  20.71  0.30 23.07 225.13   8.84  0.30 12.82 317.55   7.28  0.06 15.54 313.95   8.48
20000510 060000  0.6 219.7  1.66 16.52 226.66  20.09  6  1.03 13.36 227.92  12.87  1.01 16.53 221.59   9.77  0.65  6.70 223.21  20.95  0.39 22.18 226.28   8.73  0.30 12.68 317.52   7.32  0.06 15.62 314.26   8.15
20000510 090000  1.1 158.3  1.73 16.31 225.90  19.45  3  1.63 16.31 223.79  13.58  0.52 21.78 226.73   9.01  0.30 12.60 317.30   7.43
20000510 120000  4.1 260.1  1.80 16.13 225.57  19.09  5  1.44 16.13 221.57  11.71  0.83  9.83 229.23  16.76  0.60 21.30 226.81   8.78  0.30 12.55 317.37   7.37  0.06 16.41 311.96   8.94
20000510 150000  2.2 136.9  1.85 13.62 225.87  19.17  5  1.47 13.70 221.38  11.90  0.80  9.34 231.37  18.20  0.71 20.62 227.48   8.90  0.30 12.52 317.31   7.40  0.06 16.53 311.84   9.00
20000510 180000  1.6 221.8  1.86 13.02 226.23  18.88  7  1.20 13.15 221.99  13.85  0.86 15.39 221.36   8.45  0.80 20.35 227.47   9.15  0.75  9.09 232.76  17.40  0.29 12.49 317.56   7.28  0.08 14.50 314.54   8.01  0.06 16.61 311.19   8.90
20000510 210000  3.7 244.2  1.88 12.73 226.93  18.74  7  1.29 12.77 221.89  13.27  0.88 19.81 227.86   9.12  0.73  8.71 235.91  17.96  0.69 15.45 222.15   8.13  0.28 12.44 317.60   7.24  0.07 14.52 314.86   7.82  0.06 16.55 311.73   8.90
20000511 000000  3.9 199.7  1.87 19.28 227.44  18.35  6  1.29 12.56 222.01  13.70  0.97 19.27 228.19   9.19  0.67  8.40 236.20  18.08  0.62 15.19 226.20   6.98  0.27 12.34 317.56   7.30  0.10 14.75 313.70   8.13
20000511 030000  4.9 189.5  1.87 19.04 227.80  18.33  5  1.32 12.22 227.08  16.87  1.02 19.04 228.59   9.33  0.79 14.44 221.16   8.64  0.26 12.01 317.51   7.29  0.10 15.38 312.60   8.59
20000511 060000  5.1 193.7  1.87 18.69 228.24  18.39  5  1.32 11.91 227.22  17.49  1.07 18.68 228.70   9.41  0.73 14.38 222.24   8.70  0.26 11.81 317.18   7.45  0.11 15.48 312.36   8.70
20000511 090000  5.4 178.9  1.86 18.07 228.47  18.89  6  1.33 11.74 226.40  18.55  1.13 18.07 228.93   9.27  0.58 14.51 224.13   8.27  0.25 11.74 316.91   7.49  0.09 15.51 310.16   8.91  0.06 18.98 317.26   7.12
20000511 120000  6.0 190.9  1.85 17.83 228.56  19.45  7  1.22 11.47 226.96  20.98  1.17 17.83 229.14   9.37  0.71 13.78 222.90   8.49  0.23 11.70 317.53   7.32  0.10 13.60 312.29   7.52  0.09 15.50 309.93   9.11  0.07 18.94 317.30   7.26
20000511 150000  6.9 183.7  1.88 17.60 227.98  20.42  6  1.25 17.60 229.14   9.31  1.23 11.18 225.14  23.47  0.61 13.96 223.15   8.61  0.22 11.69 317.47   7.32  0.13 15.35 311.52   8.50  0.07 18.78 317.28   7.20
20000511 180000  8.8 205.1  1.93 17.12 227.98  20.31  5  1.30 11.01 224.82  23.36  1.40 17.11 228.55   9.47  0.21 11.69 317.48   7.30  0.12 14.96 311.56   8.37  0.07 17.91 317.57   7.00
20000511 210000  9.3 204.4  2.04 16.75 227.90  21.41  6  1.05  4.54 219.36  29.56  1.43 16.75 228.94   9.47  0.98 10.84 230.50  16.54  0.21 11.68 317.45   7.29  0.12 14.51 311.19   8.26  0.09 17.76 317.29   7.12
20000512 000000  6.7 199.1  2.08 16.54 228.29  21.92  6  1.12  5.02 220.85  30.70  1.51 16.53 229.05   9.57  0.86 10.55 231.61  16.90  0.20 11.67 317.20   7.36  0.13 14.49 310.52   8.21  0.11 17.73 317.09   7.29
20000512 030000  7.4 194.7  2.07 16.33 229.01  21.49  6  1.05  5.21 221.17  31.24  1.56 16.32 229.40   9.56  0.82 10.41 232.82  16.98  0.19 11.58 317.10   7.33  0.14 14.48 309.04   8.21  0.12 17.68 316.92   7.43
20000512 060000  6.6 175.9  2.04 15.95 229.79  21.08  5  0.93  5.25 219.76  32.59  1.59 15.94 229.79   9.71  0.84 10.32 235.02  16.73  0.23 14.43 313.86   8.66  0.11 17.47 316.96   7.29
20000512 090000  5.9 169.9  2.04 15.54 230.51  20.45  5  1.66 15.54 230.18  10.00  1.15 10.12 228.12  28.39  0.17 14.37 309.96   8.51  0.15 10.98 317.70   7.15  0.12 16.73 316.92   7.40
20000512 120000  7.9 170.0  2.06 15.39 230.57  21.04  4  2.05 15.39 229.65  18.92  0.16 14.24 310.43   8.19  0.14 10.95 317.39   7.31  0.14 16.61 316.88   7.39
20000512 150000  7.9 188.0  2.11 15.28 230.12  21.69  5  2.09 15.28 229.26  19.69  0.16 13.78 310.80   8.26  0.15 16.59 316.67   7.49  0.14 10.94 317.28   7.34  0.13 21.75 216.53   7.79
20000512 180000  9.1 197.9  2.16 14.98 230.09  21.61  6  0.98  4.62 209.20  29.56  1.90 14.99 234.00  12.00  0.18 21.31 218.35   7.80  0.16 13.62 310.62   8.44  0.15 16.57 316.66   7.15  0.13 10.94 317.26   7.30
20000512 210000 10.0 207.6  2.26 14.46 230.11  21.74  6  1.21  4.90 215.82  28.23  1.87 14.46 234.53  12.02  0.23 20.70 218.53   7.69  0.16 16.40 316.19   7.73  0.16 13.56 308.98   8.34  0.13 10.95 317.23   7.19
20000513 000000  5.5 198.4  2.23 14.37 231.57  22.01  6  1.17  5.21 218.75  30.10  1.85 14.37 235.26  12.23  0.30 20.25 218.45   7.55  0.16 13.52 308.68   8.52  0.16 15.75 316.13   7.76  0.13 11.03 316.47   7.39
20000513 030000  5.8 189.4  2.09 14.27 233.25  21.45  4  2.03 14.27 232.67  19.44  0.38 20.05 219.61   7.70  0.22 13.48 311.32   9.01  0.16 15.55 316.28   7.70
20000513 060000  5.3 173.6  1.96 13.79 234.32  21.18  4  1.89 13.82 233.79  18.69  0.45 19.36 220.67   8.38  0.22 13.45 311.16   9.09  0.18 15.52 316.35   7.62
20000513 090000  4.5 181.9  1.85 13.50 234.88  20.74  5  1.74 13.50 234.67  17.79  0.56 18.92 222.04  10.16  0.20 13.41 309.22   8.95  0.18 15.51 316.71   7.31  0.10 10.36 317.93   6.76
20000513 120000  5.6 144.5  1.77 13.40 234.28  21.82  5  1.62 13.40 234.66  19.22  0.64 18.77 221.37   9.52  0.19 15.45 316.69   7.37  0.18 13.19 308.23   8.64  0.09 10.28 317.78   6.88
20000513 150000  5.1 178.5  1.78 13.31 233.36  20.67  5  1.58 13.31 234.33  18.50  0.78 17.99 223.01   9.96  0.18 15.25 315.66   7.89  0.17 12.88 308.70   8.73  0.09 10.25 317.69   6.91
20000513 180000  7.8 206.8  2.06 13.15 230.83  18.74  5  1.87 13.17 231.56  16.86  0.83 17.64 221.80  10.25  0.18 14.64 315.65   7.53  0.16 12.69 308.17   8.79  0.09 10.26 317.57   7.03
20000513 210000  7.6 200.5  2.55 13.05 229.13  18.35  4  0.95  4.49 219.20  29.80  2.35 13.08 229.86  12.88  0.19 12.72 310.86   8.98  0.18 14.54 315.98   7.79
20000514 000000  5.2 178.5  2.85 13.91 228.95  17.57  4  0.88  4.93 218.50  31.28  2.69 13.55 229.35  13.07  0.20 12.70 310.87   9.06  0.18 14.51 316.21   7.77
20000514 030000  5.7 188.2  3.00 14.12 228.77  16.99  2  2.99 14.02 228.29  15.54  0.27 14.44 313.45   9.00
20000514 060000  4.2 141.9  3.03 13.93 228.82  16.48  2  3.01 13.87 228.37  15.09  0.26 14.40 313.36   9.05
20000514 090000  2.5 105.7  2.98 13.69 228.90  15.98  2  2.97 13.67 228.49  14.68  0.25 14.30 313.45   8.82
20000514 120000  4.4  61.6  2.89 13.52 228.73  16.77  2  2.88 13.52 228.36  15.67  0.23 13.69 313.53   8.76
20000514 150000  7.0  11.8  2.79 13.40 228.89  21.26  2  2.78 13.39 228.52  20.44  0.22 13.51 313.69   8.99
20000514 180000  6.4 346.3  2.69 13.49 230.06  25.68  3  0.56  3.41 359.64  31.65  2.63 13.50 227.93  13.97  0.22 13.48 314.42   8.51
20000514 210000  5.9 321.9  2.61 13.96 231.01  27.61  3  0.65  3.91 342.61  32.20  2.52 14.12 227.50  13.90  0.22 13.47 314.77   8.47
20000515 000000  3.8  84.4  2.55 14.16 231.37  30.22  3  2.44 14.23 226.84  13.81  0.71  4.84 343.03  30.24  0.22 13.45 314.85   8.45
20000515 030000  3.2  89.7  2.57 14.22 235.56  38.13  3  2.36 14.26 225.98  13.66  0.98  6.78 340.01  23.67  0.22 13.40 314.54   8.41
20000515 060000  4.6  96.6  2.57 14.19 241.22  44.88  3  2.26 14.22 225.08  13.50  1.21  7.36 339.63  21.74  0.20 13.24 314.58   8.55
20000515 090000  5.1 104.4  2.48 14.11 242.43  47.72  3  2.14 14.13 224.18  13.28  1.24  7.38 342.18  24.52  0.18 12.76 314.72   9.04
20000515 120000  4.9  88.2  2.34 13.95 241.21  48.66  3  2.02 13.97 223.40  13.03  1.17  7.32 345.12  25.92  0.18 12.65 314.61   9.12
20000515 150000  3.4  69.3  2.21 13.77 240.21  48.33  3  1.92 13.79 222.88  12.76  1.09  7.23 345.52  23.37  0.17 12.61 314.96   9.08
20000515 180000  2.8 222.8  2.11 13.62 239.45  47.56  3  1.84 13.65 222.62  12.61  1.01  7.08 345.04  19.84  0.17 12.59 315.29   8.86
20000515 210000  4.8 172.6  2.03 13.51 237.87  46.75  3  1.78 13.54 222.33  12.88  0.96  6.96 343.67  26.74  0.17 12.57 315.35   8.78
20000516 000000  3.4 145.5  1.96 13.48 237.73  47.39  3  1.71 13.52 222.08  13.35  0.94  6.93 345.05  26.35  0.16 12.52 315.21   8.82
20000516 030000  6.4 102.8  1.91 13.63 237.49  48.86  3  1.66 13.66 222.22  13.56  0.93  6.92 349.18  31.04  0.15 12.41 314.75   9.03
20000516 060000  8.2  86.7  1.91 13.76 234.67  52.31  4  0.52  2.96  89.83  37.02  1.63 13.78 223.23  12.17  0.83  6.89 347.42  15.05  0.14 12.09 314.33   9.21
20000516 090000  6.4 100.4  1.90 13.81 232.47  49.74  4  0.52  3.24  83.70  37.27  1.67 13.82 224.05  11.96  0.75  6.82 349.13  14.55  0.13 11.92 314.20   9.30
20000516 120000  7.0 121.1  1.96 15.47 228.50  44.65  4  0.54  3.23 102.91  38.16  1.76 15.47 224.94  11.67  0.66  6.68 350.39  14.44  0.13 11.85 314.41   9.31
20000516 150000  5.0 128.5  2.04 15.23 227.57  36.64  4  1.85 15.23 224.19  15.69  0.68  6.42  11.52  46.87  0.52 19.65 227.56   7.66  0.13 11.82 314.62   9.28
20000516 180000  5.4 177.5  2.13 14.70 227.48  28.96  4  1.98 14.70 225.10  14.28  0.56 19.33 228.77   7.55  0.55  6.24   2.46  49.20  0.12 11.79 315.06   8.74
20000516 210000  8.7 190.5  2.28 14.36 224.96  24.83  5  0.66  3.47 184.63  29.66  2.01 14.36 226.57  11.90  0.74 18.91 225.87   8.15  0.38  5.98 351.64  16.84  0.12 11.77 315.17   8.72
20000517 000000  6.5 181.7  2.40 14.06 223.67  22.33  5  0.95  4.52 200.10  30.88  1.94 14.06 227.07  12.07  0.99 17.89 224.48   8.91  0.28  5.84 350.84  13.88  0.11 11.75 315.12   8.57
20000517 030000  6.2 157.8  2.38 13.80 224.46  20.16  5  2.01 13.80 224.19  19.95  1.25 17.40 223.39   9.72  0.21  5.63 350.97  13.18  0.17 23.42 221.53   7.87  0.11 11.70 314.87   8.62
20000517 060000  5.6   6.5  2.34 13.67 225.30  18.02  3  2.16 13.67 226.54  12.28  0.86  5.43 216.33  36.81  0.23 23.15 219.17   7.47
20000517 090000  3.0  95.2  2.32 16.41 225.61  16.12  3  2.18 16.41 226.48  13.77  0.73  5.64 217.89  29.46  0.36 22.05 222.22   6.60
20000517 120000  3.7 117.8  2.34 16.20 225.37  16.02  2  2.27 16.20 225.56  16.35  0.55 21.56 222.38   8.33
20000517 150000  3.2  32.9  2.39 15.70 225.49  16.46  2  2.28 15.70 225.67  17.05  0.71 20.60 223.72   8.16
20000517 180000  5.4 330.1  2.46 15.40 225.78  16.01  2  2.25 15.40 226.21  17.01  1.01 20.02 223.74   9.35
20000517 210000  4.5 327.6  2.57 19.05 225.91  15.50  3  2.16 15.29 226.15  12.72  1.31 19.08 223.87   9.25  0.50  5.85 242.22  51.22
20000518 000000  3.1 335.2  2.68 18.67 225.72  14.42  2  2.29 15.25 227.08  15.97  1.40 18.83 222.16   8.00
20000518 030000  3.1 354.6  2.75 17.83 225.49  13.49  2  2.19 15.07 226.58  15.47  1.66 17.93 223.67   8.85
20000518 060000  2.6   0.5  2.77 17.51 225.33  12.95  1  2.77 17.51 225.33  12.95
20000518 090000  2.7  26.1  2.73 16.84 225.14  12.51  1  2.73 16.84 225.14  12.51
20000518 120000  1.6  69.2  2.66 16.49 224.93  12.10  1  2.66 16.49 224.93  12.10
20000518 150000  1.0 270.4  2.57 16.27 224.80  11.90  2  2.57 16.27 224.80  11.91  0.13 23.44 223.63   7.90
20000518 180000  3.7 232.9  2.47 15.96 224.66  11.84  2  2.45 15.96 224.65  11.86  0.27 22.02 224.90   9.17
20000518 210000  6.2 216.5  2.41 15.58 224.63  12.30  2  2.37 15.58 224.63  12.39  0.42 21.43 224.73   9.23
20000519 000000  5.4 203.8  2.40 15.44 224.56  12.62  2  2.26 15.44 224.45  13.01  0.79 19.75 225.47   8.62
20000519 030000  5.4 174.7  2.43 15.40 224.63  12.80  2  2.13 15.40 224.30  13.82  1.16 18.74 225.71   8.47
20000519 060000  5.1 171.2  2.47 17.63 225.10  12.73  2  2.03 15.29 224.64  14.41  1.40 18.04 226.03   8.04
20000519 090000  5.3 174.1  2.49 17.38 225.84  12.61  1  2.49 17.38 225.84  12.61
20000519 120000  4.8 163.4  2.49 16.53 227.05  12.50  1  2.49 16.53 227.05  12.50
20000519 150000  4.5 197.9  2.50 16.37 228.51  11.93  1  2.50 16.37 228.51  11.93
20000519 180000  8.8 205.4  2.61 16.09 229.24  12.56  1  2.61 16.09 229.24  12.56
20000519 210000  9.3 196.1  2.74 15.74 228.91  15.00  2  0.89  4.03 210.04  31.30  2.60 15.74 230.77   9.94
20000520 000000 11.6 196.3  2.89 15.97 227.93  17.18  2  1.10  4.41 204.03  30.13  2.67 15.97 231.41   9.75
20000520 030000  8.6 177.7  2.96 15.80 228.03  18.54  2  1.14  4.84 200.49  32.57  2.73 15.80 231.97   9.70
20000520 060000  5.8 174.9  2.96 15.56 230.28  15.95  2  0.86  4.77 201.06  34.50  2.83 15.56 232.45   9.94
20000520 090000  5.0 160.2  3.09 15.51 231.82  13.78  1  3.09 15.51 231.82  13.78
20000520 120000  5.4 161.2  3.23 15.38 232.90  13.42  1  3.23 15.38 232.90  13.42
20000520 150000  5.1 173.4  3.30 14.91 233.63  13.57  1  3.30 14.91 233.63  13.57
20000520 180000  8.2 199.4  3.30 14.79 233.67  14.16  1  3.30 14.79 233.67  14.16
20000520 210000  9.8 205.7  3.28 14.73 233.19  15.74  2  0.96  4.17 216.69  30.05  3.14 14.73 234.55  12.73
20000521 000000  9.3 192.1  3.21 14.71 232.32  17.82  1  3.21 14.71 232.32  17.82
20000521 030000  8.2 178.7  3.09 14.60 231.58  19.11  2  1.12  5.15 208.11  33.61  2.88 14.60 234.53  13.13
20000521 060000  6.8 170.6  2.95 14.38 231.72  18.45  1  2.95 14.38 231.72  18.45
20000521 090000  6.7 167.5  2.87 14.22 231.56  17.71  1  2.87 14.22 231.56  17.71
20000521 120000  7.1 166.1  2.86 14.17 231.03  17.41  1  2.86 14.17 231.03  17.41
20000521 150000  5.4 175.0  2.88 14.08 230.73  16.37  1  2.88 14.08 230.73  16.37
20000521 180000  8.3 196.5  2.93 13.74 230.17  15.95  2  0.72  4.70 202.13  28.65  2.83 13.74 231.74  13.08
20000521 210000  8.6 196.2  2.97 13.49 229.11  16.81  1  2.97 13.49 229.11  16.81
20000522 000000  7.8 199.6  2.94 13.40 228.71  17.19  1  2.94 13.40 228.71  17.19
20000522 030000  5.2 168.9  2.87 13.35 228.69  16.82  2  0.92  5.05 208.99  29.44  2.73 13.35 230.63  13.26
20000522 060000  4.8 163.7  2.78 13.28 228.68  16.13  1  2.78 13.28 228.68  16.13
20000522 090000  4.3  97.3  2.66 13.13 228.48  15.77  1  2.66 13.13 228.48  15.77
20000522 120000  3.5 120.9  2.53 12.95 228.06  16.63  2  2.53 12.95 227.97  16.37  0.10 17.84 312.77   8.05
20000522 150000  2.1  70.9  2.39 12.84 227.80  15.83  2  2.39 12.85 227.67  15.44  0.11 17.79 312.45   8.18
20000522 180000  3.5 229.7  2.25 12.71 227.45  15.18  2  2.25 12.71 227.30  14.70  0.11 17.76 312.18   8.33
20000522 210000  5.2 228.4  2.13 12.59 227.05  15.19  2  2.13 12.59 226.86  14.52  0.12 17.60 312.99   8.49
20000523 000000  1.9 241.1  2.02 12.51 226.79  15.86  2  2.02 12.51 226.52  14.97  0.14 16.77 312.97   8.54
20000523 030000  3.1 151.2  1.96 12.45 227.12  17.17  3  1.92 12.42 225.83  15.34  0.33 13.83 256.31   4.89  0.16 16.64 312.79   8.76
20000523 060000  2.9 123.3  1.95 12.40 227.71  19.75  4  1.86 12.10 224.75  17.01  0.54 13.33 255.97   6.20  0.17 16.62 311.98   8.49  0.08 11.59 318.74   7.10
20000523 090000  4.1  92.9  1.96 12.31 228.47  22.50  4  1.80 12.19 222.91  18.93  0.74 12.74 257.88   5.55  0.16 16.59 311.69   8.88  0.09 11.56 318.65   7.73
20000523 120000  5.1 100.8  1.95 12.18 228.75  25.33  4  1.77 12.18 221.42  21.62  0.81 12.24 259.24   5.64  0.17 16.32 312.06   8.22  0.09 11.54 319.05   7.89
20000523 150000  2.2  82.9  1.93 12.12 229.58  26.38  4  1.61 12.20 216.69  16.29  1.05 12.00 258.64  18.27  0.19 15.60 312.50   7.97  0.09 11.47 319.46   7.56
20000523 180000  4.8 256.3  1.91 12.20 231.75  26.65  4  1.52 12.34 215.08  14.50  1.14 12.05 259.63  13.02  0.22 15.53 312.73   7.88  0.09 11.24 319.62   7.57
20000523 210000  4.6 262.7  1.95 12.17 235.73  27.45  4  1.45 12.50 214.44  13.31  1.27 11.93 261.19  11.98  0.23 15.52 312.55   8.28  0.09 11.09 319.97   7.67
20000524 000000  2.3 359.7  1.94 11.99 239.35  28.29  4  1.37 11.75 262.61  11.82  1.35 12.52 213.26  12.52  0.23 15.49 311.53   9.22  0.09 11.02 320.10   7.86
20000524 030000  3.7 332.2  1.90 11.77 243.30  29.73  4  1.44 11.51 264.25  14.35  1.21 12.57 211.17  10.63  0.23 15.34 311.91   8.97  0.10 10.96 320.47   7.89
20000524 060000  3.9 347.6  1.83 11.48 247.26  30.85  4  1.42 11.11 266.89  14.97  1.12 12.50 211.27  11.19  0.26 14.61 311.04   9.57  0.10 10.89 320.44   8.07
20000524 090000  6.3 344.0  1.77 11.11 252.91  33.86  5  1.43 10.91 270.96  20.74  1.00 12.55 210.68  10.84  0.29 14.50 310.15  10.65  0.10 10.78 319.92   8.47  0.06 23.07 219.82   6.65
20000524 120000  9.2   1.8  1.77 10.87 263.23  40.44  4  1.50 10.69 280.26  31.44  0.90 12.48 210.28  10.76  0.30 14.49 310.40  10.66  0.10 10.65 320.26   8.46
20000524 150000  7.7 356.3  1.78 10.51 273.39  42.91  5  0.91  4.69 333.11  30.16  1.26 10.34 269.43  12.39  0.80 12.46 211.01  11.86  0.28 14.48 311.55   9.68  0.09 21.92 219.89   6.68
20000524 180000  6.4 334.3  1.86 10.22 279.31  40.50  5  1.69 10.11 289.45  33.38  0.71 12.39 210.76  11.33  0.27 14.42 311.88   9.26  0.10 10.44 322.49   7.18  0.09 21.78 219.79   6.80
20000524 210000  5.6 355.2  1.93  9.88 278.05  37.52  6  1.78  9.71 285.87  31.41  0.67 12.05 211.61  11.96  0.27 14.06 311.75   9.32  0.11 10.72 320.82   8.91  0.10 21.48 220.35   6.74  0.09 17.10 228.27  11.30
20000525 000000  7.1   0.7  1.89  9.64 276.41  37.39  4  1.73  9.53 284.61  31.38  0.68 11.96 212.96  12.94  0.28 13.60 312.09   9.19  0.13 20.61 220.40   6.81
20000525 030000  5.6   9.4  1.78  9.52 275.06  37.75  5  1.62  9.42 283.61  31.56  0.66 11.84 212.39  12.77  0.29 13.55 312.54   8.78  0.12 20.54 220.69   6.80  0.06 17.82 303.44  15.19
20000525 060000  5.5  11.6  1.67  9.47 274.48  38.65  7  1.44  9.35 288.00  31.85  0.56 11.82 207.41   9.50  0.55 10.69 243.85   9.19  0.29 13.54 312.94   8.62  0.14 15.97 232.38  10.80  0.14 20.30 220.56   6.97  0.07 17.77 302.09  15.75
20000525 090000  5.1   4.1  1.58  9.43 273.19  38.38  7  1.24  8.99 293.39  30.62  0.74 10.31 248.05   9.38  0.52 11.57 206.96   9.24  0.29 13.52 312.83   8.90  0.18 15.57 230.20  11.49  0.15 19.84 221.03   6.89  0.07 17.75 298.22  17.13
20000525 120000  3.4 335.7  1.54  9.40 270.61  37.03  6  1.06  8.54 298.93  28.74  0.95  9.76 251.05  12.73  0.48 11.32 206.81   9.39  0.28 13.48 312.64   9.05  0.16 19.30 221.23   6.92  0.06 17.70 286.68  11.39
20000525 150000  0.6  37.5  1.57  9.77 265.38  34.37  7  1.10  9.82 249.13  12.97  0.97  8.74 298.31  26.10  0.43 11.12 205.91   9.16  0.26 13.31 312.95   8.72  0.18 19.05 219.73   7.12  0.06 17.67 286.32   7.53  0.06 17.10 313.20   6.88
20000525 180000  4.4 217.7  1.69 10.91 258.58  30.95  6  1.63 10.76 259.83  28.35  0.34 11.59 201.55   6.21  0.26 12.80 313.32   8.38  0.18 19.03 221.01   6.77  0.09 10.19 319.75   8.88  0.08 16.89 304.80  12.70
20000525 210000  6.4 206.1  1.88 11.00 252.65  27.70  5  1.83 10.93 253.33  25.62  0.31 11.22 200.50   5.23  0.25 12.68 313.47   8.34  0.20 18.45 219.78   7.77  0.10 16.77 304.74  13.71
20000526 000000  6.7 199.4  2.07 11.07 248.26  25.72  7  0.49  3.02 216.05  35.40  1.97 11.07 249.90  21.95  0.26 10.99 200.41   5.29  0.25 12.65 313.81   8.11  0.21 18.00 220.26   7.53  0.10 16.68 306.55  12.23  0.09 10.13 319.25   7.85
20000526 030000  7.2 165.4  2.24 11.23 244.52  25.69  5  0.47  2.98 176.86  30.63  2.16 11.20 246.21  20.75  0.24 12.63 313.55   8.53  0.21 17.97 220.18   8.32  0.09 16.64 310.43   9.12
20000526 060000  5.3 149.2  2.30 11.36 242.59  25.04  3  2.28 11.32 242.14  24.23  0.23 12.61 313.56   8.50  0.20 18.00 221.11   7.54
20000526 090000  5.1 136.8  2.28 11.38 241.50  23.37  3  2.26 11.34 241.09  22.53  0.23 12.56 313.14   8.59  0.21 17.90 222.29   7.39
20000526 120000  5.3 150.8  2.21 11.32 240.34  22.91  2  2.20 11.28 239.80  22.05  0.21 12.40 312.98   8.58
20000526 150000  3.9 171.1  2.10 11.22 239.47  22.49  3  2.08 11.18 239.17  21.62  0.24 16.82 220.89   7.81  0.20 11.99 313.17   8.54
20000526 180000  7.2 211.7  2.00 11.09 238.17  22.55  4  1.97 11.05 237.64  21.32  0.24 16.77 221.29   7.94  0.19 11.86 313.19   8.48  0.13 15.78 303.82  13.52
20000526 210000  7.3 199.1  1.95 10.94 235.92  23.86  4  1.92 10.91 235.44  22.70  0.28 16.48 220.42   8.08  0.18 11.81 313.10   8.48  0.14 15.68 303.12  14.05
20000527 000000  8.4 199.5  1.87 10.63 234.31  24.96  4  1.83 10.60 233.88  23.86  0.32 15.83 220.19   7.97  0.18 11.79 312.79   8.83  0.13 15.65 303.88  13.49
20000527 030000  7.8 174.9  1.82 10.41 231.34  27.83  4  1.77 10.39 230.88  26.99  0.36 15.49 220.07   8.14  0.18 11.78 312.56   8.99  0.14 15.61 303.35  13.99
20000527 060000  6.7 168.6  1.67 10.21 230.70  29.32  5  1.60 10.20 230.31  28.56  0.39 15.40 218.84   8.23  0.18 11.75 311.41  10.49  0.14 15.56 303.88  13.13  0.08 20.42 220.89   6.97
20000527 090000  5.6 150.3  1.51  9.87 230.53  30.10  6  1.43  9.86 229.90  29.44  0.42 14.91 219.63   8.12  0.17 11.69 310.96  10.79  0.15 15.43 303.35  13.70  0.11 12.68 247.63   4.63  0.11 20.23 223.12   8.38
20000527 120000  5.3 180.2  1.37  9.66 231.23  29.76  6  1.27  9.66 230.77  28.96  0.44 14.53 220.03   8.17  0.16 11.46 310.59  10.90  0.14 19.43 222.42   7.18  0.12 15.99 303.05  10.81  0.11 14.54 305.79  14.74
20000527 150000  5.7 172.0  1.28  9.42 230.58  30.71  6  1.15  9.42 230.12  30.39  0.48 14.41 220.93   9.86  0.17 19.11 222.07   7.85  0.15 11.17 310.04  11.43  0.13 14.59 307.78  13.37  0.12 16.31 301.26  10.28
20000527 180000  9.0 204.6  1.36 14.29 231.12  30.06  9  0.69  3.52 204.86  29.63  0.95  9.15 239.73  23.93  0.52 14.15 222.61   9.97  0.28 11.72 257.18   7.03  0.21 14.95 259.00   8.85  0.19 19.02 223.06   7.74  0.14 11.07 311.16   9.64  0.12 14.55 311.67   8.33  0.12 16.32 301.04  10.11
20000527 210000  8.9 205.7  1.66 13.57 238.84  29.47  7  1.12  9.20 219.83  27.85  1.05 11.94 261.25  11.32  0.52 13.62 221.38   8.89  0.23 18.41 222.63   9.44  0.13 11.03 312.85   7.79  0.12 14.53 308.13  11.69  0.12 16.23 305.47   8.09
20000528 000000  8.8 198.5  1.96 13.29 246.74  28.85  6  1.08  4.45 216.73  29.68  1.50 12.76 263.18  10.96  0.56 13.52 222.05   8.77  0.28 17.88 222.72   9.32  0.17 14.72 307.48   9.04  0.13 11.01 313.47   7.10
20000528 030000  6.3 175.1  2.16 12.95 253.45  26.72  6  2.02 12.63 257.16  24.97  0.56 13.43 222.01   8.88  0.37  9.24 217.65  10.09  0.28 17.78 221.47   7.36  0.19 14.87 306.74   8.89  0.13 10.98 313.41   7.07
20000528 060000  3.9 144.3  2.25 12.68 258.05  22.99  4  2.13 12.53 261.52  20.25  0.64 13.10 221.09   9.27  0.28 17.29 221.27   7.40  0.20 15.20 306.29   8.80
20000528 090000  2.8 120.9  2.31 12.58 259.59  20.47  4  2.20 12.41 262.80  17.00  0.55 12.78 221.49   9.09  0.42 16.62 221.61   7.17  0.22 15.25 306.69   8.69
20000528 120000  3.6 130.6  2.34 12.63 259.90  19.42  4  2.23 12.51 262.81  15.78  0.58 12.72 221.56   9.25  0.34 16.70 221.71   7.75  0.23 15.26 306.72   8.83
20000528 150000  1.5 115.8  2.32 12.80 259.98  18.76  4  2.24 12.77 261.81  16.31  0.56 12.70 222.93   9.27  0.16 15.44 303.39   8.40  0.15 13.62 313.37   6.51
20000528 180000  5.5 231.1  2.31 12.96 259.36  18.93  4  2.15 12.89 263.80  13.76  0.81 15.24 224.30   9.30  0.20 13.70 310.80   7.13  0.10 20.35 219.35   6.87
20000528 210000  4.9 210.1  2.26 12.89 258.39  19.79  4  2.17 12.98 260.90  16.75  0.43 15.53 219.06   8.00  0.43 11.74 219.56   8.41  0.19 13.76 311.53   6.52
20000529 000000  3.8 197.0  2.17 12.65 257.90  20.21  4  1.99 12.58 263.94  15.20  0.64 13.36 224.27   9.01  0.54 15.01 225.33  11.44  0.18 19.10 220.76   8.01
20000529 030000  2.7 126.0  2.07 12.45 257.21  20.68  4  1.86 12.38 263.41  14.32  0.84 14.10 224.16   9.91  0.23 14.40 307.80   8.64  0.22 19.00 221.43   7.86
20000529 060000  3.7 113.0  1.98 12.13 255.60  23.22  4  1.73 11.89 263.62  17.39  0.91 14.15 225.55  11.05  0.25 18.75 221.39   8.28  0.24 14.35 307.34   8.80
20000529 090000  3.5  96.6  1.91 11.85 253.88  24.04  5  1.61 11.65 263.76  17.53  0.74 12.39 228.26  10.98  0.60 14.18 222.09  10.33  0.33 17.88 221.51   8.50  0.26 14.40 305.71  10.41
20000529 120000  4.5 128.2  1.85 11.71 251.99  25.49  5  1.51 11.46 263.21  19.70  0.96 12.75 225.32  11.01  0.37 17.80 222.29  10.01  0.23 14.33 303.38  11.00  0.13 12.64 311.90   7.85
20000529 150000  3.7 154.5  1.79 11.48 250.06  26.19  6  1.42 11.06 262.73  21.07  0.99 12.69 225.57  11.26  0.38 17.71 222.04   7.95  0.22 14.25 303.62   9.76  0.14 12.66 313.66   7.29  0.12 17.09 260.87   7.18
20000529 180000  6.6 197.5  1.78 11.19 247.16  26.64  7  1.33 10.74 262.02  22.68  0.82 11.54 227.73  10.36  0.64 13.02 221.58   9.73  0.45 16.88 222.62   9.00  0.21 14.07 303.91  10.07  0.19 16.59 258.27   7.09  0.14 12.63 312.34   7.64
20000529 210000  9.0 195.4  1.85 11.07 241.74  28.61  7  0.66  3.34 204.95  32.09  1.18 10.82 265.19  15.82  0.94 11.64 228.09  11.43  0.53 13.26 221.87   9.61  0.52 16.68 222.65   8.73  0.31 15.82 258.17   8.05  0.25 13.50 306.46  10.18
20000530 000000  8.0 181.6  1.92 11.04 236.85  31.59  7  0.88  4.10 198.96  34.21  1.16 11.78 229.17  13.18  1.01 10.62 269.03  12.88  0.51 16.60 223.24   9.21  0.39 15.41 258.18   7.10  0.30 19.65 227.60   7.98  0.24 13.46 306.47  10.09
20000530 030000  7.9 161.6  1.97 11.02 234.99  32.52  7  0.96  4.47 195.87  34.70  1.06 11.67 226.82  11.55  1.04 10.43 266.65  12.92  0.55 15.98 224.90   9.99  0.49 14.62 256.83   6.81  0.40 19.22 226.70   8.53  0.25 13.46 304.64  11.86
20000530 060000  6.9 161.3  1.99 15.33 236.47  30.62  7  0.89  4.97 197.99  35.76  1.05  9.91 264.86  13.17  0.99 11.59 225.80  11.37  0.65 14.26 254.85   8.45  0.57 18.74 226.54   8.43  0.56 15.61 224.11   9.59  0.24 13.46 306.80   9.80
20000530 090000  4.4 136.8  2.01 15.29 238.10  27.64  7  1.27 13.39 260.72  12.14  0.92 11.05 224.58  10.92  0.77  5.20 202.60  35.12  0.69 15.43 226.63  10.39  0.68 18.12 226.21   8.54  0.24 13.45 306.15  10.37  0.07  9.66 313.78   7.48
20000530 120000  4.6 160.6  2.02 17.69 238.97  25.09  6  1.28 12.55 259.51  13.17  1.11 17.70 227.72  10.43  0.77 10.88 224.09  11.31  0.67  5.25 208.34  33.79  0.38 12.65 222.25   7.98  0.24 13.43 306.49  10.30
20000530 150000  4.1 173.0  2.03 16.96 238.59  23.51  4  1.36 11.85 252.69  24.91  1.31 16.96 227.82  10.74  0.73 10.93 222.77  10.46  0.24 13.39 306.78  10.00
20000530 180000  8.3 200.2  2.08 16.67 235.89  23.59  5  0.71  5.02 209.16  27.78  1.37 16.67 227.97  10.87  1.17 11.73 260.16  11.81  0.74 11.36 220.72   9.57  0.23 13.32 306.52  10.17
20000530 210000 10.0 196.7  2.25 16.28 230.78  25.44  4  1.38 10.80 215.02  26.53  1.43 16.29 227.59  10.27  1.04 11.18 260.46  10.64  0.22 13.03 306.26  10.69
20000531 000000  9.2 195.7  2.29 17.37 229.05  25.64  5  1.48  5.38 217.33  29.13  1.22 15.31 228.40  11.23  0.90 11.04 259.99  10.11  0.85 17.83 224.75   8.77  0.22 12.72 306.53  10.54
20000531 030000  8.4 198.0  2.26 17.13 228.88  25.03  5  1.32  5.84 217.77  31.25  1.50 17.13 227.73  10.52  0.83 10.99 260.84   9.65  0.59 10.15 217.89  10.19  0.21 12.64 307.06  10.06
20000531 060000  7.8 181.4  2.21 16.33 229.02  24.44  5  1.22  5.92 215.60  30.58  1.57 16.33 228.94  11.32  0.77  9.65 261.74  10.58  0.55 10.05 217.26  10.07  0.21 12.62 306.32  10.77
20000531 090000  6.8 167.8  2.21 16.21 229.15  24.17  4  1.14  5.96 213.75  32.19  1.80 16.21 235.01  15.99  0.54  9.46 215.52   9.80  0.21 12.61 306.55  10.37
20000531 120000  7.1 188.7  2.22 15.88 230.53  22.65  3  2.16 15.88 230.87  21.99  0.50  9.34 215.45   9.78  0.20 12.60 306.56  10.28
20000531 150000  5.9 176.1  2.27 15.41 231.28  21.98  4  1.03  6.04 213.17  30.15  1.97 15.41 235.90  15.14  0.43  9.03 214.32   9.56  0.20 12.58 306.64  10.24
20000531 180000  7.9 211.5  2.33 15.25 232.33  20.58  4  1.07  6.32 216.82  27.01  2.03 15.25 236.27  15.02  0.31  8.69 211.56   8.11  0.19 12.55 306.76  10.23
20000531 210000  9.0 200.1  2.44 14.83 231.26  21.27  3  1.28  6.12 215.20  25.61  2.07 14.83 236.55  14.99  0.18 12.50 306.74  10.37
20000601 000000  7.8 176.3  2.47 14.43 230.45  22.76  3  1.35  6.21 214.10  28.59  2.05 14.44 236.43  14.91  0.17 12.39 307.20  10.20
