Date     Time   Uabs UDir  hs    tp    th     sp     np hs(i) tp(i) th(i)  sp(i)
19990601 000000  7.3 192.8  3.74 16.60 233.49  14.55  1  3.74 16.60 233.49  14.55
19990601 030000  7.4 183.5  3.60 16.41 232.81  15.28  1  3.60 16.41 232.81  15.28
19990601 060000  6.1 178.2  3.42 16.07 232.53  14.97  2  1.11  6.75 219.00  28.01  3.23 16.07 233.96  11.70
19990601 090000  6.0 183.8  3.24 15.70 231.93  14.73  1  3.24 15.70 231.93  14.73
19990601 120000  8.3 166.8  3.13 15.49 230.26  16.38  1  3.13 15.49 230.26  16.38
19990601 150000  7.0 196.9  3.00 15.27 229.19  16.38  2  3.00 15.27 229.11  16.16  0.11 15.56 310.56   8.74
19990601 180000  9.5 197.1  2.93 14.99 227.30  17.37  2  2.93 14.97 227.20  17.11  0.12 15.54 310.98   8.82
19990601 210000 10.5 198.5  2.92 14.67 224.88  19.37  3  1.42  5.46 210.89  27.49  2.55 14.66 228.65  13.35  0.12 15.53 311.09   8.81
19990602 000000  7.5 188.9  2.80 14.38 223.99  20.39  2  2.80 14.37 223.88  20.14  0.12 15.53 310.93   9.27
19990602 030000  7.9 196.3  2.56 14.17 224.11  20.05  2  2.56 14.17 223.98  19.75  0.12 15.46 311.10   8.92
19990602 060000  8.6 184.7  2.36 14.00 223.03  20.65  2  2.36 13.98 222.87  20.25  0.12 15.08 310.67   9.03
19990602 090000  6.8 172.8  2.18 13.65 222.45  20.97  2  2.18 13.63 222.21  20.40  0.14 14.62 309.98   9.24
19990602 120000  7.1 187.6  2.01 13.36 222.24  20.85  2  2.01 13.34 221.92  20.07  0.15 14.56 309.98   9.43
19990602 150000  7.1 191.2  1.91 13.17 221.43  21.06  4  1.90 13.17 221.04  20.14  0.13 14.54 307.95   9.35  0.09 19.04 223.78   8.98  0.08 12.44 316.09   8.03
19990602 180000  8.9 195.9  1.91 13.03 220.32  21.27  6  1.90 13.04 219.92  20.39  0.13 14.54 308.18   9.57  0.09 18.87 224.66   8.33  0.06 21.89 231.47   8.46  0.06 12.40 314.96   8.26  0.05 10.97 317.88   7.18
19990602 210000 10.5 195.5  2.07 12.74 218.67  22.22  6  1.63  8.80 215.19  24.69  1.26 12.75 223.21  13.64  0.12 14.54 308.39   9.49  0.10 21.57 232.88   8.44  0.10 18.05 222.83   8.18  0.07 11.30 317.07   7.90
19990603 000000  9.7 181.3  2.19 12.37 217.29  24.01  6  1.85  8.33 214.73  26.12  1.12 12.75 223.39  13.24  0.29 11.83 205.00   0.00  0.15 20.50 232.57   8.41  0.14 14.52 310.73   9.73  0.13 17.75 222.13   7.81
19990603 030000  9.2 176.7  2.19 12.07 217.00  25.00  6  1.91  8.13 214.31  26.66  0.98 12.58 225.10  12.26  0.27 11.83 205.00   0.00  0.21 20.28 234.09   8.41  0.17 17.75 223.63   7.70  0.14 14.39 310.31   9.66
19990603 060000  8.1 168.1  2.12 11.96 217.59  25.36  5  1.86  8.13 215.06  26.94  0.72 12.90 229.85   8.72  0.60 11.29 213.42  10.83  0.35 19.09 232.94   9.48  0.15 13.86 309.84   9.77
19990603 090000  7.6 163.7  2.03 12.29 218.72  25.36  6  1.75  8.13 215.13  26.98  0.87 12.32 228.13  11.36  0.45 18.93 233.16   9.63  0.33 10.95 206.17   7.11  0.14 13.69 307.25   9.85  0.07 11.71 316.54   8.10
19990603 120000  7.6 164.7  1.98 17.94 219.78  25.09  6  1.68  8.19 215.38  26.86  0.83 12.49 229.07  10.55  0.57 17.94 233.07   9.51  0.28 10.90 207.90   5.88  0.14 13.65 307.78   9.73  0.06 11.68 316.42   7.81
19990603 150000  7.3 178.5  1.98 17.68 221.18  24.15  5  1.62  8.35 216.02  25.99  0.85 12.40 229.85  11.54  0.69 17.68 233.10   9.49  0.22 11.07 201.86   5.09  0.16 13.63 310.06   9.99
19990603 180000  9.1 192.9  2.08 17.15 221.36  23.12  4  1.73  8.70 215.15  24.13  0.82 12.08 233.02   9.49  0.80 17.15 234.16   9.23  0.16 13.63 310.33   9.89
19990603 210000 10.5 194.6  2.30 16.61 221.12  22.91  4  1.87  8.66 213.94  23.97  0.94 11.74 233.42  10.48  0.93 16.61 234.03   9.33  0.15 13.64 310.35   9.81
19990604 000000  7.7 175.7  2.40 16.37 222.12  23.37  5  1.96  8.03 215.42  25.07  1.02 16.37 234.23   9.56  0.91 11.61 233.84   9.79  0.16 22.61 222.17   7.63  0.15 13.63 310.25   9.71
19990604 030000  7.0 195.3  2.35 15.68 224.52  21.90  5  1.82  8.37 217.88  24.54  1.09 15.69 233.22   9.39  0.95 11.49 234.02  10.27  0.24 21.91 223.95   8.79  0.15 13.58 310.01   9.66
19990604 060000  6.7 189.6  2.30 15.46 225.53  20.81  5  1.70  8.64 218.29  23.83  1.16 15.46 232.91   9.65  0.97 11.52 234.37   9.96  0.31 21.73 225.44   7.90  0.15 13.38 309.81   9.65
19990604 090000  5.6 179.1  2.24 15.27 226.33  19.91  5  1.61  8.77 219.21  23.12  1.20 15.28 232.76   9.19  0.87 11.49 235.55  10.35  0.45 21.08 224.10   8.30  0.16 13.03 309.87   9.53
19990604 120000  4.7 170.5  2.19 14.67 227.08  18.65  5  1.50  8.83 220.30  22.24  1.21 14.67 231.80   9.44  0.86 11.50 235.76   9.63  0.54 20.63 224.82   7.99  0.16 12.91 309.73   9.76
19990604 150000  5.7 198.1  2.17 14.47 227.33  17.38  5  1.41  8.87 220.81  21.13  1.19 14.48 232.23   9.36  0.84 11.48 234.44   9.56  0.75 20.18 225.05   8.79  0.16 12.87 309.78   9.78
19990604 180000  7.9 196.4  2.21 14.41 226.23  17.57  5  1.40  8.85 218.87  21.78  1.41 14.42 232.14   9.92  0.90 19.78 226.66   8.68  0.31 16.59 225.00   0.00  0.16 12.86 309.68   9.98
19990604 210000  9.2 196.7  2.28 19.15 224.90  18.19  4  1.42  8.77 216.52  23.06  1.50 14.40 230.96   9.61  0.94 19.29 225.49   8.40  0.16 12.86 309.64   9.97
19990605 000000  7.6 187.5  2.36 18.84 223.47  19.71  3  2.08 15.30 222.51  20.95  1.10 18.84 225.51   8.84  0.16 12.85 309.82   9.60
19990605 030000  7.5 187.4  2.35 18.41 223.98  18.73  4  1.35  8.19 214.00  26.06  1.48 15.17 230.04   9.66  1.22 18.41 225.13   8.33  0.16 12.81 309.88   9.55
19990605 060000  6.0 172.6  2.34 17.82 224.21  17.77  4  1.54 15.09 228.98   9.60  1.25 17.98 224.76   8.15  1.23  7.97 214.21  26.62  0.16 12.73 309.86   9.71
19990605 090000  4.6 167.4  2.30 17.52 224.80  16.08  2  2.30 17.52 224.54  15.24  0.15 12.63 309.98   9.55
19990605 120000  2.5 163.1  2.26 16.87 225.14  14.62  3  2.04 16.87 226.40   9.16  0.95  7.40 217.27  24.29  0.15 12.53 309.91   9.59
19990605 150000  3.7 197.5  2.21 16.57 225.27  13.53  2  2.20 16.57 224.98  12.41  0.16 12.46 309.76   9.61
19990605 180000  6.7 202.0  2.17 16.27 224.84  13.78  2  2.17 16.27 224.54  12.63  0.16 12.40 309.58   9.64
19990605 210000  7.2 201.3  2.14 15.72 224.28  14.78  2  2.13 15.72 223.96  13.68  0.16 12.34 309.47   9.67
19990606 000000  3.0 208.2  2.05 15.49 224.29  15.26  4  1.83 15.49 225.52   9.31  0.89  7.07 215.93  24.49  0.20 20.78 238.05   6.85  0.16 12.25 309.50   9.73
19990606 030000  4.6 189.2  1.92 15.31 224.73  14.78  4  1.71 15.31 225.38   9.31  0.81  7.23 218.00  23.59  0.26 20.52 235.79   8.23  0.16 12.15 309.63   9.80
19990606 060000  5.4 177.4  1.80 15.10 224.64  15.24  3  1.75 15.10 223.74  13.81  0.38 20.03 234.44   8.63  0.15 12.05 309.79   9.89
19990606 090000  4.7 172.3  1.70 14.76 224.89  15.49  4  1.48 14.76 225.43   9.56  0.69  7.07 214.78  24.53  0.45 19.53 234.84   7.93  0.15 11.97 309.91  10.03
19990606 120000  3.8 169.3  1.63 14.55 225.57  15.19  4  1.41 14.55 225.78   9.73  0.62  6.93 214.58  24.01  0.53 19.19 233.97   8.67  0.14 11.90 310.05  10.05
19990606 150000  2.8 182.1  1.59 14.40 226.61  14.38  3  1.43 14.41 224.37  12.94  0.68 18.77 234.03   8.35  0.14 11.86 310.15  10.07
19990606 180000  6.4 208.4  1.61 17.99 227.25  14.46  4  0.60  6.87 216.28  21.28  1.29 14.23 226.40  10.14  0.75 18.11 234.31   7.86  0.14 11.83 310.26  10.08
19990606 210000  8.3 207.9  1.75 17.72 226.74  17.21  3  1.47 13.90 223.42  17.77  0.94 17.72 233.29   8.06  0.14 11.81 310.37  10.09
19990607 000000  5.9 220.0  1.82 17.17 227.07  18.64  4  0.90  4.42 214.60  28.01  1.11 13.55 228.27  11.75  1.11 17.17 232.28   8.26  0.14 11.80 310.44  10.14
19990607 030000  5.6 204.7  1.82 16.59 228.70  17.65  2  1.81 16.59 228.37  16.78  0.14 11.78 310.40  10.24
19990607 060000  5.7 186.4  1.81 16.36 229.56  16.90  2  1.80 16.36 229.25  16.04  0.13 11.75 310.25  10.36
19990607 090000  6.0 188.6  1.80 15.54 229.90  16.75  3  0.63  4.37 210.52  30.06  1.68 15.54 231.92  10.68  0.13 11.70 310.07  10.51
19990607 120000  5.9 212.4  1.76 15.34 230.23  16.55  3  0.59  3.98 210.52  30.08  1.66 15.34 232.12  10.89  0.12 11.61 310.03  10.66
19990607 150000  5.7 200.5  1.70 15.15 230.66  16.31  3  0.56  3.74 212.89  30.33  1.60 15.15 232.25  11.11  0.11 11.42 310.88  10.20
19990607 180000  6.9 198.5  1.67 14.39 230.43  17.00  4  0.63  3.64 214.11  29.08  1.54 14.39 232.50  11.35  0.12 20.69 232.14   5.53  0.11 11.26 311.46  10.15
19990607 210000  9.9 204.0  1.78 14.34 228.32  20.04  4  0.94  4.11 213.83  28.17  1.48 14.34 232.92  11.47  0.31 19.18 235.15   9.29  0.11 11.20 312.34   9.63
19990608 000000  9.5 199.1  1.95 14.27 225.59  23.17  4  1.20  4.89 210.05  29.09  1.45 14.27 233.56  11.50  0.49 18.41 235.33   8.92  0.10 11.15 312.66   9.52
19990608 030000  8.4 190.5  2.04 13.87 226.77  23.40  4  1.23  5.27 210.59  30.22  1.46 13.87 234.46  11.53  0.69 17.84 235.82   9.01  0.10 11.12 312.69   9.53
19990608 060000  7.9 184.3  2.11 13.50 229.67  21.87  4  1.20  5.59 214.63  30.23  1.46 13.51 235.40  11.42  0.94 17.26 236.71  10.31  0.09 11.09 312.64   9.53
19990608 090000  5.8 179.2  2.26 16.62 232.49  19.46  3  1.36 13.38 236.96  12.38  1.33 16.62 236.86  10.62  1.23  6.22 220.64  28.19
19990608 120000  9.5 193.5  2.62 16.31 232.62  18.86  2  1.53  7.50 221.82  25.30  2.13 16.31 237.69  11.44
19990608 150000  7.8 184.8  3.09 15.64 232.70  18.79  2  1.90  8.84 223.38  24.39  2.44 15.64 237.95  11.46
19990608 180000 10.1 196.8  3.44 15.38 232.60  18.83  2  2.12  9.18 223.04  23.97  2.71 15.38 238.05  11.81
19990608 210000 11.6 203.2  3.67 15.00 231.55  19.66  2  2.35  9.18 222.01  24.31  2.81 15.00 237.74  12.19
19990609 000000  9.1 202.7  3.73 14.61 231.03  20.37  2  2.40  9.04 221.37  25.41  2.85 14.61 237.34  12.36
19990609 030000  8.1 177.5  3.64 14.48 231.21  20.40  1  3.64 14.48 231.21  20.40
19990609 060000  5.8 168.5  3.45 14.32 232.50  18.70  1  3.45 14.32 232.50  18.70
19990609 090000  6.5 179.9  3.27 13.90 233.03  17.38  1  3.27 13.90 233.03  17.38
19990609 120000  4.7 168.8  3.11 13.79 233.00  16.65  2  2.74 13.57 233.04  17.87  1.47 15.64 232.87  11.42
19990609 150000  4.4 163.9  2.94 13.96 232.89  15.89  1  2.94 13.96 232.89  15.89
19990609 180000  5.3 187.4  2.78 14.28 232.57  15.41  1  2.78 14.28 232.57  15.41
19990609 210000  8.4 195.4  2.67 14.22 231.02  16.69  1  2.67 14.22 231.02  16.69
19990610 000000  8.2 187.7  2.55 14.03 229.05  18.93  1  2.55 14.03 229.05  18.93
19990610 030000  9.2 173.9  2.43 13.59 226.63  21.58  1  2.43 13.59 226.63  21.58
19990610 060000  6.9 163.8  2.25 13.46 226.52  21.97  1  2.25 13.46 226.52  21.97
19990610 090000  6.4 159.2  2.08 13.36 226.93  21.15  2  2.07 13.36 226.77  20.86  0.11 15.52 303.87  15.08
19990610 120000  6.9 148.5  1.95 13.26 226.53  21.62  2  1.95 13.26 226.35  21.27  0.11 15.50 303.45  14.53
19990610 150000  4.0 161.2  1.87 13.17 226.69  20.29  2  1.86 13.17 226.49  19.89  0.11 15.49 303.90  14.21
19990610 180000  8.2 211.2  1.87 13.19 227.04  17.80  2  1.87 13.19 226.86  17.37  0.10 15.48 304.57  14.04
19990610 210000  9.1 208.1  1.99 13.15 226.51  18.93  3  1.06  4.60 216.59  27.53  1.68 13.15 229.86  11.67  0.10 15.44 305.05  13.85
19990611 000000  7.8 194.2  1.94 13.09 227.57  19.74  4  1.01  4.89 216.99  30.00  1.65 13.09 230.86  11.50  0.10 15.18 305.91  12.83  0.05 22.79 223.53   7.95
19990611 030000  7.8 188.6  1.90 13.03 228.11  20.41  4  0.95  4.77 213.39  31.60  1.65 13.03 232.02  11.40  0.11 14.59 302.62  14.12  0.07 22.09 223.32   7.49
19990611 060000  7.4 189.0  1.89 12.87 229.58  20.17  4  0.85  4.61 211.39  32.95  1.68 12.87 233.21  11.30  0.12 14.51 300.80  14.09  0.08 21.90 222.82   7.54
19990611 090000  5.5 188.7  1.89 12.70 231.75  18.53  3  1.88 12.70 231.49  17.99  0.14 14.50 298.56  15.07  0.10 21.66 222.80   7.72
19990611 120000  6.4 197.5  1.89 12.52 233.42  16.74  4  0.57  4.23 214.52  34.57  1.79 12.52 234.75  11.47  0.14 14.49 298.22  15.23  0.12 21.33 223.54   7.85
19990611 150000  4.8 171.2  1.93 12.37 233.95  16.16  3  1.92 12.37 233.74  15.56  0.14 20.74 222.76   7.51  0.14 14.49 297.34  16.07
19990611 180000  5.7 214.9  2.05 12.28 234.54  14.72  3  2.04 12.28 234.39  14.18  0.17 20.55 222.83   7.48  0.13 14.46 299.09  14.86
19990611 210000  6.7 206.4  2.19 12.02 234.70  15.18  3  2.18 12.02 234.60  14.76  0.19 20.43 223.16   7.80  0.13 14.36 296.42  16.64
19990612 000000  6.1 222.0  2.19 11.86 235.98  15.36  4  2.17 11.86 235.88  14.97  0.22 20.30 223.96   7.95  0.14 14.09 295.77  15.93  0.11 16.70 246.58   4.56
19990612 030000  4.7 174.8  2.10 11.80 237.09  16.12  3  2.08 11.80 237.22  16.14  0.25 20.20 223.56   8.16  0.16 15.62 248.20   5.28
19990612 060000  2.7 165.3  2.00 11.75 238.08  16.50  4  1.95 11.75 237.93  16.12  0.29 20.27 224.45   8.19  0.28 15.56 245.47   7.79  0.15 13.55 294.79  15.14
19990612 090000  2.0 140.3  1.91 11.71 238.70  16.80  4  1.84 11.71 238.46  16.46  0.37 15.29 246.16   6.95  0.31 20.25 225.16   8.34  0.15 13.54 295.28  14.71
19990612 120000  2.1 222.5  1.84 11.67 238.91  17.26  4  1.74 11.67 238.78  17.10  0.44 14.65 244.41   7.90  0.37 20.16 225.99   8.22  0.16 13.53 295.38  14.67
19990612 150000  2.4 231.7  1.80 11.60 238.79  17.58  4  1.69 11.60 238.86  17.53  0.44 14.56 244.16   8.18  0.43 19.71 226.42   8.44  0.15 13.53 297.23  14.00
19990612 180000  4.7 227.0  1.78 11.45 238.37  17.93  4  1.62 11.45 238.37  18.27  0.51 19.14 227.52   8.53  0.51 14.28 245.64   7.26  0.14 13.52 297.61  14.18
19990612 210000  5.0 217.8  1.76 11.36 237.82  18.12  4  1.56 11.36 238.28  19.01  0.59 19.02 227.99   8.41  0.58 13.76 242.27   8.82  0.13 13.49 298.33  14.32
19990613 000000  3.6 226.0  1.74 11.35 237.54  17.83  3  1.47 11.35 238.45  19.20  0.71 18.08 229.12   8.19  0.59 13.51 244.31  14.65
19990613 030000  1.5 149.2  1.71 11.40 237.40  17.30  4  1.25 10.94 241.31  19.47  0.83 17.73 229.51   8.34  0.82 13.09 235.76  13.64  0.11 13.01 301.75  12.23
19990613 060000  2.3 190.0  1.68 17.57 237.33  16.88  4  1.17 10.91 241.77  19.68  0.92 17.57 230.12   8.53  0.78 12.79 236.70  12.86  0.12 12.72 298.12  14.00
19990613 090000  2.5 158.4  1.64 16.77 237.26  16.54  4  1.05 16.77 230.83   8.41  0.95 10.89 248.81  18.78  0.83 12.40 232.15  13.27  0.12 12.68 297.11  13.88
19990613 120000  1.2 136.6  1.64 16.65 236.99  15.92  1  1.64 16.65 236.99  15.92
19990613 150000  3.0 238.6  1.75 16.46 236.58  14.75  2  1.75 16.46 236.29  14.14  0.14 12.65 293.64  14.88
19990613 180000  3.7 238.4  2.00 15.80 236.59  13.91  2  2.00 15.81 236.37  13.43  0.13 12.64 293.64  14.96
19990613 210000  3.4 244.4  2.30 15.41 237.06  13.48  2  2.29 15.42 236.91  13.13  0.13 12.63 293.47  15.14
19990614 000000  1.9 199.3  2.52 15.30 237.60  13.44  2  2.52 15.30 237.49  13.20  0.12 12.62 291.93  14.38
19990614 030000  0.9 192.5  2.70 15.17 237.92  13.69  1  2.70 15.17 237.92  13.69
19990614 060000  0.4 229.7  2.88 14.74 238.08  14.23  1  2.88 14.74 238.08  14.23
19990614 090000  1.0 188.4  3.04 14.32 238.28  15.05  1  3.04 14.32 238.28  15.05
19990614 120000  3.0 256.3  3.14 14.13 238.55  16.04  1  3.14 14.13 238.55  16.04
19990614 150000  0.8 311.5  3.16 14.08 238.79  17.02  1  3.16 14.08 238.79  17.02
19990614 180000  4.3 204.4  3.12 13.87 238.89  17.69  1  3.12 13.87 238.89  17.69
19990614 210000  9.3 198.0  3.12 13.57 237.31  19.38  1  3.12 13.57 237.31  19.38
19990615 000000  9.8 195.1  3.21 13.45 233.52  22.19  3  1.08  4.44 205.37  31.55  2.88 13.45 238.78  17.71  0.92 16.42 215.17   8.52
19990615 030000  7.7 177.4  3.24 13.58 230.63  23.23  3  1.10  5.07 201.87  33.41  2.76 13.43 238.47  17.81  1.29 15.81 212.76   7.90
19990615 060000  9.6 186.3  3.25 14.28 228.01  23.24  3  1.11  4.96 199.75  30.54  2.45 13.47 241.84  16.53  1.83 15.12 212.68   8.33
19990615 090000  9.1 183.6  3.20 14.19 226.04  23.59  3  1.13  4.96 198.35  29.97  2.59 14.54 224.25  20.12  1.50 13.17 244.84   9.44
19990615 120000  7.5 184.1  3.05 13.77 225.57  23.52  4  1.10  5.04 200.79  30.40  2.40 14.10 221.70  19.10  1.53 13.06 246.17  10.81  0.14 20.79 223.41   7.33
19990615 150000  8.4 190.8  2.86 13.45 226.01  23.34  2  2.85 13.45 226.01  23.37  0.15 20.58 224.86   7.88
19990615 180000  9.1 192.2  2.72 13.21 225.45  23.85  4  1.13  5.02 204.87  28.39  2.28 12.77 233.96  18.94  0.94 13.92 203.02   6.53  0.15 20.58 225.84   7.99
19990615 210000  9.7 199.3  2.60 12.81 225.14  24.14  4  1.27  5.36 208.23  27.30  1.91 12.67 239.85  16.18  1.21 13.06 205.77   7.52  0.19 19.65 224.74   8.15
19990616 000000  8.3 192.7  2.51 12.56 224.36  24.93  4  1.37  5.96 209.17  29.13  1.78 12.53 239.66  15.23  1.10 13.32 205.63   8.31  0.20 19.37 224.91   8.84
19990616 030000  4.7 169.5  2.32 12.31 225.23  24.80  4  1.66 12.13 239.12  15.53  1.30  6.51 212.74  29.43  0.94 12.55 204.20   7.60  0.22 19.30 224.41   8.80
19990616 060000  2.4 209.3  2.11 12.04 226.57  23.82  3  1.92 12.11 231.19  23.61  0.85 11.95 204.14   7.76  0.23 19.72 225.35   9.23
19990616 090000  3.4 220.7  1.91 11.82 227.59  22.91  4  1.80 11.71 230.90  22.26  0.61 12.28 200.44   5.83  0.17 20.35 229.87   8.10  0.16 17.95 222.42   8.75
19990616 120000  2.4 208.8  1.74 11.58 228.31  22.18  4  1.60 11.40 232.59  21.16  0.63 11.91 201.80   6.78  0.18 17.88 222.12   9.00  0.18 20.29 230.82   8.31
19990616 150000  4.9 269.1  1.58 11.37 229.05  21.80  4  1.41 11.51 234.33  20.47  0.65 11.20 204.80   7.98  0.26 19.20 227.62   9.38  0.05 11.04 313.89   8.54
19990616 180000  4.8 213.4  1.46 11.23 229.11  21.62  5  1.33 11.13 233.38  20.14  0.52 11.50 201.00   5.71  0.25 18.98 228.39  10.52  0.10 16.56 226.37   3.45  0.06 11.03 314.08   8.45
19990616 210000  2.6 183.0  1.34 11.06 228.46  21.46  6  1.20 10.86 232.83  20.16  0.50 11.14 202.33   6.65  0.26 18.85 228.98  10.60  0.15 16.53 224.58   7.91  0.06 11.01 312.41   9.90  0.05 18.07 265.24   7.75
19990617 000000  3.7 327.3  1.22 10.84 228.80  23.30  5  1.07 10.39 233.76  22.47  0.49 11.02 203.87   7.45  0.23 18.83 233.27   8.95  0.20 16.58 222.00   7.84  0.11 17.66 262.52   7.79
19990617 030000  2.2 357.7  1.12 10.65 228.78  23.74  4  0.91 11.10 235.28  23.33  0.54 10.59 206.51   7.94  0.33 17.57 228.86  11.07  0.18 16.69 264.39   5.97
19990617 060000  5.9 354.2  1.08 10.50 234.81  33.32  6  0.74  8.99 245.06  40.70  0.47 11.12 230.06  10.33  0.42 10.77 203.13   6.95  0.35 17.40 228.83  11.33  0.28 16.15 263.93   6.14  0.12 10.80 278.72  18.96
19990617 090000  9.5   9.2  1.32 15.64 270.82  51.01  6  0.86  3.81 330.19  35.57  0.70 10.13 219.60  17.06  0.39  9.55 272.66   9.24  0.38 16.03 229.28  11.36  0.37 15.54 263.78   6.16  0.28 11.26 232.67   8.14
19990617 120000 11.1  12.9  1.86  9.42 297.08  46.21  7  0.96  4.92   2.08  26.52  1.35  8.95 291.50  22.36  0.52  9.69 215.51  14.71  0.45 14.81 263.70   6.21  0.33 16.23 226.48  10.11  0.28 10.98 233.89   8.13  0.24 19.68 239.51   8.80
19990617 150000  9.4   9.8  2.22  8.87 295.20  40.35  6  2.06  8.80 303.84  36.65  0.49 14.30 263.96   6.10  0.41 15.85 231.03  12.84  0.39  9.79 214.23  13.75  0.27 19.90 240.09   9.38  0.18 11.31 233.22   7.61
19990617 180000 10.7 356.0  2.32  8.76 293.92  38.21  5  2.16  8.71 301.79  35.24  0.57 13.66 263.68   6.21  0.43 15.50 229.74  11.29  0.39 19.91 240.86   9.36  0.28  9.74 208.75  10.53
19990617 210000  5.6 322.6  2.20  8.58 287.83  36.55  5  1.99  8.55 298.16  32.90  0.57 19.88 241.23   9.35  0.57 13.21 263.68   6.30  0.43 15.29 228.17  10.69  0.26  9.60 209.30  10.46
19990618 000000  4.4 236.7  2.21  8.61 274.20  33.79  5  1.81  8.58 289.65  31.73  0.91 12.50 253.78  14.18  0.76 19.62 242.12   9.26  0.41 15.31 228.42  10.89  0.19  9.65 204.05   7.44
19990618 030000  7.9 185.7  2.60 19.22 255.83  29.48  3  2.27 10.68 258.87  32.39  1.08 19.23 240.99  10.18  0.67 11.95 264.31   7.55
19990618 060000  7.7 167.1  2.86 18.84 245.15  27.85  3  2.39  9.88 244.08  31.93  1.36 18.84 241.31   9.65  0.77 11.75 266.47   7.85
19990618 090000  7.3 165.3  2.89 18.27 240.15  26.43  3  2.01  9.72 225.02  22.75  1.66 18.27 241.36   9.30  1.24 11.27 278.99  18.45
19990618 120000  6.8 170.9  2.88 17.86 238.60  24.88  3  1.98 17.86 240.89   9.20  1.77  9.36 221.05  24.62  1.09 11.05 277.04  17.72
19990618 150000  5.0 170.5  2.90 17.13 239.18  22.17  3  2.28 17.13 240.51   9.15  1.43  8.85 216.28  24.03  1.09 11.07 271.42  18.20
19990618 180000  6.1 182.8  2.96 16.78 239.63  19.40  3  2.52 16.78 240.25   9.16  1.23  8.25 216.23  23.84  0.95 10.56 273.43  14.89
19990618 210000  7.4 196.2  3.03 16.47 239.37  17.80  3  1.13  7.80 215.13  24.47  2.69 16.47 240.18   9.20  0.84 10.09 272.81  13.69
19990619 000000  7.2 191.2  3.06 16.41 238.85  17.28  3  1.08  7.42 213.01  26.02  2.77 16.41 240.11   9.24  0.73 10.11 272.29  13.56
19990619 030000  5.7 177.5  3.03 16.32 238.97  16.23  3  0.93  7.18 212.40  27.64  2.88 16.32 241.48  11.74  0.14  9.19 204.10   7.55
19990619 060000  5.3 182.4  2.95 16.12 239.13  14.95  2  0.80  6.85 213.50  27.63  2.84 16.12 240.91  11.49
19990619 090000  4.2 176.7  2.85 15.95 239.06  14.03  2  2.77 15.95 240.36  11.33  0.67  6.63 213.81  27.81
19990619 120000  7.4 181.2  2.75 15.85 238.41  14.59  2  0.63  6.35 207.64  30.22  2.68 15.85 239.82  11.36
19990619 150000  4.6 182.5  2.65 15.78 237.84  14.80  1  2.65 15.78 237.84  14.80
19990619 180000  6.2 206.3  2.64 15.86 236.79  13.92  1  2.64 15.86 236.79  13.92
19990619 210000  6.8 200.2  2.85 15.83 234.60  13.95  1  2.85 15.83 234.60  13.95
19990620 000000  6.4 193.8  3.12 15.56 233.82  13.69  1  3.12 15.56 233.82  13.69
19990620 030000  5.1 185.5  3.33 15.39 234.45  13.12  1  3.33 15.39 234.45  13.12
19990620 060000  4.8 188.4  3.43 15.08 235.49  12.93  1  3.43 15.08 235.49  12.93
19990620 090000  5.1 182.4  3.43 14.87 236.48  13.00  1  3.43 14.87 236.48  13.00
19990620 120000  4.6 156.4  3.37 14.89 236.96  13.50  1  3.37 14.89 236.96  13.50
19990620 150000  2.5 220.7  3.32 14.80 237.00  13.83  1  3.32 14.80 237.00  13.83
19990620 180000  2.8 209.4  3.29 14.64 236.93  14.18  1  3.29 14.64 236.93  14.18
19990620 210000  3.8 249.2  3.26 14.64 237.04  14.64  1  3.26 14.64 237.04  14.64
19990621 000000  2.8 198.7  3.22 14.92 237.08  14.98  1  3.22 14.92 237.08  14.98
19990621 030000  1.5 123.9  3.27 15.18 236.62  15.07  1  3.27 15.18 236.62  15.07
19990621 060000  1.8 352.7  3.40 15.23 236.11  14.92  1  3.40 15.23 236.11  14.92
19990621 090000  4.6 331.7  3.51 15.11 236.59  15.70  1  3.51 15.11 236.59  15.70
19990621 120000  3.9 358.9  3.52 14.97 237.66  16.19  1  3.52 14.97 237.66  16.19
19990621 150000  3.9   1.5  3.50 14.77 238.72  16.38  2  3.50 14.77 238.66  16.24  0.12 17.84 310.63   7.68
19990621 180000  3.8 333.1  3.52 14.62 239.55  16.45  2  3.52 14.62 239.48  16.28  0.13 17.79 310.86   7.88
19990621 210000  4.7 321.2  3.61 14.57 240.32  16.66  2  3.61 14.57 240.25  16.49  0.13 17.75 311.24   8.04
19990622 000000  3.9 356.7  3.70 14.53 241.14  16.77  2  3.70 14.53 241.06  16.61  0.14 17.62 311.17   7.96
19990622 030000  5.6   2.6  3.73 14.43 242.23  18.00  2  3.73 14.43 242.14  17.82  0.15 16.92 310.80   7.77
19990622 060000  3.8   7.3  3.67 14.27 243.05  17.68  2  3.67 14.27 242.92  17.42  0.18 16.68 310.80   7.72
19990622 090000  2.7  42.4  3.55 14.10 243.66  17.30  2  3.55 14.10 243.50  16.96  0.19 16.63 311.04   7.81
19990622 120000  1.7  50.9  3.45 13.99 243.71  17.09  2  3.45 13.99 243.52  16.71  0.20 16.60 311.20   7.98
19990622 150000  2.1  57.6  3.42 14.13 242.92  17.15  2  3.41 14.12 242.72  16.74  0.20 16.53 311.17   8.03
19990622 180000  2.5 255.3  3.41 14.18 241.97  17.22  2  3.40 14.17 241.75  16.77  0.21 16.21 310.93   7.82
19990622 210000  4.8 184.7  3.36 13.88 241.30  17.47  2  3.35 13.88 241.03  16.90  0.23 15.65 310.70   7.68
19990623 000000  5.6 156.5  3.25 13.65 240.88  18.24  3  3.24 13.65 240.53  17.55  0.24 15.56 310.78   7.83  0.07 19.02 306.68   7.54
19990623 030000  5.3 153.2  3.11 13.53 240.68  18.78  3  3.10 13.53 240.27  17.99  0.25 15.53 310.89   7.88  0.07 19.00 306.46   7.65
19990623 060000  3.4 133.5  2.99 13.40 240.79  18.27  2  2.98 13.40 240.35  17.39  0.26 15.48 310.83   8.15
19990623 090000  1.4 187.7  2.87 13.22 240.99  17.63  3  2.86 13.21 240.48  16.55  0.26 15.40 310.92   7.89  0.08 17.94 306.58   7.46
19990623 120000  1.8 275.1  2.76 12.96 241.16  17.41  3  2.75 12.96 240.55  16.11  0.27 15.07 310.49   8.21  0.11 17.79 306.62   7.37
19990623 150000  1.4 345.7  2.64 12.74 241.34  17.54  3  2.62 12.74 240.61  15.98  0.27 14.65 310.37   8.12  0.13 17.78 306.16   8.01
19990623 180000  3.9 344.6  2.50 12.60 241.81  18.96  3  2.48 12.59 240.97  17.37  0.28 14.55 310.51   7.78  0.12 17.77 306.15   8.03
19990623 210000  4.9 350.9  2.36 12.46 242.46  20.35  3  2.34 12.45 241.51  18.72  0.29 14.51 310.44   7.87  0.11 17.76 306.36   7.94
19990624 000000  5.1 342.3  2.20 12.23 243.69  22.35  3  2.17 12.22 242.52  20.63  0.29 14.47 310.20   8.27  0.12 17.04 306.54   7.69
19990624 030000  4.9 342.6  2.02 11.95 245.51  24.11  3  2.00 11.95 243.92  22.12  0.29 14.40 310.51   7.93  0.17 16.64 305.08   8.59
19990624 060000  4.7 338.4  1.85 11.79 247.63  25.37  3  1.82 11.79 245.51  23.00  0.30 14.29 310.54   7.78  0.20 16.61 305.26   8.52
19990624 090000  3.7 359.3  1.89 11.63 247.36  24.29  3  1.85 11.63 245.32  21.85  0.30 13.99 310.41   7.82  0.20 16.61 305.15   8.67
19990624 120000  4.6 266.8  2.35 11.55 243.95  20.94  3  2.32 11.55 242.75  19.03  0.29 13.71 310.29   7.73  0.18 16.61 306.36   7.78
19990624 150000  2.6 151.1  2.74 11.90 243.06  19.45  3  2.72 11.88 242.28  18.07  0.29 13.60 310.46   7.58  0.15 16.56 306.54   7.33
19990624 180000  4.1 182.6  2.85 11.96 244.22  19.39  3  2.84 11.95 243.51  18.16  0.27 13.53 310.77   7.48  0.18 15.68 306.46   7.57
19990624 210000  6.8 197.5  2.89 11.98 244.74  19.85  3  2.86 11.96 243.93  18.53  0.27 13.49 310.66   7.45  0.22 15.54 306.21   7.47
19990625 000000  6.2 187.8  2.92 12.25 244.38  20.11  4  2.90 12.18 243.46  18.65  0.28 13.45 310.17   7.69  0.25 15.52 305.96   7.60  0.06 19.06 303.59   8.04
19990625 030000  3.9 171.6  2.94 12.63 243.88  19.50  4  2.92 12.54 242.98  17.98  0.27 13.40 310.03   7.78  0.25 15.52 305.76   7.68  0.08 19.01 304.10   8.18
19990625 060000  5.1 200.4  2.97 12.73 242.90  18.72  4  2.95 12.67 242.10  17.26  0.26 13.30 309.98   7.95  0.23 15.49 306.27   7.64  0.08 19.00 304.30   8.12
19990625 090000  4.8 184.7  3.02 12.87 240.92  18.43  4  3.00 12.85 240.23  17.10  0.27 13.12 309.33   7.95  0.18 15.52 306.31   7.85  0.08 18.98 304.38   7.97
19990625 120000  3.5 168.6  3.04 14.19 238.74  18.27  3  3.02 14.18 238.10  16.96  0.24 12.82 309.40   8.44  0.22 14.81 306.53   7.62
19990625 150000  1.4 114.5  2.95 14.11 237.29  18.24  4  2.93 14.07 236.49  16.60  0.26 14.51 305.74   8.47  0.21 12.61 309.01   9.36  0.11 17.84 300.73   9.64
19990625 180000  4.0 237.5  2.77 13.66 236.54  18.79  4  2.75 13.59 235.48  16.64  0.29 14.49 305.38   8.57  0.21 12.58 308.77   8.78  0.13 17.77 301.21   9.65
19990625 210000  4.5 199.8  2.57 13.44 235.84  19.51  4  2.54 13.42 234.49  16.83  0.31 14.48 304.17   9.66  0.21 12.57 308.98   8.64  0.14 17.76 301.50  10.05
19990626 000000  5.4 211.4  2.44 13.27 235.11  20.09  4  2.41 13.27 233.62  17.20  0.30 14.47 304.21   9.38  0.22 12.56 308.96   8.66  0.13 17.75 300.43  11.48
19990626 030000  3.6 169.0  2.38 12.93 235.06  20.47  4  2.35 12.94 233.62  17.73  0.29 14.44 304.09   9.74  0.21 12.54 309.49   8.01  0.12 17.71 300.84  11.31
19990626 060000  3.9 177.6  2.35 12.68 235.46  21.15  3  2.32 12.67 234.07  18.68  0.34 14.35 305.95   9.86  0.13 17.18 301.93   9.35
19990626 090000  2.4 162.3  2.30 12.51 235.98  22.41  3  2.27 12.50 234.49  20.04  0.33 13.84 305.76  10.06  0.16 16.66 300.50  10.15
19990626 120000  2.3 216.2  2.22 12.23 236.87  24.12  3  2.19 12.22 235.19  21.78  0.33 13.57 305.71   9.94  0.19 16.61 300.70  10.36
19990626 150000  2.7 237.6  2.13 11.86 238.04  26.00  3  2.10 11.85 236.13  23.72  0.33 13.53 304.70  10.75  0.19 16.60 301.09  10.55
19990626 180000  5.9 205.7  2.08 11.69 238.45  27.77  4  1.71 11.76 223.70  15.50  1.13 10.17 267.49  19.23  0.34 13.51 303.81  10.94  0.18 16.60 301.59  10.65
19990626 210000  7.4 205.6  2.07 11.56 237.55  29.44  5  0.53  3.13 219.05  31.94  1.58 11.69 219.51  13.66  1.18 10.14 268.58  14.41  0.34 13.50 304.13  10.14  0.15 16.60 302.59  10.60
19990627 000000  6.8 190.0  2.05 11.32 236.20  31.12  4  1.53 11.52 218.07  13.71  1.31 10.05 259.17  29.93  0.34 13.47 304.40   9.77  0.16 16.36 300.77  11.58
19990627 030000  6.4 185.2  1.98 11.12 236.11  32.35  4  1.48 11.35 217.26  13.80  1.26  9.95 260.34  31.35  0.33 13.42 304.64   9.72  0.19 15.59 301.60   9.97
19990627 060000  6.3 177.8  1.90 11.02 236.43  33.33  4  1.39 11.19 215.78  12.93  1.23  9.87 260.84  31.62  0.31 13.37 305.02   9.33  0.23 15.52 301.01  10.44
19990627 090000  4.5 182.3  1.80 10.92 237.49  33.79  4  1.33 11.06 215.29  13.01  1.15  9.96 263.56  29.90  0.32 13.05 303.49  10.31  0.25 15.52 301.49  10.55
19990627 120000  3.5 185.8  1.72 10.74 239.31  33.87  4  1.29 10.90 214.36  14.84  1.06 10.07 269.70  21.14  0.31 12.72 303.01  10.20  0.25 15.50 300.60  11.51
19990627 150000  3.3 176.3  1.66 10.42 241.54  34.29  5  1.22 10.71 214.73  13.63  1.05 10.02 272.16  21.31  0.31 12.64 301.55  10.91  0.22 15.50 301.91  11.28  0.10 16.99 255.28   7.78
19990627 180000  7.3 211.9  1.68 10.23 241.99  34.95  7  0.48  3.03 212.83  27.78  1.17 10.43 214.94  12.97  1.03  9.80 277.51  13.60  0.32 12.61 300.51  11.32  0.17 15.51 304.22   9.88  0.15 16.59 257.21   8.00  0.13 16.67 201.68   8.46
19990627 210000  6.5 201.7  1.72 10.08 241.55  36.13  7  0.68  3.87 215.37  30.07  1.10 10.27 214.36  12.25  1.03  9.64 279.45  13.41  0.33 12.61 299.68  11.46  0.23 16.13 202.68   8.45  0.22 15.87 256.90   8.88  0.15 15.35 307.50   7.42
19990628 000000  6.0 215.3  1.70  9.90 242.91  37.06  7  0.65  4.20 215.12  30.99  1.05 10.14 213.91  11.71  1.01  9.55 281.06  13.54  0.34 12.53 297.55  11.94  0.31 15.72 201.11   7.75  0.28 15.47 255.09   8.50  0.21 14.57 302.68  10.63
19990628 030000  5.4 201.6  1.70  9.73 242.97  37.74  6  1.20 10.02 214.30  19.01  0.98  9.47 283.02  13.50  0.41 15.32 200.92   7.33  0.35 14.89 257.05   9.27  0.32 12.49 299.16  11.08  0.25 14.51 302.56   9.68
19990628 060000  3.4 189.7  1.69  9.61 241.92  37.98  6  1.17  9.78 214.13  17.62  0.96  9.36 284.66  13.58  0.51 14.94 201.27   7.81  0.40 14.38 256.77   9.57  0.27 14.49 302.94   9.57  0.25 12.47 305.26   7.86
19990628 090000  2.0 217.0  1.67 14.36 239.81  37.79  6  1.14  9.64 214.37  15.83  0.91  9.22 286.72  13.75  0.58 14.44 201.06   7.45  0.46 13.89 257.60  10.81  0.26 14.50 303.75   9.55  0.22 12.52 307.30   7.07
19990628 120000  4.8  17.0  1.62 14.16 237.25  37.57  6  1.09  9.51 214.01  14.40  0.84  9.10 288.62  14.39  0.64 14.15 201.13   7.32  0.50 13.57 253.16  12.13  0.24 14.50 304.67   9.41  0.21 12.15 306.37   8.10
19990628 150000  3.7  28.7  1.56 13.54 236.13  39.10  6  0.99  9.34 213.72  17.70  0.78  8.96 292.91  19.37  0.70 13.73 201.88   8.06  0.54 13.19 250.76  12.22  0.22 11.80 304.31   9.47  0.20 14.49 305.10   9.25
19990628 180000  2.5  47.0  1.51 13.20 235.10  39.33  6  0.92  9.16 213.18  14.20  0.74  8.79 296.72  19.21  0.73 13.46 202.66   9.00  0.53 12.82 251.65  10.68  0.19 14.40 305.58   9.32  0.17 11.73 307.73   7.31
19990628 210000  3.2  71.9  1.48 12.99 234.49  41.71  7  0.85  9.12 211.79  12.81  0.75 13.32 202.67   9.12  0.56 12.61 249.44  11.17  0.55  8.93 290.48  12.63  0.46  8.02 325.68  33.42  0.18 11.75 307.45   9.02  0.18 13.75 305.10   9.48
19990629 000000  3.1 115.0  1.45 12.76 235.92  43.34  7  0.82 13.14 204.90  10.84  0.77  9.20 211.98  12.40  0.71  8.31 308.89  26.79  0.51 12.53 252.32   7.96  0.21 13.57 304.60   9.25  0.18 11.67 305.60   9.23  0.14 12.82 228.36   4.72
19990629 030000  4.4  72.0  1.45 12.51 240.01  47.75  7  1.08 12.69 207.78  12.11  0.76  7.97 318.73  29.33  0.51 12.30 251.80   9.19  0.22 13.55 304.58   9.24  0.17 12.32 227.38   5.20  0.17 11.70 306.95   8.23  0.07 23.19 244.69   7.94
19990629 060000  4.2  40.7  1.45 12.21 245.85  51.70  8  1.04 12.58 208.24  12.80  0.81  7.56 326.61  28.72  0.48 11.96 251.84   8.22  0.23 13.55 304.46   9.27  0.19 14.85 225.79   9.36  0.16 11.69 306.81   8.67  0.12 11.83 225.00   0.02  0.12 22.14 243.28   8.32
19990629 090000  3.5  83.9  1.44 11.98 248.67  52.84  7  1.03 12.50 209.50  13.58  0.82  7.18 330.06  26.46  0.46 11.85 251.16   8.02  0.22 13.55 304.59   9.31  0.20 21.45 243.07   8.26  0.15 11.70 307.55   8.05  0.13 11.83 225.00   0.02
19990629 120000  4.9 137.9  1.43 11.83 246.59  52.73  8  1.00 12.36 209.05  14.50  0.79  6.95 333.35  29.41  0.45 11.77 250.95   7.96  0.34 20.54 241.21   9.22  0.20 13.55 304.84   9.33  0.15 16.35 233.46   7.36  0.15 11.66 307.34   8.54  0.13 11.83 225.00   0.00
19990629 150000  3.8 121.2  1.41 11.71 242.89  50.42  8  0.96 11.62 208.52  16.33  0.72  6.85 335.02  30.03  0.46 19.86 242.21   8.47  0.43 11.70 250.40   7.95  0.28 16.55 233.88   9.55  0.19 13.52 305.29   9.20  0.13 11.54 308.48   9.33  0.12 11.83 225.00   0.02
19990629 180000  3.1 177.8  1.42 19.12 240.93  45.20  7  0.89 11.69 208.30  14.86  0.71 19.12 240.75   9.10  0.64  6.71 334.68  27.98  0.45 11.50 246.81  10.74  0.23 15.07 230.25   8.19  0.18 13.44 305.66   9.39  0.10 10.96 307.75   9.72
19990629 210000  6.9 208.2  1.53 18.46 237.52  38.52  6  0.91 11.62 208.28  17.37  0.99 18.46 239.74   9.39  0.56  6.60 333.55  22.77  0.41 11.20 248.25  10.04  0.17 12.95 305.51   9.62  0.10 10.94 309.96   8.60
19990630 000000  4.6 180.5  1.68 17.83 236.05  32.83  6  1.23 17.83 239.88   9.19  0.94 10.97 208.24  20.72  0.48  6.62 332.21  21.35  0.41 11.10 246.83  10.73  0.17 12.71 305.57   9.26  0.10 10.96 308.97   9.02
19990630 030000  1.9 180.1  1.77 17.34 237.56  28.43  6  1.43 17.34 239.83   9.27  0.84 10.97 208.96  19.94  0.43  6.81 331.53  21.41  0.36 10.91 249.43   8.24  0.18 12.67 304.94   9.57  0.11 10.98 309.55   8.46
19990630 060000  3.4 191.7  1.82 16.73 238.75  25.31  5  1.60 16.73 240.45   9.57  0.75 10.75 209.21  18.81  0.39  6.85 331.40  20.14  0.18 12.66 304.81   9.32  0.11 10.99 309.28   9.41
19990630 090000  2.9 196.2  1.82 16.42 239.70  23.50  5  1.64 16.42 240.73   9.74  0.66  9.78 209.19  17.30  0.36  6.80 331.44  19.25  0.18 12.66 304.21   9.84  0.11 10.99 309.49   9.39
19990630 120000  3.9 165.3  1.77 16.05 240.58  22.74  5  1.62 16.05 241.37   9.94  0.59  9.77 208.11  17.32  0.34  6.73 330.99  18.77  0.18 12.65 304.13   9.97  0.10 10.98 309.26   9.06
19990630 150000  1.6 140.5  1.74 15.69 242.03  21.82  5  1.62 15.69 242.51  10.09  0.52  9.80 206.88  17.98  0.31  6.64 331.20  17.77  0.18 12.63 304.62   9.52  0.10 10.96 309.16   8.79
19990630 180000  2.0  58.1  1.77 15.47 243.65  20.08  4  1.67 15.47 243.63  10.02  0.45  9.94 206.70  17.45  0.29  6.59 331.13  17.19  0.20 12.58 305.92   9.40
19990630 210000  0.7  52.0  1.80 15.24 244.76  19.28  4  1.72 15.25 244.18   9.93  0.36  9.59 206.89  14.84  0.31  6.51 328.64  39.61  0.19 12.46 306.15   9.30
19990701 000000  1.0 295.0  1.85 14.97 245.81  17.99  3  1.82 14.97 246.17  15.60  0.28  9.21 201.27  20.52  0.19 12.07 309.38  13.16
