Date     Time   Uabs UDir  hs    tp    th     sp     np hs(i) tp(i) th(i)  sp(i)
19971201 000000 13.4 197.2  2.67  7.61 219.56  25.85  4  2.66  7.61 218.89  24.54  0.22 12.91 314.33   8.80  0.15 16.66 304.10   9.23  0.07 11.00 315.65   8.59
19971201 030000 11.0 193.9  2.80  7.90 217.69  26.88  4  2.58  7.90 214.31  26.78  1.05 10.70 232.56   9.01  0.22 12.77 314.51   8.80  0.15 16.61 303.30   9.29
19971201 060000  9.7 181.2  2.64  8.12 218.90  26.99  4  2.40  8.12 215.19  27.09  1.07 10.79 232.50   9.50  0.21 12.71 314.58   8.69  0.15 16.42 302.96   9.40
19971201 090000  8.3 180.9  2.43  8.14 220.54  26.69  5  2.06  8.14 214.93  27.65  1.17 10.08 232.21  11.09  0.46 13.63 227.41   7.94  0.21 12.67 314.58   8.72  0.16 15.87 303.43   9.52
19971201 120000 10.1 183.3  2.28  8.06 220.79  26.94  5  1.79  7.73 212.18  28.44  1.31  9.34 231.89  12.72  0.47 13.67 226.82   8.96  0.20 12.63 314.55   8.76  0.18 15.70 303.94   9.55
19971201 150000  9.8 209.4  2.19  7.89 222.18  25.99  4  2.09  7.89 220.64  24.94  0.58 13.25 227.55   8.25  0.19 15.65 303.99   9.42  0.19 12.59 314.47   8.84
19971201 180000 11.8 212.1  2.38  7.09 222.74  24.79  4  2.27  7.09 221.47  23.97  0.64 12.97 227.31   8.69  0.20 15.63 303.48   9.32  0.18 12.55 314.39   8.90
19971201 210000 11.5 204.0  2.48  7.07 222.05  25.79  4  2.36  7.07 220.64  25.37  0.70 12.83 228.30   8.67  0.20 15.57 302.75   9.48  0.17 12.49 314.32   9.00
19971202 000000 11.8 198.8  2.42  7.04 220.48  26.69  4  2.26  7.04 218.61  26.65  0.81 12.50 227.94   9.33  0.20 15.39 302.22   9.70  0.16 12.39 314.36   8.99
19971202 030000 10.5 192.7  2.31  6.89 219.70  27.24  6  1.98  6.89 214.83  28.48  0.77 10.12 231.47  12.42  0.76 12.29 229.25   8.82  0.40 14.70 224.39   9.48  0.20 14.99 302.31   9.90  0.15 12.16 314.64   8.82
19971202 060000 11.7 183.0  2.23 12.01 217.48  28.61  5  1.84  6.51 210.46  30.22  1.19 12.01 229.39  11.23  0.29 14.57 220.96   6.77  0.21 14.78 303.02   9.58  0.15 11.97 314.99   8.71
19971202 090000  9.7 180.9  2.12 11.90 217.11  29.50  5  1.63  6.24 206.80  32.12  1.20 11.90 228.90  11.84  0.57 13.87 225.25   9.29  0.23 14.69 303.46   9.47  0.14 11.88 315.33   8.45
19971202 120000  9.7 176.2  2.07 11.90 217.41  29.30  6  1.52  5.96 205.25  32.45  1.25 11.93 228.75  11.44  0.55 13.82 223.36   9.11  0.23 14.63 302.78  10.12  0.13 11.83 315.40   8.57  0.07 17.86 306.87   8.28
19971202 150000 11.9 201.3  2.28 13.12 218.32  26.41  5  2.26 13.01 217.37  24.79  0.24 14.57 302.89   9.56  0.13 11.79 315.63   8.63  0.10 17.94 224.76   9.04  0.07 17.86 307.16   8.48
19971202 180000 14.3 208.7  2.90  7.02 220.30  24.46  4  2.89  7.02 219.77  23.50  0.24 14.49 303.01   9.77  0.12 11.76 315.79   8.34  0.11 17.89 226.47   8.03
19971202 210000 13.6 200.0  3.22  7.88 219.93  25.03  3  3.21  7.88 219.54  24.33  0.23 14.36 303.37   9.41  0.11 11.74 315.71   8.46
19971203 000000 13.6 196.1  3.34  8.23 217.89  26.03  4  3.32  8.23 217.51  25.43  0.23 14.16 303.72   9.43  0.15 17.42 226.42   6.35  0.11 11.71 315.77   8.62
19971203 030000 12.6 186.6  3.41  8.62 216.77  26.62  5  3.40  8.62 216.39  26.01  0.21 13.84 303.22   9.21  0.15 16.96 227.75   5.95  0.12 16.81 307.53   9.07  0.10 11.68 315.95   8.68
19971203 060000 10.5 174.7  3.23 11.62 218.19  26.42  5  3.22 11.62 217.77  25.69  0.21 13.70 303.71   9.19  0.12 16.76 307.58   9.20  0.09 11.58 316.98   8.06  0.05 20.47 307.80   7.47
19971203 090000  9.8 172.7  3.04 11.62 219.47  25.94  5  3.03 11.62 218.99  25.11  0.21 13.63 304.05   9.00  0.12 16.72 306.93   9.96  0.09 11.36 317.08   8.41  0.06 20.40 307.74   7.59
19971203 120000 11.3 172.5  2.95 11.64 219.08  26.29  6  2.93 11.64 218.58  25.43  0.21 13.58 304.16   8.99  0.12 16.68 307.15  10.27  0.08 11.19 317.58   8.63  0.07 21.94 219.18   7.79  0.06 20.33 307.05   7.84
19971203 150000  9.7 192.9  2.86 11.62 220.37  24.63  5  2.84 11.62 219.87  23.70  0.20 13.53 303.86   9.33  0.15 16.59 307.61   9.04  0.08 21.79 219.09   7.80  0.07 11.08 319.02   8.32
19971203 180000 12.1 208.5  2.88 11.56 221.62  22.86  6  2.87 11.56 221.14  21.89  0.18 13.48 303.93   9.12  0.14 16.46 307.32  10.03  0.12 21.32 219.05   7.76  0.09 19.35 308.50   7.83  0.07 11.04 319.25   8.44
19971203 210000 13.9 202.5  3.22 11.37 220.69  23.43  6  3.21 11.37 220.28  22.62  0.17 13.37 303.51   9.14  0.15 16.28 308.63   9.57  0.15 20.60 219.40   8.00  0.11 19.15 308.25   7.79  0.07 11.01 319.74   8.88
19971204 000000 13.7 206.1  3.37 11.09 219.67  24.91  6  3.36 11.09 219.25  24.16  0.17 13.10 303.82   9.14  0.17 20.44 219.65   7.84  0.17 15.98 308.98   9.19  0.12 19.08 308.20   7.84  0.06 10.98 321.80   7.66
19971204 030000 11.0 180.3  3.30  8.48 218.66  26.43  6  2.73  8.48 213.08  28.46  1.81 10.94 228.67  12.37  0.22 20.14 219.45   8.05  0.18 12.86 306.72  10.20  0.18 15.80 309.12   8.93  0.12 19.02 308.12   7.98
19971204 060000  7.5 171.6  2.91 10.90 221.44  25.25  6  2.76 10.89 220.37  25.05  0.82 14.13 225.28   8.90  0.26 19.47 219.60   8.01  0.18 12.75 306.40  10.54  0.17 15.69 308.20   9.36  0.15 18.65 309.65   7.53
19971204 090000  5.7 170.4  2.58 10.95 224.14  23.41  6  2.37 10.95 222.92  23.20  0.93 14.07 225.85   8.49  0.29 19.19 220.00   7.95  0.18 15.58 308.71   8.97  0.18 12.71 306.97  10.41  0.17 18.10 309.21   7.87
19971204 120000  8.7 195.9  2.40 11.01 225.15  22.47  6  2.19 11.01 223.79  21.59  0.86 13.90 226.54   9.15  0.34 18.96 219.71   8.15  0.19 15.52 309.05   8.90  0.18 17.95 309.31   7.98  0.17 12.68 306.89  10.53
19971204 150000  8.7 206.7  2.35 13.43 225.25  22.34  5  2.30 13.45 224.15  19.92  0.38 18.45 219.88   8.10  0.21 15.50 309.04   8.87  0.19 17.87 309.74   8.30  0.17 12.65 307.31  10.18
19971204 180000 10.1 213.2  2.41 13.35 225.67  22.28  5  2.35 13.36 224.53  19.76  0.41 18.02 220.26   8.08  0.23 17.65 310.27   7.71  0.21 15.33 308.64   9.45  0.16 12.62 307.10  10.37
19971204 210000 11.3 206.2  2.57 13.20 224.41  23.53  4  2.50 13.22 223.24  21.30  0.45 17.93 221.00   7.80  0.33 17.42 309.55   8.49  0.15 12.53 307.49  10.73
19971205 000000 11.8 200.4  2.69 12.72 222.34  25.08  4  2.60 12.74 221.14  23.16  0.55 17.83 220.62   7.73  0.34 16.91 309.66   8.37  0.15 12.43 307.82  10.78
19971205 030000 10.0 196.0  2.70 12.53 221.71  25.70  7  2.14  7.45 216.28  27.14  1.44 12.53 228.59  10.43  0.70 17.56 220.42   7.07  0.29 16.76 310.99   7.83  0.22 14.59 308.49   8.83  0.13 12.11 306.52  10.98  0.06 23.31 311.52   8.33
19971205 060000  0.7 326.4  2.61 16.84 222.87  25.29  5  2.00  7.58 217.66  26.95  1.39 12.46 228.37  10.40  0.85 16.91 220.71   7.06  0.41 16.54 309.82   8.97  0.06 23.23 311.96   8.53
19971205 090000  6.2 193.0  2.44 16.57 225.06  24.05  6  1.74  7.65 220.46  25.58  1.32 12.41 228.73  10.50  1.00 16.59 220.82   7.23  0.41 16.45 310.33   8.65  0.12 11.85 308.18  10.00  0.08 22.93 312.18   8.48
19971205 120000 10.0 183.7  2.38 16.23 223.82  24.95  4  2.04 12.33 221.79  23.03  1.15 16.21 221.12   7.40  0.44 16.35 310.35   8.75  0.10 22.05 311.84   8.37
19971205 150000  7.8 204.3  2.34 15.60 223.69  24.78  6  1.37  7.18 213.89  28.52  1.32 11.93 228.04  11.66  1.27 15.57 221.81   7.90  0.42 16.19 310.69   8.66  0.13 11.96 308.17   9.91  0.11 21.85 311.63   8.40
19971205 180000 11.2 212.3  2.43 15.35 223.95  23.74  4  2.00 11.84 221.54  21.72  1.31 15.33 222.10   7.78  0.44 15.66 310.55   8.93  0.13 21.77 311.89   8.51
19971205 210000 11.2 206.6  2.67 15.10 222.98  24.39  4  1.92  6.55 217.64  25.63  1.79 15.05 224.61   9.58  0.45 15.43 310.84   8.68  0.14 21.62 311.99   8.61
19971206 000000 11.9 190.7  2.81 14.58 220.61  26.35  4  2.15  7.06 214.68  27.39  1.74 14.45 224.24   9.20  0.46 15.34 311.15   8.54  0.17 21.15 312.04   8.50
19971206 030000  9.6 191.7  2.84 14.36 220.24  26.68  4  2.30  7.49 215.61  26.57  1.58 14.26 223.33   8.67  0.46 15.30 311.44   8.56  0.20 20.56 311.89   8.45
19971206 060000  9.1 189.4  2.73 14.22 221.30  26.57  4  2.22  7.80 217.01  25.74  1.50 14.12 223.25   8.72  0.46 15.25 311.71   8.58  0.22 20.42 311.93   8.49
19971206 090000  7.4 177.5  2.62 14.05 222.34  26.43  4  2.14  7.91 218.60  25.14  1.43 13.86 222.69   8.64  0.45 15.14 311.92   8.50  0.24 20.29 312.21   8.47
19971206 120000  7.0 165.4  2.49 13.74 223.86  26.19  4  2.00  7.98 220.56  24.49  1.39 13.58 222.41   8.80  0.43 14.70 312.02   8.39  0.27 20.07 312.22   8.54
19971206 150000  7.7 210.9  2.37 13.43 225.33  25.67  4  1.79  7.95 221.97  23.54  1.47 13.20 222.67   9.49  0.43 14.45 312.07   8.40  0.30 19.51 312.04   8.42
19971206 180000 10.1 212.8  2.45 13.09 224.89  25.68  4  1.83  7.78 221.17  23.32  1.53 12.92 222.62   9.93  0.42 14.37 312.19   8.39  0.34 19.22 311.90   8.38
19971206 210000 11.5 204.4  2.74 13.11 222.93  26.38  3  2.68 12.87 220.26  20.84  0.43 14.34 312.49   8.33  0.37 19.07 311.99   8.41
19971207 000000 12.6 196.7  3.07 13.27 219.57  27.69  3  3.02  7.70 217.27  23.10  0.42 14.32 312.79   8.35  0.40 18.93 312.17   8.42
19971207 030000 11.3 184.4  3.22  8.16 217.83  28.56  4  2.74  8.16 213.29  26.96  1.59 13.19 221.86  10.61  0.43 18.73 312.21   8.33  0.41 14.27 312.84   8.43
19971207 060000  9.9 180.4  3.12 13.35 218.71  28.55  4  2.56  8.38 213.31  27.19  1.68 13.23 222.58  10.68  0.46 18.37 311.90   8.29  0.39 14.15 312.80   8.43
19971207 090000  7.9 177.2  2.97 13.40 221.15  27.67  4  2.32  8.36 215.76  26.53  1.75 13.30 222.77  10.59  0.48 18.04 311.59   8.34  0.37 13.77 312.83   8.39
19971207 120000 10.3 177.1  2.87 13.40 222.38  27.48  4  2.07  8.34 216.19  27.21  1.90 13.32 222.86  10.85  0.50 17.87 311.61   8.40  0.36 13.57 312.99   8.29
19971207 150000  9.0 208.2  2.82 13.37 224.03  26.75  4  1.99  8.20 218.30  25.28  1.89 13.26 223.18  10.64  0.54 17.75 311.89   8.41  0.35 13.50 313.03   8.38
19971207 180000 10.6 210.1  2.94 13.32 224.68  26.28  4  2.12  7.95 219.13  23.81  1.92 13.17 223.86  10.68  0.58 17.64 311.89   8.33  0.35 13.47 313.49   8.51
19971207 210000 11.4 205.9  3.16 13.29 224.03  26.47  4  2.41  7.81 218.73  24.19  1.93 13.17 224.34  10.84  0.61 17.52 311.82   8.37  0.33 13.43 313.41   8.51
19971208 000000  9.9 204.8  3.27 13.25 223.41  26.92  4  2.52  8.16 217.83  25.44  1.97 13.16 224.80  10.55  0.61 17.28 311.49   8.41  0.32 13.39 313.62   8.58
19971208 030000  8.5 195.4  3.21 13.20 223.83  27.06  4  2.51  8.49 217.80  25.11  1.87 13.11 226.16  10.37  0.61 16.88 311.38   8.44  0.30 13.34 313.67   8.48
19971208 060000  5.8 190.2  3.07 13.11 225.40  26.88  4  2.37  8.67 219.15  24.13  1.82 13.08 226.88  10.57  0.63 16.70 311.52   8.48  0.29 13.23 313.57   8.40
19971208 090000  4.3 187.4  2.96 16.34 227.10  26.51  4  2.22  9.09 220.82  22.93  1.82 13.08 227.07  10.40  0.66 16.60 311.74   8.47  0.27 12.92 313.70   8.45
19971208 120000  5.9 182.5  2.88 16.25 228.28  26.32  3  2.79 13.23 224.28  18.14  0.67 16.53 311.68   8.42  0.27 12.75 314.39   8.64
19971208 150000  6.9 229.2  2.77 13.29 229.50  26.15  3  2.68 13.38 225.21  17.32  0.67 16.47 311.67   8.49  0.26 12.67 313.82   8.53
19971208 180000 10.8 198.6  2.77 15.42 228.68  26.79  4  2.68 13.47 224.48  18.53  0.67 16.38 311.60   8.47  0.24 12.59 313.66   8.59  0.07 20.46 305.76   9.53
19971208 210000  8.5 209.4  2.73 15.26 229.19  26.90  4  2.63 13.48 224.96  18.73  0.66 16.21 311.51   8.50  0.23 12.58 314.15   8.28  0.09 20.42 305.12   9.62
19971209 000000  6.1 202.8  2.65 15.11 230.18  27.01  4  2.55 13.44 225.71  18.47  0.66 15.85 311.64   8.52  0.22 12.56 314.10   8.25  0.08 20.40 304.96  10.03
19971209 030000  5.8 202.0  2.55 14.21 230.94  27.15  4  2.45 13.33 226.12  17.93  0.66 15.65 311.72   8.53  0.23 12.57 314.66   8.27  0.08 20.37 305.56  10.30
19971209 060000  4.5 183.8  2.47 14.21 231.38  27.25  3  2.37 13.20 226.26  17.38  0.66 15.55 311.66   8.55  0.22 12.49 315.08   8.71
19971209 090000  3.3 189.8  2.41 13.45 231.76  27.16  3  2.30 13.16 226.44  16.77  0.69 15.48 311.99   8.60  0.12 19.42 307.96   8.90
19971209 120000  4.1 242.7  2.37 13.39 232.00  27.01  4  2.27 13.18 226.56  16.25  0.66 15.42 311.64   8.58  0.17 11.79 316.26   8.26  0.15 19.16 306.51   8.55
19971209 150000  4.3 229.0  2.34 13.44 232.08  26.93  4  2.24 13.22 226.54  15.84  0.65 15.37 311.63   8.62  0.17 11.78 316.06   8.26  0.16 19.09 305.15   9.29
19971209 180000  8.6 230.7  2.35 13.49 232.01  26.89  4  2.25 13.24 226.60  16.10  0.64 15.32 311.78   8.64  0.18 11.84 314.43   8.91  0.17 19.00 305.94  10.16
19971209 210000  4.1 207.9  2.29 13.43 231.84  27.23  3  2.19 13.16 226.27  16.20  0.66 15.25 312.18   8.68  0.17 18.96 306.54  10.20
19971210 000000  3.6 264.8  2.21 13.07 231.87  27.38  3  2.10 12.87 226.05  15.66  0.64 15.11 312.40   8.69  0.18 18.91 306.97   9.05
19971210 030000  4.6 182.2  2.10 12.77 232.11  27.68  3  2.00 12.67 225.91  15.20  0.62 14.72 312.45   8.66  0.21 18.19 308.03   8.82
19971210 060000  5.4 162.4  2.01 12.59 232.19  28.66  3  1.90 12.51 225.47  15.75  0.60 14.52 312.49   8.68  0.24 17.94 307.01   8.27
19971210 090000  3.6 178.7  1.92 12.35 233.15  29.33  5  1.80 12.28 225.65  15.38  0.59 14.44 312.43   8.71  0.24 17.86 305.82   8.69  0.11 20.38 307.75   8.13  0.06 20.28 230.66   8.28
19971210 120000  3.4 181.2  1.84 12.02 234.59  29.99  4  1.71 11.96 226.11  14.59  0.59 14.41 312.42   8.71  0.29 17.82 305.92   8.97  0.08 19.42 230.12   8.04
19971210 150000  3.8 240.8  1.77 11.87 236.15  30.91  4  1.63 11.82 226.56  14.23  0.59 14.39 312.43   8.81  0.32 17.82 306.52   8.95  0.11 19.09 230.04   8.15
19971210 180000  5.3 224.7  1.72 11.77 237.62  31.88  4  1.57 11.72 227.05  14.66  0.60 14.37 312.46   8.90  0.33 18.04 307.10   8.71  0.13 18.95 230.21   8.29
19971210 210000  5.7 209.0  1.67 11.66 238.41  32.82  4  1.51 11.60 226.99  15.22  0.59 14.34 312.54   8.97  0.34 18.59 307.60   8.34  0.17 18.14 229.58   8.26
19971211 000000  2.5 196.9  1.63 11.40 238.91  33.30  5  1.46 11.35 226.96  15.54  0.57 14.26 312.88   8.80  0.28 17.03 307.58   7.67  0.24 19.02 306.66   9.04  0.21 17.85 229.66   8.22
19971211 030000  4.7 198.3  1.59 11.20 239.97  33.51  6  1.42 11.16 227.28  14.99  0.55 13.89 313.08   8.69  0.30 18.59 306.71   8.20  0.27 16.59 306.72   8.47  0.24 17.73 230.13   8.14  0.07 21.90 308.29   6.76
19971211 060000  5.0 164.3  1.58 11.10 240.79  34.47  5  1.38 11.05 227.03  15.86  0.52 13.59 313.27   8.61  0.46 16.80 306.64   8.41  0.28 17.07 229.35   8.27  0.08 21.82 305.42   8.57
19971211 090000  3.9 172.4  1.56 16.75 242.51  35.19  4  1.34 11.00 227.36  15.87  0.52 16.89 306.92   8.49  0.50 13.50 313.19   8.84  0.31 16.70 229.06   8.05
19971211 120000  5.8 203.1  1.55 16.79 244.01  35.59  4  1.31 11.10 227.56  15.28  0.55 17.23 306.92   8.56  0.51 13.47 313.14   8.88  0.36 16.55 230.83   8.94
19971211 150000  4.6 227.6  1.56 13.19 244.84  35.52  5  1.31 11.76 228.13  14.81  0.55 17.40 307.35   9.04  0.51 13.47 312.80   8.75  0.40 15.99 230.26   9.19  0.13 20.43 309.68   5.04
19971211 180000  4.1 240.6  1.60 11.99 244.98  35.12  5  1.34 11.78 228.84  14.57  0.54 17.41 307.39   8.42  0.53 13.48 312.84   9.11  0.41 15.62 228.77   8.69  0.14 20.43 308.25   6.94
19971211 210000  4.6 246.5  1.63 11.83 245.51  35.09  4  1.35 11.67 229.17  14.82  0.59 17.01 307.28   8.60  0.52 13.49 313.19   8.63  0.46 15.49 229.85   8.87
19971212 000000  3.2 346.3  1.65 15.56 246.60  35.33  4  1.34 11.47 229.47  15.15  0.64 16.43 306.92   8.27  0.50 15.20 230.71   9.58  0.50 13.43 313.66   8.64
19971212 030000  3.8 336.5  1.65 15.37 249.45  37.11  6  1.30 11.20 230.48  21.04  0.64 16.31 306.38   8.59  0.54 14.64 229.89   9.45  0.48 13.32 313.87   8.50  0.24 19.17 308.43   6.63  0.21 13.62 264.70   6.71
19971212 060000  4.1   3.1  1.65 14.80 251.56  37.65  6  1.26 11.01 231.42  22.98  0.69 16.29 306.75   8.53  0.58 14.50 230.18   9.37  0.44 12.91 313.91   8.84  0.25 12.79 266.03   6.51  0.25 19.12 308.38   6.92
19971212 090000  2.4 336.2  1.65 14.72 252.68  37.81  7  1.19 10.91 229.40  14.71  0.72 16.29 307.41   9.07  0.63 14.35 230.22   9.77  0.40 12.65 312.82   8.44  0.29  3.48 324.69  30.27  0.26 13.34 267.15   6.42  0.24 19.09 308.41   6.97
19971212 120000  5.8 355.7  1.66 16.18 253.75  39.28  6  0.37  3.73 331.50  31.35  1.16 10.92 228.82  15.36  0.76 16.25 307.14   8.64  0.70 13.96 231.33  10.40  0.40 12.59 314.59   8.17  0.24 11.46 268.45   5.73
19971212 150000  5.6 333.2  1.68 13.59 255.06  40.09  6  0.45  3.82 326.11  28.14  1.15 10.90 228.59  15.68  0.77 16.04 307.39   8.47  0.70 13.63 230.31  10.11  0.38 12.52 314.65   8.61  0.24 10.56 269.31   6.32
19971212 180000  6.1 311.3  1.70 13.48 257.53  40.84  6  0.54  3.93 320.43  27.27  1.08 10.89 226.35  13.87  0.77 15.77 307.42   8.09  0.74 13.46 230.49  10.95  0.38 12.54 314.31   9.15  0.35  9.18 267.08   7.41
19971212 210000  5.1 285.5  1.71 13.33 258.88  40.67  6  0.60  3.98 312.79  29.69  1.00 10.77 226.16  14.56  0.83 13.32 230.28   9.96  0.78 15.63 307.21   8.02  0.40 12.62 314.39   8.61  0.32  9.56 268.60   7.37
19971213 000000  3.4 205.7  1.68 12.90 256.81  39.94  6  1.30 12.98 227.95  12.83  0.78 15.56 307.15   8.05  0.51  4.04 312.89  31.65  0.39 12.61 314.34   8.61  0.31  8.73 269.63   7.77  0.06 23.46 312.02   8.27
19971213 030000  4.6 181.4  1.65 12.68 253.69  39.13  6  1.31 12.68 227.76  12.59  0.78 15.54 307.10   8.09  0.43  4.02 304.28  44.60  0.36 12.58 314.06   9.05  0.31  8.65 270.52   8.13  0.09 23.31 312.42   8.32
19971213 060000  6.8 187.8  1.66 12.53 249.39  39.27  7  0.39  3.97 277.32  57.20  1.34 12.52 226.27  14.85  0.79 15.56 307.31   8.23  0.31 12.43 314.16   8.61  0.29  8.79 271.58   8.76  0.11 18.21 220.08   6.36  0.10 23.28 313.59   8.42
19971213 090000  7.0 156.2  1.75 12.43 241.33  41.15  5  0.64  3.57 189.66  36.15  1.38 12.41 229.09  18.45  0.84 15.60 308.19   8.48  0.17 17.89 220.00   6.30  0.10 23.27 314.46   8.59
19971213 120000  5.4 132.4  1.76 12.33 240.26  40.11  6  0.60  4.07 190.82  41.05  1.36 12.31 225.65  12.06  0.83 15.63 308.14   8.38  0.34 16.76 221.08   6.78  0.28  8.43 280.89  21.98  0.12 22.70 313.23   8.35
19971213 150000  4.9 191.6  1.79 15.73 239.13  37.53  4  1.52 12.16 223.70  20.97  0.81 15.60 308.07   8.32  0.45 16.52 222.07   7.72  0.16 21.84 312.15   8.29
19971213 180000 10.9 212.4  2.07 15.48 231.97  34.52  6  1.77 12.11 220.61  20.16  0.76 15.52 307.43   8.10  0.67 15.59 221.77   7.95  0.20  8.20 277.09  10.19  0.20 11.66 315.36   7.78  0.19 21.78 312.51   8.37
19971213 210000 13.2 200.0  2.62 15.20 223.20  32.61  5  2.34 12.14 216.49  24.71  0.88 15.11 221.37   7.74  0.74 15.41 307.40   8.03  0.20 21.76 313.30   8.52  0.19 11.69 314.76   8.36
19971214 000000 10.7 188.4  2.81 14.53 220.87  32.16  5  2.20  6.86 211.46  28.25  1.57 14.33 223.48   9.19  0.72 15.32 307.35   8.00  0.19 21.70 314.11   8.29  0.18 11.69 314.45   8.91
19971214 030000  9.6 178.3  2.73 14.18 222.02  32.26  4  2.10  7.23 212.46  28.31  1.56 13.70 223.24   8.95  0.74 15.23 307.72   8.17  0.23 20.78 313.00   8.28
19971214 060000  8.1 172.0  2.59 13.55 224.39  32.13  4  1.86  7.40 213.68  28.21  1.63 13.26 223.52   9.22  0.73 15.15 307.68   8.18  0.29 20.41 312.03   8.26
19971214 090000  6.8 166.1  2.48 13.02 226.32  31.51  4  1.70  7.54 215.61  27.11  1.62 12.84 223.87   9.38  0.71 15.08 307.64   8.17  0.31 20.37 312.06   8.54
19971214 120000  6.4 167.0  2.40 12.76 227.60  30.31  4  1.74 12.62 225.42  10.54  1.47  7.69 214.64  26.25  0.69 15.02 307.62   8.19  0.30 20.35 312.47   8.74
19971214 150000  7.5 200.9  2.40 12.61 227.83  28.80  3  2.29 12.45 221.89  18.01  0.67 14.97 307.67   8.28  0.28 20.27 312.72   8.18
19971214 180000 14.6 220.0  2.86 12.57 225.61  27.48  3  2.76 12.34 221.44  19.71  0.65 14.90 307.55   8.23  0.33 19.43 312.70   8.29
19971214 210000 11.7 204.2  3.31  8.27 222.64  28.46  4  2.93  8.27 218.01  24.25  1.33 12.39 225.31  10.50  0.63 14.79 307.46   8.44  0.40 19.10 311.88   8.29
19971215 000000 11.9 198.4  3.26  8.62 222.00  29.26  4  2.86  8.62 217.03  25.35  1.36 12.44 225.08  10.33  0.61 14.66 307.41   8.49  0.42 19.06 311.59   8.63
19971215 030000  9.4 183.2  3.12  8.77 221.78  29.46  4  2.86  8.77 217.90  24.84  1.01 12.73 221.81  10.35  0.59 14.56 307.47   8.41  0.40 19.04 311.34   9.10
19971215 060000  8.0 182.9  2.93  8.83 222.29  29.11  4  2.63  8.83 218.22  24.50  1.09 12.42 221.71  10.84  0.59 14.53 307.85   8.38  0.35 19.04 311.66   9.11
19971215 090000  5.7 189.0  2.74  8.96 224.32  28.64  4  2.40  8.96 219.60  22.97  1.13 12.15 223.08  11.92  0.55 14.54 307.46   8.37  0.41 18.54 312.34   8.45
19971215 120000  4.6 187.4  2.56  9.08 226.58  29.02  4  2.03  9.08 219.83  22.32  1.38 11.74 224.76  12.47  0.55 14.56 307.95   8.44  0.47 17.93 311.71   8.36
19971215 150000  4.9 242.2  2.38 11.76 228.74  30.00  4  1.90  9.07 221.75  20.63  1.23 11.72 223.29  12.97  0.54 17.82 310.96   8.66  0.53 14.58 307.94   8.39
19971215 180000  5.6 235.9  2.21 11.78 230.63  31.03  4  1.74  8.95 222.80  19.94  1.13 11.73 222.92  13.12  0.55 14.56 307.63   8.41  0.52 17.83 310.98   8.88
19971215 210000  3.4 224.4  2.05 11.78 231.78  31.89  4  1.57  8.72 223.04  20.03  1.09 11.71 222.87  12.56  0.53 14.49 307.64   8.84  0.52 17.78 310.53   8.81
19971216 000000  5.4 249.7  1.95 11.72 232.44  32.44  3  1.81 11.63 223.03  17.73  0.57 17.67 309.63   9.49  0.46 14.12 308.74   8.34
19971216 030000  3.8 204.8  1.92 11.60 232.66  33.13  3  1.77 11.48 222.58  17.44  0.56 17.24 310.61   9.59  0.48 14.01 308.62   8.00
19971216 060000  4.2 184.9  1.93 11.43 232.72  34.10  3  1.77 11.30 221.67  17.10  0.58 16.83 310.92   9.14  0.51 13.82 308.73   8.33
19971216 090000  4.0 199.5  1.93 11.40 233.18  35.04  3  1.75 11.26 221.01  16.78  0.63 16.74 310.72   8.78  0.50 13.72 308.38   8.77
19971216 120000  4.0 173.0  1.89 16.64 233.91  36.00  3  1.71 11.36 220.55  16.74  0.70 16.66 309.94   8.85  0.42 13.48 308.46   9.07
19971216 150000  5.5 239.7  1.83 16.62 235.38  36.71  3  1.63 11.48 220.85  16.67  0.71 16.63 309.67   9.16  0.42 13.45 308.55   8.88
19971216 180000  6.6 225.7  1.78 16.59 236.86  37.26  4  1.59 11.46 221.67  17.66  0.68 16.60 309.28   9.73  0.46 13.58 309.75   7.92  0.06 17.93 216.57  10.22
19971216 210000  5.9 214.2  1.73 11.39 238.01  38.34  3  1.52 11.27 221.45  18.07  0.73 16.55 309.53   9.17  0.36 13.17 310.59   9.09
19971217 000000  4.3 189.7  1.68 11.18 239.14  39.55  4  1.46 11.11 220.87  18.16  0.83 16.41 310.00   9.10  0.15 16.70 213.18   6.79  0.06 22.26 235.90   7.86
19971217 030000  6.9 192.1  1.66 15.98 239.41  40.85  7  1.40 11.02 219.07  18.15  0.76 16.01 310.40   9.10  0.36 12.72 308.31   9.23  0.21 15.92 212.75   8.01  0.11  9.89 265.49   2.15  0.10 14.30 264.86   6.60  0.09 21.73 235.46   8.05
19971217 060000  8.0 178.4  1.68 15.80 236.68  42.58  8  0.67  3.59 202.88  34.49  1.23 10.95 218.86  12.95  0.76 15.87 309.97   9.26  0.36 12.68 309.57   8.69  0.29 15.63 212.47   7.35  0.15  9.26 264.09   5.19  0.12 20.82 235.16   7.99  0.11 14.24 263.14   8.94
19971217 090000  7.3 181.9  1.69 15.69 235.45  43.38  7  0.74  3.96 201.14  34.69  1.17 10.88 218.93  13.14  0.76 15.78 309.68   9.31  0.41 14.86 211.26   8.57  0.37 12.67 310.01   8.54  0.17  9.24 264.47   6.58  0.15 20.35 235.11   8.00
19971217 120000  5.2 188.1  1.65 15.61 237.07  43.14  6  1.27 10.77 215.26  22.47  0.77 15.75 309.72   9.28  0.58 14.37 212.90   9.51  0.35 12.60 309.12   9.54  0.19 19.50 235.00   8.65  0.17  9.24 265.12   6.60
19971217 150000  6.4 222.6  1.63 15.54 239.17  42.37  8  1.17 10.58 217.20  19.90  0.77 15.77 309.68   9.43  0.68 14.17 212.05   9.26  0.37 12.67 309.69   9.64  0.21 19.07 234.33   8.19  0.18  9.33 264.94   7.02  0.10 13.58 265.24   9.44  0.08 15.53 256.14   9.09
19971217 180000  6.4 222.9  1.66 15.47 238.94  41.58  9  0.64  3.85 220.82  30.05  0.99 10.53 217.67  12.25  0.80 15.81 309.67   9.50  0.73 13.87 211.82   9.38  0.29 12.44 311.10  10.24  0.25 18.26 234.13   8.30  0.19  9.18 266.50   7.00  0.08 13.48 259.65   9.08  0.08 15.17 255.72   7.58
19971217 210000  7.2 208.3  1.69 15.40 237.63  41.50  7  0.69  3.96 219.79  29.43  0.91 10.59 217.42  11.90  0.85 15.80 310.10   9.51  0.83 13.58 211.64   9.29  0.28 17.85 235.54  10.93  0.20  9.06 267.28   7.21  0.10 12.93 263.60   7.78
19971218 000000  5.6 210.3  1.68 15.30 236.69  41.69  7  0.67  4.10 217.02  30.75  0.92 13.42 215.24  11.92  0.87 10.74 215.81  12.00  0.84 15.67 310.10   9.60  0.20  9.02 268.27   7.05  0.11 19.49 311.38   8.04  0.11 12.70 260.98   9.03
19971218 030000  6.3 189.7  1.65 15.11 236.19  41.77  8  0.61  4.16 214.02  31.55  1.23 13.16 214.20  10.82  0.80 15.48 309.78   9.73  0.30 16.77 236.83  10.95  0.21  8.94 269.23   6.88  0.20 11.67 313.47   8.29  0.12 19.31 310.58   8.62  0.09 12.58 263.35   6.70
19971218 060000  7.6 175.7  1.66 15.01 233.56  42.55  8  0.67  3.90 202.86  32.98  1.25 12.88 215.52  11.94  0.76 15.33 309.71   9.85  0.28 11.88 310.50   9.86  0.22  8.83 268.92   6.69  0.09 21.30 309.11   9.36  0.09 12.55 261.57   9.82  0.07 18.99 315.00   0.02
19971218 090000  7.7 180.4  1.66 14.89 231.77  43.09  5  0.75  3.94 198.83  32.32  1.23 12.68 215.98  12.34  0.76 15.23 309.84   9.72  0.26 11.78 309.76  10.44  0.22  8.71 269.30   6.67
19971218 120000  7.9 179.1  1.64 14.71 232.39  43.43  6  0.76  4.05 199.13  31.84  1.19 12.58 216.34  12.49  0.74 15.15 309.56   9.85  0.28 11.86 311.18   8.99  0.23  8.61 269.80   6.80  0.14 17.79 316.37   3.51
19971218 150000  8.9 206.9  1.67 14.51 232.33  42.25 10  0.88  4.21 206.16  28.66  1.14 12.54 216.48  12.26  0.72 15.09 309.72   9.87  0.25 11.77 310.53   9.76  0.23  8.49 269.74   7.10  0.19 17.87 314.05   7.32  0.14 20.34 307.33  10.19  0.10 16.59 235.00   0.00  0.08 11.79 267.37   8.92  0.05 20.60 220.53   6.36
19971218 180000  7.6 209.6  1.72 14.31 233.33  40.77 10  1.02  4.65 214.16  28.16  1.09 12.92 216.84  12.38  0.72 15.00 309.28   9.87  0.23  8.32 269.80   7.68  0.22 17.75 314.42   7.01  0.17 11.83 317.76   6.18  0.16 16.66 231.91   6.10  0.14 20.30 307.49  10.74  0.09 11.72 264.30  10.03  0.08 20.04 218.70   7.00
19971218 210000  7.8 205.6  1.66 14.03 235.09  41.53  8  0.96  4.81 213.75  28.69  0.87 11.63 213.07  10.13  0.76 14.79 310.05  10.07  0.56 13.38 225.69  11.86  0.27 15.86 232.80   9.07  0.24  8.22 269.65   7.30  0.22 19.18 309.22   8.95  0.08 11.74 262.06   8.45
19971219 000000  8.3 202.8  1.66 13.98 234.13  41.75  6  1.01  4.85 211.25  27.68  0.98 12.82 217.39  12.68  0.78 14.63 309.99  10.06  0.29 15.61 233.60   8.73  0.27  8.18 269.17   7.63  0.09 19.39 219.60   8.10
19971219 030000  5.9 188.0  1.59 14.30 236.15  42.41  7  0.93  5.01 210.70  28.48  0.94 12.55 217.60  12.98  0.74 14.51 309.96  10.31  0.31 15.50 234.69   7.67  0.29  9.17 268.62   8.20  0.20 19.12 310.23   7.32  0.10 19.47 220.15   8.32
19971219 060000  5.4 203.0  1.53 14.35 238.49  42.15  9  0.85  5.18 211.75  27.51  0.90 12.44 217.62  13.40  0.68 14.42 309.86  10.41  0.36 14.84 233.89   8.92  0.31  9.10 268.83   8.28  0.26 18.89 306.39   9.57  0.16 16.59 315.00   0.02  0.15 10.94 316.22   7.29  0.12 19.06 220.60   7.98
19971219 090000  4.9 206.3  1.50 14.33 240.33  41.51 10  0.80  5.38 213.39  25.75  0.68 10.87 212.40  10.23  0.64 14.36 309.87  10.71  0.55 12.65 227.02  13.78  0.38 14.60 233.40   9.71  0.34  9.04 268.36   8.22  0.29 18.58 307.08   9.38  0.21 16.59 310.76   4.94  0.15 10.92 316.22   7.25  0.14 18.50 221.07   8.05
19971219 120000  5.3 210.3  1.51 14.24 241.31  40.93  9  0.78  5.78 214.81  24.28  0.73 10.95 213.00  10.51  0.63 14.32 309.53  10.61  0.52 12.88 229.58  13.60  0.38 17.44 308.93   8.93  0.37  8.98 267.85   8.12  0.36 14.57 232.71  10.49  0.16 18.58 222.08   8.35  0.16 10.90 316.32   7.31
19971219 150000  2.7 228.3  1.52 13.76 242.30  40.42  7  0.77  6.28 215.55  22.83  0.75 10.92 214.06  11.03  0.65 14.30 309.98  10.68  0.63 13.20 231.07  12.40  0.40 17.64 308.23   8.67  0.39  8.91 267.15   8.00  0.17 18.90 222.67   8.52
19971219 180000  4.9 246.6  1.54 13.48 242.98  39.77  6  1.05 10.20 215.72  18.55  0.69 13.17 230.56  12.34  0.65 14.28 310.27  10.48  0.40 17.66 307.50   9.02  0.40  8.82 267.75   7.49  0.21 18.78 222.50   8.71
19971219 210000  6.3 222.0  1.57 13.22 242.28  39.09  7  1.08 10.16 216.51  18.99  0.70 12.79 230.81  12.21  0.52 13.47 310.06  10.41  0.42 15.21 311.91   8.97  0.41  8.70 267.94   7.60  0.37 17.76 304.64  10.10  0.23 18.55 223.00   8.97
19971220 000000  3.9 191.3  1.57 12.83 241.69  39.00  7  1.08 10.10 215.71  18.93  0.70 12.61 230.94  11.94  0.58 14.02 310.42  11.06  0.45 17.41 305.53   8.85  0.41  8.54 268.10   7.71  0.28 18.12 224.64   8.91  0.18 15.51 315.00   0.02
19971220 030000  5.7 177.1  1.57 12.66 241.19  39.24  6  1.09 10.07 214.81  18.80  0.66 12.51 231.68  11.73  0.55 13.78 310.82  10.22  0.52 16.63 306.15   9.94  0.40  8.43 268.50   7.78  0.32 17.96 224.94   9.28
19971220 060000  5.3 180.2  1.59 12.47 240.50  39.11  6  1.08  9.54 214.18  18.64  0.70 12.29 230.96  11.90  0.60 16.54 306.46   8.73  0.47 13.29 311.36  11.85  0.39  8.33 269.15   7.76  0.35 17.79 225.45   9.10
19971220 090000  3.2 220.7  1.60 16.59 240.37  38.36  5  1.11  9.59 215.91  17.65  0.77 16.51 308.15  10.46  0.66 12.02 230.14  11.70  0.42 17.50 225.97   9.23  0.37  8.24 269.51   7.58
19971220 120000  3.0 221.0  1.61 16.58 239.79  37.53  6  1.07  9.51 215.84  16.17  0.72 11.78 229.33  12.25  0.54 14.03 311.27  10.48  0.54 16.49 304.78   9.53  0.48 16.96 225.97   9.58  0.35  8.08 270.01   7.45
19971220 150000  4.6 235.2  1.64 16.51 238.45  36.63  5  1.06  9.43 215.91  16.02  0.81 11.68 227.14  11.80  0.76 16.43 307.79  10.51  0.50 16.70 227.03   9.59  0.33  7.91 270.19   7.71
19971220 180000  3.9 233.6  1.72 16.30 236.38  35.47  5  1.12  9.44 216.32  16.38  0.86 11.56 226.26  11.53  0.76 16.20 307.38  10.51  0.54 16.43 227.40   9.71  0.31  7.81 270.56   7.74
19971220 210000  5.9 226.2  1.78 15.77 234.81  34.74  5  1.18  9.44 216.11  16.05  0.90 11.29 225.80  11.48  0.76 15.73 307.09  10.48  0.55 15.86 227.47  10.28  0.28  7.71 271.22   7.61
19971221 000000  3.1 199.5  1.80 15.61 234.33  34.70  5  1.18  9.41 216.03  16.07  0.89 11.04 224.80  12.02  0.77 15.61 306.93  10.42  0.63 15.60 227.31  10.78  0.25  7.55 271.78   7.55
19971221 030000  3.3 176.3  1.83 15.51 233.47  33.95  5  1.20  9.40 216.06  15.03  0.93 10.95 224.70  11.88  0.77 15.57 306.84  10.50  0.65 15.40 227.00  11.12  0.22  7.38 272.91   6.70
19971221 060000  2.0  85.8  1.88 15.36 232.18  33.10  5  1.27  9.42 217.10  14.40  0.91 10.99 223.14  11.68  0.77 15.56 306.82  10.63  0.68 14.81 226.14  11.93  0.19  7.28 273.14   6.76
19971221 090000  5.7 357.2  1.88 10.82 232.61  35.27  6  1.29  9.41 217.01  23.05  0.88 10.91 224.79  11.05  0.70 15.58 305.23  10.34  0.69 14.58 225.83  12.14  0.30 11.63 315.86   8.55  0.17  7.18 280.45  31.96
19971221 120000  8.1   5.5  1.91 14.75 236.35  42.35  6  0.54  3.12 355.82  29.52  1.50 10.39 218.21  13.44  0.72 14.42 226.98  11.95  0.70 15.61 305.14  10.49  0.30 11.60 316.14   8.48  0.13  6.98 273.96   7.06
19971221 150000  7.0 337.9  1.97 10.38 239.69  44.40  5  0.69  3.83 342.82  29.41  1.51 10.27 218.39  13.59  0.76 15.70 306.93  11.04  0.73 14.07 226.57  12.14  0.10  6.84 274.25   6.94
19971221 180000  7.2 298.9  2.01 10.34 242.00  44.04  4  0.78  4.37 327.06  30.77  1.52 10.27 218.34  13.74  0.76 16.08 307.01  11.20  0.71 13.72 226.96  11.82
19971221 210000  5.0 330.9  1.99 10.34 244.18  45.40  4  0.82  4.81 327.87  29.15  1.51 10.27 218.15  13.78  0.76 16.10 307.13  11.30  0.66 13.71 228.15  10.81
19971222 000000  4.8 325.2  1.96 10.34 246.67  46.63  5  0.85  5.08 328.21  28.01  1.44 10.27 217.81  13.62  0.71 15.66 305.51  10.66  0.67 13.54 228.03  11.27  0.26 10.90 319.67   9.19
19971222 030000  1.4 308.1  1.89 10.30 247.42  46.87  5  1.41 10.23 217.90  13.56  0.82  5.22 328.73  27.66  0.69 15.49 304.87   9.98  0.61 13.68 229.58  11.24  0.28 10.93 321.89   9.87
19971222 060000  2.9 155.5  1.81 10.22 245.84  45.91  4  1.48 10.12 220.00  14.12  0.74  5.22 329.45  28.39  0.67 15.43 304.26   9.64  0.30 10.98 322.72   9.41
19971222 090000  4.5 181.9  1.73 10.06 242.66  44.24  4  1.43  9.93 219.69  14.70  0.72 15.38 307.28  11.83  0.62  5.11 328.92  34.52  0.18 18.50 248.39   8.02
19971222 120000  6.4 180.9  1.67 15.16 238.66  43.05  6  0.37  2.62 184.65  32.52  1.36  9.78 219.93  14.32  0.64 15.34 303.74   9.08  0.48  4.93 332.11  22.80  0.30 10.86 324.03   9.05  0.24 17.87 246.85   8.51
19971222 150000  6.7 208.2  1.62 15.19 236.52  41.24  7  1.28  9.66 215.43  19.03  0.62 15.29 303.62   9.02  0.53 13.16 230.86  11.71  0.37  4.80 333.10  20.30  0.30 10.73 323.70   9.06  0.29 17.67 247.46   7.32  0.08 20.47 225.78   7.74
19971222 180000 10.3 210.9  1.77 15.21 231.50  37.36  6  1.48  9.56 216.82  21.40  0.67 15.23 307.26  11.88  0.55 12.87 229.73  14.64  0.31 17.14 247.55   7.68  0.27  4.63 333.37  17.84  0.10 20.36 226.02   7.95
19971222 210000 12.1 206.2  2.13 15.26 223.13  33.74  7  1.93  5.58 214.45  23.68  0.60 15.12 303.94   9.11  0.48 12.85 232.26  15.00  0.35 16.72 247.29   7.41  0.26 10.59 325.04   9.13  0.15  4.58 334.12  15.05  0.14 19.95 226.21   8.08
19971223 000000 11.1 214.9  2.37  6.55 219.59  31.91  6  2.20  6.55 212.98  24.54  0.57 14.90 303.94   9.07  0.47 12.56 236.09  12.06  0.39 16.53 246.62   8.28  0.24 10.67 325.33   9.23  0.18 19.12 226.11   7.86
19971223 030000  8.6 187.8  2.38  7.36 218.81  31.86  6  2.21  7.36 212.49  25.15  0.54 14.71 303.95   9.01  0.45 12.42 236.49  12.96  0.41 16.03 246.52   8.29  0.23 10.76 324.94   9.39  0.21 19.03 226.44   8.07
19971223 060000  5.4 174.5  2.25  7.77 220.44  31.42  7  2.07  7.77 213.72  24.54  0.53 14.59 304.20   9.06  0.44 15.55 246.44   7.96  0.30 12.21 246.58   8.28  0.28 12.32 225.60   7.05  0.28 18.58 227.31   8.28  0.22 10.76 325.70   9.28
19971223 090000  3.0 153.3  2.11  8.05 223.29  30.38  6  1.91  8.04 215.91  23.11  0.51 14.50 304.40   9.03  0.47 15.40 245.26   8.43  0.44 12.10 239.03  12.50  0.31 17.86 226.17   8.37  0.20 10.73 325.99   9.23
19971223 120000  5.6 171.1  2.01 14.60 225.53  29.50  5  1.85  8.48 219.14  22.25  0.49 14.43 304.57   8.97  0.49 14.87 244.03   9.37  0.33 17.80 226.10   8.18  0.19 10.40 326.32   9.17
19971223 150000  6.9 221.6  1.93 14.45 227.25  28.61  5  1.74  8.78 220.53  21.38  0.52 14.46 245.22   7.99  0.48 14.37 304.65   8.97  0.40 17.46 226.91   8.51  0.18 10.22 326.70   8.96
19971223 180000 10.0 219.2  2.05 14.32 226.56  27.52  5  1.86  8.83 220.80  21.75  0.58 14.33 243.10   9.43  0.46 14.33 304.75   8.97  0.42 16.72 226.31   8.29  0.17 10.15 327.33   8.48
19971223 210000 10.0 208.5  2.28 13.94 224.18  27.36  5  2.09  8.23 219.21  23.19  0.64 13.74 242.75   9.62  0.47 16.62 226.60   8.45  0.44 14.28 304.90   8.97  0.16 10.11 327.49   8.47
19971224 000000  8.1 209.1  2.36 13.60 222.92  27.82  5  2.17  7.88 218.28  24.52  0.63 13.47 243.41   8.18  0.51 16.46 226.13   8.87  0.42 14.20 305.11   8.98  0.14 10.05 327.64   8.49
19971224 030000  7.0 200.4  2.27 13.44 223.30  27.79  5  2.05  7.96 218.13  24.76  0.69 13.34 241.88  10.32  0.53 15.73 227.24   8.63  0.40 14.06 305.36   9.03  0.13  9.88 327.80   8.44
19971224 060000  5.7 356.1  2.10 15.47 225.35  27.44  5  1.83  7.99 219.67  24.96  0.74 12.83 240.35  10.80  0.57 15.59 227.16   8.97  0.38 13.76 305.48   9.13  0.13  9.74 327.96   8.36
19971224 090000  2.0 261.8  1.94 15.41 227.21  26.50  5  1.65  8.08 221.03  24.09  0.70 12.63 242.04  10.09  0.65 15.46 227.77   9.28  0.36 13.59 305.52   9.17  0.12  9.64 328.72   7.76
19971224 120000  6.5 182.1  1.85 12.65 227.55  26.31  5  1.52  8.13 220.74  24.17  0.70 12.50 241.84   9.34  0.69 15.24 228.11   9.40  0.35 13.51 305.53   9.04  0.11  9.59 328.79   7.79
19971224 150000  7.2 206.3  1.79 14.54 226.89  26.93  6  1.43  8.03 218.39  25.00  0.73 14.67 229.48   9.09  0.71 12.30 241.55  10.69  0.34 13.48 305.67   8.93  0.10  9.54 328.88   7.76  0.07 20.48 218.75   7.61
19971224 180000  9.4 217.9  1.80 14.42 227.83  26.41  7  1.39  7.85 219.15  25.17  0.82 14.51 229.35   9.75  0.69 11.86 243.42   7.68  0.34 13.46 306.02   8.99  0.10  9.48 328.96   7.78  0.08 20.39 218.60   7.57  0.05 20.13 313.54   8.74
19971224 210000  9.1 209.5  1.83 14.33 227.52  26.65  7  1.42  7.46 218.76  26.11  0.83 14.42 230.86   9.27  0.73 11.82 240.62  11.20  0.33 13.44 306.41   9.10  0.09 20.06 219.42   7.45  0.09  9.36 329.60   7.13  0.06 19.80 313.76   8.69
19971225 000000  9.7 199.1  1.84 14.02 225.80  27.54  7  1.41  5.57 215.50  27.27  0.89 14.22 232.44   9.24  0.69 11.68 240.33  11.74  0.31 13.41 306.75   9.20  0.11 19.46 219.57   7.57  0.09  9.27 329.62   7.14  0.07 19.18 313.34   9.18
19971225 030000  8.7 191.1  1.89 13.64 223.04  28.33  6  1.48  5.86 211.99  27.88  1.14 13.71 235.51  10.80  0.29 13.34 306.94   9.28  0.13 19.24 219.61   7.50  0.09 19.00 313.25   8.94  0.08  9.21 329.62   7.19
19971225 060000  8.5 187.8  1.89 13.52 223.08  27.92  6  1.48  6.24 212.50  27.91  1.13 13.56 235.43  10.44  0.27 13.12 307.05   9.23  0.15 19.03 219.55   7.48  0.10 18.89 313.22   8.77  0.07  9.16 329.71   7.20
19971225 090000  6.4 195.0  1.84 13.40 224.66  26.80  6  1.41  6.44 214.29  27.33  1.14 13.44 235.55  10.24  0.25 12.77 307.15   9.17  0.17 18.69 220.23   7.99  0.11 18.74 313.27   8.83  0.07  9.10 329.64   7.20
19971225 120000  5.3 199.5  1.77 13.22 226.97  25.28  5  1.31  6.59 216.92  26.20  1.15 13.29 235.74  10.11  0.25 12.67 309.00  10.61  0.19 18.27 219.99   7.77  0.12 18.20 313.42   8.83
19971225 150000  6.9 214.7  1.73 12.99 228.81  24.21  5  1.24  6.82 219.25  25.18  1.15 13.13 235.76  10.04  0.24 12.64 309.51  10.47  0.21 18.15 220.52   8.30  0.15 17.87 313.57   8.74
19971225 180000  6.3 213.8  1.71 12.79 229.67  24.15  5  1.23  6.99 220.99  24.89  1.12 12.85 235.79   9.95  0.25 17.90 221.14   8.37  0.24 12.62 309.97  10.26  0.17 17.76 313.48   8.66
19971225 210000  6.7 204.0  1.69 12.65 229.97  24.25  5  1.18  7.06 220.78  25.02  1.13 12.66 235.49  10.27  0.28 17.52 221.46   8.42  0.23 12.61 310.40  10.15  0.19 17.68 313.08   8.83
19971226 000000  2.4 209.0  1.66 12.57 229.73  24.59  5  1.13 12.57 235.07  10.81  1.12  7.03 219.84  25.48  0.32 17.35 222.14   8.41  0.23 12.59 310.75  10.11  0.21 17.51 312.79   8.87
19971226 030000  6.5 190.3  1.59 12.51 230.27  24.25  5  0.98  6.88 219.71  26.03  1.14 12.50 234.07  11.14  0.40 16.99 222.69   8.44  0.22 16.94 312.88   8.80  0.21 12.57 310.94  10.17
19971226 060000  7.6 179.5  1.57 12.40 228.48  26.03  4  1.46 12.39 226.17  22.23  0.49 16.57 223.90   8.74  0.25 16.72 313.08   8.74  0.20 12.51 311.08  10.23
19971226 090000  5.9 182.8  1.55 12.10 229.04  25.99  4  1.40 12.09 226.60  22.01  0.60 16.01 223.97   8.42  0.27 16.63 313.19   8.66  0.18 12.32 311.16  10.27
19971226 120000  5.1 193.3  1.57 11.89 229.48  24.90  4  1.34 11.88 227.25  20.80  0.74 15.60 224.10   8.71  0.29 16.56 312.92   8.69  0.18 11.96 311.27  10.29
19971226 150000  8.2 206.3  1.68 15.46 228.15  23.79  4  1.37 11.80 226.10  20.30  0.91 15.36 223.81   8.40  0.31 16.41 312.36   8.77  0.17 11.86 311.57  10.26
19971226 180000  8.9 214.2  1.89 15.13 226.98  22.77  6  0.89  4.13 216.59  28.08  1.16 11.70 230.22  12.52  1.14 14.90 223.39   8.45  0.32 15.91 312.02   8.95  0.17 11.83 311.99  10.02  0.07 22.03 308.51   8.58
19971226 210000  8.6 199.6  2.08 14.68 225.58  22.52  5  0.96  4.51 214.74  29.07  1.80 14.55 225.62  10.98  0.34 15.69 312.18   8.91  0.17 11.81 312.23   9.82  0.09 21.82 308.28   8.38
19971227 000000  8.8 199.1  2.26 14.45 224.33  22.16  5  1.00  4.65 211.42  29.42  1.98 14.37 224.78  10.77  0.35 15.61 312.33   8.95  0.17 11.80 312.42   9.75  0.10 21.76 309.04   8.54
19971227 030000 10.4 186.2  2.44 14.17 222.29  23.19  5  1.18  4.85 206.66  30.30  2.10 14.11 224.31  10.56  0.37 15.55 312.40   8.81  0.16 11.79 312.50   9.70  0.11 21.70 309.75   8.75
19971227 060000  8.7 189.9  2.56 13.71 221.42  23.90  5  1.33  5.36 206.59  30.96  2.14 13.65 224.10  10.34  0.38 15.46 312.20   8.76  0.15 11.78 312.44   9.59  0.12 21.32 309.32   8.74
19971227 090000  9.7 188.2  2.58 13.51 221.86  23.72  4  2.54 13.46 220.08  19.56  0.38 15.32 311.97   8.79  0.16 20.47 308.47   8.52  0.13 11.74 312.20   9.49
19971227 120000 10.8 184.5  2.68 13.45 220.56  24.55  4  2.64 13.39 218.77  20.52  0.39 15.06 311.77   9.04  0.19 20.37 308.50   8.43  0.12 11.59 312.49   9.25
19971227 150000 10.7 198.1  2.80 13.44 220.45  23.84  4  2.77 13.36 218.79  19.94  0.40 14.79 311.78   9.17  0.19 20.35 308.88   8.67  0.11 11.23 312.75   9.23
19971227 180000 13.4 208.3  3.10 13.25 220.56  22.83  4  3.07 13.19 219.21  19.52  0.40 14.65 311.84   9.11  0.20 20.24 309.70   8.98  0.10 11.10 313.37   8.84
19971227 210000 13.7 203.9  3.48 12.89 219.56  23.62  4  3.45 12.85 218.41  20.94  0.40 14.56 312.07   8.99  0.23 19.49 309.06   8.75  0.10 11.07 313.44   8.87
19971228 000000 13.5 198.4  3.62 12.64 217.99  25.02  4  3.58 12.61 216.76  22.32  0.41 14.51 312.12   9.02  0.28 19.08 308.40   8.50  0.10 11.06 313.55   8.86
19971228 030000 12.3 190.4  3.53 12.38 217.02  26.37  4  3.49 12.36 215.60  23.42  0.42 14.49 312.17   9.03  0.31 19.02 308.19   8.81  0.09 11.05 313.63   8.78
19971228 060000 10.3 182.5  3.20 12.05 217.95  27.12  5  2.50  8.37 211.56  27.73  1.92 12.05 223.40  11.13  0.42 14.46 312.10   9.12  0.30 19.00 308.47   9.02  0.09 11.03 313.50   8.92
19971228 090000  8.8 178.5  2.83 11.95 219.37  27.41  5  2.09  8.12 211.94  28.32  1.84 11.93 223.50  11.87  0.42 14.27 311.69   9.21  0.28 18.90 309.60   9.44  0.08 11.01 313.79   8.90
19971228 120000  9.5 182.9  2.58 11.95 220.18  27.87  5  1.87  7.89 213.81  28.37  1.69 11.92 221.65  11.70  0.41 13.78 311.74   9.33  0.31 18.10 309.42   9.06  0.07 10.98 313.70   8.91
19971228 150000  9.1 202.3  2.48 12.05 220.42  28.20  5  1.64  7.53 212.89  28.23  1.77 11.97 220.37  12.90  0.41 13.65 312.32   9.24  0.38 17.82 308.31   8.99  0.07 10.92 313.59   9.00
19971228 180000 12.4 218.9  2.68 12.02 221.36  26.95  4  2.62 11.92 218.31  20.75  0.42 17.76 307.93   9.13  0.41 13.59 312.90   9.09  0.09 17.84 229.70   6.74
19971228 210000 11.6 203.3  2.88 11.93 220.36  27.08  4  2.81 11.83 217.73  21.90  0.41 13.58 312.78   9.30  0.41 17.74 308.09   9.18  0.13 16.98 234.89   7.51
19971229 000000  8.4 204.3  2.74 11.90 219.67  27.62  6  2.03  7.30 217.07  27.76  1.75 11.77 216.89  12.01  0.39 17.67 308.93   9.80  0.39 13.59 312.19   8.90  0.16 16.74 229.80   6.80  0.06 10.33 315.15   9.07
19971229 030000  9.0 193.9  2.53 12.00 219.92  27.90  5  2.47 11.78 216.85  21.82  0.40 13.61 311.87   9.43  0.38 17.30 308.86   9.29  0.06 23.61 294.89  10.34  0.06 10.32 314.85   9.49
19971229 060000  8.9 191.5  2.38 12.10 220.69  28.93  4  2.31 11.83 216.73  21.32  0.43 16.68 308.27   9.11  0.40 14.03 312.29   9.34  0.08 23.40 294.81  10.61
19971229 090000  7.9 188.9  2.27 12.09 221.86  30.09  5  2.18 11.84 216.88  20.93  0.48 16.62 307.17   9.91  0.30 12.72 314.78   8.71  0.25 14.45 312.62   4.26  0.08 23.35 294.88  11.04
19971229 120000  6.2 184.6  2.15 12.02 223.29  30.40  4  2.05 11.82 217.67  20.19  0.53 16.56 307.94   9.66  0.33 12.80 314.49   8.42  0.09 23.30 295.42  11.31
19971229 150000  7.3 215.7  2.04 11.92 224.56  29.82  5  1.87 11.76 217.99  19.38  0.52 14.53 228.38   8.32  0.50 16.53 307.72   9.90  0.32 12.74 314.40   8.51  0.10 23.00 296.17  11.15
19971229 180000  9.8 214.7  2.06 11.84 224.71  28.84  4  1.97 11.71 219.51  18.99  0.47 16.47 307.42  10.04  0.32 12.71 314.17   8.44  0.13 22.03 296.55  11.08
19971229 210000  9.7 205.9  2.15 11.78 223.85  29.27  5  1.38  5.45 220.11  27.61  1.54 11.67 218.23  12.28  0.46 16.23 307.56   9.90  0.33 12.71 313.03   9.16  0.16 21.87 296.56  11.17
19971230 000000  7.8 208.0  2.11 11.75 224.03  30.73  5  1.36  5.82 218.93  28.63  1.48 11.64 218.07  11.96  0.49 15.68 307.37   9.73  0.33 12.79 313.42   8.83  0.17 21.82 296.89  11.61
19971230 030000  7.0 195.9  2.04 11.76 224.56  31.72  5  1.29  6.11 218.26  28.48  1.45 11.64 217.89  12.10  0.53 15.55 307.34   9.83  0.31 12.46 314.53   7.87  0.17 21.75 297.54  12.07
19971230 060000  6.3 187.2  1.99 11.82 224.67  32.04  4  1.25  6.31 217.72  27.76  1.41 11.71 217.53  11.65  0.62 15.50 308.93  10.03  0.19 21.35 297.72  12.03
19971230 090000  5.6 193.6  1.95 11.88 224.95  31.64  5  1.15  6.52 217.67  27.08  1.44 11.80 217.59  11.73  0.55 15.47 307.69  10.16  0.24 11.89 314.37   8.62  0.24 20.55 297.55  11.75
19971230 120000  6.0 204.0  1.94 11.91 224.96  31.01  4  1.82 11.86 217.57  17.91  0.53 15.43 307.38  10.41  0.27 20.43 297.46  11.68  0.24 11.85 314.47   8.52
19971230 150000  6.2 227.0  1.94 11.96 224.93  30.46  4  1.82 11.94 217.60  16.88  0.53 15.36 307.34  10.46  0.29 20.38 297.99  12.01  0.24 11.83 314.51   8.52
19971230 180000  6.7 228.2  1.97 12.16 225.22  30.38  5  1.60 11.59 218.86  18.51  0.94 13.56 215.30  10.26  0.55 15.18 308.21  10.72  0.30 20.30 298.63  12.12  0.20 11.63 312.63   7.37
19971230 210000  6.5 219.5  1.98 12.44 225.26  30.88  4  1.86 12.42 217.52  16.70  0.55 14.78 307.85  10.47  0.32 19.92 298.91  12.22  0.22 11.67 314.63   8.23
19971231 000000  5.8 227.2  1.95 12.37 225.41  31.51  3  1.83 12.36 217.00  16.41  0.59 14.61 308.76  10.51  0.36 19.24 298.14  12.24
19971231 030000  5.6 192.2  1.91 12.16 225.96  32.20  4  1.77 12.15 216.73  16.12  0.54 14.53 307.64  10.55  0.41 19.11 297.80  12.45  0.23 11.63 315.01   8.48
19971231 060000  6.4 188.1  1.87 11.98 226.25  32.84  3  1.73 11.96 216.45  16.25  0.57 14.47 308.74  10.69  0.43 19.06 298.21  12.57
19971231 090000  5.1 191.9  1.83 11.87 227.04  33.52  3  1.69 11.85 216.58  16.39  0.57 14.42 308.81  10.83  0.45 18.99 299.11  12.50
19971231 120000  7.0 196.8  1.82 11.76 227.70  34.35  3  1.66 11.74 216.47  16.70  0.56 14.37 308.91  10.93  0.47 18.83 299.71  12.23
19971231 150000  7.8 201.5  1.82 11.60 227.62  35.26  4  0.62  3.66 205.95  31.52  1.54 11.59 217.27  13.82  0.56 14.30 308.98  11.01  0.50 18.29 299.74  12.51
19971231 180000 10.0 204.6  1.93 11.36 226.38  34.83  3  1.78 11.34 215.93  19.78  0.55 14.22 309.08  11.12  0.52 17.97 298.92  13.02
19971231 210000 10.8 201.7  2.09 11.18 222.99  34.43  3  1.96 11.16 214.31  21.91  0.53 17.86 298.20  13.31  0.53 14.07 309.33  11.23
19980101 000000 11.3 198.1  2.23 17.79 220.69  34.07  4  2.09 11.04 213.10  23.20  0.55 17.80 298.14  13.17  0.50 13.81 309.71  11.30  0.26 13.66 215.05   6.12
