Date     Time   Uabs UDir  hs    tp    th     sp     np hs(i) tp(i) th(i)  sp(i)
19980701 000000  8.8 189.7  3.39 15.96 227.28  14.90  1  3.39 15.96 227.28  14.90
19980701 030000  9.0 178.8  3.23 15.73 226.11  16.82  1  3.23 15.73 226.11  16.82
19980701 060000  9.0 167.4  3.05 15.43 225.15  18.63  1  3.05 15.43 225.15  18.63
19980701 090000  7.1 157.8  2.85 15.26 224.98  19.05  1  2.85 15.26 224.98  19.05
19980701 120000  6.1 149.1  2.63 15.17 225.41  18.38  1  2.63 15.17 225.41  18.38
19980701 150000  4.9 176.5  2.44 15.10 225.70  17.34  1  2.44 15.10 225.70  17.34
19980701 180000  8.7 198.1  2.38 15.04 224.89  16.56  1  2.38 15.04 224.89  16.56
19980701 210000  9.6 195.1  2.54 14.71 222.73  17.72  2  1.09  4.61 206.93  28.54  2.30 14.71 225.86  11.98
19980702 000000 10.4 183.7  2.72 14.42 221.33  18.99  2  1.23  4.94 205.15  31.07  2.42 14.42 224.90  11.68
19980702 030000  8.8 172.6  2.79 14.26 221.29  19.57  2  1.20  5.13 202.77  33.41  2.52 14.26 224.82  11.77
19980702 060000 10.2 168.9  2.82 14.21 220.31  21.51  2  1.22  4.92 194.49  34.66  2.54 14.21 225.12  12.08
19980702 090000  8.0 160.5  2.77 14.16 221.17  21.10  1  2.77 14.16 221.17  21.10
19980702 120000  9.0 169.3  2.72 14.10 221.51  21.20  1  2.72 14.10 221.51  21.20
19980702 150000  3.1 154.1  2.63 14.00 223.46  18.98  1  2.63 14.00 223.46  18.98
19980702 180000  8.5 209.4  2.57 13.84 224.93  16.78  2  0.65  4.05 196.33  32.20  2.48 13.84 226.57  13.40
19980702 210000  7.3 208.3  2.53 13.73 225.32  16.98  1  2.53 13.73 225.32  16.98
19980703 000000  6.5 204.2  2.44 13.71 225.98  16.55  1  2.44 13.71 225.98  16.55
19980703 030000  1.6 129.9  2.38 13.74 226.15  15.98  1  2.38 13.74 226.15  15.98
19980703 060000  1.2 179.2  2.34 13.75 226.08  15.50  1  2.34 13.75 226.08  15.50
19980703 090000  3.5 199.8  2.31 13.82 226.13  15.45  1  2.31 13.82 226.13  15.45
19980703 120000  5.1 124.0  2.35 14.05 226.40  15.67  1  2.35 14.05 226.40  15.67
19980703 150000  0.2 170.4  2.52 14.03 226.57  15.49  1  2.52 14.03 226.57  15.49
19980703 180000  5.2 227.2  2.80 13.83 226.70  15.27  1  2.80 13.83 226.70  15.27
19980703 210000  6.2 196.9  3.18 14.02 226.36  15.45  1  3.18 14.02 226.36  15.45
19980704 000000  6.9 201.2  3.62 14.25 225.86  15.47  1  3.62 14.25 225.86  15.47
19980704 030000  7.3 170.9  4.00 14.60 225.86  16.07  1  4.00 14.60 225.86  16.07
19980704 060000  5.6 166.3  4.20 14.96 226.67  16.16  1  4.20 14.96 226.67  16.16
19980704 090000  5.3 157.5  4.26 15.01 227.62  15.88  1  4.26 15.01 227.62  15.88
19980704 120000  7.1 135.8  4.26 15.07 228.10  16.41  1  4.26 15.07 228.10  16.41
19980704 150000  3.4 160.0  4.18 15.19 228.81  15.81  1  4.18 15.19 228.81  15.81
19980704 180000  7.4 212.5  4.09 15.31 229.37  15.22  1  4.09 15.31 229.37  15.22
19980704 210000  7.0 202.5  3.98 15.35 229.60  15.21  1  3.98 15.35 229.60  15.21
19980705 000000  7.0 194.1  3.83 15.30 229.68  15.18  1  3.83 15.30 229.68  15.18
19980705 030000  0.2 149.5  3.64 15.18 229.75  14.80  1  3.64 15.18 229.75  14.80
19980705 060000  1.2 263.0  3.46 15.06 229.53  14.44  1  3.46 15.06 229.53  14.44
19980705 090000  2.3 148.0  3.31 15.00 228.81  14.36  1  3.31 15.00 228.81  14.36
19980705 120000  4.3 335.3  3.18 14.96 227.66  14.53  1  3.18 14.96 227.66  14.53
19980705 150000  3.3 332.1  3.11 14.93 226.67  16.04  1  3.11 14.93 226.67  16.04
19980705 180000  5.5 274.0  3.07 14.81 226.38  17.08  1  3.07 14.81 226.38  17.08
19980705 210000  2.5 229.9  3.06 14.66 226.48  17.99  1  3.06 14.66 226.48  17.99
19980706 000000  4.8 245.5  3.04 14.55 226.66  18.33  1  3.04 14.55 226.66  18.33
19980706 030000  4.3 213.4  3.02 14.47 226.85  18.52  1  3.02 14.47 226.85  18.52
19980706 060000  5.9 184.9  2.99 14.37 226.54  18.46  2  2.91 14.37 224.36  13.59  0.70  7.76 276.12  31.86
19980706 090000  4.4 147.9  2.93 14.24 226.12  18.29  2  2.84 14.24 223.94  12.81  0.72  7.68 272.27  36.14
19980706 120000  8.5 161.9  2.87 14.05 225.37  18.64  2  2.85 14.05 224.36  16.84  0.40  7.58 288.02   9.52
19980706 150000  6.7 191.7  2.83 13.84 225.04  17.99  1  2.83 13.84 225.04  17.99
19980706 180000 11.2 192.7  2.88 13.70 223.84  18.55  1  2.88 13.70 223.84  18.55
19980706 210000 12.5 200.3  3.07 13.60 221.34  20.60  1  3.07 13.60 221.34  20.60
19980707 000000 11.1 214.2  3.21 13.51 221.08  21.26  2  2.26  7.13 218.04  27.55  2.29 13.51 223.75  11.80
19980707 030000  9.1 195.1  2.98 13.39 221.66  21.63  2  2.06  7.46 219.23  28.45  2.16 13.39 223.65  12.08
19980707 060000  8.6 193.7  2.68 13.21 221.81  21.17  2  1.68  7.34 217.74  29.66  2.09 13.21 224.16  12.40
19980707 090000  6.6 184.2  2.41 12.93 222.48  20.29  1  2.41 12.93 222.48  20.29
19980707 120000  6.0 175.2  2.19 12.78 223.38  19.34  1  2.19 12.78 223.38  19.34
19980707 150000  5.2 179.1  2.00 12.68 224.19  18.46  1  2.00 12.68 224.19  18.46
19980707 180000  6.1 208.1  1.90 12.58 224.72  17.28  2  1.90 12.58 224.63  17.00  0.07 12.46 316.92   7.90
19980707 210000  7.1 212.1  1.95 12.45 224.21  16.54  4  0.53  3.34 213.71  31.41  1.85 12.45 225.07  14.17  0.30 19.18 216.39   8.43  0.07 12.29 317.24   7.40
19980708 000000  6.6 187.7  2.13 12.31 222.61  16.64  2  2.13 12.31 222.53  16.38  0.08 12.06 316.50   8.04
19980708 030000  6.3 161.1  2.37 12.42 220.44  17.35  3  2.21 12.43 220.86  17.94  0.83 17.36 217.12   9.23  0.08 11.96 316.23   8.14
19980708 060000  5.9 154.0  2.60 13.62 219.20  16.83  3  2.29 13.63 220.00  18.17  1.23 16.69 216.35   9.29  0.07 11.89 316.02   8.22
19980708 090000  6.7 157.7  2.82 14.19 218.30  16.76  2  2.43 14.04 218.94  18.58  1.44 16.47 216.54   9.64
19980708 120000  7.9 171.4  2.99 16.15 218.03  16.65  1  2.99 16.15 218.03  16.65
19980708 150000  7.8 171.0  3.09 15.59 218.06  17.10  1  3.09 15.59 218.06  17.10
19980708 180000  8.0 191.6  3.10 15.36 218.51  16.61  1  3.10 15.36 218.51  16.61
19980708 210000  9.8 196.7  3.11 15.26 218.54  16.85  1  3.11 15.26 218.54  16.85
19980709 000000 10.4 192.1  3.18 15.18 217.92  18.39  1  3.18 15.18 217.92  18.39
19980709 030000  7.7 159.6  3.14 15.10 218.08  19.60  1  3.14 15.10 218.08  19.60
19980709 060000  5.1 162.7  3.00 15.08 219.44  18.35  1  3.00 15.08 219.44  18.35
19980709 090000  5.6 154.3  2.86 15.05 220.15  17.44  2  2.86 15.05 220.15  17.44  0.07 24.81 222.55   7.37
19980709 120000  4.3 163.4  2.74 14.94 220.69  16.87  2  2.74 14.94 220.69  16.88  0.09 24.39 222.22   7.95
19980709 150000  3.7 131.3  2.65 14.76 221.42  16.18  2  2.65 14.76 221.42  16.19  0.12 23.66 223.05   7.90
19980709 180000  6.0 203.4  2.59 14.62 222.15  15.52  2  2.58 14.62 222.14  15.54  0.15 23.30 223.01   7.96
19980709 210000  7.4 200.1  2.56 14.55 222.27  16.04  2  2.56 14.55 222.26  16.07  0.19 23.00 223.49   8.10
19980710 000000  8.6 190.5  2.54 14.49 222.23  17.20  2  2.53 14.49 222.22  17.25  0.22 22.31 223.92   8.21
19980710 030000  5.3 172.2  2.49 14.41 222.92  17.64  2  2.47 14.41 222.90  17.72  0.28 21.88 223.85   7.86
19980710 060000  5.1 173.1  2.42 14.31 223.92  17.08  2  2.40 14.31 223.93  17.19  0.32 21.59 223.76   8.00
19980710 090000  4.3 162.8  2.34 14.24 224.44  16.76  3  1.87 14.24 224.43  11.97  1.35  7.64 224.46  23.69  0.38 20.86 224.44   8.29
19980710 120000  4.9 145.3  2.26 14.18 224.72  16.68  3  1.78 14.18 224.89  11.92  1.32  7.62 224.49  23.46  0.43 20.36 223.96   8.25
19980710 150000  4.9 179.1  2.18 14.11 224.77  16.36  3  1.69 14.11 224.97  11.97  1.28  7.62 224.42  22.71  0.50 19.60 224.57   8.54
19980710 180000  8.0 206.4  2.16 13.93 223.88  16.72  3  1.27  7.57 222.73  23.31  1.66 13.93 224.47  12.17  0.54 19.14 224.25   8.32
19980710 210000  7.4 198.6  2.17 13.67 223.19  17.31  3  1.25  7.42 221.39  24.71  1.68 13.67 224.04  12.39  0.58 18.78 223.69   8.62
19980711 000000  6.9 188.2  2.23 13.60 222.48  17.67  3  1.27  6.99 221.31  25.88  1.68 13.60 222.96  12.34  0.74 18.02 223.10   8.93
19980711 030000  6.2 179.2  2.31 13.61 221.99  17.06  3  1.70 13.61 222.37  12.16  1.23  6.88 221.99  26.34  0.97 17.89 220.82   8.98
19980711 060000  6.7 170.5  2.45 18.60 221.10  16.19  3  1.78 13.60 221.96  11.83  1.25 18.60 219.92   9.40  1.13  6.89 220.36  27.83
19980711 090000  6.1 162.8  2.64 17.91 220.47  15.14  2  2.05 13.66 220.82  17.95  1.66 17.91 219.97   9.38
19980711 120000  7.6 170.6  2.84 17.42 220.08  14.69  1  2.84 17.42 220.08  14.69
19980711 150000  5.9 162.7  2.99 16.71 220.25  13.96  1  2.99 16.71 220.25  13.96
19980711 180000  9.8 202.9  3.14 16.36 220.34  13.64  1  3.14 16.36 220.34  13.64
19980711 210000  9.2 190.1  3.30 16.04 220.27  15.41  2  1.41  5.75 214.01  28.01  2.98 16.04 221.53  10.26
19980712 000000  7.0 206.8  3.24 15.70 221.21  15.39  1  3.24 15.70 221.21  15.39
19980712 030000  6.4 177.6  3.10 15.49 222.09  15.20  1  3.10 15.49 222.09  15.20
19980712 060000  4.2 160.7  2.89 15.31 223.27  14.66  1  2.89 15.31 223.27  14.66
19980712 090000  4.0 149.8  2.67 15.03 224.39  14.10  1  2.67 15.03 224.39  14.10
19980712 120000  5.4 103.3  2.48 14.58 225.38  14.65  1  2.48 14.58 225.38  14.65
19980712 150000  2.1  94.0  2.34 14.42 226.62  14.16  1  2.34 14.42 226.62  14.16
19980712 180000  3.1 241.9  2.28 14.33 228.02  13.17  1  2.28 14.33 228.02  13.17
19980712 210000  5.3 214.4  2.33 14.31 229.49  12.93  1  2.33 14.31 229.49  12.93
19980713 000000  3.0 190.5  2.43 14.23 230.70  12.97  1  2.43 14.23 230.70  12.97
19980713 030000  3.2 204.8  2.53 14.03 231.90  12.83  1  2.53 14.03 231.90  12.83
19980713 060000  2.8 135.9  2.58 13.96 233.07  13.04  1  2.58 13.96 233.07  13.04
19980713 090000  3.0 101.8  2.55 13.76 234.12  13.39  1  2.55 13.76 234.12  13.39
19980713 120000  2.1 232.3  2.46 13.54 235.09  13.76  1  2.46 13.54 235.09  13.76
19980713 150000  1.9 217.5  2.36 13.37 235.98  14.16  1  2.36 13.37 235.98  14.16
19980713 180000  7.1 215.4  2.33 13.18 236.42  15.11  1  2.33 13.18 236.42  15.11
19980713 210000  6.0 204.9  2.32 12.96 236.87  16.06  1  2.32 12.96 236.87  16.06
19980714 000000  5.6 179.4  2.29 12.75 237.45  16.85  1  2.29 12.75 237.45  16.85
19980714 030000  3.5 203.6  2.24 12.59 238.26  16.88  1  2.24 12.59 238.26  16.88
19980714 060000  4.0 174.9  2.18 12.43 238.64  17.20  2  2.17 12.43 239.01  17.08  0.28 17.59 216.53   7.79
19980714 090000  3.2 165.6  2.13 12.14 238.48  17.77  2  2.10 12.14 239.27  17.48  0.39 17.06 215.53   9.46
19980714 120000  6.8 129.0  2.12 12.00 236.95  20.90  2  1.98 12.00 239.53  21.00  0.75 15.91 219.78   8.68
19980714 150000  7.1 194.4  2.14 12.03 234.65  21.43  3  0.41  2.75 178.78  32.17  1.81 12.03 241.21  18.51  1.07 15.37 222.41   9.57
19980714 180000  9.0 196.4  2.27 14.62 231.02  22.14  3  0.71  3.53 199.08  31.05  1.64 15.14 221.85  10.35  1.41 12.59 250.64  13.95
19980714 210000 10.8 202.3  2.52 14.48 227.42  22.49  3  1.06  4.32 206.05  30.61  2.17 14.78 229.13  16.97  0.71 12.74 253.13   7.31
19980715 000000  7.0 195.2  2.78 14.47 225.86  21.77  2  1.32  5.23 214.67  33.30  2.44 14.47 228.67  15.85
19980715 030000  8.7 192.4  2.96 14.78 225.58  19.69  2  1.22  5.43 214.28  33.04  2.70 14.78 227.54  14.84
19980715 060000  9.9 178.7  3.20 16.66 224.29  19.47  2  1.27  5.34 208.19  33.63  2.94 16.66 226.79  13.94
19980715 090000  8.6 181.7  3.37 16.47 224.19  18.40  2  1.29  5.93 209.42  32.68  3.11 16.47 226.35  13.34
19980715 120000  8.5 175.6  3.47 16.27 224.28  17.56  1  3.47 16.27 224.28  17.56
19980715 150000  8.4 200.9  3.49 15.92 224.47  16.72  1  3.49 15.92 224.47  16.72
19980715 180000  9.2 203.8  3.48 15.64 224.29  16.57  1  3.48 15.64 224.29  16.57
19980715 210000  9.9 210.4  3.48 15.49 224.09  17.00  2  1.79  7.73 221.19  26.07  2.98 15.49 225.05  12.03
19980716 000000  8.0 206.8  3.45 15.36 224.14  17.51  1  3.45 15.36 224.14  17.51
19980716 030000  6.2 206.6  3.37 15.23 224.40  17.45  1  3.37 15.23 224.40  17.45
19980716 060000  5.6 200.6  3.24 15.08 224.65  17.09  1  3.24 15.08 224.65  17.09
19980716 090000  3.8 178.4  3.11 14.70 224.80  16.68  1  3.11 14.70 224.80  16.68
19980716 120000  2.7 209.4  3.01 14.48 224.74  16.24  1  3.01 14.48 224.74  16.24
19980716 150000  4.2 210.0  2.94 14.37 224.48  15.91  1  2.94 14.37 224.48  15.91
19980716 180000  7.7 183.0  2.95 14.30 223.40  16.50  1  2.95 14.30 223.40  16.50
19980716 210000  7.3 218.6  2.91 14.22 222.55  16.43  1  2.91 14.22 222.55  16.43
19980717 000000  5.7 207.1  2.85 14.11 221.43  16.45  2  2.77 14.11 222.43  16.35  0.67 17.34 204.69   5.83
19980717 030000  5.6 207.2  2.77 13.95 220.33  16.22  2  2.64 13.95 221.82  16.18  0.84 16.79 205.83   6.91
19980717 060000  4.6 189.2  2.69 13.96 219.40  15.92  2  2.26 13.39 222.29  16.65  1.45 15.75 212.54  11.41
19980717 090000  2.5 158.3  2.60 15.17 218.86  15.46  2  2.09 13.32 221.54  16.60  1.55 15.17 214.13  11.79
19980717 120000  4.5 122.4  2.50 15.09 218.23  16.15  1  2.50 15.09 218.23  16.15
19980717 150000  2.9 180.9  2.40 14.72 218.25  15.46  1  2.40 14.72 218.25  15.46
19980717 180000  5.4 213.1  2.31 14.47 218.48  15.02  1  2.31 14.47 218.48  15.02
19980717 210000  7.4 199.3  2.27 14.34 218.38  15.68  1  2.27 14.34 218.38  15.68
19980718 000000  9.0 178.4  2.26 14.24 216.92  18.04  1  2.26 14.24 216.92  18.04
19980718 030000  7.7 158.0  2.25 14.12 215.49  20.56  1  2.25 14.12 215.49  20.56
19980718 060000  7.2 156.0  2.26 13.86 215.74  20.11  1  2.26 13.86 215.74  20.11
19980718 090000  6.8 147.6  2.30 13.71 216.00  19.22  1  2.30 13.71 216.00  19.22
19980718 120000  6.3 194.1  2.38 13.68 216.67  17.36  1  2.38 13.68 216.67  17.36
19980718 150000  4.1 160.4  2.48 13.79 217.76  15.32  1  2.48 13.79 217.76  15.32
19980718 180000  4.3 184.4  2.60 14.21 218.83  13.80  1  2.60 14.21 218.83  13.80
19980718 210000  8.6 200.7  2.78 14.53 219.10  13.91  1  2.78 14.53 219.10  13.91
19980719 000000  8.4 181.6  2.98 14.71 218.96  16.09  1  2.98 14.71 218.96  16.09
19980719 030000  7.1 148.0  3.03 14.64 219.76  17.36  2  2.72 14.64 220.92  11.38  1.32  6.49 214.01  31.58
19980719 060000  5.6 128.8  3.02 14.49 220.93  17.24  1  3.02 14.49 220.93  17.24
19980719 090000  4.7  83.1  2.92 14.34 222.22  17.01  1  2.92 14.34 222.22  17.01
19980719 120000 10.2  16.3  2.77 14.15 224.09  22.20  1  2.77 14.15 224.09  22.20
19980719 150000  9.0 356.4  2.66 13.88 228.57  32.72  2  0.78  3.77   3.65  30.62  2.55 13.88 225.23  13.04
19980719 180000  8.8 352.7  2.70 13.68 239.30  44.55  2  1.23  5.10 346.35  27.94  2.40 13.68 226.15  12.77
19980719 210000  9.2 332.1  2.70 13.54 245.36  46.82  2  1.38  5.63 338.73  27.40  2.32 13.54 226.51  13.02
19980720 000000  9.8 330.5  2.68 13.43 244.75  45.72  2  1.36  5.84 335.34  27.75  2.31 13.43 226.30  13.47
19980720 030000  5.0 344.3  2.61 13.32 238.40  40.65  2  1.15  5.70 333.65  29.22  2.34 13.32 225.96  13.74
19980720 060000  4.3  10.3  2.53 13.17 233.03  33.78  2  2.36 13.17 225.95  13.83  0.89  5.40 332.46  30.80
19980720 090000  3.5 347.9  2.47 13.06 230.35  27.55  2  2.37 13.06 226.34  13.82  0.68  5.04 330.32  31.81
19980720 120000  1.9 157.0  2.42 12.99 229.27  22.76  3  2.29 12.99 227.41  14.03  0.62 16.73 221.38   9.24  0.51  4.77 328.40  32.21
19980720 150000  3.0 180.4  2.37 12.89 228.93  19.10  3  2.30 12.89 229.29  19.58  0.47 16.70 221.36   5.90  0.36 19.14 228.34   9.19
19980720 180000  6.9 214.3  2.36 12.74 228.47  17.05  3  2.21 12.74 229.66  17.46  0.71 15.78 215.99   8.41  0.42 18.68 231.70   6.38
19980720 210000  7.0 210.3  2.39 12.60 227.93  16.73  4  0.59  3.40 228.98  37.85  2.11 12.60 229.40  14.34  0.81 15.80 216.15   9.34  0.47 17.88 232.54   6.08
19980721 000000  8.2 207.2  2.44 12.49 226.21  17.28  3  2.11 12.49 229.52  17.81  1.13 15.70 213.88   9.35  0.49 17.84 232.90   6.98
19980721 030000  6.3 201.4  2.54 16.73 224.12  17.44  3  1.98 12.36 230.20  18.19  1.52 15.86 212.89   9.16  0.45 17.26 237.04   4.89
19980721 060000  5.0 176.2  2.65 16.78 221.90  16.88  2  1.88 12.32 230.16  18.18  1.86 16.80 213.80  10.41
19980721 090000  4.6 177.6  2.73 16.73 220.20  16.11  2  2.71 16.73 219.85  15.95  0.32 12.66 245.00   0.02
19980721 120000  5.7 173.2  2.76 16.35 218.99  15.80  1  2.76 16.35 218.99  15.80
19980721 150000  5.4 182.5  2.73 15.92 218.36  15.64  1  2.73 15.92 218.36  15.64
19980721 180000  8.3 201.2  2.68 15.65 218.17  15.58  1  2.68 15.65 218.17  15.58
19980721 210000  8.4 205.6  2.57 15.40 218.20  16.45  2  0.76  3.79 213.86  31.40  2.46 15.40 218.56  14.19
19980722 000000  8.4 195.6  2.45 15.19 217.67  17.46  2  0.87  4.21 211.03  31.48  2.29 15.19 218.51  14.13
19980722 030000  6.4 170.5  2.26 14.95 217.18  18.26  2  0.80  4.31 206.19  34.17  2.12 14.95 218.49  14.14
19980722 060000  4.0 171.6  2.06 14.62 217.69  17.48  2  0.64  4.24 208.89  34.87  1.96 14.62 218.47  14.25
19980722 090000  4.5 163.4  1.90 14.38 218.18  16.79  1  1.90 14.38 218.18  16.79
19980722 120000  4.4 142.5  1.77 14.21 218.49  17.38  1  1.77 14.21 218.49  17.38
19980722 150000  2.5 141.1  1.66 14.01 219.72  17.73  1  1.66 14.01 219.72  17.73
19980722 180000  6.5 220.3  1.61 13.65 221.42  18.50  1  1.61 13.65 221.42  18.50
19980722 210000  7.5 221.6  1.65 13.46 223.78  20.61  2  0.65  3.56 222.98  29.40  1.52 13.46 223.91  18.55
19980723 000000  2.6 202.9  1.60 13.36 225.97  22.06  2  1.50 13.36 226.37  19.81  0.57  3.80 222.82  33.51
19980723 030000  2.4 240.0  1.55 13.30 228.39  22.52  2  1.49 13.30 229.22  21.20  0.43  3.72 217.16  32.91
19980723 060000  3.3 189.9  1.51 13.09 230.57  22.73  4  0.33  3.56 213.90  31.96  1.20 12.80 218.92  12.89  0.81 10.26 258.49  13.81  0.29 13.54 235.00   0.00
19980723 090000  2.9 158.4  1.48 12.72 232.61  23.02  4  0.96 12.71 213.86   9.97  0.86  8.82 256.59  20.99  0.72 12.74 233.71   7.28  0.06 21.96 222.19   7.24
19980723 120000  4.5 264.2  1.46 12.60 234.44  23.48  4  0.85 12.69 233.14   7.67  0.84  8.32 259.35  21.54  0.83 12.48 211.99   9.14  0.07 21.75 222.66   7.66
19980723 150000  1.9 254.2  1.44 12.48 236.33  24.04  4  0.87 12.41 214.87   9.46  0.81  8.04 263.05  21.59  0.79 12.86 236.48   7.97  0.09 21.52 222.59   7.97
19980723 180000  2.3 233.4  1.41 12.25 237.31  24.12  3  1.40 12.26 237.37  24.04  0.12 20.70 221.05   9.48  0.05 11.80 311.90   9.46
19980723 210000  0.7 133.0  1.38 12.02 237.79  23.92  3  1.29 12.02 233.09  17.56  0.44  7.17 288.52  20.21  0.17 20.24 217.35  11.22
19980724 000000  5.8 198.3  1.39 11.94 237.41  25.05  4  1.27 11.94 233.12  16.43  0.51  6.81 281.22  35.61  0.22 18.04 207.53   7.15  0.15 20.45 224.54   6.76
19980724 030000  6.8 181.7  1.47 11.92 234.95  28.23  3  0.41  2.80 194.42  30.32  1.35 11.92 240.71  25.36  0.42 17.31 210.73  10.07
19980724 060000  6.4 161.2  1.57 11.89 231.36  31.01  3  0.51  3.25 183.88  32.64  1.34 11.89 242.38  26.24  0.65 16.49 210.24   9.36
19980724 090000  3.9 158.0  1.64 11.84 229.58  29.33  3  0.46  3.50 189.30  32.43  1.29 11.78 243.99  26.55  0.91 15.78 211.25   9.09
19980724 120000  4.0 171.2  1.72 14.87 227.44  26.99  3  0.41  3.66 194.26  30.37  1.27 11.70 242.88  26.31  1.07 15.62 211.87   8.93
19980724 150000  2.8 126.4  1.79 15.19 225.44  24.53  3  1.27 15.88 212.89   8.43  1.20 11.47 243.58  25.05  0.38  3.98 195.87  29.24
19980724 180000  4.8 197.0  1.89 15.46 223.82  21.90  3  1.48 15.52 214.72   9.22  1.11 11.51 240.12  28.74  0.37 13.58 240.09   5.80
19980724 210000  7.2 197.4  2.09 15.35 221.30  19.94  3  0.58  3.38 202.48  26.29  1.78 15.35 216.55  10.01  0.93 11.59 247.91  22.97
19980725 000000  6.9 188.7  2.40 15.16 219.43  17.86  3  0.72  4.01 202.68  29.05  2.16 15.16 221.31  16.03  0.74 20.53 217.41   9.67
19980725 030000  5.8 165.5  2.74 18.75 218.99  15.44  3  0.69  4.31 204.15  31.17  2.15 15.37 221.00  14.87  1.55 18.75 217.68   9.01
19980725 060000  5.1 136.6  3.02 17.91 219.04  14.16  1  3.02 17.91 219.04  14.16
19980725 090000  5.4 128.9  3.16 17.45 219.44  13.70  1  3.16 17.45 219.44  13.70
19980725 120000  5.6 151.9  3.21 16.81 219.93  13.58  1  3.21 16.81 219.93  13.58
19980725 150000  5.3 169.7  3.17 16.50 220.46  13.41  1  3.17 16.50 220.46  13.41
19980725 180000  7.0 212.2  3.10 16.36 221.11  13.02  1  3.10 16.36 221.11  13.02
19980725 210000  8.2 201.6  3.04 16.17 221.70  13.74  2  0.84  4.13 211.81  29.17  2.93 16.17 222.43  11.23
19980726 000000 10.3 191.9  3.05 16.02 221.71  16.00  2  1.18  4.80 212.64  30.58  2.81 16.02 223.10  11.10
19980726 030000  5.5 163.9  2.96 15.83 222.66  16.39  2  1.13  5.29 214.95  32.68  2.73 15.83 223.78  11.07
19980726 060000  5.7 170.3  2.87 15.55 223.72  15.35  1  2.87 15.55 223.72  15.35
19980726 090000  5.8 164.7  2.81 15.35 224.44  14.83  1  2.81 15.35 224.44  14.83
19980726 120000  6.7 147.1  2.76 15.12 225.09  15.40  1  2.76 15.12 225.09  15.40
19980726 150000  2.9 199.8  2.70 14.66 226.35  14.59  1  2.70 14.66 226.35  14.59
19980726 180000  9.4 201.2  2.73 14.48 226.77  14.98  1  2.73 14.48 226.77  14.98
19980726 210000 10.1 195.2  2.84 14.45 226.02  17.89  2  1.15  4.70 209.73  29.80  2.59 14.45 228.83  12.47
19980727 000000  8.5 195.9  2.85 14.49 226.82  18.53  2  1.18  4.95 211.14  31.49  2.59 14.49 229.59  12.64
19980727 030000  7.9 183.0  2.81 14.49 227.85  18.31  2  1.04  5.00 208.72  32.62  2.61 14.49 230.39  12.89
19980727 060000  7.4 178.8  2.77 14.39 228.64  17.94  1  2.77 14.39 228.64  17.94
19980727 090000  6.4 168.8  2.75 14.29 229.38  17.42  1  2.75 14.29 229.38  17.42
19980727 120000  7.6 173.2  2.71 14.22 229.85  17.05  2  0.68  4.35 198.04  34.60  2.63 14.22 231.56  13.12
19980727 150000  6.4 191.5  2.71 14.19 229.63  16.98  2  0.65  4.02 194.26  32.65  2.63 14.19 231.36  13.31
19980727 180000  8.2 206.8  2.82 15.52 228.51  16.40  2  0.77  4.01 205.97  29.45  2.71 15.52 230.08  13.55
19980727 210000  9.5 205.2  3.07 15.55 226.60  16.56  2  1.05  4.56 215.19  29.46  2.89 15.55 227.95  13.37
19980728 000000 13.9 188.1  3.49 15.51 222.95  19.36  2  1.66  5.37 211.42  31.10  3.07 15.51 225.88  12.67
19980728 030000 10.5 188.6  3.76 15.51 221.54  19.69  2  1.90  6.47 210.99  30.82  3.24 15.51 224.71  12.30
19980728 060000 11.9 177.2  3.99 15.70 220.02  20.29  3  2.13  7.18 209.03  30.76  3.02 15.49 226.17  11.58  1.50 17.97 214.47   8.09
19980728 090000  9.8 168.3  4.05 16.42 219.96  19.93  1  4.05 16.42 219.96  19.93
19980728 120000  8.9 169.0  4.01 16.41 220.05  19.03  1  4.01 16.41 220.05  19.03
19980728 150000  9.8 170.7  3.95 16.31 219.60  18.88  1  3.95 16.31 219.60  18.88
19980728 180000 10.1 186.8  3.87 16.20 219.46  18.18  1  3.87 16.20 219.46  18.18
19980728 210000 12.7 194.9  3.90 16.07 218.71  18.44  1  3.90 16.07 218.71  18.44
19980729 000000 10.5 193.3  3.95 15.76 218.57  19.73  2  2.29  7.33 212.58  28.41  3.23 15.76 221.27  12.51
19980729 030000 10.2 168.7  3.80 15.51 218.68  20.95  2  2.33  8.11 214.75  29.76  3.00 15.51 220.79  12.45
19980729 060000  9.7 159.5  3.56 15.33 218.68  21.51  1  3.56 15.33 218.68  21.51
19980729 090000  8.3 167.9  3.34 15.12 218.68  21.24  1  3.34 15.12 218.68  21.24
19980729 120000  3.8 172.1  3.14 14.67 220.07  19.33  1  3.14 14.67 220.07  19.33
19980729 150000  5.1 214.8  2.98 14.46 221.38  17.74  1  2.98 14.46 221.38  17.74
19980729 180000  6.8 202.1  2.84 14.31 221.91  17.20  1  2.84 14.31 221.91  17.20
19980729 210000  5.2 208.3  2.74 14.08 222.57  17.26  1  2.74 14.08 222.57  17.26
19980730 000000  5.0 210.4  2.69 13.65 223.53  17.47  1  2.69 13.65 223.53  17.47
19980730 030000  5.5 207.7  2.63 13.48 223.91  17.70  1  2.63 13.48 223.91  17.70
19980730 060000  6.5 196.8  2.53 13.34 223.61  17.94  2  2.53 13.34 223.61  17.94  0.07 24.75 223.50   7.44
19980730 090000  4.9 187.2  2.42 13.12 223.34  18.09  2  2.42 13.12 223.34  18.11  0.11 24.22 223.22   7.77
19980730 120000  3.8 215.4  2.40 12.75 224.01  17.77  3  2.39 12.74 223.94  17.62  0.14 23.71 224.14   7.51  0.08 13.55 310.05   8.28
19980730 150000  6.9 210.0  2.51 12.59 224.69  17.79  3  2.50 12.59 224.64  17.67  0.20 22.89 224.11   7.61  0.08 13.54 310.64   8.40
19980730 180000  7.2 210.0  2.59 12.45 224.85  18.11  3  2.57 12.45 224.79  18.02  0.25 22.49 224.68   7.47  0.08 13.53 310.89   8.64
19980730 210000  6.3 210.2  2.53 12.31 225.29  17.88  3  2.51 12.31 225.26  17.85  0.34 21.98 223.79   8.22  0.08 13.51 310.89   8.78
19980731 000000  6.7 222.7  2.47 12.12 225.87  17.40  3  2.44 12.12 225.85  17.42  0.41 21.45 224.46   8.19  0.08 13.45 310.16   8.76
19980731 030000  7.3 173.4  2.45 12.11 225.56  18.11  2  2.41 12.11 225.57  18.41  0.49 21.24 225.39   7.95
19980731 060000  7.3 167.2  2.44 12.24 225.56  18.52  3  2.37 12.23 225.48  18.81  0.58 20.70 225.77   8.13  0.08 12.72 309.99   8.58
19980731 090000  7.5 179.5  2.48 14.23 225.99  17.84  3  2.39 14.24 225.96  18.19  0.64 20.42 225.61   8.05  0.08 12.66 310.42   8.61
19980731 120000 10.8 149.0  2.59 14.10 223.87  22.24  4  0.76  3.66 165.89  30.44  2.36 14.10 228.06  13.92  0.75 19.89 225.88   8.84  0.08 12.65 311.05   8.68
19980731 150000  4.8 173.1  2.60 13.74 225.88  19.35  3  2.46 13.74 225.65  20.07  0.82 19.49 227.34   8.11  0.07 12.64 311.68   8.74
19980731 180000  8.3 204.1  2.64 13.56 226.76  16.85  2  2.64 13.57 226.71  16.72  0.07 12.64 311.85   8.93
19980731 210000 10.5 199.6  2.82 13.49 225.48  17.97  2  2.50 13.49 224.95  19.70  1.29 16.97 227.38   8.58
19980801 000000  9.9 185.3  2.94 13.47 224.49  19.92  3  1.77  6.70 214.71  27.41  2.03 13.47 229.69  11.76  1.18 18.25 228.91   8.71
