Date     Time   Uabs UDir  hs    tp    th     sp     np hs(i) tp(i) th(i)  sp(i)
20020401 000000  5.7 189.8  1.78 13.46 226.10  22.01  4  1.72 13.33 223.87  17.31  0.33 14.49 306.39   8.98  0.32 16.87 226.41   8.98  0.07  9.69 328.89   7.31
20020401 030000  4.5 184.0  1.83 13.35 225.76  21.60  4  1.75 13.26 223.55  17.05  0.39 16.57 226.62   8.28  0.33 14.41 306.65   8.82  0.07  9.63 328.88   7.32
20020401 060000  4.1 189.5  1.83 13.19 226.12  21.08  5  1.78 12.98 223.93  16.08  0.33 14.21 306.75   8.77  0.26 16.83 227.28   6.63  0.06  9.58 328.84   7.35  0.06 20.34 288.41  10.32
20020401 090000  4.2 177.7  1.81 12.86 226.64  20.77  4  1.72 12.68 224.28  15.66  0.45 15.80 226.69   8.47  0.34 13.82 307.39   9.63  0.07 20.33 287.87  10.71
20020401 120000  3.6 189.8  1.77 12.60 227.37  20.45  4  1.67 12.51 224.95  15.08  0.49 15.65 226.56   8.56  0.34 13.69 307.38   9.56  0.06 20.33 287.59  11.20
20020401 150000  3.3 204.7  1.73 12.46 228.11  20.22  4  1.62 12.40 225.59  14.63  0.51 15.64 227.33   8.60  0.34 13.64 307.36   9.44  0.05 20.31 287.57  12.06
20020401 180000  7.3 219.1  1.74 12.36 228.66  20.41  3  1.56 12.31 225.97  15.40  0.67 14.99 228.13   8.86  0.35 13.60 306.77   9.90
20020401 210000  7.7 211.2  1.80 14.45 228.36  21.63  4  1.60 12.06 225.62  17.89  0.75 14.68 228.20   8.69  0.34 13.57 307.19   9.26  0.08 19.04 290.40   9.38
20020402 000000  5.1 208.8  1.78 14.27 228.76  22.50  3  1.75 14.35 226.33  17.54  0.34 13.54 307.02   9.27  0.11 19.01 290.26   9.56
20020402 030000  6.4 200.7  1.73 13.74 229.31  22.67  3  1.70 13.92 226.74  17.49  0.34 13.50 306.97   9.31  0.11 19.00 290.19   9.84
20020402 060000  5.6 185.7  1.67 13.39 229.86  22.80  3  1.63 13.38 227.22  17.54  0.33 13.43 307.02   9.33  0.10 19.00 290.66  10.51
20020402 090000  5.9 188.3  1.61 13.18 230.56  22.74  4  1.56 13.17 227.65  17.43  0.32 13.25 307.19   9.26  0.18 17.89 249.35   5.84  0.09 18.98 291.41  11.04
20020402 120000  8.1 182.9  1.60 12.68 229.51  24.53  4  0.54  3.40 191.35  30.35  1.44 12.52 230.29  12.52  0.33 12.95 306.06  10.27  0.28 17.22 247.07   6.61
20020402 150000  7.8 191.5  1.65 12.51 228.44  26.18  6  0.83  4.13 205.13  31.55  1.12 11.78 230.82  11.77  0.69 13.61 231.24   9.76  0.42 16.53 243.55   7.33  0.32 12.83 307.42   9.07  0.13 17.80 290.57   9.49
20020402 180000  9.7 209.7  1.75 12.65 229.53  25.11  5  1.02  4.49 213.99  28.14  1.27 12.57 231.45  11.00  0.54 16.17 243.85   8.15  0.32 12.78 307.25   9.11  0.16 17.76 290.57   9.54
20020402 210000  9.9 206.8  1.95 12.63 228.68  25.52  5  1.31  5.18 216.73  27.33  1.26 12.61 232.88  10.96  0.59 15.88 242.00  10.43  0.32 12.75 307.19   9.17  0.17 17.76 290.80   9.87
20020403 000000  9.4 197.5  2.08 15.30 227.10  26.16  5  1.46  5.71 214.79  27.78  1.17 12.55 233.89  10.45  0.84 15.48 237.19  12.92  0.31 12.75 307.17   9.31  0.17 17.75 291.70  10.57
20020403 030000  8.0 190.4  2.19 15.14 226.86  25.19  5  1.47  6.11 214.37  27.96  1.17 15.15 233.18  12.48  1.07 12.34 234.92  11.14  0.30 12.75 307.26   9.37  0.14 17.74 292.76  11.22
20020403 060000  7.4 192.3  2.34 14.70 227.40  22.80  4  1.39  6.33 214.33  27.58  1.86 14.71 232.38  12.12  0.28 12.75 307.61   9.10  0.12 17.59 295.13   9.60
20020403 090000  6.4 179.7  2.49 14.31 228.30  20.48  4  1.29  6.40 215.56  27.11  2.11 14.33 231.42  11.92  0.26 12.75 307.93   8.96  0.17 16.65 293.14  11.82
20020403 120000  6.4 191.1  2.61 13.92 229.39  18.66  4  1.17  6.50 216.47  26.05  2.31 13.93 231.37  11.87  0.26 12.80 307.83   8.83  0.18 16.61 290.21   9.71
20020403 150000  6.0 192.6  2.70 13.67 229.97  17.99  4  1.09  6.72 215.95  25.97  2.45 13.67 231.48  11.88  0.26 13.32 307.58   8.92  0.20 16.60 290.23   9.90
20020403 180000  9.8 208.6  2.81 13.52 229.61  18.10  3  2.79 13.52 228.81  16.31  0.26 14.06 307.46   9.04  0.21 16.59 290.74  10.23
20020403 210000 11.2 204.5  3.01 13.42 227.77  19.89  4  1.67  6.10 216.96  25.77  2.49 13.41 231.25  11.83  0.26 14.11 307.46   9.13  0.20 16.59 291.67  11.02
20020404 000000 10.3 204.9  3.12 13.32 226.76  21.26  3  1.94  6.87 217.62  27.02  2.43 13.32 231.46  12.36  0.25 14.14 307.65   9.11
20020404 030000  8.7 190.2  3.03 13.22 226.83  21.59  1  3.03 13.22 226.83  21.59
20020404 060000  9.9 188.7  2.86 13.13 226.68  21.53  2  2.84 13.13 226.17  20.56  0.27 15.54 303.25  11.21
20020404 090000  8.8 182.9  2.70 13.02 226.05  21.95  2  2.69 13.02 225.45  20.88  0.28 15.50 299.82  13.08
20020404 120000  8.2 187.9  2.56 12.90 226.10  21.69  4  1.32  6.68 211.12  30.15  2.17 12.89 229.99  12.20  0.21 15.51 290.78  10.52  0.19 13.27 308.21   8.75
20020404 150000  8.7 189.4  2.48 12.77 225.32  22.07  3  2.46 12.76 224.50  20.63  0.22 15.51 291.24  10.69  0.20 13.34 307.75   8.89
20020404 180000 11.0 207.9  2.53 12.68 224.28  21.62  4  1.48  5.69 213.09  27.08  2.03 12.67 228.48  12.42  0.22 15.50 291.76  11.32  0.20 13.36 307.51   9.01
20020404 210000 11.5 204.7  2.66 12.64 223.50  22.17  5  1.79  6.03 217.43  27.10  1.94 12.63 226.90  11.90  0.21 15.47 291.90  11.68  0.19 13.31 307.98   8.61  0.07 18.90 301.08  10.43
20020405 000000 10.2 203.9  2.62 12.67 223.17  22.84  4  1.79  6.32 217.89  28.24  1.90 12.65 226.11  11.92  0.28 15.41 299.52  13.35  0.07 18.84 301.82  10.13
20020405 030000  8.5 192.6  2.48 12.69 223.15  22.83  4  1.61  6.36 217.49  29.30  1.86 12.67 225.66  11.81  0.27 15.20 298.57  14.38  0.08 18.63 302.65  12.00
20020405 060000  7.5 191.5  2.31 12.64 223.38  22.28  4  1.33  6.21 215.17  30.22  1.86 12.62 225.87  12.26  0.26 14.52 298.23  14.26  0.08 18.08 305.55  10.30
20020405 090000  6.1 188.0  2.15 12.54 224.27  21.31  4  2.13 12.50 223.32  19.48  0.22 14.48 293.21  12.06  0.13 12.47 310.72   8.13  0.09 17.78 305.09  10.25
20020405 120000  4.6 193.6  2.02 12.74 225.39  20.04  4  2.00 12.69 224.27  17.73  0.21 14.49 291.12  11.35  0.16 12.64 309.14   8.47  0.11 17.68 303.03  11.12
20020405 150000  4.1 205.9  1.96 13.07 226.11  18.99  5  1.93 13.13 224.91  16.18  0.21 14.48 290.63  10.85  0.16 12.62 308.73   8.37  0.14 19.64 212.90   6.35  0.13 17.64 303.67  11.74
20020405 180000  6.2 252.3  1.98 13.14 226.89  18.41  5  1.93 13.16 225.88  15.37  0.31 18.50 213.76   7.07  0.22 14.45 292.76  12.18  0.16 12.54 308.38   8.68  0.14 17.55 303.31  11.83
20020405 210000  4.4 307.1  2.06 13.23 226.68  18.30  5  1.95 13.22 226.22  15.50  0.58 17.65 216.48   8.23  0.23 14.42 293.49  12.13  0.15 12.50 310.01   7.77  0.14 17.37 304.11  12.14
20020406 000000  5.3 327.3  2.17 16.13 226.57  19.64  4  1.76 13.19 228.35  19.16  1.22 16.10 219.52   9.46  0.27 14.36 299.26  13.37  0.15 16.94 305.24  12.38
20020406 030000  4.8  16.2  2.23 15.29 227.16  21.28  2  2.21 15.32 226.09  19.21  0.30 14.20 301.73  13.03
20020406 060000  5.1  19.3  2.25 14.83 229.08  23.60  3  2.22 14.86 228.01  21.89  0.25 13.60 300.50  13.51  0.17 16.55 305.82  11.16
20020406 090000  5.6 358.3  2.40 14.45 233.21  25.21  3  2.38 14.46 232.25  23.94  0.25 13.52 300.94  13.66  0.19 16.47 305.11  11.35
20020406 120000  4.7 332.9  2.80 14.22 237.30  24.45  3  2.78 14.24 236.56  23.54  0.25 13.48 299.18  13.87  0.21 16.37 304.95  12.25
20020406 150000  2.7 322.3  2.99 13.83 239.35  23.98  3  2.97 13.88 238.68  23.20  0.26 13.46 295.87  14.31  0.21 16.28 306.18  12.11
20020406 180000  4.6 281.1  2.95 13.64 240.85  24.43  2  2.94 13.64 240.57  24.09  0.21 15.98 307.01  11.40
20020406 210000  4.6 231.2  2.88 13.56 241.49  24.59  2  2.88 13.56 241.24  24.29  0.19 15.82 307.60  10.97
20020407 000000  5.9 206.4  2.81 13.49 241.25  24.42  2  2.80 13.48 240.94  24.02  0.20 15.56 310.09   8.80
20020407 030000  5.2 181.4  2.74 13.43 240.58  24.19  2  2.73 13.43 240.12  23.56  0.24 15.40 310.27   8.40
20020407 060000  6.6 181.9  2.91 13.47 237.89  23.02  2  2.89 13.46 237.30  22.13  0.29 15.12 309.05   8.97
20020407 090000  6.8 181.0  3.29 13.43 235.01  21.17  2  3.28 13.41 234.68  20.58  0.25 14.94 309.96   9.15
20020407 120000  8.4 187.5  3.63 13.50 233.56  20.30  2  3.62 13.48 233.25  19.67  0.26 14.95 311.65   8.69
20020407 150000  7.9 179.7  3.87 13.89 232.28  20.01  2  3.87 13.85 232.02  19.45  0.26 14.84 311.02   9.05
20020407 180000  9.6 211.3  4.03 14.26 231.27  18.93  3  0.85  4.03 208.56  30.75  3.93 14.23 231.95  16.97  0.26 14.95 308.47  11.01
20020407 210000  9.7 208.6  4.15 14.48 230.03  18.66  2  4.14 14.48 229.81  18.14  0.25 14.73 310.46   9.22
20020408 000000  9.9 196.0  4.18 14.60 228.44  18.96  2  4.17 14.60 228.19  18.36  0.27 14.46 310.08   9.70
20020408 030000  9.5 188.1  4.14 14.67 227.03  19.57  2  4.13 14.67 226.75  18.88  0.29 13.95 309.73  10.35
20020408 060000  8.8 180.6  4.01 14.64 226.65  19.25  2  4.00 14.65 226.33  18.47  0.29 13.88 309.48  10.80
20020408 090000  7.5 185.1  3.82 14.55 226.55  18.55  2  3.81 14.56 226.22  17.72  0.28 13.89 309.59  10.85
20020408 120000  8.8 184.9  3.68 14.49 225.58  18.24  2  3.67 14.50 225.26  17.40  0.27 13.98 309.78  10.67
20020408 150000  9.3 188.5  3.65 14.51 223.06  18.90  2  3.64 14.52 222.76  18.11  0.26 14.15 309.51  11.01
20020408 180000 12.5 202.1  3.75 14.59 220.63  19.17  3  1.62  5.85 210.66  28.94  3.38 14.60 222.35  14.19  0.26 14.25 309.72  10.97
20020408 210000 13.3 202.6  3.98 14.60 218.89  20.42  2  3.97 14.61 218.63  19.74  0.26 14.28 309.80  11.11
20020409 000000 10.0 189.1  3.78 14.53 218.38  20.95  2  3.77 14.54 218.08  20.19  0.27 14.26 310.16  10.85
20020409 030000  9.0 195.8  3.43 14.38 218.31  20.39  2  3.42 14.39 217.95  19.42  0.27 14.16 310.00  10.93
20020409 060000  8.4 194.8  3.15 14.20 218.29  19.82  2  3.14 14.21 217.87  18.67  0.26 13.06 309.03  11.54
20020409 090000  6.8 193.2  2.90 13.85 218.53  19.36  2  2.88 13.87 218.05  18.03  0.26 13.22 308.27  12.32
20020409 120000  9.0 191.8  2.71 13.55 218.19  19.48  2  2.70 13.56 217.68  18.03  0.25 13.30 308.75  12.14
20020409 150000  7.0 183.2  2.56 13.37 217.85  20.19  3  2.55 13.37 217.24  18.53  0.23 13.36 311.01  11.51  0.12 16.91 295.34  10.31
20020409 180000  9.4 212.5  2.45 13.07 218.77  19.80  3  2.43 13.05 218.07  17.87  0.23 13.39 311.07  11.44  0.13 16.67 295.38  10.29
20020409 210000  9.9 206.0  2.45 12.69 218.96  20.91  4  1.18  5.17 214.83  28.20  2.13 12.68 219.16  15.04  0.24 13.40 310.85  11.66  0.14 16.34 295.32  10.05
20020410 000000 11.2 186.0  2.41 12.51 217.02  23.35  3  2.39 12.50 216.21  21.55  0.24 13.38 310.76  11.68  0.15 16.19 295.29   9.95
20020410 030000  8.1 195.0  2.32 12.24 216.75  24.17  4  1.61  6.79 214.98  29.49  1.65 12.23 216.69  12.02  0.23 13.31 310.86  11.66  0.15 16.20 295.52   9.96
20020410 060000  7.4 200.3  2.21 11.87 218.49  23.44  4  1.58  7.26 218.47  27.31  1.51 11.86 216.71  12.12  0.22 12.90 311.18  11.61  0.15 16.15 295.78  10.12
20020410 090000  5.1 203.4  2.07 11.73 219.97  22.82  4  1.47  7.66 221.43  25.98  1.43 11.71 216.60  12.24  0.22 12.53 311.57  11.49  0.15 15.96 296.35  10.55
20020410 120000  5.4 188.4  1.94 11.56 221.00  22.38  4  1.93 11.54 219.85  19.86  0.21 12.47 313.17  10.31  0.16 15.70 296.05  11.28  0.09 17.97 237.68   8.92
20020410 150000  5.4 204.9  1.85 11.18 221.24  22.46  3  1.84 11.16 220.00  19.64  0.21 12.45 314.34   9.31  0.17 15.51 296.56  10.89
20020410 180000  7.9 202.3  1.84 11.02 221.32  22.55  3  1.82 11.00 220.03  19.64  0.21 12.48 313.76  10.05  0.17 15.40 296.95  10.79
20020410 210000  7.2 201.1  1.85 10.90 221.15  22.82  5  1.78 10.88 219.36  20.43  0.43 13.62 226.82   9.46  0.20 12.48 313.82  10.05  0.18 15.35 296.59  11.00  0.13 17.37 240.26   7.60
20020411 000000  8.5 207.2  1.87 10.68 221.42  22.48  5  1.79 10.62 219.55  20.28  0.45 13.41 228.41   9.11  0.19 12.47 313.56  10.37  0.18 15.31 296.50  11.08  0.16 16.88 237.91   8.71
20020411 030000  6.6 198.3  1.87 10.30 221.35  22.80  5  1.79 10.28 219.56  20.87  0.46 13.30 228.35   9.85  0.19 12.43 312.97  11.03  0.17 15.20 296.91  10.72  0.16 16.91 239.30   8.99
20020411 060000  6.0 191.8  1.83 10.19 222.45  22.45  5  1.74 10.18 220.77  20.65  0.48 12.90 226.71  10.94  0.18 12.31 312.72  11.49  0.17 16.93 239.98   8.04  0.17 14.91 297.25  10.67
20020411 090000  5.7 205.3  1.79 10.11 223.27  22.06  6  1.48  8.74 222.59  22.20  0.85 10.28 218.75  11.91  0.47 12.83 226.91  11.28  0.19 16.72 239.36   8.20  0.17 14.73 297.78  10.94  0.17 11.88 313.59  10.21
20020411 120000  7.0 192.0  1.74  8.62 223.01  22.53  7  1.36  8.26 221.04  23.57  0.88 10.02 220.79  12.32  0.55 12.46 226.03  10.47  0.23 16.38 239.67   7.43  0.18 14.62 297.61  11.71  0.15 11.68 316.37   7.93  0.08 16.77 297.59   8.03
20020411 150000  5.0 190.1  1.63  8.45 223.00  23.18  7  1.31  8.24 220.93  23.36  0.74  9.95 219.63  13.02  0.54 12.16 225.92  11.56  0.24 16.36 239.81   7.47  0.16 14.42 296.38  11.00  0.14 11.67 316.19   8.13  0.12 16.52 299.42  11.40
20020411 180000  7.5 216.4  1.54  9.65 223.59  23.34  9  1.25  8.03 221.23  23.17  0.64  9.91 219.96  10.96  0.52 12.04 225.92  12.24  0.23 16.15 240.05   8.81  0.16 14.41 295.70  11.24  0.14 11.68 315.73   8.34  0.12 16.55 300.57  10.51  0.10 14.49 235.00   0.00  0.05 20.36 218.69   8.13
20020411 210000  7.7 208.5  1.51 11.73 223.68  24.38  8  1.18  7.64 221.13  25.42  0.68  9.66 220.85  11.78  0.56 11.89 224.62  12.07  0.24 16.11 240.30   7.58  0.16 14.33 296.70  11.10  0.13 11.66 315.83   8.35  0.13 16.51 299.11  10.64  0.06 20.25 217.24   7.81
20020412 000000  5.8 209.8  1.37 11.72 224.47  25.42  9  1.02  7.18 221.89  27.22  0.61  9.69 219.90  11.75  0.51 11.72 226.26  12.01  0.29 15.35 239.77   7.33  0.26 13.93 211.22   8.19  0.16 14.24 297.44  10.88  0.13 11.66 314.87   9.29  0.13 16.45 298.39  11.10  0.06 20.02 217.43   7.73
20020412 030000  4.8 202.3  1.24 13.48 225.71  25.45  9  0.86  6.96 223.41  27.67  0.48  9.10 220.34  12.11  0.47 11.10 227.65  11.29  0.43 13.27 213.45   8.98  0.29 15.35 241.29   7.25  0.21 14.43 297.92  11.00  0.13 13.54 235.00   0.00  0.12 11.58 315.43   8.61  0.08 19.37 217.95   7.77
20020412 060000  3.2 173.3  1.15 13.29 226.44  25.07  8  0.72 12.73 216.41  11.31  0.69  6.63 225.46  28.31  0.41 11.10 233.53   7.40  0.22 13.66 240.89   5.36  0.21 14.03 298.04  10.86  0.19 15.58 243.77   7.13  0.11 11.29 316.27   7.75  0.09 19.10 217.68   8.00
20020412 090000  2.3 144.7  1.12 12.67 226.62  24.12  6  0.84 12.10 219.28  12.88  0.58  6.41 228.02  27.68  0.36 13.75 239.61   6.67  0.21 13.93 298.18  10.92  0.11 11.13 316.54   7.58  0.10 18.97 217.65   7.88
20020412 120000  1.9 111.3  1.20 12.28 226.52  22.25  6  1.15 11.84 223.88  17.48  0.17 12.66 235.00   0.00  0.17 13.59 299.02  11.44  0.15 15.44 297.53  10.38  0.11 18.74 217.44   8.08  0.10 10.98 317.34   7.21
20020412 150000  3.2  71.6  1.38 11.66 226.82  20.64  4  1.35 11.65 224.97  16.57  0.23 15.30 298.65  10.82  0.12 18.08 217.44   8.10  0.09 10.96 317.27   7.32
20020412 180000  1.6  75.1  1.54 11.24 227.73  19.97  5  1.52 11.24 226.24  16.62  0.17 13.44 298.23  12.08  0.17 15.41 299.81   9.47  0.14 17.85 217.07   8.59  0.09 10.91 317.40   7.61
20020412 210000  1.8 180.7  1.66 11.12 228.94  19.70  3  1.63 11.11 227.67  16.91  0.25 15.33 301.13  11.93  0.14 17.75 218.26   7.59
20020413 000000  3.0 170.2  1.79 11.09 229.84  19.25  4  1.76 11.09 228.83  17.00  0.23 15.28 299.26  10.79  0.15 17.48 217.82   7.85  0.08 10.90 317.18   7.54
20020413 030000  5.7 168.7  1.93 11.02 229.30  20.49  5  1.90 11.02 228.81  18.72  0.23 13.67 299.09  10.99  0.19 13.72 198.05   5.56  0.15 16.90 219.36   6.56  0.08 10.86 317.17   7.65
20020413 060000  5.3 169.3  1.98 10.85 229.06  21.51  4  1.96 10.85 228.41  20.18  0.22 13.62 299.61  10.94  0.19 16.61 215.26   9.76  0.07 10.58 318.56   6.87
20020413 090000  6.4 161.6  1.93 10.64 228.58  23.62  5  0.46  3.06 172.19  32.92  1.83 10.64 231.18  17.07  0.27 12.85 197.53   5.15  0.23 13.86 300.78  12.14  0.18 16.57 218.16   7.90
20020413 120000  7.1 160.2  1.83 10.46 227.75  25.70  6  0.53  3.26 173.67  32.38  1.71 10.46 231.38  17.72  0.24 13.19 194.53   2.15  0.23 14.23 299.24  11.23  0.18 16.25 217.64   8.04  0.06 10.45 318.56   7.28
20020413 150000  6.8 185.7  1.72 10.29 226.60  26.91  5  0.60  3.56 182.99  31.75  1.50 10.29 229.67  19.76  0.50 12.63 237.08   7.55  0.24 14.33 300.33  12.21  0.20 15.63 218.11   8.08
20020413 180000  6.4 209.4  1.61 10.10 227.15  26.12  5  0.61  3.74 196.99  30.41  1.37 10.09 229.67  20.48  0.45 12.60 236.55   7.12  0.25 14.36 300.32  12.03  0.23 15.50 216.27  10.05
20020413 210000  8.7 217.2  1.58 11.82 227.54  25.86  6  1.28  9.69 230.79  25.74  0.71 11.11 206.86   9.10  0.52 12.09 236.08   7.74  0.25 14.37 300.45  11.84  0.19 15.48 218.27   8.09  0.06 20.12 217.79   9.38
20020414 000000  6.5 190.4  1.48 11.74 227.83  27.10  6  1.13  9.58 232.62  28.50  0.75 10.66 209.28  10.40  0.51 11.78 236.16   7.76  0.23 14.35 299.60  11.47  0.19 15.22 221.14  12.52  0.07 20.04 216.03   8.31
20020414 030000  6.4 186.1  1.36 11.67 226.58  28.09  8  0.99  9.38 231.23  30.94  0.72 10.92 208.78  10.41  0.51 11.73 236.42   7.56  0.18 14.61 219.08   9.31  0.16 14.31 300.60  10.16  0.15 12.54 298.78  11.72  0.09 19.94 216.06   8.66  0.05 15.53 264.58  14.56
20020414 060000  3.7 169.0  1.24 11.54 226.47  28.03  7  0.89  9.09 232.41  30.68  0.65 10.36 207.13   9.98  0.49 11.51 233.81   9.19  0.20 13.03 300.91  11.75  0.20 14.52 218.52  10.71  0.10 19.76 216.32   7.49  0.08 15.24 254.07   6.26
20020414 090000  3.4 197.4  1.14 11.19 227.39  26.98  7  0.76  9.16 236.16  28.73  0.66 10.81 208.59  10.33  0.42 11.24 236.99   6.93  0.22 14.53 222.47  12.01  0.20 13.19 300.65  12.19  0.13 19.26 215.58   7.74  0.08 14.59 256.52   3.78
20020414 120000  3.3 159.6  1.07 11.03 227.85  26.31  6  0.75 11.11 238.96  23.89  0.68 10.57 210.53  11.66  0.21 14.52 222.00  11.19  0.20 13.30 301.15  11.45  0.15 19.11 214.91   7.42  0.14 14.18 251.66   6.30
20020414 150000  2.5 200.4  1.04 10.92 228.13  25.95  6  0.79 10.83 221.01  25.50  0.53 10.92 234.50  10.48  0.29 13.82 231.72  17.68  0.21 13.40 300.86  11.49  0.18 19.02 214.68   7.34  0.05 18.73 297.85  12.26
20020414 180000  3.5 234.4  1.05 10.73 228.26  25.39  7  0.82 10.82 221.13  23.26  0.46 10.42 237.61   8.08  0.26 13.72 220.86  11.76  0.23 18.65 215.17   7.30  0.22 13.43 300.08  12.34  0.21 13.38 250.42   5.91  0.06 18.77 297.52  12.14
20020414 210000  4.0 248.1  1.08 10.36 228.49  24.73  7  0.91  9.68 228.11  20.34  0.28 10.60 199.94   5.88  0.28 13.66 220.66  12.42  0.27 18.03 215.08   7.28  0.24 12.81 251.45   6.26  0.22 13.45 300.75  11.41  0.06 18.74 297.17  11.66
20020415 000000  1.3 115.1  1.11 10.20 227.73  23.64  7  0.88  9.25 226.33  19.44  0.39 11.95 244.72   9.28  0.33 17.91 214.85   7.49  0.29 10.50 201.43   6.12  0.27 13.60 217.62  11.64  0.22 13.45 301.54  10.65  0.07 18.55 297.42  11.46
20020415 030000  3.1 157.0  1.15 10.07 226.86  22.52  6  0.91  9.44 222.29  19.00  0.49 11.76 242.06   9.79  0.37 17.85 215.43   7.54  0.26 13.69 211.73   8.58  0.20 13.43 301.66  10.84  0.08 17.11 297.47  11.70
20020415 060000  3.1 136.1  1.18 11.47 225.25  23.06  6  0.94  9.38 221.20  20.95  0.46 11.44 243.24   9.82  0.42 17.02 215.77   7.80  0.31 13.40 214.72  10.48  0.19 13.37 301.88  10.99  0.09 17.44 297.13  12.51
20020415 090000  2.2 139.6  1.19 16.96 224.97  21.74  7  0.89  8.92 220.36  19.77  0.52 11.06 241.69   9.98  0.46 16.97 215.87   7.40  0.32 13.27 212.81   9.14  0.17 13.14 302.13  11.05  0.10 17.53 297.36  12.74  0.05 15.92 250.68   6.32
20020415 120000  3.0 182.5  1.18 17.34 224.90  20.91  7  0.86  8.88 220.89  18.87  0.51 17.32 216.04   7.88  0.50 10.93 242.19  10.18  0.33 12.98 213.11   8.21  0.16 12.58 302.02  11.33  0.10 17.58 298.37  12.07  0.08 15.61 251.15   6.65
20020415 150000  1.9 202.4  1.17 17.48 224.91  20.57  8  0.80  8.48 220.53  18.44  0.49 10.77 243.13   9.69  0.44 16.09 213.43   7.45  0.35 17.88 219.67   6.38  0.34 12.82 215.78   9.63  0.15 12.53 302.38  10.91  0.12 15.32 248.99   8.46  0.10 17.57 298.21  11.96
20020415 180000  6.4 227.1  1.19 17.36 225.05  21.25  8  0.81  8.41 221.46  20.31  0.48 10.42 242.38  10.47  0.45 15.59 213.64   8.36  0.40 17.63 218.78   6.17  0.31 12.66 215.55   8.44  0.16 12.55 301.94  11.18  0.16 14.65 247.39   8.87  0.10 17.46 297.80  11.57
20020415 210000  6.2 224.6  1.23 16.24 225.87  22.81  7  0.85  8.19 222.95  23.36  0.64 16.24 216.97   8.66  0.46 10.28 243.47  10.31  0.32 12.55 216.39   9.81  0.17 12.57 302.31  10.66  0.16 14.20 251.90   7.05  0.11 16.78 297.62  10.85
20020416 000000  4.4 222.4  1.20 16.36 226.32  23.33  7  0.76  7.77 222.60  24.63  0.67 16.36 217.12   8.63  0.46 10.22 242.90  10.61  0.33 12.51 219.13  10.98  0.19 13.72 251.58   6.58  0.18 12.58 301.60  11.34  0.13 16.50 296.90  11.58
20020416 030000  5.3 199.6  1.20 16.29 225.47  23.91  9  0.72  7.37 219.61  25.69  0.49 14.82 216.47   6.79  0.44 16.61 215.06   7.61  0.42 10.13 243.23  10.41  0.36 12.36 219.68  11.11  0.25 13.37 249.98   8.65  0.22 19.08 228.75   8.92  0.17 12.58 302.28  10.62  0.15 16.49 297.54  11.33
20020416 060000  4.5 192.3  1.21 15.18 225.18  24.36  7  0.71  7.17 217.44  26.96  0.75 15.14 218.11   8.76  0.41  9.83 243.76  10.55  0.31 11.85 221.00  11.39  0.27 12.80 251.64   7.42  0.17 12.57 302.31  10.65  0.16 16.49 297.46  12.00
20020416 090000  2.0 171.0  1.21 15.27 225.46  23.92  9  0.71 15.24 216.20   7.62  0.66  6.75 217.29  27.91  0.40  9.67 244.26  10.59  0.34 11.88 222.14  10.36  0.33 17.94 229.89   7.48  0.29 12.52 252.06   7.57  0.16 12.53 301.98  11.15  0.16 16.47 297.46  12.35  0.07  9.02 200.22   5.68
20020416 120000  3.6 160.8  1.20 15.27 225.52  23.64  7  0.72  9.60 224.75  28.02  0.70 15.21 216.17   7.71  0.38 17.79 227.25   7.55  0.35 11.93 249.36   9.41  0.32 11.92 219.58   9.55  0.15 16.42 297.46  12.46  0.14 12.47 302.56  10.74
20020416 150000  2.7  94.6  1.17 14.44 226.20  23.41  5  0.90 14.37 220.75  10.07  0.67  9.51 226.03  29.54  0.28 11.94 254.06   7.37  0.16 16.21 296.36  13.62  0.13 12.26 302.48  11.02
20020416 180000  5.4 237.2  1.16 14.29 227.48  22.28  6  0.87 14.20 221.78  12.96  0.52 16.71 226.24   7.98  0.34 11.22 257.58   8.49  0.17 15.63 296.57  12.90  0.11 11.84 303.84  10.13  0.05 21.76 277.74   9.79
20020416 210000  9.6 200.9  1.41 14.56 223.12  24.61  6  0.93  4.02 215.28  28.01  0.84 14.27 222.07  12.07  0.52 16.65 225.85   9.21  0.33 11.14 256.69   7.06  0.19 15.49 297.14  11.75  0.11 11.78 303.42  10.21
20020417 000000 10.2 189.9  1.57 15.47 217.37  28.34  5  1.15  4.63 206.15  30.48  0.96 15.48 222.38  10.60  0.41 10.76 249.87  11.38  0.20 15.45 297.26  11.76  0.11 11.77 303.04  10.15
20020417 030000 10.2 177.8  1.67 15.44 213.35  30.73  6  1.29  4.99 201.56  32.14  0.96 15.44 222.26   9.95  0.39 10.42 250.14  11.52  0.21 15.43 296.83  12.16  0.11 11.75 302.36  10.31  0.06 21.11 276.41  11.63
20020417 060000 10.5 176.9  1.67 14.86 211.79  31.76  6  1.29  5.07 198.72  33.04  0.97 14.73 222.61   9.95  0.35 10.43 252.79  10.23  0.20 15.40 296.11  12.68  0.12 11.77 302.83   9.92  0.07 20.42 279.02   9.24
20020417 090000  9.9 178.4  1.71 14.50 211.15  31.07  6  1.33  5.19 198.50  32.00  0.99 14.46 223.02  10.05  0.32 10.40 253.88  10.53  0.20 15.35 295.54  12.95  0.12 11.76 302.27  10.16  0.08 20.36 277.82   9.76
20020417 120000  9.4 187.3  1.73 14.25 212.78  29.74  5  1.35  5.39 201.85  31.23  1.05 14.19 225.46  12.80  0.19 15.19 295.12  13.05  0.11 11.76 302.64   9.89  0.09 20.34 277.36   9.52
20020417 150000  9.1 182.5  1.77 13.75 213.55  29.44  4  1.38  5.57 203.26  31.55  1.09 13.70 225.71  14.06  0.20 14.74 296.07  12.19  0.09 20.32 275.04  11.08
20020417 180000 12.1 202.4  2.01 13.52 215.38  26.57  5  1.63  5.64 208.75  28.25  1.15 13.49 224.91  11.61  0.21 14.57 297.13  11.32  0.10 11.70 302.08  10.17  0.08 20.27 277.53   9.53
20020417 210000 13.3 201.6  2.43 13.15 215.64  26.45  4  2.41 13.11 214.90  25.55  0.23 18.86 234.51  20.34  0.21 14.50 297.28  11.44  0.09 11.65 302.80   9.58
20020418 000000 13.2 195.9  2.71  6.83 213.60  26.65  5  2.68  6.83 212.85  25.97  0.33 17.85 227.09  10.02  0.22 14.46 296.45  12.18  0.10 19.13 278.61   9.30  0.08 11.30 301.68  10.08
20020418 030000 10.5 182.4  2.71 12.73 214.57  26.29  5  2.31  7.29 210.76  28.46  1.39 12.70 222.21  11.14  0.21 14.43 295.93  12.12  0.12 19.03 278.91   8.99  0.07 11.13 303.23   8.91
20020418 060000  9.6 178.6  2.68 12.76 216.99  24.74  5  2.14  7.61 213.53  28.33  1.49 12.72 220.55  11.71  0.58 17.34 226.18  10.33  0.21 14.38 294.70  13.05  0.13 19.01 278.29   9.07
20020418 090000 10.4 173.1  2.82 12.69 217.45  24.19  5  2.09  8.15 213.15  29.38  1.67 12.66 220.35  12.07  0.84 16.92 225.47   9.90  0.20 14.33 294.58  12.51  0.13 18.99 277.89   9.14
20020418 120000  9.7 179.8  3.01 12.57 218.45  23.19  5  2.14  8.81 213.20  28.79  1.82 12.55 221.32  12.51  1.06 16.69 226.63  10.00  0.20 14.18 294.84  12.30  0.12 18.98 277.66   9.35
20020418 150000  9.2 186.2  3.15 16.20 220.51  21.07  3  2.78 12.52 219.01  22.48  1.45 16.20 224.70  10.79  0.19 13.91 294.29  13.16
20020418 180000 11.5 207.1  3.34 15.68 221.44  19.27  3  2.96 13.44 220.02  20.25  1.54 15.89 225.55  11.52  0.20 13.74 292.49  15.26
20020418 210000 12.7 203.5  3.65 15.41 221.30  19.50  2  3.64 15.42 221.14  19.19  0.19 13.62 296.43  11.97
20020419 000000 11.2 194.2  3.71 15.20 221.25  20.38  3  3.70 15.20 221.03  20.01  0.18 13.56 296.33  12.21  0.14 17.78 278.24   9.36
20020419 030000  9.2 196.4  3.66 14.74 221.43  20.28  3  3.65 14.75 221.24  19.94  0.17 13.54 298.55  10.50  0.13 17.77 281.68   7.14
20020419 060000 10.3 198.6  3.58 14.49 221.51  19.86  4  2.64  9.20 220.55  24.30  2.41 14.50 222.18  11.30  0.17 13.47 294.73  12.71  0.12 17.76 281.56   7.13
20020419 090000 10.8 193.5  3.55 14.33 220.87  20.32  3  2.67  9.20 220.00  24.63  2.34 14.34 221.68  11.80  0.16 13.48 295.80  11.87
20020419 120000  9.8 183.8  3.51 14.15 220.45  20.83  2  2.72  9.29 220.07  25.12  2.22 14.16 220.97  11.72
20020419 150000 10.7 196.7  3.43 13.87 219.79  21.09  2  2.73  9.59 219.22  24.63  2.08 13.87 220.70  12.87
20020419 180000 12.5 200.0  3.45 13.65 218.58  21.19  3  2.80  9.26 217.56  24.22  2.01 13.65 220.21  12.80  0.13 16.69 277.99   9.90
20020419 210000 12.6 199.4  3.51 13.51 217.79  21.66  2  3.50 13.51 217.70  21.55  0.14 16.62 279.03   9.50
20020420 000000 13.9 191.9  3.70 13.37 215.44  22.98  2  3.70 13.37 215.36  22.88  0.14 16.61 278.78   9.55
20020420 030000 12.4 172.7  3.80  9.27 212.61  25.52  4  3.43  9.27 210.95  27.35  1.63 13.22 218.74  11.38  0.13 16.60 278.61   9.82  0.10 12.85 301.30   9.03
20020420 060000 12.4 167.5  3.47 12.87 211.77  26.11  5  3.07  9.32 209.63  28.44  1.62 12.93 218.20  11.73  0.11 16.58 282.25   8.02  0.10 12.70 298.51  10.68  0.05 23.17 217.10   7.59
20020420 090000 13.1 165.5  3.26 12.70 209.13  27.71  5  2.84  9.09 205.62  30.21  1.58 12.72 218.63  11.90  0.11 16.53 278.48  10.30  0.10 12.66 296.40  12.29  0.07 22.15 217.48   7.92
20020420 120000 10.2 176.8  3.10 12.59 209.21  26.92  4  2.76  8.93 207.02  29.18  1.40 12.63 216.53  12.06  0.09 21.86 217.49   7.78  0.09 12.63 299.26  10.13
20020420 150000 12.1 174.0  2.95 12.52 208.97  26.54  5  2.60  8.73 206.37  28.75  1.37 12.52 216.61  11.86  0.12 15.65 278.90  10.53  0.11 21.59 219.33   7.98  0.09 12.60 299.13  10.14
20020420 180000 11.8 191.6  2.85 12.45 210.98  24.26  5  2.46  8.39 209.39  26.79  1.41 12.45 214.66  11.35  0.15 20.60 219.05   8.54  0.13 15.57 279.18  10.30  0.08 12.59 298.87  10.49
20020420 210000 12.3 197.9  2.98 12.37 212.64  22.66  4  2.97 12.36 212.44  22.44  0.19 20.35 219.50   8.01  0.14 15.54 279.25  10.33  0.08 12.57 299.28  10.25
20020421 000000 12.2 198.3  3.13 12.23 213.43  22.38  4  3.12 12.21 213.24  22.21  0.24 19.97 220.79   8.13  0.14 15.53 279.18  10.48  0.08 12.55 299.41  10.32
20020421 030000  9.2 182.8  3.10 12.03 214.21  22.51  5  2.55  9.08 213.93  25.98  1.73 12.07 214.23  11.22  0.30 19.20 219.08   7.77  0.13 15.53 279.19  10.71  0.06 12.54 303.85   7.74
20020421 060000  6.7 189.7  2.88 12.03 215.70  21.05  3  2.14  8.78 214.54  25.41  1.90 12.03 216.92  13.89  0.35 19.08 220.05   8.49
20020421 090000  6.5 185.3  2.70 12.13 216.63  19.50  4  1.91  8.79 216.79  24.41  1.85 12.13 215.97  12.20  0.47 18.51 220.75   8.95  0.13 15.47 285.23  14.31
20020421 120000  8.9 190.3  2.62 12.68 216.67  18.68  2  2.57 12.68 216.47  18.95  0.51 17.95 221.66   7.88
20020421 150000  7.5 196.8  2.58 13.16 216.69  18.29  2  2.52 13.16 216.39  18.59  0.56 17.81 222.76   8.08
20020421 180000  9.5 206.4  2.57 13.17 217.10  17.86  3  2.46 13.17 216.67  18.00  0.70 17.32 219.98   9.24  0.14 14.54 285.22  13.24
20020421 210000 10.2 204.8  2.62 13.12 217.21  18.51  4  2.53 13.12 216.80  18.59  0.64 16.94 220.03   7.52  0.15 14.52 283.66  13.11  0.07 17.72 287.49  11.66
20020422 000000  9.6 191.1  2.63 13.01 216.66  19.76  4  2.48 13.01 216.16  20.16  0.84 16.40 218.60   9.35  0.16 14.53 280.82  15.24  0.08 17.74 285.36  10.21
20020422 030000  7.4 200.3  2.48 12.94 216.71  19.96  5  1.64  7.32 216.52  27.31  1.67 12.94 215.85   9.73  0.80 16.26 218.71   9.34  0.16 14.52 281.63  15.28  0.08 17.74 284.60  10.14
20020422 060000  8.9 195.7  2.33 12.88 216.73  19.50  5  1.51  7.23 216.39  26.93  1.57 12.88 215.92  10.01  0.83 15.83 218.32   8.81  0.16 14.52 278.20  18.21  0.07 17.73 284.10  10.53
20020422 090000  7.6 189.8  2.16 12.78 216.86  19.45  5  1.32  6.99 215.35  27.98  1.53 12.78 216.51   9.81  0.74 15.70 220.15   9.83  0.15 14.51 282.86  16.45  0.07 17.68 283.49  10.11
20020422 120000  6.1 193.7  2.01 15.32 217.37  19.15  4  1.81 12.69 216.21  19.90  0.82 15.34 218.61   8.51  0.31 19.11 231.47   9.55  0.17 14.48 283.82  15.23
20020422 150000  7.2 202.5  1.89 15.21 218.40  18.62  5  1.60 12.40 217.07  19.81  0.87 15.22 216.93   8.02  0.48 18.22 229.94   9.70  0.14 14.17 280.40  14.68  0.12 16.58 289.44  12.28
20020422 180000  9.3 206.9  1.91 17.69 219.11  18.61  5  1.54 12.38 216.86  20.19  0.92 15.03 218.15   8.40  0.62 17.84 229.04   9.41  0.15 13.76 280.98  14.49  0.13 16.57 288.04  11.46
20020422 210000 10.7 203.4  2.15 17.15 218.74  20.09  5  1.36  5.17 214.68  27.32  1.47 14.79 217.66   8.93  0.76 17.34 230.75   8.89  0.16 13.66 282.41  14.07  0.13 16.57 286.62  11.26
20020423 000000  6.6 191.1  2.23 16.53 219.28  19.69  5  1.28  5.51 214.68  29.13  1.31 13.96 217.11   8.91  1.26 16.52 224.47  10.18  0.17 13.62 282.87  14.75  0.12 16.56 285.11  11.15
20020423 030000  8.2 197.8  2.34 16.20 219.74  17.62  4  1.11  5.42 214.19  29.39  2.05 16.19 220.71  10.29  0.17 13.61 284.51  14.61  0.10 16.55 284.36  11.50
20020423 060000  8.1 189.9  2.47 15.45 219.74  16.62  4  0.99  5.22 211.38  30.44  2.25 15.45 220.77  10.52  0.17 13.62 286.77  14.65  0.09 16.33 283.66   9.65
20020423 090000  7.0 187.4  2.54 15.19 220.05  15.92  3  2.53 15.18 219.74  15.18  0.16 13.63 287.50  15.24  0.11 15.59 287.23   8.80
20020423 120000  8.4 186.7  2.58 14.68 220.19  16.02  4  2.57 14.67 219.86  15.27  0.17 20.44 219.22   5.32  0.15 15.48 289.70  12.08  0.13 13.55 284.76  14.22
20020423 150000  7.8 192.2  2.60 14.47 220.49  16.30  5  0.99  5.14 211.75  29.85  2.39 14.46 221.43  10.98  0.17 20.40 219.40   5.66  0.16 15.47 288.56  12.22  0.12 13.50 285.89  14.63
20020423 180000  9.9 211.5  2.64 14.26 221.32  16.20  3  2.62 14.26 221.13  15.69  0.27 19.26 216.20   7.71  0.18 15.46 289.36  12.28
20020423 210000 10.5 207.3  2.76 14.00 221.64  17.88  4  1.53  5.64 220.57  26.80  2.27 14.00 221.99  11.19  0.33 19.04 215.12   8.50  0.15 15.45 291.14  12.66
20020424 000000  9.6 199.9  2.72 13.75 221.26  19.30  4  1.57  5.97 219.01  28.67  2.20 13.75 222.15  11.36  0.30 19.06 217.74   8.61  0.13 15.40 293.58  12.65
20020424 030000  7.5 200.6  2.52 13.54 221.83  19.33  4  1.38  6.10 219.75  29.76  2.07 13.54 222.59  11.45  0.40 17.92 216.05   8.00  0.15 12.97 291.96  13.67
20020424 060000  8.2 198.6  2.33 13.37 222.09  19.20  3  2.29 13.37 221.95  18.86  0.42 17.81 217.00   7.81  0.17 14.34 291.52  12.54
20020424 090000  6.4 189.4  2.11 13.24 222.87  19.31  3  2.06 13.23 222.65  18.85  0.43 17.72 218.62   7.89  0.18 14.42 292.78  12.39
20020424 120000  5.2 148.8  1.89 12.91 223.58  19.92  3  1.83 12.91 223.32  19.35  0.46 17.04 218.31   7.83  0.19 14.43 291.59  12.87
20020424 150000  4.3 132.7  1.69 12.67 224.51  20.06  3  1.60 12.66 224.51  19.65  0.52 16.67 218.16   7.59  0.18 14.43 292.92  13.07
20020424 180000  5.8 212.2  1.58 12.57 225.30  18.69  3  1.47 12.57 225.57  18.23  0.54 16.60 218.41   7.61  0.17 14.43 293.68  14.06
20020424 210000  8.1 213.3  1.61 12.48 225.55  18.92  4  0.63  3.45 220.77  30.99  1.37 12.47 226.91  14.64  0.55 16.39 218.30   7.73  0.16 14.41 294.59  15.07
20020425 000000  9.5 196.3  1.85 12.15 223.99  21.32  5  0.89  4.09 214.69  32.50  1.51 12.13 227.16  14.85  0.57 15.72 218.20   7.95  0.13 14.14 295.98  13.02  0.05 15.58 318.21   6.93
20020425 030000  9.0 180.9  2.12 11.76 222.50  23.93  4  2.03 11.76 222.55  24.32  0.60 15.57 218.54   8.06  0.14 13.31 293.06  12.59  0.07 15.51 318.71   6.77
20020425 060000  9.3 173.3  2.25 11.62 222.21  24.65  4  2.15 11.61 222.10  25.06  0.64 15.43 219.68   8.95  0.15 13.42 292.15  13.63  0.07 15.51 318.23   7.31
20020425 090000  8.5 175.2  2.28 11.49 221.88  24.71  5  1.75  9.29 218.16  28.70  1.29 11.49 227.50  15.42  0.68 14.92 220.52   9.74  0.15 13.46 293.33  12.37  0.07 15.40 317.61   7.42
20020425 120000  9.7 184.3  2.36 11.11 221.24  23.95  3  2.20 11.11 220.82  24.76  0.83 14.61 221.77  10.54  0.17 13.51 298.26  15.24
20020425 150000 10.4 184.2  2.72 14.18 218.66  23.31  3  2.37 11.26 217.62  25.38  1.32 14.20 220.87  11.70  0.16 13.55 298.79  16.28
20020425 180000 12.1 200.4  3.25 13.91 218.52  20.77  2  3.25 13.90 218.46  20.61  0.10 14.51 317.83   6.58
20020425 210000 13.9 198.9  3.85 13.87 218.33  20.59  2  3.84 13.86 218.27  20.42  0.12 14.40 312.48  10.43
20020426 000000 13.3 189.0  4.11 13.88 217.51  21.72  3  2.65  7.66 210.65  29.05  3.14 13.87 221.77  12.22  0.12 14.41 313.13  10.13
20020426 030000 12.5 169.7  4.17 13.95 216.96  22.64  1  4.17 13.95 216.96  22.64
20020426 060000 11.2 160.2  4.07 14.38 217.97  22.09  1  4.07 14.38 217.97  22.09
20020426 090000 11.4 165.6  4.03 15.53 218.09  21.91  1  4.03 15.53 218.09  21.91
20020426 120000 10.0 175.3  4.00 15.76 218.36  21.22  1  4.00 15.76 218.36  21.22
20020426 150000 10.4 170.4  3.94 15.72 218.51  20.98  1  3.94 15.72 218.51  20.98
20020426 180000 11.2 195.4  3.91 15.53 219.46  19.25  1  3.91 15.53 219.46  19.25
20020426 210000 12.8 197.9  3.98 15.36 219.83  19.17  1  3.98 15.36 219.83  19.17
20020427 000000 10.9 190.4  3.94 15.21 220.25  19.89  1  3.94 15.21 220.25  19.89
20020427 030000  8.6 173.8  3.73 14.92 220.89  20.09  1  3.73 14.92 220.89  20.09
20020427 060000  5.9 174.3  3.46 14.55 222.16  18.87  1  3.46 14.55 222.16  18.87
20020427 090000  4.3 177.8  3.24 14.36 223.14  17.76  2  3.24 14.36 223.02  17.39  0.14 15.58 315.88   8.13
20020427 120000  5.5 189.3  3.06 14.19 223.85  17.03  2  3.06 14.18 223.71  16.58  0.15 15.49 316.11   7.95
20020427 150000  6.2 194.5  2.90 13.78 224.09  17.02  3  2.90 13.78 223.92  16.46  0.11 15.44 314.24   8.47  0.10 12.59 317.00   8.36
20020427 180000  7.6 203.9  2.74 13.52 224.32  17.21  3  2.73 13.52 224.12  16.56  0.12 15.38 314.09   8.35  0.11 12.58 317.16   8.18
20020427 210000  8.2 206.4  2.60 13.38 224.36  17.89  3  2.60 13.38 224.12  17.15  0.13 15.25 314.16   8.47  0.10 12.52 317.20   7.91
20020428 000000  9.6 185.8  2.52 13.23 222.88  20.25  4  2.51 13.23 222.61  19.53  0.14 14.96 314.20   8.52  0.10 12.40 317.54   7.84  0.10 21.55 226.69   9.74
20020428 030000  7.2 191.0  2.41 12.85 222.58  21.14  4  1.66  8.12 217.72  25.98  1.73 12.86 226.13  11.95  0.17 14.67 315.40   8.54  0.11 21.35 228.02   8.94
20020428 060000  8.6 191.0  2.32 12.68 222.30  21.12  5  1.63  7.91 218.42  25.63  1.63 12.68 225.23  12.03  0.14 14.52 314.71   8.61  0.13 20.89 228.97   8.97  0.09 11.81 317.96   8.51
20020428 090000  7.5 189.0  2.28 12.63 221.22  21.29  5  1.61  7.69 218.29  25.94  1.60 12.63 223.25  12.23  0.14 14.41 315.35   8.57  0.13 20.88 232.44   7.59  0.08 11.76 317.80   7.66
20020428 120000  6.1 205.4  2.24 12.64 221.07  20.33  4  1.50  7.45 218.84  25.50  1.66 12.64 222.16  12.06  0.14 14.32 315.61   8.45  0.09 11.78 317.38   7.98
20020428 150000  4.3 191.0  2.21 12.67 221.04  19.15  4  1.75 12.66 221.35  11.50  1.34  7.31 219.43  25.52  0.15 14.21 315.57   8.34  0.09 11.75 318.22   7.34
20020428 180000  2.2 184.5  2.20 13.29 221.92  17.30  3  1.91 13.22 222.07  11.29  1.08  7.13 219.65  25.45  0.18 14.04 316.24   8.09
20020428 210000  1.4 103.2  2.23 13.60 223.16  15.57  2  2.22 13.59 222.76  14.01  0.18 13.82 316.10   8.12
20020429 000000  2.7 174.3  2.30 13.51 224.55  14.23  2  2.29 13.50 224.15  12.57  0.19 13.70 315.87   8.31
20020429 030000  3.8 146.3  2.36 14.08 225.60  14.00  2  2.36 14.11 225.23  12.43  0.19 13.58 315.72   8.49
20020429 060000  4.7 162.9  2.42 14.14 226.54  13.93  2  2.41 14.16 226.20  12.51  0.19 13.45 315.98   8.40
20020429 090000  4.5 159.6  2.45 13.53 227.12  14.07  2  2.45 13.54 226.80  12.78  0.18 13.33 316.39   8.57
20020429 120000  4.2 168.1  2.47 13.32 227.67  14.33  2  2.47 13.33 227.36  13.09  0.18 13.21 316.87   8.96
20020429 150000  7.4 192.1  2.49 13.14 227.46  15.92  3  2.48 13.15 227.18  14.82  0.18 13.03 317.14   9.32  0.10 23.30 208.91   6.68
20020429 180000  9.0 192.4  2.54 12.77 225.97  18.92  4  0.92  4.25 204.46  29.13  2.36 12.77 228.56  13.25  0.18 12.87 318.40  11.81  0.15 22.19 209.19   6.93
20020429 210000 11.6 196.5  2.66 12.64 223.76  21.40  4  1.42  5.20 208.99  30.29  2.23 12.63 228.74  11.45  0.23 21.61 209.62   6.88  0.18 12.79 317.15  10.20
20020430 000000 12.8 195.2  2.82 12.57 221.82  22.91  3  2.79 12.57 221.74  22.43  0.33 20.55 210.21   6.96  0.18 12.75 316.34   9.33
20020430 030000 11.1 185.3  2.84 12.44 220.96  24.30  4  1.97  6.59 211.04  29.53  1.98 12.43 229.73  11.09  0.45 20.07 210.82   7.16  0.18 12.69 315.76   8.76
20020430 060000 10.9 179.5  2.73 12.14 221.04  24.53  4  1.90  7.03 211.42  29.85  1.87 12.13 230.24  11.30  0.58 19.14 211.71   7.30  0.17 12.58 315.58   8.60
20020430 090000  9.4 173.1  2.66 11.87 220.57  24.71  4  1.80  7.34 210.45  30.54  1.81 11.86 230.03  11.77  0.70 18.75 212.97   7.98  0.16 12.44 315.79   8.38
20020430 120000  8.6 190.7  2.58 11.71 221.09  23.53  3  2.41 11.70 221.74  24.21  0.90 17.92 215.05   9.40  0.15 12.32 315.93   8.43
20020430 150000  8.6 169.0  2.58 17.67 219.74  23.99  3  2.29 11.51 220.51  25.92  1.16 17.67 216.12   8.95  0.15 12.20 315.92   8.65
20020430 180000 11.6 196.6  2.70 17.14 218.97  22.31  4  2.32 11.22 219.54  24.81  1.13 17.14 214.81   9.30  0.79 19.98 221.22   7.91  0.14 12.09 315.88   8.64
20020430 210000 13.4 195.1  3.11 16.91 217.37  22.05  3  2.62  7.19 217.06  25.24  1.68 16.91 217.71   8.83  0.13 12.03 316.09   8.08
20020501 000000 14.2 190.4  3.54 18.69 216.46  22.74  3  2.96  7.68 215.75  26.55  1.37 18.71 219.92   8.54  1.37 16.32 215.96   8.29
