Date     Time   Uabs UDir  hs    tp    th     sp     np hs(i) tp(i) th(i)  sp(i)
20030601 000000  6.6 183.4  2.63 15.39 213.32  21.10  3  1.46  6.65 202.31  30.06  2.18 15.37 216.85  10.09  0.25 15.51 303.42  11.68
20030601 030000  6.4 164.6  2.56 15.34 214.74  19.24  3  1.35  6.68 207.02  28.33  2.16 15.31 216.72  10.12  0.24 15.51 303.26  12.05
20030601 060000  4.7 145.5  2.46 15.29 215.62  17.66  3  2.16 15.26 216.87  10.34  1.15  6.62 208.59  27.95  0.21 15.51 303.81  12.69
20030601 090000  3.6 125.7  2.36 15.22 216.22  15.91  3  2.16 15.20 216.75  10.52  0.93  6.51 210.73  27.76  0.18 15.51 305.52  13.24
20030601 120000  4.9 164.2  2.29 15.13 216.50  14.79  2  2.28 15.12 216.19  13.60  0.17 15.28 307.29  11.98
20030601 150000  5.7 194.5  2.26 14.96 216.54  14.89  3  2.25 15.03 215.97  12.92  0.19 14.55 305.18  11.96  0.12  9.83 274.36  15.13
20030601 180000  6.8 199.8  2.27 14.80 216.65  15.75  4  0.75  5.56 211.42  26.19  2.13 14.91 216.34  10.11  0.24 14.50 304.29  11.29  0.13 10.00 272.08  15.03
20030601 210000  5.5 209.6  2.28 14.72 217.20  16.41  3  2.26 14.84 216.20  13.19  0.27 14.50 303.76  11.41  0.14  9.96 272.62  15.35
20030602 000000  2.1 156.8  2.27 14.70 217.42  16.57  4  2.10 14.81 216.23  10.14  0.81  5.82 217.48  25.78  0.28 14.49 303.53  11.70  0.14  9.92 272.68  15.39
20030602 030000  1.7 197.9  2.27 14.72 217.57  16.06  3  2.25 14.83 216.62  12.91  0.26 14.49 303.70  12.15  0.14  9.71 273.77  15.50
20030602 060000  3.6 186.6  2.28 14.78 217.50  15.42  3  2.27 14.89 216.71  12.76  0.23 14.49 304.70  12.73  0.15  9.69 273.50  15.48
20030602 090000  3.0  65.9  2.28 14.89 217.38  14.88  5  2.27 14.99 216.71  12.57  0.17 14.46 302.73  12.85  0.14  9.68 269.18   6.78  0.11 11.80 314.85   8.52  0.07 16.68 313.88   7.31
20030602 120000  4.4  21.9  2.27 15.03 217.41  18.23  4  2.27 15.09 216.90  16.66  0.16 14.06 303.45  12.31  0.11 11.76 314.76   8.58  0.08 16.62 313.16   8.66
20030602 150000  3.8 100.2  2.29 15.12 217.38  17.88  4  2.27 15.13 216.74  15.86  0.19 13.59 303.20  11.29  0.11 11.75 314.91   8.55  0.08 16.59 312.23   9.99
20030602 180000  3.0 171.5  2.32 15.15 217.84  16.63  4  2.30 15.14 217.05  13.86  0.22 13.55 302.51  10.92  0.11 11.74 315.06   8.75  0.10 16.39 311.86   9.37
20030602 210000  6.1 195.5  2.35 15.15 217.73  16.42  5  2.00 15.14 215.73   9.38  1.20  8.75 220.10  20.18  0.25 13.55 302.35  11.09  0.11 11.71 316.43   9.26  0.11 15.80 310.49   9.36
20030603 000000  5.5 175.0  2.35 15.18 217.34  17.49  5  1.98 15.15 215.58   9.41  1.22  8.75 218.80  22.80  0.25 13.54 302.13  11.26  0.11 15.60 311.63   8.34  0.11 11.64 316.92  10.22
20030603 030000  7.6 164.4  2.33 15.20 216.26  19.80  5  2.01 15.17 215.73   9.63  1.13  8.20 212.88  28.25  0.26 13.54 304.17  12.30  0.18  9.84 300.02  41.97  0.12 15.55 312.21   8.40
20030603 060000  6.5 144.1  2.33 15.20 215.23  21.84  4  2.30 15.17 214.12  18.52  0.24 13.54 304.60  12.57  0.19  9.71 316.26  41.67  0.13 15.53 311.89   9.39
20030603 090000  6.1 139.9  2.29 15.19 215.22  21.70  5  2.27 15.17 214.18  18.41  0.22 13.54 305.21  13.52  0.19  9.77 322.28  41.00  0.11 15.52 314.99   7.39  0.06 19.02 297.86   9.43
20030603 120000  4.1 157.8  2.26 15.14 215.50  20.36  4  2.24 15.15 214.71  17.95  0.22 13.51 305.45  12.89  0.12 10.97 332.30  22.21  0.08 19.00 297.86  10.01
20030603 150000  3.9 170.5  2.21 15.05 215.98  18.58  5  2.20 15.08 215.18  15.88  0.16 14.45 310.39   8.48  0.15 12.66 301.46  11.99  0.11 10.98 328.15  21.13  0.08 19.00 297.97  10.60
20030603 180000  4.4 193.2  2.17 14.92 216.33  17.41  5  2.16 14.99 215.44  14.27  0.18 12.66 298.94  14.70  0.15 14.53 311.90   8.06  0.11 10.98 323.17  18.50  0.07 19.00 298.27  11.09
20030603 210000  4.9 209.2  2.12 14.85 216.72  16.79  6  2.10 14.92 215.62  12.68  0.19 12.65 301.61  12.74  0.15 14.52 312.30   8.27  0.13 10.07 288.26  37.73  0.09 10.97 315.90   8.01  0.06 18.95 299.93   9.98
20030604 000000  7.0 198.8  2.10 14.81 216.91  17.05  6  2.08 14.88 215.76  13.04  0.19 12.66 302.52  11.53  0.15 14.51 312.99   8.32  0.13 10.20 275.69  27.43  0.09 10.94 315.87   7.58  0.08 18.02 297.96   9.71
20030604 030000  3.8 152.0  2.04 14.77 217.30  17.89  5  2.02 14.84 215.99  13.80  0.22 12.69 304.70  12.07  0.14  9.91 271.94  21.00  0.13 14.51 314.24   7.33  0.11 17.79 297.42   9.63
20030604 060000  2.1 122.9  1.95 14.73 218.01  17.82  4  1.92 14.79 216.49  13.10  0.25 12.74 306.93  11.20  0.14 10.04 270.89  16.53  0.13 17.76 297.24  10.18
20030604 090000  1.8 123.8  1.85 14.72 218.59  17.71  4  1.82 14.79 216.83  12.17  0.26 12.87 306.77  11.23  0.15 10.13 268.68  13.81  0.14 17.76 296.79  11.24
20030604 120000  5.3  47.2  1.75 14.78 218.52  21.78  5  1.72 14.87 216.55  17.28  0.25 13.22 306.31  10.95  0.16 10.25 267.41  11.57  0.12 17.75 296.53  12.13  0.08 10.24 315.59   8.12
20030604 150000  1.6 319.7  1.63 14.96 219.13  21.25  5  1.60 15.02 216.94  16.04  0.24 13.40 307.70   9.80  0.17 10.25 267.29   9.07  0.10 17.75 296.70  12.84  0.08 10.25 315.24   8.25
20030604 180000  0.9 103.9  1.49 15.12 219.88  20.17  6  1.46 15.14 217.32  13.34  0.19 13.48 310.28   8.82  0.18 10.22 267.27   9.31  0.13 11.84 303.13  10.02  0.10 17.55 297.33  11.15  0.09 10.31 315.42   7.99
20030604 210000  3.1 264.2  1.36 15.44 221.07  20.64  5  1.32 15.36 217.78  11.81  0.19 10.18 267.63   8.88  0.17 11.86 306.82   9.85  0.17 13.52 312.23   8.50  0.13 16.68 297.12   9.85
20030605 000000  3.4 187.8  1.29 16.20 223.14  22.38  5  1.24 15.85 219.04  12.93  0.20 11.99 307.28  10.18  0.19 10.13 267.63   8.53  0.17 16.61 297.14   9.98  0.13 13.57 313.06   7.34
20030605 030000  3.5  91.9  1.31 16.00 223.96  25.45  4  1.26 15.74 219.67  18.09  0.24 12.16 308.32   9.93  0.19 10.08 267.71   8.44  0.19 16.60 297.24  10.46
20030605 060000  1.8   4.2  1.67 15.20 227.59  20.08  3  1.64 15.17 225.71  15.68  0.24 12.44 307.82   9.88  0.18 16.60 296.99  11.13
20030605 090000  4.2 341.1  2.27 14.24 231.70  19.66  3  2.25 14.25 230.81  17.83  0.24 12.49 307.49   9.99  0.15 16.60 296.41  12.45
20030605 120000  2.4 317.4  2.59 13.45 234.50  18.52  3  2.58 13.49 233.90  17.27  0.24 12.51 307.15  10.33  0.11 16.59 300.07  10.31
20030605 150000  3.7 119.3  2.60 12.98 236.97  18.90  3  2.22 12.50 242.18  17.21  1.34 14.76 221.29   9.32  0.24 12.51 307.32  10.24
20030605 180000  5.4 125.0  2.50 12.76 238.54  22.01  4  2.15 12.38 244.48  20.30  1.25 14.83 219.07   8.21  0.22 12.53 308.33   9.46  0.16 15.62 291.69  13.27
20030605 210000  2.8 116.4  2.38 12.67 240.51  22.79  4  2.00 11.88 247.17  21.21  1.26 14.59 221.73   9.36  0.21 12.46 308.65   9.15  0.20 15.54 293.36  13.53
20030606 000000  6.9 198.7  2.30 12.56 241.78  22.87  4  1.87 11.10 250.36  20.21  1.30 14.60 222.05   9.48  0.22 15.52 295.41  12.43  0.20 12.23 308.49   8.71
20030606 030000  7.3 168.7  2.29 12.46 239.57  25.72  5  0.53  3.13 173.08  31.97  1.79 11.64 251.28  16.81  1.29 14.67 222.36   9.43  0.22 15.51 296.28  12.14  0.19 11.91 308.39   8.63
20030606 060000  8.3 179.1  2.38 14.46 235.96  26.03  5  0.71  3.64 184.42  32.66  1.68 14.41 226.97  11.22  1.50 11.09 254.89  16.30  0.19 15.50 295.93  13.24  0.18 11.84 307.85   8.91
20030606 090000  9.0 177.5  2.58 14.08 232.22  25.38  4  0.90  4.19 189.15  31.42  2.40 14.08 236.67  18.09  0.18 11.81 307.57   8.97  0.15 15.51 297.60  12.67
20030606 120000  7.3 182.4  2.74 13.56 230.12  23.94  4  1.08  4.79 199.64  32.33  2.51 13.56 234.43  17.30  0.17 11.82 306.14  10.46  0.12 15.45 295.91  13.61
20030606 150000  8.4 182.6  2.85 13.76 228.13  22.68  3  2.39 12.55 231.88  25.04  1.56 14.77 219.61  11.15  0.13 14.90 292.12  14.34
20030606 180000  9.9 192.8  3.07 14.22 224.70  22.33  4  2.52 12.97 229.71  24.30  1.74 14.69 214.20   9.07  0.15 14.53 295.72  11.30  0.15 11.78 307.38   9.64
20030606 210000 10.2 191.5  3.24 13.76 222.94  22.27  4  3.19 13.82 222.31  21.92  0.51 12.66 235.00   0.00  0.18 14.49 296.45  11.13  0.13 11.72 308.17   8.80
20030607 000000  8.2 195.2  3.27 13.34 222.12  22.44  4  3.26 13.32 221.81  21.89  0.20 14.49 297.34  11.26  0.12 11.65 308.09   8.74  0.07 23.39 219.36   8.06
20030607 030000  8.2 168.5  3.16 12.89 221.34  22.89  3  3.16 12.89 221.08  22.45  0.21 14.49 299.29  11.96  0.10 23.21 219.93   8.07
20030607 060000  6.0 165.2  2.91 12.57 221.33  22.58  5  2.87 12.40 220.73  22.21  0.42 12.66 235.00   0.00  0.17 14.49 299.05  11.47  0.14 22.13 219.86   8.03  0.10 11.28 307.69   8.49
20030607 090000  6.3 152.4  2.62 12.34 221.11  22.40  5  2.48 12.53 218.69  22.01  0.81 12.20 240.14   6.75  0.18 21.85 220.15   8.17  0.15 14.49 299.33  11.96  0.10 11.18 307.85   8.46
20030607 120000  4.7 158.8  2.36 12.02 220.79  21.92  5  2.26 11.19 218.92  21.50  0.63 12.08 240.60   6.53  0.22 21.65 220.30   8.11  0.12 14.46 298.97  13.01  0.09 11.13 308.11   8.47
20030607 150000  3.8 153.5  2.17 11.85 220.51  21.05  5  2.05 12.43 218.01  20.26  0.64 11.56 242.33   7.81  0.28 20.62 220.31   8.15  0.12 14.17 296.81  13.22  0.09 11.11 308.40   8.67
20030607 180000  5.3 199.9  2.06 11.72 219.97  20.13  5  1.95 12.33 218.11  19.47  0.53 11.55 239.59   5.56  0.33 20.42 220.53   8.26  0.13 13.58 297.20  11.57  0.09 11.09 308.54   8.67
20030607 210000  6.7 201.9  2.01 11.58 218.77  19.82  6  1.93 11.91 217.37  18.89  0.38 11.13 240.03   5.00  0.37 20.20 220.70   8.21  0.15 13.55 296.53  11.52  0.08 11.08 308.70   8.77  0.05 17.83 294.01  11.90
20030608 000000  4.4 183.7  1.95 11.45 217.76  19.86  5  1.89 11.47 216.98  18.87  0.44 19.24 220.51   8.08  0.17 13.54 297.03  11.58  0.08 11.06 308.71   8.83  0.05 17.77 294.41  12.05
20030608 030000  3.6 157.1  1.85 11.39 217.01  19.67  4  1.78 11.42 215.95  18.42  0.49 19.08 220.97   9.00  0.18 13.54 297.70  11.75  0.08 11.04 308.57   8.86
20030608 060000  3.6 142.1  1.73 11.50 216.31  19.47  5  1.64 11.52 214.91  17.96  0.51 18.88 220.82   7.98  0.18 13.54 298.02  12.02  0.08 11.05 306.51  10.60  0.07 17.75 259.25   7.46
20030608 090000  3.9 125.2  1.63 17.95 215.54  19.38  6  1.52 11.60 213.84  18.00  0.56 17.97 220.36   7.74  0.16 13.53 298.47  12.55  0.09 17.54 258.65   7.30  0.08 10.99 308.09   8.91  0.05 17.42 297.66  11.28
20030608 120000  4.8  84.5  1.54 17.81 214.32  21.81  6  1.41 11.64 212.14  21.19  0.58 17.83 220.23   7.76  0.14 13.52 299.21  13.26  0.11 16.79 257.36   7.67  0.08 10.94 308.21   8.86  0.05 17.03 296.88  11.33
20030608 150000  4.1  71.2  1.45 17.69 213.48  25.29  5  1.31 11.62 210.55  25.49  0.59 17.72 220.58   7.97  0.14 13.46 301.96  13.41  0.13 16.59 258.33   7.11  0.05 16.82 297.35  10.36
20030608 180000  3.1  22.4  1.37 16.91 214.21  22.22  5  1.21 11.56 210.88  21.70  0.61 16.97 220.32   7.95  0.15 16.21 258.73   6.64  0.14 12.89 301.72  13.24  0.06 16.71 297.60  10.34
20030608 210000  6.4  50.4  1.35 16.68 214.41  34.35  7  0.37  2.62  45.93  32.29  1.10 11.39 211.17  14.63  0.64 16.71 220.32   8.10  0.18 15.62 258.05   7.05  0.14 12.66 299.09  12.91  0.06 10.34 308.35   9.75  0.06 16.66 298.04  10.32
20030609 000000  8.3  70.4  1.36 16.62 210.38  48.24  8  0.57  3.21  59.25  31.20  1.02 11.21 210.50  14.15  0.58 16.65 219.16   7.91  0.28 19.38 227.03   6.93  0.19 15.45 258.40   6.84  0.16 12.64 298.00  12.31  0.07 10.40 309.33   9.35  0.06 16.62 298.74  10.41
20030609 030000  8.4  74.9  1.43 16.53 195.00  60.65  8  0.81  3.96  72.02  31.58  0.93 11.11 209.08  11.46  0.58 16.57 219.09   7.60  0.25 19.20 229.02   5.74  0.21 14.71 257.43   7.76  0.19 12.64 299.37  12.42  0.13  9.21 269.57   7.56  0.06 16.54 299.88  10.58
20030609 060000  4.0   4.1  1.27 15.86 209.71  51.09  6  0.87 11.02 208.65  11.03  0.63 15.92 220.69   8.31  0.58  4.02  66.76  38.37  0.24 14.53 258.88  13.08  0.20 12.64 299.43  12.35  0.13  9.28 269.30   7.50
20030609 090000  4.6 335.4  1.17 15.66 218.56  42.36  7  0.42  3.77  38.04  51.17  0.82 10.91 208.83  13.45  0.53 15.70 218.34   7.80  0.35 18.55 226.36   7.63  0.26 14.08 260.15  12.18  0.19 12.63 301.38  10.97  0.14  9.27 268.79   8.12
20030609 120000  5.0 352.9  1.16 15.64 228.80  45.16  7  0.49  3.64 341.05  35.33  0.76 10.74 206.98  13.23  0.54 15.67 218.68   8.14  0.33 18.28 227.08   7.59  0.27 13.62 259.93  12.05  0.18 12.63 302.28  10.90  0.14  9.21 269.10   7.51
20030609 150000  7.2 342.8  1.24 15.68 248.20  53.83  6  0.71  4.68 335.41  27.25  0.70 10.51 207.33  10.85  0.64 15.72 220.72   8.79  0.29 13.48 259.77  11.52  0.17 12.61 303.56  10.86  0.15  9.14 268.99   8.36
20030609 180000  9.5 339.2  1.58 15.85 294.79  55.27  6  1.23  5.21 333.31  24.60  0.65 15.97 220.44   8.95  0.63 10.42 207.02   9.53  0.31 13.09 259.47  11.35  0.16  9.05 267.88   7.91  0.16 12.55 304.36  10.94
20030609 210000  8.8 342.7  1.80  6.01 307.97  51.55  6  1.51  6.00 332.88  26.15  0.68 16.26 219.75   9.35  0.57 10.37 206.49   8.59  0.33 12.78 259.08  10.92  0.16  8.95 268.49   8.08  0.15 12.19 304.14  11.46
20030610 000000 11.4 352.9  2.05  6.42 320.00  48.29  6  1.81  6.41 336.57  26.44  0.70 14.93 218.74   9.78  0.51 10.33 206.28   8.07  0.34 12.65 258.80  10.88  0.17  8.97 268.13   8.24  0.15 11.84 303.46  10.74
20030610 030000 13.2 345.5  2.52  6.97 327.28  40.92  6  2.35  6.96 335.81  25.40  0.70 14.97 218.18  10.04  0.45 10.31 206.18   7.55  0.34 12.48 257.47   8.20  0.15 11.79 302.22  10.59  0.06 15.72 303.75   9.10
20030610 060000 11.7 346.2  2.60  7.33 327.16  40.39  7  2.44  7.33 335.12  26.81  0.72 15.00 217.63  10.30  0.36 10.37 205.98   7.58  0.36 12.12 258.25   8.25  0.14 11.85 300.99  10.60  0.13  9.43 266.22   6.99  0.06 15.71 304.19   9.02
20030610 090000 10.7 353.6  2.36  7.17 323.17  44.14  6  2.17  7.17 334.07  29.93  0.74 14.95 217.59  10.44  0.38 11.90 259.08  10.64  0.32 10.73 205.74   7.53  0.19  9.46 262.51   6.54  0.17 11.80 301.16  10.79
20030610 120000 10.5 359.3  2.23  6.91 313.15  47.50  6  1.89  6.76 335.25  31.35  0.75  8.14 270.98  11.09  0.62 13.70 211.47   9.42  0.52 15.80 222.99   9.57  0.40 11.77 258.48  10.23  0.17 11.79 302.55  10.46
20030610 150000  9.7   5.9  2.25  6.93 303.64  48.91  6  1.62  6.51 345.10  28.82  1.25  8.04 273.43  15.38  0.65 14.06 213.47  10.03  0.47 15.94 223.15  10.34  0.43 11.59 258.17  10.22  0.18 11.76 302.52  10.26
20030610 180000  8.1   0.2  2.20  7.87 293.30  47.97  5  1.43  6.36 345.51  29.72  1.40  8.20 271.50  16.33  0.81 14.85 217.53  11.22  0.40 11.51 260.44  10.06  0.15 11.85 299.79  10.67
20030610 210000  5.0 324.8  2.12  8.57 281.60  43.14  4  1.11  6.15 345.17  27.67  1.50  8.56 274.47  18.04  0.81 14.95 218.23  11.31  0.59 10.77 258.75   9.75
20030611 000000  3.9 330.7  2.09  9.34 274.21  37.63  3  1.77  9.28 273.99  19.73  0.81 14.81 218.85  11.54  0.77  5.89 351.45  21.60
20030611 030000  1.0  63.3  2.10 10.03 270.71  33.01  2  1.94  9.90 279.20  27.98  0.81 14.55 220.05  12.45
20030611 060000  3.0  89.4  2.12 10.31 268.94  29.44  3  1.96 10.12 276.55  24.18  0.77 14.30 219.38  11.17  0.24 17.97 250.49   7.93
20030611 090000  3.0 109.4  2.16 10.67 267.53  27.50  3  2.00 10.49 274.42  22.71  0.76 14.04 220.06  11.52  0.33 17.63 251.75   8.08
20030611 120000  1.4 182.5  2.20 10.88 266.59  24.53  3  2.03 10.80 272.76  19.77  0.75 13.79 222.19  13.26  0.40 17.01 252.84   7.76
20030611 150000  2.1 101.1  2.21 11.21 265.53  22.44  3  2.02 11.12 271.44  17.90  0.71 13.61 222.37  12.77  0.54 16.48 252.14   7.83
20030611 180000  2.9 228.5  2.17 11.63 264.48  21.06  3  1.97 11.38 269.94  17.06  0.66 13.99 222.68  12.68  0.62 15.80 253.37   8.36
20030611 210000  1.3 262.3  2.10 11.84 263.51  20.08  4  1.89 11.52 268.58  16.74  0.70 15.47 253.47   7.96  0.57 13.33 220.46  10.96  0.05 20.25 223.82   7.58
20030612 000000  4.3  27.9  2.02 14.17 262.46  19.45  2  1.72 11.59 269.02  16.49  1.06 14.43 244.84  15.96
20030612 030000  5.6  39.5  1.99 13.53 262.06  24.55  2  1.66 11.64 269.22  24.87  1.10 13.86 246.60  15.21
20030612 060000  5.7   0.3  2.01 13.29 261.78  25.95  1  2.01 13.29 261.78  25.95
20030612 090000  7.1   3.1  2.11 12.85 263.32  28.32  2  2.10 12.85 263.48  28.28  0.14 18.91 228.25  11.34
20030612 120000  5.1 325.9  2.21 12.56 263.17  26.57  2  2.20 12.56 263.42  26.52  0.20 19.16 233.35  13.45
20030612 150000  4.8  14.1  2.26 12.40 262.20  24.34  3  2.24 12.40 262.68  24.33  0.27 21.41 251.09   9.77  0.20 18.25 225.56   8.06
20030612 180000  4.1 351.4  2.32 12.22 260.87  22.81  3  2.17 12.22 262.29  23.50  0.69 18.47 253.40  15.98  0.46 21.73 247.68   8.27
20030612 210000  4.2 356.6  2.61 20.11 257.43  20.46  2  2.11 11.91 262.04  22.87  1.54 20.11 249.36  11.14
20030613 000000  4.4   6.3  3.29 19.16 253.11  17.25  2  2.54 19.16 248.38  10.81  2.09 11.96 260.52  21.94
20030613 030000  1.2  76.4  4.04 18.61 250.59  14.86  1  4.04 18.61 250.59  14.86
20030613 060000  1.6 121.6  4.49 17.68 249.35  13.93  1  4.49 17.68 249.35  13.93
20030613 090000  1.7  78.7  4.62 17.30 248.61  13.69  1  4.62 17.30 248.61  13.69
20030613 120000  2.3 111.3  4.56 16.77 247.97  13.89  1  4.56 16.77 247.97  13.89
20030613 150000  2.7 144.3  4.43 16.48 247.42  14.17  1  4.43 16.48 247.42  14.17
20030613 180000  4.3 176.0  4.26 16.24 246.78  14.75  1  4.26 16.24 246.78  14.75
20030613 210000  2.9 180.1  4.03 15.80 246.40  14.85  1  4.03 15.80 246.40  14.85
20030614 000000  4.2 156.6  3.77 15.49 245.95  15.20  1  3.77 15.49 245.95  15.20
20030614 030000  3.2 149.1  3.49 15.27 245.46  15.51  1  3.49 15.27 245.46  15.51
20030614 060000  1.4  79.5  3.25 15.00 244.99  15.60  1  3.25 15.00 244.99  15.60
20030614 090000  3.8 354.9  3.13 14.59 244.36  16.76  1  3.13 14.59 244.36  16.76
20030614 120000  9.4  10.3  3.18 14.35 244.94  22.29  1  3.18 14.35 244.94  22.29
20030614 150000 12.5   3.3  3.28 14.07 252.32  35.53  2  1.27  4.76 343.79  32.70  3.03 14.07 243.53  15.08
20030614 180000 16.6 344.7  3.67 13.55 277.80  46.80  2  2.45  6.39 331.51  32.00  2.73 13.55 243.30  13.42
20030614 210000 11.8 301.2  3.94 13.36 281.52  41.12  2  2.97  7.76 313.73  31.34  2.59 13.36 243.94  12.83
20030615 000000  6.1 293.8  3.67 13.15 270.51  37.72  1  3.67 13.15 270.51  37.72
20030615 030000  2.5 279.5  3.42 12.63 264.27  34.73  1  3.42 12.63 264.27  34.73
20030615 060000  1.5 116.6  3.33 12.43 259.39  31.35  1  3.33 12.43 259.39  31.35
20030615 090000  3.5 128.4  3.35 12.21 256.91  28.56  1  3.35 12.21 256.91  28.56
20030615 120000  4.7 109.4  3.24 11.74 256.32  27.28  1  3.24 11.74 256.32  27.28
20030615 150000  4.5 147.0  3.04 11.61 256.09  26.87  1  3.04 11.61 256.09  26.87
20030615 180000  6.3 183.3  2.84 11.51 255.51  26.61  1  2.84 11.51 255.51  26.61
20030615 210000  6.7 194.7  2.66 11.31 254.62  26.53  1  2.66 11.31 254.62  26.53
20030616 000000  6.2 196.5  2.53 11.14 253.48  26.47  1  2.53 11.14 253.48  26.47
20030616 030000  6.7 185.1  2.42 11.05 252.80  26.27  1  2.42 11.05 252.80  26.27
20030616 060000  7.3 170.0  2.33 10.99 251.75  26.76  1  2.33 10.99 251.75  26.76
20030616 090000  6.9 160.0  2.30 11.00 249.70  27.56  1  2.30 11.00 249.70  27.56
20030616 120000  6.2 151.3  2.34 11.15 247.29  26.99  1  2.34 11.15 247.29  26.99
20030616 150000  7.8 168.9  2.46 11.46 243.80  26.65  2  0.62  3.44 169.27  33.01  2.38 11.46 247.09  20.16
20030616 180000 10.2 190.0  2.67 11.72 239.60  25.08  2  0.92  3.97 197.87  31.86  2.51 11.72 244.21  19.15
20030616 210000 10.4 196.1  2.95 12.14 235.63  24.08  2  1.24  4.85 208.88  31.20  2.68 12.14 240.61  18.54
20030617 000000  7.3 193.7  3.13 13.17 233.85  22.45  2  1.22  5.26 211.35  31.97  2.89 13.17 237.30  18.05
20030617 030000  6.9 208.0  3.19 13.05 233.50  20.46  1  3.19 13.05 233.50  20.46
20030617 060000  7.9 184.3  3.18 13.00 232.66  20.01  1  3.18 13.00 232.66  20.01
20030617 090000  5.8 160.4  3.08 12.97 232.19  19.93  1  3.08 12.97 232.19  19.93
20030617 120000  6.7 189.2  2.98 13.03 231.87  19.11  1  2.98 13.03 231.87  19.11
20030617 150000  5.5 176.0  2.91 13.24 230.88  18.89  2  2.83 13.24 231.68  19.04  0.67 17.24 217.14   7.44
20030617 180000  6.7 197.6  2.87 13.32 229.90  18.24  2  2.62 13.32 232.08  18.89  1.17 16.17 219.34   8.88
20030617 210000  7.8 196.5  2.85 13.32 228.62  18.32  3  0.65  3.57 204.26  29.60  2.40 13.21 232.29  17.66  1.39 15.71 222.61  10.30
20030618 000000  5.9 202.8  2.77 15.13 228.21  18.05  1  2.77 15.13 228.21  18.05
20030618 030000  5.7 182.4  2.64 14.49 228.15  17.64  1  2.64 14.49 228.15  17.64
20030618 060000  5.0 166.2  2.48 14.30 228.06  17.71  1  2.48 14.30 228.06  17.71
20030618 090000  4.0 134.0  2.30 14.15 228.17  17.79  1  2.30 14.15 228.17  17.79
20030618 120000  3.2 122.0  2.11 13.91 228.63  17.79  2  2.10 13.91 228.54  17.58  0.08 11.87 304.22   9.29
20030618 150000  2.2 149.2  1.93 13.74 229.21  17.90  2  1.93 13.74 229.10  17.68  0.08 11.86 304.47   9.30
20030618 180000  4.4 179.4  1.85 13.78 229.06  18.35  2  1.85 13.78 228.96  18.13  0.08 11.84 304.39   9.16
20030618 210000  5.1 178.9  1.91 13.69 228.69  18.32  2  1.91 13.69 228.60  18.14  0.07 11.80 303.37   9.52
20030619 000000  5.0 171.0  2.06 13.60 229.07  17.44  1  2.06 13.60 229.07  17.44
20030619 030000  3.8 145.3  2.24 13.81 229.92  16.42  1  2.24 13.81 229.92  16.42
20030619 060000  5.4 149.1  2.40 14.19 230.61  16.42  1  2.40 14.19 230.61  16.42
20030619 090000  4.6 134.0  2.49 14.06 231.41  17.01  2  2.38 14.06 231.00  17.53  0.72 18.22 235.69   8.50
20030619 120000  5.0 167.7  2.53 13.86 232.76  16.74  2  2.29 13.86 232.65  17.97  1.08 17.57 233.25   9.33
20030619 150000  4.1 157.4  2.56 16.62 233.85  17.40  2  2.15 13.82 234.76  19.79  1.39 16.82 231.78   9.24
20030619 180000  5.7 199.7  2.59 16.38 234.52  17.33  3  1.73 16.38 229.87   8.78  1.68 13.32 231.67  12.00  0.95  8.43 262.90  27.28
20030619 210000  6.6 212.5  2.67 15.97 234.35  17.32  2  2.47 15.97 230.50  10.29  1.01  8.46 260.75  27.60
20030620 000000  5.6 207.4  2.78 15.53 234.01  17.00  1  2.78 15.53 234.01  17.00
20030620 030000  4.3 166.9  2.89 15.28 233.48  16.70  1  2.89 15.28 233.48  16.70
20030620 060000  4.0 169.4  2.95 14.96 233.18  16.27  1  2.95 14.96 233.18  16.27
20030620 090000  2.4 174.7  2.98 14.77 233.12  15.94  1  2.98 14.77 233.12  15.94
20030620 120000  2.8 138.7  3.01 14.99 233.10  15.77  1  3.01 14.99 233.10  15.77
20030620 150000  0.6 213.3  3.02 15.60 233.03  15.77  1  3.02 15.60 233.03  15.77
20030620 180000  4.0 191.8  3.06 15.50 232.72  15.85  1  3.06 15.50 232.72  15.85
20030620 210000  6.5 198.2  3.18 15.43 231.62  16.23  1  3.18 15.43 231.62  16.23
20030621 000000  4.6 146.4  3.37 15.33 230.54  16.56  1  3.37 15.33 230.54  16.56
20030621 030000  4.4 136.2  3.48 15.15 230.34  16.42  1  3.48 15.15 230.34  16.42
20030621 060000  6.4 138.3  3.44 14.85 230.53  17.16  1  3.44 14.85 230.53  17.16
20030621 090000  5.9 149.6  3.28 14.54 231.00  18.16  1  3.28 14.54 231.00  18.16
20030621 120000  1.7 162.4  3.07 14.33 232.04  18.20  1  3.07 14.33 232.04  18.20
20030621 150000  1.8 164.8  2.83 14.11 233.45  17.94  1  2.83 14.11 233.45  17.94
20030621 180000  6.0 204.6  2.60 13.68 234.71  18.40  1  2.60 13.68 234.71  18.40
20030621 210000  8.1 206.2  2.43 13.41 235.38  19.92  1  2.43 13.41 235.38  19.92
20030622 000000  5.2 196.8  2.25 13.21 236.65  21.40  1  2.25 13.21 236.65  21.40
20030622 030000  5.3 163.5  2.06 12.78 238.69  22.08  1  2.06 12.78 238.69  22.08
20030622 060000  4.8 165.1  1.99 12.51 240.08  21.84  2  1.87 12.71 236.75  20.92  0.67 11.88 265.63   8.32
20030622 090000  4.6 169.2  2.06 12.36 240.62  20.56  2  2.03 12.51 239.61  20.32  0.40 11.63 266.05   4.14
20030622 120000  5.7 164.1  2.36 12.40 240.82  18.84  2  2.35 12.56 240.45  18.75  0.29 11.83 265.00   0.00
20030622 150000  5.0 180.6  2.88 12.73 240.84  16.75  1  2.88 12.73 240.84  16.75
20030622 180000  7.7 201.1  3.40 15.22 240.14  15.65  1  3.40 15.22 240.14  15.65
20030622 210000 11.3 182.9  3.72 15.28 238.24  18.33  2  0.94  3.96 202.14  33.40  3.60 15.28 240.23  14.39
20030623 000000  6.8 180.3  3.75 14.74 237.42  20.08  1  3.75 14.74 237.42  20.08
20030623 030000  7.7 182.9  3.68 14.42 238.15  18.64  1  3.68 14.42 238.15  18.64
20030623 060000  7.6 179.2  3.65 14.28 237.71  18.43  2  3.48 14.28 239.19  18.61  1.13 18.02 224.21   8.99
20030623 090000  8.1 176.1  3.72 14.36 236.52  18.79  1  3.72 14.36 236.52  18.79
20030623 120000  7.1 168.9  3.83 15.03 235.58  18.79  1  3.83 15.03 235.58  18.79
20030623 150000  8.3 178.6  3.85 14.73 235.36  18.51  1  3.85 14.73 235.36  18.51
20030623 180000 10.1 184.5  3.83 14.47 234.16  19.92  1  3.83 14.47 234.16  19.92
20030623 210000 11.3 186.1  3.80 14.30 232.76  21.33  2  1.36  5.12 200.66  29.27  3.55 14.30 236.79  15.90
20030624 000000 11.0 187.4  3.77 13.94 231.10  22.86  3  1.64  5.65 204.45  30.83  3.39 13.94 236.37  15.88  0.10 15.52 316.61   7.33
20030624 030000  8.9 168.7  3.62 13.73 231.05  23.07  2  3.62 13.73 230.99  22.95  0.11 15.49 316.04   8.03
20030624 060000  8.0 159.0  3.42 13.63 231.91  22.24  2  3.41 13.63 231.84  22.09  0.12 15.45 316.47   7.58
20030624 090000  5.9 151.2  3.25 13.53 232.37  21.14  2  3.24 13.52 232.29  20.96  0.12 15.32 316.43   7.50
20030624 120000  6.1 166.1  3.12 13.39 232.51  19.90  2  3.11 13.39 232.42  19.68  0.13 14.81 316.27   7.50
20030624 150000  5.1 166.8  3.01 13.24 232.34  19.06  2  3.00 13.24 232.23  18.79  0.13 14.58 316.13   7.68
20030624 180000  5.6 196.9  2.88 13.06 232.32  18.11  2  2.88 13.06 232.18  17.76  0.14 14.51 316.03   7.75
20030624 210000  5.2 198.2  2.74 12.87 232.37  17.47  2  2.74 12.87 232.20  17.01  0.15 14.47 315.73   8.07
20030625 000000  4.6 172.9  2.61 12.72 232.20  17.42  2  2.60 12.72 231.99  16.84  0.16 14.42 315.81   7.94
20030625 030000  5.0 158.4  2.46 12.60 231.97  17.74  3  2.46 12.60 231.72  17.05  0.16 14.32 315.81   7.85  0.07 21.93 221.24   7.28
20030625 060000  4.6 124.9  2.31 12.47 231.59  18.60  3  2.30 12.46 231.30  17.83  0.16 14.04 315.53   8.07  0.08 21.69 221.44   7.29
20030625 090000  3.7 132.5  2.14 12.31 231.29  18.85  3  2.13 12.30 230.96  17.97  0.16 13.69 315.69   7.90  0.09 21.33 221.68   7.44
20030625 120000  3.8 105.0  1.96 12.07 230.99  19.49  3  1.95 12.06 230.59  18.45  0.16 13.58 315.88   7.72  0.10 20.91 221.86   7.44
20030625 150000  2.5 110.4  1.77 11.84 230.84  20.20  3  1.76 11.84 230.31  18.86  0.17 13.52 315.95   7.66  0.11 20.60 221.99   7.50
20030625 180000  4.3 215.6  1.60 11.66 230.74  20.74  3  1.59 11.66 230.02  18.93  0.18 13.48 315.73   7.88  0.13 20.34 222.51   8.12
20030625 210000  6.2 205.2  1.48 11.48 230.07  22.21  5  0.39  2.70 210.21  31.40  1.40 11.47 230.44  18.32  0.19 13.42 315.65   7.95  0.14 20.13 223.49   9.43  0.13 15.55 220.72   5.55
20030626 000000  4.9 178.1  1.36 11.21 229.28  24.49  5  0.42  3.05 204.95  33.95  1.26 11.21 230.33  19.13  0.19 13.33 315.58   7.92  0.16 19.88 223.11   8.06  0.11 15.54 220.66   5.67
20030626 030000  4.6 160.3  1.25 11.03 230.05  26.08  6  0.36  3.07 200.14  37.37  1.15 11.03 231.08  20.41  0.19 13.08 315.24   8.18  0.18 19.37 222.88   7.79  0.17 14.69 220.78   7.95  0.06 17.74 260.61   5.35
20030626 060000  3.5 124.0  1.19 10.85 233.39  28.21  8  0.30  2.96 189.51  42.41  1.08 10.94 233.29  22.23  0.20 10.35 269.68   6.26  0.19 12.80 314.98   8.51  0.18 14.56 220.10   7.42  0.14 18.90 223.41   7.26  0.14 22.63 223.00   8.37  0.08 17.02 259.58   6.72
20030626 090000  3.4 115.1  1.19 10.51 239.91  29.32  7  0.91 10.72 222.52  21.12  0.68  9.36 268.61  10.10  0.21 14.47 222.24   8.58  0.19 12.69 314.91   8.57  0.16 19.10 222.45   7.67  0.15 22.56 224.39   8.25  0.12 16.46 258.48   7.81
20030626 120000  3.7 148.2  1.23 10.18 246.08  29.68  7  0.84  9.55 268.37  11.33  0.80 10.60 219.64  20.08  0.22 21.79 224.22   7.84  0.20 12.62 314.78   8.82  0.18 14.47 223.01   9.58  0.14 15.78 258.89   8.78  0.13 17.83 221.56   7.98
20030626 150000  3.2 148.7  1.26  9.91 250.00  30.21  7  0.93  9.41 268.78  17.29  0.73 10.47 219.86  19.53  0.27 21.64 224.38   8.02  0.21 12.57 314.82   8.57  0.19 14.16 225.18   7.78  0.16 15.34 260.30   7.77  0.15 17.74 221.58   7.84
20030626 180000  6.1 208.8  1.29  9.57 251.10  30.83  7  0.27  2.21 189.08  35.22  0.93  9.01 271.83  12.11  0.68 10.25 222.70  16.36  0.36 21.42 224.02   8.21  0.24 13.59 223.29   8.38  0.21 12.51 314.82   8.60  0.18 14.76 262.21   5.96
20030626 210000  8.6 215.0  1.39  9.28 247.51  32.07  7  0.59  3.20 216.03  30.68  0.93  8.94 273.13  11.97  0.62 10.21 221.46  15.15  0.43 20.56 224.21   8.21  0.23 13.59 222.08   9.38  0.21 12.45 314.92   8.31  0.19 14.35 263.01   6.14
20030627 000000  5.8 200.9  1.42 20.33 245.67  33.22  7  0.68  3.83 216.96  33.27  0.90  8.77 274.25  12.24  0.58 10.08 220.94  14.87  0.52 20.33 224.22   8.24  0.21 13.61 222.81   9.12  0.21 12.34 314.78   8.53  0.20 13.77 263.59   7.21
20030627 030000  3.9 194.3  1.37 20.10 247.07  32.77  7  1.03  8.48 262.11  32.32  0.61 20.10 224.20   8.37  0.55  9.85 221.34  15.09  0.20 12.09 314.80   8.43  0.20 13.64 223.04   9.37  0.16 13.37 262.32   6.46  0.14 15.65 269.04   6.02
20030627 060000  2.5 145.5  1.35 19.22 246.78  31.66  6  0.95  8.37 267.13  28.63  0.72 19.22 223.98   8.39  0.48  9.74 219.24  15.83  0.28 13.26 223.08   9.56  0.23 15.17 268.32   7.27  0.20 11.93 315.05   8.17
20030627 090000  0.5 155.8  1.38 18.98 245.10  30.33  6  0.88  8.24 270.89  24.66  0.85 18.98 223.73   8.36  0.43  9.56 218.59  13.91  0.30 12.83 222.80  10.10  0.28 14.46 270.21   7.97  0.20 11.83 314.88   8.46
20030627 120000  2.3 104.2  1.44 18.74 243.45  29.28  6  0.97 18.74 223.34   8.53  0.82  7.99 273.57  21.23  0.40 13.68 270.22   8.95  0.39  9.51 218.20  13.55  0.31 12.68 222.86   9.54  0.20 11.76 315.43   8.01
20030627 150000  3.0 190.4  1.54 17.89 242.78  28.43  7  1.07 17.90 223.35   8.57  0.77  7.86 275.47  18.59  0.44 11.47 266.47   9.95  0.38 12.82 220.16   8.43  0.36 13.03 273.51   8.95  0.34  9.24 216.88  13.05  0.20 11.71 315.62   7.91
20030627 180000  7.2 204.4  1.73 17.66 241.06  28.88  5  1.26 17.66 222.80   8.61  0.83  7.84 262.07  34.36  0.77 11.04 270.33   9.55  0.31  9.14 216.58  13.11  0.20 11.69 316.29   7.29
20030627 210000  7.7 203.9  1.91 17.46 240.85  29.10  4  0.60  3.32 212.54  32.93  1.38 17.46 222.55   9.00  1.17 10.66 272.55  12.58  0.19 11.66 316.37   7.25
20030628 000000  6.8 183.2  2.02 16.70 241.00  29.77  4  0.62  3.54 204.54  35.72  1.45 16.71 222.86   9.08  1.25 10.45 272.59  11.59  0.19 11.60 316.25   7.28
20030628 030000  6.4 188.8  2.06 16.45 241.78  29.50  4  0.53  3.45 193.06  33.75  1.49 16.46 223.15   9.11  1.30 10.39 272.32  11.56  0.18 11.49 316.15   7.24
20030628 060000  7.2 183.8  2.11 16.32 241.25  29.71  4  0.59  3.46 192.54  32.52  1.53 16.33 223.39   9.10  1.32 10.38 272.56  10.93  0.18 11.28 315.98   7.27
20030628 090000  4.8 173.0  2.09 15.91 242.30  28.76  4  0.49  3.48 191.16  34.04  1.53 15.93 223.69   9.15  1.33 10.40 271.98  11.47  0.17 11.15 316.03   7.26
20030628 120000  3.6 155.2  2.03 15.44 243.30  27.53  3  1.50 15.44 223.98   9.36  1.36 10.39 267.70  22.96  0.17 11.04 315.41   7.49
20030628 150000  3.1 210.6  1.96 15.32 243.69  26.67  3  1.46 15.32 224.35   9.49  1.29 10.32 268.93  19.57  0.17 10.97 315.64   7.39
20030628 180000  6.1 204.0  1.90 15.22 242.83  26.54  3  1.42 15.23 224.83   9.88  1.25 10.20 267.07  21.85  0.16 10.95 316.12   7.23
20030628 210000  5.9 202.9  1.83 15.03 242.00  26.54  3  1.38 15.03 225.85  10.91  1.18 10.03 265.03  24.61  0.16 10.92 316.10   7.25
20030629 000000  6.4 190.6  1.78 14.60 241.46  26.62  4  0.51  3.25 211.04  32.65  1.36 14.60 228.05  12.98  1.02  9.75 271.13  11.73  0.16 10.89 316.12   7.21
20030629 030000  6.5 190.5  1.82 14.47 242.62  26.30  5  0.54  3.32 206.34  34.53  1.19 14.41 225.08   9.78  1.01  9.65 269.34  12.08  0.75 17.86 251.41  12.05  0.16 10.84 315.83   7.32
20030629 060000  6.4 181.1  1.97 14.39 245.56  24.76  5  0.52  3.31 200.54  34.87  1.19 14.36 227.07  10.95  1.17 14.12 265.89  11.51  0.90 17.64 253.16  11.68  0.15 10.77 316.00   7.24
20030629 090000  5.1 165.1  2.16 14.33 248.68  22.40  6  0.37  3.02 174.04  29.87  1.37 14.04 263.84  10.82  1.15 14.33 228.97  11.59  1.12 16.93 252.09  12.29  0.26  3.54 231.00  17.41  0.15 10.60 315.61   7.39
20030629 120000  5.1 159.3  2.37 16.25 250.65  19.62  2  2.37 16.25 250.46  19.32  0.14 10.46 315.62   7.36
20030629 150000  5.3 196.4  2.60 15.37 251.13  17.75  2  2.59 15.37 250.99  17.50  0.13 10.38 315.66   7.35
20030629 180000  6.6 201.7  2.77 14.80 250.64  17.35  2  2.77 14.80 250.53  17.14  0.13 10.33 315.65   7.36
20030629 210000  6.6 205.7  2.84 14.34 250.48  17.14  1  2.84 14.34 250.48  17.14
20030630 000000  4.2 171.9  2.80 14.06 250.73  17.20  1  2.80 14.06 250.73  17.20
20030630 030000  4.0 198.5  2.72 13.71 251.25  17.01  1  2.72 13.71 251.25  17.01
20030630 060000  4.1 166.9  2.62 13.52 251.80  17.09  1  2.62 13.52 251.80  17.09
20030630 090000  4.3 143.9  2.53 13.38 252.38  17.72  2  2.53 13.38 252.30  17.57  0.10 10.28 316.48   7.14
20030630 120000  4.3 135.8  2.48 13.28 253.16  18.31  2  2.48 13.28 253.10  18.19  0.09 10.16 319.21   4.94
20030630 150000  4.4 166.2  2.47 13.40 254.08  18.42  1  2.47 13.40 254.08  18.42
20030630 180000  7.4 199.0  2.48 13.50 254.29  19.31  1  2.48 13.50 254.29  19.31
20030630 210000  9.1 204.8  2.49 13.42 253.74  20.78  2  0.62  3.24 206.09  33.73  2.41 13.42 256.18  16.12
20030701 000000  9.6 186.9  2.50 13.27 251.24  25.23  2  0.91  3.98 203.95  34.66  2.33 13.27 256.72  16.04
