Date     Time   Uabs UDir  hs    tp    th     sp     np hs(i) tp(i) th(i)  sp(i)
19820601 000000 12.2 342.5  1.86 12.72 258.01  44.69  4  1.03  5.32 322.47  28.55  1.23 12.77 219.94  10.80  0.89 10.59 259.76  11.46  0.29 14.45 310.61   8.91
19820601 030000  8.8   1.8  2.13 12.53 286.33  48.93  5  1.64  6.23 321.24  34.31  1.04 12.61 218.20  10.02  0.83 10.47 260.26  10.39  0.25 14.39 309.34   8.55  0.10 10.81 318.87   7.52
19820601 060000  6.6   5.2  2.14 12.42 288.01  44.83  5  1.67  6.97 316.36  33.47  0.94 10.25 264.67  10.22  0.92 12.51 218.07  10.53  0.25 14.11 308.95   8.39  0.10 10.69 320.55   5.59
19820601 090000  7.3   2.3  2.24 10.17 286.41  39.74  3  2.07  9.76 295.81  33.45  0.82 12.36 218.11  11.19  0.28 13.59 308.13   8.44
19820601 120000  9.3   0.5  2.36  9.76 287.84  37.73  4  2.22  9.57 294.30  33.00  0.72 12.12 217.49  11.23  0.33 13.50 306.85   8.79  0.15 16.92 229.92  13.49
19820601 150000  6.1  18.1  2.34  9.60 288.87  36.31  4  2.22  9.47 293.96  32.15  0.64 11.84 216.23  10.72  0.34 13.51 305.90  10.38  0.16 16.77 225.61  11.19
19820601 180000  2.6 268.9  2.30  9.95 284.07  32.61  4  2.19  9.75 288.31  28.50  0.59 11.75 215.06  10.83  0.33 13.51 304.78   9.42  0.18 16.66 226.43   9.88
19820601 210000  3.1 217.4  2.52 11.17 277.11  28.08  4  2.44 10.98 280.58  24.52  0.59 11.70 213.62  10.80  0.16 16.48 230.48   6.06  0.06 20.29 229.57   8.26
19820602 000000  1.1  54.7  2.69 11.20 274.14  25.15  3  2.61 11.17 277.23  21.47  0.51 11.53 214.31  10.28  0.38 15.37 212.20  13.19
19820602 030000  1.3 107.2  2.66 11.18 273.19  24.55  3  2.58 11.17 276.67  20.06  0.51 14.31 211.75  12.12  0.42 11.20 213.00   9.82
19820602 060000  3.8 200.6  2.53 11.14 272.14  25.25  3  2.43 11.12 276.80  19.31  0.72 13.75 211.96  11.35  0.09 19.09 233.66   8.54
19820602 090000  2.5 209.2  2.37 11.07 270.15  26.91  2  2.23 11.02 276.53  19.50  0.79 13.38 212.25  11.51
19820602 120000  0.1 121.9  2.20 10.94 267.90  28.63  4  2.02 10.84 276.14  19.17  0.84 13.03 212.23  11.32  0.24 12.71 311.96   6.56  0.15 17.91 232.85   9.58
19820602 150000  1.6 198.3  2.06 10.71 264.59  30.71  5  1.82 10.54 275.50  20.30  0.91 12.77 213.97  12.51  0.26 12.63 312.34   6.88  0.18 17.83 233.29   9.23  0.09 16.80 311.44   8.10
19820602 180000  4.2 227.2  2.00 10.48 260.22  31.57  5  1.67 10.28 274.93  20.62  1.04 12.50 217.81  14.12  0.25 12.62 312.31   6.92  0.20 18.03 234.97   9.32  0.11 16.66 310.94   7.86
19820602 210000  3.9 215.4  1.98 10.38 254.88  31.73  4  1.53 10.11 274.37  20.83  1.23 12.05 221.75  14.41  0.27 12.64 310.09   8.71  0.12 16.62 311.55   8.00
19820603 000000  2.3 164.7  1.95 10.29 250.46  31.40  5  1.38  9.82 274.29  21.10  1.30 11.72 222.81  14.31  0.30 17.62 233.81  10.26  0.26 12.65 310.04   9.27  0.11 16.61 312.48   8.31
19820603 030000  0.9 107.7  1.88 10.08 247.35  31.04  5  1.34 11.60 222.50  13.70  1.24  9.61 275.99  18.66  0.35 17.32 233.71  10.80  0.25 12.61 310.37   9.40  0.10 16.55 313.05   8.63
19820603 060000  2.5 192.5  1.80  9.82 244.95  30.73  5  1.34 11.60 223.01  14.09  1.10  9.43 277.57  17.92  0.44 16.88 234.24  10.95  0.24 12.54 310.80   8.82  0.11 16.06 312.31   8.79
19820603 090000  2.0 167.6  1.74  9.71 243.13  30.39  5  1.30 11.53 222.48  14.04  1.00  9.14 277.79  17.69  0.52 16.56 235.48  10.35  0.23 12.36 311.26   8.92  0.14 15.61 311.43   8.16
19820603 120000  2.6 157.3  1.69  9.64 241.78  29.94  5  1.26 11.18 222.67  14.94  0.89  8.91 279.43  16.71  0.62 15.80 236.16  10.04  0.22 12.07 311.05   9.72  0.16 15.56 311.24   8.13
19820603 150000  4.0 175.9  1.64 15.54 240.91  29.22  5  1.18 10.85 220.66  13.85  0.85  8.82 277.55  16.88  0.71 15.59 238.49   8.14  0.22 11.92 310.17  10.47  0.17 15.54 311.66   8.34
19820603 180000  4.8 210.7  1.61 15.32 240.09  28.50  6  1.11 10.74 219.31  14.76  0.79  8.58 276.96  16.52  0.69 15.35 237.94   7.78  0.44 18.16 242.20   7.96  0.22 11.90 311.07  10.02  0.16 15.53 312.44   8.34
19820603 210000  2.9 203.5  1.57 14.71 240.89  27.12  6  0.97  9.83 217.93  13.74  0.77  8.40 273.59  18.54  0.72 14.73 239.62   7.76  0.59 17.66 240.29   8.35  0.22 11.89 311.17   9.80  0.15 15.48 313.93   8.24
19820604 000000  2.6 321.0  1.54 14.48 242.51  25.79  6  0.84 14.50 240.09   7.63  0.84  9.51 218.08  12.43  0.73  8.26 273.54  19.84  0.59 17.76 240.87   8.73  0.21 11.88 311.47   9.97  0.16 14.93 312.85   8.66
19820604 030000  0.5  15.7  1.51 14.23 244.44  24.63  6  0.81 14.13 240.64   7.96  0.77 16.92 240.47   8.37  0.69  9.12 217.77  12.06  0.68  7.93 273.94  19.15  0.21 11.86 311.49  10.03  0.19 14.60 312.04   8.57
19820604 060000  1.7 206.3  1.56 16.61 246.54  22.96  6  0.99 13.70 241.27   7.91  0.75 16.83 240.25   9.06  0.72  7.79 271.58  19.92  0.54  8.71 217.79  11.49  0.22 14.56 311.73   8.56  0.21 11.83 311.69   9.88
19820604 090000  1.6 332.4  1.89 16.44 247.77  19.66  5  1.55 13.24 249.82  18.52  1.03 16.46 239.42   8.59  0.23 14.55 312.13   8.90  0.21 11.79 311.34   9.89  0.15 11.58 204.60   5.94
19820604 120000  3.6 355.5  2.39 13.13 248.02  17.26  4  2.04 13.12 250.01  16.26  1.20 15.80 238.99   8.72  0.23 14.54 312.47   9.43  0.21 11.75 310.80  10.18
19820604 150000  5.1  16.8  2.79 13.12 248.59  19.01  4  2.42 13.12 251.07  19.08  1.36 15.41 238.75   9.21  0.22 14.58 314.05   8.60  0.18 11.63 314.12   7.51
19820604 180000  1.7 260.6  3.02 12.87 248.46  17.78  3  2.87 12.84 249.53  17.28  0.90 15.81 234.42   7.38  0.22 14.61 316.43   7.37
19820604 210000  5.2 140.9  3.12 12.83 247.10  18.46  3  3.04 12.78 246.88  18.22  0.67 17.90 245.28   9.72  0.23 13.91 313.22   9.27
19820605 000000  3.9 157.9  3.21 14.15 245.42  18.60  2  3.20 14.17 245.09  17.97  0.25 13.71 313.34   8.56
19820605 030000  5.3 170.2  3.27 14.07 244.63  18.10  2  3.26 14.10 244.28  17.41  0.26 13.67 312.75   8.86
19820605 060000  6.2 145.4  3.25 13.87 244.36  18.89  2  3.24 14.03 243.89  17.99  0.30 13.65 313.42   8.57
19820605 090000  1.5 125.0  3.18 13.77 245.03  17.98  3  3.16 13.82 244.55  17.00  0.28 13.63 314.02   8.38  0.09 19.00 306.24   8.24
19820605 120000  3.0 202.1  3.09 13.83 245.70  17.06  3  3.08 13.87 245.28  16.15  0.24 13.61 314.48   8.28  0.12 10.95 315.58   7.83
19820605 150000  1.6 194.8  2.98 14.11 246.12  16.61  3  2.97 14.17 245.71  15.70  0.22 13.58 315.50   7.42  0.12 10.93 315.45   7.77
19820605 180000  4.5 225.8  2.83 14.24 246.35  16.59  4  2.81 14.27 245.86  15.50  0.22 13.45 314.84   7.89  0.12 10.92 315.40   7.72  0.09 18.95 310.60   5.68
19820605 210000  1.2 231.0  2.61 14.22 246.73  16.73  3  2.60 14.23 246.19  15.54  0.23 13.00 313.59   8.73  0.13 10.98 315.42   7.24
19820606 000000  4.6 337.2  2.35 14.13 247.64  18.04  3  2.33 14.15 246.78  16.38  0.27 12.83 313.66   8.73  0.13 17.79 306.77   7.95
19820606 030000  5.2 349.3  2.15 13.87 249.58  20.32  3  2.13 13.91 248.43  18.55  0.27 12.77 313.64   8.68  0.16 17.74 303.31  10.34
19820606 060000  7.6 244.0  2.30 13.56 252.78  20.42  3  2.28 13.59 251.82  19.08  0.27 12.73 313.68   8.61  0.17 17.73 303.70  10.17
19820606 090000  8.9 200.3  2.73 13.38 251.41  21.65  3  2.71 13.41 250.79  20.86  0.25 12.70 313.70   8.80  0.16 17.70 303.02  10.76
19820606 120000  9.0 157.7  2.94 13.27 250.31  25.08  2  2.93 13.29 249.98  24.71  0.23 12.69 313.32   9.18
19820606 150000  9.2 176.9  3.18 13.13 247.60  25.84  1  3.18 13.13 247.60  25.84
19820606 180000 12.2 193.3  3.63 12.80 242.03  25.89  2  1.37  5.11 198.68  29.12  3.37 12.80 248.02  18.67
19820606 210000 12.9 190.8  3.99 12.65 237.62  26.99  2  3.98 12.65 237.50  26.86  0.17 16.59 309.90   5.29
19820607 000000 10.1 186.1  4.00 12.60 236.13  26.97  2  4.00 12.60 235.98  26.80  0.20 16.59 306.34   8.12
19820607 030000  8.3 186.9  3.89 12.71 235.53  25.62  2  3.89 12.71 235.40  25.45  0.18 16.57 306.86   8.30
19820607 060000  9.5 187.1  3.83 12.86 234.15  24.41  2  3.82 12.86 234.02  24.23  0.18 16.47 306.06   8.60
19820607 090000  9.7 189.0  3.79 12.87 232.13  24.13  2  3.79 12.87 232.06  24.01  0.12 11.92 315.23   7.66
19820607 120000 10.8 180.9  3.73 12.85 230.97  24.21  2  3.72 12.85 230.80  23.94  0.20 15.56 308.13   8.64
19820607 150000  9.2 195.9  3.62 12.90 230.98  23.35  2  3.61 12.90 230.74  22.97  0.23 15.52 306.86   8.67
19820607 180000  9.7 201.8  3.53 13.04 230.93  22.43  2  3.52 13.04 230.62  21.92  0.25 15.50 305.82  10.65
19820607 210000  9.1 205.1  3.48 13.59 230.71  21.43  2  3.47 13.58 230.42  20.90  0.24 15.49 306.10  10.68
19820608 000000  6.0 176.2  3.47 14.11 230.23  20.18  2  3.46 14.09 229.98  19.68  0.23 15.47 306.38  10.79
19820608 030000  5.3 197.6  3.57 14.38 229.39  18.36  2  3.56 14.35 229.18  17.88  0.21 15.40 306.57  10.69
19820608 060000  8.1 192.1  3.85 14.98 227.63  17.11  2  3.84 14.99 227.45  16.65  0.22 14.98 305.49  10.97
19820608 090000  7.5 184.1  4.30 16.14 225.60  16.40  2  4.29 16.19 225.44  15.96  0.23 14.61 305.25  10.36
19820608 120000  6.2 187.5  4.70 17.21 224.68  15.48  2  4.69 17.21 224.52  14.99  0.25 14.53 305.85  10.07
19820608 150000  6.6 192.0  4.93 17.21 224.21  14.99  2  4.92 17.21 224.06  14.51  0.25 14.51 305.76  10.03
19820608 180000  7.9 187.9  4.97 17.14 223.70  15.26  2  4.97 17.14 223.56  14.80  0.25 14.50 305.79  10.25
19820608 210000  6.0 197.1  4.86 17.02 223.66  15.23  2  4.86 17.02 223.53  14.80  0.24 14.48 305.99  10.54
19820609 000000  4.1 190.0  4.66 16.85 223.82  15.14  2  4.65 16.85 223.69  14.72  0.22 14.45 306.08  10.87
19820609 030000  4.8 182.6  4.39 16.68 224.03  15.10  1  4.39 16.68 224.03  15.10
19820609 060000  5.2 178.6  4.11 16.54 224.26  15.14  1  4.11 16.54 224.26  15.14
19820609 090000  5.3 187.7  3.90 16.40 224.40  15.29  2  3.89 16.40 224.23  14.73  0.22 13.69 306.01  10.25
19820609 120000  4.2 175.6  3.77 16.12 224.57  15.20  2  3.77 16.12 224.37  14.58  0.22 13.62 305.85  10.09
19820609 150000  3.1 207.8  3.71 15.71 224.75  15.09  2  3.70 15.71 224.55  14.44  0.22 13.60 306.03  10.06
19820609 180000  4.6 220.2  3.61 15.51 225.14  15.27  2  3.60 15.52 224.93  14.62  0.22 13.59 306.36  10.18
19820609 210000  1.6 192.1  3.42 15.33 225.77  15.66  2  3.41 15.33 225.55  15.02  0.21 13.58 306.74  10.31
19820610 000000  1.0 283.8  3.21 15.11 226.48  16.11  2  3.20 15.12 226.26  15.48  0.20 13.55 307.03  10.45
19820610 030000  1.4  71.7  3.02 14.73 227.16  16.61  2  3.01 14.74 226.95  16.02  0.18 13.48 307.12  10.56
19820610 060000  1.5 188.5  2.85 14.49 227.88  17.11  2  2.85 14.49 227.68  16.56  0.17 13.38 308.49   9.33
19820610 090000  1.8 339.9  2.76 14.29 228.61  17.49  2  2.76 14.30 228.41  16.97  0.16 13.19 308.51   9.27
19820610 120000  5.5 337.3  2.75 14.06 229.62  19.29  2  2.75 14.08 229.41  18.83  0.17 12.99 306.87  10.72
19820610 150000  4.2 350.2  2.84 13.64 230.11  19.20  2  2.83 13.66 229.91  18.78  0.16 12.91 307.26  10.61
19820610 180000  3.4 325.8  2.97 13.48 230.55  18.08  3  2.97 13.49 230.41  17.69  0.16 12.87 307.66  10.55  0.14 21.90 219.20   7.07
19820610 210000  3.6 308.8  3.09 13.37 231.49  17.32  3  3.08 13.38 231.40  16.97  0.22 20.93 219.41   7.20  0.16 12.83 307.93  10.48
19820611 000000  7.3 346.3  3.14 13.26 232.95  18.36  3  3.12 13.27 232.93  18.09  0.29 20.50 220.14   7.46  0.15 12.79 309.49   9.01
19820611 030000  5.8 352.6  3.12 13.12 234.33  20.12  3  3.09 13.13 234.41  19.97  0.38 20.25 221.67   6.82  0.14 12.73 309.55   8.95
19820611 060000  2.3 314.2  3.09 13.10 234.45  18.74  3  3.03 13.11 234.85  18.62  0.58 19.17 220.93   6.92  0.13 12.67 309.92   8.87
19820611 090000  3.6 291.2  3.08 13.21 233.94  17.22  3  2.99 13.23 234.51  17.09  0.69 18.97 221.62   7.16  0.13 12.62 310.23   9.18
19820611 120000  4.2 231.9  3.07 13.37 232.96  16.27  3  2.94 13.39 234.03  16.07  0.87 18.27 219.89   7.54  0.12 12.58 310.92   8.99
19820611 150000  6.6 189.9  3.12 13.52 230.94  16.08  3  2.92 13.53 232.26  16.18  1.10 17.82 221.13   8.18  0.12 12.56 311.37   9.02
19820611 180000  9.9 190.7  3.30 13.80 227.53  17.42  4  0.80  3.80 202.23  30.45  2.81 13.81 231.38  15.31  1.54 17.03 220.40   9.70  0.12 12.53 311.64   9.06
19820611 210000 10.2 197.9  3.51 15.05 224.66  18.22  2  1.15  4.76 205.85  30.65  3.31 15.05 226.63  14.78
19820612 000000  6.5 205.1  3.56 14.95 223.85  17.21  1  3.56 14.95 223.85  17.21
19820612 030000  8.9 185.1  3.60 14.74 222.80  16.59  1  3.60 14.74 222.80  16.59
19820612 060000 10.8 180.3  3.69 14.63 221.03  17.69  1  3.69 14.63 221.03  17.69
19820612 090000  9.9 187.3  3.73 14.64 220.63  17.58  1  3.73 14.64 220.63  17.58
19820612 120000  5.3 191.5  3.65 14.75 221.36  16.44  1  3.65 14.75 221.36  16.44
19820612 150000  6.7 184.3  3.52 14.86 221.78  15.34  1  3.52 14.86 221.78  15.34
19820612 180000  4.0 192.0  3.35 14.82 221.86  14.71  1  3.35 14.82 221.86  14.71
19820612 210000  4.1  58.9  3.12 14.79 221.95  14.06  1  3.12 14.79 221.95  14.06
19820613 000000  5.2 313.1  2.89 14.72 222.12  15.26  1  2.89 14.72 222.12  15.26
19820613 030000  2.7 295.3  2.65 14.60 222.43  16.09  1  2.65 14.60 222.43  16.09
19820613 060000  2.8 348.9  2.38 14.54 223.18  17.85  1  2.38 14.54 223.18  17.85
19820613 090000  6.4   6.0  2.22 14.55 227.42  25.73  1  2.22 14.55 227.42  25.73
19820613 120000 14.2   1.4  2.47 14.56 245.01  44.36  1  2.47 14.56 245.01  44.36
19820613 150000 13.3 351.9  3.07 14.49 264.61  49.48  3  1.69  5.71 339.87  29.88  1.89 14.49 218.51  10.15  1.74  8.82 267.44  18.61
19820613 180000  9.4 340.9  3.32 14.21 257.29  44.59  2  2.57  9.24 289.29  38.97  2.09 14.22 218.52  10.97
19820613 210000  6.6 344.3  3.18 13.77 249.58  40.54  2  2.41  9.54 279.38  36.30  2.07 14.02 216.51   9.93
19820614 000000 10.1   0.9  2.98 13.72 246.50  41.52  2  2.22 11.12 278.80  38.47  1.99 13.89 215.04   9.98
19820614 030000  7.8 359.3  2.92 13.78 244.10  43.84  2  2.16 13.85 216.39  12.06  1.97 11.32 290.61  40.37
19820614 060000  3.2  28.3  2.88 13.72 235.57  38.73  2  2.36 13.77 217.04  13.25  1.64 11.00 289.76  37.47
19820614 090000  2.0 132.1  2.77 13.64 230.49  34.55  2  2.44 13.65 218.03  15.27  1.31  9.95 291.93  34.54
19820614 120000  3.0  38.5  2.58 13.58 226.64  31.53  2  2.36 13.59 217.83  17.13  1.04 10.02 291.40  32.91
19820614 150000  3.4 201.4  2.44 13.47 224.12  28.88  2  2.29 13.48 217.79  18.41  0.85  9.35 287.63  32.67
19820614 180000  6.2 177.9  2.35 13.32 221.67  26.17  2  2.24 13.32 217.26  18.69  0.68  9.90 285.99  29.37
19820614 210000  7.0 177.8  2.26 13.16 219.52  23.97  1  2.26 13.16 219.52  23.97
19820615 000000  7.8 175.6  2.19 12.89 216.89  23.02  2  1.70  9.41 220.39  28.16  1.38 12.90 212.13   9.49
19820615 030000  8.2 150.3  2.11 12.69 214.00  24.47  2  1.67  9.40 215.31  30.09  1.29 12.70 212.10   9.13
19820615 060000  9.0 144.3  2.00 12.51 210.44  27.56  3  0.67  3.50 146.76  29.11  1.33  8.78 215.88  18.12  1.33 12.51 216.78  17.50
19820615 090000  8.5 138.7  1.90 12.24 206.84  29.97  3  0.72  3.70 141.91  29.83  1.28 12.24 216.26  16.39  1.20  8.27 212.81  18.10
19820615 120000  6.7 163.3  1.83 11.99 205.80  28.85  2  1.38  8.17 197.42  33.90  1.20 11.99 215.33  15.73
19820615 150000  7.6 139.8  1.77 11.83 205.87  28.25  2  1.35  8.20 199.07  33.57  1.14 11.83 214.11  14.63
19820615 180000  6.1 170.3  1.68 11.67 207.71  25.55  3  1.28  8.20 202.44  30.15  1.09 11.67 214.11  15.00  0.05 20.34 244.52   7.09
19820615 210000  6.5 170.8  1.62 11.44 208.91  23.06  2  1.23  8.21 204.95  27.05  1.05 11.44 213.92  14.60
19820616 000000  6.2 170.4  1.58 11.17 209.42  22.12  3  1.57 11.17 209.12  21.97  0.11 19.24 239.44  12.54  0.10 16.55 244.70  14.13
19820616 030000  5.2 128.6  1.51 11.00 209.83  23.04  4  1.50 11.00 209.14  22.52  0.17 18.82 237.80  11.67  0.11 15.55 244.60   7.28  0.06 13.23 314.43   8.81
19820616 060000  3.7 127.4  1.42 10.88 211.57  21.96  4  1.40 10.87 210.54  21.15  0.20 18.26 240.55  11.09  0.14 15.49 242.49   9.35  0.05 11.09 317.49   7.43
19820616 090000  1.8 103.9  1.35 10.76 213.51  20.55  4  1.31 10.75 211.99  19.38  0.22 17.98 238.58  12.18  0.19 15.89 243.42   7.54  0.08 12.83 314.22   9.14
19820616 120000  0.5 207.5  1.29 10.42 215.53  19.62  3  1.24 10.40 213.24  17.98  0.36 17.46 240.38  10.74  0.08 12.74 314.32   8.98
19820616 150000  1.8 324.6  1.26 10.10 217.55  19.12  3  1.18 10.10 214.11  16.92  0.44 16.78 240.01  10.48  0.08 12.70 314.31   9.55
19820616 180000  6.4 244.6  1.28  9.79 221.09  20.87  3  1.17  9.78 217.00  19.53  0.52 16.50 239.90  10.27  0.07 11.07 316.81   7.69
19820616 210000  4.0 216.6  1.29 16.24 222.47  21.24  3  1.13  9.60 216.81  20.16  0.63 16.27 239.04  10.24  0.08 11.04 315.19   8.51
19820617 000000  2.6 290.1  1.28 15.63 223.42  20.90  3  1.08  9.55 216.61  19.78  0.69 15.65 238.41  10.87  0.08 11.00 315.35   8.40
19820617 030000  3.3 206.9  1.29 15.51 224.17  20.25  3  1.03  9.53 215.90  18.86  0.76 15.51 238.06  10.71  0.08 12.55 315.24   8.53
19820617 060000  2.3 203.5  1.30 15.46 224.78  19.65  3  1.00  9.50 214.92  17.68  0.83 15.46 237.97  10.56  0.09 12.52 315.13   8.55
19820617 090000  3.7 210.5  1.33 15.46 225.36  19.47  3  0.94 15.46 237.67  10.91  0.93  9.37 212.08  16.05  0.09 12.47 314.97   8.66
19820617 120000  1.4 208.3  1.34 15.60 226.21  19.22  3  0.98 15.61 237.85  10.83  0.91  9.30 211.53  15.13  0.09 12.38 314.99   8.61
19820617 150000  1.9 254.7  1.35 15.83 227.37  18.64  4  1.06 15.86 237.27  10.59  0.83  9.13 210.17  13.97  0.09 12.14 315.01   8.70  0.05 14.66 309.75  10.08
19820617 180000  6.5 204.4  1.40 15.86 228.00  18.69  5  0.84  9.03 210.97  16.40  1.11 15.87 236.89  10.37  0.07 10.34 318.15   6.87  0.06 12.04 311.45   9.33  0.06 14.59 308.64  10.53
19820617 210000  7.2 197.4  1.49 15.75 226.62  20.49  5  0.94  8.97 210.11  20.52  1.15 15.76 236.58  10.17  0.07 10.30 318.09   6.91  0.06 14.56 305.70  11.44  0.06 11.92 312.88   8.63
19820618 000000  5.1 208.0  1.51 15.70 227.22  19.91  5  0.92  9.14 210.43  20.81  1.20 15.71 236.03  10.08  0.07 10.27 318.03   7.06  0.06 14.53 304.77  11.39  0.05 11.88 313.05   8.76
19820618 030000  3.6 188.5  1.56 15.75 227.52  17.95  6  0.40  3.55 212.51  34.59  1.24 15.79 234.91   9.98  0.84 10.05 213.01  12.70  0.07 10.25 318.06   7.09  0.06 14.51 304.68  11.41  0.05 11.86 313.05   8.83
19820618 060000  3.4 204.7  1.65 14.89 226.80  16.32  5  1.24 14.91 234.57   9.60  1.09 10.73 216.06  15.71  0.07 10.24 317.19   8.21  0.06 14.47 308.52   9.59  0.05 11.84 312.77   8.89
19820618 090000  2.7 246.4  1.73 14.85 226.04  15.58  4  1.23 14.87 234.22   9.71  1.21 10.73 216.88  14.06  0.09 11.73 315.23   8.99  0.06 14.38 309.43   9.50
19820618 120000  2.2 335.3  1.74 14.86 225.65  15.49  4  1.25 10.78 216.68  13.32  1.22 14.88 234.38   9.61  0.10 11.70 313.85   9.73  0.07 14.21 310.15   9.24
19820618 150000  3.4 314.9  1.74 14.70 226.07  18.00  4  1.24 10.77 217.84  19.19  1.21 14.71 233.78   9.60  0.10  9.84 313.49   9.57  0.07 13.87 309.64   9.30
19820618 180000  4.8 298.9  1.75 14.45 226.92  20.82  6  1.29 10.86 219.39  22.35  1.14 14.47 233.96   9.52  0.24 19.24 228.84   9.86  0.19  7.73 297.22  19.09  0.07 11.50 315.16   7.66  0.07 13.70 309.26   9.15
19820618 210000  2.5 264.8  1.75 14.25 226.81  21.31  5  1.25 14.26 232.25  10.35  1.19 10.17 217.61  21.51  0.25  7.76 303.99  28.87  0.09 11.13 316.13   7.41  0.08 13.65 305.89  10.73
19820619 000000  5.4 339.2  1.75 14.10 227.55  24.04  6  1.21 10.25 219.07  24.07  1.15 14.12 232.05  10.82  0.43 18.06 227.38   8.43  0.32  7.69 310.93  30.81  0.08 13.60 304.58  11.42  0.06 11.21 315.22   7.51
19820619 030000  5.9 274.3  1.88 13.96 236.07  38.30  7  0.77  4.88 328.39  34.22  1.18 10.72 217.05  13.72  1.08 14.02 232.61  10.30  0.55 17.75 229.60   8.86  0.25  7.61 295.49  10.58  0.08 13.57 303.85  11.83  0.06 11.16 315.63   7.46
19820619 060000  2.8 229.7  1.95 16.59 241.18  43.52  7  1.18 10.71 218.38  15.12  0.96 13.94 232.17   9.62  0.91  5.45 334.37  32.09  0.77 16.71 231.32   9.38  0.26  7.31 296.92  10.99  0.09 13.53 304.77  11.89  0.06 11.09 314.73   7.79
19820619 090000  3.5 258.2  1.93 16.23 241.20  42.80  5  1.32 16.24 231.53  10.07  1.07  9.76 217.91  15.84  0.91  5.62 332.54  30.50  0.09 13.51 304.37  12.36  0.07 10.90 312.46  12.18
19820619 120000  5.4 216.6  1.86 15.55 238.87  39.49  5  1.34 15.55 231.40  10.03  0.99  9.44 217.57  15.82  0.78  5.67 332.32  33.44  0.27  7.36 299.53  10.52  0.11 13.48 308.01  11.67
19820619 150000  3.5 117.8  1.76 15.34 236.78  35.76  5  1.31 15.34 232.15  10.05  0.95  9.46 218.25  16.20  0.63  5.66 333.32  33.70  0.29  7.18 301.24  11.32  0.10 13.41 310.76   9.80
19820619 180000  1.1 170.2  1.67 14.90 235.71  31.95  4  1.28 14.90 233.38  10.79  0.89  9.44 218.78  16.64  0.50  5.51 334.19  30.54  0.29  7.12 301.56  11.29
19820619 210000  3.8 182.7  1.59 14.51 234.72  28.62  3  1.24 14.51 234.98  10.44  0.86  9.52 218.33  17.65  0.49  5.43 321.01  34.78
19820620 000000  4.7 147.6  1.52 14.32 234.11  26.48  5  1.25 14.32 235.26   9.75  0.78  8.95 216.79  22.99  0.30  5.09 339.31  22.23  0.24  6.88 301.13  10.83  0.10 12.73 308.62  11.25
19820620 030000  6.8 178.0  1.49 14.01 232.90  25.66  5  0.77  8.42 212.22  26.35  1.24 14.00 236.39   9.48  0.22  6.82 303.20  12.35  0.22  4.82 344.60  25.25  0.10 12.71 307.80  10.77
19820620 060000  6.7 175.9  1.50 13.69 231.92  25.26  4  0.78  8.20 209.34  30.00  1.25 13.69 237.11   9.48  0.24  6.74 318.68  24.19  0.11 12.70 308.72  10.89
19820620 090000  5.8 184.9  1.51 13.59 232.60  23.61  5  0.76  7.28 210.36  30.57  1.07 13.59 238.57   9.49  0.71 16.46 235.20   9.74  0.20  6.57 315.17  23.37  0.11 12.70 308.73  10.99
19820620 120000  5.7 181.6  1.56 15.56 233.55  21.79  4  1.28 13.67 230.41  22.81  0.87 15.86 237.04   9.73  0.16  6.48 313.15  21.42  0.11 12.71 309.13  11.26
19820620 150000  4.5 196.1  1.61 15.52 235.39  18.93  2  1.61 15.52 235.11  18.36  0.11 12.74 308.89  11.59
19820620 180000  9.3 203.5  1.79 15.31 233.98  19.26  1  1.79 15.31 233.98  19.26
19820620 210000  8.9 200.7  2.03 15.16 232.29  20.86  2  1.10  4.82 214.02  28.14  1.71 15.16 239.04  10.93
19820621 000000  9.3 176.6  2.14 14.86 231.63  22.82  2  1.15  5.21 209.66  30.88  1.80 14.86 239.27  10.98
19820621 030000  7.0 150.4  2.15 14.57 233.02  22.67  2  1.06  5.50 208.30  33.28  1.87 14.57 239.48  11.22
19820621 060000  7.2 134.1  2.15 14.40 233.67  24.30  2  0.95  5.60 200.59  38.77  1.93 14.40 239.69  11.47
19820621 090000  7.2 135.2  2.15 14.25 233.91  25.45  3  0.53  3.36 140.84  30.16  1.96 14.25 239.79  11.68  0.68  5.50 215.06  21.28
19820621 120000  4.0 172.3  2.11 14.10 234.92  23.98  4  0.45  3.29 136.24  31.03  1.92 14.10 240.75  11.47  0.61  5.27 208.61  22.27  0.44 16.80 222.69   5.26
19820621 150000  3.4 134.3  2.05 13.88 236.59  20.38  3  1.91 13.88 240.63  11.80  0.62  5.11 191.35  38.00  0.40 16.75 222.87   5.15
19820621 180000  4.5 193.8  2.00 13.68 237.53  17.41  2  0.52  4.96 198.60  33.74  1.93 13.68 239.73  12.31
19820621 210000  5.1 185.0  1.97 13.56 237.58  16.23  3  0.49  4.85 203.39  29.30  1.74 13.56 241.64  11.68  0.77 15.86 228.40  10.48
19820622 000000  2.6 209.8  1.93 13.49 237.73  15.39  4  1.65 13.49 241.22  11.74  0.90 15.77 231.93  10.33  0.45  4.69 207.67  28.26  0.10 13.38 306.37  10.24
19820622 030000  2.0 213.9  1.92 13.43 237.97  14.41  4  1.63 13.43 239.61  12.70  0.91 16.61 236.54   9.29  0.41  4.56 213.21  27.14  0.10 13.32 307.74   8.90
19820622 060000  4.1 164.3  1.94 13.19 237.66  14.73  6  0.40  4.38 209.38  31.64  1.60 13.18 239.51  12.70  0.77 16.69 233.87   7.96  0.65 19.63 239.79   8.61  0.10 13.28 306.39  10.56  0.10  6.40 211.72   9.01
19820622 090000  2.2 136.7  1.99 18.92 237.78  13.99  4  1.49 12.97 239.26  16.03  0.98 15.77 234.30   9.04  0.88 19.16 237.25   9.12  0.11 13.17 308.19   8.75
19820622 120000  4.7 177.1  2.08 18.50 237.42  14.08  3  1.27 12.55 237.96  19.33  1.18 15.44 237.25  10.43  1.17 18.51 236.99   9.03
19820622 150000  2.2 197.5  2.21 17.81 237.42  13.03  1  2.21 17.81 237.42  13.03
19820622 180000  5.9 220.1  2.34 17.44 237.48  11.96  1  2.34 17.44 237.48  11.96
19820622 210000  6.7 218.5  2.49 16.73 237.28  12.26  1  2.49 16.73 237.28  12.26
19820623 000000  1.4 269.1  2.56 16.37 237.57  11.96  1  2.56 16.37 237.57  11.96
19820623 030000  3.6 239.8  2.57 16.10 237.95  11.25  1  2.57 16.10 237.95  11.25
19820623 060000  4.9 222.5  2.56 15.83 238.21  10.88  1  2.56 15.83 238.21  10.88
19820623 090000  1.8 226.4  2.54 15.77 238.52  10.90  1  2.54 15.77 238.52  10.90
19820623 120000  4.8 312.1  2.51 15.99 239.17  12.22  1  2.51 15.99 239.17  12.22
19820623 150000  5.2 350.9  2.47 16.15 239.82  14.22  2  2.47 16.16 239.70  13.90  0.12 15.50 309.86   7.31
19820623 180000  6.6 328.4  2.46 15.86 241.43  18.74  2  2.45 15.88 241.28  18.46  0.13 15.49 309.04   8.21
19820623 210000  7.6 349.5  2.51 15.54 244.68  25.64  3  0.84  4.68 315.02  30.18  2.36 15.55 238.54  10.24  0.14 15.49 308.57   8.63
19820624 000000 11.2   1.8  2.68 15.37 251.33  35.74  3  1.25  5.59 323.24  33.22  2.37 15.37 238.29  10.51  0.13 15.49 308.87   8.79
19820624 030000 10.4 358.9  2.90 15.16 258.37  40.22  3  1.64  6.55 319.79  33.39  2.39 15.16 237.92  10.69  0.12 15.47 308.53   9.78
19820624 060000  7.9 349.2  2.92 14.79 257.30  39.25  3  1.63  6.74 317.54  32.58  2.42 14.79 237.59  11.14  0.12 15.36 308.76   9.79
19820624 090000  7.6 356.6  2.86 14.64 253.33  36.88  3  1.46  6.64 317.59  30.66  2.46 14.64 237.20  11.68  0.13 14.63 309.21   8.86
19820624 120000  7.2  15.8  2.81 14.60 249.24  35.00  3  1.28  6.50 319.61  30.81  2.50 14.61 236.49  12.11  0.14 14.48 308.91   9.01
19820624 150000  9.1 353.6  2.86 14.59 248.68  36.82  3  1.30  6.20 325.63  30.85  2.54 14.59 235.54  11.92  0.15 14.47 309.32   8.39
19820624 180000  9.1 336.8  2.96 14.58 248.99  37.43  3  1.40  5.97 323.91  29.99  2.60 14.59 234.61  11.30  0.15 14.47 308.67   9.26
19820624 210000  8.4 328.4  3.00 14.70 246.31  34.84  3  1.33  5.86 320.82  30.19  2.69 14.73 234.29  11.55  0.15 14.46 308.65   9.51
19820625 000000  9.1 343.4  3.01 15.26 244.89  34.83  3  1.29  5.50 323.28  31.85  2.72 15.30 233.79  11.54  0.14 14.45 309.28   9.23
19820625 030000 11.1   5.0  3.04 15.61 249.09  42.97  3  1.52  5.34 335.76  35.61  2.63 15.63 233.06  11.00  0.14 14.39 310.10   8.62
19820625 060000  8.4 358.4  2.96 16.34 247.67  40.67  3  1.47  5.87 327.56  37.52  2.57 16.34 232.60  10.85  0.15 14.06 310.08   8.45
19820625 090000  8.5 345.0  3.02 16.20 246.06  36.11  3  1.39  6.46 319.00  33.53  2.68 16.20 233.25  12.13  0.15 13.59 310.05   8.38
19820625 120000  8.2  11.6  3.07 15.53 244.04  33.93  2  3.06 15.53 243.89  33.83  0.15 13.53 309.98   8.51
19820625 150000  4.2  50.9  3.01 15.33 241.07  29.57  2  3.01 15.33 240.91  29.42  0.16 13.52 309.65   8.64
19820625 180000  2.0 208.9  3.08 15.18 239.03  24.67  2  3.07 15.18 238.89  24.49  0.15 13.51 309.61   8.87
19820625 210000  4.8 173.5  3.21 14.69 237.61  21.39  2  3.21 14.70 237.50  21.19  0.15 13.50 309.68   9.02
19820626 000000  2.7 233.5  3.21 14.41 237.27  20.08  2  3.21 14.42 237.17  19.89  0.14 13.48 310.19   9.19
19820626 030000  3.4 219.8  3.10 14.31 237.13  19.40  2  3.10 14.31 237.02  19.19  0.13 13.42 310.55   8.93
19820626 060000  4.7 210.9  2.96 14.17 236.79  18.92  2  2.96 14.18 236.68  18.69  0.13 13.23 311.07   8.65
19820626 090000  4.1 191.7  2.82 13.77 236.27  18.67  2  2.81 13.78 236.15  18.42  0.13 12.78 310.74   8.76
19820626 120000  6.4   6.7  2.67 13.55 236.05  20.08  2  2.67 13.56 235.93  19.84  0.12 12.68 310.72   8.74
19820626 150000  6.8 346.2  2.60 13.46 237.31  23.81  2  2.59 13.47 237.18  23.62  0.12 12.64 310.42   8.96
19820626 180000  6.7 326.1  2.66 13.38 237.85  24.57  2  2.65 13.39 237.72  24.41  0.12 12.63 310.42   9.05
19820626 210000  7.1 357.0  2.81 13.23 237.24  25.18  2  2.81 13.25 237.13  25.04  0.12 12.61 310.70   8.98
19820627 000000 10.2 348.8  2.95 13.01 238.35  30.10  2  2.94 13.04 238.25  30.00  0.12 12.60 310.91   9.03
19820627 030000 10.3 347.8  3.01 12.82 241.09  34.74  3  1.03  4.30 339.30  31.22  2.82 12.84 234.17  18.22  0.11 12.57 311.15   9.02
19820627 060000 11.5 329.5  3.08 12.74 244.96  37.70  3  1.31  4.89 328.11  31.84  2.78 12.75 233.70  17.63  0.11 12.51 311.33   8.98
19820627 090000  9.1 300.0  3.12 12.73 244.47  35.35  3  1.30  5.21 318.98  32.25  2.83 12.73 233.98  18.12  0.11 12.37 311.43   8.95
19820627 120000  8.7 248.7  3.05 12.75 238.56  29.10  2  3.05 12.76 238.49  29.03  0.10 12.03 311.56   8.99
19820627 150000  7.5 179.2  2.97 12.77 234.20  25.70  2  2.97 12.77 234.14  25.62  0.09 11.89 311.64   9.04
19820627 180000  6.4 204.7  2.86 12.75 233.36  23.75  2  2.86 12.76 233.30  23.66  0.09 11.82 311.02   9.43
19820627 210000  9.5 187.3  2.82 12.70 231.01  23.59  2  2.82 12.70 230.96  23.49  0.09 11.79 311.08   9.47
19820628 000000  9.7 176.1  2.82 12.63 227.82  24.98  3  1.38  5.99 206.81  32.13  2.45 12.63 233.53  18.50  0.08 11.78 311.25   9.58
19820628 030000  4.5 147.4  2.67 12.55 228.78  24.00  3  2.59 12.00 229.99  24.11  0.65 12.72 209.76   5.64  0.08 11.76 311.28   9.54
19820628 060000  8.4 148.9  2.50 12.48 228.91  25.38  3  2.41 11.96 230.36  25.70  0.67 12.83 211.04   5.38  0.08 11.74 311.34   9.53
19820628 090000  9.2 124.8  2.37 12.41 225.71  31.67  4  0.73  3.89 139.40  29.63  2.14 11.94 233.14  20.40  0.67 12.89 213.39   7.24  0.07 11.71 311.47   9.50
19820628 120000  7.4 140.4  2.24 12.30 223.72  34.53  2  2.03 12.21 225.91  37.73  0.95 12.34 215.81   7.67
19820628 150000  9.3 144.6  2.17 12.11 221.71  36.29  3  0.91  4.27 144.89  30.92  1.79 12.13 236.68  18.48  0.82 11.97 212.57   6.71
19820628 180000  8.6 166.3  2.11 11.95 222.59  33.52  4  0.37  4.16 114.41  18.61  1.94 12.32 226.63  31.31  0.69 11.59 212.27   7.10  0.29 16.05 211.59   6.99
19820628 210000  9.9 168.5  2.16 11.85 220.78  32.10  3  1.98 11.90 222.47  34.63  0.71 11.81 212.56   6.64  0.47 15.47 214.97   9.79
19820629 000000  9.0 165.2  2.13 11.79 221.91  31.30  3  1.96 11.60 224.00  33.55  0.63 11.89 211.51   7.03  0.54 15.63 213.01   7.52
19820629 030000  7.5 154.6  2.08 11.74 223.59  30.80  3  1.81 11.45 227.12  34.48  0.73 11.78 215.07   7.95  0.70 15.18 213.44   8.55
19820629 060000  8.5 171.4  2.04 14.07 225.49  29.04  4  1.52 11.40 225.15  35.35  0.82 15.13 214.21   8.06  0.80 13.72 247.80   8.51  0.71 11.72 213.96   8.38
19820629 090000  8.3 164.8  2.07 13.83 224.37  29.29  4  0.97  4.43 183.99  32.01  1.21 14.53 215.86   9.67  1.10 11.53 246.28  11.17  0.80 13.29 251.23   6.63
19820629 120000  7.0 176.9  2.03 13.62 226.02  27.64  3  0.91  4.56 189.26  33.05  1.35 12.75 248.49   9.75  1.22 14.39 215.31   9.41
19820629 150000  9.8 164.0  2.10 13.43 221.91  30.75  3  1.09  4.50 184.71  32.13  1.30 12.79 249.22   9.59  1.22 14.21 215.61   9.52
19820629 180000  8.3 174.9  2.01 13.28 223.30  30.18  4  1.01  4.77 185.81  33.04  1.26 12.61 249.77   9.49  1.20 14.06 215.68   9.26  0.08 21.87 220.60   7.39
19820629 210000 11.5 184.2  2.16 13.13 219.51  29.67  4  1.35  4.95 194.99  29.34  1.19 13.87 216.70   9.59  1.18 12.59 251.24   8.60  0.14 20.92 220.78   8.14
19820630 000000 10.7 176.1  2.21 12.90 217.45  31.38  4  1.49  5.36 195.44  32.17  1.17 13.75 216.90   9.32  1.13 12.50 251.67   8.29  0.20 20.48 221.76   7.05
19820630 030000 10.4 162.2  2.22 12.75 215.57  33.31  4  1.50  5.48 191.28  34.54  1.17 13.93 217.49   9.21  1.11 12.41 251.14   9.62  0.31 19.89 220.69   8.15
19820630 060000  9.7 146.6  2.30 12.99 218.26  31.66  4  1.01  4.72 160.93  28.75  1.50 14.29 218.77   9.02  1.38 12.30 241.62  18.35  0.38 19.23 221.88   7.33
19820630 090000  9.1 155.2  2.71 13.32 219.62  26.70  4  1.04  4.68 166.84  31.14  2.43 13.42 225.86  14.88  0.45 19.07 221.68   8.45  0.41 11.88 259.38   5.88
19820630 120000  7.8 165.8  2.99 12.87 220.54  23.48  2  2.92 12.87 220.53  23.96  0.63 18.10 220.70   7.98
19820630 150000  8.4 166.6  2.99 12.54 221.41  21.96  2  2.91 12.54 221.46  22.45  0.67 17.90 220.63   8.20
19820630 180000  8.3 182.5  2.87 12.23 222.25  20.89  1  2.87 12.23 222.25  20.89
19820630 210000 10.3 179.6  2.81 11.96 221.47  21.75  3  2.42 11.96 222.57  24.79  1.15 14.27 217.81   7.08  0.86 16.84 220.05   8.29
19820701 000000 10.0 164.4  2.74 11.85 219.81  24.77  2  2.27 11.59 220.03  29.52  1.55 16.25 219.41   7.81
