Date     Time   Uabs UDir  hs    tp    th     sp     np hs(i) tp(i) th(i)  sp(i)
19840601 000000  6.3 191.5  2.00 12.47 225.31  19.63  4  0.75  4.16 208.86  33.48  1.84 12.45 226.73  11.97  0.18 12.67 307.96  10.22  0.13 16.60 316.09   7.65
19840601 030000  8.3 196.9  2.10 12.34 226.46  19.70  6  0.74  3.95 206.33  32.45  1.84 12.29 229.47  12.15  0.61 14.97 214.42   8.48  0.19 12.66 308.33   9.87  0.18 17.34 247.13   6.56  0.14 16.60 316.21   7.76
19840601 060000  9.4 183.3  2.24 12.15 225.87  21.03  6  0.83  3.99 198.96  31.91  1.97 12.06 229.91  12.99  0.57 16.70 213.01   7.06  0.24 16.96 245.24   8.80  0.18 12.65 308.48   9.94  0.12 16.59 316.03   7.88
19840601 090000  9.1 178.6  2.37 11.90 224.40  23.10  6  0.96  4.30 194.13  33.57  1.92 11.87 232.24  12.86  0.97 14.69 214.55   9.19  0.18 12.64 308.77   9.98  0.16 16.69 248.24   5.49  0.10 16.52 316.24   7.71
19840601 120000  7.6 186.2  2.43 11.76 224.53  22.55  5  2.12 11.73 226.19  23.32  1.13 15.13 215.71   9.94  0.27 16.00 250.00   6.75  0.17 12.61 308.73  10.13  0.12 15.65 316.32   7.83
19840601 150000 11.5 191.4  2.55 15.13 223.09  23.28  4  2.19 11.58 224.65  24.63  1.29 15.14 217.19  11.80  0.16 12.46 309.27  10.13  0.15 15.53 315.98   7.81
19840601 180000  8.9 190.5  2.61 14.60 223.12  23.82  4  2.14 11.52 224.52  26.14  1.48 14.57 219.12  13.06  0.16 15.52 316.04   7.85  0.15 12.06 310.63   9.22
19840601 210000  9.3 198.6  2.57 14.41 224.59  22.62  4  1.94 11.01 228.48  25.81  1.67 14.41 218.82  12.66  0.15 15.51 315.74   8.15  0.15 12.00 309.31  11.25
19840602 000000 11.2 187.6  2.65 14.12 222.92  23.37  3  2.64 14.12 222.62  22.73  0.14 11.99 310.10  10.40  0.12 15.49 315.75   8.20
19840602 030000 10.1 181.0  2.71 13.70 221.95  23.99  3  2.70 13.70 221.68  23.42  0.13 12.00 309.14  10.52  0.12 15.18 315.95   8.43
19840602 060000  9.8 172.6  2.74 13.52 221.32  24.26  3  2.73 13.51 221.01  23.61  0.14 14.55 316.03   8.13  0.13 12.00 309.30  10.61
19840602 090000  9.1 166.0  2.73 13.40 220.56  24.39  3  2.72 13.38 220.22  23.65  0.16 14.52 316.03   8.04  0.12 12.00 309.85  10.36
19840602 120000 11.3 170.5  2.79 13.34 217.18  25.63  3  2.79 13.33 216.87  24.98  0.16 14.51 315.96   8.19  0.11 12.01 310.85   9.80
19840602 150000 10.4 177.5  2.86 13.30 215.25  24.93  3  1.74  6.68 201.74  32.18  2.27 13.30 221.74  14.47  0.17 14.50 314.34   9.04
19840602 180000 11.4 185.1  2.90 13.35 214.28  23.59  3  1.85  6.52 204.23  29.97  2.23 13.35 220.17  13.96  0.15 14.47 314.39   9.12
19840602 210000 13.1 188.9  3.04 13.55 212.92  23.44  3  2.10  6.48 205.51  28.96  2.20 13.54 218.79  13.28  0.14 14.21 315.03   8.51
19840603 000000 13.2 181.2  3.09 13.77 211.91  24.20  3  2.23  6.70 206.40  30.28  2.14 13.79 216.85  11.84  0.15 13.62 314.76   9.17
19840603 030000 12.1 179.1  3.09 13.86 211.71  24.05  3  2.20  6.87 206.50  30.59  2.16 13.89 216.13  11.14  0.16 13.58 315.00   8.92
19840603 060000 11.0 183.1  2.96 13.98 212.43  23.03  3  1.99  6.91 207.92  30.94  2.18 15.03 215.39  10.68  0.16 13.57 315.09   8.93
19840603 090000  8.4 176.4  2.81 15.26 213.38  21.26  3  1.64  6.71 209.16  32.07  2.28 15.27 215.02  10.60  0.15 13.56 315.03   9.00
19840603 120000  3.3 172.2  2.71 15.32 214.52  18.26  2  2.70 15.33 214.39  17.77  0.13 13.55 315.30   8.68
19840603 150000  2.4 194.1  2.71 15.35 215.08  15.75  2  2.70 15.35 214.96  15.23  0.13 13.48 315.63   8.57
19840603 180000  5.1 228.7  2.79 15.34 215.62  14.68  1  2.79 15.34 215.62  14.68
19840603 210000  3.8 207.4  2.91 15.38 216.52  14.68  2  2.91 15.38 216.40  14.13  0.13 12.79 315.98   8.28
19840604 000000  1.9 213.8  2.97 15.43 217.06  14.59  2  2.97 15.43 216.94  14.03  0.14 12.73 316.07   8.21
19840604 030000  3.4 183.0  2.98 15.42 217.33  14.47  2  2.98 15.42 217.21  13.92  0.14 12.71 316.01   8.41
19840604 060000  5.2 171.0  2.98 15.35 217.51  14.26  2  2.98 15.35 217.39  13.73  0.13 12.69 316.03   8.50
19840604 090000  3.1 144.3  2.94 15.32 217.70  13.90  2  2.93 15.32 217.58  13.38  0.13 12.67 316.24   8.41
19840604 120000  1.6 100.9  2.82 15.26 217.86  13.63  2  2.82 15.26 217.74  13.07  0.13 12.62 316.43   8.40
19840604 150000  2.1 169.1  2.68 15.17 218.07  13.40  1  2.68 15.17 218.07  13.40
19840604 180000  4.1 206.1  2.58 15.05 218.14  13.47  1  2.58 15.05 218.14  13.47
19840604 210000  4.3 219.1  2.51 14.80 218.25  13.48  2  2.51 14.80 218.11  12.79  0.13 12.01 316.30   8.37
19840605 000000  3.8 213.1  2.46 14.58 218.02  13.81  2  2.45 14.58 217.87  13.11  0.13 11.94 316.09   8.45
19840605 030000  5.9 179.7  2.42 14.44 217.48  14.28  3  2.31 14.44 217.72  13.91  0.72 18.19 213.45   8.75  0.12 11.91 315.96   8.56
19840605 060000  7.0 190.4  2.41 14.32 216.79  14.70  3  2.26 14.32 217.01  14.49  0.83 18.11 213.95   9.64  0.12 11.88 315.98   8.60
19840605 090000  4.8 181.5  2.38 14.19 216.62  14.71  3  2.13 14.19 217.19  14.88  1.04 17.66 213.55   9.28  0.12 11.84 316.10   8.55
19840605 120000  1.5 181.2  2.33 13.97 216.83  14.11  3  2.01 13.96 217.51  14.42  1.18 17.12 214.31   9.53  0.12 11.80 316.19   8.43
19840605 150000  0.4 264.4  2.28 13.84 217.11  13.55  3  1.83 13.57 218.16  14.14  1.36 16.61 214.82   9.63  0.12 11.74 316.16   8.34
19840605 180000  4.6 231.6  2.23 16.33 217.52  13.34  2  2.23 16.34 217.37  12.58  0.12 11.68 315.98   8.37
19840605 210000  4.1 225.3  2.18 16.13 217.93  13.45  2  2.18 16.13 217.78  12.69  0.11 11.59 315.68   8.55
19840606 000000  7.1 194.7  2.12 15.50 217.93  13.84  2  2.12 15.51 217.77  13.07  0.11 11.46 315.40   8.75
19840606 030000  4.4 146.2  2.04 15.33 218.04  14.73  3  2.03 15.33 217.86  13.94  0.10 11.30 316.80   8.15  0.06 13.62 311.27   9.27
19840606 060000  4.8 126.0  1.91 15.16 218.53  15.14  3  1.90 15.16 218.31  14.23  0.10 11.19 316.75   7.91  0.07 13.57 311.51   9.78
19840606 090000  4.6 113.2  1.79 15.21 218.38  18.14  3  1.79 15.21 218.12  17.27  0.09 11.13 316.99   7.85  0.08 13.48 311.44  10.77
19840606 120000  4.9 177.3  1.69 15.28 218.38  19.77  3  1.69 15.28 218.09  18.91  0.09 11.09 316.97   7.89  0.08 13.46 311.94   9.48
19840606 150000  6.7 151.2  1.64 15.23 216.53  23.00  4  0.51  3.06 160.20  36.04  1.56 15.23 220.45  11.85  0.08 11.05 317.31   7.76  0.08 13.40 311.36   8.96
19840606 180000  8.0 193.0  1.60 14.87 216.89  21.64  5  0.61  3.29 184.50  35.84  1.47 14.88 220.77  11.60  0.08 11.03 317.80   6.96  0.07 13.15 311.27   8.77  0.06 11.13 270.04  11.23
19840606 210000  8.9 193.3  1.67 14.50 216.93  21.35  5  0.89  4.07 204.24  31.26  1.40 14.50 220.95  11.35  0.08 11.04 317.09   7.61  0.07 12.78 311.07   9.18  0.06 10.98 267.58   7.07
19840607 000000  3.3 223.4  1.66 14.40 218.43  21.56  5  1.27 14.40 220.75  11.25  0.92  4.65 209.40  32.01  0.52 18.13 226.07  12.02  0.09 12.65 309.02  14.19  0.07 10.94 316.31   8.12
19840607 030000  4.9 185.9  1.57 14.28 221.15  19.51  5  0.76  4.76 216.24  31.82  1.20 14.29 220.85  11.36  0.67 17.75 225.73  11.10  0.11 12.62 314.21   8.78  0.06 10.39 268.38   7.73
19840607 060000  5.0 205.4  1.53 17.49 222.71  18.07  5  0.64  4.58 220.41  31.68  1.12 13.90 220.81  11.44  0.81 17.49 226.27  11.10  0.11 12.61 314.00   8.82  0.05 10.29 268.89   7.78
19840607 090000  3.5 226.0  1.53 17.12 224.14  16.99  4  1.07 13.68 220.61  11.66  0.92 17.14 227.52  10.98  0.56  4.36 225.64  31.11  0.11 12.58 313.54   9.12
19840607 120000  2.8 279.3  1.55 16.78 225.48  16.10  3  1.12 16.78 227.63  10.94  1.07 13.41 222.38  18.23  0.11 12.52 313.40   9.16
19840607 150000  3.8 257.9  1.61 16.61 226.41  15.33  3  0.45  4.27 237.14  29.38  1.54 16.61 225.31  11.88  0.11 12.30 313.47   9.25
19840607 180000  6.3 228.4  1.73 16.49 226.87  15.21  2  1.72 16.49 226.62  14.34  0.11 11.90 313.69   9.31
19840607 210000  4.8 216.8  1.87 16.27 226.71  15.11  2  1.86 16.27 226.48  14.31  0.12 11.83 313.92   9.33
19840608 000000  5.2 224.7  2.02 15.99 226.46  14.38  3  0.66  9.62 223.70  26.02  1.90 15.99 226.54  11.20  0.12 11.80 314.20   9.12
19840608 030000  3.5 244.2  2.19 15.82 226.28  13.66  3  2.11 15.82 226.23  11.24  0.58  9.23 224.25  26.97  0.12 11.78 314.24   9.15
19840608 060000  4.9 205.4  2.36 15.53 225.89  13.11  1  2.36 15.53 225.89  13.11
19840608 090000  3.4 189.9  2.47 15.17 225.29  12.89  1  2.47 15.17 225.29  12.89
19840608 120000  0.3 111.7  2.51 14.98 224.58  12.68  1  2.51 14.98 224.58  12.68
19840608 150000  4.2 234.3  2.52 14.77 224.06  12.74  1  2.52 14.77 224.06  12.74
19840608 180000  6.4 202.1  2.52 14.53 223.25  13.00  1  2.52 14.53 223.25  13.00
19840608 210000  7.8 202.8  2.52 14.40 222.49  13.78  1  2.52 14.40 222.49  13.78
19840609 000000  6.0 188.4  2.50 14.30 221.99  14.65  1  2.50 14.30 221.99  14.65
19840609 030000  4.9 164.3  2.45 14.19 222.12  14.65  1  2.45 14.19 222.12  14.65
19840609 060000  6.7 166.2  2.39 13.98 221.88  15.64  1  2.39 13.98 221.88  15.64
19840609 090000  4.4 154.0  2.31 13.63 221.81  16.05  1  2.31 13.63 221.81  16.05
19840609 120000  5.4 163.5  2.20 13.48 221.82  15.96  1  2.20 13.48 221.82  15.96
19840609 150000  4.2 137.7  2.04 13.37 221.60  16.97  1  2.04 13.37 221.60  16.97
19840609 180000  7.5 207.9  1.88 13.24 221.60  16.74  2  1.88 13.24 221.44  16.17  0.10 10.46 317.50   9.72
19840609 210000  6.9 178.7  1.73 12.97 221.04  18.90  3  0.57  3.37 200.03  33.71  1.63 12.97 222.99  13.81  0.09 10.38 317.60   9.64
19840610 000000  4.9 195.4  1.57 12.71 221.48  19.51  3  0.45  3.42 190.88  36.68  1.50 12.71 223.40  14.14  0.09 10.33 317.81   9.59
19840610 030000  5.0 210.6  1.54 12.55 222.37  17.53  3  1.52 12.55 222.66  16.80  0.26 16.19 205.99   6.50  0.09 10.30 318.01   9.45
19840610 060000  4.9 190.8  1.66 12.39 223.39  15.78  3  1.64 12.39 223.50  15.03  0.20 15.54 203.77   3.46  0.09 10.28 318.08   9.27
19840610 090000  3.2 190.3  1.83 11.80 224.82  15.01  3  1.82 11.81 224.66  14.40  0.08 10.26 317.24   9.78  0.06 14.76 317.47   7.31
19840610 120000  3.8 210.9  2.01 11.82 226.40  14.80  3  2.00 11.82 226.19  14.46  0.15 16.51 250.84   5.07  0.07 14.58 318.63   7.32
19840610 150000  2.1 149.4  2.17 12.46 227.86  14.91  2  2.17 12.46 227.80  14.69  0.07 14.46 318.20   7.17
19840610 180000  1.9 260.7  2.34 12.68 229.00  14.96  1  2.34 12.68 229.00  14.96
19840610 210000  3.1 306.3  2.57 12.73 229.75  15.86  1  2.57 12.73 229.75  15.86
19840611 000000  6.2 231.4  2.82 12.85 229.94  15.63  2  2.58 12.85 231.08  16.28  1.13 15.34 224.11   9.73
19840611 030000  7.2 197.0  3.01 14.11 229.67  16.03  1  3.01 14.11 229.67  16.03
19840611 060000  7.7 193.8  3.10 13.64 229.24  16.86  1  3.10 13.64 229.24  16.86
19840611 090000  6.5 188.4  3.11 13.45 229.38  17.11  1  3.11 13.45 229.38  17.11
19840611 120000  6.2 183.7  3.14 13.42 229.75  16.76  1  3.14 13.42 229.75  16.76
19840611 150000  4.9 187.3  3.23 13.62 230.05  16.01  1  3.23 13.62 230.05  16.01
19840611 180000  9.3 207.7  3.35 13.88 230.03  16.05  1  3.35 13.88 230.03  16.05
19840611 210000  8.7 206.8  3.41 13.86 230.38  16.40  2  0.83  4.07 212.71  29.15  3.31 13.86 231.37  14.65
19840612 000000  6.9 200.2  3.39 13.75 230.67  16.62  2  0.83  4.45 210.43  30.68  3.29 13.75 231.78  14.51
19840612 030000  7.8 194.5  3.31 13.63 230.77  16.74  1  3.31 13.63 230.77  16.74
19840612 060000  7.6 182.9  3.19 13.53 230.79  16.84  1  3.19 13.53 230.79  16.84
19840612 090000  8.0 186.7  3.08 13.39 230.18  17.31  2  3.07 13.39 230.22  17.34  0.22 19.46 222.77   7.05
19840612 120000  8.9 168.0  2.95 13.19 229.14  18.81  3  0.82  4.03 194.48  33.16  2.82 13.19 231.56  14.33  0.27 19.09 224.04   8.25
19840612 150000  7.3 199.6  2.78 12.85 229.09  18.08  2  2.76 12.85 229.19  18.19  0.36 18.73 223.95   8.49
19840612 180000  9.9 202.2  2.72 12.61 227.73  18.58  3  1.05  4.59 210.44  29.68  2.48 12.61 230.58  14.15  0.39 18.13 223.92   8.18
19840612 210000  9.7 198.0  2.66 12.42 226.41  19.86  3  1.26  5.23 213.63  30.28  2.30 12.42 229.91  13.99  0.45 17.84 223.71   7.57
19840613 000000 10.9 191.6  2.59 12.09 224.63  21.19  2  2.54 12.09 224.68  21.55  0.51 17.85 223.57   7.41
19840613 030000  9.8 191.7  2.56 11.80 222.76  22.28  3  1.55  5.96 213.31  30.77  1.96 11.80 227.89  13.35  0.58 17.94 223.68   7.27
19840613 060000 11.1 182.3  2.58 11.61 220.75  23.35  4  1.70  6.51 212.09  30.61  1.75 11.61 227.23  13.43  0.80 17.64 223.91   8.07  0.25 14.49 225.00   0.00
19840613 090000  8.4 186.8  2.56 11.28 220.83  22.38  4  1.69  7.05 213.87  29.60  1.57 11.28 226.66  13.90  0.95 17.25 223.54   7.62  0.59 14.42 223.75  10.51
19840613 120000  8.3 175.6  2.60 16.71 220.51  21.52  2  2.26 11.03 219.44  24.27  1.29 16.71 223.52   7.98
19840613 150000  7.4 188.5  2.59 16.45 221.25  19.97  2  2.13 10.81 219.96  23.59  1.48 16.45 223.68   8.12
19840613 180000  8.1 200.1  2.57 15.85 221.74  18.42  2  2.00 10.47 219.98  22.65  1.62 15.85 224.20   8.12
19840613 210000  9.8 194.4  2.61 15.50 221.17  18.27  2  1.90 10.33 217.94  23.41  1.79 15.50 224.56   8.31
19840614 000000  6.9 181.2  2.60 15.28 221.12  18.66  2  1.77 10.11 216.50  25.25  1.91 15.28 224.71   8.49
19840614 030000  4.2 162.0  2.51 14.93 222.40  17.37  1  2.51 14.93 222.40  17.37
19840614 060000  2.4 143.6  2.43 14.62 223.35  15.91  3  1.98 14.62 225.79   9.67  1.22  7.19 215.70  24.74  0.70  9.60 225.33  14.76
19840614 090000  3.7  27.7  2.33 14.54 224.05  14.75  2  2.07 14.54 226.07  10.35  1.08  7.24 216.06  23.45
19840614 120000  8.9 343.4  2.24 14.50 226.51  23.52  1  2.24 14.50 226.51  23.52
19840614 150000  7.4 327.8  2.16 14.44 230.39  30.77  2  0.67  3.65 338.50  32.28  2.06 14.44 225.44  12.20
19840614 180000  6.6 311.6  2.06 14.36 231.87  29.74  2  0.68  3.91 322.04  32.04  1.94 14.36 225.72  11.85
19840614 210000  5.1 321.3  1.94 14.26 232.06  28.72  3  0.65  4.03 315.06  32.60  1.78 14.26 226.43  11.08  0.40  6.23 213.71  17.33
19840615 000000  8.7 351.5  1.84 14.00 234.71  34.34  2  0.72  4.02 323.78  33.79  1.70 14.00 225.90  11.94
19840615 030000  4.2   5.7  1.75 13.73 237.20  37.20  2  0.76  4.34 322.20  33.89  1.57 13.73 225.77  12.08
19840615 060000  1.5 343.4  1.64 13.61 235.93  34.24  3  1.48 13.61 225.43  12.21  0.70  4.64 311.79  34.47  0.06 23.08 223.71   8.03
19840615 090000  2.8  16.6  1.55 13.53 235.29  31.81  3  1.39 13.53 224.89  11.05  0.67  4.86 300.88  33.95  0.10 11.77 317.74   7.11
19840615 120000  8.2 344.9  1.52 13.46 238.60  36.34  4  0.73  5.04 306.13  35.85  1.32 13.46 224.89  11.33  0.12 21.68 223.50   8.40  0.10 11.70 317.77   7.07
19840615 150000  3.2 359.3  1.52 13.31 241.70  37.27  5  1.28 13.31 225.16  11.81  0.79  5.20 303.20  33.28  0.17 21.40 223.67   8.07  0.09 11.65 317.90   7.02  0.05 13.55 316.89   7.49
19840615 180000  3.6 275.4  1.54 12.93 242.51  34.87  6  1.22 12.93 223.64  10.88  0.82  5.70 295.41  28.95  0.36 10.71 248.06   4.77  0.23 20.61 222.76   8.40  0.10 11.62 317.93   7.09  0.07 16.85 260.99  10.91
19840615 210000  3.0 260.6  1.58 12.80 241.89  32.60  6  1.20 12.80 222.96  10.82  0.82  5.89 291.02  26.28  0.49  9.96 248.17   7.62  0.33 20.09 222.69   8.08  0.10 11.61 317.81   7.21  0.06 16.74 261.08  10.13
19840616 000000  2.6   5.3  1.62 12.77 240.03  30.96  5  1.21 12.78 222.73  11.18  0.78  5.99 290.14  26.28  0.58  9.70 249.03   9.25  0.43 19.89 222.93   8.20  0.11 11.58 317.54   7.22
19840616 030000  1.2 136.6  1.66 12.82 237.54  29.62  5  1.23 12.83 222.20  10.85  0.96  9.08 272.63  29.08  0.56 18.74 222.57   8.28  0.10 12.43 317.70   7.25  0.05 15.53 316.48   7.28
19840616 060000  7.3 183.7  1.73 13.22 233.59  27.33  7  1.23 13.23 222.22  11.31  0.96  7.92 263.33  32.78  0.53 19.01 221.13   8.96  0.52 16.71 223.50   7.20  0.08 10.92 318.45   7.08  0.06 12.62 316.63   6.75  0.06 15.50 316.41   7.46
19840616 090000  7.9 185.6  1.85 13.35 228.40  26.82  8  0.59  3.26 191.71  33.21  1.24 13.36 221.37  11.02  0.86  7.84 265.92  20.73  0.68 16.63 219.50   7.78  0.54 18.60 227.26   6.18  0.08 10.94 318.16   6.81  0.07 15.47 316.19   8.15  0.06 12.66 317.09   7.41
19840616 120000  5.1 177.3  1.90 16.64 226.14  25.30  6  1.21 13.34 220.98  10.62  1.04 16.67 222.05   8.55  1.03  7.67 240.34  40.93  0.08 10.90 318.45   6.60  0.07 15.39 316.49   7.40  0.05 12.65 316.15   8.12
19840616 150000  8.1 175.0  1.95 15.72 223.91  24.81  5  1.01  7.48 232.08  43.50  1.19 13.13 220.48  10.75  0.91 17.27 222.19   8.77  0.71 15.44 223.26   7.46  0.10 14.74 317.26   7.14
19840616 180000  8.5 191.2  2.05 15.59 221.81  23.53  6  0.91  4.24 198.56  30.76  1.14 12.82 220.25  10.47  1.02 15.34 220.25   8.52  0.77 17.35 226.87   6.85  0.66  7.65 263.62  16.58  0.11 14.54 316.88   7.41
19840616 210000 10.2 199.3  2.20 14.93 221.35  22.12  4  1.30  4.82 219.39  34.16  1.72 14.97 221.68   9.54  0.42 20.52 226.19   8.09  0.12 14.50 317.16   7.46
19840617 000000  6.7 189.7  2.22 14.60 221.83  21.47  5  1.25  5.16 219.52  34.29  1.48 14.40 222.09  10.16  1.01 16.75 222.81   8.94  0.36 20.90 225.47   6.15  0.13 14.48 316.99   7.64
19840617 030000  8.0 177.5  2.20 14.48 221.56  20.74  6  1.12  5.30 215.49  35.14  1.52 14.27 222.46  10.26  0.84 16.45 222.67   9.06  0.73 19.33 225.92   8.18  0.10 14.41 315.77   7.83  0.09 11.77 317.56   7.52
19840617 060000  8.0 177.2  2.25 14.20 220.58  20.45  5  1.14  5.74 210.42  33.65  1.78 14.20 222.92  10.00  0.76 19.21 225.06   8.83  0.11 14.04 315.73   7.82  0.09 11.78 317.71   7.35
19840617 090000  7.0 176.9  2.31 18.92 220.23  19.79  5  1.35  6.54 212.64  29.16  1.33 13.46 222.88   9.77  0.97 15.88 222.07   7.72  0.91 18.99 225.75   8.20  0.14 13.63 316.38   7.65
19840617 120000  7.0 187.2  2.37 18.49 220.40  18.71  5  1.45  6.99 213.87  26.12  1.31 13.41 223.65   9.37  1.14 18.49 224.59   8.19  0.71 15.36 220.66   6.55  0.15 13.57 316.26   7.66
19840617 150000  9.0 187.7  2.50 17.83 219.48  18.94  4  1.61  7.20 212.54  25.02  1.49 17.83 223.65   8.38  1.19 13.28 223.69   9.12  0.15 13.55 316.29   7.70
19840617 180000 10.3 192.6  2.66 17.69 218.39  19.64  3  1.83  7.33 211.65  24.80  1.93 17.69 223.59   8.62  0.15 13.52 316.09   7.81
19840617 210000 11.6 195.2  2.83 17.45 217.22  20.40  3  2.07  7.25 210.82  24.67  1.93 17.45 223.64   8.41  0.15 13.44 315.87   7.93
19840618 000000  7.0 186.8  2.91 16.80 217.19  21.07  3  2.17  7.33 211.40  25.39  1.93 16.80 223.51   8.44  0.15 12.99 315.91   7.81
19840618 030000  8.8 193.6  2.75 16.59 218.59  20.01  4  1.92  7.41 212.97  25.36  1.96 16.59 223.17   8.58  0.16 12.74 315.88   7.85  0.06 25.03 220.97   7.66
19840618 060000  8.8 195.4  2.59 16.48 218.90  19.24  3  1.68  7.22 212.18  25.33  1.96 16.48 223.02   8.67  0.16 12.70 315.87   7.86
19840618 090000  7.8 182.9  2.49 16.32 218.71  18.93  4  1.55  6.90 211.10  25.52  1.95 16.32 222.68   8.84  0.16 12.68 315.84   7.94  0.11 23.59 220.73   7.54
19840618 120000  2.8 226.0  2.41 15.96 219.43  17.59  4  1.97 15.96 222.09   9.07  1.37  6.83 212.58  25.08  0.16 12.66 315.62   8.05  0.14 23.30 222.05   7.94
19840618 150000  6.7 204.7  2.35 15.64 219.90  16.05  4  1.20  6.86 214.18  23.93  2.00 15.64 221.44   9.46  0.18 22.81 221.72   8.28  0.16 12.61 315.39   8.10
19840618 180000  7.7 200.0  2.33 15.50 219.43  15.71  3  2.31 15.50 219.13  14.67  0.21 22.04 222.45   8.24  0.16 12.47 315.29   8.15
19840618 210000  6.3 205.2  2.29 15.36 219.32  15.49  3  2.26 15.36 218.97  14.31  0.26 21.73 222.36   8.50  0.17 12.06 315.27   8.17
19840619 000000  2.8 197.0  2.21 15.19 219.44  15.00  3  2.19 15.19 219.01  13.55  0.30 21.03 222.89   8.61  0.17 11.93 315.20   8.23
19840619 030000  5.3 218.7  2.13 14.97 219.49  14.56  3  2.10 14.97 218.96  12.79  0.33 20.59 223.81   9.39  0.18 11.89 315.14   8.38
19840619 060000  5.9 190.5  2.06 14.65 219.10  14.78  3  2.01 14.65 218.50  12.89  0.40 20.20 222.47   9.46  0.18 11.87 314.99   8.65
19840619 090000  3.5 194.1  1.97 14.48 218.91  14.89  3  1.92 14.48 218.15  12.85  0.43 19.46 223.65   8.35  0.18 11.85 314.69   8.99
19840619 120000  3.7 326.6  1.88 14.35 218.92  14.67  3  1.81 14.34 218.17  12.34  0.49 19.11 221.09   9.85  0.18 11.81 314.11   9.66
19840619 150000  6.3 328.8  1.81 14.22 220.38  20.73  3  1.73 14.22 219.52  19.60  0.51 18.86 222.26   8.90  0.19 11.75 313.72  10.10
19840619 180000  6.5 318.5  1.80 14.08 223.30  28.26  5  0.52  3.29 318.82  29.65  1.60 14.08 217.67  10.68  0.60 17.98 219.75  10.40  0.18 11.60 312.94  10.55  0.06 14.50 318.23   6.74
19840619 210000  4.2 322.0  1.77 13.77 223.94  29.29  6  0.55  3.78 314.41  30.90  1.54 13.76 217.29  10.25  0.64 17.79 219.09  10.07  0.18 11.32 314.05   9.02  0.10  8.47 280.96   8.93  0.06 14.45 318.22   6.76
19840620 000000 11.6 329.2  1.85 13.57 230.96  39.25  3  0.85  3.79 317.21  29.35  1.53 13.57 216.80  10.07  0.60 17.76 219.95   9.85
19840620 030000  3.9   6.0  1.81 13.46 230.94  38.82  5  1.43 13.46 216.65   9.97  0.82  4.48 314.40  31.58  0.72 16.84 218.09   9.97  0.19 11.16 314.94   8.61  0.14  8.11 281.48   8.45
19840620 060000  1.4 226.0  1.74 16.53 228.64  35.59  5  1.39 13.38 216.30   9.98  0.72  4.64 309.81  30.84  0.72 16.68 218.56   9.91  0.19 11.13 314.94   8.62  0.16  7.94 281.16   7.17
19840620 090000  2.7 170.7  1.68 16.40 226.43  32.45  6  1.31 13.21 215.96   9.97  0.79 16.40 218.58  10.14  0.62  4.65 306.02  30.46  0.18  7.82 281.60   7.25  0.17 11.11 314.22   8.84  0.09 13.53 317.75   7.12
19840620 120000  4.2 181.0  1.60 13.29 223.91  28.78  6  1.28 13.16 216.13  10.03  0.77 15.90 217.43  10.21  0.52  4.54 300.64  33.14  0.19  7.65 282.26   7.93  0.17 11.09 313.92   9.02  0.09 13.51 318.26   6.79
19840620 150000  6.4 187.7  1.55 15.30 220.67  26.00  6  0.49  4.32 264.36  54.21  1.25 13.19 215.65  10.92  0.73 15.60 217.66  10.30  0.20  7.50 283.10   8.10  0.17 11.06 314.02   8.79  0.09 13.41 318.40   6.66
19840620 180000  8.8 189.6  1.57 15.20 217.18  25.19  5  0.70  3.36 211.12  43.78  1.21 13.29 215.42  10.17  0.68 15.54 218.73   9.94  0.20  7.40 284.35   9.15  0.18 11.01 315.17   8.69
19840620 210000  9.5 195.5  1.66 13.61 214.33  25.48  5  1.00  4.25 206.13  33.81  1.30 13.65 216.08  10.32  0.19  7.32 285.10   9.49  0.15 10.95 314.16   8.99  0.10 12.83 317.99   7.02
19840621 000000  5.2 194.4  1.68 13.51 215.07  25.61  6  1.12  4.96 210.04  31.63  1.21 13.55 215.94  10.48  0.19  7.24 285.50   9.51  0.16 21.34 227.25   7.59  0.15 10.85 314.16   8.99  0.10 12.76 317.99   7.10
19840621 030000  9.3 198.2  1.66 13.19 215.42  25.08  6  1.16  5.19 211.16  29.60  1.14 13.31 216.10  10.78  0.23 20.51 225.68   8.19  0.18  7.09 286.69   8.79  0.15 10.73 314.09   9.22  0.10 12.74 317.95   7.12
19840621 060000 10.3 192.0  1.77 12.72 213.45  25.62  6  1.35  5.32 208.63  28.45  1.08 12.74 216.47  11.06  0.29 20.26 224.63   8.51  0.17  6.97 288.06   8.67  0.14 10.65 314.96   9.48  0.10 12.64 316.66   7.05
19840621 090000  8.6 192.8  1.80 12.48 213.82  25.88  7  1.41  5.72 209.55  28.54  0.96 12.49 215.20  10.93  0.38 19.64 225.94   8.38  0.36 14.81 225.61   8.83  0.16  6.87 288.98   8.33  0.13 10.60 313.85   9.41  0.11 12.38 317.88   7.08
19840621 120000  6.7 193.7  1.74 19.16 216.03  25.07  7  1.34  6.10 212.67  27.86  0.93 12.00 215.83  11.30  0.49 19.16 225.05   8.86  0.24 14.76 226.73   3.78  0.16  6.78 288.42   8.78  0.13 11.93 314.29   8.89  0.10 10.32 319.21   6.09
19840621 150000  9.2 191.6  1.76 19.01 215.80  24.54  6  1.37  6.37 212.87  28.09  0.90 11.63 215.41  11.20  0.53 19.01 226.06   8.47  0.34 14.61 222.56  10.26  0.12 11.87 316.50   7.59  0.11 10.32 314.77   9.91
19840621 180000 10.2 200.8  1.87 18.76 215.11  24.28  5  1.72  6.32 212.51  23.94  0.60 18.76 226.32   8.48  0.38 14.39 222.04   9.03  0.16 11.78 315.88   8.59  0.11  6.53 291.64   7.47
19840621 210000  8.8 198.7  1.86 18.03 216.02  24.08  7  1.51  6.42 213.27  26.37  0.74 10.92 212.60  10.66  0.68 18.03 226.35   8.58  0.36 13.78 223.71  10.84  0.11 11.85 316.70   7.35  0.10 10.31 314.34  10.44  0.10  6.51 290.51   9.26
19840622 000000  2.5 224.3  1.77 17.91 217.28  23.64  5  1.41  6.44 214.90  26.55  0.73 17.91 226.42   8.66  0.71 10.78 212.58  11.41  0.31 13.68 222.05   9.98  0.15 11.71 315.66   8.98
19840622 030000  6.1 202.5  1.62 17.87 218.90  22.43  5  1.21  6.40 216.86  25.98  0.78 17.87 226.28   8.71  0.68 10.60 211.32  11.40  0.30 13.61 223.76  10.10  0.15 11.56 315.87   8.78
19840622 060000  7.6 188.5  1.56 16.95 218.27  22.39  5  1.11  6.21 214.83  26.63  0.82 16.95 226.24   8.69  0.64 10.51 209.51   9.78  0.33 13.53 226.35  10.84  0.14 11.16 316.12   8.43
19840622 090000  7.2 178.9  1.51 16.81 216.78  23.60  5  1.03  6.00 210.73  29.05  0.85 16.81 226.02   8.80  0.64 10.43 209.22   9.52  0.29 13.41 229.07   9.52  0.14 11.09 316.37   8.20
19840622 120000  6.6 185.4  1.45 16.86 217.40  22.97  5  0.92  5.70 210.88  29.77  0.87 16.86 225.90   8.72  0.65 10.26 209.06   9.60  0.27 13.18 229.34  10.49  0.14 11.08 316.24   8.42
19840622 150000  6.5 188.9  1.40 16.01 218.22  22.35  5  0.82  5.52 211.51  30.51  0.89 16.01 225.75   8.68  0.61 10.02 208.57   9.90  0.33 12.63 223.47  13.47  0.13 11.07 316.33   8.28
19840622 180000  9.6 198.9  1.52 15.75 216.71  22.65  4  1.17  9.75 209.54  24.79  0.91 15.75 225.70   8.65  0.30 12.54 225.85  12.93  0.13 11.05 316.43   8.08
19840622 210000  9.5 196.7  1.64 15.77 216.08  23.88  3  1.32  4.90 209.99  26.17  0.96 15.77 225.74   9.24  0.12 11.00 316.35   8.12
19840623 000000  7.4 195.9  1.61 15.76 217.11  24.21  4  1.16  5.13 212.02  29.73  0.97 15.76 225.88   9.25  0.55  9.47 207.13   9.33  0.12 10.93 316.24   8.16
19840623 030000  8.4 185.7  1.56 14.80 216.86  24.58  3  1.21  5.16 209.56  27.99  0.98 14.80 226.09   9.27  0.11 10.87 316.19   8.20
19840623 060000  9.1 180.0  1.60 14.78 214.96  25.35  3  1.25  5.15 206.62  28.36  1.00 14.78 226.03   9.43  0.11 10.84 316.16   8.17
19840623 090000  7.6 187.6  1.58 15.04 216.22  24.67  4  1.12  5.39 208.35  30.28  1.01 15.04 226.29   9.36  0.48  9.38 205.96   8.88  0.10 10.82 316.12   8.19
19840623 120000  9.3 192.8  1.56 15.16 217.08  23.59  3  1.19  5.51 208.94  26.94  1.02 15.16 226.54   9.40  0.10 10.80 316.11   8.20
19840623 150000  8.7 204.2  1.60 14.52 217.67  22.99  3  1.23  5.37 210.50  26.09  1.01 14.52 226.85   9.41  0.10 10.74 316.09   8.19
19840623 180000 10.2 208.3  1.75 14.43 218.66  22.31  3  1.43  5.31 213.77  24.82  1.01 14.43 227.16   9.39  0.09 10.55 316.02   8.22
19840623 210000  7.5 215.1  1.68 14.44 220.09  23.12  4  1.27  5.62 216.56  27.65  1.00 14.44 227.50   9.47  0.44  8.88 206.04   8.60  0.09 10.42 315.93   8.28
19840624 000000  1.9 291.7  1.54 14.38 221.35  22.59  5  1.08  5.63 217.26  28.41  0.91 14.38 227.07   9.84  0.44 17.56 229.59   9.06  0.40  8.59 206.22   8.85  0.09 10.35 315.89   8.27
19840624 030000  4.3 253.8  1.41 14.33 222.76  21.22  5  0.94 14.33 227.25   9.84  0.90  5.59 218.57  28.30  0.40  8.48 206.36   8.80  0.35 18.02 232.83   8.01  0.09 10.32 315.88   8.28
19840624 060000  4.7 189.0  1.34 14.28 223.62  19.92  5  0.84 14.21 227.34  10.40  0.78  5.55 219.17  27.82  0.56 16.81 229.61   8.93  0.40  8.35 207.71  10.64  0.09 10.31 315.81   8.30
19840624 090000  5.1 176.7  1.30 13.92 223.61  19.55  5  0.69  5.53 217.19  28.80  0.83 13.92 227.68  10.25  0.58 16.72 230.09   8.61  0.44  9.14 209.12  11.08  0.09 10.29 315.63   8.35
19840624 120000  6.7 154.1  1.31 13.63 221.79  22.09  5  0.69  5.59 208.34  32.82  0.87 13.63 228.32   9.71  0.52 16.87 230.36   9.24  0.43  8.83 209.05  10.58  0.09 10.26 315.43   8.45
19840624 150000 10.1 192.7  1.47 13.59 218.37  23.24  4  1.03  3.97 206.10  26.62  0.76 13.45 228.22  11.02  0.72 16.28 229.36   8.33  0.08 10.22 315.17   8.51
19840624 180000 12.1 191.1  1.85 13.59 213.61  25.89  4  1.52  5.12 204.96  27.45  0.76 13.44 228.96  10.23  0.74 15.93 229.55   8.07  0.08 10.16 314.95   8.47
19840624 210000 12.0 200.7  2.06 15.50 213.75  25.86  3  1.76  5.72 207.25  27.58  0.84 13.64 229.80   8.77  0.67 15.79 229.08   8.82
19840625 000000 10.5 191.3  2.12 15.36 214.54  26.16  3  1.81  6.03 208.41  28.19  0.80 15.41 228.59   8.29  0.76 13.26 230.61   8.47
19840625 030000 11.6 193.1  2.04 15.20 214.44  25.87  2  1.71  5.89 207.31  27.99  1.11 15.20 229.50   8.48
19840625 060000 11.3 191.6  1.99 14.46 214.12  26.02  2  1.64  5.76 206.08  28.19  1.13 14.46 229.46   8.63
19840625 090000  9.7 190.5  1.91 14.35 215.15  25.92  2  1.53  5.74 206.29  28.74  1.14 14.35 229.29   8.66
19840625 120000  9.8 189.4  1.82 14.22 216.19  25.40  2  1.42  5.64 206.88  28.69  1.13 14.22 229.22   8.88
19840625 150000 11.1 196.9  1.90 13.61 215.74  24.58  2  1.54  5.58 207.97  27.12  1.12 13.61 229.07   8.95
19840625 180000  9.1 194.7  1.85 13.44 216.70  24.87  2  1.49  5.71 209.34  28.02  1.10 13.44 228.80   8.97
19840625 210000  8.7 205.0  1.69 13.36 218.86  23.84  3  1.31  5.67 211.62  28.00  1.07 13.36 228.54   9.29  0.06 21.12 221.90   7.61
19840626 000000  8.0 205.1  1.57 13.16 219.38  23.40  3  1.18  5.51 211.65  28.13  1.04 13.16 228.24   9.61  0.08 21.21 221.94   7.97
19840626 030000  5.7 176.6  1.40 12.78 220.31  23.05  3  0.97  5.29 210.96  29.16  1.00 12.78 228.01  10.42  0.09 20.76 222.23   8.40
19840626 060000  2.7 133.7  1.24 12.66 221.82  21.63  3  0.97 12.66 227.70  11.33  0.77  5.15 211.15  29.46  0.12 20.37 221.94   7.99
19840626 090000  4.1  77.9  1.13 12.59 223.23  20.45  6  0.94 12.58 226.85   9.33  0.59  4.96 212.22  31.48  0.14 20.20 222.00   8.06  0.12  8.03 201.41   7.44  0.06 10.25 313.09   8.01  0.06 12.88 316.56   7.62
19840626 120000  2.8 137.5  1.05 12.48 223.80  20.81  5  0.90 12.47 226.47   9.64  0.45  4.83 211.37  38.15  0.21  6.60 208.68  11.40  0.17 19.97 221.98   8.01  0.06 10.28 313.16   8.00
19840626 150000  4.5 119.6  1.01 12.29 222.78  23.46  4  0.98 12.28 222.19  22.61  0.21 19.17 222.98   8.83  0.07 12.73 317.13   7.34  0.06 10.28 313.34   7.79
19840626 180000  3.7 189.3  0.97 12.10 223.78  21.13  5  0.93 12.09 223.14  20.01  0.24 18.96 222.34   8.67  0.08 12.71 317.33   7.24  0.07 15.51 235.00   0.00  0.06 10.26 313.54   7.53
19840626 210000  5.8 212.3  0.98 12.01 224.07  19.68  4  0.94 12.00 223.59  18.27  0.25 18.83 221.06   7.91  0.08 12.75 317.34   7.27  0.06 10.18 313.56   7.67
19840627 000000  5.2 209.6  1.00 11.90 224.41  20.49  5  0.40  2.85 212.50  33.27  0.85 11.89 225.72  13.66  0.26 18.19 221.65   8.26  0.18 15.31 230.27   8.36  0.11 13.35 315.92   7.64
19840627 030000  6.3 207.6  0.99 11.78 225.17  21.17  6  0.42  2.95 215.77  32.32  0.70 11.77 226.10  11.20  0.49  8.22 227.36  19.45  0.27 17.78 221.83   7.83  0.09 13.51 316.95   7.35  0.06  9.80 313.89   7.84
19840627 060000  9.0 179.5  1.05 11.74 219.19  27.77  6  0.75  7.86 210.68  33.15  0.61 11.73 226.18  11.82  0.29 14.74 225.17  12.14  0.25 17.81 222.94   7.71  0.08 13.52 316.87   7.63  0.06  9.76 314.06   7.87
19840627 090000  7.4 163.5  1.05 11.73 209.99  35.23  7  0.68  3.65 179.44  36.05  0.55 11.71 226.80  12.30  0.46  7.93 228.84  20.31  0.34 17.43 222.63  10.08  0.08 13.51 316.89   7.61  0.06  9.75 314.24   7.90  0.05 11.80 316.88   6.67
19840627 120000  6.3 179.9  0.92 16.57 214.08  35.18  7  0.52  3.59 173.33  35.02  0.54 11.95 227.16  13.21  0.42  7.53 230.80  22.09  0.29 16.73 224.39   7.94  0.10 13.49 316.98   7.30  0.06  9.74 314.37   8.11  0.06 15.84 258.47   4.79
19840627 150000  3.7 149.9  0.96 12.59 227.63  29.64  5  0.38  3.35 172.38  35.20  0.75 12.58 234.83  13.74  0.37  7.34 234.13  22.81  0.25 16.78 226.32   6.62  0.12 13.44 316.39   7.50
19840627 180000  2.0 164.9  1.34 12.13 239.15  18.91  3  1.31 12.12 239.17  17.97  0.22 16.74 223.22   4.66  0.12 13.31 316.84   7.24
19840627 210000  3.9 176.2  1.80 11.89 241.97  15.31  2  1.79 11.89 241.76  14.72  0.11 12.98 317.28   6.96
19840628 000000  4.8 174.7  2.12 11.91 242.45  15.49  2  2.12 11.90 242.31  15.11  0.11 12.80 317.33   7.06
19840628 030000  5.6 152.6  2.32 12.03 242.39  17.34  3  2.31 12.02 242.37  17.06  0.16 20.15 222.76   7.39  0.10 12.75 317.16   7.12
19840628 060000  6.2 158.0  2.38 12.01 242.70  19.09  3  2.37 12.00 242.77  18.86  0.22 19.13 222.63   8.13  0.10 12.71 317.35   7.09
19840628 090000  5.9 152.0  2.36 11.91 242.99  20.88  3  2.34 11.91 243.13  20.69  0.25 19.04 221.96   7.85  0.10 12.68 317.26   7.03
19840628 120000  6.4 163.1  2.28 11.80 243.24  21.72  3  2.26 11.79 243.48  21.52  0.28 18.87 221.13   7.47  0.09 12.64 317.24   7.03
19840628 150000  5.8 142.0  2.18 11.70 243.11  23.21  4  0.43  3.11 150.66  31.32  2.11 11.69 245.58  16.20  0.30 18.32 220.77   8.03  0.09 12.59 317.23   7.03
19840628 180000  7.4 214.1  2.09 11.59 243.26  21.49  4  1.92 11.53 246.51  21.32  0.72 13.52 225.95   7.84  0.36 17.86 221.11   7.92  0.09 12.50 316.82   7.16
19840628 210000  8.1 202.8  2.08 11.41 241.48  22.33  5  0.77  3.86 214.68  32.17  1.64 10.90 251.53  15.26  0.94 12.11 229.43   8.85  0.38 17.73 220.73   7.34  0.09 12.21 316.63   7.21
19840629 000000  6.0 199.6  2.01 11.19 241.15  23.09  5  0.83  4.35 220.00  33.35  1.45 10.76 254.16  14.94  1.04 12.06 230.38   8.91  0.41 17.38 220.60   7.97  0.09 11.99 316.37   7.27
19840629 030000  5.7 188.6  1.88 11.03 241.90  23.02  5  1.53 10.22 248.59  24.88  0.92 11.71 232.23   9.27  0.53 16.75 222.11   8.64  0.27 13.54 225.00   0.00  0.09 11.92 316.16   7.33
19840629 060000  7.1 184.6  1.79 10.90 241.50  23.62  4  1.38  9.75 250.10  26.33  1.03 11.71 231.82   9.38  0.49 16.63 220.22   7.58  0.09 11.89 315.87   7.37
19840629 090000  6.0 182.6  1.73 10.79 240.65  24.45  4  1.32  9.82 249.37  27.91  0.99 12.50 231.67   9.42  0.50 16.51 220.57   7.70  0.08 11.88 315.74   7.42
19840629 120000  7.2 188.9  1.69 10.63 240.62  24.07  4  1.28 10.31 249.63  27.51  0.98 12.55 232.01   9.87  0.52 16.06 221.09   7.78  0.08 11.90 314.88   8.41
19840629 150000  7.1 196.8  1.75 12.43 240.13  23.53  4  1.25  9.04 248.19  28.44  1.06 12.44 235.75  10.82  0.60 15.71 221.08   7.75  0.08 11.88 314.19   9.10
19840629 180000  8.7 203.2  1.91 12.25 238.75  23.61  5  0.77  3.79 209.61  31.70  1.62 12.26 246.94  16.20  0.64 15.48 222.01   7.90  0.17 20.95 224.52   8.42  0.08 11.79 315.86   7.44
19840629 210000  6.5 192.2  1.97 11.88 240.63  22.50  4  1.86 11.88 242.81  22.55  0.61 15.28 221.87   8.17  0.19 21.09 229.27   7.91  0.08 11.67 314.09   9.05
19840630 000000  3.9 189.8  1.97 11.69 243.01  20.70  4  1.85 11.69 245.73  20.28  0.60 14.95 222.67   8.09  0.34 19.91 225.27   9.70  0.08 11.27 313.99   9.12
19840630 030000  4.7 187.3  1.97 11.57 244.89  19.14  4  1.82 11.57 248.17  18.32  0.65 14.62 224.99   9.05  0.38 19.67 227.83  10.62  0.07 11.21 315.82   7.43
19840630 060000  3.8 194.1  2.01 11.53 245.85  18.20  4  1.79 11.51 250.45  16.77  0.79 14.37 226.18   8.86  0.45 19.83 231.99  11.60  0.07 11.19 315.72   7.46
19840630 090000  2.2 213.6  2.09 11.52 246.44  17.33  4  1.82 11.51 251.19  15.84  0.85 13.90 229.88  11.35  0.58 19.69 234.66  13.06  0.07 11.17 315.73   7.49
19840630 120000  1.5 233.3  2.23 11.44 246.83  16.61  4  1.78 11.44 252.80  15.79  1.07 13.66 234.79  10.99  0.80 19.09 239.06  13.06  0.07 11.15 315.75   7.51
19840630 150000  1.8  24.7  2.50 13.55 246.79  15.57  3  2.08 13.55 245.28  15.38  1.16 18.51 243.21  12.41  0.77 10.97 266.00   8.91
19840630 180000  3.8 298.4  2.90 17.80 246.73  14.48  2  2.34 13.71 248.04  15.47  1.72 17.80 244.36  12.11
19840630 210000  3.9 338.2  3.29 17.43 247.17  14.34  2  2.55 14.10 247.72  15.82  2.09 17.43 246.36  11.75
19840701 000000  5.7  13.2  3.54 17.21 247.79  15.42  1  3.54 17.21 247.79  15.42
