Date     Time   Uabs UDir  hs    tp    th     sp     np hs(i) tp(i) th(i)  sp(i)
19881101 000000 11.9 189.0  3.62  8.27 218.00  25.00  3  3.61  8.27 217.88  24.77  0.12 13.36 305.66  10.75  0.10 19.06 311.66   8.09
19881101 030000 12.4 185.2  3.42 10.99 216.61  25.47  4  3.41 10.99 216.47  25.21  0.12 13.38 305.40  10.94  0.11 19.02 312.16   8.31  0.10 17.95 223.54   7.27
19881101 060000 11.8 189.1  3.23 10.88 216.41  25.29  4  3.22 10.88 216.25  25.01  0.13 18.02 223.30   7.23  0.11 13.39 305.28  10.99  0.11 19.01 312.92   8.55
19881101 090000 10.0 182.2  3.06 10.79 217.61  24.87  4  3.05 10.79 217.46  24.63  0.19 17.86 222.95   6.69  0.10 13.36 308.27   8.93  0.10 18.99 313.65   8.57
19881101 120000  9.3 183.3  2.87 10.68 219.63  24.03  4  2.85 10.68 219.41  23.77  0.30 17.11 222.11   6.51  0.11 18.48 312.67   8.28  0.11 13.26 308.29   8.99
19881101 150000 10.4 207.9  2.80 10.59 220.75  22.94  4  2.76 10.58 220.43  22.59  0.44 16.58 222.08   6.69  0.15 17.83 311.72   8.16  0.11 12.96 308.52   8.83
19881101 180000 13.6 213.2  3.12 10.41 220.95  22.22  4  3.05 10.41 220.64  21.97  0.60 16.05 221.58   6.96  0.18 17.78 311.73   8.26  0.10 12.77 308.39   8.76
19881101 210000 11.2 209.3  3.51  9.76 221.13  22.99  4  3.43  9.76 220.88  23.01  0.74 15.48 221.88   7.24  0.18 17.77 312.03   8.52  0.10 12.70 308.81   8.74
19881102 000000 12.2 202.8  3.74  9.96 220.18  23.10  4  3.63  9.96 219.91  23.35  0.87 14.98 222.09   7.12  0.15 17.76 312.63   8.65  0.10 12.67 308.90   8.84
19881102 030000 10.7 188.5  3.92 10.17 218.40  23.50  4  3.80 10.17 218.03  23.84  0.93 14.62 222.20   7.10  0.14 17.68 313.23   8.45  0.10 12.66 308.96   8.87
19881102 060000 11.6 191.6  3.78 10.23 218.37  23.62  5  3.63 10.23 217.87  24.03  1.04 14.03 221.90   8.51  0.17 16.78 312.65   8.28  0.10 12.66 308.47   8.51  0.06 23.52 222.91   7.78
19881102 090000 10.4 184.3  3.56 10.15 219.36  23.68  5  3.40 10.15 218.84  23.87  1.00 13.86 221.50   8.51  0.23 16.63 311.91   8.22  0.10 12.67 308.69   8.65  0.08 23.29 222.82   7.87
19881102 120000 10.7 181.7  3.33 10.05 219.98  23.69  5  3.04 10.05 219.16  24.64  1.33 13.22 221.64   8.72  0.25 16.61 311.64   8.46  0.10 22.97 223.16   7.99  0.10 12.69 308.85   8.91
19881102 150000 10.5 202.4  3.16  9.93 220.94  22.31  5  2.85  9.92 220.37  23.30  1.33 13.32 221.30   8.57  0.23 16.60 311.59   8.70  0.12 22.10 223.46   8.52  0.10 12.73 309.16   8.82
19881102 180000 12.6 213.5  3.24  9.72 221.43  21.07  4  3.23  9.72 221.15  20.43  0.19 16.59 311.76   8.76  0.15 21.85 223.58   8.25  0.10 12.80 309.37   8.88
19881102 210000 12.6 207.0  3.48  9.03 221.11  21.51  3  3.47  9.03 220.93  21.12  0.19 16.50 312.58   8.43  0.18 21.53 222.02   7.72
19881103 000000  7.8 205.5  3.45  8.98 221.39  22.41  4  3.08  8.98 220.65  24.04  1.53 13.29 223.06   9.39  0.21 20.78 223.28   7.42  0.21 15.71 312.71   8.20
19881103 030000  5.5 199.1  3.23  8.99 222.77  22.05  4  2.66  8.99 221.56  24.57  1.79 12.86 224.01   9.97  0.26 15.55 312.15   8.30  0.22 20.56 223.44   7.29
19881103 060000  6.3 199.2  3.01 12.70 224.29  20.96  4  2.26  8.88 222.22  24.10  1.95 12.70 225.60  10.91  0.29 15.52 311.85   8.29  0.26 20.32 223.53   7.05
19881103 090000  5.4 191.3  2.90 12.66 225.45  19.83  4  2.58 12.35 224.22  19.92  1.26 14.20 227.63   9.88  0.30 19.44 221.79   7.40  0.28 15.51 311.64   8.55
19881103 120000  8.0 196.4  2.90 13.21 226.17  19.11  3  2.87 13.22 225.74  17.97  0.30 19.26 222.30   6.74  0.26 15.51 311.46   8.70
19881103 150000  7.0 222.8  2.91 13.32 227.31  18.53  3  2.88 13.32 226.98  17.65  0.35 19.00 223.59   7.13  0.23 15.47 311.55   8.80
19881103 180000  9.4 224.9  2.94 13.22 228.32  18.55  4  2.91 13.22 228.06  17.72  0.38 18.30 222.41   7.01  0.21 15.22 312.11   8.75  0.10 12.33 310.43   9.24
19881103 210000  6.9 215.6  2.92 12.69 228.83  19.37  4  2.88 12.70 228.50  18.40  0.43 17.88 222.82   8.07  0.24 14.62 312.00   8.65  0.10 12.30 311.85   9.15
19881104 000000  4.3 232.7  2.88 12.57 229.18  20.11  3  2.82 12.57 228.79  18.95  0.50 17.64 222.68   7.95  0.29 14.53 311.89   8.45
19881104 030000  4.7 217.3  2.82 12.52 229.30  20.59  3  2.76 12.52 228.81  19.28  0.49 17.36 222.93   7.90  0.30 14.51 311.38   8.66
19881104 060000  6.9 207.0  2.71 12.52 228.98  20.82  4  2.03  8.91 223.52  22.60  1.70 12.52 235.09  10.77  0.49 16.91 222.99   7.87  0.30 14.50 310.96   8.83
19881104 090000  4.4 190.3  2.60 12.52 228.51  20.71  4  1.99  9.01 223.54  22.16  1.56 12.57 235.09  10.68  0.53 16.66 222.14   8.05  0.28 14.48 310.42   9.07
19881104 120000  8.2 181.2  2.56 12.43 227.41  20.90  4  1.94  9.03 222.45  22.88  1.55 12.49 233.70  11.19  0.57 16.41 222.68   8.50  0.26 14.45 310.46   9.17
19881104 150000  7.7 220.3  2.57 12.24 227.40  20.01  4  1.81  8.87 222.63  22.92  1.68 12.25 231.94  11.80  0.64 16.11 223.14   8.11  0.25 14.32 310.79   9.16
19881104 180000  9.6 218.7  2.68 11.97 227.15  19.93  4  1.93  8.87 222.86  22.53  1.70 11.97 231.69  12.00  0.68 15.80 223.56   7.88  0.25 13.82 310.96   9.02
19881104 210000  8.0 213.2  2.77 11.88 227.07  20.47  4  2.08  8.89 222.80  22.62  1.67 11.87 232.54  11.80  0.68 15.73 223.18   8.76  0.26 13.64 310.63   8.99
19881105 000000  7.3 189.9  2.91  9.29 226.27  21.31  3  2.76  9.29 225.86  20.98  0.89 15.09 224.75   9.43  0.27 13.59 309.76   9.52
19881105 030000  7.2 206.2  3.02  9.27 225.84  21.71  3  2.83  9.27 225.47  21.71  1.00 14.91 224.54   8.98  0.27 13.57 309.46   9.23
19881105 060000 10.1 198.2  3.02  9.28 225.23  22.07  3  2.82  9.28 224.83  22.25  1.05 14.90 224.33   9.11  0.27 13.56 308.95   9.45
19881105 090000  8.3 188.5  2.99  9.26 225.02  22.38  2  2.98  9.26 224.56  21.45  0.26 13.54 308.59   9.66
19881105 120000 11.4 181.5  2.99 14.00 224.03  23.56  2  2.98 14.17 223.60  22.73  0.25 13.50 308.77   9.72
19881105 150000 11.5 206.1  3.01 13.75 224.00  23.21  2  3.00 13.94 223.60  22.44  0.24 13.41 309.07   9.74
19881105 180000 14.2 212.3  3.31 13.43 223.47  23.00  2  3.30  8.55 223.17  22.39  0.23 13.18 309.35   9.61
19881105 210000 12.9 205.1  3.49  8.51 223.50  24.30  3  3.17  8.51 221.35  25.17  1.42 13.24 231.89  12.05  0.23 12.88 308.95   9.81
19881106 000000 10.0 197.2  3.37  8.60 223.49  25.44  3  3.04  8.60 220.59  26.33  1.44 12.90 233.83  12.54  0.24 12.80 306.66  11.66
19881106 030000 10.8 195.0  3.15  8.51 223.64  25.64  3  2.81  8.51 220.37  26.60  1.39 12.77 234.14  12.49  0.24 12.76 307.08  10.23
19881106 060000 12.8 196.1  3.11  8.32 221.62  26.68  3  2.78  8.32 217.67  27.41  1.37 12.73 234.78  12.57  0.24 12.74 306.16  10.98
19881106 090000 10.8 184.4  3.03 12.66 221.47  27.41  3  2.62  8.23 215.92  28.48  1.50 12.65 235.48  12.75  0.24 12.70 306.56  10.51
19881106 120000 10.3 185.8  2.80 12.52 223.13  27.25  3  2.38  8.09 217.08  28.64  1.46 12.47 236.12  12.63  0.23 12.66 306.67  10.62
19881106 150000 12.0 203.0  2.72 12.32 223.52  26.41  3  2.24  7.75 216.00  27.70  1.54 12.20 236.82  12.65  0.23 12.61 307.03  10.52
19881106 180000 15.0 210.4  3.15  7.44 222.64  25.64  2  3.14  7.44 222.34  25.13  0.22 12.55 307.07  10.51
19881106 210000 14.3 205.0  3.53  8.13 222.35  26.73  2  3.52  8.13 222.11  26.36  0.21 12.50 306.63  10.63
19881107 000000 10.8 189.2  3.46  8.49 221.42  27.67  4  3.09  8.49 215.85  27.73  1.35 12.55 236.51  12.18  0.76 10.29 254.59   7.70  0.21 12.43 306.85   9.93
19881107 030000 11.5 193.6  3.20  8.47 221.54  27.11  3  2.90  8.47 217.56  27.60  1.32 12.69 237.91  12.28  0.20 12.29 306.29  10.21
19881107 060000 10.5 192.2  3.08  8.46 222.03  26.14  3  2.68  8.46 217.34  27.39  1.50 12.74 234.67  12.56  0.20 12.10 305.48  10.78
19881107 090000  8.3 185.2  3.00 12.60 223.72  24.60  3  2.45  8.67 218.95  27.14  1.71 12.63 231.89  12.62  0.20 11.98 305.42  10.87
19881107 120000  7.0 180.9  2.93 12.37 224.90  23.04  3  2.92 12.39 224.64  22.57  0.19 11.89 306.04  10.33  0.10 19.23 225.29   7.76
19881107 150000 10.5 206.5  2.91 11.99 225.11  21.83  3  2.90 12.00 224.87  21.36  0.19 11.83 306.37  10.30  0.12 18.97 224.93   7.35
19881107 180000 12.7 209.8  3.19 11.77 223.53  22.15  4  3.18 11.76 223.32  21.74  0.18 11.80 306.51  10.10  0.14 18.87 223.87   7.92  0.06 21.76 312.04   7.47
19881107 210000 13.3 203.9  3.46 11.56 222.38  23.52  5  3.45 11.54 222.19  23.18  0.17 11.78 306.44   9.99  0.14 18.75 223.94   7.61  0.07 16.50 308.05   8.99  0.05 21.65 310.11   8.19
19881108 000000 13.5 200.8  3.57  9.03 220.76  24.89  5  3.56  9.03 220.58  24.58  0.17 11.76 306.44   9.83  0.16 18.09 222.64   8.32  0.08 16.35 306.51  10.86  0.06 21.35 310.11   8.21
19881108 030000  9.4 192.7  3.37  9.26 221.55  25.13  5  3.37  9.26 221.34  24.80  0.17 17.93 223.76   7.41  0.16 11.73 306.32   9.86  0.09 16.26 306.91  11.08  0.07 20.62 310.28   8.18
19881108 060000  9.1 198.4  3.04 10.79 223.08  24.02  5  3.03 10.77 222.83  23.61  0.17 17.88 224.42   7.40  0.15 11.70 306.24   9.83  0.09 16.23 307.21  11.17  0.08 20.42 310.55   8.12
19881108 090000  7.8 183.1  2.84 10.85 223.22  23.16  5  2.75 10.83 223.53  23.05  0.65 13.95 213.31   8.36  0.14 11.61 307.24   8.76  0.10 20.32 310.63   8.17  0.08 16.09 308.79   9.45
19881108 120000  8.5 203.7  2.74 10.91 222.79  22.13  5  2.58 10.89 223.46  22.35  0.91 13.50 214.97   9.20  0.14 11.47 305.30  10.42  0.11 20.16 310.37   8.18  0.09 15.79 305.61  11.55
19881108 150000  9.9 209.8  2.77 11.03 222.14  21.43  4  2.77 11.02 221.78  20.64  0.13 19.60 310.16   8.13  0.13 11.22 305.29  10.40  0.10 15.59 305.52  10.56
19881108 180000 11.1 219.3  2.90 11.18 222.03  21.55  4  2.89 11.19 221.64  20.70  0.15 19.19 310.16   8.14  0.13 11.11 305.31  10.37  0.12 15.51 304.80  11.60
19881108 210000  9.6 205.3  2.92 11.20 221.60  22.39  4  2.91 11.22 221.16  21.46  0.17 19.07 310.42   8.20  0.14 15.47 305.63  11.55  0.12 11.06 305.42  10.33
19881109 000000 10.1 202.9  2.86 11.13 220.52  22.83  5  2.84 11.14 220.00  21.75  0.18 18.97 310.70   8.21  0.14 15.44 306.09  11.84  0.12 11.03 305.59  10.21  0.10 20.47 224.48   8.48
19881109 030000  7.6 200.4  2.77 10.99 220.15  22.85  5  2.75 10.98 219.53  21.51  0.21 18.73 310.60   8.09  0.14 15.42 306.40  12.15  0.11 11.02 305.71  10.04  0.11 20.33 225.24   7.69
19881109 060000  9.2 209.5  2.68 10.79 220.23  22.63  5  2.66 10.74 219.43  20.89  0.25 18.08 310.17   7.99  0.15 19.58 224.07   8.37  0.14 15.35 306.34  12.14  0.11 11.00 305.77   9.94
19881109 090000  6.9 200.3  2.55 10.71 220.55  22.83  5  2.53 10.50 219.52  20.62  0.27 17.90 309.86   8.05  0.17 19.17 224.69   8.35  0.14 14.89 305.90  11.52  0.11 10.99 305.77   9.96
19881109 120000  6.5 224.4  2.39 10.78 221.48  22.89  5  2.35 10.75 220.18  20.11  0.28 17.83 309.82   8.14  0.19 19.07 225.41   7.98  0.17 14.61 305.91  11.19  0.10 10.97 305.66  10.05
19881109 150000  5.9 220.0  2.22 10.88 222.51  23.34  6  2.17 10.88 220.80  19.96  0.29 17.75 310.25   8.25  0.22 18.88 224.36   8.15  0.21 15.12 226.04   6.34  0.18 14.54 305.13  11.04  0.10 10.94 305.55  10.19
19881109 180000  8.2 218.7  2.12 10.91 223.28  24.23  7  1.69  8.85 222.18  22.66  1.17 10.92 218.98  12.75  0.32 17.56 310.43   8.12  0.26 18.07 224.46   8.32  0.20 14.51 305.46  11.31  0.19 15.02 225.11   4.88  0.10 10.88 305.13  10.49
19881109 210000  7.8 211.6  2.08 10.90 223.54  25.68  6  2.01 10.91 220.81  20.54  0.36 16.97 310.33   7.94  0.28 17.87 224.86   8.21  0.20 14.49 305.87  11.68  0.09 10.75 305.11  10.67  0.05 23.57 297.77  10.82
19881110 000000  8.2 201.0  2.05 10.88 222.94  27.07  7  1.58  8.38 220.76  24.52  1.17 10.89 217.58  12.05  0.40 16.75 310.04   7.93  0.30 17.77 224.26   8.44  0.20 14.47 306.37  11.89  0.09 10.51 305.24  10.83  0.07 23.34 297.62  11.36
19881110 030000  6.8 198.6  2.00 10.87 222.48  27.59  8  1.55  8.61 219.60  24.59  1.08 10.88 216.51  11.70  0.41 16.69 309.75   8.10  0.34 14.09 226.13   6.71  0.34 17.55 222.86   8.97  0.21 14.44 306.89  11.57  0.08 10.40 305.53  10.97  0.08 23.30 298.13  11.75
19881110 060000  8.5 198.2  1.99 16.64 221.37  27.55  7  1.87 10.94 217.42  21.20  0.41 16.63 309.64   8.12  0.40 16.70 222.37   9.19  0.32 14.23 223.55   5.40  0.20 14.11 306.31  11.85  0.09 23.29 298.71  12.02  0.08 10.35 306.03  11.02
19881110 090000  6.5 192.2  1.96 16.56 221.28  27.66  7  1.41  7.83 217.90  25.44  1.20 11.02 216.37  11.14  0.41 16.54 309.87   8.24  0.41 16.66 223.74   8.15  0.20 13.68 304.75  11.34  0.09 23.17 298.63  11.68  0.08 10.33 306.47  11.25
19881110 120000  7.5 196.2  1.93 16.44 221.98  27.94  7  1.32  7.55 218.50  25.25  1.25 11.12 216.15  10.99  0.43 16.63 223.89   8.11  0.43 16.37 309.91   8.20  0.22 13.65 305.26  11.20  0.11 22.10 297.80  11.26  0.08 10.31 307.01  11.43
19881110 150000  7.5 219.5  1.94 16.07 223.16  28.35  8  1.31  7.50 219.25  24.26  0.99 10.93 216.17  12.03  0.76 12.92 217.45   9.33  0.48 16.33 221.82   8.54  0.46 15.93 309.93   8.10  0.23 13.62 305.46  11.22  0.14 21.84 297.51  11.59  0.07 10.30 307.31  11.61
19881110 180000  9.6 214.2  2.07 15.62 223.57  28.23  7  1.46  7.52 219.89  23.61  1.23 12.36 216.37  11.12  0.57 15.69 222.58   8.34  0.48 15.72 309.85   8.08  0.24 13.62 305.79  11.52  0.17 21.80 297.99  12.20  0.07 10.28 306.89  12.49
19881110 210000  8.1 204.7  2.10 15.53 223.06  28.80  7  1.48  7.30 218.38  24.88  1.25 12.01 217.09  11.19  0.57 15.66 222.48   8.81  0.48 15.63 309.71   8.18  0.25 13.64 306.43  11.42  0.17 21.79 298.55  13.13  0.07 10.26 307.59  12.50
19881111 000000  4.5 183.4  2.09 15.47 222.86  28.73  6  1.45  7.13 218.45  25.67  1.26 11.88 216.71  10.00  0.59 15.64 222.64   8.98  0.53 15.54 308.98   9.07  0.18 21.72 299.39  12.52  0.07 10.21 310.03  11.33
19881111 030000  7.6 198.8  2.06 15.38 223.22  28.64  6  1.41  7.15 218.43  25.22  1.23 11.81 216.82  10.11  0.64 15.55 223.02   8.43  0.52 15.47 308.86   9.10  0.21 20.86 298.82  11.90  0.06 10.11 310.38  11.51
19881111 060000  8.9 193.7  2.07 15.18 222.65  29.21  6  1.42  7.27 216.35  25.75  1.18 11.75 217.13  10.02  0.74 14.84 222.05   9.31  0.49 15.39 308.71   9.27  0.26 20.44 297.81  11.86  0.19 12.75 309.52   8.50
19881111 090000  8.9 187.6  2.13 14.74 221.80  29.94  6  1.49  7.32 214.17  26.52  1.08 11.62 216.86   9.94  0.89 14.47 222.09   9.54  0.50 15.25 308.50   9.14  0.30 20.38 297.92  12.49  0.16 12.66 312.69   7.36
19881111 120000  8.7 185.4  2.16 14.65 222.25  30.10  7  1.57  7.31 214.79  26.32  1.06 11.60 218.00   9.59  0.84 14.64 222.47   9.68  0.50 15.02 308.74   9.05  0.30 20.37 298.74  13.22  0.16 12.66 312.85   7.39  0.09 17.91 303.24  10.46
19881111 150000  8.5 215.1  2.18 14.64 223.91  29.20  6  1.59  7.45 217.69  25.32  1.08 11.44 218.51   9.67  0.84 14.74 223.51   9.85  0.50 14.74 308.82   8.99  0.31 20.33 301.06  13.47  0.17 12.66 313.02   7.55
19881111 180000 10.1 216.2  2.26 14.55 225.22  28.35  4  1.70  7.45 220.20  24.34  1.36 14.46 221.08  10.30  0.51 14.60 309.26   8.94  0.33 20.14 301.87  12.95
19881111 210000 11.1 205.2  2.38 14.39 223.93  28.99  4  1.86  6.96 217.78  24.97  1.34 14.24 222.18  10.56  0.50 14.51 309.15   8.98  0.39 19.23 300.38  12.47
19881112 000000 11.8 200.3  2.59 14.25 220.99  29.81  4  2.23  6.91 214.81  24.76  1.14 14.03 223.51  10.70  0.48 14.44 308.92   9.06  0.46 19.07 299.47  12.66
19881112 030000 10.5 192.8  2.70 14.06 220.02  30.42  7  2.29  7.43 213.10  26.18  1.09 13.72 224.00  11.17  0.55 10.51 224.09   8.21  0.50 19.02 299.74  13.98  0.47 14.39 308.89   9.30  0.24 17.24 227.21   4.15  0.23 19.90 225.38  10.36
19881112 060000  9.9 182.4  2.72 13.68 220.05  30.65  5  2.39  7.88 213.68  25.79  0.95 13.51 226.90  11.54  0.60 16.59 222.59  10.14  0.49 19.00 301.71  13.81  0.46 14.35 309.12   9.22
19881112 090000  9.6 175.7  2.69 13.52 220.67  30.67  6  2.30  8.06 213.77  26.23  0.99 13.39 227.42  11.63  0.60 16.81 224.27  10.39  0.48 18.95 304.14  13.54  0.46 14.30 309.35   9.18  0.40 19.89 221.90   8.86
19881112 120000 10.5 182.5  2.67 18.58 221.14  30.30  5  2.20  8.08 213.66  26.41  0.97 16.85 223.65   9.65  0.95 13.31 227.59  12.01  0.49 18.76 305.02  12.89  0.44 14.17 309.54   9.22
19881112 150000 11.7 202.6  2.83 17.81 221.49  28.59  5  2.29  7.94 214.31  25.03  1.24 16.76 223.62   9.16  0.89 13.15 227.97  12.74  0.55 17.99 304.02  12.52  0.40 13.81 309.55   9.49
19881112 180000 14.0 206.9  3.28 17.59 221.67  26.73  4  2.82  7.74 217.09  23.48  1.51 16.77 223.96   9.26  0.60 17.80 302.69  12.75  0.38 13.61 309.42   9.47
19881112 210000 14.2 197.6  3.73 17.51 220.29  27.19  5  3.14  8.01 215.10  25.51  1.79 16.38 223.93   9.58  0.64 17.75 302.45  13.21  0.50 12.52 239.84   5.29  0.35 13.54 309.69   9.55
19881113 000000  9.0 197.0  3.62 17.27 220.51  27.86  4  2.95  8.32 214.37  26.69  1.97 16.03 225.11  10.00  0.65 17.72 303.16  13.49  0.35 13.51 309.96   9.51
19881113 030000 10.2 188.6  3.34 16.14 221.92  27.32  4  2.53  8.20 214.12  26.49  2.07 15.89 225.68  10.18  0.62 17.68 304.90  12.79  0.35 13.51 310.32   9.35
19881113 060000 11.1 180.6  3.18 15.57 222.13  27.49  4  2.26  7.92 212.82  27.45  2.12 15.44 225.69  10.23  0.59 17.56 305.98  12.16  0.34 13.49 310.59   9.40
19881113 090000 10.0 172.6  3.14 15.35 221.67  28.03  4  2.20  7.83 211.12  28.28  2.12 15.25 225.90  10.20  0.61 17.04 306.29  11.92  0.31 13.41 309.86   9.36
19881113 120000  9.1 177.8  3.10 15.19 222.57  28.15  4  2.14  7.92 211.46  28.25  2.13 15.07 226.33  10.51  0.64 16.67 305.49  11.92  0.29 13.35 310.46   9.46
19881113 150000 12.3 195.6  3.16 14.80 222.41  27.93  4  2.28  8.05 212.26  26.59  2.06 14.71 226.60  10.54  0.67 16.59 304.68  12.34  0.28 13.30 310.90   9.61
19881113 180000 15.2 209.2  3.63 14.56 221.72  26.85  3  3.56 14.51 219.19  22.33  0.67 16.56 304.55  12.43  0.28 13.30 310.91   9.29
19881113 210000 14.5 202.4  3.80 14.41 221.31  27.37  2  3.73 14.37 219.09  23.58  0.71 16.53 305.53  12.38
19881114 000000  7.3 220.3  3.56 14.26 221.99  27.66  3  2.90  8.35 216.77  27.05  1.95 14.22 225.37  11.56  0.69 16.48 305.78  12.41
19881114 030000  5.9 197.2  3.11 13.96 224.40  26.86  3  2.39  8.37 219.37  25.54  1.88 13.88 224.47  12.26  0.68 16.38 306.35  12.03
19881114 060000  5.7 215.7  2.84 13.59 225.73  26.57  4  1.96 13.55 224.05  12.80  1.94  8.23 219.89  24.77  0.65 16.12 306.18  11.73  0.21 12.57 312.15   8.96
19881114 090000  1.1 187.5  2.68 13.43 226.90  26.69  4  1.99 13.40 223.78  13.13  1.65  8.24 220.56  24.05  0.68 15.70 305.90  12.04  0.22 12.58 312.42   9.07
19881114 120000  1.7 325.5  2.57 13.30 228.04  26.86  3  2.46 13.28 223.09  17.52  0.70 15.56 305.83  11.91  0.19 12.47 314.66   7.57
19881114 150000  4.6 284.8  2.45 13.08 229.14  27.09  2  2.35 13.07 223.76  17.11  0.72 15.48 306.43  11.62
19881114 180000  4.6 291.3  2.35 12.79 230.05  27.33  3  2.24 12.76 224.33  16.94  0.71 15.43 306.06  11.90  0.06 22.34 307.96   8.61
19881114 210000  2.6 338.5  2.24 12.65 230.75  27.66  3  2.13 12.62 224.54  16.49  0.70 15.39 305.93  11.98  0.07 21.93 307.84   8.59
19881115 000000  6.6 344.9  2.15 12.55 232.27  29.46  3  2.03 12.52 225.18  18.34  0.71 15.35 305.62  12.50  0.09 21.83 308.04   8.50
19881115 030000  7.6 344.2  2.10 12.46 236.31  35.21  6  0.51  3.04 333.69  33.03  1.87 12.42 224.37  14.30  0.73 15.30 305.43  13.04  0.28 16.46 229.66   9.28  0.15 20.41 224.66   7.75  0.10 21.76 308.25   8.43
19881115 060000  6.9 343.5  2.05 12.32 240.23  39.42  5  0.66  3.66 334.79  34.42  1.79 12.30 224.59  13.44  0.73 15.20 305.98  12.18  0.17 20.40 223.72   7.21  0.12 21.62 308.21   8.53
19881115 090000  5.2 340.9  1.99 12.05 241.03  38.62  6  0.63  3.95 328.00  34.64  1.68 12.01 224.36  13.13  0.73 14.94 306.03  12.12  0.36 14.79 238.18   6.41  0.24 19.44 224.03   7.63  0.14 21.10 308.19   8.40
19881115 120000  3.2 328.2  1.92 11.90 240.49  36.81  5  1.66 11.87 225.41  13.05  0.70 14.60 305.99  12.14  0.57  4.03 321.34  35.34  0.28 19.20 223.97   7.53  0.17 20.53 307.94   8.48
19881115 150000  5.0 311.7  1.86 11.85 240.27  35.35  6  0.52  4.04 315.43  34.45  1.55 11.80 225.14  12.86  0.68 14.46 305.37  13.20  0.43 18.76 229.17  11.35  0.32 13.54 235.00   0.00  0.19 20.41 307.73   8.64
19881115 180000  4.8 294.8  1.82 11.82 240.90  34.62  6  0.50  4.01 309.55  33.01  1.45 11.76 225.53  13.05  0.66 14.41 306.31  11.56  0.54 14.32 235.21   9.98  0.41 18.09 224.05   8.09  0.21 20.35 307.62   8.96
19881115 210000  3.3 280.2  1.77 14.25 241.28  33.94  5  1.50 11.70 227.29  13.08  0.66 14.39 306.30  11.50  0.45  4.03 305.63  32.35  0.43 17.93 223.97   7.67  0.23 20.27 307.99   8.56
19881116 000000  1.0 265.9  1.73 14.32 241.81  33.51  5  1.43 11.42 227.78  12.99  0.66 14.39 306.21  11.56  0.52 17.56 223.81   7.91  0.41  4.18 298.60  32.20  0.26 20.01 308.19   8.41
19881116 030000  2.1 266.4  1.73 14.31 241.92  33.11  5  1.41 11.32 228.09  12.84  0.66 14.39 306.06  11.74  0.56 16.89 223.74   7.94  0.38  4.26 294.23  31.12  0.30 19.30 308.10   8.40
19881116 060000  2.7 190.7  1.76 14.21 240.50  32.07  5  1.44 12.52 228.00  12.55  0.64 14.36 305.84  12.01  0.61 16.71 223.68   7.92  0.34  4.27 291.26  31.05  0.33 19.10 307.80   8.60
19881116 090000  2.1 155.4  1.83 13.75 237.69  30.58  5  1.49 12.92 227.96  12.36  0.73 16.09 222.87   8.66  0.61 14.26 305.77  12.11  0.34 19.04 307.69   8.76  0.32  4.24 281.97  45.74
19881116 120000  2.6 185.9  1.93 13.53 235.36  28.37  4  1.61 13.19 228.65  15.91  0.81 15.81 223.02   8.96  0.58 13.91 305.66  12.23  0.36 18.99 307.83   8.87
19881116 150000  4.3 261.2  2.06 13.47 234.16  26.42  4  1.71 13.12 228.91  14.58  0.94 15.76 223.23   9.55  0.56 13.67 305.70  12.21  0.38 18.90 308.12   8.85
19881116 180000  3.0 262.6  2.22 13.69 233.39  24.96  3  2.11 15.25 227.62  12.78  0.55 13.61 306.00  12.07  0.41 18.62 308.22   8.79
19881116 210000  4.4 220.3  2.41 14.62 232.86  23.58  3  2.31 15.09 227.76  11.78  0.54 13.61 306.39  11.99  0.44 17.98 308.13   8.77
19881117 000000  7.2 209.7  2.64 14.52 232.16  22.34  3  2.54 14.73 227.84  11.76  0.54 13.62 306.77  11.93  0.46 17.83 308.04   8.93
19881117 030000  6.0 185.5  2.84 16.89 231.41  21.45  3  2.75 16.36 227.77  12.25  0.52 13.61 307.08  11.79  0.47 17.77 308.16   9.14
19881117 060000  7.3 177.4  3.00 16.21 230.81  20.87  3  2.92 16.09 227.66  12.84  0.49 13.56 306.80  12.02  0.48 17.74 308.39   9.28
19881117 090000  6.5 180.6  3.07 15.59 230.53  20.54  3  3.00 15.54 227.66  13.22  0.49 17.68 308.60   9.28  0.47 13.47 306.14  12.33
19881117 120000  9.0 180.2  3.10 15.36 229.78  21.10  4  0.74  3.75 198.14  31.61  2.94 15.30 228.52  10.48  0.50 17.52 308.59   9.24  0.45 13.37 305.33  12.86
19881117 150000  7.9 203.5  3.08 15.02 229.67  21.34  4  0.93  4.50 210.01  29.80  2.86 15.03 228.37  10.61  0.52 16.91 308.52   9.22  0.43 13.32 305.65  12.65
19881117 180000 11.5 223.2  3.15 14.81 229.84  21.67  5  1.36  5.15 222.07  26.22  2.76 14.83 228.19  10.84  0.53 16.69 308.70   9.18  0.42 13.28 306.23  12.52  0.07 20.37 304.96   7.93
19881117 210000 10.1 207.0  3.28 14.83 228.78  23.06  5  1.76  6.16 222.79  27.27  2.68 14.83 227.53  10.80  0.53 16.62 308.87   9.26  0.41 13.24 306.98  12.29  0.09 20.34 303.41   9.56
19881118 000000  7.1 201.1  3.32 15.33 227.67  23.25  5  1.83  6.88 220.91  27.59  2.69 15.07 227.04  10.76  0.53 16.58 309.03   9.31  0.39 13.15 307.19  12.54  0.09 20.33 303.76   9.90
19881118 030000  7.3 195.2  3.32 15.28 227.18  22.56  3  3.25 15.14 224.87  17.40  0.53 16.54 309.03   9.27  0.37 12.94 307.57  12.39
19881118 060000  6.8 192.0  3.27 14.94 227.28  21.87  4  1.57  7.31 218.73  27.14  2.80 14.81 226.83  10.77  0.53 16.46 308.98   9.23  0.34 12.76 307.46  12.45
19881118 090000  5.6 198.2  3.19 14.67 228.09  21.38  4  3.13 14.55 225.76  15.80  0.52 16.22 309.14   9.19  0.32 12.64 307.06  12.67  0.12 19.06 303.23   9.41
19881118 120000  6.5 181.8  3.09 14.49 228.91  21.35  4  3.02 14.38 226.42  15.41  0.53 15.74 309.25   9.14  0.30 12.58 306.70  12.89  0.15 19.02 301.80  10.96
19881118 150000  8.2 220.9  3.01 14.36 229.54  21.32  4  2.94 14.25 226.98  15.23  0.52 15.59 309.39   9.13  0.29 12.54 306.47  12.95  0.16 19.00 301.40  11.60
19881118 180000 10.9 221.3  3.09 14.23 229.24  21.75  4  3.03 14.12 226.93  16.55  0.51 15.52 309.20   9.37  0.29 12.52 306.18  13.84  0.15 19.00 301.73  11.89
19881118 210000  8.9 213.2  3.15 14.07 228.79  22.79  4  1.89  7.06 223.84  26.50  2.45 13.97 228.21  10.86  0.52 15.48 308.71   9.51  0.28 12.50 307.30  12.88
19881119 000000  9.6 211.3  3.13 13.92 228.42  23.38  5  1.91  7.45 222.32  27.07  2.40 13.82 228.58  10.94  0.49 15.43 308.90   9.39  0.27 12.46 307.87  12.74  0.16 17.94 304.42   9.32
19881119 030000  4.9 207.1  3.02 13.79 228.87  23.75  4  2.96 13.70 226.52  19.14  0.49 15.36 309.13   9.23  0.25 12.37 309.63  11.09  0.21 17.79 302.83  10.16
19881119 060000  7.0 214.1  2.88 13.66 229.91  23.48  4  2.82 13.58 227.26  18.17  0.49 15.25 309.05   9.11  0.25 12.12 310.83  11.35  0.23 17.77 302.86  10.43
19881119 090000  4.8 198.1  2.75 13.57 230.91  22.92  4  2.69 13.49 228.12  17.12  0.50 15.03 309.66   9.23  0.23 17.76 302.85  10.85  0.21 11.83 309.27  11.60
19881119 120000  7.2 190.7  2.66 13.51 231.42  22.22  4  2.60 13.41 228.73  16.38  0.49 14.72 309.84   9.42  0.20 17.76 302.84  11.08  0.20 11.76 308.91  11.26
19881119 150000  6.0 228.8  2.61 13.49 232.16  21.10  4  2.56 13.37 229.67  15.37  0.48 14.57 308.57   9.94  0.20 11.76 309.75  11.01  0.14 17.77 311.73   6.79
19881119 180000  6.5 236.0  2.63 13.49 233.01  20.31  4  2.58 13.37 230.60  14.59  0.44 14.48 308.85   9.78  0.23 16.74 306.35   8.72  0.19 11.72 310.27  11.00
19881119 210000  2.7 237.5  2.66 13.37 233.50  20.10  4  2.60 13.24 230.94  13.98  0.43 14.41 309.12   9.64  0.29 16.60 304.55   9.26  0.19 11.70 310.76  10.82
19881120 000000  0.7 264.1  2.74 13.19 233.67  19.71  4  2.68 13.04 231.10  13.34  0.44 14.38 309.02   9.38  0.31 16.60 303.96   9.56  0.20 11.76 312.23  10.78
19881120 030000  2.8 178.9  2.87 14.13 233.57  18.94  3  2.81 13.56 231.23  12.86  0.48 14.36 309.84   9.70  0.31 16.59 303.45  10.72
19881120 060000  6.9 178.6  3.10 14.34 232.55  18.72  3  3.05 14.33 230.73  14.06  0.47 14.33 310.00   9.70  0.28 16.59 304.08  11.41
19881120 090000  8.2 198.0  3.42 14.71 231.92  17.99  3  3.38 14.95 230.62  14.58  0.46 14.34 309.65   9.84  0.23 16.60 305.28  12.61
19881120 120000  7.8 196.0  3.72 15.28 231.40  17.74  2  3.68 15.37 230.43  15.18  0.48 14.42 309.34   9.68
19881120 150000  8.1 201.0  3.98 15.61 230.90  17.41  2  3.95 15.77 230.08  15.24  0.47 15.29 309.01   9.55
19881120 180000  6.6 212.3  4.17 15.77 230.56  16.99  4  4.03 16.01 230.31  15.11  0.92 19.16 220.45   6.81  0.37 15.40 306.04  10.50  0.30 13.42 311.04   9.51
19881120 210000  7.8 204.0  4.29 15.81 230.26  16.59  4  4.03 15.99 230.28  15.02  1.37 19.29 223.64   9.88  0.35 15.44 305.16  10.38  0.31 13.44 311.31   9.71
19881121 000000 10.6 170.3  4.32 15.88 228.95  17.86  3  4.30 17.33 228.32  16.25  0.34 15.44 305.36  11.08  0.30 13.43 310.61   9.72
19881121 030000  9.4 179.3  4.27 17.28 227.87  18.29  3  4.24 17.28 227.28  16.79  0.32 15.43 305.90  11.37  0.29 13.43 310.23   9.88
19881121 060000  7.9 171.6  4.10 16.32 227.75  17.84  3  4.08 16.56 227.17  16.30  0.30 15.36 306.64  11.16  0.28 13.44 310.31  10.05
19881121 090000  7.5 158.1  3.91 16.23 227.46  17.90  2  3.89 16.29 226.86  16.28  0.39 13.93 309.33   9.93
19881121 120000  8.5 163.3  3.71 16.19 227.03  18.27  3  3.69 16.20 226.39  16.56  0.37 14.30 308.87   9.74  0.12 17.89 315.37   8.04
19881121 150000  9.3 191.6  3.56 16.13 226.17  18.61  3  3.54 16.14 225.50  16.83  0.36 14.33 308.60   9.81  0.13 17.90 314.81   8.62
19881121 180000 11.8 213.5  3.57 15.73 225.80  18.54  4  1.65  5.74 216.55  27.87  3.14 15.80 227.26  11.17  0.34 14.36 308.14  10.05  0.16 17.80 314.49   8.52
19881121 210000 12.9 205.9  3.62 15.31 225.06  20.02  3  3.60 15.38 224.44  18.51  0.32 14.37 307.44  10.57  0.18 17.05 314.47   8.98
19881122 000000 10.0 206.0  3.59 15.21 224.14  21.19  4  2.32  7.28 219.09  27.40  2.71 15.26 226.44  10.31  0.31 14.38 307.32  10.79  0.19 16.88 314.79   8.79
19881122 030000  8.8 187.3  3.39 15.14 223.87  21.41  4  2.15  7.74 218.54  27.96  2.60 15.17 226.06  10.51  0.29 14.36 307.54  10.85  0.20 16.93 315.39   8.24
19881122 060000  8.4 184.8  3.18 14.95 223.54  21.21  3  3.16 15.05 222.82  19.46  0.28 14.32 307.99  10.75  0.21 17.11 315.58   8.18
19881122 090000  8.7 181.0  3.06 14.45 222.97  21.44  3  3.04 14.47 222.18  19.53  0.28 14.22 308.93  10.71  0.21 17.17 315.12   8.28
19881122 120000  8.3 181.9  3.03 14.30 222.74  21.82  2  3.00 14.31 221.89  19.78  0.36 16.82 311.63  10.24
19881122 150000  9.5 206.6  3.01 14.23 223.31  21.25  3  2.99 14.24 222.42  18.99  0.28 16.41 314.76   8.56  0.24 13.48 309.06  10.20
19881122 180000 11.1 219.6  3.17 14.30 223.45  20.82  3  3.14 14.32 222.62  18.68  0.29 16.38 315.13   8.50  0.23 13.41 308.75  10.11
19881122 210000 10.3 207.8  3.41 14.41 223.00  21.17  5  2.51  8.34 223.14  24.41  2.16 14.41 221.48  10.28  0.70 18.09 220.04   9.81  0.29 16.41 315.37   8.45  0.22 13.39 308.87  10.16
19881123 000000  9.4 211.7  3.57 14.41 222.22  21.09  4  2.62  8.66 222.00  24.71  2.41 14.41 221.16  10.40  0.28 16.39 315.51   8.10  0.22 13.42 309.28  10.57
19881123 030000  7.2 205.3  3.69 14.43 221.87  20.55  5  2.60  9.04 222.60  24.52  2.19 14.41 221.18  10.43  1.39 17.05 217.21  10.76  0.28 16.20 315.23   8.18  0.23 13.49 310.08  10.40
19881123 060000  8.6 198.2  3.76 16.48 221.51  20.12  4  2.54  9.30 221.85  24.18  2.17 14.20 220.98  11.10  1.68 16.85 218.69  11.35  0.38 15.73 313.22   9.44
19881123 090000  7.5 190.5  3.75 16.20 221.32  19.86  2  3.73 16.29 220.64  17.92  0.40 15.53 313.43   9.30
19881123 120000  4.7 196.7  3.65 15.69 221.72  19.41  2  3.63 15.76 221.01  17.28  0.40 15.46 313.71   9.21
19881123 150000  7.5 219.8  3.52 15.51 222.48  18.97  2  3.50 15.53 221.74  16.72  0.39 15.41 314.11   9.00
19881123 180000  8.9 228.7  3.39 15.26 223.20  19.04  2  3.37 15.24 222.45  16.78  0.38 15.34 314.40   8.83
19881123 210000  7.9 212.9  3.26 14.85 223.60  19.53  2  3.23 14.81 222.79  17.17  0.38 15.16 314.47   8.88
19881124 000000  9.6 191.5  3.19 14.63 222.95  20.69  3  2.10  8.81 221.26  24.37  2.37 14.61 222.65  11.37  0.38 14.79 314.43   8.88
19881124 030000  5.9 198.8  3.16 14.52 222.77  21.12  3  2.22 14.49 222.23  10.79  2.22  8.61 221.42  24.06  0.39 14.62 314.20   9.20
19881124 060000  6.5 211.1  3.19 14.50 222.96  20.79  3  2.30  8.63 221.87  23.22  2.17 14.44 222.22  10.28  0.39 14.53 314.27   8.95
19881124 090000  4.5 194.1  3.21 14.55 223.22  20.03  5  2.25  8.73 222.62  22.75  2.08 15.08 222.05  10.38  0.90 18.89 222.29   8.00  0.38 14.47 314.34   8.95  0.07 18.97 313.02   8.55
19881124 120000  5.8 197.6  3.22 17.48 223.33  19.01  3  2.45 17.47 222.06  10.23  2.05  8.92 223.13  22.51  0.38 14.40 314.30   9.12
19881124 150000  7.3 227.1  3.21 16.95 223.44  18.06  2  3.19 16.96 222.63  15.42  0.37 14.32 314.52   8.84
19881124 180000 10.0 223.5  3.28 16.52 223.63  17.87  2  3.26 16.52 222.88  15.41  0.37 14.20 314.57   8.73
19881124 210000  9.4 207.5  3.39 16.31 223.08  18.29  2  3.37 16.32 222.38  16.07  0.37 14.00 314.56   8.68
19881125 000000  7.4 194.4  3.49 15.95 222.33  18.87  3  3.47 15.96 221.68  16.85  0.35 13.80 314.61   8.72  0.11 17.97 313.68   8.21
19881125 030000  8.6 201.7  3.48 15.61 222.31  18.59  4  1.92  7.87 217.87  25.37  2.88 15.62 223.22  10.03  0.34 13.69 314.60   8.76  0.12 17.85 313.92   8.16
19881125 060000 10.7 193.4  3.45 15.51 221.56  18.99  4  1.86  7.78 214.89  26.32  2.88 15.53 223.21  10.23  0.33 13.63 314.65   8.71  0.13 17.80 313.96   8.48
19881125 090000  8.7 187.8  3.37 15.48 221.61  19.21  4  1.83  7.51 214.56  26.79  2.81 15.49 223.47  10.09  0.31 13.58 314.59   8.75  0.13 17.77 314.34   8.42
19881125 120000  7.5 184.7  3.20 15.45 222.35  18.93  4  1.61  7.44 214.78  27.57  2.75 15.46 223.83  10.41  0.30 13.54 314.55   8.79  0.14 17.70 314.36   8.39
19881125 150000  9.2 207.5  3.06 15.41 223.12  18.34  4  1.50  7.25 217.32  26.63  2.64 15.41 223.93  10.40  0.29 13.49 314.51   8.82  0.15 17.47 313.87   8.51
19881125 180000 12.9 217.6  3.20 15.32 222.93  19.09  3  3.18 15.32 222.31  17.25  0.28 13.43 314.34   8.86  0.17 16.90 313.78   8.47
19881125 210000 10.6 204.7  3.30 15.18 222.25  20.71  4  2.14  6.88 218.59  26.66  2.50 15.18 223.73  10.26  0.26 13.37 314.30   8.96  0.18 16.74 313.59   8.52
19881126 000000  7.8 206.6  3.27 15.08 221.80  20.52  4  2.03  7.23 217.98  27.16  2.55 15.08 223.09  10.44  0.26 13.29 314.34   8.91  0.19 16.70 313.74   8.58
19881126 030000  8.7 199.9  3.29 15.04 221.39  19.40  4  1.88  7.37 217.22  26.58  2.68 15.03 222.46  10.70  0.25 13.20 314.39   8.87  0.19 16.68 314.09   8.55
19881126 060000  6.8 207.7  3.32 14.98 221.55  18.19  4  1.63  7.53 217.55  26.72  2.87 14.98 222.04  11.20  0.25 13.08 314.47   8.82  0.19 16.62 314.42   8.47
19881126 090000  4.2 173.5  3.34 14.87 222.15  17.26  3  3.33 14.86 221.64  15.53  0.23 12.96 314.36   8.86  0.20 16.47 314.63   8.47
19881126 120000  5.0 177.9  3.34 14.73 222.69  16.89  3  3.32 14.71 222.18  15.13  0.23 12.87 314.31   8.80  0.21 16.14 314.42   8.58
19881126 150000  8.6 208.5  3.35 14.60 222.69  17.10  3  3.34 14.58 222.19  15.41  0.22 15.82 314.21   8.53  0.22 12.79 314.28   8.99
19881126 180000 11.9 219.4  3.51 14.49 222.31  18.24  3  3.50 14.48 221.87  16.87  0.22 15.75 314.20   8.61  0.20 12.73 314.26   9.03
19881126 210000 11.6 206.3  3.70 14.41 221.55  19.92  3  3.69 14.40 221.17  18.84  0.22 15.72 314.40   8.63  0.20 12.67 314.20   9.08
19881127 000000 11.2 196.1  3.77 14.35 220.34  21.23  3  2.65  8.44 217.45  26.05  2.67 14.34 222.28  11.75  0.29 15.64 314.44   8.85
19881127 030000  9.4 184.6  3.71 14.28 219.78  21.82  4  2.71  8.69 216.71  26.10  2.52 14.27 222.31  11.77  0.23 15.51 314.90   8.65  0.17 12.53 314.15   8.97
19881127 060000  8.0 185.2  3.54 14.18 220.69  21.34  4  2.56  9.05 218.34  25.43  2.43 14.15 222.31  12.14  0.23 15.34 314.95   8.73  0.17 12.54 314.57   8.57
19881127 090000  7.7 182.7  3.41 14.03 221.65  20.74  3  3.39 13.98 221.22  19.59  0.23 15.14 314.90   8.70  0.17 12.53 315.12   8.14
19881127 120000  7.6 192.5  3.28 13.85 222.35  20.33  3  3.27 13.82 221.88  19.04  0.24 14.97 314.85   8.70  0.16 12.52 315.36   8.03
19881127 150000  8.8 210.1  3.13 13.70 223.04  19.79  2  3.12 13.68 222.53  18.35  0.29 14.85 314.98   8.52
19881127 180000 10.3 222.6  3.04 13.58 223.63  19.87  2  3.02 13.57 223.10  18.41  0.28 14.76 314.86   8.67
19881127 210000  8.9 209.7  3.00 13.49 223.48  20.74  3  2.99 13.47 222.94  19.33  0.28 14.65 314.61   9.13  0.06 18.94 316.12   7.28
19881128 000000  8.2 199.9  2.97 13.37 223.01  21.46  3  2.96 13.35 222.44  20.02  0.27 14.52 314.80   8.99  0.09 18.93 315.86   8.24
19881128 030000  5.7 215.4  2.94 13.08 223.01  21.46  4  2.93 13.04 222.43  19.97  0.24 14.39 314.79   8.95  0.11 11.75 315.70   8.14  0.11 18.95 316.47   8.09
19881128 060000  6.7 218.2  2.91 12.77 223.18  20.96  5  2.42  9.90 222.04  21.85  1.59 12.75 223.84  12.15  0.24 14.26 314.71   9.05  0.12 11.75 315.87   8.09  0.10 18.95 316.77   7.98
19881128 090000  3.1 206.3  2.83 12.65 223.28  20.48  5  2.33 10.05 222.47  21.21  1.58 12.63 223.13  12.40  0.24 14.12 314.64   9.09  0.12 11.75 315.91   8.27  0.09 18.63 317.19   7.66
19881128 120000  4.7 212.9  2.78 12.60 223.21  20.08  5  2.23 10.04 222.56  20.60  1.62 12.57 222.57  12.71  0.23 13.95 314.58   9.07  0.12 17.78 317.19   7.37  0.12 11.75 316.09   8.21
19881128 150000  6.9 225.9  2.76 13.03 222.97  19.82  5  2.18 10.07 222.77  20.15  1.66 12.61 221.39  12.47  0.23 13.81 314.52   9.11  0.16 17.73 316.95   7.40  0.11 11.74 316.32   8.00
19881128 180000  9.2 221.0  2.80 13.30 222.54  19.82  3  2.78 13.22 221.84  17.74  0.25 13.71 314.86   8.97  0.17 17.71 316.44   8.00
19881128 210000  8.2 208.2  2.82 13.31 221.89  19.95  3  2.81 13.24 221.25  18.08  0.24 13.63 314.82   9.11  0.16 17.66 315.62   8.56
19881129 000000 11.6 199.3  2.96 13.21 220.41  20.44  4  2.79 12.80 220.20  19.74  0.95 15.69 217.19   8.57  0.23 13.55 314.87   9.15  0.15 17.08 315.37   8.83
19881129 030000  9.1 200.0  3.17  9.78 219.73  21.07  3  3.15  9.78 219.25  19.73  0.22 13.46 315.31   8.49  0.17 16.64 316.32   8.14
19881129 060000  7.1 204.5  3.28 10.10 220.10  20.82  3  3.26 10.09 219.61  19.41  0.21 13.37 315.32   8.54  0.21 16.60 316.98   7.46
19881129 090000  5.7 187.3  3.23 10.31 220.52  20.33  4  2.75 10.30 219.76  21.17  1.68 14.11 220.64  10.16  0.21 16.59 317.11   7.37  0.21 13.26 315.28   8.58
19881129 120000  5.1 187.7  3.08 10.22 221.08  19.83  4  2.46 10.06 219.36  21.18  1.83 13.38 222.58  10.98  0.21 16.56 316.36   7.76  0.20 13.11 315.43   8.43
19881129 150000  7.9 219.6  2.93 13.32 221.91  19.38  5  2.34  9.90 220.47  20.60  1.75 13.34 222.85  10.68  0.19 12.92 315.43   8.50  0.19 16.35 315.72   7.98  0.08 20.31 314.84   8.07
19881129 180000 11.9 219.9  3.01 13.24 222.02  19.84  4  2.99 13.25 221.46  18.22  0.20 15.61 315.40   8.29  0.19 12.82 315.37   8.60  0.10 20.20 314.54   8.15
19881129 210000 10.5 203.4  3.25  8.92 221.14  21.61  6  2.81  8.92 220.09  22.52  1.22 12.99 222.30   9.73  1.04 15.51 221.68  10.29  0.22 15.53 315.94   8.07  0.18 12.76 314.42   9.85  0.11 20.05 314.59   8.19
19881130 000000  9.6 213.0  3.25  8.81 221.37  22.18  6  2.72  8.81 219.61  23.83  1.31 12.75 223.02   9.46  1.17 15.75 224.06  10.39  0.23 15.51 316.30   7.89  0.17 12.69 315.28   8.72  0.12 19.63 314.95   8.09
19881130 030000  6.1 200.1  3.21 15.49 222.06  21.61  6  2.52  8.85 220.03  24.38  1.47 15.50 224.42   9.64  1.32 12.48 222.80   9.68  0.22 15.51 316.50   7.75  0.17 12.65 314.78   9.47  0.14 19.17 315.08   8.03
19881130 060000  6.2 223.0  3.20 15.56 223.03  20.35  5  2.35  9.01 220.87  23.73  2.15 15.62 224.27   9.99  0.20 15.47 316.33   7.65  0.17 19.03 314.78   8.15  0.16 12.60 314.73   9.59
19881130 090000  2.9 188.9  3.21 17.49 223.86  19.06  6  2.22  9.20 221.77  22.81  1.91 15.19 224.30   9.88  1.28 17.76 225.41   9.64  0.20 18.95 314.60   8.28  0.19 15.27 316.18   7.71  0.15 12.52 315.24   8.84
19881130 120000  1.2 220.2  3.25 17.31 224.58  17.97  4  3.23 17.29 223.98  16.06  0.22 18.77 314.66   8.30  0.20 14.60 315.11   9.10  0.14 12.41 315.73   8.61
19881130 150000  6.6 243.8  3.36 16.58 225.38  17.39  3  3.35 16.56 224.75  15.31  0.25 14.51 315.34   8.87  0.24 18.23 314.90   8.16
19881130 180000  8.2 226.9  3.51 16.37 225.91  17.49  3  3.49 16.36 225.26  15.38  0.27 18.00 314.93   8.07  0.25 14.50 315.82   8.30
19881130 210000  5.8 210.8  3.55 16.10 226.20  17.71  3  3.53 16.09 225.47  15.41  0.30 17.95 314.73   8.23  0.25 14.49 315.87   8.19
19881201 000000  4.3 204.1  3.51 15.51 226.39  17.81  3  3.48 15.52 225.59  15.27  0.34 17.95 314.66   8.45  0.23 14.46 315.86   8.11
