Date     Time   Uabs UDir  hs    tp    th     sp     np hs(i) tp(i) th(i)  sp(i)
20070101 000000  7.3 192.6  2.30 12.45 224.02  27.63  5  1.86  7.68 220.60  24.91  1.23 12.40 220.70   9.78  0.50 14.57 308.37  10.15  0.15 17.80 312.49   7.06  0.06 23.12 316.99   7.60
20070101 030000  8.7 195.0  2.26 12.34 223.31  28.56  4  1.85  7.57 219.24  25.87  1.19 12.28 221.11  10.20  0.52 14.52 308.45  10.05  0.09 21.82 314.27   7.75
20070101 060000 10.2 189.3  2.18 11.91 221.85  30.18  5  1.71  7.41 215.29  27.87  1.24 11.82 222.48  11.31  0.48 14.47 307.71  10.57  0.21 16.78 310.36   6.50  0.11 21.68 314.04   8.37
20070101 090000  8.4 183.5  2.04 11.64 222.27  31.77  5  1.59  7.02 214.52  29.04  1.16 11.61 222.84  11.44  0.47 14.42 307.22  10.59  0.24 16.72 310.20   7.54  0.12 21.68 314.89   8.26
20070101 120000  7.3 192.6  1.90 11.59 223.91  32.46  5  1.45  6.69 215.25  29.25  1.11 11.57 223.55  12.01  0.46 14.36 306.94  10.54  0.26 16.70 309.18   9.12  0.12 21.68 316.81   6.60
20070101 150000  9.3 205.9  1.87 11.55 224.43  32.29  5  1.42  6.43 215.35  28.47  1.09 11.53 224.35  12.71  0.45 14.29 306.31  10.87  0.23 16.68 309.82   8.39  0.18 20.51 313.92   7.94
20070101 180000 11.6 205.3  2.16  6.40 223.03  30.20  4  2.10  6.40 218.99  23.72  0.45 14.19 306.88  10.87  0.24 20.22 310.24  11.03  0.17 16.59 310.07   5.00
20070101 210000 12.2 206.6  2.51  7.17 222.56  29.29  3  2.45  7.17 219.50  24.33  0.50 13.97 306.62  10.64  0.23 20.27 314.84   7.76
20070102 000000 10.9 199.9  2.92  8.30 220.94  28.47  5  2.86  8.30 218.65  24.59  0.36 15.60 303.46  11.22  0.35 13.61 310.21   8.52  0.23 20.23 314.93   7.70  0.07 17.60 220.24   7.64
20070102 030000  9.4 199.6  3.05  9.11 221.22  27.95  5  3.00  9.11 219.09  24.28  0.37 15.49 303.65  10.62  0.32 13.48 310.80   9.18  0.26 19.79 313.64   8.46  0.11 16.96 220.55   7.23
20070102 060000  8.2 193.0  3.02  9.38 222.52  27.64  5  2.96  9.38 220.25  23.72  0.35 18.89 310.13  10.49  0.34 15.36 305.25  10.81  0.30 13.41 310.72   9.47  0.16 16.59 219.93   7.99
20070102 090000  7.1 190.6  2.93  9.57 223.97  27.17  5  2.87  9.57 221.51  22.88  0.38 18.83 310.11  10.84  0.32 15.33 304.90  10.98  0.29 13.39 310.75   9.82  0.22 16.27 220.92   7.63
20070102 120000  7.0 184.8  2.90  9.75 224.43  26.24  5  2.83  9.75 222.03  21.87  0.38 18.80 311.04  10.00  0.32 13.52 309.30  10.87  0.28 15.44 303.83  11.39  0.28 15.81 221.74   7.72
20070102 150000  8.2 211.0  2.91  9.92 224.28  25.23  4  2.83  9.92 221.96  20.86  0.44 15.04 305.77  11.64  0.39 15.54 223.00   8.23  0.35 18.65 313.30   8.69
20070102 180000 11.2 209.7  3.04 10.14 223.87  24.70  3  2.99 10.14 221.72  20.27  0.41 14.52 308.09  10.64  0.39 17.94 310.20  11.32
20070102 210000 11.7 204.0  3.27 10.46 223.26  25.09  4  3.17 10.43 221.09  21.30  0.56 15.26 226.17   8.53  0.43 17.62 311.38  10.16  0.40 14.53 306.86  11.29
20070103 000000  9.0 198.2  3.36 10.62 223.77  25.45  4  3.11 10.51 221.42  22.56  1.11 13.83 224.62  11.40  0.45 17.49 311.13  10.02  0.39 14.53 306.82  11.54
20070103 030000  8.2 196.1  3.31 10.73 224.77  24.99  4  2.95 10.71 222.24  22.76  1.38 13.31 225.26  10.87  0.45 17.33 310.96   9.86  0.38 14.54 306.67  11.76
20070103 060000  6.8 200.5  3.21 10.84 225.72  24.22  4  2.87 10.80 223.45  21.67  1.32 13.04 225.32  11.95  0.45 16.95 310.43  10.20  0.35 14.38 307.00  12.03
20070103 090000  4.7 189.2  3.10 11.54 226.43  23.69  2  3.05 11.39 224.43  19.52  0.56 16.68 309.53  11.08
20070103 120000  6.7 185.3  3.01 11.77 226.64  23.66  2  2.96 11.73 224.49  19.11  0.56 16.52 309.88  10.93
20070103 150000  6.6 213.4  2.92 11.72 226.86  23.61  2  2.87 11.70 224.55  18.66  0.57 16.37 309.87  10.82
20070103 180000  8.8 214.1  2.86 11.66 226.94  23.61  3  2.80 11.65 224.57  18.53  0.51 16.18 308.84  10.86  0.23 13.45 313.17  10.16
20070103 210000 10.4 205.0  2.87 11.59 225.73  24.21  3  2.81 11.58 223.46  19.47  0.50 15.85 308.79  10.89  0.23 13.45 313.00  10.09
20070104 000000  9.5 192.2  2.82 11.49 224.63  25.18  3  2.77 11.49 222.36  20.65  0.53 15.67 309.19  10.57  0.08 10.40 331.31   6.49
20070104 030000  9.1 193.2  2.78 11.14 223.81  25.63  3  2.73 11.13 221.55  21.13  0.52 15.56 309.55  10.54  0.08 10.35 331.03   6.65
20070104 060000  7.8 195.3  2.75 10.89 223.89  25.42  3  2.70 10.88 221.64  20.88  0.52 15.47 309.81  10.46  0.08 10.38 330.05   6.55
20070104 090000  5.6 179.1  2.70 10.74 224.18  24.98  3  2.65 10.74 221.94  20.31  0.51 15.38 310.08  10.28  0.07 10.22 330.41   6.89
20070104 120000  5.9 179.4  2.62 10.30 224.22  24.48  3  2.57 10.30 221.95  19.55  0.50 15.27 310.17  10.30  0.07 10.16 330.06   7.05
20070104 150000  5.7 224.7  2.51 10.15 224.32  24.17  2  2.46 10.14 221.92  18.80  0.50 15.09 310.70  10.58
20070104 180000  8.9 221.0  2.46 10.07 224.54  24.26  2  2.41 10.06 222.02  18.61  0.50 14.79 311.00  10.55
20070104 210000  8.8 205.3  2.48 10.11 223.41  24.99  3  2.43 10.11 220.90  19.45  0.49 14.64 311.12  10.25  0.06  9.74 330.81   6.25
20070105 000000  6.7 199.0  2.51 10.14 222.13  25.46  4  2.47 10.14 219.75  20.27  0.42 14.48 309.38  10.33  0.24 16.45 318.41   4.84  0.06  9.65 330.77   6.23
20070105 030000  6.3 192.5  2.54  9.64 221.50  25.26  5  2.49  9.63 219.29  20.36  0.43 14.51 310.25   9.93  0.18 16.60 320.06   5.01  0.06 21.89 296.51  10.32  0.05  9.59 330.54   6.51
20070105 060000  5.3 200.3  2.54  9.84 221.08  24.73  3  2.50  9.85 218.97  19.89  0.46 14.51 312.25  10.11  0.07 21.81 296.18  10.46
20070105 090000  1.6 199.1  2.56  9.99 220.87  24.18  3  2.52 10.00 218.77  19.08  0.47 14.62 312.83  10.01  0.07 21.72 296.07  10.72
20070105 120000  1.6 272.9  2.55  9.96 220.47  23.88  3  2.50  9.97 218.28  18.28  0.47 15.08 313.52   9.86  0.08 21.51 296.82  11.01
20070105 150000  3.0 255.5  2.49  9.87 220.12  23.70  4  2.18  9.88 219.92  18.71  1.10 12.82 209.94   8.17  0.47 15.20 313.96   9.74  0.10 20.71 297.47  10.99
20070105 180000  5.5 246.1  2.41  9.76 220.19  23.65  4  1.92  9.76 220.59  19.19  1.37 12.22 212.56  10.78  0.46 15.18 313.97   9.85  0.11 20.46 297.89  10.96
20070105 210000  5.4 205.3  2.32 13.36 220.02  23.68  4  1.61 12.91 214.88  11.74  1.60  8.86 220.34  20.57  0.45 14.61 314.05   9.78  0.13 20.40 297.98  11.34
20070106 000000  3.5 207.0  2.23 13.28 220.04  23.90  3  2.18 13.00 217.36  16.62  0.45 14.38 314.24   9.66  0.14 20.35 298.55  11.70
20070106 030000  2.0 224.3  2.16 13.06 220.48  24.34  3  2.11 12.80 217.51  16.34  0.45 14.37 314.59   9.49  0.15 20.19 298.91  11.71
20070106 060000  2.0 281.1  2.11 12.79 221.15  24.76  3  2.05 12.65 217.90  16.15  0.45 14.36 314.96   9.33  0.17 19.41 299.00  11.41
20070106 090000  0.5 335.7  2.10 12.66 221.70  24.78  3  2.04 12.54 218.34  15.99  0.45 14.32 315.20   9.20  0.20 19.14 299.12  11.25
20070106 120000  1.4   8.8  2.12 12.51 221.92  24.50  3  2.06 12.41 218.63  15.85  0.44 14.22 315.43   9.08  0.22 19.09 299.75  11.61
20070106 150000  3.5 273.7  2.12 12.38 222.46  24.68  3  2.06 12.31 219.18  16.36  0.43 13.92 315.60   8.96  0.24 19.07 300.50  11.90
20070106 180000  5.4 245.1  2.07 12.20 223.31  24.96  3  2.01 12.08 219.92  16.63  0.42 13.68 315.79   8.84  0.25 18.97 300.89  11.79
20070106 210000  5.1 218.3  2.01 11.88 224.17  25.45  3  1.95 11.84 220.49  16.82  0.41 13.58 315.96   8.76  0.27 18.52 300.72  11.51
20070107 000000  1.9 223.3  1.94 11.74 225.15  26.20  4  1.82 11.47 221.96  16.70  0.44 12.03 203.69   3.62  0.40 13.52 316.06   8.71  0.31 17.98 300.85  11.47
20070107 030000  0.8 182.7  1.86 11.62 226.19  27.16  4  1.71 11.61 222.35  16.82  0.50 11.48 208.56   5.98  0.39 13.46 316.13   8.70  0.35 17.90 301.46  11.80
20070107 060000  2.1 226.1  1.78 11.36 227.18  28.24  3  1.69 11.32 221.39  16.57  0.38 13.38 316.24   8.69  0.37 17.85 302.25  11.97
20070107 090000  2.7 201.7  1.68 11.09 228.26  29.39  3  1.59 11.08 221.55  16.61  0.39 17.79 302.78  11.76  0.38 13.26 316.23   8.71
20070107 120000  2.5 169.5  1.58 10.99 229.50  30.67  4  1.34 10.88 218.01  16.10  0.63 11.36 237.82   7.10  0.40 17.64 303.04  11.49  0.37 13.01 316.24   8.66
20070107 150000  2.8 244.1  1.49 10.90 231.27  32.31  4  1.20  9.56 217.19  16.45  0.69 10.86 235.42   8.15  0.43 17.26 303.50  11.56  0.36 12.83 316.15   8.81
20070107 180000  5.4 226.3  1.45 10.77 233.86  33.93  5  0.28  2.52 243.11  29.81  1.18 10.65 218.18  16.10  0.54 10.83 239.92   6.20  0.46 16.88 303.85  11.68  0.35 12.72 316.17   8.73
20070107 210000  6.9 225.6  1.45 10.51 235.40  34.79  5  0.55  3.43 235.61  29.89  1.09 10.40 217.22  14.18  0.52 10.64 240.91   6.41  0.49 16.75 304.09  11.71  0.33 12.64 316.50   8.42
20070108 000000  5.4 193.0  1.43 16.66 234.98  36.41  6  0.63  4.07 225.57  32.61  0.99  9.96 216.09  13.91  0.55 10.38 238.58   8.24  0.51 16.66 304.14  11.51  0.32 12.57 316.64   8.35  0.06 21.88 297.39  10.92
20070108 030000  6.4 186.3  1.40 16.58 234.85  38.12  6  1.15 10.83 216.80  22.29  0.53 16.58 304.33  11.39  0.51 10.28 239.55   8.57  0.31 12.51 316.71   8.33  0.08 15.75 213.76   7.67  0.07 21.78 296.60  11.19
20070108 060000  6.8 185.2  1.38 16.48 234.35  39.64  6  1.19 10.16 217.03  22.89  0.55 16.48 304.79  11.43  0.30 10.23 247.95   4.65  0.30 12.46 316.58   8.54  0.09 15.72 214.98   7.25  0.08 21.76 296.94  11.87
20070108 090000  6.6 186.6  1.36 16.33 234.11  40.52  5  1.16 10.29 215.29  23.48  0.55 16.34 305.20  11.50  0.36  9.85 244.97   6.65  0.29 12.38 316.59   8.48  0.08 21.75 297.62  12.33
20070108 120000  5.2 192.4  1.32 16.00 235.48  40.55  5  1.12 10.25 216.11  23.19  0.55 16.02 305.43  11.48  0.35  9.80 245.21   6.66  0.27 12.26 316.84   8.35  0.08 21.69 298.74  12.20
20070108 150000  6.7 215.2  1.29 15.70 237.44  39.90  7  0.68  4.81 217.89  30.94  0.83 10.32 217.50  13.29  0.55 15.71 305.32  11.34  0.35  9.75 245.51   6.49  0.26 12.04 316.78   8.48  0.11 17.58 218.24   7.35  0.09 20.95 298.69  11.35
20070108 180000  9.0 216.5  1.40 15.57 235.69  38.02  7  1.18  9.82 219.61  22.48  0.56 15.57 305.21  11.26  0.33  9.32 245.99   6.52  0.25 11.90 316.74   8.57  0.22 13.06 212.60   6.79  0.14 17.26 219.00   7.43  0.12 20.43 297.15  10.88
20070108 210000  8.7 210.3  1.56 15.50 232.32  37.32  7  1.35  5.14 218.90  24.26  0.57 15.49 305.24  11.23  0.34  9.52 244.76   7.28  0.24 11.83 316.80   8.72  0.23 12.97 212.81   6.90  0.20 16.86 218.84   7.67  0.15 20.37 296.54  11.20
20070109 000000  7.9 191.7  1.63 15.47 229.24  38.08  8  1.31  5.66 216.12  27.56  0.58 15.44 305.40  11.34  0.55 10.83 219.50  11.52  0.29  9.23 246.47   7.00  0.25 16.57 219.46   7.60  0.25 13.00 212.64   6.93  0.23 11.78 317.10   8.77  0.16 20.35 296.48  11.91
20070109 030000  7.2 197.7  1.63 15.45 228.51  37.83  8  1.32  6.04 215.70  27.31  0.60 10.82 219.26  11.28  0.58 15.40 305.68  11.40  0.32 16.29 219.17   7.99  0.25  9.46 248.55   4.94  0.22 11.74 317.78   8.42  0.14 20.34 296.78  12.82  0.07 23.50 299.02  10.54
20070109 060000  7.8 191.0  1.65 15.39 227.44  36.86  8  1.35  6.27 216.03  26.69  0.56 15.32 305.95  11.40  0.54 10.61 219.35  11.32  0.40 15.74 219.03   8.20  0.21 11.72 317.51   8.87  0.21  9.39 249.33   5.24  0.13 20.29 298.02  13.26  0.09 23.32 300.26  10.48
20070109 090000  6.9 191.0  1.68 15.25 227.13  35.68  7  1.41  6.56 217.89  26.35  0.54 15.11 306.05  11.34  0.50 10.61 218.05  10.50  0.45 15.44 220.04   8.33  0.20 11.69 318.20   8.64  0.14 19.99 299.43  12.12  0.10 23.33 300.47  10.21
20070109 120000  5.4 187.0  1.70 14.82 227.87  34.49  7  1.43  6.91 219.40  25.63  0.52 14.71 306.04  11.24  0.50 15.10 220.98   8.34  0.50 10.52 217.59  10.53  0.19 11.66 318.39   8.78  0.19 19.16 298.20  11.35  0.11 23.27 301.53   9.78
20070109 150000  7.0 211.3  1.71 14.57 229.20  33.58  7  1.42  7.16 220.83  24.36  0.57 14.58 221.59   8.46  0.52 14.56 306.08  11.16  0.47 10.56 217.63  10.12  0.21 19.06 298.11  11.66  0.19 11.56 318.62   9.01  0.14 22.55 298.31  10.60
20070109 180000  9.3 215.7  1.81 14.45 228.43  32.70  7  1.52  7.25 220.56  23.77  0.60 14.38 222.67   8.51  0.52 14.50 306.20  11.20  0.48 10.51 217.54   9.96  0.21 18.99 296.69  12.37  0.18 21.93 300.32  10.81  0.18 11.28 318.98   9.40
20070109 210000 10.4 206.6  1.99 14.34 225.63  32.36  6  1.77  6.82 218.49  24.12  0.66 13.95 222.89   8.91  0.52 14.47 306.39  11.16  0.22 19.01 298.56  13.32  0.20 21.88 299.81  10.55  0.17 11.12 319.62   9.09
20070110 000000  8.4 194.2  2.00 14.14 224.10  33.51  7  1.73  6.74 216.43  26.45  0.68 13.61 224.20   8.77  0.52 14.45 306.55  11.25  0.42 10.34 217.22  10.73  0.22 19.05 299.91  13.47  0.21 21.84 300.54  10.57  0.16 11.03 320.52   9.22
20070110 030000  8.3 190.4  1.91 13.83 224.70  34.15  7  1.62  6.80 216.01  26.73  0.73 13.45 224.55   9.26  0.51 14.42 306.79  11.12  0.33 10.02 215.53   8.76  0.24 19.19 301.53  12.18  0.21 21.80 299.39  11.29  0.15 10.97 320.86   9.50
20070110 060000  8.3 184.4  1.88 13.54 224.71  34.41  8  1.56  6.84 214.76  26.86  0.78 13.14 225.49   9.43  0.49 14.36 306.79  11.09  0.35 20.70 299.90  11.79  0.32  9.83 216.79   9.56  0.15 10.90 321.26   9.74  0.11  9.66 245.00   0.02  0.09 17.75 305.00   0.00
20070110 090000  6.7 194.6  1.88 13.02 226.82  33.61  7  1.55  6.99 216.62  25.45  0.84 12.77 225.58   9.49  0.46 14.24 306.92  11.02  0.34 20.52 300.42  11.61  0.25 17.78 299.14  10.76  0.14 10.81 321.55   9.99  0.14  9.70 247.50   4.99
20070110 120000  2.9 200.7  1.91 12.83 229.23  32.22  7  1.52  7.40 219.56  23.78  0.84 12.59 225.41  10.05  0.45 13.92 307.12  10.94  0.43 16.10 223.65   8.87  0.36 20.45 300.53  11.62  0.30 17.76 299.83  11.31  0.14 10.66 321.74  10.12
20070110 150000  4.9 224.6  1.97 12.75 229.88  30.73  7  1.52  7.74 220.85  21.92  0.87 12.37 224.70  10.47  0.61 15.88 224.17   8.85  0.44 13.73 307.40  10.82  0.36 20.44 300.31  11.05  0.35 17.81 300.93  12.20  0.14 10.50 322.36   9.72
20070110 180000  8.8 213.8  2.09 14.21 229.06  29.70  7  1.50  7.90 220.43  22.14  1.01 12.11 224.39  10.31  0.79 15.23 222.94   9.30  0.44 13.66 307.55  10.61  0.38 20.30 300.55  10.17  0.36 17.82 301.01  13.37  0.13 10.34 323.84   9.08
20070110 210000 10.8 206.1  2.39 15.04 225.52  29.04  4  2.03 12.10 218.99  21.35  1.04 15.19 222.99   9.56  0.55 19.14 300.51  11.84  0.45 13.62 309.05  11.27
20070111 000000  9.6 200.0  2.70 14.02 223.00  28.77  4  2.09  7.22 215.23  24.72  1.56 15.08 223.71  10.25  0.58 19.09 300.37  11.86  0.43 13.60 309.16  11.32
20070111 030000  9.5 189.3  2.87 14.17 222.46  28.56  6  2.18  7.70 214.78  25.64  1.71 14.42 223.50  10.48  0.56 19.11 299.01  11.77  0.40 13.58 307.77  10.61  0.23 16.75 311.21   4.85  0.11  9.88 326.11   8.41
20070111 060000  9.7 196.9  2.92 14.23 222.92  27.85  6  2.13  8.02 215.05  25.18  1.85 14.33 223.26  10.60  0.54 19.08 299.15  11.66  0.38 13.56 307.95  10.68  0.36 16.64 305.60  10.54  0.09  9.70 328.32   7.36
20070111 090000  9.2 186.8  2.98 14.17 223.28  27.52  5  2.14  8.16 215.45  24.81  1.94 14.24 223.08  10.89  0.56 18.99 298.18  11.83  0.39 16.63 307.46   8.76  0.37 13.53 308.54  11.51
20070111 120000  8.3 179.1  3.02 13.87 224.03  27.29  5  2.05  8.50 215.72  25.04  2.07 14.03 223.20  11.18  0.64 18.64 297.97  11.65  0.36 13.48 308.45  11.41  0.32 16.59 311.02   6.11
20070111 150000  9.0 206.8  3.04 13.68 225.29  26.40  3  2.93 13.72 220.76  18.28  0.75 17.82 300.15  12.15  0.34 13.42 308.73  11.51
20070111 180000 11.9 212.3  3.20 13.65 224.86  25.62  3  3.09 13.68 220.84  18.19  0.76 17.80 300.11  12.43  0.31 13.28 309.27  11.55
20070111 210000 11.5 204.7  3.43 13.66 223.65  25.63  4  2.49  8.11 218.60  24.16  2.23 13.70 222.42  11.64  0.74 17.79 300.53  12.48  0.30 13.20 309.40  10.83
20070112 000000 10.5 197.2  3.47 13.66 223.21  26.00  4  2.57  8.44 218.64  25.22  2.21 13.69 222.03  11.51  0.72 17.75 300.98  12.45  0.28 13.04 309.20  11.44
20070112 030000  8.9 193.8  3.44 13.64 223.24  26.15  4  2.63  8.68 219.11  24.57  2.07 13.67 221.61  11.86  0.73 17.68 301.16  12.17  0.26 12.95 309.13  11.22
20070112 060000 10.3 194.0  3.40 13.60 223.49  26.39  4  2.65  9.12 219.22  24.09  1.98 13.62 221.55  11.73  0.76 17.51 300.60  12.22  0.25 12.90 309.40  11.06
20070112 090000  8.5 187.1  3.42 13.45 223.65  26.56  4  2.72  9.61 219.52  23.76  1.92 13.47 221.30  12.08  0.78 17.20 300.11  12.32  0.24 12.87 309.26  11.11
20070112 120000  7.5 193.1  3.40 12.99 224.57  26.12  4  2.84 10.08 220.95  22.31  1.68 13.13 221.35  12.20  0.78 16.76 300.23  12.36  0.23 12.81 308.56  10.89
20070112 150000  8.0 215.0  3.24 12.79 225.57  25.72  4  2.70 10.21 221.95  21.34  1.59 13.05 221.91  12.53  0.76 16.65 300.30  12.69  0.20 12.65 309.43  10.99
20070112 180000  9.6 218.1  3.11 12.96 225.93  25.48  4  2.62 10.06 222.41  20.85  1.50 13.10 222.05  12.61  0.73 16.59 300.63  12.93  0.19 12.59 308.59  11.62
20070112 210000  7.6 213.5  3.08 13.08 226.04  25.35  4  2.63  9.93 222.95  21.00  1.44 13.15 221.59  12.49  0.71 16.54 300.79  12.88  0.17 12.52 311.27  10.86
20070113 000000  4.4 212.3  3.10 12.69 226.30  25.09  4  2.63 10.13 223.29  21.12  1.49 13.00 222.40  12.80  0.70 16.49 300.94  12.71  0.17 12.51 310.76  10.20
20070113 030000  4.5 219.5  3.16 12.34 226.18  24.70  5  2.50 10.07 221.84  21.47  1.80 12.60 225.44  13.63  0.69 16.42 300.76  12.49  0.16 12.50 311.36  10.15  0.05 21.84 314.92   7.61
20070113 060000  4.7 204.0  3.29 11.93 225.19  24.01  3  3.21 11.87 222.44  18.89  0.70 16.30 300.94  12.87  0.06 21.79 313.92   8.15
20070113 090000  3.1 192.2  3.37 11.67 224.20  23.32  3  3.30 11.63 221.77  18.56  0.68 15.98 301.03  12.86  0.07 21.78 313.50   8.24
20070113 120000  1.5   2.0  3.42 11.51 223.99  22.68  3  3.35 11.47 221.80  18.25  0.65 15.67 300.91  13.14  0.09 20.98 315.09   7.89
20070113 150000  4.3 279.4  3.39 11.71 224.43  22.46  3  3.33 11.68 222.35  18.20  0.62 15.56 301.27  13.13  0.11 20.43 314.97   8.00
20070113 180000  2.8 258.5  3.31 11.99 224.71  22.25  3  3.26 11.97 222.65  17.93  0.60 15.50 302.01  12.95  0.13 20.39 314.66   8.32
20070113 210000  1.8 293.9  3.15 12.06 224.68  22.17  3  3.09 12.05 222.50  17.48  0.58 15.48 302.38  13.07  0.15 20.28 314.72   8.11
20070114 000000  1.9 178.1  2.98 11.98 224.48  22.06  3  2.92 11.98 222.17  16.88  0.56 15.46 302.75  13.21  0.16 20.13 314.91   8.05
20070114 030000  1.0 170.0  2.88 11.95 224.29  21.85  3  2.82 11.94 221.92  16.32  0.54 15.42 302.69  13.66  0.18 19.51 314.80   8.07
20070114 060000  0.8 178.2  2.85 11.96 223.92  21.59  3  2.79 11.95 221.58  15.88  0.53 15.38 303.03  13.78  0.21 19.20 314.97   8.23
20070114 090000  2.1 355.6  2.88 11.95 223.06  21.40  3  2.83 11.93 220.80  15.63  0.52 15.32 303.93  14.02  0.22 19.16 314.24   8.24
20070114 120000  3.9  10.0  2.87 11.96 222.36  22.41  3  2.82 11.94 220.07  16.81  0.51 15.21 304.79  14.13  0.24 19.10 314.05   7.93
20070114 150000  3.8 308.0  2.86 12.01 221.83  22.28  3  2.80 11.98 219.47  16.25  0.49 14.96 305.10  14.03  0.28 18.84 314.74   8.15
20070114 180000  3.7 280.7  2.88 12.12 221.57  22.14  3  2.82 12.09 219.19  15.78  0.47 14.72 305.66  13.83  0.32 18.25 314.95   8.17
20070114 210000  4.2 253.8  2.90 12.27 221.35  22.03  3  2.84 12.24 218.93  15.31  0.47 14.61 306.42  13.74  0.34 18.09 314.66   8.26
20070115 000000  2.9 179.0  2.87 12.41 221.16  22.10  3  2.81 12.36 218.63  14.88  0.47 14.53 308.02  13.46  0.36 18.10 313.82   8.46
20070115 030000  2.7 183.5  2.79 12.48 221.30  22.40  3  2.73 12.41 218.57  14.56  0.45 14.48 307.92  13.32  0.39 18.11 314.37   8.48
20070115 060000  2.7 211.2  2.71 12.41 221.72  22.85  3  2.64 12.35 218.71  14.29  0.45 14.41 308.11  13.49  0.40 18.55 314.52   8.42
20070115 090000  1.9 249.2  2.59 12.30 222.40  23.83  3  2.52 12.24 218.90  14.15  0.44 14.33 308.86  13.65  0.43 18.74 314.20   8.33
20070115 120000  2.0  46.4  2.49 12.26 223.19  24.91  4  2.41 12.15 219.10  13.96  0.44 14.19 308.70  14.01  0.35 19.00 313.15   7.77  0.31 16.75 316.49   8.31
20070115 150000  3.7 252.5  2.44 12.15 223.81  25.49  3  2.35 12.01 219.39  13.80  0.48 18.62 313.71   8.53  0.44 13.91 311.12  13.10
20070115 180000  6.7 248.6  2.44 11.89 224.79  25.93  3  2.35 11.79 220.35  14.82  0.50 17.90 314.01   8.80  0.41 13.71 311.32  13.13
20070115 210000  5.4 233.1  2.40 11.66 225.31  26.35  3  2.31 11.60 220.71  15.09  0.51 17.71 313.96   8.86  0.40 13.61 312.68  13.01
20070116 000000  2.3 177.6  2.31 11.54 225.68  27.08  3  2.22 11.49 220.59  14.65  0.52 17.73 313.90   8.73  0.39 13.49 314.37  13.16
20070116 030000  3.2 170.7  2.23 11.54 226.35  28.14  4  1.68 10.33 218.26  15.72  1.29 11.97 224.29  10.10  0.55 17.72 314.20   8.45  0.39 13.41 315.44  13.23
20070116 060000  2.8 185.6  2.14 11.58 227.14  29.21  5  1.60 10.27 218.17  15.39  1.04 11.95 225.00  10.20  0.70 14.79 222.71   8.81  0.57 17.64 314.38   8.65  0.38 13.32 315.97  13.45
20070116 090000  2.6 207.3  2.09 11.60 227.75  29.72  5  1.56 10.72 218.66  14.74  0.89 12.02 223.87  10.53  0.81 14.67 224.12   9.15  0.56 17.51 313.62   8.68  0.41 13.41 316.50  15.27
20070116 120000  2.6 223.1  2.06 14.26 228.09  29.88  3  1.69 11.39 220.40  14.07  0.95 14.30 222.16   9.32  0.69 17.41 314.97  11.40
20070116 150000  2.5 246.4  2.04 14.05 228.51  30.10  3  1.61 11.16 219.62  13.89  1.04 14.07 224.47   9.30  0.69 17.35 315.56  10.80
20070116 180000  5.8 235.7  2.05 13.69 229.02  30.28  2  1.93 13.66 221.52  13.27  0.69 17.24 315.93  10.76
20070116 210000  4.5 219.5  2.05 13.46 229.16  30.39  2  1.93 13.44 221.63  13.37  0.70 16.80 316.26  10.80
20070117 000000  4.2 198.5  2.03 13.26 229.06  30.31  3  1.91 13.28 221.62  13.24  0.61 16.57 314.58   9.19  0.31 12.44 324.60  11.53
20070117 030000  4.0 190.2  1.99 12.92 229.18  30.40  4  1.38 12.95 224.80   9.36  1.27  9.63 217.77  15.47  0.59 16.47 313.81   9.68  0.33 12.44 325.57   9.65
20070117 060000  3.2 196.0  1.95 12.70 229.65  30.89  3  1.34 12.69 225.03   9.20  1.25  9.60 217.72  15.16  0.68 16.42 316.51  10.92
20070117 090000  5.2 192.7  1.90 12.59 230.23  31.76  4  1.28 12.58 224.76   9.43  1.23  9.55 218.13  15.44  0.62 16.39 314.45  10.15  0.30 11.77 325.38   9.70
20070117 120000  4.1 178.8  1.85 12.50 230.92  32.63  4  1.23  9.84 217.95  15.71  1.19 12.50 225.54   9.23  0.59 16.31 313.53   9.49  0.34 12.04 325.64   9.89
20070117 150000  4.5 219.4  1.78 12.38 231.64  32.80  6  1.22 12.39 224.45   9.21  1.03  8.89 217.74  16.83  0.60 16.00 314.11   9.71  0.41 15.87 227.42   8.39  0.29 11.68 328.18   8.26  0.06 25.52 301.78  11.14
20070117 180000  7.7 236.3  1.80 12.13 232.12  32.12  6  1.16  9.36 221.22  18.87  1.06 12.15 225.61   9.37  0.57 15.50 224.61   8.63  0.57 15.58 314.16   9.73  0.31 11.68 326.40   9.36  0.07 25.05 302.24  10.83
20070117 210000  6.7 214.5  1.82 15.29 231.32  31.87  7  0.70  4.10 228.48  29.96  0.99  9.36 217.84  12.80  0.95 11.94 225.12   9.56  0.72 14.82 226.10   8.58  0.57 15.45 314.49   9.41  0.26 11.10 329.31   8.98  0.09 24.91 302.45  10.86
20070118 000000  3.3 191.3  1.79 14.98 230.69  32.05  6  1.07  8.47 218.81  22.03  1.05 11.86 224.67   9.88  0.75 14.64 225.64   8.51  0.56 15.40 314.27   9.32  0.26 11.05 329.20   8.96  0.11 24.80 301.89  11.30
20070118 030000  4.8 193.7  1.77 14.83 230.68  32.01  6  1.07 11.86 224.05  10.00  0.99  8.33 217.88  21.42  0.78 14.61 225.66   8.64  0.55 15.36 313.66   9.27  0.27 11.09 328.68   8.58  0.12 24.63 301.14  11.64
20070118 060000  4.5 195.8  1.75 15.07 230.80  31.91  6  0.96 13.85 225.90   8.96  0.95  8.32 217.27  20.30  0.93 11.64 223.13  10.15  0.56 15.32 314.00   9.69  0.25 10.92 328.30   9.41  0.14 24.00 300.94  11.44
20070118 090000  3.3 180.5  1.73 13.77 230.96  31.63  5  1.33 13.58 224.49   9.63  0.90  8.31 217.21  19.27  0.55 15.24 313.70   9.75  0.24 10.87 328.47   9.15  0.17 23.45 301.40  11.04
20070118 120000  1.1 192.1  1.69 13.76 230.97  31.11  5  1.33 13.50 224.28   9.69  0.84  8.27 217.64  18.02  0.53 15.04 313.52   9.71  0.23 10.60 330.59   6.65  0.20 23.31 301.67  11.03
20070118 150000  4.9 249.6  1.67 14.18 230.91  30.48  5  1.33 13.33 223.90   9.95  0.83  8.28 219.87  18.46  0.50 14.65 313.63   9.64  0.22 10.46 330.53   6.68  0.22 23.22 301.02  11.46
20070118 180000  4.6 253.5  1.68 14.27 230.59  29.91  5  1.36 12.89 223.36  10.09  0.80  8.20 221.79  20.42  0.48 14.50 313.99   9.48  0.24 23.07 299.81  12.06  0.21 10.31 330.60   7.63
20070118 210000  4.3 251.6  1.68 14.22 230.12  29.62  5  1.40 12.83 223.00  10.20  0.74  7.74 221.28  21.39  0.47 14.42 313.92   9.34  0.26 22.61 299.10  12.11  0.21 10.27 330.50   7.65
20070119 000000  3.2 263.9  1.69 13.40 229.98  29.69  5  1.40 12.94 222.80  10.25  0.73  7.73 220.06  20.03  0.46 14.37 313.41   9.34  0.29 21.97 299.61  11.76  0.21 10.32 329.86   7.51
20070119 030000  0.7 265.0  1.69 13.34 230.21  29.97  5  1.40 13.16 222.73  10.23  0.72  7.73 218.92  18.35  0.47 14.34 313.43   9.82  0.34 21.83 300.32  11.55  0.18 10.11 331.27   6.03
20070119 060000  2.3 322.7  1.67 13.24 230.41  30.01  4  1.56 13.01 221.88  12.07  0.46 14.31 312.81   9.99  0.36 21.75 299.90  11.84  0.18 10.06 331.23   6.04
20070119 090000  1.1   5.8  1.65 12.82 230.61  29.95  4  1.53 12.66 221.88  11.79  0.45 14.26 312.33  10.13  0.37 21.62 298.59  12.48  0.17  9.97 331.19   6.05
20070119 120000  1.6  33.5  1.62 12.58 230.83  29.85  4  1.50 12.50 221.93  11.63  0.43 14.17 312.15  10.21  0.39 21.28 297.30  12.76  0.17  9.85 331.14   6.07
20070119 150000  3.1 263.3  1.59 12.43 231.33  30.09  4  1.47 12.37 222.01  11.57  0.42 20.63 297.15  12.77  0.41 13.88 312.29  10.23  0.16  9.75 331.06   6.11
20070119 180000  5.2 247.0  1.58 12.13 232.80  30.93  4  1.45 12.07 222.85  13.21  0.46 20.45 298.37  12.47  0.39 13.63 312.80  10.08  0.15  9.60 331.59   6.16
20070119 210000  4.9 222.7  1.54 11.93 233.73  31.78  4  1.41 11.88 222.87  13.48  0.48 20.38 299.22  12.39  0.38 13.51 313.14  10.29  0.14  9.52 331.03   6.43
20070120 000000  4.3 203.6  1.50 20.30 234.45  32.42  4  1.36 11.77 222.72  13.44  0.50 20.30 298.85  12.87  0.37 13.46 312.75  10.22  0.14  9.50 330.99   6.43
20070120 030000  3.8 168.9  1.45 20.13 235.42  32.99  5  1.27 11.66 221.67  13.37  0.51 20.13 297.48  13.45  0.36 13.43 312.20  10.30  0.32 15.56 239.60   8.59  0.13  9.44 331.59   5.58
20070120 060000  5.1 177.6  1.42 19.57 236.53  33.91  5  1.22 11.38 221.58  14.55  0.52 19.57 296.05  13.71  0.36 13.42 311.68  10.46  0.29 15.59 241.41  10.04  0.13  9.33 331.52   5.63
20070120 090000  5.4 179.1  1.39 19.21 237.73  35.28  6  0.32  2.64 191.51  31.52  1.11 11.16 222.14  12.04  0.55 19.22 295.94  13.67  0.40 14.65 241.75   9.55  0.35 13.41 311.30  10.62  0.12  9.15 331.44   5.70
20070120 120000  3.6 175.0  1.36 19.11 240.54  36.40  5  1.09 11.06 220.23  17.10  0.57 19.11 297.20  13.52  0.43 14.43 243.60   9.42  0.34 13.39 311.02  10.80  0.11  9.06 331.31   5.75
20070120 150000  4.5 217.6  1.31 19.05 244.51  36.73  5  1.00 10.99 220.78  16.09  0.60 19.06 298.67  13.47  0.50 13.69 243.49   9.82  0.33 13.35 311.01  10.73  0.11  9.01 331.22   5.83
20070120 180000  6.4 235.4  1.31 19.00 246.99  36.36  6  0.41  2.90 225.23  29.67  0.88 10.82 221.91  12.61  0.61 19.00 299.07  13.56  0.54 13.45 244.36   9.66  0.32 13.23 311.03  10.77  0.10  8.97 331.07   5.89
20070120 210000  5.9 226.0  1.32 18.88 247.97  36.38  6  0.54  3.56 225.21  29.31  0.80 11.55 222.56  13.34  0.63 18.89 298.25  13.88  0.56 12.95 244.20  10.79  0.31 12.95 311.05  10.80  0.10  8.93 330.89   5.95
20070121 000000  4.1 215.4  1.30 18.60 249.61  36.87  4  1.08 12.61 229.01  21.43  0.65 18.61 296.91  14.12  0.30 12.78 311.27  10.71  0.09  8.80 331.85   5.29
20070121 030000  2.7 203.1  1.26 18.09 252.17  36.76  3  1.03 12.44 230.13  21.68  0.66 18.10 296.14  14.15  0.30 12.72 312.82  11.72
20070121 060000  3.6 212.7  1.24 17.93 254.35  36.29  4  0.46  4.32 215.68  28.54  0.89 12.01 235.53  16.72  0.67 17.93 296.37  14.10  0.30 12.70 312.69  11.59
20070121 090000  3.7 197.1  1.25 17.86 255.54  35.78  5  0.92 11.82 233.36  21.94  0.68 17.86 297.58  13.98  0.41 14.65 230.98   9.01  0.28 12.71 310.42  11.88  0.07  8.42 332.10   5.30
20070121 120000  3.8 188.4  1.30 17.79 255.12  34.96  6  0.87 11.62 235.26  22.16  0.69 17.82 298.86  13.58  0.53 14.16 233.19   8.99  0.30 17.70 225.77   9.35  0.28 12.73 310.45  11.24  0.07  8.43 331.48   5.60
20070121 150000  3.8 219.3  1.41 17.67 252.28  33.33  6  0.87 11.28 237.65  20.67  0.71 17.76 298.88  13.80  0.69 13.78 232.00   8.78  0.42 17.00 224.36   8.64  0.27 12.74 310.71  10.67  0.07  8.41 331.37   5.62
20070121 180000  5.4 233.5  1.59 17.47 247.57  31.18  6  0.37  4.37 219.97  26.46  0.80 11.04 242.71  15.99  0.78 13.72 232.03   8.74  0.74 15.88 226.43   8.63  0.73 17.68 298.43  13.70  0.28 12.75 311.06  12.50
20070121 210000  6.0 220.5  1.81 15.99 243.26  29.09  3  1.63 15.28 232.06  14.87  0.74 17.54 297.50  13.87  0.28 12.72 310.99  12.50
20070122 000000  5.3 204.5  1.97 14.59 240.55  27.37  4  1.58 14.61 229.94  10.42  0.89 10.17 236.05  21.79  0.74 17.21 296.96  13.90  0.27 12.66 311.72  11.49
20070122 030000  5.4 181.3  2.08 14.29 238.85  26.27  3  1.93 14.31 230.89  14.12  0.72 16.89 296.82  13.91  0.27 12.64 311.82  11.27
20070122 060000  5.4 187.9  2.13 13.90 237.86  25.88  3  1.99 13.94 230.56  14.41  0.71 16.77 297.25  13.82  0.26 12.60 312.59  10.56
20070122 090000  3.3 181.0  2.13 13.58 238.16  25.63  3  1.99 13.60 230.87  13.82  0.71 16.71 297.93  13.65  0.25 12.58 312.83  10.45
20070122 120000  1.2 160.5  2.09 13.45 238.89  25.83  3  1.95 13.47 231.20  13.38  0.72 16.66 298.42  13.44  0.24 12.58 313.09   9.89
20070122 150000  1.7 215.1  2.04 13.36 239.72  26.33  3  1.88 13.38 231.34  13.05  0.73 16.62 298.47  13.33  0.24 12.58 312.95  10.69
20070122 180000  4.4 285.7  1.98 13.23 241.08  27.28  3  1.82 13.26 232.04  14.45  0.74 16.55 297.97  13.69  0.24 12.56 313.22  10.66
20070122 210000  3.8 267.9  1.93 12.98 241.83  27.70  3  1.76 13.03 232.44  15.06  0.74 16.47 297.56  13.97  0.23 12.52 313.57  10.49
20070123 000000  1.2 251.6  1.89 12.77 242.26  27.74  3  1.73 12.79 233.02  15.68  0.72 16.33 297.42  14.05  0.24 12.44 313.55  10.80
20070123 030000  0.4 196.6  1.88 12.62 242.91  27.62  4  1.73 12.63 234.26  16.89  0.51 15.73 286.06   8.72  0.48 16.52 309.85   7.25  0.24 12.33 313.68  10.69
20070123 060000  3.2 198.0  1.88 12.47 243.98  27.74  3  1.74 12.49 235.85  18.44  0.68 15.83 297.36  14.34  0.23 12.14 313.88  10.33
20070123 090000  5.3 185.6  1.88 12.33 244.03  28.78  3  1.74 12.34 236.05  20.55  0.67 15.73 297.55  14.21  0.23 12.02 314.48  10.48
20070123 120000  5.3 183.7  1.91 12.09 242.44  29.70  5  1.74 12.10 235.35  22.27  0.66 15.65 297.48  13.98  0.38 15.96 221.65   7.69  0.22 11.96 315.56  10.77  0.06 20.49 309.60   7.72
20070123 150000  7.4 204.1  2.01 11.87 239.92  29.08  6  0.50  3.06 201.79  32.91  1.78 11.86 235.75  19.02  0.65 15.60 297.35  13.79  0.41 15.93 221.72   7.48  0.22 11.93 316.70  10.87  0.07 20.40 309.84   7.69
20070123 180000  9.9 217.5  2.19 11.74 238.00  27.92  5  2.03 11.72 232.84  21.56  0.64 15.56 297.34  13.70  0.45 15.95 222.88   8.00  0.22 11.94 317.83  10.98  0.08 20.36 310.19   7.86
20070123 210000 10.6 211.2  2.35 11.67 235.33  28.43  6  2.17 11.65 231.21  23.40  0.63 15.51 297.03  14.16  0.52 14.78 220.90   9.53  0.30 16.88 226.21   6.67  0.22 12.04 319.33  10.55  0.08 20.36 310.51   8.10
20070124 000000  7.9 201.2  2.36 11.60 233.54  28.83  4  2.18 11.58 229.60  24.09  0.63 14.72 222.19   8.91  0.61 15.47 297.90  13.92  0.22 12.23 320.32  10.47
20070124 030000  7.4 187.7  2.27 11.52 233.33  29.00  5  2.06 11.49 229.21  24.17  0.69 14.73 223.19   9.06  0.59 15.41 297.37  14.44  0.22 12.27 320.75  11.21  0.13 19.20 309.43   7.90
20070124 060000  7.9 188.6  2.20 11.41 232.89  28.93  5  1.97 11.34 228.93  24.02  0.76 14.60 222.62   9.94  0.56 15.32 297.96  14.32  0.22 12.04 321.24  11.27  0.15 19.09 309.29   7.65
20070124 090000  7.2 193.1  2.17 11.29 232.43  28.60  6  1.96 11.23 228.18  23.37  0.59 15.21 221.95   8.68  0.54 15.20 297.79  14.26  0.37 13.65 228.03   5.07  0.22 11.90 322.49  10.23  0.16 19.03 309.68   8.02
20070124 120000  5.6 195.3  2.11 11.20 233.10  27.86  5  1.83 11.16 229.24  22.77  0.86 13.74 223.96   9.52  0.54 15.05 297.47  14.72  0.22 11.81 323.14  10.36  0.16 19.01 310.29   7.85
20070124 150000  5.3 211.7  2.05 11.12 233.87  27.25  5  1.77 11.08 229.98  21.46  0.84 13.79 223.71   8.91  0.55 14.83 296.82  15.85  0.21 11.75 323.48  10.26  0.13 19.02 312.26   6.89
20070124 180000  8.6 218.1  2.04 14.42 233.74  27.12  6  1.72 10.89 230.57  21.14  0.74 14.06 224.38   9.07  0.53 12.58 217.04   7.01  0.52 14.75 296.47  15.79  0.22 11.66 323.73  10.16  0.20 18.03 309.09   8.10
20070124 210000  9.7 211.7  2.14 14.39 231.39  27.97  6  1.86 10.81 227.66  22.82  0.72 14.13 224.85   9.15  0.52 12.60 217.68   6.73  0.51 14.69 296.79  15.57  0.23 17.85 309.01   7.86  0.22 11.45 324.10  10.22
20070125 000000  6.8 204.4  2.11 14.34 230.76  29.08  7  1.32  5.66 223.73  31.26  1.25 10.62 228.46  12.08  0.84 12.98 223.28   8.87  0.51 14.64 295.94  16.51  0.24 17.81 309.21   8.07  0.22 16.71 238.22   5.43  0.22 11.24 324.48  10.19
20070125 030000  6.2 195.7  1.99 14.26 231.10  29.41  6  1.14  5.92 220.89  31.61  1.12 10.23 230.62  15.06  1.02 12.79 225.15   9.28  0.49 14.59 297.30  15.44  0.23 17.78 309.61   8.02  0.21 11.14 324.79  10.10
20070125 060000  4.5 194.7  1.87 14.16 231.91  29.40  7  1.12 10.21 231.63  15.11  1.00 13.24 225.02  10.85  0.97  5.86 219.42  31.75  0.48 14.56 299.95  13.05  0.21 11.05 325.19   9.95  0.20 17.78 312.04   6.45  0.06 21.78 304.34   9.68
20070125 090000  3.7 190.9  1.76 14.22 233.30  29.24  6  1.34 10.10 227.50  23.43  0.99 13.33 225.94  10.27  0.46 14.49 298.76  14.46  0.25 17.42 310.42   7.14  0.21 10.96 325.46   9.78  0.07 21.76 304.76   9.56
20070125 120000  4.4 208.8  1.68 14.24 234.75  29.18  5  1.58 13.72 227.80  18.65  0.43 14.45 299.97  14.29  0.28 16.74 308.41   8.71  0.21 10.83 325.70   9.70  0.07 21.70 304.88   9.34
20070125 150000  6.2 212.7  1.63 14.12 235.59  29.35  5  1.53 13.63 228.20  18.10  0.42 14.40 299.74  14.33  0.30 16.65 309.36   8.24  0.20 10.67 325.91   9.64  0.08 21.04 304.33  10.06
20070125 180000  8.4 220.6  1.70 13.70 234.93  29.47  6  1.22  9.51 227.98  23.59  1.03 13.44 228.11  10.78  0.41 14.35 299.24  14.53  0.32 16.60 309.80   7.94  0.20 10.56 326.34   9.65  0.11 20.44 303.51   9.95
20070125 210000  7.4 220.3  1.72 13.45 235.39  29.59  7  0.90  4.63 223.88  30.48  1.03 13.26 229.99  11.09  0.87  9.54 231.45  14.56  0.40 14.33 299.11  14.27  0.31 16.58 310.15   8.05  0.19 10.48 326.22   9.82  0.13 20.37 303.92   9.89
20070126 000000  7.6 199.4  1.71 13.16 235.09  29.68  6  0.87  4.80 219.62  31.44  1.37 12.92 231.99  12.86  0.43 14.41 302.47  12.80  0.24 16.61 310.75   5.24  0.19 10.39 326.43   9.60  0.13 20.35 304.23   9.89
20070126 030000  7.7 195.4  1.76 12.81 233.42  29.87  5  0.92  4.75 212.83  31.55  1.41 12.70 233.18  12.55  0.48 14.66 304.58  11.87  0.18 10.27 326.68   9.34  0.13 20.32 304.46   9.79
20070126 060000  6.2 184.1  1.79 12.65 234.25  29.17  5  0.90  4.91 212.73  32.01  1.46 12.57 234.17  12.32  0.47 15.37 304.82  11.74  0.17 10.17 326.78   9.30  0.14 20.08 304.38  10.10
20070126 090000  6.2 185.5  1.78 12.49 236.25  28.12  5  0.78  4.97 211.54  32.37  1.52 12.42 235.22  12.29  0.47 15.41 305.42  11.51  0.17 19.21 304.06  10.15  0.17 10.09 326.98   9.27
20070126 120000  5.3 183.7  1.77 12.20 238.03  27.30  4  1.69 12.15 232.54  19.09  0.47 15.42 305.84  11.46  0.20 19.07 304.00  10.16  0.16 10.05 327.01   9.27
20070126 150000  6.7 210.5  1.77 12.02 239.14  26.34  5  1.69 11.99 233.82  17.91  0.41 15.43 306.22  10.60  0.21 13.48 310.79   8.06  0.21 19.04 304.19  10.22  0.15  9.99 326.99   9.26
20070126 180000  9.8 220.4  1.89 11.94 237.48  26.06  6  0.93  4.15 220.84  28.57  1.56 11.90 236.64  11.45  0.34 15.48 309.56   8.25  0.32 13.64 301.88  13.76  0.20 19.03 304.30  10.30  0.14  9.88 326.93   9.28
20070126 210000 10.3 206.6  2.04 11.85 234.24  27.41  5  1.26  4.93 219.89  29.06  1.52 11.83 236.86  11.33  0.44 15.29 306.71  10.88  0.19 18.95 304.67  10.16  0.14  9.78 326.88   9.28
20070127 000000  9.6 201.2  2.12 11.75 231.17  28.75  5  1.45  5.55 217.18  29.13  1.46 11.73 237.02  10.95  0.43 14.65 305.83  11.76  0.21 18.52 304.49  10.21  0.13  9.69 327.10   8.94
20070127 030000  9.2 195.6  2.11 11.64 229.65  29.84  5  1.50  5.97 215.50  29.51  1.40 11.63 236.97  11.07  0.41 14.40 306.54  11.06  0.25 17.93 304.22  10.33  0.12  9.63 327.28   8.95
20070127 060000  9.3 195.8  2.10 11.41 228.72  30.28  6  1.53  6.32 214.41  28.86  1.35 11.40 237.31  11.20  0.41 14.39 306.74  11.19  0.27 17.84 304.55  10.31  0.11  9.57 327.25   8.93  0.09 18.78 222.42   8.42
20070127 090000  7.7 192.9  2.04 11.13 229.23  30.14  5  1.98 11.12 225.48  25.09  0.40 14.39 307.38  10.95  0.26 17.81 304.71  10.33  0.11 18.21 223.60   8.51  0.10  9.49 327.48   8.50
20070127 120000  6.5 192.5  1.94 11.00 230.92  29.23  5  1.88 11.00 227.15  23.95  0.39 14.40 308.29  10.09  0.24 17.80 304.95  10.44  0.14 18.02 224.21   8.11  0.10  9.38 327.46   8.53
20070127 150000  7.7 213.9  1.87 10.90 231.94  28.13  5  1.80 10.90 228.18  22.58  0.39 14.38 307.95  10.63  0.23 17.73 305.34  10.39  0.19 17.61 223.97   8.60  0.09  9.27 327.42   8.56
20070127 180000 10.3 217.8  2.02 10.78 230.00  27.19  5  1.95 10.78 226.84  22.28  0.37 14.33 307.93  10.57  0.25 17.35 304.87  10.36  0.24 16.99 224.79   8.24  0.09  9.23 327.37   8.60
20070127 210000 10.3 212.3  2.24 10.61 227.51  27.56  5  2.17 10.62 224.84  23.56  0.35 14.18 307.85  10.55  0.29 16.78 304.63  10.26  0.28 16.83 225.02   8.34  0.08  9.27 327.23   8.66
20070128 000000  9.3 197.6  2.30  7.13 225.46  28.46  7  1.98  7.13 220.65  26.63  0.73 10.89 219.10   9.27  0.72 10.33 241.74   8.24  0.37 16.31 225.58   8.30  0.33 13.69 307.92  10.53  0.31 16.69 304.85  10.30  0.08  9.39 327.08   8.72
20070128 030000  8.8 196.1  2.26 10.41 224.07  28.70  7  1.92  7.30 218.97  26.99  0.83 10.91 221.93  10.99  0.59 10.17 243.14   8.59  0.43 15.79 225.39   8.25  0.32 13.54 308.26  10.42  0.31 16.67 305.06  10.25  0.07  9.45 326.94   8.78
20070128 060000  9.1 193.2  2.19 10.31 223.26  28.53  7  1.83  7.29 218.39  27.09  0.85 10.38 220.42  11.02  0.54 15.63 226.13   8.36  0.49 10.31 244.70   8.31  0.31 13.50 308.62  10.27  0.30 16.66 305.56  10.17  0.07  9.46 326.81   8.81
20070128 090000  7.9 190.1  2.10 10.21 223.31  28.44  6  1.64  7.15 216.89  28.03  1.05 10.22 227.08  14.61  0.64 15.12 226.41   8.53  0.30 13.49 309.11   9.83  0.28 16.65 306.30  10.23  0.06  9.42 327.85   7.69
20070128 120000  6.2 194.2  2.00 10.09 224.66  27.84  5  1.52  7.06 218.63  27.61  1.00 10.09 226.05  14.58  0.71 14.71 227.05   8.73  0.31 13.47 309.21  11.38  0.28 16.55 306.05  10.30
20070128 150000  8.1 206.2  1.94 15.10 226.01  27.35  5  1.45  7.07 220.22  26.54  0.93  9.86 226.08  15.00  0.78 14.70 227.08   8.55  0.31 15.89 305.29  10.52  0.29 13.45 309.85  10.31
20070128 180000  9.7 216.8  2.00 15.14 226.41  26.96  4  1.77  9.69 222.28  23.41  0.82 14.47 227.71   8.87  0.34 15.66 304.92  10.43  0.28 13.40 309.69  10.66
20070128 210000  9.8 214.5  2.10 13.88 226.30  27.27  4  1.86  9.60 222.13  24.15  0.86 14.14 228.59   9.30  0.36 15.61 305.02  10.26  0.27 13.29 309.92  10.63
20070129 000000  7.4 201.3  2.04 13.87 226.07  28.26  5  1.62  6.57 220.24  27.07  0.87 14.06 228.52   9.27  0.76  9.53 226.62  14.15  0.37 15.61 305.20  10.08  0.26 12.92 310.44  10.67
20070129 030000  8.0 196.4  1.93 13.72 225.64  28.82  5  1.48  6.59 217.94  27.85  0.87 13.85 228.14   8.60  0.78  9.40 228.93  14.76  0.36 15.63 305.85   9.98  0.25 12.72 310.33  11.51
20070129 060000  7.9 189.4  1.86 13.48 225.04  29.02  5  1.40  6.57 216.60  28.07  0.91 13.55 229.26   9.27  0.69  9.17 227.19  14.42  0.35 15.67 306.29  10.15  0.24 12.65 311.07  10.56
20070129 090000  7.8 189.3  1.81 13.34 224.90  28.86  5  1.35  6.61 215.75  27.83  0.91 13.39 229.27   9.18  0.68  9.03 228.09  14.49  0.35 15.73 306.33  10.13  0.23 12.61 311.24  10.43
20070129 120000  7.3 192.9  1.81 13.21 225.09  28.50  5  1.34  6.69 215.71  27.28  0.96 13.27 228.38   9.03  0.63  8.94 230.12  15.04  0.35 15.68 305.79  10.25  0.23 12.58 311.24  10.36
20070129 150000  8.1 208.4  1.84 12.85 226.32  27.47  5  1.29  6.73 216.48  26.64  1.09 12.93 228.40   9.63  0.60  8.81 230.14  13.50  0.38 14.75 305.09  10.35  0.23 12.55 311.51   9.96
20070129 180000  9.8 221.3  2.01 12.62 227.02  25.91  5  1.42  6.42 219.15  25.31  1.35 12.63 228.60  10.48  0.35 14.68 303.14  10.25  0.22 12.51 311.65   9.75  0.19 16.65 311.02   7.04
20070129 210000  9.8 210.0  2.16 12.45 226.78  25.61  4  1.54  6.06 219.63  25.96  1.45 12.45 228.45  10.53  0.40 14.71 304.97  10.01  0.22 12.43 311.93   9.77
20070130 000000  9.5 196.7  2.28 12.37 225.17  26.06  4  1.63  6.27 217.04  27.00  1.53 12.37 228.53  10.79  0.40 14.76 305.32  10.03  0.21 12.29 311.93   9.85
20070130 030000  9.8 190.9  2.38 12.29 223.18  26.42  5  1.71  6.62 213.77  27.58  1.59 12.30 228.59  11.05  0.39 14.85 305.58  10.10  0.20 12.03 312.18   9.84  0.12 16.59 235.00   0.00
20070130 060000  8.7 189.6  2.42 11.84 222.61  25.99  4  1.70  7.03 212.13  27.52  1.68 11.83 228.72  11.51  0.37 14.99 305.76  10.15  0.18 11.88 312.77   9.32
20070130 090000  6.1 188.3  2.37 11.74 224.09  24.70  5  1.56  7.18 213.54  27.02  1.51 11.60 230.04  11.65  0.86 13.69 224.20  10.31  0.37 15.15 305.34  10.70  0.17 11.76 313.36   9.39
20070130 120000  7.0 187.4  2.30 11.83 225.58  23.37  4  2.05 11.61 223.54  21.13  0.96 13.76 224.53  10.43  0.37 15.19 305.37  10.77  0.16 11.68 313.44   9.22
20070130 150000  7.6 216.7  2.30 13.47 226.47  22.24  4  2.26 13.21 224.63  18.32  0.37 15.16 305.67  10.33  0.16 11.65 313.29   9.23  0.05 23.23 298.95   9.42
20070130 180000  9.9 219.0  2.44 13.34 226.72  21.65  4  2.41 13.08 225.05  18.03  0.37 15.02 305.46  10.56  0.15 11.61 313.32   9.25  0.06 22.84 298.67   9.24
20070130 210000  9.4 208.8  2.61 13.22 226.14  22.19  4  1.82  7.34 223.00  24.55  1.83 13.00 226.14  11.23  0.40 14.52 306.54  10.78  0.08 21.93 298.56   9.66
20070131 000000  8.5 197.0  2.74 13.14 225.17  22.79  4  1.98  7.45 221.97  25.40  1.85 12.89 225.71  10.68  0.40 14.41 306.60  10.70  0.09 21.81 298.28   9.90
20070131 030000  8.1 199.5  2.76 13.01 224.90  22.53  4  1.96  7.70 221.35  25.40  1.90 12.81 225.80  10.69  0.39 14.35 306.34  11.15  0.10 21.77 298.06  10.14
20070131 060000  8.2 197.7  2.74 13.05 224.70  22.06  4  1.87  7.89 220.83  25.62  1.97 12.86 225.63  10.85  0.38 14.32 306.72  10.93  0.11 21.68 298.07  10.03
20070131 090000  7.1 192.7  2.69 13.23 224.86  21.54  4  1.75  8.01 220.71  25.63  2.01 13.04 225.69  10.93  0.36 14.30 307.11  10.91  0.13 21.15 298.44   9.95
20070131 120000  6.0 189.1  2.61 13.27 225.63  20.74  7  2.10 13.17 226.06  11.53  1.50  7.71 220.71  25.68  0.32 14.27 305.68  10.66  0.16 20.44 298.42   9.95  0.11 10.89 316.02   7.82  0.10 16.63 315.60   7.49  0.10 19.41 217.55   6.19
20070131 150000  7.3 220.6  2.55 13.21 226.27  20.22  4  2.52 13.13 224.86  16.87  0.34 14.22 306.85  10.81  0.17 20.36 297.94  10.45  0.10 10.85 316.20   7.81
20070131 180000  8.8 219.9  2.54 13.10 226.60  20.32  3  2.51 12.99 225.13  16.88  0.36 14.04 307.65  10.91  0.18 20.33 297.75  10.59
20070131 210000  8.2 209.8  2.52 12.93 226.42  20.91  4  2.48 12.85 224.93  17.55  0.35 13.79 307.73  10.92  0.19 20.24 297.70  10.22  0.19 17.99 219.67   6.72
20070201 000000  8.2 203.4  2.49 12.78 226.00  21.53  4  2.45 12.71 224.51  18.18  0.34 13.66 307.38  11.31  0.25 17.65 215.85   8.01  0.22 19.69 298.18  10.14
