Date     Time   Uabs UDir  hs    tp    th     sp     np hs(i) tp(i) th(i)  sp(i)
20080701 000000  9.5 195.1  2.22 12.41 225.41  23.98  3  1.06  4.53 204.62  32.09  1.93 12.41 230.21  17.34  0.28 11.06 255.00   0.02
20080701 030000  7.6 182.6  2.26 12.26 226.85  24.47  2  2.07 12.43 221.06  22.41  0.90 11.01 257.11   8.05
20080701 060000  7.2 170.6  2.18 11.94 229.20  24.58  3  1.59 12.31 222.01  11.24  1.47 11.11 239.33  32.27  0.28 17.05 223.94   6.32
20080701 090000  5.6 181.3  2.08 11.72 231.47  24.52  2  1.51 12.11 221.24  10.92  1.42 10.92 244.64  29.68
20080701 120000  3.7 168.0  1.98 11.59 233.30  24.52  3  1.40 10.90 248.51  26.71  1.35 11.97 219.15   9.92  0.37 15.79 224.69   7.61
20080701 150000  2.0 176.4  1.90 11.51 235.10  24.20  3  1.35 10.78 252.28  23.16  1.26 11.79 218.16   9.68  0.43 15.57 222.97   8.82
20080701 180000  6.9 206.7  1.86 11.30 235.59  24.55  3  1.34 10.66 253.48  22.25  1.18 11.66 216.73   9.46  0.52 15.14 222.36   7.55
20080701 210000  8.8 198.8  1.93 11.03 232.93  26.85  4  0.86  4.06 212.83  30.14  1.18 10.50 261.06  10.66  1.13 11.53 216.10   9.57  0.55 14.44 221.20   7.96
20080702 000000  7.3 187.7  1.89 10.88 232.61  28.20  4  0.89  4.38 212.29  32.35  1.13 10.35 262.59  10.22  1.11 11.20 215.77   9.66  0.52 14.48 222.71   7.97
20080702 030000  6.6 170.1  1.79 10.81 233.15  29.08  4  0.78  4.43 206.10  33.00  1.11 10.22 263.08  10.35  0.99 11.04 215.10   9.82  0.61 14.30 220.89   8.02
20080702 060000  5.6 162.3  1.68 10.76 233.80  29.54  4  0.66  4.48 203.62  35.72  1.06 10.10 263.65  10.54  0.97 10.96 214.92   9.53  0.56 13.93 220.45   8.43
20080702 090000  4.9 157.0  1.58 10.57 234.44  29.24  3  1.06 10.83 211.38  21.47  1.00 10.04 264.57  10.34  0.62 13.50 220.82   8.37
20080702 120000  4.7 166.8  1.51 10.31 234.38  29.01  6  0.50  4.38 201.52  36.05  0.95 10.02 265.29  10.32  0.85 10.57 213.71   9.51  0.62 13.43 220.35   7.90  0.14 17.81 236.34   8.97  0.06 20.36 221.21   6.02
20080702 150000  3.2 154.4  1.44 10.21 234.56  28.26  4  0.89  9.98 265.74  10.55  0.82 10.31 213.08   8.98  0.62 13.35 221.45   8.99  0.45  4.77 207.97  34.47
20080702 180000  7.7 201.0  1.42 10.15 232.84  28.15  4  0.96 10.23 211.99  17.81  0.84  9.80 266.29  10.59  0.56 13.02 219.87   8.23  0.24 16.64 232.22   9.78
20080702 210000  9.3 191.8  1.58 10.07 225.99  30.18  5  1.23 10.10 210.81  24.40  0.78  9.65 267.00  10.32  0.58 12.70 219.16   8.51  0.23 16.59 235.79   8.73  0.06 19.11 224.11   3.10
20080703 000000  7.6 181.0  1.55  9.76 225.05  31.44  6  1.02  4.73 210.36  32.55  0.72  9.53 267.53  10.09  0.66  9.94 212.06   8.43  0.58 12.62 218.17   9.47  0.26 16.28 235.72   8.61  0.07 19.06 222.17   5.55
20080703 030000  9.0 172.9  1.53  9.63 221.79  33.42  7  1.02  4.72 203.34  33.55  0.70  9.51 267.86  10.38  0.63  9.67 211.86   8.53  0.51 12.52 219.46   9.02  0.32 15.65 232.90   9.97  0.23 14.47 203.11   6.75  0.05 23.38 223.48   7.71
20080703 060000  7.8 164.2  1.51  9.60 219.82  34.91  7  1.04  4.97 200.65  34.88  0.67  9.48 268.54   9.96  0.57  9.64 212.01   8.55  0.50 12.43 217.00   9.85  0.35 15.50 233.33   9.86  0.22 14.52 200.68   5.56  0.06 22.95 223.91   7.52
20080703 090000  6.4 165.8  1.43 15.21 221.27  34.82  8  0.94  5.10 200.36  34.61  0.66  9.41 269.29   9.61  0.52  9.52 211.32   8.95  0.42 12.05 221.48   7.23  0.38 13.53 202.66   6.29  0.36 15.35 233.40   9.76  0.08 17.92 222.39   6.15  0.07 22.29 224.32   7.66
20080703 120000  4.9 178.6  1.35 14.57 223.91  33.64  9  0.82  5.11 202.74  33.25  0.65  9.24 269.64   9.51  0.48  9.54 212.19   8.67  0.47 13.23 204.71   7.78  0.35 11.79 223.37   7.28  0.34 15.12 235.55   9.05  0.09 17.80 229.42   5.13  0.08 17.30 204.74   3.95  0.08 22.06 224.44   7.58
20080703 150000  4.6 192.5  1.27 14.39 226.44  32.13  8  0.72  5.08 206.28  31.44  0.64  9.07 269.74   9.76  0.57 13.09 208.39   9.79  0.43  9.40 211.46   9.34  0.36 14.70 235.14   9.29  0.18 11.81 227.51   4.34  0.11 17.11 203.28   3.88  0.08 21.90 224.85   7.28
20080703 180000  7.0 220.9  1.26 14.39 227.93  30.20  7  0.70  5.00 213.92  29.03  0.62  8.92 270.29   9.56  0.58 12.05 209.96  10.40  0.40  9.30 210.33   9.49  0.38 14.54 235.94   8.61  0.22 16.33 203.92   6.50  0.10 21.38 224.15   7.67
20080703 210000  6.1 215.6  1.29 14.42 227.87  29.36  7  0.76  4.62 218.95  28.81  0.60  8.75 270.24   9.61  0.56 11.98 208.27   9.78  0.41 14.44 234.22   9.88  0.39  9.36 210.47   9.90  0.30 16.01 207.01   8.85  0.10 20.80 224.58   7.35
20080704 000000  1.2 270.3  1.28 14.40 228.24  29.22  6  0.72  4.70 221.54  29.80  0.65 12.01 209.84  10.76  0.59  8.62 270.19   9.66  0.45 15.29 208.97   9.70  0.36 14.37 237.87   8.09  0.11 20.65 224.86   7.75
20080704 030000  0.7 313.0  1.27 14.23 228.58  28.68  6  0.85 14.56 210.60  11.47  0.64  4.69 224.34  30.55  0.50  8.34 271.89   9.75  0.32 13.83 240.19   6.45  0.31  9.72 262.65   8.22  0.11 20.50 224.37   8.32
20080704 060000  2.1 234.2  1.28 13.98 228.93  27.96  5  0.90 14.37 211.24  11.48  0.64  9.47 266.27  11.82  0.55  4.60 224.92  31.00  0.28 13.57 241.69   6.47  0.11 20.26 226.02   6.67
20080704 090000  1.0  85.5  1.29 13.75 229.26  27.38  5  0.94 14.08 210.92  10.79  0.70  9.46 264.37  12.73  0.45  4.48 224.60  30.69  0.28 13.55 241.60   6.36  0.12 19.33 224.78   7.23
20080704 120000  2.8   9.8  1.29 13.58 229.35  27.16  3  1.01 13.58 212.95  12.88  0.80  9.41 257.45  22.97  0.11 19.33 227.10   6.39
20080704 150000  2.9  16.7  1.28 13.45 229.67  29.15  4  1.01 13.45 212.53  12.34  0.72  9.24 265.69  16.80  0.29  4.19 232.76  45.16  0.10 19.18 228.78   5.15
20080704 180000  4.7 318.2  1.28 13.33 232.45  32.47  3  0.91 13.33 213.50  12.44  0.80  9.08 268.34  27.59  0.40 16.30 206.98   7.71
20080704 210000  4.4 331.5  1.42 13.11 241.64  34.69  4  1.00  9.10 271.13  27.32  0.80 13.12 216.72  14.70  0.59 15.17 209.00   9.06  0.13 16.40 264.38   7.13
20080705 000000  5.5  21.4  1.83 13.05 252.38  31.22  4  1.46  9.73 268.43  24.35  0.68 12.54 216.55  12.26  0.67 15.10 209.06   7.29  0.55 13.77 260.44   9.11
20080705 030000  3.7   1.5  2.32 13.04 258.58  26.55  3  2.13 12.95 266.58  19.55  0.69 14.66 209.75   7.85  0.59 12.50 213.38   8.51
20080705 060000  3.5   8.3  2.60 12.72 262.20  24.39  2  2.43 12.58 268.56  17.66  0.92 14.01 213.28   9.90
20080705 090000  4.1 337.5  2.70 12.49 264.63  23.48  2  2.55 12.40 270.14  16.84  0.88 14.24 212.67   9.04
20080705 120000  6.8  21.9  2.75 12.43 266.42  24.02  3  2.40 12.27 273.68  18.54  1.05 14.94 260.00  10.07  0.84 14.06 212.27   8.35
20080705 150000  3.9  13.0  2.76 14.14 266.87  23.93  2  2.64 14.22 271.42  18.58  0.81 13.72 212.20   7.99
20080705 180000  4.4 217.2  2.78 13.54 266.41  22.90  2  2.66 13.53 270.78  17.42  0.80 13.57 212.10   7.52
20080705 210000  4.0 211.4  2.77 13.30 265.56  22.97  2  2.64 13.27 270.36  17.07  0.84 13.49 212.76   8.27
20080706 000000  3.0 199.7  2.73 13.15 264.48  24.00  2  2.56 13.13 270.62  16.96  0.94 13.37 213.87   9.58
20080706 030000  4.3 138.9  2.64 12.93 262.63  25.79  2  2.43 12.81 270.78  17.26  1.03 13.47 213.31   9.58
20080706 060000  4.1 179.5  2.58 12.74 259.83  27.64  2  2.29 12.63 271.20  16.95  1.18 13.75 213.61  10.31
20080706 090000  2.7 157.5  2.53 12.60 256.47  29.24  3  2.17 12.45 271.36  16.80  1.02 13.22 215.93  10.59  0.82 15.18 209.51   8.17
20080706 120000  2.1 180.5  2.47 12.48 252.47  30.52  2  1.99 12.13 271.87  17.27  1.46 14.14 215.49  12.48
20080706 150000  3.5 133.1  2.43 12.16 247.65  31.26  2  1.78 11.72 272.86  18.57  1.65 13.70 218.48  14.78
20080706 180000  3.1 187.7  2.43 11.93 243.07  30.66  2  1.81 13.73 219.27  14.34  1.62 11.53 273.85  17.28
20080706 210000  5.4 188.3  2.44 11.80 238.15  29.93  2  1.98 14.12 220.90  15.31  1.43 11.30 274.08  21.25
20080707 000000  5.7 190.4  2.41 14.15 234.14  29.01  2  2.03 14.16 219.50  15.06  1.30 10.95 273.82  20.67
20080707 030000  6.6 177.2  2.38 13.96 230.52  28.17  2  2.10 13.98 218.58  16.22  1.11 10.70 277.29  13.74
20080707 060000  6.3 165.3  2.34 13.65 228.01  27.17  2  2.10 13.66 217.59  16.04  1.03 10.45 275.67  14.75
20080707 090000  5.0 156.7  2.28 13.51 226.89  25.61  2  2.09 13.51 218.70  15.97  0.90 10.26 277.02  14.09
20080707 120000  4.9 167.1  2.21 13.40 226.43  23.81  2  2.07 13.40 220.01  15.39  0.78 10.07 278.33  13.63
20080707 150000  4.6 167.0  2.15 13.28 225.85  22.67  2  2.03 13.28 220.47  15.27  0.70  9.96 278.13  13.63
20080707 180000  7.8 197.8  2.11 13.14 224.97  21.71  2  2.02 13.14 220.75  15.72  0.61 10.10 278.13  13.73
20080707 210000  8.7 200.2  2.14 12.85 224.07  21.88  3  0.87  4.07 213.03  30.76  1.88 12.86 222.39  12.75  0.53  9.99 278.54  12.57
20080708 000000  8.8 184.1  2.12 12.69 222.70  23.31  3  1.05  4.61 212.11  33.29  1.77 12.69 222.50  12.16  0.48  9.70 276.11  12.60
20080708 030000  7.7 175.3  2.03 12.58 221.64  24.72  3  1.09  4.91 209.14  34.62  1.67 12.59 223.12  12.54  0.41  9.54 278.22  12.27
20080708 060000  8.1 176.0  1.92 12.51 221.80  24.80  3  0.98  5.00 206.50  34.98  1.61 12.51 224.02  13.73  0.37  9.42 277.56  12.07
20080708 090000  6.2 165.4  1.89 12.53 222.28  23.44  3  0.86  4.91 205.48  36.31  1.64 12.53 223.82  12.75  0.35  9.21 278.88  12.44
20080708 120000  7.3 172.1  2.00 13.28 222.78  20.83  3  0.75  4.74 203.83  36.33  1.82 13.27 223.69  12.21  0.34  9.01 277.44  12.81
20080708 150000  9.1 180.6  2.28 13.50 221.12  21.25  2  0.94  4.25 196.81  33.08  2.08 13.50 225.26  14.31
20080708 180000  8.5 195.4  2.47 13.26 222.66  19.75  3  1.03  4.66 203.70  31.14  2.24 13.26 225.72  13.14  0.19  8.79 284.84  14.25
20080708 210000  8.0 194.9  2.55 12.93 224.79  18.80  2  1.00  4.83 208.59  30.68  2.34 12.93 227.34  14.16
20080709 000000  7.4 195.0  2.56 12.83 226.25  18.83  1  2.56 12.83 226.25  18.83
20080709 030000  5.5 171.8  2.53 12.81 227.87  18.75  1  2.53 12.81 227.87  18.75
20080709 060000  4.1 154.8  2.45 12.72 229.64  18.09  1  2.45 12.72 229.64  18.09
20080709 090000  2.9 110.8  2.35 12.59 231.00  17.54  2  2.05 12.80 236.61  16.11  1.15 12.04 213.35   7.64
20080709 120000  3.2 141.1  2.25 12.50 231.95  17.28  2  1.89 12.56 238.89  15.44  1.22 12.40 215.61   8.32
20080709 150000  0.9 102.6  2.15 12.42 232.53  17.26  2  1.81 12.46 239.69  14.85  1.16 12.30 215.22   8.47
20080709 180000  7.4 245.0  2.09 12.29 233.08  17.90  2  1.74 12.35 241.02  14.98  1.15 12.11 215.21   9.39
20080709 210000  3.5 218.0  2.02 12.01 232.67  18.96  2  1.67 11.90 241.35  16.01  1.14 12.09 214.40   9.95
20080710 000000  2.7 274.7  1.93 11.86 231.83  19.53  2  1.54 11.71 241.75  16.09  1.16 12.09 214.47  11.77
20080710 030000  2.5  30.7  1.83 11.80 230.71  19.94  4  1.39 11.59 242.57  15.97  1.18 13.25 214.06  10.83  0.14 16.84 250.45   6.84  0.07 11.92 312.96   9.28
20080710 060000  1.6 267.8  1.71 11.78 229.49  20.40  4  1.21 13.26 213.07   9.80  1.20 11.59 245.69  14.20  0.18 16.54 249.05   5.81  0.07 11.89 313.82   8.46
20080710 090000  0.9 287.6  1.59 11.78 228.48  21.05  4  1.14 13.02 211.91   9.16  1.09 11.19 246.24  14.64  0.20 16.06 250.42   6.56  0.07 11.86 313.22   8.61
20080710 120000  1.5 283.2  1.49 11.94 228.59  21.88  4  1.11 12.83 212.04   9.40  0.95 11.16 249.37  14.14  0.30 15.44 250.08   6.64  0.07 11.83 312.88   8.61
20080710 150000  0.6 349.2  1.50 12.67 233.02  22.68  4  1.01 11.08 251.04  13.84  1.00 12.72 211.04   9.11  0.49 14.48 247.80   8.56  0.07 11.78 312.82   8.43
20080710 180000  2.5 256.1  1.71 12.62 242.02  22.13  3  1.47 12.60 252.93  12.86  0.88 12.64 210.12   8.31  0.07 11.64 314.15   7.36
20080710 210000  2.6 258.7  2.00 12.32 249.82  20.49  2  1.85 12.09 255.99  13.78  0.75 12.58 209.70   8.37
20080711 000000  2.8 128.5  2.27 11.91 254.47  18.86  2  2.17 11.75 258.26  13.97  0.66 12.49 209.78   8.58
20080711 030000  2.1 146.3  2.48 13.20 256.35  17.74  2  2.42 13.42 258.71  14.43  0.57 12.33 209.09   8.18
20080711 060000  0.9 335.9  2.62 13.14 256.90  17.17  2  2.57 13.26 258.65  14.67  0.52 12.05 209.18   8.43
20080711 090000  3.2   0.4  2.63 12.89 257.30  17.08  2  2.59 12.99 258.72  15.04  0.47 11.87 208.79   8.38
20080711 120000  4.3 348.0  2.55 12.80 257.93  18.25  2  2.52 12.85 259.12  16.66  0.41 11.73 207.67   7.80
20080711 150000  5.9 359.5  2.42 12.64 258.92  21.03  2  2.40 12.66 260.01  19.85  0.36 11.65 207.95   8.30
20080711 180000  4.3 343.8  2.31 12.47 259.75  22.54  2  2.29 12.49 260.64  21.62  0.31 11.41 206.15   6.83
20080711 210000  5.6 334.2  2.22 12.19 260.33  23.92  2  2.21 12.22 261.13  23.19  0.28 11.28 207.15   7.97
20080712 000000  8.0   5.9  2.22 11.94 263.43  29.95  2  2.21 11.96 263.98  29.57  0.22 11.08 204.59   5.92
20080712 030000  8.4   0.5  2.23 11.84 268.23  34.35  2  2.22 11.86 268.67  34.09  0.19 11.08 204.83   6.04
20080712 060000  9.1 344.5  2.41 11.82 279.13  38.31  2  2.41 11.83 279.44  38.11  0.16 11.05 205.33   6.27
20080712 090000 13.6 342.9  3.01 11.67 295.13  38.93  3  2.64  7.81 310.73  31.49  1.44 12.13 243.76  11.84  0.12 11.00 205.05   6.00
20080712 120000 16.8   2.5  3.91  9.94 311.40  40.53  3  2.59  7.90 349.83  25.67  2.70  9.79 290.27  19.33  1.16 12.31 237.16   8.20
20080712 150000 16.7 349.7  4.63 10.49 315.86  38.59  2  4.48 10.10 320.54  34.95  1.18 12.38 239.00   9.92
20080712 180000  8.0 312.6  4.36 11.07 305.11  37.16  3  4.17 10.88 310.94  33.28  1.27 11.90 238.45  10.26  0.10 19.23 235.02   8.54
20080712 210000  0.9 358.2  3.78 11.00 297.58  36.68  3  3.55 10.76 305.37  31.94  1.29 11.29 236.81   9.92  0.12 19.22 235.52   8.98
20080713 000000  4.5  83.8  3.23 10.81 292.57  36.90  3  2.97 10.51 302.63  31.28  1.25 11.11 236.03  10.11  0.16 18.83 235.30   8.99
20080713 030000  3.4 104.7  2.82 10.51 287.92  37.04  3  2.48 10.28 302.44  29.89  1.33 11.00 238.72  12.80  0.20 18.11 235.40   8.77
20080713 060000  4.3 117.6  2.52 10.31 283.08  37.16  3  2.10 10.15 303.15  27.39  1.38 10.88 238.86  13.74  0.23 18.22 235.65   8.75
20080713 090000  3.4  83.4  2.31 10.17 278.52  36.82  3  1.85  9.97 301.64  25.97  1.36 10.60 238.15  14.53  0.28 18.50 235.74   8.63
20080713 120000  3.8  75.8  2.17 10.02 273.89  36.95  3  1.69  9.74 299.74  26.09  1.33 10.57 236.54  14.45  0.34 17.17 235.70   8.53
20080713 150000  1.0  51.5  2.09  9.87 269.34  36.13  3  1.55  9.60 298.13  24.46  1.35 10.68 235.73  14.73  0.39 17.45 235.91   8.61
20080713 180000  3.0 263.9  2.02  9.84 265.89  35.13  3  1.45  9.55 296.39  22.80  1.34 11.05 234.62  14.09  0.43 17.61 236.64   8.36
20080713 210000  3.0 267.2  1.95  9.96 263.53  34.13  3  1.35  9.28 296.01  21.02  1.32 10.87 235.06  14.20  0.49 17.55 236.44   8.57
20080714 000000  1.0 142.8  1.87 10.29 261.80  33.24  3  1.27  9.45 294.62  20.42  1.25 10.75 234.97  14.21  0.56 17.01 236.67   8.57
20080714 030000  3.5 118.0  1.77 10.25 260.42  32.09  3  1.20  9.27 292.30  19.95  1.13 10.55 234.11  13.03  0.65 16.67 237.17   8.80
20080714 060000  1.3  85.3  1.71 10.22 259.31  30.46  4  1.11  9.22 291.72  18.96  1.06 10.41 235.98  14.27  0.72 16.56 237.87   9.05  0.25 12.31 256.29   7.07
20080714 090000  1.5 152.2  1.73 16.39 258.05  27.98  4  1.05  9.38 288.24  20.22  0.92 10.23 234.01  12.07  0.78 16.39 237.13   8.51  0.66 11.83 261.85  11.70
20080714 120000  2.3 164.7  1.81 10.44 257.09  25.32  4  1.39 10.68 270.40  21.45  0.84 15.85 237.05   8.52  0.72  9.98 229.49   9.95  0.33  9.57 290.86   7.84
20080714 150000  1.8 136.5  1.86 15.53 256.67  23.46  2  1.63 10.27 263.00  23.40  0.90 15.54 237.29   8.54
20080714 180000  4.1 222.0  1.89 15.40 256.27  22.33  2  1.63 10.07 263.09  21.91  0.95 15.41 237.30   8.57
20080714 210000  5.4 202.0  1.92 15.25 254.84  22.63  3  1.59 10.12 263.80  21.44  1.02 15.26 237.91   9.28  0.34  9.68 217.95   6.74
20080715 000000  4.8 186.4  1.93 14.83 254.07  22.78  3  1.56  9.84 264.55  21.20  1.05 14.87 238.01   9.31  0.45 10.26 221.41   8.49
20080715 030000  4.3 150.6  1.93 14.45 253.42  22.96  2  1.55  9.95 261.27  24.30  1.14 14.45 239.74  10.85
20080715 060000  5.0 200.0  1.93 14.32 252.94  22.04  3  1.90 14.32 253.95  21.38  0.32  9.99 215.80   7.20  0.06 16.59 311.44   9.59
20080715 090000  4.7 185.8  1.95 14.22 251.84  22.01  3  1.93 14.22 252.71  21.40  0.30 10.67 213.97   6.95  0.06 16.57 311.78   9.64
20080715 120000  1.8 153.2  1.99 14.11 252.09  20.69  2  1.98 14.11 252.05  20.63  0.06 16.50 311.25   9.73
20080715 150000  1.0   4.4  2.03 13.48 252.75  19.53  3  2.03 13.48 252.73  19.45  0.09 22.69 236.61   9.37  0.07 15.89 311.56   9.12
20080715 180000  3.0 349.8  2.08 13.41 253.50  18.93  2  2.07 13.41 253.60  18.94  0.17 21.83 239.43  10.52
20080715 210000  3.8   8.6  2.16 13.36 254.42  19.91  3  2.10 13.36 254.31  20.12  0.50 17.76 254.78  12.83  0.09 15.55 313.06   7.90
20080716 000000  4.7 358.2  2.31 13.31 255.06  19.91  3  2.17 13.31 255.01  20.53  0.79 18.24 254.72  13.03  0.09 15.53 313.25   7.93
20080716 030000  3.6  14.6  2.58 13.37 255.49  19.14  3  2.31 13.36 255.81  20.28  1.15 18.06 253.89  12.74  0.10 15.50 312.76   8.10
20080716 060000  5.3   1.2  2.92 17.48 255.85  18.69  2  2.38 13.53 257.46  20.84  1.68 17.51 252.75  12.83
20080716 090000  5.8   3.3  3.21 17.39 256.15  19.64  1  3.21 17.39 256.15  19.64
20080716 120000  7.5  19.4  3.36 16.81 256.54  21.87  1  3.36 16.81 256.54  21.87
20080716 150000  8.5  12.1  3.38 16.43 257.74  25.50  1  3.38 16.43 257.74  25.50
20080716 180000  9.3 352.9  3.40 16.21 260.35  29.49  1  3.40 16.21 260.35  29.49
20080716 210000 12.1 346.1  3.52 15.54 266.55  34.98  1  3.52 15.54 266.55  34.98
20080717 000000 12.7 353.2  3.64 15.35 271.61  38.61  2  1.60  5.73 343.69  26.22  3.27 15.35 258.70  23.55
20080717 030000  9.3 348.9  3.49 15.13 268.24  37.71  1  3.49 15.13 268.24  37.71
20080717 060000  7.1 334.9  3.39 14.57 263.32  35.13  2  3.38 14.58 263.19  35.09  0.17 13.65 313.29   7.16
20080717 090000  4.5 254.6  3.36 14.31 258.41  30.62  1  3.36 14.31 258.41  30.62
20080717 120000  2.3 187.8  3.24 14.05 256.07  27.68  2  3.24 14.08 255.93  27.58  0.16 13.57 313.74   7.34
20080717 150000  5.8 184.5  3.07 13.55 254.85  26.43  2  2.88 13.76 251.41  26.33  1.05 12.50 278.94   9.81
20080717 180000  8.3 190.8  2.91 13.37 252.55  26.97  2  2.20 13.57 239.09  14.86  1.90 12.51 272.76  28.63
20080717 210000 10.0 194.1  2.82 13.20 248.95  28.84  2  2.15 13.43 239.04  15.26  1.82 12.47 265.73  36.19
20080718 000000  8.7 185.9  2.74 12.84 245.54  30.50  2  2.34 13.26 231.92  23.92  1.42 12.00 282.23  13.33
20080718 030000 10.2 186.9  2.65 12.60 242.44  31.70  4  1.23  4.96 204.20  30.98  1.95 12.73 238.48  15.51  1.31 11.29 280.94  13.90  0.17 12.70 314.24   6.61
20080718 060000 10.1 173.2  2.61 12.43 238.45  33.14  4  1.40  5.51 204.65  32.96  1.88 12.54 238.27  15.50  1.14 11.08 282.83  11.62  0.16 12.69 314.21   6.84
20080718 090000  9.1 174.5  2.53 12.17 236.31  32.83  3  1.41  6.13 204.09  31.66  2.09 12.10 248.85  23.64  0.16 12.71 313.58   7.17
20080718 120000  7.5 180.9  2.42 11.83 235.83  31.35  4  1.32  6.44 205.83  30.75  1.95 11.93 244.07  21.46  0.53 10.93 285.46   7.80  0.17 12.68 310.00   9.40
20080718 150000  7.9 187.1  2.31 11.61 235.50  29.95  2  2.31 11.59 235.23  29.65  0.15 12.64 312.41   7.82
20080718 180000  8.0 188.0  2.24 11.37 234.39  28.99  3  1.21  6.67 209.60  29.01  1.88 11.34 243.47  22.73  0.15 12.57 311.25   8.72
20080718 210000  9.7 200.1  2.21 11.15 232.82  28.23  4  1.26  6.18 211.31  27.54  1.74 11.13 243.68  22.55  0.47 15.85 224.20   7.33  0.16 12.46 311.52   8.57
20080719 000000  8.7 185.3  2.18 11.00 230.95  28.59  5  1.36  5.80 213.32  29.55  1.59 10.97 243.67  22.10  0.61 15.13 222.75   7.85  0.16 12.27 311.39   8.41  0.06 22.97 219.74   6.98
20080719 030000  7.1 187.7  2.05 10.84 231.37  28.22  5  1.22  6.14 214.03  30.45  1.54 10.82 242.04  22.25  0.58 15.09 222.53   8.41  0.16 12.08 311.70   8.34  0.09 22.24 219.95   7.40
20080719 060000  6.2 163.2  1.92 10.60 231.76  27.51  5  1.04  5.97 213.08  31.29  1.43 10.58 242.45  22.08  0.72 14.83 222.73   7.81  0.16 11.94 310.43   9.36  0.14 21.68 219.64   7.52
20080719 090000  5.6 153.5  1.80 10.42 231.63  27.03  5  1.36 10.40 241.43  21.96  0.87  5.90 211.48  33.39  0.76 14.49 222.58   8.06  0.18 20.93 219.42   7.50  0.15 11.92 310.77   9.87
20080719 120000  5.5 151.3  1.72 10.27 231.14  26.13  4  1.47 10.26 234.26  28.61  0.84 14.33 222.06   7.84  0.25 20.47 219.03   7.33  0.14 11.87 311.52   9.50
20080719 150000  4.2 170.5  1.65 14.21 230.60  24.65  4  1.37 10.07 234.56  27.37  0.85 14.22 221.76   7.84  0.35 20.02 219.02   7.69  0.14 11.82 312.13   8.98
20080719 180000  2.6 204.4  1.61 13.92 229.87  22.94  3  1.54 13.94 230.36  22.67  0.44 19.35 218.71   7.52  0.14 11.76 311.22   9.91
20080719 210000  2.9 221.2  1.58 18.84 228.98  21.52  4  1.13  9.64 236.78  25.29  0.96 13.58 221.41   8.20  0.53 18.98 217.82   7.78  0.14 11.67 311.29   9.72
20080720 000000  3.9 330.8  1.56 18.61 227.98  20.57  4  1.06  9.50 236.87  24.48  0.93 13.45 220.89   8.29  0.65 18.61 218.29   7.53  0.14 11.54 311.19   9.63
20080720 030000  4.1 341.4  1.54 17.87 228.05  23.60  3  1.33 13.35 230.76  25.06  0.76 17.88 218.60   7.89  0.14 11.35 310.64  10.03
20080720 060000  4.4 345.4  1.52 17.46 228.17  26.26  2  1.51 17.46 227.66  25.44  0.14 11.25 310.85   9.94
20080720 090000  4.5 340.3  1.49 17.33 229.19  29.84  4  0.40  3.73 328.70  26.92  1.42 17.33 224.32  17.49  0.14 11.18 311.20   9.88  0.13 15.36 253.15   5.83
20080720 120000  6.5   0.8  1.50 16.30 233.70  38.25  4  1.10 12.24 250.35  47.00  0.99 16.35 218.16   8.69  0.21 14.32 254.72   6.77  0.13 11.13 312.14   9.09
20080720 150000  3.1   5.4  1.50 16.09 238.84  43.00  4  1.28 16.10 221.88  15.19  0.69  4.57 331.22  29.13  0.36 12.95 254.46   8.59  0.13 11.09 312.53   9.08
20080720 180000  1.4  36.6  1.48 15.94 240.73  42.21  5  0.99 16.02 217.93   8.90  0.71 11.09 227.45  19.92  0.68  4.96 328.77  27.39  0.49 12.68 257.09   9.97  0.12 11.04 313.24   8.75
20080720 210000  3.8  62.6  1.48 15.26 244.29  42.25  5  0.98 15.38 218.32   9.60  0.67  5.27 329.70  25.81  0.65 12.12 261.45  11.34  0.59 10.78 222.64  14.80  0.10 10.98 315.13   7.37
20080721 000000  3.9  89.9  1.62 15.08 259.04  46.33  7  0.95 15.15 218.70  10.22  0.89  6.77 329.24  25.74  0.68 11.73 268.21  13.42  0.38 13.60 255.30   9.96  0.36  8.20 220.15  14.34  0.36 10.73 219.18   9.25  0.27 15.94 264.28   8.02
20080721 030000  4.4  93.3  1.93 15.08 276.40  44.06  4  1.21  8.23 322.96  24.32  1.04 11.21 271.65  16.23  1.02 15.21 218.45  10.36  0.34 16.28 261.91   7.09
20080721 060000  3.8  69.1  2.12 14.98 280.44  40.88  4  1.81 10.82 299.18  30.60  0.89 15.18 218.89  10.03  0.51 15.58 260.90   8.17  0.39 10.06 215.76  11.38
20080721 090000  4.9  45.3  2.17 14.61 280.06  39.90  5  1.71 10.56 304.84  29.01  0.93 14.77 218.98  11.11  0.72 12.97 260.50   9.57  0.61 14.96 260.14   8.94  0.17 20.62 220.69   8.07
20080721 120000  3.3  26.3  2.18 14.31 278.93  39.60  6  1.30 10.27 290.22  17.08  1.12 13.55 259.06  10.64  1.01  7.97 336.49  23.36  0.79 14.61 218.18   9.18  0.33  9.17 211.95   9.80  0.24 20.10 219.37   7.36
20080721 150000  5.3  27.1  2.16 14.00 277.04  39.24  4  1.70 13.43 275.37  20.91  0.99  7.52 335.66  23.29  0.85 15.09 218.43  10.30  0.31 19.47 221.02   8.29
20080721 180000  6.1   4.2  2.17 14.15 277.18  40.67  5  1.97 13.28 290.09  34.62  0.79 14.85 220.06  10.05  0.40 19.08 222.32   9.65  0.24  8.00 208.39   8.41  0.14  9.15 213.32   9.64
20080721 210000  6.8   1.9  2.21 14.25 279.62  43.13  2  2.16 14.25 282.74  42.27  0.47 18.80 219.99   8.24
20080722 000000  6.5 342.5  2.18 14.19 278.49  43.43  2  2.13 14.19 281.97  42.60  0.49 18.21 220.78   7.66
20080722 030000  5.1  33.8  2.10 13.74 274.76  43.22  2  2.01 13.74 280.28  42.01  0.59 17.75 220.23   8.20
20080722 060000  5.6  50.5  1.99 13.49 270.56  43.32  3  1.89 13.49 277.11  42.20  0.60 17.55 220.93   7.85  0.19  8.21 205.95   7.42
20080722 090000  4.9  44.4  1.88 13.33 267.16  42.76  3  1.74 13.32 276.23  41.38  0.68 16.84 220.80   8.61  0.18  8.19 205.40   8.24
20080722 120000  5.4   9.7  1.77 12.92 265.31  42.30  2  1.65 12.92 273.66  41.49  0.65 16.52 221.25   8.13
20080722 150000  6.3   8.7  1.68 12.63 266.55  43.11  2  1.45 12.47 285.47  38.93  0.86 16.31 220.62   9.17
20080722 180000  8.5 349.9  1.66 12.45 274.40  45.61  2  1.52 12.41 287.02  43.07  0.68 15.74 221.56   8.33
20080722 210000  9.2 337.9  1.73 12.16 287.34  45.62  3  1.19  5.49 329.66  27.44  1.03 11.91 265.99  21.31  0.73 15.46 220.80   8.76
20080723 000000  8.4 313.9  1.82 15.31 291.26  42.50  3  1.47  6.09 316.15  29.49  0.80 11.60 257.82  16.04  0.71 15.32 222.38   9.43
20080723 030000  5.9 263.9  1.73 15.15 281.70  39.83  3  1.44  6.73 301.97  31.49  0.69 15.17 223.53   9.43  0.66 11.52 251.85  14.83
20080723 060000  3.3 244.3  1.65 15.02 273.11  37.54  3  1.34  7.26 292.91  32.30  0.70 15.03 225.00  10.02  0.66 10.97 252.21  13.95
20080723 090000  1.3 205.7  1.64 14.84 266.52  34.80  4  1.46  7.73 277.60  32.05  0.72 14.84 226.26   8.89  0.21 19.07 253.58   6.93  0.06  8.25 205.66   6.49
20080723 120000  2.8 138.6  1.81 14.79 258.89  30.11  4  1.42  8.82 274.01  29.56  0.89 14.66 230.01   9.61  0.58 10.57 246.06  13.29  0.38 17.47 257.65   5.08
20080723 150000  5.1 154.9  2.37 14.59 251.54  23.35  2  1.78 10.17 259.91  26.24  1.56 14.59 241.46  13.33
20080723 180000  5.7 195.5  3.03 14.32 248.20  19.07  1  3.03 14.32 248.20  19.07
20080723 210000  8.5 176.0  3.41 14.00 245.79  18.33  1  3.41 14.00 245.79  18.33
20080724 000000 10.5 164.7  3.52 13.89 242.32  22.09  1  3.52 13.89 242.32  22.09
20080724 030000  9.8 135.3  3.48 13.88 239.06  27.18  1  3.48 13.88 239.06  27.18
20080724 060000  7.0 134.5  3.31 13.80 239.58  24.45  1  3.31 13.80 239.58  24.45
20080724 090000  4.9 128.6  3.15 13.62 240.23  21.03  2  3.05 13.62 239.84  21.62  0.80 17.28 245.69   6.55
20080724 120000  3.4 148.9  2.99 13.48 240.54  18.51  1  2.99 13.48 240.54  18.51
20080724 150000  4.0 134.6  2.81 13.38 240.57  16.95  2  2.55 13.38 240.02  17.95  1.17 15.88 243.12  10.63
20080724 180000  3.2 190.9  2.62 13.18 240.56  15.88  2  2.33 13.15 240.20  17.08  1.21 15.62 241.86  10.10
20080724 210000  8.3 220.0  2.50 12.87 239.57  16.60  1  2.50 12.87 239.57  16.60
20080725 000000  5.8 204.3  2.41 12.79 238.27  18.38  2  0.81  4.29 219.08  30.42  2.27 12.79 240.42  14.77
20080725 030000  3.9 189.3  2.29 12.83 238.08  17.96  1  2.29 12.83 238.08  17.96
20080725 060000  2.5 149.0  2.32 14.84 237.38  16.45  1  2.32 14.84 237.38  16.45
20080725 090000  0.7  58.1  2.46 14.71 237.26  14.63  1  2.46 14.71 237.26  14.63
20080725 120000  2.8 126.2  2.74 14.55 237.93  13.40  1  2.74 14.55 237.93  13.40
20080725 150000  2.7 156.9  3.03 14.20 238.91  14.42  1  3.03 14.20 238.91  14.42
20080725 180000  5.4 194.4  3.19 13.87 240.16  15.07  1  3.19 13.87 240.16  15.07
20080725 210000  6.7 194.1  3.30 14.09 240.81  16.18  1  3.30 14.09 240.81  16.18
20080726 000000  6.3 176.2  3.47 14.42 241.05  16.81  1  3.47 14.42 241.05  16.81
20080726 030000  8.8 181.0  3.63 14.49 240.46  18.27  2  3.57 14.49 239.75  18.19  0.67 17.73 259.73   6.05
20080726 060000  8.3 187.9  3.69 14.48 240.00  19.00  2  0.81  3.97 190.05  32.19  3.60 14.48 241.93  14.94
20080726 090000  6.9 174.0  3.60 14.47 240.02  18.78  2  0.78  4.16 191.24  32.63  3.52 14.47 241.85  14.91
20080726 120000  7.8 203.7  3.47 14.42 239.92  17.95  2  0.77  4.19 201.20  30.64  3.38 14.42 241.58  14.94
20080726 150000  9.6 189.0  3.41 14.42 238.07  19.46  1  3.41 14.42 238.07  19.46
20080726 180000 11.1 194.1  3.38 14.33 236.62  20.29  2  1.17  4.73 204.84  30.21  3.17 14.33 240.27  14.67
20080726 210000  9.9 203.4  3.37 14.07 236.09  20.06  2  1.27  5.10 209.66  29.12  3.12 14.07 239.92  14.64
20080727 000000  5.7 208.2  3.26 13.77 236.69  19.29  1  3.26 13.77 236.69  19.29
20080727 030000  5.7 196.9  3.07 13.57 237.76  18.07  1  3.07 13.57 237.76  18.07
20080727 060000  5.7 188.4  2.89 13.42 238.33  17.58  1  2.89 13.42 238.33  17.58
20080727 090000  6.0 160.7  2.73 13.23 238.56  18.13  1  2.73 13.23 238.56  18.13
20080727 120000  3.8 161.3  2.59 12.85 239.22  17.75  1  2.59 12.85 239.22  17.75
20080727 150000  6.5 186.5  2.49 12.65 239.38  17.78  1  2.49 12.65 239.38  17.78
20080727 180000  9.5 196.6  2.48 12.52 237.68  20.01  2  0.74  3.59 202.13  30.06  2.36 12.52 240.60  15.47
20080727 210000 10.6 199.1  2.51 12.32 235.90  22.23  2  1.04  4.28 208.88  32.07  2.28 12.32 240.61  15.41
20080728 000000  8.8 184.1  2.51 12.01 234.47  24.03  2  1.17  4.75 210.10  35.30  2.21 12.01 240.06  15.03
20080728 030000 10.2 189.1  2.53 11.88 232.53  24.73  3  1.15  4.71 200.28  32.85  2.09 11.88 240.45  15.23  0.84 16.43 232.86  12.16
20080728 060000  9.7 184.2  2.66 11.87 230.63  24.73  3  1.22  4.85 198.07  32.81  1.84 11.72 240.01  16.28  1.49 14.83 234.28  10.62
20080728 090000  9.4 174.8  2.79 14.60 229.80  23.94  2  1.24  4.93 198.02  34.38  2.50 14.60 236.07  13.68
20080728 120000 10.1 174.8  2.91 14.46 229.12  23.20  2  1.23  4.94 193.66  31.96  2.64 14.46 235.41  13.07
20080728 150000 10.4 178.4  3.04 14.50 227.55  23.46  2  1.39  5.26 194.82  31.27  2.70 14.50 234.70  12.40
20080728 180000 10.5 196.0  3.08 14.84 228.14  20.97  2  1.41  5.50 202.22  29.35  2.74 14.84 234.03  11.95
20080728 210000 12.0 193.3  3.17 14.76 227.03  21.02  2  1.59  5.54 206.01  29.52  2.74 14.76 233.15  11.57
20080729 000000 12.3 187.8  3.28 14.67 225.13  22.66  2  1.81  5.83 206.54  31.68  2.73 14.67 232.04  11.21
20080729 030000 13.0 189.9  3.41 14.57 223.64  23.49  2  2.01  6.11 207.11  31.82  2.75 14.57 231.22  11.14
20080729 060000 11.3 184.0  3.38 14.43 223.60  23.30  2  1.92  6.41 205.25  31.62  2.78 14.43 231.04  11.71
20080729 090000  9.3 176.9  3.26 14.30 224.76  21.94  2  1.68  6.70 204.70  31.23  2.79 14.30 230.96  11.92
20080729 120000 10.8 175.8  3.16 14.17 224.58  22.00  1  3.16 14.17 224.58  22.00
20080729 150000  8.9 182.5  3.08 14.07 224.36  21.93  2  1.58  6.87 204.85  32.29  2.65 14.07 230.19  11.71
20080729 180000 10.5 193.3  3.02 13.96 224.96  20.50  1  3.02 13.96 224.96  20.50
20080729 210000 11.3 200.8  3.07 13.82 224.66  20.45  1  3.07 13.82 224.66  20.45
20080730 000000 10.1 190.9  3.08 13.67 224.48  21.37  2  1.98  7.00 216.09  28.59  2.36 13.67 229.75  11.47
20080730 030000  8.7 183.3  2.92 13.57 225.26  21.34  1  2.92 13.57 225.26  21.34
20080730 060000  8.6 182.7  2.76 13.51 225.50  20.71  1  2.76 13.51 225.50  20.71
20080730 090000  7.5 169.2  2.64 13.45 224.77  20.67  2  1.43  7.17 214.68  31.11  2.22 13.45 228.40  12.45
20080730 120000  7.2 184.9  2.58 13.42 224.16  19.12  1  2.58 13.42 224.16  19.12
20080730 150000  7.9 188.5  2.65 13.56 222.42  18.21  2  2.33 13.56 224.08  19.76  1.26 15.93 217.03   9.63
20080730 180000  8.0 211.8  2.71 15.11 222.09  16.45  1  2.71 15.11 222.09  16.45
20080730 210000  7.0 181.9  2.72 14.95 221.51  15.88  1  2.72 14.95 221.51  15.88
20080731 000000  5.2 180.0  2.67 15.34 221.33  14.81  1  2.67 15.34 221.33  14.81
20080731 030000  3.8 101.1  2.69 15.93 221.04  13.40  1  2.69 15.93 221.04  13.40
20080731 060000  1.3 220.2  2.82 15.93 220.52  11.92  1  2.82 15.93 220.52  11.92
20080731 090000  2.2 154.5  3.04 15.93 220.24  11.45  1  3.04 15.93 220.24  11.45
20080731 120000  2.4 130.9  3.18 16.00 220.29  11.83  1  3.18 16.00 220.29  11.83
20080731 150000  1.8 150.1  3.20 16.05 220.41  12.43  1  3.20 16.05 220.41  12.43
20080731 180000  3.1 192.1  3.13 15.96 220.40  12.89  1  3.13 15.96 220.40  12.89
20080731 210000  4.8 220.1  3.04 15.83 220.17  13.33  1  3.04 15.83 220.17  13.33
20080801 000000  5.1 202.5  2.95 15.70 219.87  13.81  1  2.95 15.70 219.87  13.81
