Date     Time   Uabs UDir  hs    tp    th     sp     np hs(i) tp(i) th(i)  sp(i)
20040501 000000  9.0 191.0  3.12 14.29 217.13  20.98  3  2.04  7.50 215.77  26.72  2.34 14.20 217.03  10.39  0.31 14.60 313.13   9.35
20040501 030000  8.0 182.6  3.04 14.20 217.71  21.31  3  1.98  8.01 217.10  26.92  2.28 14.02 216.99  10.80  0.32 14.53 312.96   9.52
20040501 060000  7.5 182.6  2.87 14.15 217.99  21.05  2  2.86 13.94 217.19  18.83  0.33 14.51 311.96  10.57
20040501 090000  7.6 177.4  2.71 14.05 217.43  21.04  3  1.71  8.08 217.32  26.59  2.08 13.82 216.08   9.94  0.33 14.50 310.89  11.58
20040501 120000  7.1 183.7  2.55 13.78 217.29  20.75  3  1.59  7.98 217.42  25.96  1.97 13.66 215.76  10.26  0.31 14.46 310.23  11.91
20040501 150000  9.0 191.4  2.44 13.58 216.35  20.89  3  1.51  7.66 214.66  26.24  1.90 13.52 215.96  10.93  0.29 14.40 309.92  12.09
20040501 180000 11.9 202.2  2.47 13.47 215.34  21.31  2  2.46 13.42 214.63  19.34  0.27 14.20 310.12  12.10
20040501 210000 10.4 197.6  2.59 13.40 215.27  22.87  3  2.05  6.87 215.16  25.97  1.56 13.34 214.01   9.68  0.25 13.77 310.70  11.79
20040502 000000  7.6 192.6  2.48 13.37 215.49  23.80  4  2.00  7.02 215.73  26.73  1.44 13.30 213.52   9.70  0.23 13.63 311.27  11.89  0.06 16.60 305.82   9.23
20040502 030000  8.8 187.8  2.22 13.36 215.23  24.01  4  1.72  6.94 215.65  27.76  1.39 13.28 213.05   9.40  0.23 13.58 310.70  12.32  0.05 16.60 304.86   9.50
20040502 060000  8.7 180.4  2.03 13.25 213.95  23.81  4  1.38  6.53 212.77  30.13  1.47 13.14 213.35   9.62  0.23 13.56 309.51  12.79  0.06 12.45 263.54   7.08
20040502 090000  9.3 182.3  2.02 13.05 212.52  23.13  4  1.20  5.83 206.60  31.73  1.60 12.91 214.10  10.08  0.23 13.55 308.45  13.17  0.07 12.24 263.66   7.11
20040502 120000  8.5 186.7  2.15 12.89 212.36  22.65  3  1.30  5.39 205.56  30.76  1.70 12.78 214.81  10.43  0.23 13.53 307.86  12.87
20040502 150000  8.7 179.5  2.23 12.78 213.69  22.55  3  1.34  5.95 207.28  30.72  1.76 12.70 216.06  11.30  0.22 13.50 307.45  12.98
20040502 180000 10.9 200.3  2.35 12.66 215.20  21.55  3  2.34 12.61 214.74  20.33  0.18 13.37 310.14  11.32  0.09 15.47 304.90   9.63
20040502 210000 12.5 200.4  2.74 12.59 215.80  22.12  2  2.73 12.56 215.48  21.35  0.20 13.23 308.38  12.46
20040503 000000  9.4 191.8  2.87 12.60 217.14  22.47  4  2.10  7.13 214.72  27.24  1.95 12.58 219.21  12.72  0.17 12.90 310.73  10.73  0.07 15.53 305.83  10.05
20040503 030000  9.1 184.9  2.80 12.66 218.10  21.67  3  1.86  7.40 215.63  28.20  2.09 12.65 219.46  12.75  0.17 12.78 310.12  10.65
20040503 060000  7.0 170.4  2.67 12.59 218.77  20.87  2  2.66 12.57 218.53  20.26  0.17 12.73 309.72  10.80
20040503 090000  5.7 160.0  2.48 12.49 219.92  19.94  4  2.47 12.47 219.63  19.20  0.15 12.65 310.89   9.73  0.07 14.55 310.14   6.94  0.06 13.53 280.11   5.00
20040503 120000  5.2 182.0  2.29 12.40 221.16  18.90  2  2.28 12.38 220.82  17.98  0.18 12.76 306.33  13.38
20040503 150000  5.0 185.3  2.13 12.32 222.12  18.21  2  2.13 12.30 221.74  17.17  0.17 12.67 307.70  11.50
20040503 180000  6.1 199.9  2.01 12.21 222.64  18.17  3  2.00 12.17 222.24  17.06  0.13 12.64 307.55  12.37  0.10 14.53 308.44   8.96
20040503 210000  6.4 201.2  1.93 12.00 222.98  18.63  3  1.92 11.98 222.58  17.56  0.13 12.59 308.33  11.85  0.09 14.55 308.49   9.18
20040504 000000  6.1 182.6  1.88 11.83 222.96  19.68  2  1.87 11.81 222.56  18.69  0.15 12.53 308.01  11.24
20040504 030000  6.6 185.0  1.81 11.66 222.70  20.63  4  1.59 10.87 224.28  21.36  0.85 12.16 215.76   9.57  0.14 12.46 308.67  11.47  0.05 19.12 299.09  11.03
20040504 060000  4.6 137.7  1.71 11.34 222.59  21.83  4  1.59 11.04 223.88  21.70  0.62 12.86 211.27   6.98  0.14 12.36 308.72  11.35  0.06 19.04 298.79  11.34
20040504 090000  4.8 117.9  1.60 11.28 222.60  23.36  4  1.59 11.21 222.03  22.23  0.11 13.49 305.21  10.97  0.09 11.82 314.42   8.28  0.07 19.01 298.56  11.91
20040504 120000  3.9 151.2  1.49 11.73 222.82  23.66  4  1.48 11.68 222.09  22.26  0.12 13.50 304.00  13.14  0.09 11.79 313.65   8.93  0.07 19.00 298.26  12.41
20040504 150000  2.3 171.7  1.38 11.81 223.55  22.71  5  1.36 11.78 222.54  20.95  0.13 13.51 302.94  14.28  0.12 17.74 234.14   8.52  0.09 11.76 314.35   8.18  0.07 18.94 298.26  12.55
20040504 180000  4.7 236.2  1.29 11.72 224.50  22.06  6  1.27 11.67 223.20  19.89  0.16 17.06 234.98   8.72  0.13 13.55 302.75  15.30  0.09 11.74 312.31   9.71  0.07 18.70 298.71  11.68  0.07 23.13 225.73   8.34
20040504 210000  5.5 205.3  1.25 11.48 225.15  22.54  6  1.21 11.38 223.54  20.36  0.24 16.53 232.17   9.89  0.13 13.67 304.61  13.38  0.10 22.52 226.54   7.94  0.09 11.73 312.43   9.22  0.09 17.94 298.57  11.26
20040505 000000  3.7 189.6  1.22 11.27 225.74  23.12  7  1.01  8.00 226.76  22.59  0.57 11.24 214.92  11.31  0.32 15.71 230.50  11.27  0.16 21.86 226.54   8.26  0.13 13.88 304.52  13.48  0.10 17.80 298.90  11.39  0.09 11.72 312.46   9.15
20040505 030000  2.8 166.7  1.19 15.39 226.95  22.73  7  0.96  7.76 227.06  22.13  0.54 11.11 216.71  12.90  0.36 15.51 233.21   9.92  0.22 21.39 227.23   8.11  0.12 14.15 308.03  11.37  0.11 17.77 298.68  11.54  0.10 11.76 309.59  11.51
20040505 060000  1.1  92.2  1.18 14.76 227.76  21.85  8  0.91  7.55 226.89  21.26  0.45 12.43 214.03   8.61  0.42 14.85 233.01  10.70  0.32 20.59 227.33   8.16  0.17 11.01 246.70   8.59  0.12 17.76 298.95  12.07  0.11 14.22 310.46   9.53  0.10 11.86 307.08  13.94
20040505 090000  1.6 115.6  1.19 14.51 228.35  20.73  7  0.87  7.35 226.52  20.54  0.48 14.53 233.04  10.48  0.44 20.10 227.41   8.19  0.38 12.40 213.24   8.69  0.20 10.69 245.12   8.45  0.15 13.87 309.87  11.27  0.12 17.75 299.29  12.52
20040505 120000  1.8  92.3  1.24 19.28 228.87  19.35  6  0.85  7.34 226.20  19.70  0.62 14.23 227.60  13.56  0.60 19.32 227.49   8.26  0.22 10.35 247.68   8.16  0.15 13.22 310.51  10.56  0.12 17.69 299.99  12.26
20040505 150000  0.8 108.2  1.35 18.95 229.07  17.98  7  0.87  7.63 225.57  18.57  0.77 18.99 227.57   8.19  0.62 13.71 229.59  12.90  0.26 10.08 245.83   8.73  0.14 13.22 308.45  11.18  0.12 17.34 299.04  12.94  0.06 10.98 316.21   7.58
20040505 180000  3.4 272.3  1.50 18.18 228.99  17.03  6  0.96  7.84 226.81  17.98  0.96 18.21 227.66   8.16  0.60 13.50 230.89  12.61  0.15 13.27 307.93  11.06  0.14 16.69 298.82  12.74  0.06 10.97 316.06   7.57
20040505 210000  2.7 232.1  1.65 17.87 228.93  16.89  5  1.15 17.91 227.47   8.16  1.01  7.98 226.73  18.80  0.59 13.27 231.95  12.10  0.17 13.30 309.09  11.08  0.17 16.62 298.93  12.36
20040506 000000  1.9 213.6  1.78 17.35 228.53  16.29  6  1.33 17.58 227.22   8.26  0.95  7.85 223.23  17.76  0.57 12.89 233.44  11.00  0.31  9.20 248.33   7.17  0.19 16.60 299.38  12.54  0.17 13.30 309.29  11.15
20040506 030000  2.0 177.4  1.88 16.87 228.15  15.58  5  1.49 16.91 226.96   8.28  0.96  7.99 224.88  18.49  0.58 12.72 233.86  10.90  0.19 16.59 299.82  12.98  0.17 13.25 310.28  10.38
20040506 060000  2.0  66.4  1.98 16.75 227.80  14.76  5  1.63 16.79 226.73   8.33  0.91  7.91 223.94  18.44  0.59 12.59 235.16  10.25  0.19 16.59 300.20  13.54  0.16 13.06 310.77  10.39
20040506 090000  2.1  87.3  2.03 17.05 227.65  14.11  7  1.22 15.72 226.84   6.98  1.20 17.93 226.25   9.57  0.80  7.54 220.04  16.70  0.66 12.52 235.47  10.15  0.26  8.42 252.56   7.29  0.17 16.56 300.20  14.01  0.16 12.82 311.24  10.30
20040506 120000  2.8  86.5  2.07 16.71 227.71  13.88  4  1.91 16.80 228.03   9.55  0.75  7.71 220.36  18.38  0.17 16.37 300.21  13.66  0.15 12.70 311.66  10.20
20040506 150000  1.0  47.7  2.09 16.42 227.92  14.07  4  1.97 16.46 228.23   9.90  0.68  7.39 217.93  18.02  0.19 15.62 300.29  12.66  0.15 12.64 311.23   9.94
20040506 180000  2.7 282.8  2.13 16.30 228.14  14.54  4  2.02 16.34 228.17  10.15  0.61  7.42 216.59  17.50  0.22 15.53 300.63  11.51  0.16 12.61 311.07   9.82
20040506 210000  3.4 247.4  2.18 15.86 228.57  15.59  4  2.07 15.97 227.97  10.31  0.64  7.67 221.77  23.54  0.25 15.51 300.19  12.47  0.17 12.59 310.99   9.80
20040507 000000  1.7 200.2  2.25 15.52 228.50  15.87  4  2.13 15.52 227.65  10.40  0.64  7.61 223.88  25.92  0.26 15.51 300.22  12.99  0.18 12.55 311.07   9.87
20040507 030000  3.4 170.3  2.28 15.37 227.86  16.14  4  2.17 15.35 227.36  10.45  0.64  7.59 219.62  28.11  0.26 15.50 300.07  14.13  0.18 12.48 311.65   9.52
20040507 060000  4.2 156.0  2.28 15.14 227.46  15.68  3  2.26 15.07 226.57  12.83  0.23 15.49 303.74  11.01  0.17 12.23 312.15   9.25
20040507 090000  3.7 147.0  2.25 14.70 227.18  15.48  3  2.24 14.66 226.39  12.92  0.21 15.42 303.93  10.97  0.16 12.03 312.79   9.25
20040507 120000  3.8 146.5  2.21 14.53 227.21  15.65  4  2.13 14.51 227.12  11.29  0.49  6.84 211.23  27.95  0.21 14.81 303.35  11.41  0.15 11.94 312.52   9.40
20040507 150000  3.3 165.6  2.14 14.39 227.53  16.18  4  2.07 14.37 227.20  11.80  0.45  6.68 211.17  27.04  0.24 14.54 302.99  10.38  0.15 11.90 312.59   9.35
20040507 180000  4.5 228.3  2.06 14.26 227.88  16.96  4  0.44  6.25 214.07  24.25  1.99 14.20 227.19  12.32  0.26 14.50 302.63  10.26  0.15 11.88 312.48   9.26
20040507 210000  5.8 207.0  1.99 14.13 227.80  18.16  4  0.54  6.03 216.55  25.04  1.89 13.99 227.04  12.74  0.28 14.49 301.69  11.22  0.15 11.87 312.28   9.19
20040508 000000  7.0 187.2  1.93 13.87 227.06  19.90  3  1.91 13.72 225.46  16.12  0.28 14.49 301.83  11.58  0.15 11.86 312.08   9.19
20040508 030000  1.8 169.3  1.86 13.64 226.92  20.45  2  1.84 13.56 225.27  16.67  0.31 14.48 304.63  12.00
20040508 060000  0.9  99.4  1.80 13.47 226.88  20.15  3  1.77 13.42 225.31  16.40  0.30 14.45 305.18  12.03  0.06 20.94 212.77   6.62
20040508 090000  1.0  81.6  1.75 13.29 226.60  20.64  5  1.57 13.26 225.45  13.73  0.72  6.41 221.51  27.20  0.28 14.36 305.62  11.81  0.15 11.06 265.00   0.00  0.09 20.35 212.68   6.03
20040508 120000  1.7  90.7  1.75 13.08 226.43  19.77  5  1.53 13.00 225.50  14.34  0.78  6.82 223.45  22.14  0.24 13.92 303.73  11.26  0.13 11.47 312.55   9.16  0.13 19.68 211.90   6.14
20040508 150000  1.0 352.8  1.76 12.88 226.06  19.33  7  1.48 12.81 223.71  12.16  0.85  7.52 224.25  19.99  0.26 10.07 266.75   6.96  0.24 13.63 302.83  11.19  0.18 19.08 212.66   6.03  0.13 11.31 312.70   9.17  0.06 20.53 310.41   7.65
20040508 180000  8.2 260.9  1.82 12.72 226.89  20.64  7  0.92  7.76 228.63  24.48  1.51 12.67 224.27  13.26  0.25 18.28 211.71   6.38  0.25 13.56 302.41  11.21  0.16 10.35 268.61   5.06  0.12 11.25 312.56   9.42  0.07 20.40 310.06   7.45
20040508 210000  3.0 212.5  1.86 12.56 226.12  20.96  5  1.54 12.52 224.78  14.42  0.94  7.46 226.18  25.05  0.34 17.83 212.46   6.56  0.28 13.54 303.90  11.79  0.08 20.34 310.48   7.88
20040509 000000  1.8  21.3  1.85 12.32 224.95  20.73  5  1.55 12.31 224.26  14.21  0.88  7.38 223.97  25.05  0.43 17.00 211.48   6.73  0.28 13.53 303.89  11.86  0.09 20.16 310.74   8.07
20040509 030000  1.9 330.0  1.82 12.11 223.75  20.41  5  1.53 12.10 223.23  14.16  0.75  7.17 222.91  24.94  0.55 16.65 212.57   6.60  0.28 13.51 304.09  11.82  0.11 19.32 310.33   7.85
20040509 060000  0.2 213.5  1.80 12.01 222.73  20.00  5  1.49 11.98 222.91  13.89  0.72 16.02 212.29   6.93  0.65  6.87 221.94  24.30  0.28 13.48 304.31  11.72  0.13 19.10 309.89   7.58
20040509 090000  0.5 227.1  1.80 11.95 221.94  19.61  5  1.42 11.90 222.79  13.67  0.88 15.40 212.84   8.77  0.59  6.69 222.14  23.68  0.28 13.42 304.40  11.76  0.13 19.04 309.76   7.66
20040509 120000  1.5  77.5  1.80 11.91 221.15  19.10  4  1.49 11.85 222.07  15.47  0.96 15.21 213.53   8.39  0.27 13.31 304.39  11.89  0.14 18.96 310.21   7.98
20040509 150000  1.3 283.3  1.79 14.68 220.44  18.72  5  1.34 11.63 222.95  15.45  1.15 14.74 213.34   8.25  0.23 12.99 303.11  11.31  0.15 18.51 310.10   7.95  0.10 10.92 312.71   9.47
20040509 180000  5.0 254.5  1.78 14.42 220.30  19.25  5  1.38 11.88 221.67  15.75  1.09 14.46 213.74   8.94  0.23 12.78 302.69  11.45  0.18 17.90 309.65   7.66  0.09 10.88 314.75   7.65
20040509 210000  2.8 209.3  1.77 14.30 219.85  19.42  3  1.74 14.32 218.05  13.94  0.23 12.69 304.21  11.88  0.20 17.82 309.34   7.52
20040510 000000  7.0 208.6  1.76 14.20 219.07  19.42  3  1.74 14.21 217.29  13.90  0.23 12.65 304.13  12.33  0.20 17.78 309.31   7.64
20040510 030000  4.1 164.0  1.73 13.96 218.29  20.14  3  1.71 13.98 216.47  14.67  0.23 12.62 304.39  12.41  0.19 17.68 309.55   7.92
20040510 060000  3.2 166.9  1.68 13.65 218.45  20.46  3  1.65 13.72 216.36  14.13  0.23 12.59 304.59  12.84  0.21 17.06 309.29   7.88
20040510 090000  3.7 176.3  1.64 13.59 218.65  21.32  3  1.61 13.66 216.13  13.79  0.25 16.70 309.06   7.60  0.23 12.55 305.02  12.98
20040510 120000  5.8 163.3  1.64 13.60 218.02  22.65  3  1.60 13.65 215.24  14.85  0.27 16.64 308.81   7.50  0.23 12.49 305.47  13.43
20040510 150000  4.0 179.6  1.65 13.63 217.30  23.12  3  1.62 13.68 214.56  15.61  0.27 16.61 308.75   7.51  0.23 12.40 305.82  13.70
20040510 180000  8.2 211.2  1.71 13.64 217.09  22.51  4  0.56  3.18 211.82  27.09  1.58 13.69 215.00  13.53  0.26 16.55 308.98   7.80  0.22 12.20 306.30  13.97
20040510 210000  7.4 206.5  1.80 13.61 216.78  23.38  4  0.79  4.04 215.05  28.66  1.58 13.65 214.51  13.69  0.26 16.27 308.99   7.95  0.22 12.00 307.00  14.43
20040511 000000  7.3 188.2  1.83 13.60 216.30  24.30  4  0.83  4.34 213.62  30.53  1.59 13.63 214.15  13.82  0.28 15.68 308.80   7.82  0.21 11.87 307.72  14.99
20040511 030000  6.7 190.6  1.83 13.65 215.64  24.89  5  0.84  4.57 210.58  31.09  1.59 13.66 213.91  13.88  0.30 15.57 308.57   7.68  0.18 11.83 304.55  12.36  0.07 11.10 334.28   2.61
20040511 060000  6.4 176.6  1.83 13.71 215.44  24.88  5  0.82  5.00 209.99  31.22  1.60 13.71 213.72  13.78  0.31 15.53 308.41   7.61  0.17 11.79 304.78  12.89  0.07 11.05 335.01   0.25
20040511 090000  5.3 182.4  1.83 13.74 215.89  24.14  3  1.80 13.71 213.52  18.01  0.31 15.50 308.49   7.61  0.18 11.69 309.81  15.95
20040511 120000  6.9 179.6  1.87 13.73 215.60  23.46  3  1.84 13.66 213.43  17.62  0.30 15.43 308.71   7.83  0.18 11.68 310.12  16.14
20040511 150000  6.7 196.2  1.96 13.74 215.30  22.73  3  1.93 13.64 213.42  17.52  0.30 15.21 308.78   8.02  0.18 11.66 310.47  16.20
20040511 180000  8.8 184.9  2.18 13.80 214.87  22.57  4  1.54  8.18 216.25  23.23  1.50 13.64 210.60  11.15  0.30 14.70 308.62   8.14  0.17 11.62 310.73  16.46
20040511 210000 12.5 203.5  2.55 13.91 214.28  22.54  4  2.53 13.66 213.23  19.79  0.30 14.57 308.32   8.09  0.13 11.62 304.25  12.01  0.08 10.32 332.14   5.06
20040512 000000  8.0 191.0  2.67 14.08 213.97  23.32  5  2.16  7.78 214.33  24.46  1.53 13.71 210.64  10.91  0.30 14.52 308.06   7.96  0.11 11.60 302.38  10.73  0.08 10.34 331.38   5.04
20040512 030000  8.7 198.3  2.49 14.12 214.33  22.74  5  1.90  7.97 214.93  24.42  1.58 13.75 211.10  10.63  0.30 14.49 308.01   7.95  0.11 11.56 302.61  10.30  0.08 10.11 330.91   5.71
20040512 060000  8.1 183.2  2.32 14.04 214.06  22.40  4  1.64  7.90 214.08  24.92  1.62 13.73 211.77  10.62  0.30 14.44 308.17   8.09  0.13 11.31 312.30  16.35
20040512 090000  5.3 163.4  2.16 13.84 214.36  21.78  4  1.60 13.69 212.12  10.45  1.42  7.75 214.43  24.73  0.29 14.35 308.31   8.23  0.12 11.35 311.88  16.26
20040512 120000  3.4 189.7  2.03 13.72 215.02  20.63  3  1.58 13.65 212.19  10.27  1.23  7.60 216.44  23.60  0.30 14.14 308.82   9.93
20040512 150000  6.2 154.7  1.98 13.64 214.46  20.94  3  1.57 13.60 212.37  10.13  1.17  7.63 214.92  25.47  0.28 13.79 308.52  10.03
20040512 180000  4.5 210.8  1.94 13.58 215.20  19.71  3  1.55 13.56 212.35  10.06  1.14  7.82 217.27  22.86  0.27 13.65 308.07  10.13
20040512 210000  8.3 209.5  2.01 13.52 215.90  19.55  3  1.26  7.89 218.77  22.02  1.54 13.49 212.34  10.05  0.27 13.58 307.71  10.07
20040513 000000  5.9 190.2  2.03 13.46 215.89  20.16  3  1.31  7.86 218.59  23.22  1.53 13.43 212.33  10.11  0.26 13.53 307.54  10.02
20040513 030000  6.5 187.5  2.03 13.43 216.10  20.15  3  1.34  7.60 218.97  22.94  1.50 13.41 212.23   9.93  0.26 13.50 307.66   9.92
20040513 060000  5.2 155.9  2.02 13.41 216.13  20.32  4  1.48 13.40 212.20   9.88  1.35  7.61 219.04  23.28  0.24 13.47 308.67   9.04  0.09 16.48 301.51  12.06
20040513 090000  4.6 118.2  1.98 13.39 216.45  20.33  3  1.47 13.39 212.36   9.92  1.31  7.66 219.80  23.54  0.25 13.45 307.92   9.63
20040513 120000  3.5 129.3  1.93 13.36 216.33  20.68  3  1.46 13.36 212.09   9.88  1.24  7.70 220.38  24.70  0.24 13.39 307.70   9.75
20040513 150000  3.1 136.8  1.87 13.29 216.54  19.55  4  1.43 13.30 212.20   9.78  1.19  7.78 220.85  22.53  0.20 13.11 308.97   9.12  0.12 15.55 302.30  10.76
20040513 180000  3.9 219.4  1.83 13.19 216.61  18.51  4  1.41 13.22 212.19   9.74  1.14  7.96 221.29  20.45  0.18 12.86 308.33   9.69  0.15 15.42 304.17  10.51
20040513 210000  6.2 199.0  1.82 13.09 216.25  18.24  4  1.41 13.13 212.08   9.75  1.13  8.09 220.64  20.16  0.18 12.77 308.18   9.43  0.14 15.45 303.31  11.02
20040514 000000  7.0 183.1  1.82 13.02 215.22  19.25  4  1.16  8.06 217.66  22.50  1.38 13.06 212.07   9.60  0.18 12.76 308.09   9.20  0.13 15.46 302.76  11.58
20040514 030000  4.9 152.6  1.77 12.99 215.18  19.75  4  1.36 13.01 212.57   9.95  1.10  7.95 216.81  23.44  0.19 12.80 307.95   9.08  0.13 15.40 302.86  12.22
20040514 060000  4.2 117.0  1.69 12.94 215.34  20.15  3  1.32 12.95 212.55   9.55  1.02  7.82 217.18  24.29  0.23 12.86 306.81  10.24
20040514 090000  4.3 109.2  1.61 12.84 215.43  20.69  4  1.29 12.84 212.59   9.10  0.94  7.61 217.37  25.90  0.23 12.92 306.93  10.11  0.05 20.35 289.92  11.08
20040514 120000  3.7 136.0  1.55 12.72 215.62  20.82  6  1.25 12.71 212.66   9.12  0.84  7.50 217.15  26.98  0.28 18.90 221.30   9.18  0.17 12.68 307.44   9.35  0.16 14.52 306.35  10.56  0.06 20.27 290.01  11.50
20040514 150000  1.3 180.4  1.49 12.60 216.23  19.79  3  1.47 12.59 214.72  15.24  0.23 14.41 306.70   9.91  0.07 20.05 291.18  11.87
20040514 180000  6.3 241.3  1.47 12.49 217.66  19.57  6  1.35 12.48 215.50  15.66  0.49 17.74 220.65   8.40  0.21 15.51 215.00   0.00  0.17 14.46 305.31   9.99  0.15 12.52 307.67   9.78  0.08 19.39 291.79  11.79
20040514 210000  5.2 206.1  1.48 12.41 218.60  20.08  6  1.28 12.39 216.48  17.03  0.52 15.28 217.86   8.95  0.46 17.91 219.58   8.95  0.17 14.43 304.74  10.47  0.15 12.50 307.88   9.36  0.09 19.15 291.50  11.45
20040515 000000  4.5 192.7  1.48 17.66 218.92  20.35  6  1.24 12.27 216.59  17.54  0.55 15.04 217.41   9.42  0.55 17.81 219.94   8.48  0.17 14.38 304.76  11.03  0.15 12.51 307.87   8.70  0.10 19.07 290.59  11.06
20040515 030000  3.4 155.9  1.48 17.37 219.25  20.32  6  1.20 12.06 216.34  17.52  0.78 17.35 220.14   8.50  0.24 14.49 215.00   0.00  0.17 14.27 304.67  11.35  0.16 12.51 307.93   8.71  0.10 19.03 289.68  10.83
20040515 060000  2.2 111.9  1.48 16.68 219.50  19.98  6  1.10 12.02 216.57  17.83  0.73 16.84 218.99   8.67  0.61 14.60 218.61   8.75  0.24 14.05 306.23  10.46  0.11 18.97 289.76  11.17  0.05 10.51 261.07   6.30
20040515 090000  4.4  79.1  1.49 16.62 219.05  23.19  7  0.81 16.71 218.82   8.04  0.74  6.93 217.84  33.85  0.72 14.35 216.60   9.53  0.65 11.62 213.42   8.77  0.23 13.46 306.27  10.53  0.13 18.83 290.53  11.67  0.11  9.08 259.93   7.54
20040515 120000  3.4 103.5  1.50 16.57 219.34  21.66  4  1.47 16.55 217.16  16.77  0.23 13.47 306.35  10.47  0.14 18.38 291.40  11.85  0.12  9.53 260.30   8.54
20040515 150000  0.8 136.7  1.50 15.94 219.77  19.87  5  1.33 15.95 217.27   8.90  0.63  6.67 218.74  27.36  0.22 13.47 306.47  10.23  0.15 17.96 291.60  11.68  0.14  9.43 259.88   9.35
20040515 180000  6.9 236.0  1.55 15.59 220.61  18.99  6  0.67  6.60 221.65  23.53  1.11 15.63 219.81   8.11  0.79 13.20 213.26   8.61  0.22 13.46 306.49   9.99  0.16 17.85 291.04  11.41  0.16  9.12 260.94   8.53
20040515 210000  5.0 195.0  1.60 15.55 220.73  19.29  5  0.72  6.53 220.26  24.19  1.39 15.55 217.96   8.77  0.23 13.42 306.51   9.77  0.18  8.86 259.55   9.40  0.17 17.80 290.21  11.11
20040516 000000  2.9 196.1  1.60 15.48 221.00  19.26  5  1.41 15.48 218.33   8.74  0.68  6.42 219.29  24.15  0.23 13.35 306.32   9.86  0.19  8.67 260.60   8.83  0.17 17.76 289.89  11.04
20040516 030000  3.4 179.7  1.60 15.20 221.34  18.94  5  1.43 15.20 218.79   8.81  0.62  6.30 218.47  23.25  0.24 13.28 306.19  10.12  0.19  8.57 261.19   8.49  0.18 17.69 290.16  11.73
20040516 060000  3.1 139.5  1.61 14.73 221.70  18.80  5  1.46 14.75 219.20   8.77  0.56  6.12 217.33  23.51  0.24 13.18 306.05  10.48  0.20  8.53 261.46   8.16  0.20 17.51 290.93  12.05
20040516 090000  3.0 110.1  1.62 14.60 222.12  18.50  6  1.40 14.62 218.67   8.33  0.52 19.95 226.81   7.78  0.50  5.98 216.52  24.09  0.23 12.92 305.93  10.83  0.21 16.98 290.40  13.83  0.20  8.40 262.11   8.06
20040516 120000  2.4 156.6  1.64 14.55 222.47  17.77  6  1.42 14.58 218.89   8.24  0.59 19.76 226.47   8.00  0.44  5.84 216.88  23.02  0.23 12.73 305.95  11.03  0.21 16.75 290.52  13.54  0.21  8.33 262.09   8.49
20040516 150000  2.4 132.1  1.66 14.60 222.32  18.06  6  1.38 14.63 218.99   8.34  0.74 19.08 225.16   7.73  0.42  5.67 210.12  29.21  0.22 12.66 306.12  11.05  0.21 16.68 290.47  12.63  0.21  8.33 261.59   9.14
20040516 180000  5.9 241.1  1.69 18.71 222.97  17.36  6  0.44  5.56 219.09  27.16  1.42 15.11 219.25   8.30  0.73 18.99 225.99   7.44  0.22 12.60 306.40  10.88  0.21 16.64 289.78  12.71  0.20  8.18 262.36   9.23
20040516 210000  4.8 202.9  1.73 18.51 223.15  17.70  6  0.52  3.16 219.84  28.13  1.41 15.18 219.13   7.94  0.78 18.73 226.86   7.92  0.22 12.53 306.93  10.29  0.22 16.60 289.59  12.72  0.20  8.05 262.53   9.03
20040517 000000  3.1 183.6  1.73 17.40 223.44  17.87  6  1.31 14.65 219.47   8.40  0.95 17.79 224.53   8.02  0.48  3.48 219.23  29.71  0.23 16.53 290.05  13.00  0.22 12.45 307.52   9.78  0.20  7.90 262.59   9.25
20040517 030000  3.2 152.4  1.70 17.38 223.86  17.78  6  1.33 14.60 219.09   7.93  0.91 17.66 226.49   7.97  0.42  3.64 219.46  29.64  0.23 16.37 290.06  13.94  0.22 12.37 307.64   9.85  0.20  7.75 262.29  10.20
20040517 060000  3.6 107.6  1.68 17.31 224.18  18.25  6  1.28 14.70 219.92   8.17  0.95 17.37 225.54   8.88  0.36  5.04 213.82  35.56  0.24 15.83 290.82  13.58  0.22 12.29 307.53  10.20  0.19  7.66 262.26  11.50
20040517 090000  4.1  92.5  1.65 16.39 224.51  19.89  4  1.58 16.60 222.50   9.18  0.37  7.51 217.81  52.25  0.24 15.64 291.15  13.08  0.21 12.23 307.29  10.66
20040517 120000  3.9 106.6  1.63 16.31 225.19  19.79  4  1.57 16.40 223.21   9.57  0.33  7.42 216.23  55.58  0.23 15.57 290.76  13.03  0.21 12.20 307.17  11.09
20040517 150000  2.0 165.7  1.62 16.32 226.14  18.79  4  1.57 16.39 224.06   9.91  0.29  7.31 224.88  52.64  0.23 15.54 290.41  12.91  0.21 12.23 307.22  11.32
20040517 180000  6.8 238.5  1.65 16.20 227.54  18.10  3  1.62 16.31 225.61  13.25  0.23 15.51 290.65  12.48  0.21 12.29 307.29  11.52
20040517 210000  7.3 199.2  1.75 15.74 227.29  19.34  5  0.64  3.54 216.36  29.26  1.47 15.83 224.49  10.13  0.63 19.21 239.96   8.67  0.23 15.47 290.65  12.78  0.20 12.32 307.66  11.48
20040518 000000  6.7 189.6  1.80 15.61 227.21  20.69  5  0.72  4.02 210.36  30.66  1.46 15.65 225.33  10.23  0.69 19.09 241.05   8.42  0.23 15.37 291.48  12.58  0.19 12.29 308.58  10.65
20040518 030000  3.5 131.2  1.79 15.59 229.05  19.92  4  1.65 15.64 229.43  11.72  0.62  4.18 211.13  31.98  0.24 15.02 291.64  12.63  0.19 12.23 308.84  10.52
20040518 060000  2.9 142.1  1.78 15.58 230.83  18.43  5  1.42 15.55 226.70  10.45  0.90 18.00 240.11   8.88  0.50  4.12 212.20  31.73  0.24 14.66 291.63  12.76  0.18 11.94 308.72  10.90
20040518 090000  4.2 137.2  1.77 15.54 232.03  17.86  4  1.44 15.24 225.99  14.84  0.99 17.64 240.15   8.27  0.23 14.55 292.74  10.99  0.18 11.67 309.39  10.27
20040518 120000  3.6  78.3  1.79 15.47 232.85  18.18  3  1.76 15.73 231.48  15.29  0.23 14.51 292.18  11.80  0.17 11.62 309.80  10.09
20040518 150000  3.8 114.2  1.79 14.97 233.79  17.73  4  1.72 15.17 232.90  11.10  0.41  7.86 222.20  44.05  0.22 14.49 292.64  11.27  0.17 11.63 310.03  10.14
20040518 180000  2.0 238.1  1.79 14.90 234.97  16.86  3  1.73 14.97 234.00  11.22  0.37  7.78 226.30  41.14  0.27 14.47 300.42  13.45
20040518 210000  3.0 276.0  1.80 14.75 236.23  16.09  4  1.75 14.78 235.14  11.23  0.35  7.57 232.25  37.61  0.21 14.43 294.13  11.10  0.17 11.64 310.24  10.48
20040519 000000  4.9 348.2  1.83 14.52 238.34  18.01  4  1.76 14.53 236.30  11.25  0.41  7.39 262.95  46.10  0.21 14.34 294.80  10.97  0.17 11.63 310.44  10.44
20040519 030000  3.2   0.4  1.83 14.26 239.38  17.80  4  1.77 14.27 237.17  11.15  0.40  7.24 270.11  43.61  0.21 14.05 295.21  10.89  0.17 11.62 310.35  10.47
20040519 060000  4.2  42.8  1.83 13.88 239.69  17.88  4  1.77 13.89 237.55  11.10  0.38  7.16 275.07  46.14  0.20 13.70 295.47  10.72  0.16 11.58 311.28   9.42
20040519 090000  4.0  14.1  1.82 13.61 239.82  18.53  4  1.76 13.61 237.59  11.03  0.37  6.91 286.56  49.59  0.21 13.60 294.09  11.40  0.15 11.52 311.65   9.10
20040519 120000  4.7 357.7  1.83 13.43 239.75  18.90  3  1.81 13.42 238.77  17.22  0.20 13.57 293.83  11.50  0.15 11.35 311.93   9.05
20040519 150000  4.3 356.1  1.88 13.38 239.39  18.68  2  1.86 13.36 238.51  17.13  0.24 13.54 301.30  13.46
20040519 180000  3.5 311.3  1.97 13.42 239.09  18.50  3  1.61 13.40 241.72  18.18  1.11 16.09 231.29  11.85  0.24 13.53 301.74  13.55
20040519 210000  3.6 331.4  2.06 13.45 238.74  17.72  3  1.66 13.44 241.79  17.19  1.20 16.03 231.14  12.18  0.23 13.50 303.91  12.03
20040520 000000  4.1 345.4  2.13 15.75 238.67  17.59  2  2.12 15.75 238.09  16.42  0.22 13.45 304.21  11.96
20040520 030000  3.8 341.2  2.21 15.68 238.97  17.67  3  2.20 15.68 238.45  16.65  0.17 13.34 299.48  10.55  0.13 10.96 313.11   8.84
20040520 060000  4.6   7.5  2.33 15.52 239.71  18.22  2  2.33 15.52 239.54  17.85  0.13 10.93 313.06   8.83
20040520 090000  6.7  28.3  2.49 15.34 241.15  22.03  2  2.48 15.34 241.02  21.82  0.12 10.86 313.37   8.43
20040520 120000  9.2   9.3  2.68 15.11 244.50  29.15  3  0.77  3.80 347.85  33.39  2.56 15.11 240.10  14.06  0.12 10.81 314.08   8.30
20040520 150000 10.8 349.9  2.98 14.79 253.00  37.23  2  1.34  5.35 331.46  30.27  2.66 14.79 240.18  13.87
20040520 180000  8.1 330.6  3.15 14.58 254.41  37.10  2  1.51  6.00 324.70  30.23  2.76 14.58 239.98  14.00
20040520 210000  5.3 328.4  3.05 14.42 250.36  33.88  2  1.26  6.00 325.26  30.20  2.77 14.42 240.04  14.97
20040521 000000  5.4 339.0  2.88 14.25 246.81  30.60  2  2.88 14.25 246.58  30.44  0.19 12.64 306.90  12.31
20040521 030000  3.5  13.6  2.73 13.98 244.40  27.61  1  2.73 13.98 244.40  27.61
20040521 060000  5.7  38.7  2.58 13.71 243.00  26.64  2  2.57 13.71 242.74  26.37  0.17 12.59 308.08  12.56
20040521 090000  5.8  26.5  2.47 13.53 242.51  26.86  1  2.47 13.53 242.51  26.86
20040521 120000  6.9 358.9  2.44 13.35 243.28  28.34  1  2.44 13.35 243.28  28.34
20040521 150000  6.1 354.4  2.50 13.17 244.58  28.12  3  2.49 13.18 244.34  27.87  0.14 11.92 315.69   7.94  0.08 14.48 306.83   8.51
20040521 180000  2.7 339.0  2.53 13.03 244.26  26.08  3  2.53 13.03 244.01  25.80  0.15 11.85 312.44  10.63  0.08 14.47 306.87   8.72
20040521 210000  3.0 312.1  2.50 12.78 243.54  24.20  2  2.49 12.79 243.32  23.91  0.16 11.82 312.37  10.24
20040522 000000  2.3 325.0  2.41 12.45 243.12  23.24  3  2.40 12.46 242.93  22.93  0.15 11.79 311.94  10.01  0.08 20.20 219.57   7.84
20040522 030000  2.4  27.3  2.30 12.09 243.06  22.90  1  2.30 12.09 243.06  22.90
20040522 060000  3.9  46.3  2.17 11.80 243.18  23.85  3  2.16 11.80 243.24  23.78  0.15 19.19 219.87   7.47  0.07 13.73 305.49   8.34
20040522 090000  5.2  64.8  2.04 11.29 243.25  26.05  3  2.03 11.29 243.35  25.99  0.18 19.16 220.79   7.63  0.08 13.61 305.97   8.47
20040522 120000  3.6 131.0  1.90 11.06 243.05  27.46  2  1.89 11.06 243.50  27.50  0.25 18.60 219.53   7.73
20040522 150000  4.8  80.8  1.79 10.65 242.35  27.25  4  1.75 10.63 242.74  26.91  0.31 18.08 219.48   7.63  0.12 11.26 315.69   9.28  0.08 13.55 307.00   8.70
20040522 180000  1.1  28.6  1.73 10.39 241.87  25.44  4  1.68 10.38 242.85  25.08  0.40 17.86 219.94   7.62  0.11 11.11 317.37   7.39  0.08 13.54 307.73   9.05
20040522 210000  0.7 118.9  1.75 10.24 240.49  23.21  6  1.51 10.23 245.88  23.35  0.60 12.78 228.24   8.81  0.58 17.39 219.24   7.82  0.21 14.49 225.00   0.02  0.10 11.07 317.86   7.03  0.07 13.55 307.75   9.18
20040523 000000  6.2 160.4  1.76 16.78 236.99  23.24  5  1.42  9.96 244.83  24.56  0.78 12.60 225.03  10.06  0.65 16.84 219.81   8.02  0.23 14.49 225.00   0.00  0.09 11.01 317.76   7.38
20040523 030000  6.1 164.6  1.77 16.53 232.14  23.80  5  1.34  9.77 239.00  27.93  0.83 16.53 219.55   7.67  0.80 12.20 227.18  10.24  0.08 10.93 317.88   7.33  0.07 13.40 306.28   9.34
20040523 060000  3.3 127.5  1.74 15.92 229.45  22.23  5  1.17  9.61 236.79  28.89  0.91 13.32 227.75  10.60  0.91 15.96 219.55   7.76  0.08 13.05 305.30   8.45  0.08 10.56 319.22   6.48
20040523 090000  3.0  78.7  1.70 15.59 228.17  20.39  4  1.38 15.59 224.17  10.05  0.90  9.37 242.52  24.09  0.41  4.09 201.41  34.31  0.11 12.71 308.14  13.12
20040523 120000  2.5  74.1  1.67 15.36 227.70  18.81  4  1.15 15.36 222.62   9.21  0.86 12.05 228.72  11.25  0.83  8.89 236.51  30.11  0.11 12.69 308.83  12.35
20040523 150000  2.6  51.8  1.65 15.02 227.55  17.40  3  1.19 15.02 222.79   9.24  1.15 12.23 232.41  21.06  0.11 12.65 308.16  12.71
20040523 180000  3.5 283.9  1.65 14.69 227.55  16.25  3  1.50 14.69 225.73  10.55  0.68  8.28 235.97  28.31  0.11 12.64 307.71  13.20
20040523 210000  4.8 221.0  1.67 14.47 228.12  16.19  2  1.67 14.47 227.90  15.55  0.10 12.63 308.28  12.26
20040524 000000  3.9 191.7  1.68 14.34 228.07  15.61  2  1.68 14.34 227.86  14.99  0.10 12.62 307.91  12.37
20040524 030000  3.4 160.9  1.68 14.17 228.22  14.94  3  1.66 14.17 227.81  14.37  0.24 19.12 237.92   6.88  0.10 12.60 307.80  12.09
20040524 060000  2.6 145.5  1.68 13.80 228.40  14.44  3  1.65 13.80 228.02  13.95  0.27 19.47 235.27   6.00  0.10 12.56 307.71  11.61
20040524 090000  3.4 126.8  1.69 13.61 228.83  13.95  2  1.61 13.61 228.14  14.22  0.49 18.66 236.29   7.17
20040524 120000  3.5 142.6  1.71 13.43 229.33  13.52  2  1.57 13.43 228.42  14.12  0.66 17.95 234.40   7.61
20040524 150000  2.6 107.7  1.72 13.20 229.88  12.88  3  1.50 13.20 228.89  13.30  0.85 17.67 232.26   8.08  0.09 11.87 306.31  11.53
20040524 180000  3.9 258.8  1.75 17.29 230.70  12.90  3  1.51 12.91 229.72  13.39  0.87 17.30 233.01   8.07  0.09 11.83 306.24  11.61
20040524 210000  4.8 225.6  1.77 16.74 230.98  12.63  4  1.20 12.27 230.77  15.71  0.92 16.89 232.22   8.45  0.92 14.52 229.54   6.74  0.09 11.81 306.30  11.60
20040525 000000  6.0 203.4  1.79 16.52 230.82  13.11  2  1.79 16.52 230.67  12.60  0.09 11.81 306.39  11.48
20040525 030000  4.4 164.9  1.79 16.15 230.77  14.23  3  1.44 13.70 229.88  15.91  1.06 16.15 231.94   8.15  0.10 11.81 306.40  11.30
20040525 060000  2.8 127.1  1.76 15.67 231.41  13.62  3  1.41 13.64 231.03  15.02  1.05 15.87 231.61   8.59  0.10 11.80 306.30  11.20
20040525 090000  3.8  96.2  1.73 15.51 231.70  15.74  1  1.73 15.51 231.70  15.74
20040525 120000  3.8 137.4  1.71 15.37 232.12  15.40  1  1.71 15.37 232.12  15.40
20040525 150000  3.1 154.0  1.71 15.21 232.42  14.29  1  1.71 15.21 232.42  14.29
20040525 180000  5.2 222.7  1.74 14.86 232.48  13.52  1  1.74 14.86 232.48  13.52
20040525 210000  5.0 194.8  1.77 14.58 232.47  13.40  1  1.77 14.58 232.47  13.40
20040526 000000  6.3 186.2  1.78 14.40 231.93  14.55  1  1.78 14.40 231.93  14.55
20040526 030000  5.3 158.2  1.79 14.32 231.30  16.04  2  1.65 14.32 233.55  11.08  0.70  6.53 217.09  28.39
20040526 060000  5.1 129.3  1.77 14.17 230.95  17.40  2  1.63 14.17 233.33  11.43  0.68  6.40 215.02  32.20
20040526 090000  4.8 122.5  1.75 13.77 230.24  19.02  2  1.61 13.77 232.87  11.81  0.68  6.40 211.94  36.11
20040526 120000  5.0 144.3  1.74 13.58 229.61  18.92  2  1.60 13.58 232.20  12.09  0.67  6.39 211.34  35.58
20040526 150000  3.9 150.9  1.72 13.47 229.21  17.73  2  1.59 13.47 231.52  12.34  0.65  6.34 212.91  32.13
20040526 180000  5.9 219.9  1.71 13.35 228.96  16.18  2  0.65  6.32 215.95  26.77  1.59 13.35 230.95  12.48
20040526 210000  6.7 206.5  1.75 13.22 227.95  16.48  2  0.76  6.29 216.48  24.54  1.57 13.22 230.45  12.64
20040527 000000  5.8 196.3  1.75 12.90 227.51  17.04  1  1.75 12.90 227.51  17.04
20040527 030000  3.3 147.5  1.72 12.66 227.50  16.90  2  1.51 12.66 229.90  12.82  0.82  6.33 218.62  24.72
20040527 060000  4.0  93.8  1.68 12.54 227.51  16.93  3  1.47 12.54 229.68  12.88  0.81  6.45 219.96  24.78  0.06 18.73 214.37   6.97
20040527 090000  3.5  82.6  1.62 12.40 227.36  17.93  2  1.41 12.40 229.48  13.08  0.79  6.46 219.88  27.21
20040527 120000  0.9  58.2  1.54 12.11 227.26  17.63  3  1.35 12.11 229.27  13.25  0.74  6.47 220.12  26.62  0.10 17.83 214.70   6.89
20040527 150000  1.5  74.0  1.48 11.89 227.07  16.75  4  1.31 11.89 228.72  12.98  0.68  6.68 220.28  24.53  0.13 17.30 213.81   6.92  0.07 11.78 307.48  10.55
20040527 180000  4.5 236.8  1.45 11.76 226.77  16.35  2  1.44 11.76 226.86  16.38  0.13 17.32 215.75   5.81
20040527 210000  4.2 222.9  1.43 11.66 226.10  16.31  2  1.42 11.66 226.36  16.35  0.21 16.14 214.00   7.26
20040528 000000  4.1 196.9  1.39 11.54 225.15  16.35  3  1.37 11.54 225.42  16.12  0.23 15.89 213.00   7.29  0.06 14.50 311.13   9.16
20040528 030000  3.3 158.2  1.35 11.24 224.08  16.62  4  1.09 11.24 226.25  14.17  0.72  7.70 220.83  20.49  0.32 15.35 212.97   6.93  0.05 14.49 308.44  10.07
20040528 060000  1.9 120.5  1.31 11.07 222.99  16.78  4  1.07 11.07 224.67  14.93  0.67  7.68 220.58  20.65  0.34 15.19 214.61   6.78  0.05 14.49 308.29  10.33
20040528 090000  2.8  43.8  1.28 11.00 221.93  16.66  4  1.16 11.00 223.11  16.20  0.51 14.31 212.13   8.01  0.16 14.63 252.84   6.78  0.06 10.92 312.08   8.90
20040528 120000  3.6 290.7  1.27 10.96 221.13  16.96  4  1.08 10.96 222.54  16.57  0.62 13.86 212.19   7.78  0.22 14.32 251.73   6.77  0.06 10.98 310.02   9.91
20040528 150000  1.8 291.4  1.27 13.53 221.46  18.97  5  1.04 10.91 222.06  18.44  0.67 13.64 212.66   8.17  0.27 13.88 250.78   5.12  0.14 11.06 275.11   8.51  0.06 10.99 313.80   7.54
20040528 180000  2.4  37.6  1.27 13.34 221.82  19.99  4  1.21 13.32 218.41  17.04  0.35 13.45 250.38   5.39  0.16 10.54 275.75   9.00  0.06 10.98 313.79   7.57
20040528 210000  5.2 292.5  1.27 12.99 223.93  24.05  5  1.18 12.98 219.01  21.85  0.44 13.01 249.79   5.71  0.16 10.21 276.46   8.28  0.06 10.98 313.43   8.10  0.05 16.59 307.22   9.35
20040529 000000  3.9 348.7  1.25 12.71 224.82  24.11  5  1.12 12.72 218.07  21.30  0.51 12.60 249.21   6.06  0.18  9.75 277.13   8.07  0.07 20.70 219.10   8.19  0.06 10.95 314.18   7.64
20040529 030000  1.5 312.6  1.23 12.50 226.36  24.02  6  1.06 12.50 217.35  20.56  0.59 12.49 248.65   7.19  0.18  9.61 278.28   7.92  0.08 20.56 218.05   7.37  0.07 13.55 308.39   9.20  0.06 10.91 314.48   7.66
20040529 060000  3.9 162.8  1.23 12.19 228.39  23.72  5  0.99 12.44 216.43  19.23  0.71 12.00 250.64  10.91  0.11 20.32 218.27   7.14  0.06 13.54 308.10   9.84  0.06 10.84 314.16   8.34
20040529 090000  4.3 157.3  1.25 11.86 229.44  25.40  5  0.94 12.14 213.03  20.61  0.81 11.76 250.54  11.89  0.16 19.73 218.04   7.27  0.06 15.53 306.92   9.10  0.06 13.54 309.04  10.76
20040529 120000  2.6 142.3  1.28 11.65 232.96  25.66  5  0.93 11.31 250.81  12.77  0.85 12.07 211.09  20.28  0.19 19.33 218.32   7.45  0.07 15.52 306.48   9.39  0.05 13.50 305.64  12.58
20040529 150000  3.9 149.9  1.33 11.33 237.75  25.44  4  1.02 10.91 253.95  14.28  0.80 12.08 211.73  17.33  0.23 19.01 217.42   7.50  0.07 15.51 306.10  10.13
20040529 180000  5.1 190.1  1.40 11.14 240.97  26.26  5  1.08 10.72 255.74  22.16  0.76 12.68 214.50  12.16  0.37 13.67 243.22   7.00  0.28 18.61 217.37   7.43  0.07 15.50 306.89  10.62
20040529 210000  6.1 204.3  1.48 11.11 241.85  27.12  7  0.39  2.81 199.97  28.93  1.07 10.62 259.29  16.96  0.73 12.71 215.65  10.19  0.40 13.45 244.13   5.92  0.34 18.12 217.92   7.33  0.23  9.70 278.99   8.16  0.06 15.48 307.77  11.79
20040530 000000  7.3 184.6  1.57 12.67 240.14  28.99  7  0.57  3.37 202.21  29.85  0.97 10.71 257.74  16.11  0.74 12.09 216.52  10.19  0.51 12.82 243.42   6.19  0.48  9.15 282.54   8.22  0.38 17.82 217.89   6.88  0.06 15.21 308.81  10.27
20040530 030000  7.4 186.1  1.65 12.60 237.74  30.25  8  0.69  3.76 201.17  30.67  0.96 10.57 254.40  16.58  0.70 12.53 214.87   8.56  0.58  8.91 279.81   9.95  0.56 12.77 241.31   8.04  0.44 17.38 216.91   7.13  0.07 14.58 308.77   8.57  0.05 12.64 307.26   9.12
20040530 060000  5.4 169.8  1.68 12.51 237.14  29.84  8  0.68  4.12 201.02  31.84  1.03 10.25 254.00  15.76  0.73 12.65 215.25   8.36  0.52 12.65 242.74   6.60  0.50 16.92 217.94   7.09  0.48  8.94 286.72   8.77  0.08 14.52 308.13   8.38  0.06 12.65 309.46   8.57
20040530 090000  4.0 145.8  1.65 12.11 237.11  28.30  8  1.14 11.84 250.88  15.24  0.79 12.58 216.51   8.53  0.61  4.33 204.76  32.32  0.47 16.71 216.87   6.74  0.45  8.90 287.07   8.80  0.09 14.50 306.57   9.88  0.06 21.92 222.14   8.72  0.06 12.64 309.48   9.13
20040530 120000  3.7 164.7  1.61 11.86 236.45  26.73  7  1.08 11.74 246.53  12.05  0.76 12.40 216.39   8.05  0.54 16.28 216.42   7.77  0.52  4.40 206.64  30.75  0.51  8.82 288.03  10.06  0.09 14.49 304.68  12.00  0.06 12.65 310.33   9.29
20040530 150000  2.7 169.9  1.55 11.75 235.54  25.34  8  0.99 10.28 240.59  16.44  0.65 12.72 217.90  10.73  0.53 15.89 216.57   6.94  0.53 11.68 240.71   9.52  0.48  8.36 287.56  10.61  0.43  4.36 207.28  28.63  0.15 20.61 225.27   9.46  0.09 14.48 304.83  11.81
20040530 180000  7.9 230.6  1.53 11.51 234.29  24.22  7  0.63  8.10 258.45  36.92  1.12 10.92 237.06  16.82  0.59 15.54 216.56   7.26  0.54 12.45 216.91   9.91  0.16 20.61 223.22   9.16  0.11 23.76 237.88   6.55  0.08 14.46 304.93  11.87
20040530 210000  6.2 200.4  1.54 11.14 232.17  24.51  7  0.64  3.81 218.17  29.88  1.08 10.88 238.14  15.46  0.55 15.34 216.31   8.16  0.51 12.41 215.91   7.84  0.38  7.86 289.45  10.32  0.28 22.88 229.17  10.87  0.08 14.32 307.63  11.15
20040531 000000  6.2 198.7  1.51 11.12 231.33  24.34  8  0.61  3.88 215.54  31.57  1.04 10.86 237.12  15.35  0.56 15.12 217.12   7.85  0.48 12.34 215.77   9.06  0.36  7.81 288.54  10.70  0.35 21.94 233.64   9.83  0.11 18.99 225.00   0.00  0.08 13.68 308.55  10.02
20040531 030000  6.6 182.8  1.51 21.55 230.20  24.47  8  0.61  3.75 210.26  33.38  0.86  9.95 238.04  16.71  0.62 12.29 219.24  10.72  0.55 14.74 219.57  10.31  0.52 21.55 233.01  10.47  0.34 11.21 248.63   5.01  0.31  7.56 288.43  10.43  0.10 13.57 308.47   9.45
20040531 060000  5.6 153.3  1.54 20.55 230.21  24.58  7  0.97  9.51 226.85  30.65  0.69 20.55 234.38  10.25  0.59 14.49 223.95  12.28  0.58 11.89 218.48  10.98  0.44 11.50 244.32   9.20  0.26  7.34 287.66  10.42  0.11 13.55 307.86   9.42
20040531 090000  4.7 140.7  1.62 20.17 231.76  22.80  7  0.92  9.47 230.69  34.08  0.91 20.17 235.42   9.82  0.59 14.22 219.50   9.56  0.54 11.55 222.18  10.84  0.43 11.54 243.98   9.27  0.32 14.03 247.67   4.55  0.12 13.54 307.14   9.83
20040531 120000  4.4 163.8  1.75 19.24 233.81  19.29  7  1.10 19.24 236.33   9.35  0.88 13.73 232.49  14.10  0.84  9.41 227.18  28.55  0.42 11.31 218.84   9.66  0.40 10.90 245.63   6.77  0.21  7.11 289.31  10.54  0.12 13.53 306.74  10.19
20040531 150000  7.2 161.0  1.97 18.87 233.16  21.05  4  1.34 18.87 237.12   9.44  1.04 10.23 224.49  33.29  1.01 13.43 233.14  14.48  0.12 13.52 307.18  10.62
20040531 180000  5.0 184.4  2.13 18.10 234.96  18.22  2  1.52 18.10 237.22   9.45  1.48 13.05 232.36  24.03
20040531 210000  6.3 201.6  2.26 17.68 236.20  15.98  2  1.76 17.68 237.76   9.17  1.42 12.82 233.60  22.61
20040601 000000  8.5 194.7  2.43 17.26 235.27  17.36  3  0.79  3.94 204.39  28.61  1.89 17.26 237.68   9.32  1.31 12.67 239.81  15.35
