Date     Time   Uabs UDir  hs    tp    th     sp     np hs(i) tp(i) th(i)  sp(i)
19790401 000000  6.3 195.9  2.82  7.59 223.64  29.99  5  2.45  7.59 217.99  26.32  1.18 13.41 224.98  10.63  0.49 14.85 299.95  12.27  0.47 17.85 296.02  11.54  0.25 12.52 313.12   9.30
19790401 030000  7.6 199.2  2.84  8.07 224.74  28.65  6  2.37  8.07 219.53  25.74  1.24 12.74 224.33  10.49  0.63 16.61 221.16   7.88  0.50 14.65 299.65  13.42  0.48 17.81 295.81  11.85  0.22 12.39 314.32   9.14
19790401 060000  5.7 197.0  2.84 17.46 225.65  26.97  5  2.24  8.40 221.00  24.24  1.28 12.10 223.80  10.93  0.93 16.16 220.90   8.52  0.52 14.54 302.40  13.72  0.50 17.74 296.22  11.48
19790401 090000  5.2 178.7  2.94 15.40 226.33  25.05  4  2.01 15.56 224.43  11.86  2.01  8.79 220.66  23.36  0.52 14.49 302.67  13.27  0.51 17.66 296.16  11.27
19790401 120000  8.0 174.3  3.13 15.19 225.79  23.81  3  3.04 15.38 222.56  17.86  0.55 17.44 297.43  11.56  0.48 14.42 301.17  14.15
19790401 150000  6.9 204.4  3.28 14.74 225.30  22.45  3  3.20 15.01 222.50  16.81  0.56 16.93 297.17  11.42  0.45 14.38 302.95  12.14
19790401 180000 11.1 217.4  3.45 14.62 224.70  21.62  3  3.38 14.71 222.28  16.54  0.55 16.75 296.88  11.52  0.44 14.38 303.19  11.96
19790401 210000 11.0 208.7  3.62 14.55 223.63  21.99  3  3.56 14.60 221.50  17.65  0.55 16.65 297.02  11.76  0.41 14.32 303.44  12.11
19790402 000000  6.3 194.4  3.70 14.51 222.43  22.92  3  3.64 14.52 220.43  19.03  0.55 16.61 297.09  11.28  0.40 14.27 304.44  11.86
19790402 030000  6.5 194.2  3.57 14.53 222.36  23.10  3  3.45 14.48 220.47  19.22  0.68 16.54 299.58  11.95  0.65 16.73 213.66   3.99
19790402 060000  5.2 166.6  3.42 14.80 222.47  22.99  2  3.35 14.55 220.17  18.45  0.67 16.46 299.54  11.84
19790402 090000  5.7 184.5  3.33 15.18 223.01  22.44  3  3.27 14.72 220.68  17.69  0.58 16.33 297.57  11.21  0.32 13.55 304.80  12.44
19790402 120000  7.8 182.7  3.21 15.17 222.59  22.54  3  3.15 14.70 220.21  17.70  0.56 16.06 297.08  11.32  0.32 13.57 305.09  11.44
19790402 150000  8.9 193.5  3.07 15.06 221.49  22.98  3  3.00 14.49 219.03  18.01  0.55 15.76 297.27  11.24  0.30 13.48 304.44  12.29
19790402 180000 10.9 207.0  3.05 14.56 220.59  23.02  3  2.99 14.34 218.24  18.24  0.59 15.62 298.16  11.64  0.11 10.98 317.08   7.62
19790402 210000 13.2 207.7  3.33 14.36 219.38  23.31  3  3.27 14.23 217.49  19.58  0.58 15.55 298.38  11.67  0.10 10.94 315.86   8.27
19790403 000000  9.9 195.3  3.39 14.21 218.56  24.88  4  2.84  8.38 216.64  24.86  1.75 14.11 217.04   8.84  0.57 15.49 298.39  11.73  0.09 10.91 316.18   7.60
19790403 030000  8.3 201.0  3.06 13.98 219.12  25.39  4  2.45  8.34 216.82  25.56  1.74 13.83 217.08   9.18  0.57 15.43 298.42  11.67  0.09 10.88 316.17   7.64
19790403 060000  8.9 210.6  2.75 13.79 220.13  24.90  3  2.05  8.03 217.83  24.92  1.74 13.64 216.98   9.50  0.57 15.38 298.63  11.94
19790403 090000  8.0 211.7  2.59 13.72 220.82  24.51  3  1.86  7.88 219.31  24.41  1.72 13.54 216.40   9.21  0.57 15.31 298.44  11.88
19790403 120000  5.7 204.5  2.51 13.80 221.41  24.07  3  2.44 13.50 218.46  18.42  0.55 15.21 298.20  11.96  0.08 17.82 296.42  10.67
19790403 150000  6.5 223.7  2.43 14.29 221.79  23.56  3  2.37 13.55 218.83  17.74  0.53 15.02 298.07  12.03  0.10 17.78 295.66  10.87
19790403 180000  7.4 229.8  2.35 14.41 222.14  23.32  3  2.29 13.74 219.16  17.41  0.51 14.73 298.10  12.07  0.10 17.77 294.96  11.82
19790403 210000  7.3 225.3  2.30 14.39 222.37  23.39  3  2.25 13.91 219.43  17.61  0.50 14.58 298.18  12.18  0.09 17.77 295.06  12.29
19790404 000000  2.6 274.6  2.21 14.30 221.97  23.30  3  2.15 13.80 218.85  16.93  0.50 14.49 298.34  12.15  0.08 17.77 296.70  11.99
19790404 030000  1.2 261.3  2.12 14.22 221.85  23.14  2  2.06 13.75 218.47  15.95  0.50 14.44 298.39  12.11
19790404 060000  1.1 200.4  2.06 14.20 221.89  22.99  3  2.00 13.82 218.27  15.04  0.49 14.40 298.00  12.47  0.11 16.71 298.56   9.77
19790404 090000  1.4 178.9  2.05 14.18 222.12  22.54  3  1.99 13.89 218.52  14.39  0.48 14.37 298.32  11.96  0.14 16.63 296.18  11.48
19790404 120000  3.6  12.4  2.09 14.11 222.27  21.64  3  2.03 13.61 219.03  13.99  0.46 14.34 298.35  11.77  0.16 16.59 296.88  11.35
19790404 150000  5.0 333.2  2.14 13.76 222.76  24.02  3  2.09 13.34 219.88  18.71  0.44 14.29 298.31  11.79  0.15 16.59 296.24  11.59
19790404 180000  4.7 267.1  2.15 13.53 222.07  22.18  4  1.60 10.78 221.18  20.47  1.36 13.33 217.43   9.74  0.42 14.22 298.17  11.91  0.13 16.60 296.23  12.03
19790404 210000  5.8 206.7  2.11 13.49 221.06  20.67  5  1.57 10.74 220.18  18.60  1.26 13.38 217.35   9.38  0.49 17.93 215.43   7.93  0.40 14.02 298.35  11.94  0.10 16.62 296.59  12.55
19790405 000000  3.7 218.5  2.03 13.53 220.10  19.99  5  1.48 10.74 218.40  17.37  1.13 13.47 217.39   8.64  0.70 16.98 215.93   7.94  0.39 13.68 298.41  12.19  0.13  9.90 274.39   9.64
19790405 030000  5.6 172.2  1.95 13.61 219.15  20.17  5  1.65 13.34 216.95  15.71  0.96 16.34 216.16   7.27  0.35 13.55 298.31  12.54  0.13  9.68 274.51   9.71  0.12 15.60 301.40   6.45
19790405 060000  5.0 161.8  1.89 15.67 218.53  20.72  4  1.85 15.97 215.99  14.47  0.33 13.49 298.81  12.25  0.17 15.54 297.50  10.97  0.14  9.50 273.52  10.53
19790405 090000  4.6 141.6  1.82 15.42 218.58  21.03  4  1.78 15.38 215.88  14.50  0.32 13.45 298.80  12.24  0.19 15.50 296.10  11.23  0.14  9.35 273.82  10.71
19790405 120000  5.3 146.6  1.76 15.31 218.19  22.19  5  1.45 13.45 213.98  18.01  0.93 15.71 218.76   8.74  0.31 13.43 298.35  12.14  0.18 15.50 295.45  12.40  0.13  9.14 273.56  10.45
19790405 150000  5.6 162.6  1.71 15.23 217.65  22.86  5  1.45 13.87 213.76  18.75  0.82 15.75 218.24   9.36  0.31 13.43 297.63  13.01  0.16 15.51 295.03  12.77  0.13  8.95 272.64  10.66
19790405 180000  7.2 197.3  1.68 13.79 217.77  21.81  4  1.64 15.07 215.17  15.99  0.30 13.43 297.97  12.49  0.13  8.76 272.12  10.61  0.13 15.53 295.17  12.67
19790405 210000 10.3 197.2  1.86 14.72 216.09  22.99  4  1.14  4.60 208.38  27.29  1.43 14.86 217.34   9.44  0.32 13.42 297.82  12.55  0.13  9.99 271.13  10.43
19790406 000000 10.2 182.7  1.98 14.58 214.06  24.91  4  1.40  5.42 206.71  28.13  1.36 14.72 217.73   9.38  0.30 13.44 298.11  12.33  0.13  9.71 270.31  10.17
19790406 030000  7.1 164.1  1.94 14.49 214.27  25.85  4  1.41  5.95 207.20  29.25  1.30 14.57 218.15   9.37  0.30 13.46 297.49  13.04  0.13  9.57 270.34  10.20
19790406 060000  2.6 155.0  1.81 14.43 216.96  23.83  5  1.27 14.44 218.23   9.61  1.25  6.20 212.24  27.79  0.22 12.73 299.91  11.79  0.18 14.49 295.28  11.38  0.05 21.80 298.84  10.80
19790406 090000  3.3 126.2  1.70 14.37 218.39  22.18  6  1.22 14.35 218.51   9.63  1.14  6.41 213.77  24.61  0.20 14.44 294.87  12.75  0.19 12.56 299.59  11.56  0.15  9.04 266.33  10.63  0.06 21.77 298.78  11.25
19790406 120000  2.7 150.5  1.61 14.26 219.12  21.44  6  1.15 14.16 218.83   9.86  1.08  6.60 214.94  22.99  0.19 12.59 300.10  11.52  0.18 14.52 293.86  11.95  0.15  8.96 265.83  10.35  0.06 21.76 298.90  11.61
19790406 150000  1.0 160.0  1.55 14.04 219.99  20.44  6  1.11 13.87 219.00   9.87  1.03  7.25 216.46  20.87  0.19 12.59 299.99  11.45  0.17 14.52 292.33  13.17  0.15  9.00 266.17  10.55  0.06 21.69 298.64  11.89
19790406 180000  5.8 240.3  1.54 13.81 221.01  19.95  6  1.12  7.71 218.71  19.09  1.02 13.75 219.41   9.84  0.20 12.59 299.63  11.60  0.15 14.53 292.30  14.03  0.13  8.55 270.40   8.07  0.07 21.15 298.24  11.02
19790406 210000  6.1 211.7  1.56 13.65 221.21  20.38  5  1.18  7.84 219.24  19.53  0.98 13.67 219.38   9.79  0.24 12.64 298.19  12.79  0.12  8.45 269.97   6.91  0.09 20.45 297.77  10.84
19790407 000000  2.4 183.2  1.52 13.51 220.79  21.01  5  1.16  7.88 218.06  19.85  0.95 13.55 219.62   9.86  0.24 12.70 298.93  12.28  0.12  8.36 269.46   6.91  0.11 20.36 296.86  12.08
19790407 030000  3.1 157.5  1.45 13.39 221.03  21.27  6  1.08  7.83 217.92  19.63  0.90 13.42 219.05   9.76  0.24 12.84 298.97  12.10  0.21 17.77 231.75   9.25  0.12  8.35 267.36   7.78  0.12 20.34 297.10  12.30
19790407 060000  2.8 180.5  1.38 13.26 221.14  21.54  6  0.99  7.79 217.17  19.61  0.88 13.27 219.35  10.12  0.25 17.66 227.87   9.85  0.24 13.25 298.20  12.48  0.13  8.20 265.05   8.40  0.11 20.33 297.27  12.96
19790407 090000  2.7 148.2  1.31 13.03 221.38  21.55  6  0.92  7.83 216.94  19.08  0.82 12.96 219.32   9.98  0.33 16.79 225.65   9.06  0.25 13.42 296.92  13.59  0.11 20.24 297.29  12.79  0.11  8.05 265.70   8.30
19790407 120000  0.7  26.2  1.25 12.78 221.77  21.74  7  0.86  7.92 216.89  18.36  0.78 12.73 219.44  10.55  0.37 16.55 223.87   9.22  0.20 13.57 294.15  14.42  0.14 11.85 301.88  11.81  0.13 19.49 296.86  11.77  0.11  7.97 264.81   8.51
19790407 150000  2.4 316.9  1.22 12.62 222.43  22.14  7  0.83  7.96 217.11  17.57  0.71 12.59 219.01  10.70  0.45 16.26 223.99   9.12  0.20 13.57 294.43  15.59  0.16 19.10 296.42  11.49  0.12 11.75 301.51  10.78  0.10  7.95 264.44   7.78
19790407 180000  4.8 254.2  1.22 12.46 223.87  23.24  7  0.84  8.04 219.01  19.65  0.69 12.46 219.42  11.08  0.46 15.79 224.96   9.31  0.19 13.60 295.28  15.96  0.19 19.03 296.27  12.06  0.12 11.76 301.79  10.78  0.10  7.86 263.34   7.94
19790407 210000  4.8 222.8  1.24 12.16 223.99  23.18  7  0.87  8.10 219.42  19.32  0.62 12.22 219.81  12.00  0.54 15.50 223.21   9.23  0.19 19.01 296.49  13.03  0.18 13.63 296.39  16.94  0.14 11.81 302.03  10.33  0.10  7.78 263.26   8.15
19790408 000000  1.6 239.8  1.24 11.95 223.35  22.85  9  0.89  8.16 218.49  18.33  0.62 11.95 220.17  11.73  0.52 15.06 223.18   9.04  0.18 19.00 296.93  14.01  0.14 13.50 287.14  12.93  0.13 11.77 303.41  11.67  0.12 13.67 313.07   6.40  0.08  7.43 265.51   7.95  0.06 20.58 221.50   6.26
19790408 030000  1.5 250.5  1.23 14.56 222.96  22.72  7  0.90  8.18 218.57  17.63  0.58 11.83 219.26  11.02  0.51 14.71 222.90   9.28  0.18 18.94 297.25  14.12  0.17 13.64 302.50  15.32  0.16 11.93 301.28  12.10  0.09 20.32 222.52   6.94
19790408 060000  3.1 215.7  1.22 14.42 223.05  23.28  6  0.87  8.18 216.88  16.27  0.59 14.48 222.28   9.43  0.52 11.58 221.12  13.83  0.24 13.32 302.32  14.06  0.20 18.46 296.52  12.84  0.14 19.48 220.99   7.35
19790408 090000  1.4 189.6  1.21 13.92 223.72  24.59  6  0.83  8.11 216.38  15.75  0.56 14.13 222.56  10.03  0.55 11.61 220.26  13.80  0.25 13.12 302.14  14.50  0.24 17.87 295.68  12.04  0.19 19.08 221.48   7.85
19790408 120000  0.6 142.2  1.17 13.59 224.73  26.11  6  0.79  8.01 215.54  15.50  0.74 13.67 222.01  12.23  0.27 17.79 295.62  12.19  0.25 18.80 221.20   7.60  0.19 13.37 311.88   8.45  0.16 12.63 287.06   9.00
19790408 150000  1.8 309.2  1.14 17.81 225.57  27.14  7  0.73 13.52 221.03  12.29  0.72  7.91 215.60  15.94  0.33 17.95 221.16   7.92  0.28 17.77 295.57  13.99  0.18 13.17 314.27   7.62  0.18 12.62 289.84   9.27  0.07 15.51 257.02   4.02
19790408 180000  7.8 244.1  1.21 17.75 229.16  28.40  8  0.84  7.80 224.80  24.80  0.64 13.37 220.54  11.06  0.44 17.74 221.15   7.48  0.27 17.76 297.13  14.20  0.19 12.71 312.76   8.78  0.17 12.73 287.03   9.49  0.11  9.94 259.46   6.81  0.07 15.32 256.93   3.95
19790408 210000  6.1 213.1  1.26 17.50 228.01  28.53  8  0.65  3.78 234.28  31.25  0.64 13.13 221.78  12.44  0.61  7.62 212.92  12.48  0.49 17.10 221.34   7.82  0.26 17.74 298.23  14.88  0.19 12.65 313.43   8.60  0.16 12.75 287.44   8.70  0.10  9.62 258.90   5.79
19790409 000000  5.2 205.5  1.23 16.76 226.17  28.81  6  0.81  7.48 219.23  27.50  0.62 16.65 222.02   9.44  0.59 12.90 222.18  12.86  0.25 17.64 297.76  14.83  0.23 12.65 309.21  11.40  0.13 12.76 278.24   7.53
19790409 030000  5.8 209.0  1.21 16.55 226.41  28.97  6  0.74  7.32 216.33  26.66  0.66 16.48 220.88   8.14  0.56 12.78 223.58  13.87  0.27 16.93 297.03  12.79  0.25 12.67 304.88  14.74  0.18 14.47 253.69   7.66
19790409 060000  7.0 182.5  1.26 16.15 224.09  30.82  6  0.77  7.08 208.72  27.92  0.76 15.70 224.06  12.59  0.47 12.46 219.78  10.23  0.31 16.67 295.55  12.23  0.25 12.64 306.87  13.18  0.14  9.53 255.86   7.69
19790409 090000  7.2 174.0  1.31 15.72 222.96  32.40  6  0.79  6.97 203.29  29.59  0.79 15.50 222.11   9.66  0.46 12.44 222.80  14.06  0.33 16.62 295.68  11.95  0.25 12.60 305.39  14.56  0.24 13.58 253.12   6.43
19790409 120000  5.0 160.5  1.30 15.63 225.33  32.32  7  0.58  3.78 197.26  36.12  0.83 15.33 223.11  10.73  0.46  6.79 213.22  12.45  0.44 12.48 223.04  14.33  0.34 16.60 296.64  12.53  0.29 13.47 252.32   7.04  0.25 12.40 305.99  14.16
19790409 150000  4.3 194.7  1.28 14.73 229.04  30.44  6  0.65  6.57 207.71  28.27  0.96 14.82 224.39  12.07  0.33 16.60 297.89  13.24  0.33 13.28 251.26   6.42  0.25 12.04 305.38  14.71  0.13  9.12 256.47   7.28
19790409 180000  8.8 208.9  1.41 14.56 228.53  28.52  4  0.81  3.69 211.23  25.25  1.08 14.57 230.08  15.33  0.31 16.58 299.38  13.60  0.24 11.92 307.29  13.34
19790409 210000 11.1 204.8  1.81 14.55 224.17  28.00  4  1.34  4.98 213.04  26.01  1.15 14.53 232.39  15.53  0.29 16.53 300.16  13.45  0.23 11.90 307.50  13.28
19790410 000000  7.1 179.5  2.10 14.38 221.28  29.31  5  1.67  6.17 210.84  28.14  1.23 14.35 234.11  15.58  0.23 11.89 307.54  13.24  0.20 16.01 289.18   6.72  0.19 16.42 310.53   6.78
19790410 030000  8.0 179.5  2.13 13.80 223.56  28.85  5  1.64  6.73 212.20  28.01  1.08 14.37 227.87  12.64  0.73 13.40 252.77   7.88  0.28 15.64 299.00  10.84  0.21 11.82 310.42  11.21
19790410 060000  7.1 178.0  2.14 13.48 225.27  28.16  5  1.59  6.91 212.78  27.22  1.11 13.93 227.30  12.34  0.82 13.15 252.41   7.66  0.33 15.55 295.29  12.25  0.19 11.77 311.42  10.28
19790410 090000  6.9 173.9  2.13 13.22 226.87  27.24  7  1.50  7.01 213.43  26.37  0.93 13.93 224.49  10.05  0.92 12.72 252.72   7.41  0.65 15.78 226.45   9.36  0.34 15.52 295.24  12.43  0.15 11.34 315.21   8.46  0.14 13.18 299.63  12.66
19790410 120000  6.7 165.3  2.15 15.30 227.80  26.44  6  1.43  7.04 213.55  26.17  1.28 14.82 227.74  12.61  0.89 12.38 251.92   9.42  0.34 15.51 295.62  12.89  0.17 11.29 312.09  10.03  0.06 24.94 297.45  11.50
19790410 150000  7.9 197.5  2.22 15.20 228.30  24.64  5  1.42  7.18 214.92  24.89  1.46 14.72 229.25  13.01  0.83 11.92 254.33  15.26  0.33 15.50 296.45  13.38  0.06 24.92 297.36  11.87
19790410 180000 11.4 207.3  2.55 14.85 225.90  23.55  6  1.84  7.29 217.03  23.97  1.64 14.52 229.91  12.66  0.58 12.18 260.38   7.98  0.30 15.49 297.74  13.87  0.13 11.04 316.57   7.45  0.07 24.82 296.99  11.55
19790410 210000 11.2 205.9  2.87 14.24 224.87  23.47  5  2.18  7.23 218.00  24.81  1.84 14.19 232.19  14.66  0.27 15.45 298.77  13.66  0.14 11.18 312.36  10.37  0.09 23.90 296.31  11.30
19790411 000000  7.4 195.1  2.97 13.65 225.07  23.79  5  2.25  7.75 219.30  26.35  1.91 13.62 231.11  14.13  0.25 15.29 298.81  13.10  0.12 11.08 316.05   7.30  0.11 23.39 295.85  11.37
19790411 030000  6.8 192.8  2.89 13.35 226.18  22.92  4  2.14  8.00 221.69  26.14  1.92 13.34 230.00  13.86  0.27 14.67 299.22  14.09  0.13 23.32 295.49  12.09
19790411 060000  6.8 182.8  2.79 12.86 226.42  22.14  4  2.00  8.25 221.92  25.35  1.91 12.86 229.58  13.77  0.28 14.55 297.77  14.93  0.13 23.30 295.67  12.87
19790411 090000  5.7 177.0  2.74 12.57 226.59  21.43  5  1.97  9.27 222.82  24.15  1.87 12.56 228.98  13.77  0.26 14.50 294.61  13.12  0.14 23.23 295.92  12.58  0.10 12.54 316.06   7.51
19790411 120000  6.3 184.0  2.72 12.32 226.64  20.91  5  2.55 12.30 225.60  20.35  0.87 14.57 227.67   8.34  0.27 14.50 294.28  13.59  0.16 22.55 295.06  11.83  0.10 12.55 316.23   7.50
19790411 150000  7.1 208.9  2.66 11.79 226.46  20.77  4  2.63 11.79 225.48  19.03  0.27 14.49 293.15  14.81  0.21 21.88 294.29  11.56  0.09 12.54 317.04   7.17
19790411 180000  9.4 212.7  2.62 11.64 225.69  21.21  5  2.43 11.64 224.32  20.26  0.90 13.76 226.72   9.62  0.25 14.48 294.08  14.85  0.25 21.80 294.13  12.19  0.08 12.43 318.55   6.21
19790411 210000  9.5 208.5  2.60 11.24 224.90  21.93  4  2.40 11.24 223.70  21.37  0.93 13.56 225.11   9.11  0.25 21.78 294.34  12.95  0.24 14.47 297.09  15.52
19790412 000000  6.3 209.4  2.54 10.96 224.62  22.34  5  2.34 10.95 223.41  22.06  0.95 13.16 225.42   9.75  0.23 21.75 295.19  13.39  0.21 14.41 299.01  14.93  0.05 17.21 298.40   9.00
19790412 030000  5.1 194.8  2.47 10.79 225.00  22.08  6  2.23 10.75 223.91  21.82  1.00 12.81 224.28   9.53  0.24 21.52 295.12  12.64  0.19 14.28 297.04  15.68  0.08 11.68 314.54   9.28  0.07 16.70 296.78  10.48
19790412 060000  3.1 193.0  2.42 10.33 225.55  21.78  6  2.17 10.32 224.00  20.91  1.00 12.70 225.10   9.76  0.30 20.54 294.10  11.75  0.18 13.76 295.50  16.54  0.08 16.64 296.85  10.73  0.08 11.66 316.46   7.43
19790412 090000  3.2 204.5  2.44 10.27 225.70  21.49  6  2.18 10.27 224.13  19.70  1.01 12.70 223.37  10.76  0.37 20.40 293.55  11.87  0.18 13.61 295.99  15.80  0.08 16.59 294.81  13.78  0.08 11.65 315.35   8.79
19790412 120000  1.4 219.7  2.48 10.30 224.94  20.99  7  2.18 10.30 223.65  19.03  1.10 12.61 221.33  10.11  0.39 20.36 293.56  12.65  0.17 13.56 296.71  14.96  0.14 19.25 222.14   7.07  0.08 11.68 315.56   8.76  0.07 16.60 297.60  11.68
19790412 150000  2.2 246.2  2.46 10.35 223.84  20.43  7  2.16 10.35 222.36  18.16  1.06 12.76 221.13  10.68  0.37 20.35 294.14  13.54  0.22 18.88 224.03   8.22  0.18 13.54 296.39  14.95  0.08 11.69 315.77   8.72  0.07 16.55 298.22  11.39
19790412 180000  6.1 213.8  2.39 10.39 222.75  20.20  7  1.90 10.06 221.87  18.89  1.36 12.03 219.66  11.38  0.35 20.30 295.34  13.98  0.33 18.00 222.10   8.53  0.18 13.53 296.78  15.01  0.08 11.73 316.09   8.50  0.08 16.11 298.99   9.41
19790412 210000  6.7 201.7  2.31 11.73 221.92  20.90  6  1.81 10.05 220.64  19.41  1.32 12.06 218.60  10.56  0.40 17.88 221.88   9.29  0.36 19.98 295.40  13.22  0.19 13.52 299.17  16.70  0.09 15.61 297.67  10.28
19790413 000000  3.7 206.3  2.23 11.86 221.88  22.30  6  1.64 10.01 219.22  20.29  1.28 11.85 218.68  10.63  0.62 17.40 220.49   8.79  0.43 19.17 294.52  12.39  0.19 13.50 300.03  16.70  0.11 15.55 297.57  10.69
19790413 030000  4.7 213.0  2.16 18.91 222.81  23.19  5  1.96 11.93 219.12  16.68  0.73 16.83 219.20   8.68  0.50 19.06 294.07  12.44  0.18 13.47 301.15  16.76  0.11 15.53 297.65  11.41
19790413 060000  4.3 180.5  2.14 18.92 222.98  23.23  5  1.87 12.02 219.28  16.24  0.89 16.64 217.82   8.71  0.52 19.03 294.30  12.95  0.17 13.41 302.28  17.04  0.10 15.53 298.22  11.52
19790413 090000  1.8 180.0  2.14 18.88 222.70  22.38  5  1.73 12.09 219.36  16.13  1.14 16.35 218.13   8.01  0.51 19.01 294.99  13.61  0.17 13.22 303.29  17.27  0.09 15.52 298.96  11.75
19790413 120000  2.2 271.4  2.14 18.75 222.27  21.27  5  1.64 12.05 219.78  15.55  1.27 15.81 217.69   8.16  0.47 18.98 296.16  13.97  0.15 12.79 305.41  16.60  0.09 15.37 298.03  12.14
19790413 150000  2.6 297.0  2.16 15.62 222.25  20.83  5  1.49 11.68 220.16  15.93  1.47 15.63 217.90   7.86  0.47 18.84 296.57  13.79  0.15 12.66 305.36  17.15  0.11 14.72 298.11  10.59
19790413 180000  4.8 246.5  2.19 17.60 222.98  21.50  5  1.60 15.59 217.46   7.75  1.40 10.96 221.88  16.88  0.51 18.15 295.97  13.24  0.15 12.61 305.20  17.31  0.12 14.57 297.84  10.88
19790413 210000  3.8 211.4  2.21 17.56 223.61  22.42  4  2.13 15.57 219.26  12.41  0.57 17.86 295.33  13.02  0.15 12.59 304.95  17.35  0.14 14.53 297.99  11.53
19790414 000000  1.2 234.8  2.18 17.51 224.12  23.28  5  1.80 15.76 218.50   8.16  1.06  8.79 220.83  18.75  0.60 17.80 295.43  13.17  0.15 12.59 305.01  17.24  0.13 14.51 298.33  11.56
19790414 030000  1.7 196.8  2.13 17.39 224.40  23.88  5  1.76 16.12 218.50   8.18  1.00  8.77 220.29  18.09  0.61 17.77 296.02  13.61  0.16 12.59 304.54  17.49  0.13 14.51 298.59  11.85
19790414 060000  3.7 176.2  2.06 17.23 224.18  24.39  5  1.72 15.78 218.66   8.36  0.94  8.73 218.32  19.39  0.60 17.75 296.71  13.91  0.16 12.59 304.73  17.11  0.11 14.49 298.84  12.12
19790414 090000  2.1 143.7  1.96 15.54 224.63  24.55  5  1.68 15.45 218.93   8.47  0.82  8.25 218.70  19.91  0.58 17.71 297.37  13.94  0.16 12.63 304.50  16.57  0.10 14.49 299.68  12.36
19790414 120000  2.4 156.2  1.88 15.40 225.63  25.09  5  1.63 15.29 219.55   9.28  0.72  8.17 218.66  19.12  0.57 17.59 297.17  14.07  0.18 13.02 304.59  14.35  0.06 23.36 309.41   8.06
19790414 150000  1.2 245.4  1.81 15.28 227.18  26.00  4  1.71 15.15 220.15  11.59  0.58 17.11 296.71  13.88  0.19 13.53 304.08  14.35  0.08 23.31 310.17   8.03
19790414 180000  6.0 229.9  1.79 14.89 229.18  26.93  6  0.66  7.67 224.13  22.85  1.54 14.90 221.13  10.41  0.60 16.75 296.22  13.84  0.16 13.54 298.39  12.03  0.10 11.07 318.52   6.90  0.08 23.29 311.30   8.24
19790414 210000  5.9 210.0  1.79 14.51 230.43  27.69  5  1.67 14.53 222.43  14.41  0.61 16.65 296.20  13.98  0.16 13.55 298.08  12.25  0.10 11.02 318.53   6.87  0.09 23.12 311.16   8.57
19790415 000000  3.6 199.2  1.78 14.33 231.07  28.49  4  1.65 14.34 222.73  15.42  0.62 16.61 296.40  14.29  0.17 13.54 306.30  12.79  0.13 21.97 309.51   8.28
19790415 030000  4.5 151.7  1.76 14.23 231.80  29.31  6  1.42 14.29 222.03  10.38  0.70  7.08 218.02  26.52  0.62 16.59 296.87  14.27  0.39 12.72 251.84   6.84  0.17 13.54 306.50  12.69  0.17 21.81 309.41   8.10
19790415 060000  4.7 156.6  1.74 16.47 232.33  29.44  7  1.42 14.13 222.48  10.70  0.65  6.90 216.29  26.33  0.61 16.55 297.15  14.55  0.42 12.66 252.27   6.17  0.18 21.78 309.97   8.22  0.14 13.51 301.36  10.66  0.09 10.74 318.74   7.27
19790415 090000  5.0 151.8  1.73 16.43 232.27  29.78  7  1.35 13.79 222.48  11.36  0.63  6.77 211.87  28.37  0.60 16.49 296.82  15.22  0.42 12.60 252.99   6.30  0.41 16.88 229.42   5.70  0.18 21.77 310.95   8.34  0.17 13.44 306.77  12.54
19790415 120000  4.2 171.8  1.71 16.24 232.84  29.90  7  1.38 13.61 222.83  10.96  0.61  6.60 211.09  29.27  0.59 16.37 296.91  14.81  0.49 12.23 251.92   6.39  0.20 21.50 310.54   8.36  0.14 13.22 300.78  11.72  0.09 10.49 318.35   7.18
19790415 150000  1.1 176.1  1.70 15.63 234.02  29.80  7  1.40 13.56 223.46  11.60  0.57 16.00 297.15  14.32  0.54  6.41 211.29  27.66  0.49 12.00 252.42   6.50  0.26 20.49 309.26   8.26  0.14 12.70 300.31  11.69  0.09 10.43 318.31   7.20
19790415 180000  5.5 238.0  1.72 15.44 235.08  29.52  8  0.53  6.24 219.46  26.75  1.31 13.62 222.52  12.21  0.55 15.68 296.68  15.00  0.54 15.75 230.26   6.34  0.49 11.90 253.17   6.85  0.32 20.39 309.14   8.35  0.14 12.66 301.22  10.80  0.09 10.38 318.20   7.40
19790415 210000  5.2 216.9  1.76 15.27 234.61  29.18  7  0.58  6.01 221.94  27.01  1.45 13.76 223.82  12.41  0.54 15.57 297.20  14.56  0.49 11.67 253.14   7.74  0.33 20.37 309.51   8.52  0.13 12.64 302.78  10.28  0.09 10.34 318.20   7.39
19790416 000000  1.7 242.1  1.77 15.06 233.88  28.65  7  1.56 14.06 222.69  14.08  0.54 11.23 255.33   7.26  0.53 15.52 297.75  14.51  0.31 20.36 310.21   8.52  0.14 19.30 212.16   5.26  0.13 12.65 302.51  10.26  0.09 10.30 318.25   7.26
19790416 030000  1.7 254.1  1.81 13.02 233.40  28.50  7  1.58 13.10 222.90  13.58  0.53 15.48 298.17  14.34  0.51 11.36 256.63   6.74  0.33 20.11 310.00   8.27  0.28 18.30 212.70   5.93  0.13 12.64 302.58  10.24  0.09 10.30 317.46   8.26
19790416 060000  4.5 204.8  1.91 15.19 232.94  28.90  7  1.55 13.18 222.37  12.73  0.67 16.74 217.82  10.06  0.54 10.86 255.61   7.33  0.54 15.44 297.63  15.02  0.41 19.17 309.20   8.26  0.13 12.64 302.66   9.96  0.08 10.19 318.99   6.62
19790416 090000  3.1 137.4  2.05 15.38 231.73  28.71  4  1.81 15.34 221.57  10.90  0.64 10.68 246.86  28.75  0.53 15.40 298.45  13.96  0.48 19.07 309.00   8.50
19790416 120000  1.8 228.6  2.19 15.15 230.36  26.95  4  2.06 15.00 223.47  13.53  0.53 15.33 297.67  14.78  0.49 19.05 309.16   8.76  0.14 12.56 307.52  11.93
19790416 150000  5.5 220.6  2.30 14.53 229.30  24.72  3  2.20 14.40 223.92  13.08  0.52 15.23 298.71  14.42  0.45 19.06 309.50   8.84
19790416 180000  7.2 203.2  2.41 14.23 228.67  23.55  3  2.32 14.07 224.23  13.61  0.48 14.92 298.87  14.68  0.44 18.97 309.58   8.56
19790416 210000  6.1 201.5  2.47 13.90 229.52  23.82  3  2.38 13.73 224.93  13.65  0.51 18.11 309.27   8.35  0.45 14.65 299.14  14.87
19790417 000000  6.7 199.5  2.53 13.78 230.63  24.78  3  2.42 13.63 225.43  13.68  0.60 17.87 309.02   8.48  0.43 14.53 299.47  14.87
19790417 030000  5.9 188.0  2.55 14.00 231.21  25.08  3  2.44 13.73 225.84  13.79  0.63 17.84 309.02   8.77  0.42 14.46 299.98  14.35
19790417 060000  6.8 198.2  2.56 14.40 231.18  24.63  4  2.45 14.36 226.05  13.61  0.61 17.84 309.11   8.99  0.40 14.43 299.48  14.08  0.11 11.77 309.74   9.88
19790417 090000  7.9 189.3  2.60 14.35 230.25  24.32  4  0.69  3.73 204.69  28.94  2.40 14.32 227.19  11.35  0.58 17.83 309.24   9.01  0.41 14.39 300.03  13.83
19790417 120000  4.5 174.7  2.59 14.24 230.39  24.30  4  0.70  4.06 206.81  31.94  2.40 14.20 227.27  11.28  0.57 17.72 309.31   8.84  0.41 14.36 299.92  13.76
19790417 150000  3.4 215.8  2.55 14.08 231.66  24.45  4  2.38 13.99 227.40  11.37  0.61 17.00 309.25   8.67  0.57  4.28 210.93  31.22  0.40 14.33 300.14  13.91
19790417 180000  5.1 206.1  2.52 13.82 232.70  25.18  3  2.40 13.75 226.93  12.93  0.67 16.77 309.18   8.61  0.39 14.28 300.33  14.14
19790417 210000  6.2 219.0  2.48 13.63 233.10  25.77  3  2.35 13.60 226.94  12.96  0.69 16.72 309.14   8.78  0.36 14.17 301.08  14.17
19790418 000000  2.4 188.0  2.41 13.49 233.08  26.16  4  2.29 13.47 226.81  13.41  0.69 16.71 309.21   8.89  0.33 13.81 300.53  14.94  0.06 21.75 306.79   8.38
19790418 030000  1.4 219.4  2.30 13.38 233.19  26.10  4  2.18 13.35 226.86  12.97  0.66 16.69 309.28   8.97  0.31 13.62 300.97  14.95  0.06 21.65 306.73   8.40
19790418 060000  2.7 209.0  2.23 13.27 233.35  26.14  3  2.11 13.23 226.92  12.67  0.65 16.64 309.47   8.90  0.29 13.50 300.88  14.34
19790418 090000  4.3 207.9  2.20 13.15 233.19  26.59  4  2.08 13.06 226.55  12.96  0.65 16.46 309.50   8.91  0.29 13.47 301.74  14.01  0.10 20.39 306.02   8.84
19790418 120000  0.8 249.5  2.18 13.04 233.08  27.23  4  2.06 12.95 226.05  13.09  0.66 16.04 309.47   8.86  0.29 13.45 302.05  13.73  0.12 20.35 306.45   8.57
19790418 150000  3.8 243.7  2.17 13.02 232.96  27.70  4  2.04 12.94 225.62  13.07  0.67 15.84 309.39   8.89  0.29 13.46 302.61  13.45  0.12 20.33 306.59   8.49
19790418 180000  7.4 201.9  2.27 15.54 230.75  27.65  4  2.15 13.01 223.94  13.86  0.67 15.77 309.29   8.96  0.30 13.52 303.46  13.11  0.10 20.32 306.76   8.73
19790418 210000  7.0 209.7  2.40 15.55 228.16  27.29  2  2.28 13.55 222.15  14.76  0.74 15.72 308.36   9.95
19790419 000000  4.8 187.4  2.50 15.51 226.42  26.48  4  2.01 13.59 222.88  15.28  1.29 15.90 216.75  11.81  0.71 15.67 308.63   9.90  0.16 19.09 305.70   9.24
19790419 030000  5.7 199.4  2.59 15.46 225.03  25.34  3  2.49 15.18 220.33  14.05  0.69 15.59 309.00   9.61  0.18 19.03 305.91   9.03
19790419 060000  6.8 190.9  2.72 15.42 223.51  24.37  3  2.63 15.31 219.57  14.46  0.66 15.48 309.22   9.52  0.18 19.01 306.25   8.82
19790419 090000  4.9 176.1  2.83 15.39 223.02  23.21  3  2.75 15.41 219.67  14.36  0.64 15.37 309.40   9.43  0.16 18.99 306.40   9.01
19790419 120000  3.6 184.3  2.94 15.35 222.79  22.20  3  2.86 15.39 219.82  13.96  0.63 15.28 309.56   9.39  0.17 18.77 304.83   9.31
19790419 150000  4.1 231.3  3.00 15.30 222.64  21.70  2  2.93 15.33 219.82  13.66  0.64 15.22 309.21   9.43
19790419 180000  6.9 213.0  3.03 15.20 222.67  21.49  3  2.96 15.22 219.92  13.59  0.61 15.16 309.58   9.31  0.21 17.81 305.31   9.40
19790419 210000  5.8 210.4  3.03 15.12 222.69  21.40  3  2.96 15.16 219.98  13.58  0.60 15.05 309.54   9.33  0.21 17.78 305.61   9.28
19790420 000000  2.6 192.0  3.03 15.19 222.72  20.95  3  2.96 15.30 220.11  13.22  0.60 14.80 309.54   9.36  0.20 17.77 306.29   9.17
19790420 030000  3.0 233.0  3.04 15.26 222.77  20.34  3  2.97 15.37 220.32  12.79  0.59 14.61 309.42   9.55  0.17 17.77 308.14   8.37
19790420 060000  3.2 188.3  3.04 15.27 222.81  19.76  2  2.98 15.37 220.52  12.47  0.59 14.49 309.35   9.52
19790420 090000  3.7 175.2  3.03 15.23 222.87  19.35  2  2.97 15.33 220.68  12.26  0.58 14.43 309.32   9.59
19790420 120000  0.8 340.0  2.99 15.10 223.04  19.07  3  2.94 15.24 220.90  11.99  0.52 14.39 310.20   9.32  0.23 16.64 305.18   9.64
19790420 150000  3.9 283.8  2.94 14.92 223.48  19.39  3  2.88 15.11 221.32  12.50  0.51 14.35 310.38   9.27  0.23 16.61 305.54   9.40
19790420 180000  4.4 242.9  2.85 14.77 223.64  19.24  3  2.80 14.91 221.42  12.02  0.50 14.31 310.44   9.29  0.22 16.60 306.39   9.43
19790420 210000  4.4 222.9  2.76 14.66 223.71  19.15  3  2.71 14.74 221.47  11.73  0.50 14.26 310.25   9.68  0.18 16.60 307.59   7.77
19790421 000000  3.0 201.7  2.69 14.60 223.62  19.19  2  2.64 14.66 221.37  11.72  0.52 14.17 309.87   9.67
19790421 030000  2.6 225.1  2.62 14.63 223.56  19.21  2  2.57 14.67 221.26  11.53  0.51 13.86 309.71   9.95
19790421 060000  3.6 185.3  2.55 14.74 223.27  19.41  2  2.50 14.76 220.93  11.68  0.50 13.63 309.64  10.10
19790421 090000  2.8 158.1  2.47 15.06 223.28  19.34  3  2.42 14.97 220.92  11.40  0.42 13.50 311.56   9.31  0.25 15.51 304.56  10.13
19790421 120000  1.3 291.2  2.40 15.10 223.53  19.23  3  2.35 15.03 221.12  10.98  0.41 13.43 311.74   9.54  0.26 15.48 305.81   9.58
19790421 150000  4.5 235.0  2.34 14.91 224.01  19.29  4  2.29 14.81 221.56  10.89  0.41 13.42 311.51   9.47  0.22 15.51 306.16  10.19  0.09 17.76 317.88   7.51
19790421 180000  5.4 204.0  2.30 14.69 224.27  19.26  4  2.26 14.69 221.83  10.87  0.41 13.41 311.45   9.42  0.20 15.49 306.56  10.82  0.10 17.75 318.22   7.33
19790421 210000  6.4 213.1  2.28 14.94 224.48  19.22  4  2.23 14.93 222.09  11.09  0.43 13.44 310.42  10.33  0.12 15.51 310.64   4.96  0.10 17.73 317.79   7.74
19790422 000000  4.4 193.4  2.30 16.01 224.58  19.39  3  2.26 17.20 222.27  11.86  0.45 13.50 310.28  10.25  0.07 17.77 316.62   9.42
19790422 030000  2.7 195.5  2.33 17.07 225.08  18.87  3  2.29 17.21 222.79  11.15  0.44 13.65 309.91  10.52  0.12 16.58 316.54   7.89
19790422 060000  1.9 213.8  2.40 16.42 225.57  18.12  3  2.36 16.39 223.37  10.22  0.44 14.14 309.98  10.58  0.16 16.59 316.80   8.44
19790422 090000  1.6 196.3  2.48 16.19 225.93  17.25  3  2.43 16.14 223.94   9.63  0.42 14.28 310.19  10.40  0.17 16.59 317.01   8.47
19790422 120000  0.4  59.9  2.51 15.95 226.29  16.48  4  2.47 15.87 224.52   9.52  0.34 12.60 313.28   9.02  0.23 14.48 304.24  10.47  0.15 16.59 317.28   8.21
19790422 150000  2.7 318.3  2.48 15.50 226.79  16.04  4  2.45 15.54 225.20   9.75  0.33 12.57 313.07   9.21  0.22 14.52 306.78  10.85  0.11 16.59 316.67   8.86
19790422 180000  3.0 247.1  2.45 15.40 227.54  16.58  3  2.41 15.43 225.99  10.89  0.34 12.60 311.41  10.69  0.20 15.12 313.69   8.08
19790422 210000  4.7 200.7  2.41 15.37 227.76  16.96  3  2.38 15.37 226.11  11.03  0.34 12.64 311.33  10.48  0.21 15.45 314.78   9.00
19790423 000000  3.6 199.9  2.39 15.31 227.78  17.49  3  2.35 15.29 226.03  11.43  0.35 12.75 310.66  10.69  0.22 15.51 315.81   9.25
19790423 030000  4.9 201.3  2.37 15.24 227.67  17.69  3  2.34 15.21 225.89  11.70  0.35 12.99 310.21  10.97  0.21 15.51 315.28   9.66
19790423 060000  5.5 172.8  2.37 15.08 227.17  18.17  3  2.34 15.03 225.49  12.83  0.36 13.21 310.42  10.77  0.18 15.51 314.24  10.40
19790423 090000  4.5 177.0  2.36 14.70 227.01  18.25  2  2.32 14.72 225.41  13.23  0.39 13.37 311.15  10.85
19790423 120000  3.6 152.3  2.33 14.53 227.08  18.30  2  2.30 14.56 225.45  13.12  0.39 14.03 311.86  10.69
19790423 150000  2.5 218.1  2.28 14.41 227.19  18.53  2  2.24 14.42 225.46  13.00  0.39 14.33 312.60  10.59
19790423 180000  5.9 226.3  2.22 14.31 227.13  18.92  2  2.19 14.30 225.37  13.42  0.38 14.41 312.95  10.67
19790423 210000  6.1 210.8  2.15 14.22 226.85  19.39  4  2.12 14.19 225.12  14.20  0.25 11.89 313.38   9.65  0.25 14.43 314.10  10.67  0.10 16.68 301.93   9.59
19790424 000000  2.0 183.7  2.06 14.08 226.61  19.73  5  2.03 14.04 224.85  14.60  0.26 11.92 312.91   9.75  0.21 14.45 313.71  12.02  0.11 16.64 301.24  10.85  0.06 21.87 211.31   6.63
19790424 030000  2.8 198.9  1.94 13.61 226.59  20.13  5  1.91 13.60 224.70  14.61  0.25 11.80 311.61  10.85  0.22 14.18 314.10  11.14  0.12 21.15 210.34   6.10  0.11 16.62 301.42  11.00
19790424 060000  6.0 178.0  1.87 13.41 225.63  21.76  5  1.83 13.40 223.63  16.06  0.24 13.57 313.48  10.71  0.24 11.71 311.77  11.53  0.21 20.17 210.37   6.48  0.11 16.60 301.80  11.32
19790424 090000  5.5 183.4  1.85 13.32 224.27  23.21  4  1.78 13.30 222.33  17.51  0.35 13.47 312.87  10.99  0.35 19.25 211.27   6.35  0.10 16.60 302.70  11.60
19790424 120000  4.0 185.0  1.83 13.26 223.45  22.99  4  1.70 13.20 222.12  17.17  0.56 18.40 211.46   6.33  0.35 13.46 312.79  11.15  0.09 16.58 305.44  10.02
19790424 150000  3.7 222.2  1.84 13.18 222.34  22.04  4  1.64 12.99 222.00  16.15  0.76 17.57 211.05   6.95  0.35 13.46 312.60  11.39  0.10 16.38 305.43   8.96
19790424 180000  3.0 229.7  1.87 16.70 221.30  21.24  4  1.50 12.87 222.51  16.45  1.05 16.75 212.45   6.96  0.33 13.43 312.86  11.21  0.13 15.71 303.31  10.14
19790424 210000  7.2 211.3  1.90 16.35 220.47  21.09  4  1.86 16.39 218.43  14.96  0.26 13.32 310.99  12.98  0.18 10.97 316.06   8.33  0.16 15.60 303.56  10.00
19790425 000000  5.0 205.4  1.89 15.79 220.15  21.46  5  0.54  3.48 211.93  31.19  1.77 15.85 218.64  13.02  0.25 12.92 312.43  12.45  0.17 10.91 315.15   8.80  0.16 15.56 303.81  10.51
19790425 030000  6.0 190.3  1.84 15.45 219.76  22.13  3  1.81 15.44 217.69  16.21  0.30 12.72 313.84  11.07  0.16 15.54 304.39  10.94
19790425 060000  6.6 205.3  1.79 15.24 219.83  22.41  4  0.55  3.35 203.94  33.16  1.67 15.20 219.03  12.81  0.30 12.66 313.94  11.04  0.15 15.53 305.29  11.30
19790425 090000  7.3 206.1  1.77 15.03 220.45  22.34  5  0.65  3.65 210.40  30.42  1.61 14.88 219.56  12.76  0.25 12.63 312.60  11.93  0.16 10.86 316.73   7.45  0.13 15.52 306.33  11.26
19790425 120000  3.8 214.5  1.70 14.76 221.64  22.83  4  0.60  3.78 212.71  33.44  1.55 14.69 220.33  12.72  0.29 12.60 313.40  11.04  0.13 15.47 306.71  10.41
19790425 150000  3.7 217.6  1.61 14.76 223.60  22.63  5  0.48  3.76 217.25  34.14  1.50 14.73 221.42  12.89  0.29 12.55 312.84  11.45  0.15 15.24 306.41   9.48  0.13 21.93 227.55   7.77
19790425 180000  6.9 229.4  1.59 14.65 225.54  22.67  5  0.50  3.60 222.79  31.42  1.44 14.65 222.62  13.12  0.32 20.14 227.82   8.46  0.28 12.44 312.75  11.53  0.18 14.71 305.35   9.84
19790425 210000  7.7 218.1  1.70 14.53 226.87  23.06  5  0.75  3.87 225.08  29.27  1.40 14.52 223.90  13.12  0.48 19.85 227.13   8.07  0.28 12.15 312.46  12.02  0.20 14.59 305.33  10.07
19790426 000000  4.0 187.5  1.74 14.40 227.14  22.85  5  0.71  4.16 220.26  32.30  1.39 14.36 225.16  13.20  0.69 19.07 227.59   8.14  0.27 11.96 312.65  12.05  0.20 14.56 305.79  10.23
19790426 030000  3.2 200.8  1.84 18.50 227.77  20.80  5  1.37 14.22 226.88  13.43  1.00 18.50 226.13   8.14  0.62  4.26 219.02  32.52  0.26 11.88 313.14  11.76  0.20 14.54 306.29  10.65
19790426 060000  4.2 199.4  1.98 17.74 227.90  18.57  4  1.47 14.10 226.96  17.37  1.28 17.74 225.79   8.37  0.25 11.83 314.35  10.22  0.19 14.53 307.63  10.30
19790426 090000  3.8 183.9  2.09 17.31 227.89  17.06  3  2.07 17.31 226.71  13.16  0.24 11.80 314.52  10.04  0.17 14.53 308.70  10.15
19790426 120000  1.5 181.4  2.14 16.62 228.03  16.30  3  2.12 16.62 226.94  12.53  0.24 11.76 314.32  10.19  0.16 14.49 309.17   9.53
19790426 150000  2.6 269.8  2.14 16.32 228.58  16.05  3  2.12 16.32 227.45  12.11  0.24 11.71 314.37  10.08  0.18 14.36 308.29   9.42
19790426 180000  4.8 258.9  2.14 15.75 229.59  16.70  3  2.12 15.76 228.39  12.83  0.23 11.63 314.14  10.22  0.20 14.05 307.66   9.41
19790426 210000  3.3 230.0  2.12 15.43 230.28  16.98  3  2.10 15.44 228.99  13.01  0.23 11.44 313.46  10.83  0.22 13.78 307.56   9.42
19790427 000000  1.4 221.0  2.10 15.25 230.95  16.89  3  2.08 15.27 229.68  13.01  0.22 13.71 307.62   9.60  0.21 11.17 314.65   9.20
19790427 030000  3.1 337.8  2.10 15.01 232.05  18.46  3  2.07 15.04 230.85  15.34  0.22 13.67 307.86   9.79  0.20 11.10 314.62   9.21
19790427 060000  2.6 291.0  2.12 14.58 232.63  17.89  3  2.10 14.60 231.57  15.03  0.21 13.64 308.65   9.86  0.20 11.06 314.72   9.14
19790427 090000  2.9  34.9  2.16 14.37 232.95  17.69  3  2.15 14.40 231.98  15.07  0.20 13.60 309.51   9.79  0.19 11.03 314.83   9.07
19790427 120000  5.7 354.8  2.22 14.21 233.33  20.81  3  2.20 14.25 232.38  18.78  0.21 13.56 310.04   9.68  0.19 11.00 315.01   9.02
19790427 150000  4.6 323.5  2.24 13.88 233.38  22.01  5  1.87 13.96 236.17  21.93  1.21 16.62 223.83  10.62  0.21 13.53 310.92   9.35  0.18 10.96 315.43   8.66  0.08 16.72 299.87  10.47
19790427 180000  3.7 309.3  2.24 13.76 233.17  22.01  4  2.22 13.82 232.15  20.01  0.21 13.48 311.27   8.69  0.18 10.91 315.24   8.82  0.10 16.70 300.67  11.20
19790427 210000  4.5 327.5  2.27 15.51 233.61  22.82  5  0.47  4.77 305.35  25.28  2.20 15.50 230.24  15.32  0.22 13.40 309.94   9.82  0.17 10.82 315.10   8.96  0.11 16.72 300.46  11.18
19790428 000000 11.7  18.6  2.38 15.37 236.62  31.69  4  2.37 15.36 235.72  30.82  0.21 13.24 310.42   9.10  0.15 10.52 316.43   7.37  0.10 16.78 299.12  11.12
19790428 030000  6.1   9.9  2.46 15.14 237.81  33.92  4  2.44 15.14 236.98  33.25  0.21 12.86 309.87   9.90  0.15 10.40 316.29   7.38  0.10 16.73 297.21  13.27
19790428 060000  2.3  36.2  2.48 14.91 236.22  29.56  3  2.46 14.91 235.46  28.70  0.23 12.75 310.11   9.55  0.15 10.40 314.85   8.77
19790428 090000  1.1 344.5  2.50 14.68 235.55  26.48  3  2.49 14.68 234.78  25.42  0.24 12.70 309.91  10.12  0.14 10.32 316.21   7.41
19790428 120000  1.1 226.8  2.51 14.50 235.21  24.81  5  2.44 14.50 232.81  22.63  0.49  9.46 274.20   8.18  0.22 12.69 311.35   9.97  0.14 16.13 300.98  12.66  0.13 10.30 316.15   7.65
19790428 150000  1.8 276.8  2.49 14.37 234.63  23.75  5  2.41 14.37 231.46  20.50  0.57  9.25 277.04   9.44  0.22 12.67 311.23  10.30  0.17 15.81 299.50  12.75  0.13 10.27 315.89   7.52
19790428 180000  4.5 216.4  2.47 14.18 233.71  22.81  4  2.45 14.18 232.84  21.33  0.21 12.64 311.57  10.08  0.17 15.72 298.10  12.72  0.13 10.28 314.59   8.79
19790428 210000  3.8 210.9  2.43 13.73 232.62  22.04  5  2.36 13.74 229.74  18.32  0.51  9.10 278.91   9.83  0.21 12.58 311.19   9.93  0.17 15.67 297.86  13.05  0.11 10.16 316.54   7.34
19790429 000000  4.6 177.0  2.39 13.56 231.35  21.55  3  2.30 13.58 227.71  16.66  0.62  9.07 279.05  12.01  0.22 12.41 312.97   8.99
19790429 030000  3.2 158.4  2.34 13.52 230.26  21.18  3  2.32 13.54 229.47  19.54  0.22 12.02 312.14   9.76  0.15 15.60 301.54  13.55
19790429 060000  4.8 169.5  2.29 13.46 229.21  21.19  4  2.22 13.48 226.14  16.07  0.48  7.99 282.28  10.00  0.23 11.92 312.23   9.76  0.16 15.54 304.16  11.97
19790429 090000  6.3 162.4  2.27 13.34 227.64  22.19  4  2.16 13.35 224.34  14.27  0.64  7.40 264.13  40.97  0.22 11.89 312.88   9.19  0.18 15.47 303.80  11.15
19790429 120000  4.8 154.2  2.25 13.26 226.19  23.08  3  2.23 13.26 225.15  21.04  0.22 11.87 312.94   9.11  0.20 15.36 302.25  11.22
19790429 150000  4.9 174.2  2.23 13.20 225.37  22.33  3  2.21 13.20 224.34  20.25  0.22 14.96 299.29  12.48  0.20 11.86 313.05   9.13
19790429 180000  8.5 203.5  2.27 13.16 223.51  21.88  5  0.60  3.24 204.34  30.74  2.12 13.16 221.38  13.57  0.46  8.53 281.47  10.61  0.23 14.70 298.55  13.03  0.19 11.82 312.97   9.12
19790429 210000 10.6 202.1  2.40 13.17 221.35  22.78  6  1.07  4.33 214.76  31.80  1.99 13.17 221.32  14.18  0.68 15.80 211.78   6.67  0.36  8.76 283.96   8.54  0.22 14.63 297.23  14.01  0.18 11.74 312.84   9.43
19790430 000000  8.7 196.1  2.48 13.27 219.35  24.04  7  1.35  5.16 215.03  33.03  1.83 13.15 220.25  13.70  0.91 15.17 212.62   7.64  0.31  8.56 286.18   8.99  0.21 14.61 298.38  14.74  0.17 11.54 313.41   8.47  0.06 20.36 299.18  10.44
19790430 030000  8.8 179.1  2.41 14.02 218.23  24.40  6  1.31  5.41 213.59  34.05  1.99 13.61 217.78  12.86  0.28  8.38 285.17   9.45  0.20 14.59 301.05  14.34  0.18 11.28 313.34   8.59  0.07 20.34 299.14  10.82
19790430 060000  7.2 172.5  2.28 14.11 217.97  24.12  5  2.25 14.05 216.24  20.89  0.27  8.26 285.80   8.99  0.20 14.58 303.52  12.81  0.18 11.20 313.45   8.42  0.07 20.33 298.99  11.15
19790430 090000  5.6 171.2  2.15 13.78 218.14  23.46  5  2.12 13.66 216.27  19.70  0.25  8.08 286.92   9.02  0.22 14.58 304.48  11.02  0.17 11.17 313.81   8.29  0.07 20.27 298.72  11.21
19790430 120000  5.7 176.1  2.05 13.48 218.13  23.05  5  1.99 13.44 217.28  20.17  0.35 17.04 202.67   5.44  0.24 14.55 302.88  11.67  0.17 11.15 313.98   8.30  0.08 19.83 298.31  10.73
19790430 150000  5.4 198.8  1.97 13.38 218.05  22.66  5  1.90 13.35 217.26  19.33  0.43 17.00 202.79   5.29  0.25 14.39 300.94  12.37  0.16 11.13 313.96   8.26  0.10 19.11 298.02  10.42
19790430 180000  7.3 191.4  1.95 13.34 217.16  22.58  6  1.82 13.29 216.91  19.30  0.61 16.51 203.75   5.67  0.19 13.61 290.26   9.38  0.16 14.85 311.60   6.28  0.16 11.09 313.55   8.24  0.12 19.03 297.79  10.72
19790430 210000  9.4 197.2  2.02 13.30 215.41  22.76  6  1.07  5.10 210.11  26.95  1.54 13.19 217.56  15.29  0.67 16.30 204.08   5.75  0.24 13.72 298.61  13.16  0.15 11.02 313.89   8.24  0.13 19.00 297.65  11.30
19790501 000000 10.6 190.0  2.19 13.27 213.26  23.82  6  1.43  5.38 209.96  28.51  1.25 12.49 217.69  14.01  1.04 15.30 207.57   6.80  0.24 13.69 298.72  14.07  0.15 10.91 313.88   8.33  0.13 18.99 297.56  11.85
