Date     Time   Uabs UDir  hs    tp    th     sp     np hs(i) tp(i) th(i)  sp(i)
19861201 000000  6.7 227.9  2.53 12.28 225.10  25.72  3  2.50 11.82 223.57  22.69  0.30 15.75 313.10   9.22  0.25 12.75 315.49   8.88
19861201 030000  7.0 197.5  2.40 12.12 226.57  25.35  5  1.72  7.72 219.02  26.48  1.63 11.78 230.71  12.98  0.33 15.60 314.00   9.10  0.22 12.64 312.57  11.21  0.07 21.70 316.53   7.43
19861201 060000  8.5 193.8  2.28 12.25 227.19  25.27  6  1.55  7.68 218.58  26.67  1.47 11.69 232.39  12.22  0.69 14.21 223.31   9.56  0.34 15.35 313.78   9.51  0.21 12.64 315.78   7.72  0.07 21.69 316.89   7.43
19861201 090000  7.4 182.2  2.22 12.38 227.14  25.77  4  2.18 12.13 224.90  21.30  0.35 14.91 313.86   9.53  0.22 12.62 313.70  10.59  0.06 21.61 317.75   6.90
19861201 120000  6.8 187.2  2.17 12.38 228.15  25.41  5  1.33  7.20 217.56  27.56  1.66 12.27 230.44  11.97  0.36 14.82 313.79   9.57  0.22 12.60 314.31   9.99  0.08 20.33 317.51   6.99
19861201 150000  8.4 215.2  2.17 12.14 228.92  24.85  5  1.36  7.23 219.41  25.85  1.63 12.04 230.83  11.94  0.37 14.83 313.41  10.02  0.20 12.52 314.95   9.64  0.12 20.27 316.70   7.37
19861201 180000  9.5 223.6  2.24 11.95 229.06  24.65  4  1.53  7.24 221.82  25.03  1.58 11.90 231.02  11.82  0.41 14.93 313.53  10.06  0.13 20.28 317.04   7.34
19861201 210000  9.1 197.6  2.22 11.83 228.19  26.05  3  2.17 11.80 225.86  21.60  0.41 15.16 313.44  10.23  0.12 20.29 316.56   7.11
19861202 000000  5.9 201.4  2.09 11.75 228.51  26.75  5  1.35  6.48 217.61  28.71  1.53 11.72 231.69  11.60  0.39 15.23 313.35   9.94  0.12 19.53 317.08   7.26  0.11 11.81 319.03   5.43
19861202 030000  8.0 189.1  1.97 11.70 228.93  27.87  6  1.23  6.19 215.66  29.43  1.47 11.66 231.99  11.41  0.29 15.44 311.71  11.46  0.25 13.64 316.01   6.53  0.17 18.96 317.28   7.12  0.14 11.81 313.96   9.61
19861202 060000  8.5 185.2  1.89 11.66 228.99  29.75  6  1.14  5.92 211.21  30.73  1.43 11.61 232.69  11.74  0.31 15.19 312.63  10.47  0.24 13.50 315.26   7.93  0.21 18.94 316.67   7.45  0.12 11.78 318.79   5.60
19861202 090000  6.4 163.4  1.83 11.53 229.30  30.85  7  1.11  5.95 210.81  31.70  1.37 11.44 233.12  11.98  0.28 13.62 315.24   8.56  0.28 15.38 314.09   9.47  0.21 18.97 316.30   7.44  0.16 16.69 219.39   7.47  0.11 11.74 313.37   6.12
19861202 120000  8.1 176.0  1.80 11.37 229.23  31.11  4  1.73 11.32 225.00  24.63  0.42 14.48 313.64   9.91  0.20 16.40 218.41   7.66  0.19 18.86 317.18   7.18
19861202 150000  9.5 194.4  1.91 11.27 226.34  30.77  4  1.84 11.23 222.63  24.83  0.41 14.43 313.08  10.54  0.26 15.86 218.06   7.65  0.20 17.89 317.62   7.45
19861202 180000 11.6 209.2  2.21 11.16 225.00  28.78  4  2.13 11.12 222.08  23.55  0.40 14.41 312.96  10.74  0.34 15.53 218.22   7.96  0.26 17.71 316.95   7.23
19861202 210000 13.0 206.9  2.64  6.63 224.12  28.24  4  2.56  6.63 222.04  24.52  0.42 15.34 217.63   7.94  0.40 14.41 313.02  11.82  0.28 17.72 315.81   7.49
19861203 000000  7.3 191.1  2.55  7.08 224.30  29.18  5  2.07  7.08 218.07  28.35  1.29 10.58 231.71  13.43  0.56 14.64 218.98   8.52  0.40 14.39 312.99  11.77  0.26 17.72 315.87   7.46
19861203 030000  8.4 192.2  2.30 10.53 225.68  28.72  5  1.66  7.12 217.23  29.07  1.41 10.50 231.23  14.31  0.59 14.44 217.92   8.43  0.40 14.36 312.65  11.68  0.23 17.61 316.75   7.42
19861203 060000  9.1 195.4  2.19 10.59 225.79  28.27  5  1.43  6.71 214.73  29.44  1.45 10.54 230.96  14.10  0.68 14.16 219.30   8.64  0.40 14.31 312.46  12.06  0.21 16.84 317.62   6.91
19861203 090000  6.8 189.8  2.16 10.82 226.63  28.33  6  1.38  6.69 215.76  29.15  1.39 10.76 231.61  13.65  0.77 13.52 219.36   9.21  0.38 14.09 312.16  12.35  0.29 16.55 316.62   7.38  0.05 20.52 312.84   9.23
19861203 120000  3.6 177.8  2.08 13.37 228.79  28.14  5  1.86 10.90 226.37  22.76  0.77 13.46 218.45   8.93  0.37 13.74 312.91  11.22  0.33 16.54 316.05   7.72  0.06 20.44 313.04   9.13
19861203 150000  6.7 223.2  1.99 13.31 230.52  27.42  4  1.93 11.12 226.56  20.00  0.38 13.62 313.29  11.81  0.31 16.56 315.12   7.73  0.06 20.40 312.35   9.22
19861203 180000  7.8 214.5  1.96 11.17 230.57  26.85  4  1.90 11.10 226.80  19.65  0.39 13.59 313.09  11.71  0.26 16.54 315.07   7.50  0.08 20.13 312.04   9.42
19861203 210000  8.5 212.6  1.99 11.13 229.72  26.93  4  1.93 11.06 226.26  20.39  0.36 13.50 312.47  10.63  0.27 15.87 316.27   8.25  0.10 19.47 311.78   9.73
19861204 000000  5.6 200.1  2.03 11.14 228.96  27.94  5  1.36  6.25 221.63  27.88  1.43 11.06 228.54  12.90  0.37 13.55 313.15  11.08  0.27 15.58 314.91   8.06  0.12 19.22 312.07   9.75
19861204 030000  7.6 200.1  2.01 12.38 229.01  28.72  5  1.39  6.55 221.14  27.54  1.36 11.21 228.86  12.55  0.35 13.40 312.44  10.88  0.33 15.47 315.64   7.83  0.12 19.15 312.17   9.66
19861204 060000  9.2 186.8  2.02 12.12 227.27  29.86  4  1.96 11.71 223.25  23.03  0.35 13.36 312.57  10.72  0.34 15.47 315.53   8.01  0.13 19.08 311.13   9.50
19861204 090000  6.3 186.3  2.01 12.07 227.24  29.21  5  1.35  6.98 216.77  28.19  1.41 11.82 228.87  13.07  0.35 13.32 314.00   9.73  0.30 15.49 314.36   7.92  0.15 18.86 311.05   9.71
19861204 120000  6.0 177.4  2.05 12.14 227.22  27.36  5  1.55 11.91 227.36  13.40  1.26  7.16 217.77  27.58  0.35 13.26 313.61  10.46  0.26 15.46 313.88   7.75  0.19 18.43 310.81  10.29
19861204 150000  8.9 209.9  2.21 12.04 225.97  25.54  3  2.16 11.89 223.16  19.55  0.42 14.39 313.61   9.54  0.21 18.06 311.07  10.37
19861204 180000 11.9 206.9  2.63 11.93 223.33  24.54  4  2.59 11.82 221.40  20.19  0.32 14.41 313.24   9.26  0.26 12.55 314.39   8.72  0.21 17.95 311.22  10.23
19861204 210000 12.4 208.4  3.09 11.80 222.33  24.69  4  3.06 11.73 220.90  21.58  0.33 14.45 313.65   8.55  0.25 12.54 314.44   8.61  0.21 17.88 310.53   9.84
19861205 000000  9.2 193.7  3.20 11.64 221.99  25.74  5  2.45  8.22 216.22  26.34  2.01 11.59 226.56  14.47  0.34 14.46 314.29   8.90  0.24 17.73 310.10   9.65  0.24 12.49 311.97   9.37
19861205 030000 11.0 197.1  3.10 11.61 221.73  26.03  5  2.28  8.22 214.74  27.09  2.05 11.58 226.36  13.98  0.31 14.44 313.18   8.93  0.28 17.56 309.75  10.25  0.25 12.53 313.57   9.87
19861205 060000 11.3 189.8  3.04 11.54 221.39  26.37  4  2.30  8.26 214.22  26.90  1.94 11.52 227.01  14.00  0.37 14.41 313.11   9.39  0.30 17.28 309.62  10.70
19861205 090000  8.7 190.6  2.97 11.26 222.78  25.95  3  2.93 11.22 221.25  22.97  0.35 14.28 313.29   8.91  0.30 16.97 309.55  10.94
19861205 120000  7.3 190.2  2.86 11.01 224.71  25.07  3  2.83 11.00 223.15  22.00  0.34 13.56 312.68   9.43  0.30 16.82 309.56  10.62
19861205 150000  8.7 211.9  2.81 10.91 225.85  24.17  3  2.77 10.90 224.20  20.82  0.34 13.52 312.89   9.40  0.30 16.72 308.55   9.92
19861205 180000 10.1 214.8  2.83 10.90 225.74  24.23  3  2.79 10.89 223.99  20.67  0.36 16.59 308.89   9.84  0.31 13.46 312.64   9.61
19861205 210000 10.4 207.9  2.93 10.91 224.95  24.93  3  2.89 10.88 223.19  21.47  0.37 16.50 308.43  10.61  0.33 13.53 312.24   9.30
19861206 000000  9.3 194.3  2.96 10.78 223.78  25.82  4  2.38  8.80 218.93  25.11  1.70 10.79 227.74  14.77  0.38 16.39 308.26  11.03  0.31 13.53 312.27   9.11
19861206 030000 10.0 195.3  2.99  9.23 221.89  26.21  4  2.47  8.83 216.45  25.15  1.61 10.98 228.75  14.51  0.38 16.20 308.19  11.11  0.29 13.48 312.75   8.83
19861206 060000  9.7 194.8  3.01  9.33 221.21  26.10  4  2.65  9.33 216.95  24.69  1.37 11.58 229.62  13.07  0.37 15.91 308.27  11.05  0.27 13.43 312.82   8.90
19861206 090000  8.3 188.0  3.02  9.92 221.91  25.74  3  2.98  9.91 220.45  22.92  0.38 15.75 308.47  10.47  0.25 13.25 313.45   8.92
19861206 120000  9.3 188.0  2.99 10.00 222.06  25.62  4  2.95  9.99 220.48  22.52  0.43 15.66 308.95  10.40  0.21 12.55 313.94   8.49  0.05 24.38 309.59   8.75
19861206 150000  9.6 204.2  2.94  9.91 222.02  25.39  4  2.90  9.90 220.26  21.88  0.43 15.59 308.65  10.64  0.24 12.70 312.81   8.54  0.07 23.50 309.01   8.97
19861206 180000 10.9 211.6  2.96  9.69 222.14  25.16  4  2.92  9.68 220.37  21.59  0.44 15.53 308.26  10.85  0.22 12.62 313.19   8.63  0.09 23.31 308.73   9.32
19861206 210000 12.3 205.9  3.11  9.19 221.13  25.42  4  3.07  9.19 219.56  22.29  0.43 15.45 308.06  11.24  0.23 12.66 312.33   8.95  0.10 23.21 309.14   9.40
19861207 000000 10.1 188.2  3.21  9.01 219.38  26.43  5  3.15  9.01 217.96  23.82  0.42 15.37 308.18  11.32  0.41 14.95 216.73   8.89  0.23 12.65 312.15   9.45  0.12 23.04 309.78   9.14
19861207 030000 12.1 191.4  3.21  9.04 217.32  26.97  6  3.08  9.04 215.83  24.73  0.61 14.41 213.49   8.58  0.45 12.76 221.20   5.59  0.42 15.30 308.69  11.06  0.21 12.58 313.59   9.07  0.14 22.35 309.88   8.89
19861207 060000 12.3 185.0  3.26  9.12 216.20  27.27  4  3.07  9.12 214.87  25.30  0.96 13.11 213.29   9.50  0.47 15.22 309.92  10.79  0.17 21.88 309.27   9.07
19861207 090000 10.7 181.1  3.23  9.38 216.78  27.15  4  3.00  9.38 215.51  25.25  1.07 13.07 212.96   9.68  0.47 15.09 309.87  10.78  0.20 21.74 308.77   9.49
19861207 120000  9.6 182.3  3.17  9.74 217.35  26.46  4  2.89  9.73 216.25  24.53  1.19 13.02 212.59  10.25  0.47 14.83 309.60  10.76  0.22 21.64 309.01   9.67
19861207 150000 10.8 203.9  3.17  9.88 218.22  25.20  4  2.85  9.87 217.38  23.07  1.27 13.02 212.59   9.89  0.46 14.62 309.45  10.68  0.25 21.42 309.65   9.37
19861207 180000 10.2 217.0  3.27  9.79 219.74  24.44  4  2.87  9.78 219.12  22.62  1.48 13.04 214.32  10.16  0.45 14.52 309.42  10.86  0.29 20.69 309.84   8.93
19861207 210000 10.6 206.1  3.34  9.58 220.26  24.80  4  2.90  9.56 219.70  22.95  1.56 13.48 214.49  10.62  0.46 14.46 309.34  11.64  0.33 20.42 309.14   9.05
19861208 000000  4.1 206.8  3.33  9.53 220.23  25.18  4  2.84  9.52 219.78  23.30  1.63 13.58 214.03  10.77  0.46 14.42 309.75  11.51  0.37 20.32 308.46   9.57
19861208 030000  5.8 216.5  3.22 13.77 220.88  24.90  3  3.16 13.42 218.69  20.12  0.46 14.38 310.18  10.93  0.39 20.22 308.49   9.95
19861208 060000  5.5 210.4  3.13 13.40 221.23  24.48  3  3.06 13.17 218.79  18.90  0.45 14.31 310.03  10.97  0.43 19.97 309.12   9.77
19861208 090000  2.6 189.8  3.09 13.17 221.30  24.34  3  3.02 12.72 218.57  17.85  0.47 19.31 309.51   9.22  0.44 14.13 309.94  10.91
19861208 120000  1.6 193.8  3.07 13.07 221.35  24.48  3  2.99 12.67 218.29  17.10  0.52 19.10 309.12   9.17  0.44 13.78 309.94  10.89
19861208 150000  5.1 243.9  3.02 13.13 221.45  24.88  3  2.94 12.68 218.03  16.68  0.56 19.00 308.29   9.59  0.44 13.65 310.20  10.89
19861208 180000  5.8 231.7  2.94 13.25 221.51  25.61  3  2.84 12.82 217.68  16.65  0.58 18.92 307.75  10.12  0.44 13.59 310.44  10.84
19861208 210000  5.5 221.8  2.82 13.39 221.42  26.48  3  2.72 13.16 217.10  16.53  0.60 18.77 307.86  10.36  0.43 13.56 310.56  10.77
19861209 000000  3.2 175.4  2.72 13.47 221.32  27.25  3  2.61 13.42 216.48  16.17  0.62 18.31 308.36  10.07  0.42 13.53 310.71  10.76
19861209 030000  4.4 205.4  2.64 13.51 221.50  27.96  3  2.53 13.52 216.11  15.68  0.65 17.95 308.93   9.74  0.40 13.50 310.22  10.68
19861209 060000  7.5 191.4  2.61 13.51 221.31  28.77  3  2.49 13.53 215.45  15.73  0.68 17.81 308.62   9.63  0.39 13.47 310.29  10.68
19861209 090000  5.6 178.2  2.57 13.46 221.26  29.73  3  2.44 13.48 214.86  16.13  0.71 17.73 307.85   9.96  0.39 13.38 310.46  10.68
19861209 120000  1.2 299.6  2.51 13.38 222.01  30.26  3  2.37 13.40 214.96  15.57  0.72 17.65 307.18  10.34  0.39 13.06 310.68  10.58
19861209 150000  5.2 254.4  2.47 13.23 222.70  30.44  3  2.33 13.30 215.28  14.99  0.74 17.55 306.94  10.61  0.39 12.91 310.80  10.51
19861209 180000  6.4 231.3  2.51 13.00 222.85  29.90  3  2.37 13.10 215.78  14.97  0.73 17.35 307.01  10.60  0.39 12.86 311.28  10.57
19861209 210000  7.5 204.7  2.57 12.96 222.28  29.43  3  2.44 13.07 215.76  15.44  0.73 16.94 307.73  10.55  0.37 12.85 310.72  10.36
19861210 000000  4.8 199.4  2.56 13.20 222.24  29.83  3  2.43 13.34 215.70  16.25  0.73 16.72 308.04  10.32  0.35 12.85 310.68  10.31
19861210 030000  6.8 200.9  2.51 13.20 222.88  30.56  4  1.87 10.09 216.07  19.32  1.45 13.26 215.66  11.37  0.74 16.61 307.76  10.30  0.34 12.89 310.79  10.17
19861210 060000  8.1 193.1  2.49 16.49 222.87  31.19  4  1.95 10.05 215.39  19.90  1.30 12.93 216.36  11.54  0.75 16.54 307.12  10.48  0.33 12.98 311.00  10.11
19861210 090000  7.0 183.7  2.47 16.46 223.26  31.55  4  2.00  9.88 215.59  20.32  1.19 12.56 216.99  11.73  0.75 16.49 306.57  10.73  0.33 13.07 311.00  10.04
19861210 120000  5.2 178.4  2.40 16.40 224.49  31.72  5  1.98  9.68 216.44  20.10  1.07 12.22 217.34  11.83  0.74 16.42 306.19  10.82  0.32 13.00 311.52  10.49  0.26 17.43 234.87   7.48
19861210 150000  7.6 213.2  2.35 16.30 225.73  31.48  6  1.90  9.58 217.43  19.94  1.07 11.84 218.74  11.31  0.75 16.30 306.62  10.92  0.33 16.81 230.08  10.13  0.27 12.51 310.31  11.16  0.05 21.47 311.49   8.51
19861210 180000 11.4 217.1  2.54 16.06 224.72  30.33  4  2.38  9.56 218.15  19.66  0.73 16.08 306.77  10.99  0.43 16.10 229.53   9.45  0.28 12.60 310.07  10.38
19861210 210000 10.8 209.2  2.82 15.71 222.47  29.64  4  2.67  8.97 217.30  21.35  0.72 15.77 306.86  10.89  0.46 15.79 229.03   9.70  0.27 12.53 309.92  10.51
19861211 000000  6.5 200.9  2.90  8.75 221.93  29.84  5  2.73  8.74 216.97  22.65  0.70 15.63 306.63  10.86  0.61 15.34 227.11   9.42  0.26 12.50 310.22  10.53  0.08 20.34 311.68   7.56
19861211 030000  8.0 204.0  2.82  9.12 222.89  29.63  5  2.65  9.12 217.76  22.18  0.69 15.54 306.25  10.88  0.59 14.86 228.66   9.16  0.26 12.49 311.26  10.22  0.10 20.08 311.64   8.48
19861211 060000  8.2 195.3  2.80  9.53 223.40  28.86  5  2.63  9.52 218.40  21.41  0.68 15.47 305.85  10.94  0.62 14.68 227.96   9.36  0.26 12.50 312.20  10.27  0.11 20.08 311.37   8.39
19861211 090000  5.5 181.8  2.87  9.85 223.67  27.78  4  2.71  9.84 219.16  20.64  0.72 15.41 306.48  11.21  0.60 14.62 227.70   9.57  0.12 19.96 311.18   8.16
19861211 120000  3.4 190.7  2.87 10.09 224.38  26.97  4  2.65 10.08 219.43  19.96  0.82 13.74 230.17   8.76  0.71 15.35 306.35  11.35  0.13 19.38 309.96   8.52
19861211 150000  8.9 214.1  2.80 10.12 225.07  26.62  4  2.60 10.11 220.28  19.38  0.76 13.71 229.61   9.52  0.69 15.28 306.22  11.40  0.14 19.14 309.65   8.23
19861211 180000  9.0 216.2  2.78 10.05 225.26  26.56  5  2.56 10.03 220.66  19.85  0.82 13.54 227.90   9.27  0.64 15.20 305.44  11.28  0.19 11.87 310.85  11.43  0.18 18.93 311.16   8.78
19861211 210000  8.6 213.3  2.74 10.05 225.61  26.68  5  2.48 10.03 220.39  20.25  0.94 12.97 230.86  10.31  0.62 15.10 305.37  11.21  0.20 18.82 310.49   8.56  0.17 11.74 311.72  11.27
19861212 000000  6.5 203.6  2.64 10.07 225.54  27.06  5  2.32 10.06 219.81  20.94  1.07 12.54 229.09   9.83  0.61 14.91 305.27  11.22  0.22 18.68 309.86   8.78  0.17 11.73 312.08  11.26
19861212 030000  6.5 207.3  2.46 10.01 225.78  27.64  6  2.16 10.00 219.85  20.70  0.91 12.66 228.77   9.67  0.59 14.72 305.53  11.25  0.36 15.70 221.62   9.57  0.23 18.27 309.60   8.58  0.18 11.73 310.26  11.89
19861212 060000  8.6 195.4  2.32 12.46 225.49  28.67  5  1.98  9.87 218.26  21.14  0.91 12.43 230.01   9.32  0.60 14.58 306.12  11.57  0.43 15.65 221.34   8.32  0.25 17.91 308.83   8.36
19861212 090000  7.2 192.6  2.21 12.38 225.43  29.55  5  1.87  9.81 217.65  21.65  0.85 12.34 229.51   9.26  0.58 14.47 306.15  11.52  0.51 15.50 221.84   9.01  0.28 17.77 309.23   8.96
19861212 120000  5.9 198.7  2.13 14.54 226.29  29.46  5  1.75  9.83 218.21  21.40  0.84 12.19 229.54   8.42  0.62 15.02 220.40   8.88  0.57 14.40 305.82  11.49  0.30 17.71 310.18   9.09
19861212 150000  7.8 217.4  2.12 14.50 226.53  28.95  5  1.64  9.52 218.58  21.40  0.96 11.72 226.83  10.15  0.68 14.81 220.29   9.10  0.55 14.36 305.69  11.63  0.32 17.60 309.71   8.90
19861212 180000  8.3 219.5  2.17 14.43 226.74  28.24  5  1.71  9.69 219.72  21.09  0.86 11.59 227.44  10.37  0.80 14.60 221.42   9.34  0.53 14.32 305.40  11.69  0.35 17.46 309.64   9.11
19861212 210000  8.0 205.8  2.20 14.32 226.23  28.00  5  1.72  9.63 219.34  21.34  0.93 14.33 220.56   9.33  0.78 11.57 229.82   8.94  0.52 14.32 305.68  11.82  0.34 17.08 309.10   8.90
19861213 000000  4.0 188.4  2.20 14.08 225.79  27.84  5  1.66  9.46 218.59  21.76  1.06 13.90 221.46   9.43  0.75 11.50 229.18   8.94  0.51 14.29 305.60  11.67  0.35 16.78 309.36   9.29
19861213 030000  5.6 214.9  2.17 13.73 226.31  27.30  4  1.58  9.45 219.67  21.09  1.36 13.63 223.15   9.94  0.49 14.21 305.20  11.81  0.37 16.63 310.10   8.79
19861213 060000  8.5 189.5  2.20 13.61 224.87  27.46  4  1.57  9.42 217.75  22.20  1.42 13.53 222.58   9.97  0.50 14.08 306.14  11.63  0.36 16.62 309.06   9.72
19861213 090000  7.4 189.9  2.22 13.54 224.06  27.24  5  1.53  9.38 216.95  23.14  1.22 13.29 222.47   9.84  0.87 15.73 220.91  10.13  0.45 13.76 305.49  12.36  0.39 16.49 309.87   8.59
19861213 120000  5.4 190.9  2.22 15.43 224.41  26.31  5  1.40 13.19 221.89  10.28  1.38  8.83 216.99  23.29  0.85 15.72 222.63   9.97  0.43 13.61 306.17  12.32  0.40 16.45 309.44   9.15
19861213 150000  7.3 211.7  2.26 15.26 224.35  25.21  5  1.40  8.81 217.87  21.97  1.30 12.78 221.64  10.33  1.07 15.10 222.50  10.04  0.42 16.29 309.00   9.46  0.39 13.49 306.83  12.46
19861213 180000  9.5 219.4  2.40 15.06 224.17  24.21  4  1.69  9.24 219.81  20.36  1.60 14.54 221.87  10.31  0.41 15.95 309.24   9.06  0.39 13.49 307.03  12.65
19861213 210000  9.6 206.7  2.57 14.48 223.19  24.11  4  1.89  9.17 219.20  21.79  1.65 14.38 221.87  10.26  0.39 13.56 308.00  12.16  0.38 15.72 308.68   9.33
19861214 000000  5.9 210.6  2.66 14.34 222.61  24.19  4  2.01  8.91 218.80  22.65  1.67 14.29 221.93  10.26  0.38 13.59 307.91  12.32  0.37 15.62 308.63   9.39
19861214 030000  7.5 200.0  2.66 14.28 222.50  24.01  3  1.99  8.64 218.94  22.72  1.69 14.21 221.60  10.38  0.53 15.47 308.22  11.01
19861214 060000  7.7 191.8  2.64 14.34 221.84  23.87  3  1.93  8.55 218.15  22.82  1.73 14.24 220.99  10.51  0.52 15.43 308.19  11.10
19861214 090000  6.7 176.3  2.65 14.27 221.09  23.57  3  1.86 14.20 220.09  11.16  1.82  8.56 217.35  23.28  0.51 15.39 308.37  11.10
19861214 120000  4.7 200.3  2.70 14.03 220.99  22.53  4  1.85  8.68 219.02  21.77  1.75 13.94 219.79  11.10  0.76 17.02 213.18   9.34  0.51 15.32 308.71  11.06
19861214 150000  8.4 215.2  2.79 13.84 220.97  21.59  4  1.83  8.89 219.45  21.13  1.70 13.74 221.06  11.34  1.14 16.05 213.55   9.14  0.50 15.19 309.09  10.94
19861214 180000 11.0 214.4  3.01 15.16 220.63  21.52  3  2.10  8.77 219.65  21.96  2.10 15.20 218.53  11.20  0.48 14.88 309.36  10.77
19861214 210000 11.2 209.6  3.17 14.42 219.92  22.20  3  2.33  8.10 218.54  23.54  2.11 14.28 218.71  11.03  0.46 14.63 309.44  10.68
19861215 000000  7.7 198.6  3.16 14.22 219.39  23.00  3  2.28  7.84 217.70  25.56  2.14 14.12 218.64  10.92  0.45 14.52 309.33  10.67
19861215 030000  6.8 206.1  2.94 13.99 220.14  22.74  3  2.01  7.79 217.96  25.67  2.10 13.81 219.46  11.00  0.44 14.46 309.25  10.67
19861215 060000  9.9 200.4  2.75 13.65 220.53  22.56  3  1.72  7.52 216.73  26.05  2.10 13.56 220.36  11.21  0.44 14.42 309.26  10.66
19861215 090000  7.3 181.5  2.62 13.50 220.62  23.24  4  1.57  7.07 215.26  27.36  2.05 13.43 220.77  11.30  0.43 14.39 309.47  10.60  0.09 18.02 305.74   9.24
19861215 120000  7.1 189.7  2.50 13.40 221.25  23.01  5  1.34  6.86 215.73  27.99  2.07 13.33 220.67  12.05  0.43 14.35 309.60  10.56  0.09 17.87 306.25   9.91  0.07 25.09 298.99   9.70
19861215 150000  7.0 220.0  2.50 13.31 220.95  22.11  5  1.23  6.72 218.65  26.93  2.13 13.23 219.22  12.56  0.42 14.29 309.75  10.54  0.10 17.83 304.82  10.24  0.08 24.98 298.70   9.80
19861215 180000 10.9 213.8  2.69 13.24 219.80  21.39  5  1.38  6.07 219.45  25.81  2.27 13.17 217.92  12.99  0.40 14.16 309.85  10.53  0.10 17.78 304.81  10.30  0.09 24.91 298.37   9.96
19861215 210000 11.6 207.2  2.98 13.18 218.33  21.89  3  2.96 13.11 217.20  19.00  0.39 13.77 309.61  10.60  0.11 24.72 298.51   9.99
19861216 000000  9.8 188.4  3.02 13.08 217.42  22.84  4  1.88  6.75 215.45  28.28  2.33 13.00 216.88  12.41  0.38 13.60 309.67  10.59  0.13 23.76 298.96   9.91
19861216 030000  7.8 202.0  2.89 12.98 217.83  22.48  4  1.67  6.96 215.14  28.58  2.32 12.91 217.33  12.37  0.37 13.53 309.73  10.52  0.16 23.41 299.12  10.01
19861216 060000 10.1 195.2  2.80 12.89 218.02  22.15  4  2.77 12.83 216.74  18.94  0.33 13.50 310.61  10.28  0.18 23.34 298.91  10.13  0.15 16.75 305.66  10.32
19861216 090000  8.2 186.5  2.81 12.80 218.15  22.61  4  2.78 12.75 216.87  19.54  0.32 13.47 310.81  10.24  0.19 23.27 298.63  10.21  0.15 16.69 305.22  10.08
19861216 120000  3.9 181.7  2.72 12.70 219.73  22.42  5  2.14 12.66 218.41  11.89  1.63  7.59 218.16  27.38  0.32 13.44 311.01  10.08  0.22 23.00 298.57  10.08  0.15 16.66 305.10   9.83
19861216 150000  6.5 222.5  2.61 12.61 221.43  21.91  5  1.53  7.71 222.02  25.68  2.07 12.57 218.62  11.51  0.31 13.38 311.08  10.05  0.26 22.05 298.77  10.06  0.15 16.60 305.07  10.74
19861216 180000  9.5 222.8  2.62 12.53 222.62  21.88  5  1.58  7.79 223.86  24.38  2.04 12.50 219.04  11.34  0.30 13.28 311.15  10.01  0.30 21.86 299.07  10.26  0.16 16.49 305.40  10.63
19861216 210000 10.4 209.6  2.77 12.50 222.14  22.41  5  1.80  7.11 221.86  25.06  2.05 12.45 219.39  11.24  0.32 21.80 299.16  10.49  0.29 13.03 311.49  10.06  0.18 16.28 305.26   9.81
19861217 000000  6.1 202.3  2.95 12.52 220.75  23.34  5  2.10  7.56 218.92  25.89  2.02 12.47 219.47  10.71  0.33 21.73 298.99  10.43  0.28 12.83 311.32   9.97  0.19 15.83 305.79  10.19
19861217 030000  7.9 192.7  2.95 12.62 220.56  23.75  5  2.07  8.05 217.54  26.16  2.04 12.59 220.10  11.29  0.37 21.41 298.73  10.15  0.26 12.74 311.83   9.62  0.20 15.68 305.46  10.20
19861217 060000  8.4 184.8  2.88 12.69 220.74  24.41  5  1.98  8.18 216.07  26.17  2.02 12.69 220.82  11.66  0.43 20.56 298.61  10.10  0.25 12.68 311.88   9.40  0.20 15.61 305.48  10.64
19861217 090000  7.3 165.4  2.87 12.61 220.88  25.13  4  2.81 12.60 218.42  20.51  0.48 20.42 298.82  10.41  0.24 12.63 312.28   9.23  0.20 15.58 305.06  10.65
19861217 120000  3.9 190.3  2.88 12.41 221.73  24.60  4  2.82 12.39 219.23  19.80  0.50 20.37 299.29  10.74  0.23 12.57 312.59   9.04  0.19 15.53 305.05  11.04
19861217 150000  8.0 210.2  2.85 12.14 222.62  23.77  5  2.70 12.10 220.64  18.98  0.69 15.86 211.96   9.62  0.50 20.31 299.58  10.66  0.23 12.47 312.68   9.12  0.20 15.46 305.07  11.26
19861217 180000  9.2 219.2  2.91 11.92 222.43  23.91  6  2.75 11.89 220.60  18.84  0.55 18.05 205.15   8.14  0.53 20.09 299.55  10.36  0.47 16.12 212.59   7.52  0.22 15.33 307.21  10.15  0.20 12.24 312.70   9.27
19861217 210000  5.9 215.6  2.98 11.76 222.33  24.97  5  2.71 11.72 220.93  19.79  1.05 16.06 208.58   8.62  0.59 19.29 299.24  10.17  0.23 15.10 306.13  10.84  0.20 12.09 313.19   8.62
19861218 000000  3.5 326.6  2.93 18.83 222.37  25.96  5  2.56 11.55 221.11  20.05  1.22 16.09 208.23   9.13  0.65 19.10 299.04  10.37  0.24 14.77 306.35  10.45  0.19 12.03 312.87   9.47
19861218 030000  2.8 273.8  2.78 15.47 222.33  26.54  5  2.31 11.28 221.36  19.89  1.36 15.61 208.74   9.59  0.66 19.05 299.16  10.74  0.24 14.65 305.64  11.09  0.19 11.99 313.30   8.97
19861218 060000  0.9 213.8  2.62 15.08 222.21  26.97  6  1.77  9.41 222.17  21.53  1.35 15.18 208.63   9.65  1.17 11.38 218.60  12.53  0.66 19.00 299.33  10.90  0.23 14.59 305.21  11.38  0.19 11.99 313.39   8.87
19861218 090000  2.8  85.4  2.47 14.73 222.55  27.74  5  1.73 14.79 213.04  12.30  1.61  9.37 221.75  21.09  0.67 18.91 299.61  10.82  0.23 14.54 305.02  11.06  0.19 12.00 313.53   8.82
19861218 120000  7.1 357.1  2.39 14.42 224.20  30.95  5  1.64 14.40 212.87  12.07  1.55  9.38 223.30  27.10  0.70 18.59 299.74  10.57  0.22 14.50 304.73  11.13  0.19 12.05 313.68   8.79
19861218 150000  5.2 336.0  2.33 14.15 225.91  32.99  4  1.70 10.15 224.02  27.40  1.39 14.09 210.28  10.57  0.74 17.99 299.71  10.47  0.28 14.43 308.34  11.30
19861218 180000  5.7 314.2  2.24 17.83 227.89  33.93  4  1.60 10.03 225.17  28.36  1.35 13.64 211.61  11.09  0.75 17.85 299.56  10.67  0.29 14.34 308.30  11.18
19861218 210000  4.0 297.4  2.10 17.78 229.12  34.06  5  1.38  9.27 224.97  28.16  1.37 13.41 214.04  12.03  0.75 17.79 299.35  10.93  0.25 14.21 306.31  11.26  0.14 11.26 314.26   8.61
19861219 000000  3.0 305.4  1.98 17.73 230.75  34.39  5  1.37 13.18 215.18  12.25  1.18  8.74 225.41  27.12  0.76 17.74 299.36  11.04  0.25 13.96 306.18  11.37  0.14 11.22 314.33   8.57
19861219 030000  1.2 269.1  1.89 17.65 232.93  35.01  6  1.30 12.73 216.05  12.26  1.08  8.54 225.25  25.08  0.77 17.66 299.41  11.10  0.24 13.76 305.78  11.24  0.15 11.23 314.85   8.59  0.12 20.61 306.96   5.86
19861219 060000  2.9 188.9  1.82 17.50 235.16  35.55  6  1.31 12.53 217.54  12.56  0.93  8.13 225.60  24.38  0.78 17.51 299.47  10.97  0.23 13.67 305.47  11.43  0.16 20.40 310.18   5.56  0.15 11.28 314.79   8.53
19861219 090000  2.2 196.0  1.76 17.08 237.00  35.84  5  1.27 12.29 218.56  12.52  0.86  8.02 225.57  22.93  0.81 17.10 300.14  10.97  0.22 13.61 305.03  11.84  0.16 11.39 314.45   8.16
19861219 120000  1.8 276.1  1.69 16.79 238.41  35.93  4  1.47 11.92 221.28  16.10  0.80 16.80 300.29  10.99  0.21 13.55 304.41  11.62  0.15 11.47 315.31   7.97
19861219 150000  5.1 239.4  1.66 16.67 239.80  35.87  3  1.43 11.75 222.22  16.06  0.79 16.68 300.27  11.03  0.25 13.49 307.74  12.06
19861219 180000  6.1 222.1  1.67 16.59 240.52  35.81  4  1.45 11.62 222.90  16.50  0.79 16.61 300.04  11.18  0.25 13.44 307.49  12.00  0.16 18.99 305.00   0.00
19861219 210000  6.7 205.2  1.71 16.52 239.90  36.01  5  0.51  3.26 226.69  32.27  1.38 11.42 221.71  12.98  0.78 16.56 299.08  10.99  0.26 19.10 309.51   6.05  0.25 13.39 307.32  12.26
19861220 000000  5.3 198.6  1.74 16.43 239.00  35.91  4  1.51 11.22 221.73  16.47  0.81 16.50 299.74  11.15  0.25 13.33 307.35  12.53  0.20 19.19 307.27   4.94
19861220 030000  5.1 205.6  1.74 16.34 238.78  35.25  3  1.52 11.15 222.07  15.37  0.82 16.43 300.31  11.13  0.24 13.24 307.38  12.78
19861220 060000  5.2 172.3  1.76 16.22 237.93  34.85  3  1.54 11.18 222.04  15.29  0.82 16.34 300.56  11.26  0.22 12.95 308.48  13.19
19861220 090000  5.5 191.8  1.76 12.60 237.77  34.36  3  1.55 12.56 222.48  14.90  0.81 16.16 300.92  11.26  0.19 12.63 309.96  14.26
19861220 120000  3.8 199.4  1.78 12.40 237.46  33.71  3  1.58 12.36 222.97  14.59  0.80 15.91 301.10  11.11  0.20 12.60 311.27  13.70
19861220 150000  5.3 209.4  1.80 15.58 237.09  32.55  3  1.61 11.97 223.66  13.54  0.79 15.78 301.12  11.11  0.20 12.57 311.30  13.77
19861220 180000  6.7 231.6  1.89 15.42 235.77  31.20  4  1.59 11.80 225.25  15.01  0.77 15.71 301.00  11.24  0.65 15.46 218.71   8.17  0.20 12.54 311.31  14.22
19861220 210000  8.1 207.1  2.01 15.31 233.44  30.60  6  0.87  4.23 221.71  28.56  1.38 11.74 226.06  10.41  0.88 14.74 219.41   8.24  0.76 15.69 301.11  11.04  0.16 12.55 305.41  12.56  0.11 11.00 324.57   9.56
19861221 000000  6.3 194.3  2.07 15.24 232.07  30.66  4  0.92  4.68 218.12  29.57  1.68 14.18 224.03  10.32  0.78 15.72 301.32  11.32  0.11 10.96 325.31   9.37
19861221 030000  6.8 188.4  2.12 15.06 231.30  30.45  3  0.92  5.03 215.70  29.23  1.74 14.10 223.95  10.46  0.79 15.78 302.02  11.80
19861221 060000  9.2 192.8  2.23 14.42 229.35  30.24  2  2.08 14.08 221.18  17.50  0.79 15.82 302.26  11.73
19861221 090000  8.9 178.9  2.37 13.93 227.03  30.21  3  2.24 13.68 220.08  19.53  0.77 15.83 302.04  11.06  0.11 10.51 329.17   7.58
19861221 120000  1.7 264.5  2.38 13.54 228.05  28.75  3  2.27 13.45 221.93  18.94  0.73 15.77 302.29  10.81  0.12 10.42 326.94   8.73
19861221 150000  6.3 242.3  2.38 13.37 229.52  26.68  3  2.27 13.30 224.05  17.07  0.70 15.65 302.49  10.88  0.11 10.36 327.31   8.63
19861221 180000  7.7 228.1  2.43 13.07 229.98  25.83  3  2.33 12.97 225.04  16.96  0.68 15.56 302.71  10.89  0.11 10.26 328.50   8.39
19861221 210000  8.4 202.4  2.48 12.78 228.70  26.38  3  2.38 12.74 223.92  17.99  0.68 15.52 302.87  10.83  0.11 10.12 329.21   7.70
19861222 000000  1.7 207.9  2.47 12.63 228.19  27.22  3  2.37 12.60 223.19  18.76  0.69 15.55 302.98  10.86  0.11  9.93 329.42   7.55
19861222 030000  6.7 217.8  2.41 12.46 228.83  27.58  3  2.31 12.44 223.48  18.69  0.70 15.60 303.05  10.90  0.10  9.84 329.60   7.42
19861222 060000  7.0 191.3  2.31 12.16 228.90  28.28  3  2.21 12.13 223.20  19.12  0.69 15.63 303.05  11.13  0.10  9.82 329.48   7.72
19861222 090000  4.2 210.1  2.19 11.90 229.49  28.53  3  2.08 11.89 223.53  19.04  0.66 15.53 303.22  11.20  0.10  9.78 329.02   8.07
19861222 120000  1.8 168.8  2.09 11.77 230.06  28.40  3  1.99 11.75 224.06  18.80  0.64 15.35 303.34  11.59  0.10  9.70 329.98   7.24
19861222 150000  4.7 252.1  2.05 11.63 230.70  28.33  3  1.95 11.62 224.69  18.72  0.63 15.25 303.82  11.44  0.10  9.61 330.05   7.20
19861222 180000  7.9 221.7  2.04 11.33 231.05  28.63  4  1.54  8.72 224.01  21.82  1.17 11.32 226.46  12.73  0.63 15.27 304.14  11.29  0.09  9.52 330.13   7.14
19861222 210000  7.8 212.0  2.05 11.12 230.28  29.34  4  1.57  8.40 222.53  22.74  1.15 11.12 226.77  12.33  0.63 15.33 304.28  11.15  0.09  9.48 330.21   7.06
19861223 000000  3.0 226.3  2.09 11.06 229.08  29.45  5  1.60  7.83 221.21  23.32  1.05 11.05 227.92  12.59  0.63 15.38 304.24  11.49  0.56 13.78 220.81   9.94  0.08  9.47 330.28   7.02
19861223 030000  6.1 198.2  2.15 13.81 228.29  28.50  5  1.58  7.71 221.31  23.74  0.99 11.04 227.51  11.89  0.88 13.05 221.68   9.53  0.62 15.43 304.61  11.38  0.08  9.43 330.95   6.41
19861223 060000  6.8 190.2  2.22 13.07 227.50  27.32  4  1.51  7.82 220.88  24.27  1.50 12.80 224.39  10.68  0.61 15.41 304.95  11.53  0.08  9.39 331.04   6.34
19861223 090000  4.6 175.8  2.27 12.95 227.92  25.73  4  1.65 12.76 225.35  10.09  1.43  7.88 221.10  23.84  0.60 15.21 305.74  11.75  0.20 20.58 228.04   7.26
19861223 120000  2.9 321.0  2.36 13.04 229.24  23.76  4  1.82 12.84 227.07  10.12  1.29  7.80 221.71  23.20  0.59 15.09 305.79  11.85  0.51 19.09 226.49   7.83
19861223 150000  4.3 286.2  2.52 13.31 230.74  22.00  3  2.28 13.03 227.27  15.04  0.89 18.17 227.94   7.72  0.60 15.10 306.17  11.35
19861223 180000  2.7 258.6  2.70 17.30 231.68  20.38  3  2.26 13.00 228.42  14.18  1.34 17.35 229.35   8.54  0.61 15.12 305.65  12.41
19861223 210000  3.3  39.0  2.82 16.38 232.41  19.26  3  2.06 13.04 229.37  13.93  1.84 16.48 230.06   9.08  0.61 15.10 306.51  11.34
19861224 000000  7.4 313.8  2.90 15.72 233.76  20.30  2  2.84 15.88 231.18  14.41  0.61 15.02 306.70  11.44
19861224 030000  1.7 286.9  2.94 15.27 234.20  19.46  2  2.88 15.31 231.77  13.60  0.60 14.82 306.78  11.51
19861224 060000  2.1 305.1  2.91 14.90 234.47  18.77  2  2.84 14.97 232.06  12.57  0.60 14.67 307.13  11.17
19861224 090000  0.9 132.5  2.81 14.40 235.08  18.66  2  2.75 14.37 232.51  11.94  0.60 14.57 307.30  11.00
19861224 120000  2.5 175.7  2.68 14.23 235.92  19.04  2  2.62 14.20 233.07  11.70  0.60 14.50 307.47  11.03
19861224 150000  7.9 217.7  2.60 14.09 236.25  20.03  4  2.53 14.04 233.19  12.75  0.54 14.43 307.36  11.70  0.23 16.70 310.31   6.48  0.10 20.51 300.87   9.69
19861224 180000 10.4 218.2  2.66 13.61 234.78  22.26  5  1.08  4.57 220.70  28.10  2.36 13.52 233.98  11.56  0.54 14.36 307.62  11.55  0.22 16.68 310.29   6.30  0.12 20.39 300.75  10.76
19861224 210000  9.8 204.8  2.67 13.42 233.31  24.33  4  1.39  5.55 218.42  28.16  2.20 13.36 234.72  11.60  0.57 14.30 307.92  10.92  0.13 20.36 301.32  10.74
19861225 000000  6.4 203.6  2.61 13.31 232.83  25.53  3  2.54 13.24 229.78  20.54  0.57 14.21 307.84  10.79  0.13 20.27 300.92  10.36
19861225 030000  7.0 195.9  2.52 13.15 233.23  25.99  4  2.45 12.93 229.82  20.54  0.41 13.69 304.51  11.35  0.40 15.53 311.05   9.50  0.16 19.68 300.96  10.76
19861225 060000  8.6 194.1  2.46 12.77 232.70  26.92  4  2.39 12.65 229.01  21.22  0.43 13.82 306.19  11.20  0.37 15.59 310.69   9.58  0.19 19.20 300.71  10.80
19861225 090000  7.4 189.4  2.43 12.60 232.06  27.69  4  2.35 12.53 228.25  21.98  0.41 13.63 305.37  11.43  0.39 15.52 311.23   9.36  0.21 19.11 300.65  11.21
19861225 120000  1.0 151.6  2.32 12.50 233.39  27.46  5  1.65 12.43 235.78  13.11  1.52  7.50 221.10  26.20  0.41 15.40 309.68  10.30  0.38 13.51 305.84  12.17  0.21 19.08 301.08  11.95
19861225 150000  5.7 245.3  2.19 12.40 235.33  27.10  3  2.11 12.33 230.84  20.40  0.55 15.02 307.83  11.45  0.23 19.01 301.34  11.87
19861225 180000  7.7 226.4  2.11 12.32 236.71  27.36  3  2.03 12.19 231.73  20.12  0.54 14.41 308.34  10.75  0.26 18.69 300.47  12.16
19861225 210000  7.6 212.9  2.06 12.16 236.77  28.71  4  1.97 11.99 231.05  20.93  0.54 14.43 308.19  11.23  0.31 17.95 301.03  11.01  0.05 24.93 306.53   8.67
19861226 000000  5.5 207.1  2.01 11.94 236.53  30.09  5  1.31  7.18 222.76  26.62  1.39 11.84 236.12  14.25  0.54 14.42 308.40  11.00  0.34 17.85 300.94  10.87  0.05 24.90 307.99   8.62
19861226 030000  7.0 197.6  1.94 11.82 236.74  31.05  5  1.27  7.12 221.62  27.21  1.32 11.74 236.63  14.03  0.54 14.40 308.42  10.82  0.34 17.84 301.36  11.38  0.06 24.55 308.12   8.94
19861226 060000  8.9 193.7  1.91 11.76 235.04  32.53  6  1.31  7.10 218.54  27.78  1.24 11.69 237.28  14.15  0.53 14.35 307.94  11.04  0.33 17.85 302.30  11.52  0.09 23.43 306.97   9.04  0.05 22.20 219.01   7.13
19861226 090000  7.8 184.0  1.89 11.72 233.79  33.81  6  1.34  6.81 216.68  28.80  1.18 11.65 237.45  14.31  0.52 14.22 307.65  11.40  0.34 17.78 303.07  10.76  0.11 23.32 306.81   8.75  0.06 21.79 219.07   7.23
19861226 120000  2.4 195.5  1.83 11.68 236.18  33.60  6  1.27  6.99 219.80  28.15  1.14 11.61 237.02  14.83  0.50 13.87 308.45  10.75  0.39 17.32 302.18  11.13  0.13 23.29 307.51   8.79  0.06 21.64 220.00   6.86
19861226 150000  7.1 220.7  1.80 11.65 238.51  32.87  5  1.22  7.29 222.27  26.00  1.13 11.57 236.88  14.82  0.49 13.68 308.59  10.88  0.45 16.80 302.38  10.91  0.13 23.25 308.40   8.80
19861226 180000  9.1 222.1  1.91 13.49 236.76  32.48  8  1.37  7.65 222.12  25.28  1.04 11.55 238.03  13.98  0.49 13.62 307.86  12.00  0.47 16.73 302.83  10.94  0.46 13.99 228.48   9.85  0.15 22.71 308.24   8.84  0.08 11.05 193.59   3.76  0.08 20.76 221.22   6.80
19861226 210000  9.4 206.3  2.04 13.33 233.93  32.76  7  1.47  7.21 219.49  26.65  1.00 11.17 238.12  13.19  0.69 13.37 229.13   9.40  0.49 16.69 301.84  12.28  0.46 13.55 309.45  10.05  0.20 21.86 307.24   8.83  0.15 10.94 198.39   5.15
19861227 000000  6.0 235.0  2.08 12.90 233.15  32.67  5  1.50  6.90 218.46  26.82  1.25 12.33 234.77  12.55  0.47 16.68 303.48  11.26  0.46 13.53 307.79  11.59  0.24 21.79 306.92   8.85
19861227 030000  6.8 189.0  2.05 12.38 234.39  31.67  6  1.35  6.77 219.23  27.37  1.37 11.98 233.80  11.35  0.49 16.58 303.14  11.97  0.43 13.46 308.83  10.19  0.25 21.77 307.15   9.14  0.18 10.00 200.20   5.81
19861227 060000  8.5 194.5  2.08 12.32 234.17  31.38  5  1.27  6.57 216.79  28.03  1.49 11.79 233.06  11.34  0.52 16.40 304.00  11.48  0.41 13.35 308.78  10.98  0.24 21.70 307.82   9.15
19861227 090000  7.5 182.8  2.17 12.49 233.89  31.40  5  1.29  6.37 215.64  28.64  1.58 11.98 232.72  10.89  0.55 16.03 304.37  11.56  0.40 13.28 308.54  11.12  0.29 20.83 307.74   8.79
19861227 120000  1.2 358.2  2.21 15.53 236.14  30.47  6  1.51 12.24 233.80  10.42  1.23  6.53 219.84  28.07  0.69 15.77 225.44   9.53  0.56 15.79 304.38  11.66  0.39 13.19 308.37  11.27  0.37 20.41 306.94   8.73
19861227 150000  6.1 240.3  2.24 15.39 237.85  28.85  6  1.14  6.72 224.64  26.42  1.42 12.10 234.17  10.46  1.03 14.96 228.02  10.00  0.56 15.69 304.10  11.68  0.42 20.36 306.60   9.22  0.38 13.05 309.13  10.63
19861227 180000  6.9 218.9  2.27 15.24 237.65  27.94  4  2.13 14.57 230.29  16.44  0.55 15.63 304.26  11.72  0.41 20.34 306.47   9.66  0.37 12.91 309.12  10.66
19861227 210000  8.3 214.8  2.30 15.12 236.43  27.88  4  2.17 14.34 229.47  16.82  0.60 15.53 304.32  12.06  0.38 20.25 306.63   9.74  0.30 12.60 311.89   9.12
19861228 000000  7.0 184.1  2.41 14.84 234.18  29.40  5  1.34  6.11 218.11  27.36  1.84 14.15 231.67  10.56  0.61 15.43 304.81  12.13  0.42 19.44 306.59   9.20  0.28 12.55 312.98   8.01
19861228 030000  9.3 196.9  2.51 14.56 232.87  30.72  5  1.48  6.50 215.66  27.71  1.85 14.11 231.31  10.46  0.62 15.31 305.01  12.08  0.51 19.08 306.33   8.99  0.25 12.58 313.36   8.02
19861228 060000 10.6 192.6  2.67 14.42 229.86  31.46  5  1.70  6.67 212.02  27.29  1.87 14.01 231.37  10.92  0.59 15.20 304.94  12.23  0.56 19.02 306.20   9.55  0.27 12.53 310.55   9.32
19861228 090000  8.7 186.1  2.73 14.27 229.19  30.92  5  1.81  6.92 214.51  28.15  1.87 13.69 230.39  10.62  0.57 15.04 305.10  12.25  0.54 19.00 305.93  10.08  0.26 12.50 309.33  10.46
19861228 120000  5.7 196.7  2.64 14.16 231.41  29.36  4  1.55  7.01 215.65  28.09  1.98 13.44 230.91  11.18  0.62 14.79 306.03  12.14  0.50 18.94 305.77  10.38
19861228 150000  8.2 216.9  2.59 14.13 233.35  27.85  3  2.46 13.33 227.43  18.33  0.62 14.63 306.52  12.12  0.49 18.61 305.75  10.20
19861228 180000  9.3 219.1  2.68 14.20 233.67  27.64  4  1.39  6.57 219.51  26.21  2.14 13.48 230.98  11.71  0.61 14.53 307.11  12.22  0.55 17.90 305.56   9.65
19861228 210000  9.6 209.5  2.81 14.25 233.24  28.18  3  2.68 13.76 227.48  19.23  0.61 17.78 306.07   9.89  0.59 14.45 306.77  12.18
19861229 000000  9.5 188.0  2.87 14.25 231.48  29.34  4  1.82  6.71 220.98  28.92  2.05 13.96 229.44  10.94  0.62 17.75 305.93  10.19  0.58 14.40 306.25  12.73
19861229 030000  9.8 196.6  2.89 14.18 229.78  29.42  4  1.92  6.88 219.41  28.60  1.99 13.98 228.95  10.84  0.60 17.73 305.63  10.35  0.56 14.35 306.48  12.75
19861229 060000 10.3 200.2  2.88 14.09 228.77  29.26  4  1.99  7.07 218.98  28.10  1.93 13.91 228.70  10.62  0.57 17.65 305.59  10.45  0.55 14.29 306.73  12.67
19861229 090000  9.5 192.4  2.86 13.94 228.12  29.50  4  2.03  7.24 218.59  28.13  1.87 13.83 228.51  10.54  0.56 17.35 305.41  10.61  0.54 14.17 307.38  12.25
19861229 120000  4.2 193.5  2.71 13.74 229.81  29.58  4  1.89  7.31 221.16  27.94  1.78 13.69 228.00  10.41  0.59 16.77 305.91  10.52  0.50 13.87 307.28  12.64
19861229 150000  8.2 208.6  2.53 13.58 231.88  29.18  4  1.67  7.26 223.40  26.77  1.74 13.54 228.02  10.40  0.61 16.63 306.00  10.75  0.48 13.71 307.51  12.50
19861229 180000 11.2 209.7  2.62 13.47 229.65  29.14  4  1.83  6.92 220.83  25.86  1.71 13.43 227.59  10.54  0.61 16.60 305.76  10.55  0.46 13.62 308.10  12.65
19861229 210000 13.2 204.6  3.04 13.37 225.55  28.82  3  2.94 13.31 221.52  22.33  0.62 16.58 305.76  10.56  0.44 13.58 308.39  12.46
19861230 000000  8.8 193.4  3.35 13.25 222.98  29.21  4  2.88  8.10 217.77  26.50  1.53 13.15 226.19  10.01  0.62 16.54 305.90  10.70  0.42 13.55 308.54  11.98
19861230 030000 13.3 191.6  3.42  8.43 220.00  29.60  4  2.94  8.43 214.08  26.97  1.58 12.85 226.30  10.11  0.61 16.46 305.96  10.68  0.40 13.51 308.76  12.18
19861230 060000 13.2 189.2  3.47  8.60 218.27  29.57  5  3.04  8.60 212.44  26.75  1.53 12.77 226.58  10.03  0.64 16.21 304.51  11.24  0.29 13.20 315.59   8.02  0.14 19.14 316.19   3.27
19861230 090000 11.7 188.0  3.39  8.72 219.45  29.22  4  2.96  8.72 214.01  26.54  1.50 12.95 226.13  10.15  0.69 15.72 306.47  11.68  0.14 19.06 315.55   3.05
19861230 120000  9.0 186.2  3.22 12.86 222.32  28.27  3  2.71  8.88 216.75  25.94  1.59 12.79 226.35   9.94  0.69 15.61 306.64  11.84
19861230 150000 12.6 200.8  3.29 12.53 222.71  26.94  2  3.22 12.48 219.97  21.99  0.69 15.58 306.67  11.59
19861230 180000 14.7 209.7  3.76  9.17 222.23  25.59  3  3.69  9.17 220.13  21.56  0.63 15.57 305.65  11.39  0.28 17.83 314.11   7.12
19861230 210000 13.8 207.1  4.10  9.58 222.26  25.88  3  4.04  9.58 220.46  22.54  0.62 15.56 305.75  11.29  0.31 17.81 314.03   7.39
19861231 000000  8.9 192.7  3.97  9.82 222.43  26.66  4  3.47  9.82 218.26  24.95  1.80 11.78 228.47  13.33  0.63 15.55 307.23  11.17  0.26 17.80 311.30   5.84
19861231 030000  9.3 197.3  3.61  9.93 223.51  26.54  4  2.98  9.58 216.89  24.46  1.92 11.52 231.49  13.25  0.66 15.57 307.58  10.91  0.07 23.33 306.14   9.16
19861231 060000 10.2 194.4  3.39 10.00 223.86  26.32  3  3.33  9.99 221.56  22.15  0.64 15.81 307.76  10.76  0.08 23.28 306.00   9.29
19861231 090000  8.9 188.3  3.34 10.79 223.68  26.22  3  3.27 10.78 221.33  21.88  0.64 16.29 307.82  11.16  0.08 23.20 306.15   9.31
19861231 120000  5.4 181.9  3.30 10.80 224.42  25.70  4  3.23 10.79 222.01  21.14  0.61 16.35 307.72  11.19  0.18 12.52 313.60   8.56  0.10 22.75 306.35   9.23
19861231 150000  7.3 212.6  3.14 10.79 225.44  25.28  3  3.07 10.78 222.82  20.21  0.63 16.30 307.99  11.30  0.12 21.91 306.06   9.25
19861231 180000  9.3 223.9  2.98 10.73 226.00  25.34  4  2.91 10.72 223.18  19.92  0.62 15.84 307.72  11.23  0.14 21.79 305.75   9.59  0.09 16.84 217.28   7.35
19861231 210000  9.1 208.5  2.90 10.51 225.55  25.94  5  2.83 10.50 222.60  20.40  0.61 15.35 307.60  11.13  0.15 21.75 305.63   9.77  0.09 16.66 216.52   7.15  0.07 20.03 218.34   8.54
19870101 000000  8.3 201.6  2.86 10.28 224.83  26.67  5  2.78 10.28 221.69  20.88  0.62 15.33 307.87  11.03  0.16 21.66 305.80   9.81  0.11 19.13 217.73   7.56  0.08 16.60 216.32   7.56
