Date     Time   Uabs UDir  hs    tp    th     sp     np hs(i) tp(i) th(i)  sp(i)
19941201 000000  7.9 203.0  2.54 11.81 226.61  20.89  3  2.53 11.81 226.22  19.96  0.17 11.84 315.89   8.30  0.11 15.51 308.04   9.48
19941201 030000  7.3 201.1  2.41 11.78 227.54  20.40  3  2.40 11.78 227.11  19.35  0.17 11.81 316.02   8.24  0.12 15.51 308.35   9.88
19941201 060000  8.1 195.5  2.32 11.82 227.94  20.11  4  2.20 11.83 227.41  19.69  0.72 14.28 228.12  10.63  0.16 11.79 316.20   8.17  0.12 15.50 307.83  11.50
19941201 090000  6.3 195.4  2.24 12.28 228.42  19.93  3  2.24 12.33 227.97  18.82  0.16 11.78 316.24   8.18  0.12 15.50 309.54  10.67
19941201 120000  5.8 202.8  2.15 12.51 229.26  19.31  3  2.15 12.52 228.80  18.15  0.15 11.79 316.27   8.24  0.11 15.46 310.39  10.83
19941201 150000  7.3 209.9  2.09 12.44 229.52  19.15  3  2.08 12.45 229.05  17.94  0.15 11.84 316.45   8.30  0.11 15.10 312.00   9.21
19941201 180000  7.3 220.9  2.05 12.34 230.07  19.44  4  2.04 12.34 229.54  18.12  0.15 12.29 316.65   8.46  0.11 14.56 308.24   9.91  0.07 18.98 317.17   7.05
19941201 210000  7.7 216.6  2.00 12.16 230.83  20.07  5  1.98 12.16 230.17  18.57  0.14 12.39 316.88   8.79  0.12 14.51 308.26   9.51  0.10 18.41 235.85   8.23  0.08 18.94 317.60   6.97
19941202 000000  5.2 186.5  1.90 11.95 231.26  20.74  5  1.89 11.95 230.44  19.00  0.14 11.13 317.20   8.94  0.14 17.82 237.59   8.04  0.13 14.50 308.37   9.79  0.10 18.88 317.41   7.10
19941202 030000  5.0 201.4  1.84 11.77 231.86  20.41  5  1.82 11.77 230.94  18.40  0.16 17.60 235.84   9.30  0.14 14.50 308.56  10.11  0.14 11.07 317.57   8.99  0.11 18.68 317.41   7.13
19941202 060000  6.0 191.8  1.82 11.60 232.29  19.95  5  1.79 11.61 231.29  17.75  0.19 17.34 237.48   8.73  0.13 11.04 317.97   8.99  0.13 14.49 308.73  10.40  0.13 17.80 317.26   7.20
19941202 090000  5.6 194.1  1.81 11.50 232.57  20.09  4  1.78 11.51 231.46  17.82  0.23 16.73 239.14   8.86  0.18 14.47 314.00  10.79  0.14 17.70 317.13   7.18
19941202 120000  5.6 192.5  1.77 11.44 233.62  20.00  5  1.73 11.46 232.34  17.48  0.29 16.48 239.08  10.39  0.16 17.67 316.93   7.12  0.13 14.39 310.30  11.83  0.12 11.02 318.74   9.34
19941202 150000  2.6 248.9  1.71 11.35 235.02  19.78  4  1.66 11.35 233.53  16.78  0.31 16.34 239.57  10.36  0.18 17.62 317.35   7.12  0.18 13.75 314.15  10.80
19941202 180000  6.4 274.8  1.68 11.23 237.24  20.66  4  1.62 11.22 235.55  17.52  0.33 15.90 239.68   9.52  0.19 17.45 317.18   7.21  0.18 13.57 313.31  11.88
19941202 210000  3.9 270.4  1.68 11.08 238.97  22.03  5  1.61 11.07 237.05  19.01  0.39 15.52 240.46   9.20  0.21 16.72 317.11   7.23  0.14 13.56 307.40  13.54  0.12 11.65 318.92   9.30
19941203 000000  2.1  19.2  1.65 10.92 239.73  22.47  5  1.57 10.91 237.46  19.09  0.42 15.40 241.48   9.79  0.24 16.54 316.90   7.39  0.14 13.55 309.60   9.99  0.12 11.72 319.33   9.19
19941203 030000  2.9 260.3  1.67 10.85 240.39  22.58  6  1.58 10.85 237.95  19.00  0.44 15.26 242.06   9.62  0.24 16.50 317.09   7.27  0.15 13.54 310.00  10.28  0.12 11.72 319.35   9.26  0.07 20.33 315.01   7.64
19941203 060000  5.7 196.7  1.86 10.85 239.08  22.20  6  1.76 10.85 236.81  19.04  0.51 14.71 241.85   9.32  0.25 16.47 316.96   7.33  0.16 13.58 311.42  10.31  0.12 11.73 319.57   9.18  0.08 20.26 314.97   7.75
19941203 090000  8.0 177.3  2.16 10.79 235.83  23.64  5  2.08 10.80 233.75  21.20  0.50 14.63 244.05   8.85  0.26 16.40 316.78   7.17  0.19 13.57 314.80  10.83  0.09 19.98 315.30   7.99
19941203 120000  6.6 171.8  2.37 10.82 234.59  24.62  4  2.25 10.82 232.34  22.83  0.65 14.03 243.60   8.13  0.33 16.15 316.39   8.23  0.11 19.29 315.27   7.69
19941203 150000  8.1 209.2  2.44 10.98 236.25  22.92  3  2.42 10.97 234.94  20.38  0.33 15.58 316.50   8.08  0.13 19.09 315.63   7.45
19941203 180000 11.4 215.5  2.70 11.33 235.12  22.79  4  2.67 11.32 234.00  20.57  0.31 15.46 316.63   7.33  0.15 12.60 315.97  10.09  0.13 19.08 316.26   7.65
19941203 210000 11.8 198.6  2.89 11.98 232.59  24.13  4  2.87 11.91 231.60  22.26  0.31 15.42 316.79   7.44  0.15 18.98 316.52   6.86  0.14 12.63 314.22   9.46
19941204 000000  9.4 203.8  2.96 12.14 231.26  24.65  4  2.93 12.09 230.26  22.77  0.30 15.38 316.80   7.39  0.18 18.58 316.35   7.45  0.14 12.63 313.96   9.38
19941204 030000 11.0 184.0  2.96 11.96 229.46  26.04  4  2.93 11.94 228.34  24.02  0.30 15.33 316.87   7.34  0.22 17.92 315.78   7.63  0.14 12.64 314.38   9.68
19941204 060000  9.4 177.4  2.82 11.79 229.35  26.94  3  2.79 11.78 227.95  24.53  0.34 15.18 316.22   7.76  0.24 17.82 315.83   7.79
19941204 090000  8.1 176.6  2.63 11.59 230.06  27.05  3  2.60 11.58 228.34  24.07  0.34 14.70 316.09   8.14  0.27 17.73 316.04   7.54
19941204 120000  7.4 179.4  2.44 11.31 231.62  26.52  3  2.40 11.31 229.54  22.83  0.36 14.52 316.05   8.40  0.26 17.73 316.34   6.98
19941204 150000  8.3 220.5  2.30 11.12 233.25  25.57  3  2.26 11.11 230.83  21.04  0.32 14.39 316.37   7.89  0.32 17.38 316.23   7.49
19941204 180000 10.1 219.3  2.37 10.96 232.82  25.68  4  2.32 10.95 230.31  20.95  0.34 14.40 316.20   7.76  0.33 16.78 316.03   7.80  0.06 20.25 222.20   7.95
19941204 210000  8.4 213.0  2.36 10.68 232.87  27.25  4  2.30 10.67 229.97  22.24  0.37 16.65 315.86   7.77  0.34 14.39 316.17   7.54  0.08 20.04 222.54   7.99
19941205 000000  3.6 206.5  2.18 10.50 233.81  28.50  4  2.12 10.49 230.08  22.37  0.41 16.57 315.83   7.60  0.33 14.29 316.07   7.89  0.10 19.24 222.56   8.19
19941205 030000  4.6 205.9  1.99 10.42 235.59  29.02  3  1.91 10.42 230.88  21.38  0.54 16.50 316.01   7.71  0.12 18.98 222.63   8.12
19941205 060000  5.7 193.7  1.82 10.43 237.30  29.57  4  1.73 10.42 231.63  20.48  0.48 16.35 316.67   7.71  0.24 13.43 313.93   6.98  0.15 18.77 223.50   8.09
19941205 090000  4.4 184.9  1.68 10.66 239.33  30.36  4  1.58 10.66 232.47  19.66  0.46 15.81 316.10   7.57  0.29 13.46 316.24   7.84  0.18 18.12 223.76   8.07
19941205 120000  2.0 149.9  1.56 10.78 241.92  31.18  4  1.44 10.77 233.56  18.32  0.50 15.56 316.72   7.64  0.27 13.38 313.81   7.21  0.23 17.72 223.00   7.96
19941205 150000  4.2 217.9  1.49 15.48 243.43  32.19  3  1.35 10.83 233.60  17.30  0.58 15.48 315.93   7.71  0.28 17.49 223.63   8.22
19941205 180000  6.2 207.9  1.51 15.42 241.41  33.22  5  0.37  2.79 209.62  30.52  1.17 10.85 234.84  15.66  0.59 15.43 315.88   7.75  0.58 12.74 223.88  10.13  0.29 16.94 223.79   9.29
19941205 210000  6.8 202.0  1.61 15.33 237.18  32.66  3  1.45 11.81 228.16  18.00  0.60 15.35 315.94   7.75  0.39 16.19 223.27   8.95
19941206 000000  7.4 200.9  1.85 11.75 232.52  29.92  2  1.76 11.66 225.72  16.83  0.60 15.22 316.07   7.70
19941206 030000  8.9 184.9  2.20 11.53 227.84  28.45  2  2.12 11.48 223.26  19.13  0.58 14.85 316.21   7.61
19941206 060000  8.3 188.1  2.45 11.61 226.67  26.54  2  2.39 11.53 223.23  19.00  0.57 14.57 316.24   7.58
19941206 090000  8.0 177.9  2.69 14.31 226.33  24.87  3  2.26 11.95 222.88  20.60  1.34 14.43 225.70  10.78  0.56 14.46 316.17   7.58
19941206 120000  5.2 175.8  2.91 14.45 226.92  22.67  2  2.85 14.52 224.72  17.02  0.55 14.40 316.05   7.65
19941206 150000  6.3 217.2  3.06 14.36 227.46  20.81  2  3.01 14.37 225.56  15.40  0.54 14.35 315.99   7.70
19941206 180000  9.0 221.9  3.18 14.13 227.50  20.42  2  3.14 14.05 225.83  15.64  0.53 14.30 316.01   7.69
19941206 210000  9.2 207.1  3.21 13.86 227.23  21.04  2  3.17 13.79 225.70  16.89  0.51 14.23 316.12   7.67
19941207 000000  6.9 204.7  3.16 13.69 227.02  21.63  2  3.12 13.65 225.58  17.93  0.48 14.09 316.18   7.65
19941207 030000  4.2 200.5  3.04 13.50 227.46  21.58  2  3.00 13.47 226.06  18.02  0.46 13.73 316.19   7.67
19941207 060000  3.4 208.1  2.88 13.34 228.22  21.32  2  2.84 13.30 226.80  17.70  0.44 13.54 316.16   7.68
19941207 090000  1.4 198.4  2.70 13.22 229.03  21.19  3  2.67 13.17 227.53  17.34  0.41 13.46 316.05   7.72  0.09 16.70 316.96   7.73
19941207 120000  1.6 200.2  2.53 13.12 229.81  21.21  3  2.50 13.00 228.17  17.02  0.40 13.42 316.00   7.70  0.10 16.67 317.34   7.56
19941207 150000  4.3 265.5  2.38 12.94 230.58  21.42  3  2.35 12.83 228.76  16.85  0.39 13.41 315.95   7.75  0.12 16.56 317.17   7.55
19941207 180000  3.6 248.8  2.24 12.78 231.33  21.76  4  2.20 12.69 229.35  16.85  0.39 13.39 315.95   7.76  0.12 16.40 316.78   8.23  0.07 19.80 218.44   7.30
19941207 210000  2.1 266.0  2.10 12.63 231.78  22.02  4  1.66 12.58 231.44  12.59  1.23  8.20 226.03  21.99  0.38 13.36 315.96   7.73  0.13 15.87 317.04   8.18
19941208 000000  0.8 100.6  1.99 12.51 231.94  22.15  4  1.95 12.48 229.66  16.52  0.36 13.29 316.03   7.70  0.14 15.66 316.88   7.67  0.11 18.94 218.59   6.86
19941208 030000  1.7 272.1  1.90 12.38 231.87  22.10  4  1.86 12.35 229.53  16.22  0.34 13.07 316.10   7.70  0.15 15.60 316.59   7.91  0.13 18.57 218.30   7.20
19941208 060000  2.8 149.6  1.84 12.12 231.81  22.04  4  1.80 12.05 229.46  15.96  0.33 12.71 316.17   7.72  0.17 15.57 316.66   7.73  0.15 18.09 217.97   7.26
19941208 090000  0.7  82.8  1.77 11.89 231.75  22.79  4  1.73 11.84 229.34  16.80  0.32 12.60 316.31   7.61  0.18 17.82 218.50   7.21  0.16 15.57 316.10   8.28
19941208 120000  0.7 200.9  1.71 11.77 232.07  22.29  4  1.66 11.73 229.64  15.79  0.30 12.55 315.97   7.77  0.22 17.44 218.62   7.82  0.18 15.24 316.93   7.71
19941208 150000  4.1 248.8  1.67 11.68 232.56  22.33  4  1.61 11.63 230.10  15.61  0.30 12.53 315.92   7.78  0.26 16.99 219.23   8.79  0.18 14.81 316.86   7.73
19941208 180000  5.0 222.3  1.64 11.55 232.75  22.68  4  1.58 11.50 230.21  15.85  0.30 12.51 315.95   7.87  0.29 16.77 220.80  10.31  0.19 14.66 316.59   7.60
19941208 210000  4.9 222.8  1.62 11.29 232.84  23.20  5  1.54 11.23 230.18  16.14  0.31 16.55 218.54   7.34  0.30 12.51 316.08   7.92  0.20 14.63 316.37   7.68  0.12 18.92 247.28   7.74
19941209 000000  1.6 169.8  1.58 11.12 233.15  23.53  6  1.48 11.07 230.26  16.10  0.37 16.26 219.85   8.52  0.30 12.52 316.23   7.88  0.20 14.64 316.36   7.96  0.16 18.03 249.83   6.29  0.11 15.19 246.60   8.78
19941209 030000  3.6 203.5  1.55 11.00 233.89  23.45  5  1.43 10.96 230.71  15.65  0.40 15.82 220.46   9.06  0.29 12.50 316.71   7.74  0.27 17.71 248.26   7.16  0.20 14.62 315.67   8.13
19941209 060000  7.6 178.6  1.56 10.91 232.77  25.11  7  0.41  2.69 195.66  31.34  1.36 10.87 231.76  14.59  0.42 15.60 220.22   7.89  0.34 16.77 247.62   7.02  0.28 12.31 317.27   7.99  0.21 14.49 315.08   7.56  0.12 14.49 245.00   0.00
19941209 090000  7.6 187.2  1.62 10.81 231.12  26.76  8  0.66  3.59 201.30  32.25  1.28 10.77 232.52  13.67  0.45 16.57 248.66   7.08  0.45 15.46 219.98   8.16  0.27 13.92 317.30   7.75  0.20 11.47 315.00   8.22  0.16 14.49 245.00   0.02  0.06 17.76 316.55   8.02
19941209 120000  5.7 180.9  1.64 15.44 232.22  26.34  7  0.71  4.12 205.33  32.18  1.23 10.62 233.74  13.28  0.56 16.12 249.25   5.58  0.50 15.41 221.88   8.94  0.24 11.79 316.57   8.19  0.22 13.83 316.26   7.93  0.06 17.76 315.94   8.58
19941209 150000  7.5 217.2  1.65 15.32 234.61  24.59  6  1.34 10.49 229.23  21.38  0.58 15.15 223.77   9.16  0.55 15.59 249.21   5.61  0.41 13.55 249.41   5.12  0.23 11.78 316.63   8.18  0.22 13.82 315.79   8.21
19941209 180000  8.8 213.3  1.76 15.04 234.45  24.52  7  0.94  4.39 219.12  27.27  1.06 10.42 235.55  12.94  0.78 15.31 248.80   6.33  0.61 14.70 223.62   9.28  0.24 11.82 316.67   8.20  0.22 13.84 315.68   8.12  0.07 16.77 313.99   9.63
19941209 210000  8.0 210.5  1.82 14.48 234.82  25.31  7  1.06  4.87 221.14  28.31  0.96 10.39 236.30  13.28  0.92 14.48 246.75   7.67  0.56 14.57 221.04   8.01  0.24 13.72 315.88   8.04  0.21 11.70 316.64   8.48  0.08 16.64 316.39   8.07
19941210 000000  6.2 192.8  1.81 14.35 235.56  25.72  5  1.01  5.11 220.17  29.55  1.35 14.41 241.97  12.19  0.56 14.26 221.71   8.45  0.33 13.62 316.22   8.30  0.09 16.61 316.86   7.81
19941210 030000  5.7 201.0  1.77 14.16 236.46  25.39  6  0.94  5.25 219.28  29.51  1.34 14.27 242.92  11.64  0.58 13.88 221.87   8.28  0.32 13.44 316.32   8.24  0.09 16.61 317.10   7.78  0.06 20.53 295.12  11.50
19941210 060000  6.2 189.7  1.72 13.58 237.01  24.96  5  0.86  5.31 217.73  28.93  1.45 13.60 240.06  13.55  0.31 13.20 316.30   8.43  0.09 16.57 316.35   8.03  0.06 20.41 295.58  10.96
19941210 090000  4.8 194.6  1.67 13.41 237.66  24.61  4  1.64 13.42 235.38  20.56  0.32 12.98 316.26   8.52  0.07 20.36 295.89  10.74  0.06 19.22 218.91   7.78
19941210 120000  5.1 189.8  1.62 13.28 238.60  24.18  6  1.52 13.09 237.75  19.85  0.44 13.56 218.51   7.48  0.29 13.12 316.24   8.48  0.12 15.60 316.47   8.16  0.08 20.28 294.84  11.60  0.07 19.08 219.20   7.39
19941210 150000  6.1 221.5  1.58 12.85 239.32  24.12  6  1.50 12.71 237.86  19.20  0.34 13.46 215.37   7.07  0.28 13.21 316.05   8.68  0.14 15.54 315.29   9.69  0.09 18.83 219.40   7.63  0.09 20.16 294.78  11.60
19941210 180000  7.8 209.5  1.58 12.62 238.10  25.34  6  1.49 12.45 236.71  20.93  0.39 13.28 218.49   6.72  0.29 13.25 315.98   8.57  0.14 15.54 315.78   9.34  0.12 18.09 221.32   8.55  0.10 19.68 294.65  11.21
19941210 210000  8.0 210.6  1.62 12.50 236.00  27.07  5  1.58 12.49 233.39  22.96  0.29 13.24 315.92   8.53  0.13 15.55 315.69   9.50  0.13 18.05 220.77   7.79  0.12 19.15 296.53  12.57
19941211 000000  6.4 172.6  1.61 12.31 234.79  29.03  6  1.03  5.44 218.78  30.40  1.18 12.28 241.16  14.67  0.29 13.14 316.09   8.36  0.16 17.92 221.66   7.66  0.13 19.06 295.82  11.24  0.12 15.56 316.96   8.06
19941211 030000  5.4 212.2  1.57 11.85 235.53  28.61  5  1.47 11.66 233.38  24.88  0.35 12.78 221.62   8.79  0.32 12.69 316.23   8.43  0.21 17.68 221.77   8.14  0.14 19.01 295.97  11.35
19941211 060000  3.4 186.5  1.52 11.71 236.78  27.78  5  1.45 11.69 233.89  23.16  0.27 17.24 222.03   7.69  0.27 12.54 316.18   8.43  0.17 14.60 315.67   9.14  0.15 18.95 297.10  13.03
19941211 090000  2.8 225.8  1.47 11.60 238.32  26.72  6  1.33 10.98 236.56  22.28  0.41 12.51 225.61   9.13  0.33 16.77 222.75   7.84  0.25 12.48 316.01   8.41  0.19 14.57 315.91   9.45  0.15 18.88 295.68  11.80
19941211 120000  1.2  27.5  1.45 11.28 239.61  25.52  6  1.27 10.89 238.94  20.47  0.44 16.52 223.38   7.95  0.42 12.25 224.21   9.04  0.25 12.49 316.18   8.58  0.19 14.57 315.34   9.16  0.17 18.49 295.57  11.24
19941211 150000  5.7 295.8  1.47 11.05 241.76  25.85  5  1.33 11.01 240.49  20.95  0.52 15.91 223.27   7.63  0.26 12.58 315.98   8.47  0.19 17.93 295.58  10.90  0.18 14.64 315.27   9.66
19941211 180000  5.5 278.5  1.53 15.50 242.75  25.33  5  1.34 10.87 242.85  20.48  0.63 15.53 223.52   7.83  0.26 12.68 315.80   8.69  0.22 17.78 298.63  12.56  0.15 14.73 315.09   9.38
19941211 210000  2.2 295.2  1.56 15.24 242.25  25.00  4  1.33 10.72 243.39  19.84  0.73 15.26 223.76   7.83  0.32 13.00 316.11   8.49  0.22 17.78 296.76  10.91
19941212 000000  3.3 356.5  1.58 14.65 241.71  24.91  4  1.27 10.56 244.45  19.45  0.85 14.69 224.09   8.04  0.33 13.39 315.89   8.75  0.22 17.76 297.05  11.16
19941212 030000  3.9 357.6  1.58 14.31 241.62  25.60  5  1.17 10.54 247.51  20.63  0.98 14.36 224.78   8.60  0.31 13.52 314.81   9.48  0.22 17.72 297.46  10.86  0.12 15.66 320.39   4.98
19941212 060000  2.2 353.3  1.64 14.09 242.65  25.42  5  1.16 10.32 250.92  20.51  1.09 14.11 226.34  10.20  0.26 13.75 314.15   9.31  0.23 17.56 297.06  11.74  0.20 11.71 317.59   8.03
19941212 090000  2.5   7.5  1.80 13.71 245.45  25.09  5  1.27 10.06 256.07  19.76  1.20 13.68 227.94  11.07  0.26 14.11 313.36   9.97  0.25 16.91 297.39  11.75  0.20 11.74 317.60   7.54
19941212 120000  4.3  33.2  1.94 13.39 248.36  27.02  4  1.89 13.37 245.70  24.36  0.28 16.69 297.15  11.49  0.26 14.43 314.99   9.36  0.18 11.71 316.65   7.56
19941212 150000  2.6 268.3  1.99 13.23 250.38  26.78  4  1.94 13.24 247.83  24.35  0.29 16.64 298.43  10.56  0.23 12.40 315.62   8.00  0.22 14.50 316.29   8.65
19941212 180000  4.1 249.6  1.99 13.14 251.49  27.08  5  1.45 13.17 231.65  12.60  1.30  8.97 271.58  18.57  0.29 16.61 299.12  10.57  0.25 12.54 314.69   9.52  0.19 14.59 317.90   6.40
19941212 210000  4.6 219.3  1.96 12.78 251.99  27.69  6  1.38  8.95 269.29  19.82  1.33 12.82 229.18  11.64  0.29 16.60 299.54  10.64  0.26 12.64 314.91   8.66  0.18 14.58 317.33   8.55  0.06 20.91 221.62   7.29
19941213 000000  2.6 212.7  1.95 12.55 251.52  27.86  5  1.44 12.54 232.26  13.68  1.25  9.45 272.57  20.31  0.32 14.12 314.73   9.66  0.28 16.56 298.21  12.47  0.11 20.40 222.20   7.92
19941213 030000  3.1 198.6  1.99 12.41 250.41  27.11  4  1.94 12.39 248.17  24.77  0.32 13.74 314.69   8.93  0.29 16.44 299.32  13.10  0.18 19.68 220.63   7.24
19941213 060000  4.1 168.3  2.01 10.54 248.39  26.69  4  1.94 10.52 246.49  24.16  0.31 19.07 224.37  11.30  0.31 13.68 315.15   8.62  0.29 16.06 299.29  12.16
19941213 090000  4.3 181.3  2.00 10.34 245.41  26.86  5  1.90 10.32 243.86  24.09  0.41 18.25 220.61   7.31  0.31 13.66 315.04   9.27  0.31 15.65 298.63  12.21  0.17 15.48 236.02   8.31
19941213 120000  3.8 166.6  1.98 10.15 241.89  26.77  5  1.84 10.13 240.97  23.79  0.59 17.78 222.17   8.80  0.32 15.56 299.00  11.81  0.24 13.64 316.02   8.30  0.17 11.69 316.13   8.22
19941213 150000  6.8 213.5  1.99  9.86 237.94  26.29  7  1.67  9.85 240.21  23.87  0.72 16.99 220.72   7.40  0.65 12.03 221.14   8.52  0.35 15.53 295.55  17.85  0.23 13.56 316.09   8.86  0.17 11.69 316.12   8.32  0.16 14.49 235.00   0.00
19941213 180000  7.8 210.4  2.06 16.47 234.19  25.95  5  1.66  9.72 236.24  25.07  0.88 16.58 222.07   8.78  0.72 11.84 223.54   8.54  0.33 15.51 299.65  11.85  0.28 13.49 316.18   8.52
19941213 210000  8.5 207.5  2.08 15.81 231.53  25.75  6  0.86  4.24 220.76  30.36  1.41  9.55 236.76  22.26  1.01 16.05 222.55   8.78  0.63 11.83 223.41   8.86  0.31 15.49 299.87  11.85  0.28 13.38 315.85   8.59
19941214 000000  6.7 203.5  2.06 15.46 229.59  25.77  6  0.93  4.69 220.45  33.01  1.20  9.25 236.30  21.53  1.10 15.47 222.99   9.09  0.76 11.60 222.72   8.71  0.31 15.42 300.60  12.30  0.27 13.18 315.44   9.09
19941214 030000  7.8 191.3  2.03 15.23 228.05  25.74  5  1.47  9.01 227.63  27.74  1.22 15.23 223.62   9.24  0.56 11.15 222.47   8.80  0.40 15.21 306.97  13.28  0.06 20.43 317.08   7.34
19941214 060000  8.3 186.4  2.03 14.55 226.43  25.93  7  0.98  5.15 212.97  33.59  1.23 14.54 223.92   9.47  1.06  8.68 232.68  19.61  0.60 11.34 223.48   9.07  0.34 14.63 304.49  14.38  0.21 12.55 311.96   9.11  0.07 20.34 316.73   7.28
19941214 090000  7.7 184.6  2.04 14.36 225.55  25.77  6  1.41  8.40 222.01  29.11  1.32 14.34 223.90   9.58  0.52 10.68 227.18  10.06  0.38 14.51 306.40  13.04  0.08 20.22 316.68   7.19  0.08 21.89 228.13  10.90
19941214 120000  4.9 175.7  2.02 14.25 226.46  24.62  5  1.46 14.19 224.38   9.87  1.33  7.84 224.00  28.43  0.37 14.48 305.98  13.12  0.11 21.69 227.22   9.76  0.10 19.88 316.65   7.39
19941214 150000  7.0 219.0  2.00 13.74 227.49  23.21  5  1.27  7.22 226.03  26.46  1.49 13.62 224.78   9.90  0.37 14.45 305.75  13.30  0.17 20.62 226.46   8.54  0.11 19.19 316.52   7.46
19941214 180000  8.6 219.9  2.07 13.50 227.47  22.75  5  1.37  7.10 226.06  25.10  1.48 13.45 224.91  10.00  0.36 14.42 305.86  13.23  0.23 20.40 226.83   7.98  0.13 19.05 316.57   7.37
19941214 210000  9.5 212.0  2.19 13.44 226.50  23.14  5  1.55  6.73 224.15  25.30  1.47 13.39 225.20   9.97  0.35 14.36 305.90  13.19  0.32 19.91 225.67   8.46  0.16 18.98 315.86   7.75
19941215 000000  7.7 195.0  2.24 13.33 225.21  23.98  5  1.55  6.60 221.26  27.24  1.51 13.27 225.49  10.10  0.41 19.13 225.03   9.20  0.33 14.27 306.20  12.97  0.17 18.84 316.09   7.74
19941215 030000  7.2 194.2  2.24 13.20 224.74  23.63  5  1.49  6.66 220.41  27.65  1.55 13.11 225.11   9.87  0.51 18.98 224.82   9.03  0.32 14.06 306.45  12.90  0.19 18.28 316.21   7.70
19941215 060000  8.7 187.6  2.33 13.28 224.10  22.83  5  1.53  6.74 219.87  27.08  1.58 13.22 224.63   9.43  0.69 18.02 223.98  10.41  0.31 13.67 306.65  13.15  0.20 17.90 316.36   7.48
19941215 090000  7.3 192.8  2.47 17.64 223.96  21.72  5  1.55  6.96 220.27  26.49  1.71 13.36 224.33   9.51  0.78 17.83 223.09  10.67  0.29 13.51 306.74  13.16  0.22 17.80 316.66   7.31
19941215 120000  6.6 194.4  2.60 17.37 224.50  20.42  5  1.60  7.38 221.91  24.82  1.88 13.54 223.86   9.84  0.71 17.82 226.19   9.09  0.27 13.42 306.28  14.07  0.24 17.72 316.08   7.47
19941215 150000  7.7 219.1  2.71 16.50 225.14  19.46  5  1.65  7.67 224.03  23.42  1.76 14.08 224.63   9.66  1.18 16.57 222.72  10.28  0.27 17.58 315.91   7.82  0.26 13.37 306.45  13.70
19941215 180000 10.1 214.0  2.87 16.39 224.99  19.58  5  1.81  7.84 223.77  23.36  1.90 14.15 223.87  10.00  1.09 16.59 224.74   9.89  0.28 17.11 315.92   7.78  0.25 13.36 305.30  14.78
19941215 210000 10.3 207.7  2.98 16.18 224.12  20.54  5  1.90  7.57 221.33  25.00  1.91 13.93 224.07  10.36  1.20 16.10 225.00  10.21  0.30 16.75 316.06   7.68  0.24 13.34 305.74  13.97
19941216 000000 10.9 197.5  3.07 15.35 222.38  21.98  5  2.13  7.43 218.09  25.75  1.74 13.31 224.40  10.69  1.30 15.56 224.37   9.37  0.30 16.65 316.28   7.58  0.23 13.36 306.08  13.53
19941216 030000  9.3 192.1  3.07 15.26 221.53  22.93  4  2.19  7.75 216.53  26.41  1.66 13.26 224.08  10.20  1.31 15.22 225.20   9.88  0.38 16.58 313.14  10.85
19941216 060000  7.9 195.3  2.98 15.11 222.34  22.67  4  2.05  8.04 217.09  26.09  1.73 13.23 224.55  11.21  1.23 15.07 225.50   9.87  0.39 16.48 313.25  11.27
19941216 090000  6.9 183.0  2.85 14.23 223.52  22.32  3  2.06  8.44 220.12  24.62  1.94 14.16 224.72  10.51  0.39 16.27 314.38   9.31
19941216 120000  7.1 193.5  2.76 14.21 224.27  21.80  2  2.73 14.16 223.08  18.74  0.39 15.81 314.73   8.95
19941216 150000  9.0 210.3  2.73 14.16 224.03  21.48  2  2.70 14.12 222.87  18.42  0.38 15.63 314.90   9.04
19941216 180000 10.6 218.4  2.84 14.08 223.39  21.85  3  2.82 14.05 222.34  19.14  0.34 15.55 316.19   7.67  0.14 12.01 309.58  12.42
19941216 210000 11.2 207.4  3.02 13.49 221.96  23.32  3  2.57  8.46 219.71  23.60  1.55 13.39 224.30  10.48  0.38 15.48 315.50   8.68
19941217 000000  6.1 200.5  2.99  8.42 221.30  24.73  3  2.58  8.42 219.14  24.85  1.46 13.33 223.49  10.99  0.39 15.40 315.57   8.63
19941217 030000  6.4 204.6  2.71 13.36 222.05  24.75  3  2.23  8.36 219.23  25.24  1.50 13.30 223.84  10.34  0.39 15.27 315.52   8.57
19941217 060000  5.7 213.4  2.44 13.29 222.97  24.21  3  1.91  8.09 220.22  24.51  1.48 13.24 223.23  10.85  0.39 15.01 315.36   8.81
19941217 090000  6.6 206.8  2.32 13.05 223.74  23.37  5  1.70  7.91 221.40  24.35  1.51 12.95 223.13  10.15  0.37 14.71 315.45   8.63  0.22 16.65 212.82   4.57  0.08 11.02 316.29   8.17
19941217 120000  5.2 183.4  2.31 12.61 224.04  22.90  4  1.68  7.94 222.93  24.17  1.55 12.55 222.07  10.28  0.36 14.58 315.62   8.57  0.08 11.00 315.69   8.56
19941217 150000  9.3 212.3  2.41 14.24 224.22  22.45  4  1.76  8.18 223.25  23.74  1.61 12.42 222.48  11.16  0.35 14.50 316.10   7.92  0.07 10.98 315.67   8.58
19941217 180000 11.2 209.0  2.67 14.23 223.10  22.68  3  2.65 13.81 222.02  19.96  0.35 14.44 316.16   7.90  0.07 10.96 315.77   8.61
19941217 210000 11.8 206.1  2.93 13.98 221.58  23.52  2  2.90 13.66 220.68  21.35  0.35 14.37 316.11   7.97
19941218 000000  8.2 206.0  3.01  8.27 220.60  24.28  3  2.65  8.27 219.59  24.75  1.38 13.51 220.38   9.07  0.35 14.30 315.89   8.22
19941218 030000  7.9 197.8  2.82  8.43 220.95  24.27  3  2.45  8.43 219.88  24.96  1.36 13.38 220.60   8.74  0.34 14.19 315.95   8.05
19941218 060000  9.2 184.0  2.60 13.41 220.04  24.75  4  2.27  8.35 218.74  25.21  1.23 13.28 220.11   8.61  0.32 13.97 316.11   8.00  0.07 20.02 298.41  12.02
19941218 090000  9.3 180.9  2.50 13.34 218.61  25.35  4  2.18  8.17 216.73  25.98  1.19 13.24 220.48   8.23  0.30 13.73 316.30   7.80  0.08 19.81 298.04  11.76
19941218 120000  8.0 176.0  2.45 13.30 218.87  24.80  4  2.13  8.25 216.88  25.46  1.18 13.22 221.14   8.25  0.28 13.59 316.47   7.75  0.09 19.51 297.63  11.79
19941218 150000 10.2 208.2  2.50 13.28 219.94  23.20  4  2.14  8.35 217.80  23.89  1.26 13.22 222.58   8.33  0.28 13.49 316.62   7.76  0.09 19.30 296.65  12.21
19941218 180000 11.7 211.9  2.89 13.27 220.21  22.51  4  2.88 13.23 219.59  20.96  0.27 13.42 316.87   7.84  0.10 19.17 297.31  11.56  0.05 16.60 304.87   7.92
19941218 210000 13.0 208.1  3.29  8.05 220.60  23.32  3  3.28  8.05 220.12  22.19  0.27 13.38 316.93   8.13  0.12 18.91 299.15  11.74
19941219 000000 10.0 192.9  3.50  8.59 220.76  24.48  4  3.11  8.59 217.83  25.49  1.59 12.84 229.07   9.83  0.26 13.35 317.35   8.03  0.14 18.68 300.66  11.56
19941219 030000  9.6 190.9  3.41  9.04 221.77  24.45  4  2.78  8.89 215.45  25.79  1.96 12.58 232.23  12.18  0.25 13.33 317.55   8.16  0.15 18.25 301.81  10.65
19941219 060000  8.5 182.4  3.30 12.39 223.11  24.09  4  2.60  8.96 216.13  25.83  2.01 12.37 232.73  12.24  0.24 13.26 317.79   8.33  0.16 18.25 301.26  11.12
19941219 090000  8.7 181.5  3.23 11.95 224.38  23.42  3  3.22 11.92 224.06  22.69  0.23 13.05 318.10   8.50  0.05 15.51 304.79   7.73
19941219 120000  7.4 172.1  3.22 11.80 224.89  22.64  4  3.07 11.78 224.47  22.34  0.90 15.67 223.66  10.08  0.21 12.69 318.52   8.61  0.19 17.97 299.59  12.62
19941219 150000  9.4 204.9  3.21 11.75 225.52  21.17  5  2.93 11.74 225.14  21.42  1.28 15.11 224.53  10.48  0.20 12.57 318.63   8.78  0.17 17.71 298.61  12.36  0.12 20.33 306.97   8.36
19941219 180000 12.0 210.4  3.36 14.57 224.78  20.75  3  3.04 11.82 224.19  21.13  1.41 14.75 226.34  15.13  0.19 12.54 318.78   8.90
19941219 210000 12.0 209.2  3.59 14.29 223.84  21.70  4  3.58 14.28 223.42  20.77  0.23 17.34 302.44  11.76  0.19 12.54 319.27   8.79  0.05 24.90 303.64   9.81
19941220 000000  8.9 204.2  3.70 13.76 223.13  22.82  4  3.07  8.95 220.25  24.94  2.05 13.77 227.75  11.22  0.26 17.05 302.23  11.96  0.18 12.53 319.30   9.00
19941220 030000  8.9 188.2  3.54 13.52 222.87  23.30  4  2.92  9.04 219.37  25.24  1.98 13.52 228.27  11.69  0.28 18.82 302.18  12.18  0.18 12.53 319.17   9.20
19941220 060000  8.6 179.9  3.31 13.34 222.48  23.65  5  2.70  8.99 218.87  25.71  1.89 13.35 227.34  11.28  0.28 18.85 302.39  12.32  0.18 12.52 318.88   9.24  0.08 23.34 305.37   8.75
19941220 090000  8.0 180.4  3.08 13.08 222.88  23.58  6  2.52  8.92 219.51  25.18  1.73 13.09 227.12  11.27  0.29 18.86 303.41  12.32  0.15 12.46 317.25   7.80  0.11 23.29 304.73   9.17  0.07 10.28 331.04   5.92
19941220 120000  7.0 188.4  2.86 12.79 224.06  22.85  6  2.21  8.85 219.80  24.57  1.78 12.79 227.82  12.03  0.30 18.84 303.85  12.38  0.14 12.21 317.05   7.57  0.12 23.28 304.45   9.56  0.07 10.24 331.07   5.83
19941220 150000  8.4 213.2  2.70 12.63 225.16  21.97  5  2.07  8.97 221.52  23.08  1.70 12.63 227.55  11.90  0.32 18.63 304.47  11.82  0.15 11.90 319.70   9.38  0.11 23.28 305.24   9.58
19941220 180000  8.4 219.4  2.68 12.46 225.49  21.96  5  2.65 12.46 224.21  19.22  0.35 17.87 304.52  11.96  0.12 11.81 317.23   7.74  0.11 23.10 306.66   8.80  0.06  9.77 332.70   4.78
19941220 210000  9.6 209.3  2.73 12.20 225.09  22.90  5  2.69 12.22 223.58  19.82  0.38 17.73 304.54  12.13  0.16 21.86 306.15   8.66  0.12 11.75 318.77   7.84  0.06  9.62 331.71   5.39
19941221 000000  6.2 203.6  2.79 11.97 224.00  24.10  5  2.75 11.98 222.35  20.86  0.38 17.68 305.12  12.15  0.21 21.78 305.44   9.05  0.12 11.77 317.34   7.41  0.06  9.63 331.99   5.26
19941221 030000  6.8 205.3  2.74 11.82 223.56  24.37  6  2.19  8.69 219.05  23.72  1.59 11.83 226.76  13.00  0.38 17.64 305.80  12.19  0.22 21.77 305.06   9.67  0.12 11.78 317.61   7.48  0.06  9.58 331.56   5.53
19941221 060000  7.7 196.9  2.66 11.68 222.91  24.38  6  2.11  8.78 218.54  23.63  1.56 11.68 225.67  13.21  0.38 17.59 305.96  12.56  0.20 21.76 305.63   9.95  0.12 11.76 318.10   7.01  0.06  9.53 331.41   5.62
19941221 090000  7.0 191.2  2.63 11.57 222.56  24.39  4  2.04  8.78 219.06  23.90  1.60 11.56 223.36  13.74  0.41 17.44 307.72  12.35  0.18 21.71 306.65   9.34
19941221 120000  6.8 187.9  2.63 11.48 223.16  24.90  4  2.03  8.82 219.70  23.68  1.61 11.47 222.87  13.92  0.43 16.87 307.26  12.13  0.24 20.57 306.76   8.59
19941221 150000  8.4 219.6  2.61 11.33 224.60  25.55  3  2.55 11.33 221.72  20.05  0.45 16.64 306.89  12.35  0.33 20.39 306.10   8.79
19941221 180000  9.6 214.8  2.65 11.19 224.94  25.87  3  2.59 11.19 221.96  20.31  0.46 16.55 306.56  12.76  0.36 20.36 306.06   9.80
19941221 210000  9.4 215.6  2.68 11.10 224.25  26.14  5  2.22  8.71 221.27  23.54  1.38 11.10 222.11  12.88  0.44 16.48 306.56  13.01  0.33 20.35 305.88  10.30  0.08 10.98 320.30   9.21
19941222 000000  7.9 190.2  2.64 11.01 222.84  26.57  6  2.22  8.44 219.93  24.61  1.33 11.04 221.48  12.26  0.44 16.43 306.94  13.43  0.28 20.35 306.34  10.32  0.08 10.96 320.71   8.65  0.05 20.41 220.22   8.03
19941222 030000  7.6 200.8  2.56  8.44 222.33  27.03  6  2.16  8.43 219.66  24.63  1.26 11.05 219.37  10.84  0.43 16.32 306.99  13.75  0.30 19.98 307.01   9.19  0.08 10.96 320.25   8.58  0.06 20.26 220.42   8.01
19941222 060000  6.0 198.5  2.48  8.48 223.05  28.27  5  2.11  8.48 219.50  23.93  1.16 10.96 218.70  11.03  0.45 15.96 307.57  12.97  0.40 19.15 306.88   8.89  0.08 19.65 220.10   8.20
19941222 090000  6.3 182.9  2.46  8.62 224.11  29.30  5  2.05  8.62 219.55  23.73  1.19 10.78 218.96  11.14  0.49 19.06 306.78   9.41  0.45 15.64 306.96  13.17  0.09 19.21 220.00   7.80
19941222 120000  5.0 182.0  2.41  8.72 224.73  29.52  4  2.31  8.72 219.66  20.96  0.49 19.05 306.36  10.06  0.47 15.53 307.36  12.83  0.11 19.10 220.38   7.86
19941222 150000  6.5 224.8  2.28  8.68 225.48  29.27  4  2.19  8.68 220.27  20.36  0.46 15.46 307.53  13.21  0.46 19.04 306.33  10.48  0.12 18.93 220.21   8.04
19941222 180000  9.4 222.6  2.23  8.49 225.70  28.99  5  1.99  8.49 221.15  21.61  0.79 11.29 218.44  10.82  0.46 15.40 308.04  13.24  0.41 19.00 306.55  10.30  0.15 18.27 220.03   7.90
19941222 210000  7.2 203.2  2.29  7.90 224.77  29.88  5  2.01  7.90 220.27  23.41  0.90 11.16 218.05  10.79  0.46 15.31 308.10  13.98  0.43 18.64 306.72   9.55  0.16 17.96 220.28   7.72
19941223 000000  2.3 200.2  2.29  7.78 225.62  31.62  6  1.98  7.78 220.02  24.25  0.91 11.31 217.98  11.28  0.52 17.95 307.16   9.37  0.44 15.18 308.02  13.13  0.17 17.86 220.75   8.16  0.05 10.24 320.67   8.23
19941223 030000  2.7 267.4  2.22 17.84 227.20  33.18  5  1.81  7.79 219.87  24.54  1.03 11.15 218.42  11.80  0.59 17.86 306.88   9.67  0.46 14.84 308.22  13.02  0.19 17.66 220.56   8.37
19941223 060000  0.7 268.1  2.12 17.80 228.36  33.83  5  1.62  7.90 220.12  24.01  1.11 10.97 218.03  12.80  0.61 17.84 306.76  10.13  0.46 14.63 308.21  12.87  0.21 16.97 220.23   8.11
19941223 090000  2.8   4.4  2.03 17.77 229.11  33.79  5  1.87 10.82 219.63  19.97  0.60 17.81 306.53  10.26  0.45 14.54 308.48  13.36  0.22 16.76 220.23   7.95  0.10 21.77 314.44   8.29
19941223 120000  6.5   8.2  1.94 17.72 230.65  35.30  5  1.78 10.70 220.81  22.87  0.57 17.77 306.52  10.36  0.45 14.48 309.44  12.39  0.21 16.70 221.44   8.16  0.11 21.73 316.21   7.56
19941223 150000  5.3 326.9  1.85 10.50 233.77  36.84  5  0.33  2.67 336.99  31.77  1.66 10.50 221.17  17.70  0.57 17.64 307.09  10.09  0.45 14.42 309.83  12.39  0.22 16.52 221.35   8.67
19941223 180000  3.0 303.6  1.80 10.38 237.47  37.35  5  1.62 10.38 225.16  25.03  0.60 17.15 307.44   9.92  0.44 14.35 309.32  12.33  0.24 15.82 220.87   8.66  0.12 20.53 316.32   3.42
19941223 210000  2.7 277.5  1.76 16.75 240.03  37.09  5  1.55 10.30 225.82  22.22  0.63 16.83 306.89   9.93  0.44 14.30 309.68  11.99  0.27 15.62 221.51   8.79  0.19 20.34 315.16   7.55
19941224 000000  2.7 344.2  1.73 16.68 242.39  36.92  5  1.50 10.24 226.81  20.43  0.65 16.75 306.86  10.05  0.45 14.20 309.78  11.75  0.26 15.57 222.72   8.90  0.19 20.32 315.52   7.66
19941224 030000  1.8 245.5  1.68 16.65 244.84  36.85  5  1.44 10.23 228.16  19.45  0.68 16.69 306.86   9.95  0.42 13.94 310.66  12.06  0.27 15.31 223.33   9.31  0.17 20.30 316.49   7.60
19941224 060000  1.7 122.0  1.65 16.62 247.22  36.80  5  1.40 10.24 229.67  18.75  0.76 16.65 308.53  10.42  0.33 13.48 307.86  11.97  0.27 14.73 221.55   9.14  0.05 24.99 306.96   8.58
19941224 090000  3.7 171.5  1.61 16.58 249.16  36.63  6  1.34 10.28 231.20  18.46  0.67 16.61 307.16  10.62  0.40 13.62 311.94  10.87  0.34 14.56 223.73   9.80  0.27 19.06 311.88   5.64  0.06 24.94 307.48   8.44
19941224 120000  1.9 145.4  1.58 16.50 249.75  36.91  8  1.15 10.12 227.77  20.29  0.66 12.00 243.69  10.86  0.64 16.52 306.19  10.07  0.39 13.51 312.58  10.72  0.30 19.00 315.11   7.52  0.30 14.54 219.79   7.55  0.14 17.63 235.19   7.83  0.07 24.87 308.23   8.38
19941224 150000  3.7 237.3  1.55 16.37 251.31  36.12  7  1.28 10.40 233.55  19.11  0.66 16.37 306.60  10.18  0.36 13.42 313.46   9.21  0.32 14.49 224.42   8.25  0.26 18.99 315.79   7.59  0.16 17.27 236.86   8.51  0.09 24.26 307.49   8.61
19941224 180000  4.2 251.0  1.54 16.16 253.59  35.91  5  1.26 10.44 235.20  18.60  0.73 16.17 307.84  10.33  0.37 14.47 226.55  10.64  0.35 13.36 313.44   9.42  0.11 23.42 306.58   9.02
19941224 210000  4.8 234.5  1.55 15.84 256.61  36.40  6  1.21 10.44 236.25  18.60  0.77 15.88 308.20  10.24  0.36 13.65 225.49  10.48  0.35 13.34 313.48   9.52  0.27 15.92 234.76   9.26  0.14 23.32 306.60   8.87
19941225 000000  4.7 188.9  1.56 15.71 258.23  36.99  5  1.19 10.39 236.51  19.10  0.83 15.73 308.44  10.63  0.48 13.68 228.94  11.15  0.29 17.81 315.57   2.34  0.15 23.28 307.39   8.75
19941225 030000  3.6 189.0  1.53 15.61 258.60  36.88  5  1.15 10.29 237.06  19.33  0.74 15.56 307.03  10.93  0.52 13.76 229.28  10.81  0.45 17.66 314.59   6.39  0.17 23.15 307.84   8.29
19941225 060000  4.1 184.1  1.50 15.53 257.95  36.29  5  1.10 10.18 237.38  19.33  0.79 15.58 308.17  10.88  0.58 13.71 231.44  11.18  0.22 17.77 315.28   1.67  0.20 22.12 307.08   8.90
19941225 090000  2.0 182.2  1.49 15.51 258.19  36.02  4  1.06 10.05 238.29  19.06  0.80 15.57 308.71  10.75  0.62 13.62 230.82  10.87  0.26 21.82 306.13   9.10
19941225 120000  1.7 150.0  1.49 15.55 259.76  36.38  6  0.90  9.79 234.70  18.41  0.81 15.69 309.26  10.59  0.70 13.31 232.09  11.38  0.42 11.24 257.11   7.41  0.30 21.76 306.24   9.17  0.08 20.33 217.74   6.90
19941225 150000  5.3 219.9  1.52 15.74 260.27  37.19  5  0.98  9.83 238.77  19.83  0.84 16.07 309.66  10.46  0.73 13.01 230.85  10.80  0.31 21.72 307.11   9.16  0.11 19.80 216.82   6.90
19941225 180000  5.8 228.0  1.56 16.11 258.58  37.70  6  0.45  3.09 222.39  29.07  0.89  9.79 240.36  18.17  0.84 16.19 309.59  10.60  0.77 12.81 231.57  10.96  0.32 21.53 307.58   8.69  0.14 19.28 217.55   7.01
19941225 210000  6.8 225.2  1.58 15.67 257.49  37.81  6  0.56  3.43 223.41  29.04  0.85  9.77 241.02  17.81  0.81 16.11 309.19  10.74  0.79 12.72 231.47  10.63  0.39 20.51 306.84   8.75  0.16 19.13 217.60   6.94
19941226 000000  3.3 182.6  1.56 20.32 258.59  38.30  5  0.95  9.48 236.28  24.48  0.80 12.59 230.81  10.56  0.78 15.41 308.84  11.04  0.49 20.35 306.17   9.04  0.19 18.82 217.04   7.21
19941226 030000  2.9 203.3  1.51 20.28 260.76  38.45  5  0.87 12.28 230.83  11.90  0.79  9.09 239.01  24.89  0.76 15.31 309.05  11.06  0.52 20.30 306.42   9.48  0.23 18.28 216.88   7.01
19941226 060000  3.2 203.9  1.47 15.30 262.66  38.72  5  0.85 11.98 229.65  11.50  0.77 15.31 309.56  10.87  0.73  9.50 241.98  23.39  0.51 20.26 306.91   9.47  0.26 18.06 217.29   7.03
19941226 090000  3.0 181.6  1.45 15.30 264.57  39.05  6  0.84 11.84 230.04  11.80  0.77 15.31 309.82  10.72  0.66  8.93 243.39  22.94  0.53 20.03 307.44   8.98  0.30 17.91 216.87   7.08  0.06 24.95 304.24   9.70
19941226 120000  2.5 220.6  1.47 19.07 267.63  38.92  6  0.84 11.75 231.09  12.92  0.76 15.29 309.91  10.67  0.62 19.14 306.83   8.68  0.61  8.93 244.45  21.74  0.33 17.60 216.93   7.14  0.06 24.94 304.87   9.46
19941226 150000  4.7 240.5  1.51 18.96 269.62  38.37  4  1.04 11.71 236.99  18.18  0.74 15.19 309.61  10.75  0.72 19.00 306.45   9.08  0.35 17.15 217.01   7.18
19941226 180000  5.2 238.5  1.53 18.92 269.58  37.74  5  1.06 11.60 239.06  18.71  0.74 18.96 306.39   9.49  0.71 14.80 309.36  10.97  0.38 17.03 217.08   7.21  0.11 23.41 304.49   9.44
19941226 210000  5.8 221.1  1.55 18.88 267.93  37.57  5  1.10 11.18 240.05  19.90  0.72 18.92 306.39   9.59  0.70 14.55 309.36  11.32  0.39 16.99 217.56   7.40  0.13 23.34 304.41   9.45
19941227 000000  3.1 179.4  1.56 18.73 266.93  37.78  6  1.02 10.92 243.80  16.88  0.72 18.80 307.12   9.38  0.67 14.47 309.23  11.51  0.48  3.54 223.95  31.16  0.40 16.71 217.58   7.45  0.14 23.31 304.35   9.48
19941227 030000  6.1 196.4  1.59 17.98 267.68  37.88  7  0.49  3.70 218.02  31.56  0.99 10.72 244.89  17.26  0.76 18.10 306.93   8.88  0.67 14.44 309.13  12.29  0.41 16.21 217.32   7.49  0.29 13.72 249.22   6.94  0.18 22.69 305.46   8.95
19941227 060000  7.7 185.4  1.68 17.74 266.50  39.50  7  0.59  3.43 207.00  31.82  0.95 10.48 246.85  17.22  0.83 17.80 306.56   8.92  0.65 14.41 309.56  11.42  0.45 12.87 248.60   7.69  0.44 16.17 217.42   7.55  0.22 21.98 304.89   9.08
19941227 090000  7.6 180.3  1.77 17.70 263.25  41.65  7  0.74  3.86 201.01  32.66  0.87 17.73 306.17   9.24  0.79 10.11 250.60  16.68  0.74 11.95 245.69  12.93  0.63 14.37 309.58  11.18  0.45 16.17 218.36   8.70  0.26 21.86 304.65   9.22
19941227 120000  6.3 180.1  1.81 17.66 262.09  41.20  6  0.77  4.20 201.74  32.15  1.11 11.64 249.04  14.02  0.88 17.70 306.05   9.53  0.62 14.31 309.52  11.15  0.48 16.05 218.46   8.46  0.28 21.81 304.39   9.32
19941227 150000  7.8 213.5  1.86 17.61 260.63  39.27  6  0.79  4.34 208.96  29.88  1.18 11.49 248.04  14.29  0.86 17.65 305.69   9.59  0.61 14.16 310.44  10.91  0.50 15.15 221.58   9.20  0.33 21.53 306.77   8.53
19941227 180000  9.9 217.3  2.12 17.46 252.36  38.23  5  1.17  4.72 217.92  27.86  1.27 12.46 246.68  13.60  1.03 17.53 307.77  10.13  0.55 14.90 222.78   8.83  0.39 20.69 305.40   8.76
19941227 210000 11.0 207.9  2.38 16.88 246.44  37.86  6  1.48  5.30 218.66  29.20  1.41 12.62 243.49  13.25  0.88 17.15 307.30   9.31  0.53 13.71 309.72  11.19  0.48 15.51 221.29   7.94  0.45 20.47 304.66   8.98
19941228 000000  6.2 193.7  2.51 16.58 245.05  37.52  6  1.15  5.29 197.98  26.11  1.61 12.47 239.92  13.43  1.03  6.08 242.58  17.39  0.90 16.73 307.12   9.26  0.50 13.63 309.78  11.03  0.48 20.41 304.22   9.27
19941228 030000  8.2 191.3  2.48 16.51 247.05  36.80  5  1.32  6.02 215.51  30.95  1.75 12.11 240.05  14.10  0.87 16.63 306.70   9.33  0.58 20.15 305.37   8.99  0.49 13.62 310.09  10.64
19941228 060000 10.8 184.7  2.54 16.48 244.16  38.56  6  1.38  5.70 207.36  31.06  1.70 11.81 241.77  13.16  0.95 16.58 305.54   9.45  0.58 19.97 306.77   8.36  0.51 14.95 218.71   7.60  0.35 13.37 317.22   6.88
19941228 090000  9.0 185.7  2.57 16.46 242.94  39.37  6  1.48  6.07 207.92  30.78  1.63 11.63 242.02  13.36  0.97 16.52 307.57  10.11  0.68 19.22 305.23   8.41  0.56 14.64 219.72   7.76  0.06 20.60 219.47   7.92
19941228 120000  7.7 181.3  2.51 16.46 245.21  39.14  5  2.10 11.46 229.35  27.41  0.99 16.52 307.97   9.76  0.69 19.12 304.18   9.08  0.66 14.42 219.22   7.71  0.08 20.40 218.46   7.41
19941228 150000  9.7 212.2  2.51 18.92 246.15  38.31  5  2.09 11.18 230.26  25.68  0.91 16.38 307.85  10.04  0.81 18.92 304.96   9.12  0.65 14.29 218.58   8.34  0.11 19.97 219.78   8.99
19941228 180000 10.4 213.4  2.70 18.82 242.35  37.27  5  2.29 11.04 228.98  25.45  1.17 18.81 305.76   9.77  0.73 13.87 218.76   8.13  0.33 16.59 315.00   0.00  0.15 19.10 219.73   8.45
19941228 210000 11.2 210.4  2.86 18.62 239.41  36.63  4  2.47  7.39 227.72  25.81  1.21 18.59 306.42   9.57  0.76 13.57 219.40   8.83  0.18 18.96 219.92   9.30
19941229 000000  8.2 197.1  2.89 17.96 237.72  36.88  5  2.44  7.76 226.58  26.92  1.20 17.94 306.35   9.52  0.85 13.40 219.39   9.08  0.47 11.20 222.97  11.37  0.20 18.24 219.33   8.72
19941229 030000  8.9 194.9  2.82 17.76 237.53  37.39  5  2.23  7.98 224.04  27.37  1.20 17.76 306.20   9.53  0.92 10.94 232.18  14.91  0.80 13.26 218.43   9.58  0.25 17.81 219.22   8.19
19941229 060000  8.2 198.9  2.76 17.67 237.70  37.69  4  2.34  8.12 224.47  25.41  1.21 17.68 305.95   9.66  0.77 12.98 218.44   9.12  0.29 17.65 219.65   8.78
19941229 090000  6.8 193.9  2.71 17.56 238.62  37.69  4  2.23  8.50 224.81  24.94  1.22 17.61 305.76   9.74  0.87 12.62 219.03   9.99  0.34 16.78 219.59   8.14
19941229 120000  4.7 187.3  2.63 17.41 239.85  37.63  4  2.16  9.55 225.31  23.76  1.22 17.52 305.66   9.78  0.78 12.55 218.03   9.63  0.38 16.60 219.42   7.83
19941229 150000  7.1 229.3  2.53 17.22 241.26  37.53  4  2.04  9.47 226.20  22.79  1.21 17.38 305.63   9.77  0.77 12.46 217.47   9.71  0.42 16.42 219.40   8.55
19941229 180000  9.2 218.3  2.49 16.72 240.92  37.50  4  1.99  9.44 225.94  22.92  1.18 16.96 305.66   9.73  0.78 12.31 218.00   9.70  0.45 15.68 220.33   8.19
19941229 210000  8.5 210.5  2.46 16.42 240.25  38.20  4  1.97  9.40 224.72  23.89  1.17 16.66 305.81   9.67  0.72 12.11 218.42   9.79  0.50 15.50 220.05   7.86
19941230 000000  7.9 201.1  2.37 16.37 240.85  39.25  4  1.86  8.01 223.73  24.83  1.16 16.55 305.86   9.73  0.73 11.80 219.29  10.19  0.52 15.39 220.52   8.06
19941230 030000  6.3 201.8  2.25 16.38 242.89  40.17  3  1.85 11.69 222.99  23.66  1.16 16.48 305.71   9.83  0.54 14.83 220.13   8.27
19941230 060000  7.6 188.4  2.13 16.38 244.53  40.98  3  1.71 11.65 222.40  23.94  1.14 16.44 305.41   9.89  0.55 14.58 221.17   8.14
19941230 090000  7.3 193.4  2.04 16.38 245.60  41.83  4  1.57 11.53 221.50  24.87  1.13 16.41 305.24   9.93  0.60 14.45 221.52   8.71  0.21 17.75 221.33   8.82
19941230 120000  5.3 188.1  1.95 16.36 248.64  42.04  5  1.38  8.91 222.74  25.79  1.12 16.38 305.40  10.00  0.53 11.50 221.01   9.39  0.53 14.35 221.37   9.02  0.24 17.51 222.56   8.47
19941230 150000  6.2 226.0  1.87 16.28 251.95  41.75  5  1.29  8.65 224.68  24.85  1.12 16.28 305.70  10.06  0.56 14.09 222.00   8.55  0.45 11.37 221.26  10.08  0.26 17.01 223.19   8.57
19941230 180000  6.8 223.5  1.83 15.90 253.06  41.42  5  1.22  8.37 226.36  24.92  1.10 15.84 305.84  10.08  0.55 13.82 223.52   8.68  0.52 11.16 219.57  10.42  0.29 16.75 222.02   9.09
19941230 210000  6.3 213.7  1.77 15.64 253.46  41.53  5  1.14  6.90 224.09  25.29  1.07 15.64 305.71  10.05  0.74 13.65 223.25   9.83  0.28  8.14 251.57   7.34  0.28 16.70 220.64   8.12
19941231 000000  5.0 200.6  1.71 15.57 254.93  41.83  4  1.10  8.05 225.13  25.92  1.05 15.59 305.56  10.06  0.69 13.57 224.23   9.95  0.37 16.04 222.26   9.62
19941231 030000  5.5 201.2  1.65 15.57 257.89  42.10  4  0.99  7.91 224.81  26.39  1.06 15.61 305.64  10.15  0.70 13.51 224.93  10.29  0.36 15.72 223.12   8.50
19941231 060000  6.9 183.3  1.62 15.59 259.55  43.19  5  0.86  5.92 217.24  28.28  1.07 15.67 305.82  10.24  0.72 13.45 226.51  10.45  0.36 15.62 220.93   8.78  0.31  7.86 251.00   9.29
19941231 090000  4.6 169.6  1.57 15.59 262.52  43.17  4  1.06 15.73 305.87  10.30  0.80  7.69 221.25  31.02  0.74 13.30 226.41  10.82  0.36 15.58 223.53   9.85
19941231 120000  3.3 154.1  1.50 15.51 265.61  41.61  5  1.04 15.73 305.73  10.32  0.68  7.47 225.38  30.64  0.57 12.78 230.18  10.15  0.47 14.83 222.72   9.46  0.40 10.33 225.81  12.23
19941231 150000  5.3 214.7  1.51 15.26 264.03  39.87  4  0.72  9.56 228.92  25.22  1.02 15.61 305.58  10.40  0.70 12.65 231.59  10.05  0.48 14.60 222.93   9.54
19941231 180000  7.9 217.3  1.72 14.98 255.25  37.92  4  0.67  3.54 221.48  29.55  1.15 12.53 234.81  12.41  1.01 15.49 305.63  10.42  0.43 14.57 221.47   8.79
19941231 210000  9.5 211.3  1.99 15.01 249.17  35.94  5  0.95  4.26 220.54  28.70  1.35 12.12 237.86  12.84  0.99 15.42 305.71  10.44  0.49 14.43 223.29   9.13  0.16 19.12 310.76   6.39
19950101 000000  9.1 194.2  2.12 15.15 246.63  36.30  5  1.05  4.74 213.40  30.49  1.47 11.60 240.75  13.55  0.98 15.38 305.87  10.45  0.51 13.93 221.73   8.84  0.17 19.07 311.15   6.00
