Date     Time   Uabs UDir  hs    tp    th     sp     np hs(i) tp(i) th(i)  sp(i)
19830901 000000  8.8 179.8  1.88 13.43 223.05  21.06  2  0.79  3.92 199.20  29.92  1.70 13.43 227.55  14.85
19830901 030000  8.6 165.7  1.94 13.28 220.25  24.57  2  0.99  4.58 195.67  31.89  1.67 13.28 227.69  14.97
19830901 060000  8.1 169.0  1.94 13.00 220.09  24.97  3  1.93 13.00 219.81  24.54  0.10 15.69 286.30   7.57  0.09 16.35 311.26   6.36
19830901 090000  7.7 165.7  1.93 12.89 220.18  25.06  4  1.14  5.82 200.92  30.56  1.50 12.89 228.71  14.36  0.43 17.60 228.27   8.03  0.13 15.64 297.33  14.39
19830901 120000  8.9 171.8  1.93 12.88 220.35  25.13  5  1.15  6.32 201.58  30.61  1.47 12.88 229.09  14.22  0.43 18.35 229.60   8.77  0.22 16.59 225.00   0.00  0.13 15.53 297.20  14.47
19830901 150000  7.8 186.6  1.95 12.94 221.21  23.73  3  1.21  6.40 205.78  28.48  1.45 12.94 229.80  14.92  0.49 19.22 230.10   8.79
19830901 180000  8.3 210.6  1.99 13.15 223.38  21.37  3  1.30  6.49 213.11  25.76  1.35 13.15 230.72  14.45  0.66 18.67 229.27   8.58
19830901 210000  9.4 208.4  2.15 13.19 223.89  20.38  5  1.46  6.12 216.16  24.63  1.27 13.19 231.21  14.83  0.85 18.28 229.17   8.34  0.32 22.05 222.52   5.23  0.26 15.51 225.00   0.02
19830902 000000  9.3 204.9  2.36 20.09 223.58  20.67  5  1.61  6.35 216.08  25.65  1.25 12.95 230.82  13.17  0.93 18.40 228.79   7.76  0.74 20.58 226.02   8.54  0.13 15.31 292.21  17.61
19830902 030000  7.2 177.6  2.56 19.76 223.49  20.58  3  1.67  6.73 215.43  26.96  1.54 19.76 227.22   8.32  1.17 12.72 231.89  14.50
19830902 060000  6.6 171.7  2.71 18.92 224.33  18.83  3  1.86 18.92 226.94   8.35  1.63  7.00 216.35  26.44  1.11 12.61 232.62  14.36
19830902 090000  7.4 168.8  2.83 18.56 224.33  18.13  3  1.59  7.15 215.27  26.82  2.09 18.56 226.89   8.40  1.06 12.45 232.89  14.01
19830902 120000 10.1 175.0  2.99 17.79 223.35  19.05  2  1.68  7.32 212.08  27.95  2.47 17.79 227.99   9.82
19830902 150000  9.3 182.8  3.12 17.53 222.92  19.01  2  1.77  7.42 211.03  27.40  2.57 17.53 227.97   9.56
19830902 180000 10.4 203.0  3.22 16.85 223.02  18.21  2  1.87  7.43 212.18  25.56  2.62 16.85 228.02   9.51
19830902 210000 11.1 203.9  3.30 16.50 222.74  18.46  2  2.02  7.07 213.35  25.19  2.61 16.50 227.92   9.45
19830903 000000  6.2 203.1  3.20 16.31 223.22  18.82  2  1.94  7.02 214.28  26.44  2.54 16.31 227.91   9.51
19830903 030000  6.4 187.5  2.96 15.86 224.60  17.36  2  1.61  6.96 215.95  26.50  2.48 15.86 227.89   9.69
19830903 060000  5.5 162.6  2.78 15.49 225.25  15.89  2  2.42 15.49 227.46   9.78  1.37  6.87 217.66  26.03
19830903 090000  3.1 154.1  2.68 15.36 225.71  14.49  1  2.68 15.36 225.71  14.49
19830903 120000  5.7 185.5  2.63 15.19 225.88  13.88  1  2.63 15.19 225.88  13.88
19830903 150000  7.5 205.7  2.59 14.70 225.59  14.40  1  2.59 14.70 225.59  14.40
19830903 180000 10.6 213.1  2.65 14.49 224.97  16.01  1  2.65 14.49 224.97  16.01
19830903 210000  9.5 210.2  2.67 14.37 224.74  17.69  1  2.67 14.37 224.74  17.69
19830904 000000  3.6 210.4  2.54 14.18 224.98  18.04  2  2.51 14.18 225.17  18.16  0.37 18.67 216.37   7.70
19830904 030000  6.5 207.9  2.41 13.85 224.93  17.05  2  2.33 13.85 225.50  17.34  0.60 18.23 216.60   7.94
19830904 060000  6.3 184.8  2.36 13.60 223.84  16.25  2  2.14 13.60 225.33  17.18  1.00 17.51 217.27   8.33
19830904 090000  6.2 190.7  2.40 16.85 222.51  15.19  2  1.89 13.39 225.12  17.55  1.48 16.85 218.43   8.86
19830904 120000  2.4 178.2  2.50 16.53 221.70  13.61  1  2.50 16.53 221.70  13.61
19830904 150000  1.2 315.2  2.67 16.54 221.30  11.95  1  2.67 16.54 221.30  11.95
19830904 180000  2.0 302.9  2.88 17.34 221.09  10.94  1  2.88 17.34 221.09  10.94
19830904 210000  3.2 359.3  3.16 17.50 221.33  13.25  1  3.16 17.50 221.33  13.25
19830905 000000  6.0   1.9  3.54 17.33 221.68  13.76  1  3.54 17.33 221.68  13.76
19830905 030000  3.2 347.5  3.94 17.31 222.41  13.71  1  3.94 17.31 222.41  13.71
19830905 060000  3.1 193.1  4.17 17.37 223.17  13.19  1  4.17 17.37 223.17  13.19
19830905 090000  4.7 193.7  4.19 17.31 223.70  12.95  1  4.19 17.31 223.70  12.95
19830905 120000  7.0 189.4  4.15 17.15 223.95  13.40  1  4.15 17.15 223.95  13.40
19830905 150000  9.0 193.7  4.12 16.94 223.85  14.47  1  4.12 16.94 223.85  14.47
19830905 180000 11.3 203.3  4.14 16.71 223.86  15.55  1  4.14 16.71 223.86  15.55
19830905 210000 11.4 196.9  4.11 16.52 223.55  16.65  1  4.11 16.52 223.55  16.65
19830906 000000 11.7 188.6  4.10 16.39 222.41  17.84  2  1.59  5.67 207.82  30.48  3.78 16.39 224.66  13.17
19830906 030000 12.5 180.5  4.18 16.24 220.37  19.82  2  1.76  6.12 197.62  29.37  3.79 16.24 224.66  13.33
19830906 060000 12.4 172.3  4.24 15.86 218.64  21.40  1  4.24 15.86 218.64  21.40
19830906 090000 11.8 168.1  4.21 15.48 217.76  22.02  1  4.21 15.48 217.76  22.02
19830906 120000 14.4 168.8  4.22 15.31 215.43  23.90  1  4.22 15.31 215.43  23.90
19830906 150000 12.0 173.6  4.16 15.09 215.26  23.31  1  4.16 15.09 215.26  23.31
19830906 180000 14.0 193.1  4.04 14.60 215.82  21.64  1  4.04 14.60 215.82  21.64
19830906 210000 14.2 195.4  4.15 14.40 216.17  21.25  1  4.15 14.40 216.17  21.25
19830907 000000 12.0 188.1  4.07 14.26 216.72  21.94  1  4.07 14.26 216.72  21.94
19830907 030000 10.0 170.4  3.71 14.09 217.11  21.92  1  3.71 14.09 217.11  21.92
19830907 060000  9.3 161.3  3.33 13.81 217.33  21.13  2  2.40 13.81 219.13  11.85  2.30  9.34 215.15  27.78
19830907 090000  7.2 155.6  3.05 13.62 217.03  20.38  1  3.05 13.62 217.03  20.38
19830907 120000  7.0 169.1  2.84 13.50 217.02  19.30  1  2.84 13.50 217.02  19.30
19830907 150000  6.2 179.3  2.71 13.41 216.94  18.20  1  2.71 13.41 216.94  18.20
19830907 180000 10.0 215.3  2.70 13.31 216.95  17.83  1  2.70 13.31 216.95  17.83
19830907 210000 10.7 204.7  2.80 13.13 216.53  19.26  1  2.80 13.13 216.53  19.26
19830908 000000  6.0 205.0  2.73 12.81 216.22  20.70  2  2.14  8.48 217.60  24.38  1.68 12.81 214.13  12.36
19830908 030000  7.0 181.6  2.52 12.65 216.81  20.71  2  1.99  8.38 218.81  24.22  1.55 12.65 213.76  12.49
19830908 060000  7.6 171.0  2.31 12.53 216.57  20.84  4  1.83  8.33 218.70  24.48  1.40 12.54 213.11  11.87  0.16 16.78 225.13   7.36  0.13 20.30 212.87   6.63
19830908 090000  5.3 137.9  2.11 12.38 216.42  20.86  5  1.60  8.18 218.14  25.13  1.35 12.38 214.15  12.39  0.22 19.42 213.83   7.26  0.09 16.59 225.00   0.00  0.05 15.62 316.42   7.88
19830908 120000  7.1 158.3  1.96 12.06 215.83  21.32  4  1.41  8.09 217.01  26.82  1.32 12.06 214.49  12.83  0.36 18.99 216.12   9.08  0.05 15.52 315.04   9.70
19830908 150000  5.3 170.9  1.84 11.85 215.70  20.53  4  1.30  7.98 216.83  26.18  1.23 11.84 214.58  12.63  0.46 18.38 214.58   8.41  0.05 15.39 315.58   9.08
19830908 180000  8.3 211.8  1.81 11.72 215.98  19.14  5  1.29  7.73 218.00  23.89  1.11 11.73 213.53  11.48  0.61 17.81 213.80   7.75  0.11 10.94 260.47   7.98  0.06 14.91 312.95  12.01
19830908 210000 11.3 203.1  2.10 11.57 215.36  20.94  3  1.97 11.57 215.58  21.96  0.73 17.29 213.41   7.53  0.06 14.67 314.41  10.18
19830909 000000 11.5 191.8  2.31 16.69 213.08  23.08  4  2.13 11.28 212.79  24.46  0.86 16.69 213.73   7.71  0.11 10.45 260.78   7.93  0.07 14.58 314.72  10.05
19830909 030000  9.0 165.7  2.30 16.35 211.83  24.99  5  1.89  6.85 210.89  29.47  0.97 16.35 214.12   7.52  0.87 11.10 211.88   9.90  0.11 10.39 260.28   7.10  0.07 14.54 313.65  11.59
19830909 060000  8.2 163.2  2.14 15.80 213.27  24.37  5  1.69  7.00 212.83  29.94  1.07 15.81 214.58   7.51  0.77 11.00 211.41  10.00  0.10 10.35 260.62   7.09  0.06 14.50 313.94  11.38
19830909 090000  8.9 165.1  2.10 15.51 212.18  24.75  3  1.62  7.02 210.62  31.13  1.13 15.51 215.19   7.61  0.69 10.89 211.53   9.73
19830909 120000  9.8 165.5  2.14 15.21 211.23  25.14  3  1.68  7.18 208.50  31.14  1.20 15.22 215.67   7.79  0.57 10.65 211.98   9.78
19830909 150000 10.0 185.1  2.20 15.02 211.42  24.04  2  1.76  7.30 208.67  29.23  1.33 15.02 215.66   8.04
19830909 180000 11.7 200.2  2.39 14.78 212.91  22.23  2  1.99  7.10 211.25  26.10  1.33 14.79 216.25   7.98
19830909 210000 13.1 201.9  2.75 14.48 214.21  22.80  1  2.75 14.48 214.21  22.80
19830910 000000 12.3 191.4  2.89 14.31 214.91  24.36  2  2.59  7.54 214.20  26.88  1.29 14.31 217.47   7.94
19830910 030000 10.7 184.7  2.88  7.86 215.01  25.24  2  2.60  7.86 214.23  27.68  1.25 14.09 218.00   8.19
19830910 060000  7.9 170.4  2.65 13.64 217.40  24.40  2  2.36  8.05 217.09  27.11  1.22 13.64 218.44   8.40
19830910 090000  7.9 171.3  2.44 13.46 218.40  23.45  2  2.15  8.14 218.33  26.25  1.16 13.46 218.62   8.71
19830910 120000  2.9 157.2  2.29 13.32 219.61  21.94  3  1.99  8.27 219.92  24.67  1.03 13.33 220.00   8.23  0.45 15.80 211.88   9.58
19830910 150000  8.0 195.2  2.20 13.02 220.21  20.41  4  1.90  8.39 220.63  22.93  0.98 13.02 220.91   8.80  0.52 15.58 212.40   9.15  0.06 21.27 225.70   7.28
19830910 180000  8.5 209.4  2.18 12.73 220.00  19.80  4  1.89  8.46 220.31  21.99  1.09 12.74 218.94  10.04  0.06 20.60 225.71   8.47  0.06 12.69 316.56   8.24
19830910 210000  8.9 204.9  2.18 12.67 220.02  19.69  5  1.86  8.49 220.59  22.00  0.90 12.56 221.46   9.72  0.68 14.69 213.00   8.98  0.06 20.48 225.59   7.82  0.06 12.66 316.59   8.22
19830911 000000  4.8 214.9  2.14 12.71 220.04  19.83  5  1.80  8.50 220.63  22.43  1.02 12.72 219.23  10.20  0.55 14.76 216.22  10.62  0.06 20.37 225.86   7.69  0.06 12.63 316.47   8.28
19830911 030000  5.8 178.5  2.06 13.04 220.29  19.25  4  1.72  8.51 221.22  21.67  0.81 13.97 214.51   9.44  0.79 11.94 221.81  10.67  0.06 12.60 316.27   8.41
19830911 060000  5.8 144.4  1.98 13.23 219.87  19.41  4  1.60  8.51 220.35  22.42  1.17 13.25 218.89  11.21  0.07 19.26 226.17   8.10  0.06 12.53 316.08   8.56
19830911 090000  4.6 114.6  1.91 13.15 219.76  19.30  4  1.54  8.50 220.19  22.20  1.13 13.16 218.80  11.44  0.08 19.06 228.85   9.81  0.06 12.39 315.92   8.72
19830911 120000  2.5 140.5  1.86 12.82 219.81  18.95  4  1.50  8.50 220.28  21.70  1.10 12.83 218.80  11.60  0.08 18.94 229.04   9.95  0.06 12.07 316.73   8.07
19830911 150000  0.8  80.1  1.82 12.52 220.02  17.87  3  1.42  8.56 219.67  20.30  1.15 12.53 220.40  12.66  0.06 11.91 316.36   8.57
19830911 180000  4.9 258.2  1.76 12.37 220.60  17.41  4  1.36  8.58 221.16  19.79  1.11 12.37 219.59  12.16  0.07 17.98 226.79   8.14  0.06 11.84 316.37   8.59
19830911 210000  4.3 233.3  1.65 12.23 221.06  17.61  4  1.28  8.49 221.80  20.04  1.04 12.24 219.74  12.03  0.07 17.97 228.96   7.10  0.06 11.81 316.37   8.68
19830912 000000  4.1 200.8  1.53 12.02 221.20  17.74  4  1.09  8.18 221.38  20.68  1.07 12.03 220.73  13.13  0.08 17.83 234.76  11.03  0.06 11.80 316.24   8.79
19830912 030000  2.7 131.6  1.43 11.87 221.59  17.84  4  1.03 11.87 221.25  13.18  0.99  8.02 221.66  21.11  0.07 17.91 231.03  10.41  0.07 11.79 316.10   8.88
19830912 060000  2.2 133.3  1.36 11.76 222.19  17.72  3  1.04 11.76 221.29  13.53  0.87  7.70 223.19  21.47  0.07 11.76 316.09   8.96
19830912 090000  2.9 114.9  1.31 11.64 222.92  17.83  3  1.04 11.64 223.15  14.55  0.80  7.45 222.08  21.28  0.07 11.70 316.10   9.06
19830912 120000  2.2 118.9  1.27 11.44 223.30  20.54  3  1.05 11.44 224.46  15.16  0.72  7.14 220.03  27.67  0.07 11.51 316.01   9.22
19830912 150000  2.7 240.8  1.24 11.27 224.93  19.39  3  1.04 11.27 226.67  15.69  0.68  6.64 219.96  24.09  0.06 11.27 317.30   9.12
19830912 180000  6.7 240.7  1.27 11.21 227.50  19.57  3  0.73  6.40 224.65  24.31  1.04 11.21 228.51  15.71  0.06 11.19 318.32   8.51
19830912 210000  5.4 214.9  1.30 11.20 229.03  20.38  6  0.77  6.43 225.94  25.71  0.93 11.59 227.31  15.91  0.44 12.93 239.35   8.69  0.21 11.06 247.67   4.68  0.06 11.17 317.25   9.97  0.05 14.46 307.54  11.14
19830913 000000  3.8 204.1  1.30 12.34 230.47  20.29  4  0.90 12.32 240.72   9.36  0.73  6.25 223.89  26.19  0.58 10.66 213.79   8.29  0.06 11.12 317.94   8.66
19830913 030000  5.4 175.6  1.32 12.40 231.64  20.80  4  0.68  5.93 219.90  28.17  1.05 12.36 238.69  12.39  0.43 12.47 212.83   7.88  0.06 11.10 317.88   8.90
19830913 060000  5.4 152.8  1.35 12.22 233.34  21.66  4  1.32 12.36 234.09  20.98  0.27 11.02 209.26   6.97  0.06 11.07 317.95   9.22  0.05 14.20 307.38  11.03
19830913 090000  2.8 165.2  1.39 12.12 235.86  20.16  5  1.34 12.22 237.08  19.23  0.31 11.19 209.90   6.31  0.08 19.17 221.89   7.42  0.06 11.06 317.56   9.34  0.06 14.17 311.29   9.42
19830913 120000  2.4 192.8  1.43 12.15 238.00  18.44  4  1.41 12.24 238.69  17.65  0.22 10.90 208.67   6.61  0.12 18.75 223.11   7.48  0.08 11.05 317.14   8.88
19830913 150000  2.0 226.9  1.49 12.05 239.22  17.81  3  1.48 12.05 239.22  17.48  0.15 18.34 226.36  10.15  0.08 13.73 315.12  10.34
19830913 180000  5.7 219.4  1.58 11.85 239.31  18.55  3  1.56 11.85 239.35  18.25  0.18 18.00 225.38   8.74  0.08 15.41 314.74  10.18
19830913 210000  6.1 205.4  1.67 11.64 237.88  20.39  5  1.64 11.64 237.54  20.08  0.21 16.81 256.65   7.70  0.20 17.89 225.77   8.20  0.08 13.39 315.21  10.50  0.06 15.44 313.14   8.86
19830914 000000  4.5 209.9  1.76 11.24 236.12  21.45  5  1.71 11.24 235.47  21.24  0.31 15.95 256.04   7.82  0.26 17.52 225.95   8.42  0.08 13.27 315.03  10.37  0.05 15.45 313.22   9.13
19830914 030000  5.6 205.9  1.82 11.02 234.95  21.69  5  1.25  8.82 219.33  19.69  1.24 11.11 248.36  11.63  0.37 15.69 256.23   7.18  0.30 17.19 226.88   8.84  0.08 12.96 317.14   8.15
19830914 060000  5.3 192.5  1.82 10.89 234.48  22.11  8  1.27  8.46 219.45  20.18  1.12 11.02 249.54  11.18  0.47 15.42 255.19   9.18  0.36 12.79 235.81  11.16  0.29 17.03 224.69   7.88  0.08 22.23 222.00   6.31  0.07 12.80 314.02   8.22  0.05 10.55 320.34   7.12
19830914 090000  1.4 225.7  1.79 10.76 235.13  21.90  7  1.24  8.36 220.38  20.07  1.11 10.96 249.23  11.68  0.49 14.92 256.09   7.63  0.38 16.64 228.52   9.12  0.17 20.83 220.99   6.93  0.08 12.75 313.72   9.04  0.06 10.66 319.20   7.89
19830914 120000  4.6 322.4  1.80 10.47 235.48  21.55  8  1.24  8.46 221.09  19.85  0.86 10.69 252.28   9.54  0.69 12.13 245.58  12.80  0.52 14.70 255.35   7.83  0.36 19.39 224.59   8.47  0.31 16.10 226.48   7.83  0.08 14.43 315.44   7.50  0.06 10.68 319.09   7.92
19830914 150000  3.5 288.8  1.85 10.28 235.34  22.08  6  1.24  9.07 221.37  21.72  1.11 11.57 249.09  12.03  0.56 14.52 255.05   6.97  0.55 18.99 224.37   8.92  0.14 15.51 225.00   0.02  0.11 14.43 315.72   8.83
19830914 180000  6.2 244.4  1.91 18.38 234.83  21.84  7  1.24  9.14 221.68  22.01  1.05 11.80 249.75  11.56  0.71 18.39 223.73   8.31  0.67 14.00 253.30   9.37  0.21 15.44 219.38   6.01  0.08 12.40 316.46   9.27  0.07 14.44 313.82   8.86
19830914 210000  5.6 218.1  1.98 17.85 233.91  21.50  4  1.27 13.55 250.05  12.11  1.21  8.90 221.48  22.51  0.90 17.86 222.60   8.06  0.10 14.44 314.30   9.07
19830915 000000  0.7  61.3  2.04 17.46 232.82  20.67  3  1.26 13.35 250.43  13.11  1.16  8.91 220.99  21.86  1.10 17.47 222.47   7.94
19830915 030000  1.0 122.5  2.10 16.78 231.74  19.69  3  1.29 16.79 222.00   7.96  1.24 13.19 250.74  12.76  1.09  8.92 220.66  20.76
19830915 060000  2.7 183.6  2.14 16.47 230.76  19.06  3  1.45 16.47 221.95   8.20  1.20 12.57 251.74  11.83  1.03  8.59 219.98  20.37
19830915 090000  3.6 212.9  2.17 15.97 229.88  18.86  3  1.55 15.98 221.49   7.96  1.14 12.47 252.74  11.76  1.01  9.01 220.81  20.78
19830915 120000  5.8 213.4  2.18 15.54 229.06  18.51  3  1.65 15.55 221.85   8.58  1.10 12.31 252.54  12.62  0.92  8.80 219.31  21.50
19830915 150000  4.8 194.6  2.16 15.32 228.38  18.21  3  1.69 15.32 221.53   8.42  1.05 12.25 253.03  12.42  0.85  8.11 218.73  21.63
19830915 180000  9.2 223.4  2.19 15.15 227.86  18.48  3  1.39 11.92 237.94  23.56  1.69 15.15 221.32   8.26  0.11 13.49 314.76   9.04
19830915 210000  9.1 209.9  2.25 14.99 226.69  19.70  2  1.17  4.52 220.86  26.07  1.92 14.99 228.69  16.30
19830916 000000  4.7 210.5  2.14 14.86 226.26  19.97  3  0.92  4.84 220.24  31.16  1.67 14.86 222.11   8.77  0.97 11.63 244.60  21.32
19830916 030000  5.2 197.2  2.01 14.97 226.61  18.95  2  1.67 14.98 223.16   9.58  1.12  9.61 235.30  29.33
19830916 060000  5.7 196.2  1.95 15.43 226.70  18.20  2  1.95 15.43 226.49  17.63  0.11 12.62 314.95   8.85
19830916 090000  5.4 206.9  1.95 15.53 226.92  17.33  2  1.95 15.53 226.70  16.66  0.12 12.62 315.02   8.74
19830916 120000  5.1 190.0  1.99 15.45 227.18  16.01  2  1.99 15.45 226.97  15.28  0.12 12.63 315.06   8.71
19830916 150000  6.7 208.1  2.09 15.06 227.11  15.11  2  2.09 15.06 226.91  14.42  0.12 12.62 315.14   8.63
19830916 180000 10.0 207.8  2.29 14.78 226.55  16.36  3  0.87  3.87 216.97  28.70  1.65 14.41 228.84  14.93  1.34 16.89 226.69   7.84
19830916 210000 10.0 207.4  2.49 16.45 225.44  17.98  2  1.17  4.71 213.99  28.31  2.20 16.45 228.33  12.14
19830917 000000  4.7 220.8  2.53 16.25 225.85  17.88  2  1.12  5.05 212.83  29.71  2.27 16.25 228.59  11.91
19830917 030000  8.0 199.1  2.54 15.81 226.55  16.59  2  0.97  4.97 211.96  29.69  2.35 15.81 228.71  11.68
19830917 060000  9.0 186.0  2.62 15.50 225.47  17.78  2  1.02  4.78 203.62  29.29  2.41 15.50 228.86  11.61
19830917 090000  5.4 172.2  2.63 15.30 225.91  17.25  2  0.97  5.03 203.80  29.49  2.44 15.30 228.91  11.52
19830917 120000  6.0 185.1  2.61 15.13 226.64  15.78  1  2.61 15.13 226.64  15.78
19830917 150000  7.0 204.8  2.62 14.73 226.85  15.05  1  2.62 14.73 226.85  15.05
19830917 180000  8.3 208.5  2.68 14.51 226.64  15.24  1  2.68 14.51 226.64  15.24
19830917 210000  9.0 206.4  2.76 14.43 226.44  15.71  1  2.76 14.43 226.44  15.71
19830918 000000  8.4 203.9  2.88 14.38 225.22  17.26  2  1.55  7.05 218.58  26.16  2.43 14.38 227.67  10.91
19830918 030000  7.3 180.0  2.92 14.34 224.76  17.41  2  1.64  7.27 220.29  26.39  2.42 14.34 226.63  10.51
19830918 060000  6.9 161.2  2.89 14.26 224.23  17.11  2  2.47 14.26 226.44  10.95  1.50  7.47 217.55  26.69
19830918 090000  6.1 142.8  2.81 14.15 223.60  16.81  2  2.45 14.15 225.68  10.81  1.37  7.58 216.22  27.42
19830918 120000  7.1 161.1  2.72 14.08 222.63  17.34  1  2.72 14.08 222.63  17.34
19830918 150000  7.5 162.5  2.65 14.15 221.46  17.69  1  2.65 14.15 221.46  17.69
19830918 180000  8.3 198.5  2.62 14.19 220.96  16.52  1  2.62 14.19 220.96  16.52
19830918 210000 11.4 197.6  2.76 14.22 219.01  17.88  1  2.76 14.22 219.01  17.88
19830919 000000 10.0 178.7  2.81 14.20 217.23  20.10  2  1.83  6.84 210.08  27.01  2.13 14.20 221.99  10.39
19830919 030000  8.9 168.3  2.70 14.15 217.05  20.32  2  1.76  7.21 211.37  28.23  2.06 14.15 220.74   9.95
19830919 060000  8.3 156.4  2.60 14.07 216.86  20.24  2  1.64  7.43 211.27  28.95  2.02 14.07 220.12   9.98
19830919 090000  6.8 147.1  2.49 13.87 216.82  19.63  1  2.49 13.87 216.82  19.63
19830919 120000  5.2 160.4  2.38 13.67 217.15  18.27  2  2.00 13.67 219.78  10.36  1.30  7.62 210.14  28.48
19830919 150000  5.1 184.8  2.27 13.52 217.82  16.04  1  2.27 13.52 217.82  16.04
19830919 180000  9.0 214.4  2.26 13.40 217.88  15.56  1  2.26 13.40 217.88  15.56
19830919 210000 10.0 201.9  2.34 13.25 217.09  17.81  1  2.34 13.25 217.09  17.81
19830920 000000  6.3 197.4  2.30 12.95 216.87  19.55  2  1.59  6.54 214.12  26.16  1.66 12.95 219.19   9.54
19830920 030000  6.1 161.0  2.13 12.72 217.36  19.87  2  1.53 12.72 219.09   9.20  1.49  6.78 215.32  26.77
19830920 060000  5.3 150.9  1.96 12.60 218.13  19.21  2  1.42 12.60 219.26   9.37  1.34  6.89 216.72  26.14
19830920 090000  2.2 108.0  1.80 12.54 218.79  18.40  2  1.32 12.54 219.62   9.37  1.23  6.99 217.73  25.05
19830920 120000  2.5 346.7  1.68 12.47 219.56  17.20  2  1.24 12.47 220.26   9.67  1.13  7.08 218.65  23.21
19830920 150000  3.4 307.1  1.59 12.34 220.80  17.89  2  1.18 12.34 220.84   9.93  1.06  7.16 220.73  24.39
19830920 180000  4.7 249.5  1.53 12.13 221.73  17.11  2  1.53 12.13 221.72  17.12  0.06 23.13 227.05   7.43
19830920 210000  2.4 227.8  1.47 12.07 222.06  16.59  3  1.20 12.07 222.72  11.06  0.85  6.79 220.56  24.18  0.11 21.89 226.76   7.46
19830921 000000  0.5 203.9  1.41 12.13 222.30  16.06  3  1.15 12.13 223.07  11.26  0.79  6.78 220.23  23.36  0.20 20.98 226.50   7.74
19830921 030000  3.3 208.6  1.37 12.22 222.37  15.64  2  1.33 12.22 222.18  15.95  0.32 20.06 225.60   8.00
19830921 060000  5.2 177.2  1.36 12.06 222.16  15.81  3  1.26 12.06 221.58  16.18  0.50 19.05 224.90   8.11  0.06 11.77 314.83   8.32
19830921 090000  3.4 149.3  1.40 18.29 222.30  15.73  5  0.99 11.87 223.33  10.82  0.71 18.29 224.02   8.29  0.59  6.30 214.27  27.40  0.36  7.64 225.20  14.39  0.06 11.70 314.80   8.32
19830921 120000  4.6 179.1  1.50 17.64 222.90  14.13  3  0.99 11.79 223.74  12.56  0.97 17.64 224.02   8.42  0.58  6.48 216.81  25.33
19830921 150000  4.3 232.0  1.64 17.10 223.40  12.72  2  1.24 17.10 223.70   8.58  1.07 11.77 222.99  16.70
19830921 180000  6.5 218.4  1.82 16.49 223.86  12.54  3  0.57  5.95 220.67  24.83  1.52 16.49 223.60   8.71  0.83 11.55 226.12  14.30
19830921 210000  7.6 205.8  2.00 16.24 223.40  13.73  2  0.71  3.57 215.01  26.74  1.87 16.24 224.47  10.18
19830922 000000  3.0 229.5  2.08 15.69 223.89  13.55  1  2.08 15.69 223.89  13.55
19830922 030000  3.4 226.0  2.12 15.38 224.78  12.29  2  2.05 15.38 224.84   9.21  0.55  8.21 223.74  32.71
19830922 060000  5.6 220.6  2.15 15.27 225.48  11.59  2  0.51  8.00 228.29  31.62  2.09 15.27 225.33   9.13
19830922 090000  1.1  79.7  2.14 15.12 226.09  11.45  2  2.12 15.12 225.43  10.01  0.29  7.89 266.30  17.93
19830922 120000  2.8 320.2  2.12 14.67 226.62  11.34  1  2.12 14.67 226.62  11.34
19830922 150000  1.6 230.5  2.09 14.47 227.25  12.58  1  2.09 14.47 227.25  12.58
19830922 180000  4.0 230.0  2.07 14.38 227.80  13.64  1  2.07 14.38 227.80  13.64
19830922 210000  6.0 225.2  2.05 14.32 228.03  14.26  1  2.05 14.32 228.03  14.26
19830923 000000  4.1 187.2  2.03 14.29 228.01  14.85  2  1.97 14.29 227.11  11.69  0.49  7.78 245.92  36.09
19830923 030000  5.4 170.4  2.04 14.33 227.22  15.79  1  2.04 14.33 227.22  15.79
19830923 060000  6.5 167.7  2.11 14.36 225.67  16.94  1  2.11 14.36 225.67  16.94
19830923 090000  4.4 175.4  2.22 14.32 225.08  16.06  1  2.22 14.32 225.08  16.06
19830923 120000  5.9 189.3  2.35 14.28 225.01  14.66  1  2.35 14.28 225.01  14.66
19830923 150000  5.1 217.3  2.51 14.30 225.56  13.43  1  2.51 14.30 225.56  13.43
19830923 180000  5.1 233.5  2.71 14.66 226.49  12.41  1  2.71 14.66 226.49  12.41
19830923 210000  6.7 206.1  2.91 14.62 227.44  12.31  1  2.91 14.62 227.44  12.31
19830924 000000  2.8 189.6  3.00 14.36 228.95  12.53  1  3.00 14.36 228.95  12.53
19830924 030000  3.7 189.6  2.99 14.15 230.82  12.23  1  2.99 14.15 230.82  12.23
19830924 060000  5.2 178.8  2.94 14.11 232.28  12.47  1  2.94 14.11 232.28  12.47
19830924 090000  2.9 214.2  2.87 14.08 233.57  12.53  1  2.87 14.08 233.57  12.53
19830924 120000  2.6 152.0  2.81 14.00 234.66  12.54  1  2.81 14.00 234.66  12.54
19830924 150000  3.4 212.0  2.75 13.80 235.49  12.93  1  2.75 13.80 235.49  12.93
19830924 180000  4.8 230.1  2.66 13.63 236.42  13.14  1  2.66 13.63 236.42  13.14
19830924 210000  2.4 249.5  2.57 13.50 237.35  13.53  1  2.57 13.50 237.35  13.53
19830925 000000  2.9   3.2  2.47 13.39 238.23  14.21  1  2.47 13.39 238.23  14.21
19830925 030000  1.4 345.1  2.37 13.33 239.12  15.31  1  2.37 13.33 239.12  15.31
19830925 060000  2.4  54.0  2.29 13.28 240.26  16.87  1  2.29 13.28 240.26  16.87
19830925 090000  4.6  17.5  2.28 13.20 242.24  20.54  1  2.28 13.20 242.24  20.54
19830925 120000  9.8  12.2  2.35 13.01 246.34  28.28  1  2.35 13.01 246.34  28.28
19830925 150000  5.3 357.1  2.37 12.86 249.66  29.95  1  2.37 12.86 249.66  29.95
19830925 180000  6.4 319.8  2.42 12.78 250.57  28.56  1  2.42 12.78 250.57  28.56
19830925 210000  6.4 337.5  2.56 12.71 252.19  29.98  1  2.56 12.71 252.19  29.98
19830926 000000  9.6 350.8  2.69 12.72 253.13  32.37  2  2.64 12.72 254.15  32.57  0.50 16.03 227.99   5.64
19830926 030000  5.3 350.0  2.80 12.87 252.80  31.30  2  2.57 12.56 258.93  30.70  1.11 14.60 222.41  11.11
19830926 060000  1.6 323.3  2.89 13.13 250.98  27.28  2  2.72 12.71 255.46  26.04  0.98 14.65 218.28   9.03
19830926 090000  0.6 249.9  2.93 13.12 250.25  24.71  2  2.50 12.72 260.36  21.00  1.52 13.66 223.43  10.96
19830926 120000  0.8 280.9  2.87 12.95 249.86  23.34  1  2.87 12.95 249.86  23.34
19830926 150000  1.4 146.6  2.74 12.74 249.80  22.99  2  2.39 12.71 258.73  18.37  1.33 13.15 221.11  10.24
19830926 180000  6.8 224.2  2.58 12.57 249.41  23.09  1  2.58 12.57 249.41  23.09
19830926 210000  9.9 221.3  2.56 12.36 247.47  24.27  2  0.90  4.14 233.84  29.48  2.39 12.36 249.28  22.87
19830927 000000  7.3 187.8  2.52 12.03 244.01  26.30  3  2.38 12.31 248.08  24.98  0.76 11.56 211.31   7.91  0.31 16.71 206.23   9.65
19830927 030000 11.4 196.5  2.68 11.82 235.61  28.14  3  1.20  4.65 207.98  30.63  2.36 11.82 243.20  22.95  0.45 16.40 204.05   8.51
19830927 060000 11.2 185.6  2.91 11.60 227.39  28.96  3  1.59  5.44 208.03  33.01  2.33 11.60 237.75  22.37  0.71 15.74 204.33   8.07
19830927 090000  8.4 189.7  2.92 11.30 224.18  27.47  3  1.72  6.70 214.42  33.91  2.19 11.30 232.67  21.31  0.89 15.34 205.92   8.68
19830927 120000 11.6 186.1  2.93 11.07 220.37  26.89  2  2.70 11.07 222.95  28.31  1.14 15.03 207.30   8.95
19830927 150000  9.4 199.7  2.90 10.88 218.81  25.56  3  2.44 10.35 219.84  28.14  1.42 14.55 209.66   9.55  0.66 11.28 249.34   7.95
19830927 180000 11.9 216.8  2.91 14.32 218.79  24.09  1  2.91 14.32 218.79  24.09
19830927 210000 12.5 209.7  3.08 14.20 218.70  23.72  2  3.05 14.20 218.20  23.55  0.37 11.01 251.70   6.47
19830928 000000 12.1 193.3  3.07 14.08 215.47  24.40  1  3.07 14.08 215.47  24.40
19830928 030000  8.5 195.7  2.92 13.93 215.58  23.37  1  2.92 13.93 215.58  23.37
19830928 060000  8.4 193.4  2.81 13.93 216.46  21.44  1  2.81 13.93 216.46  21.44
19830928 090000  6.5 196.0  2.73 14.15 216.84  19.99  1  2.73 14.15 216.84  19.99
19830928 120000  5.3 175.3  2.66 14.43 217.00  18.76  1  2.66 14.43 217.00  18.76
19830928 150000  5.3 210.2  2.62 14.40 217.22  17.73  1  2.62 14.40 217.22  17.73
19830928 180000  7.8 213.2  2.63 14.31 217.63  17.27  1  2.63 14.31 217.63  17.27
19830928 210000  9.6 215.9  2.69 14.21 218.17  17.75  1  2.69 14.21 218.17  17.75
19830929 000000 10.7 179.5  2.78 14.11 216.13  20.29  1  2.78 14.11 216.13  20.29
19830929 030000 11.3 179.8  2.79 13.99 214.35  21.90  2  2.78 13.99 214.00  21.69  0.27 16.53 251.52  10.46
19830929 060000 13.3 175.2  2.84 13.87 211.58  24.41  2  2.80 13.86 210.61  24.06  0.47 16.19 244.86  10.50
19830929 090000 10.8 159.1  2.80 13.86 211.32  26.70  2  2.74 13.67 209.84  26.34  0.57 16.17 243.77  10.00
19830929 120000 10.9 169.9  2.71 14.12 211.71  27.37  2  2.62 13.49 209.59  26.99  0.67 15.68 242.29  10.21
19830929 150000 11.5 184.6  2.66 14.28 212.89  25.92  3  2.05  8.28 207.65  30.28  1.51 13.32 214.44  10.81  0.76 15.85 241.54  10.70
19830929 180000 13.2 209.1  2.77 14.34 216.18  23.60  3  2.62 13.17 213.34  23.17  0.89 15.33 239.68  10.10  0.07 16.57 302.62  10.79
19830929 210000 13.7 204.3  3.09  7.73 217.67  23.10  3  2.94  7.73 215.20  22.75  0.94 14.82 240.59   9.68  0.07 16.55 301.44  12.09
19830930 000000  8.5 198.7  3.15  8.27 218.43  24.21  4  2.83  8.27 215.56  25.09  1.20 14.41 235.85  12.04  0.70 12.28 211.21   8.23  0.07 16.54 301.24  12.44
19830930 030000  9.9 186.5  2.96  8.54 219.82  24.10  3  2.61  8.54 216.01  25.02  1.40 13.98 232.10  14.86  0.07 16.53 301.57  12.78
19830930 060000  7.9 169.4  2.78 13.90 220.98  23.96  4  2.41  8.60 215.83  24.81  1.07 13.56 235.49  14.40  0.88 15.67 235.57   9.26  0.07 16.46 302.57  12.26
19830930 090000  6.4 158.3  2.62 13.78 222.98  23.04  3  2.19  8.65 216.70  24.07  1.43 13.78 236.57  11.97  0.07 15.91 303.53  11.10
19830930 120000  7.9 174.1  2.48 13.97 224.32  22.48  3  2.00  8.71 216.74  23.50  1.46 13.96 237.53  11.62  0.08 15.57 303.05  11.00
19830930 150000  7.3 191.8  2.35 14.29 225.32  22.04  3  1.80  8.60 216.09  23.20  1.51 14.28 237.60  11.70  0.09 15.51 302.67  10.97
19830930 180000 10.8 210.5  2.38 14.22 225.36  21.75  4  1.83  8.33 216.11  22.71  1.52 14.22 237.83  11.44  0.12 20.52 233.40   7.77  0.09 15.48 302.37  11.11
19830930 210000 12.0 199.0  2.66 13.86 222.64  23.33  4  2.16  7.16 214.25  23.85  1.55 13.86 237.80  11.55  0.14 20.48 234.44   7.73  0.09 15.46 300.39  13.05
19831001 000000 12.5 189.7  2.89 13.46 220.53  25.10  3  2.44  7.52 213.17  25.71  1.54 13.46 237.60  11.51  0.08 15.44 302.71  11.64
