Date     Time   Uabs UDir  hs    tp    th     sp     np hs(i) tp(i) th(i)  sp(i)
19840201 000000  6.3 197.5  2.59 12.55 220.09  20.78  5  1.75  7.75 220.88  24.41  1.87 12.53 217.62  11.44  0.22 13.27 294.85  14.51  0.22 20.26 297.37  11.50  0.14 16.42 293.06  12.32
19840201 030000  5.6 203.7  2.52 12.41 220.10  21.24  5  1.83 12.39 218.01  11.36  1.69  7.65 220.15  25.04  0.24 19.73 296.27  11.40  0.21 13.08 295.12  14.34  0.15 16.13 293.14  11.85
19840201 060000  6.7 201.3  2.42 12.24 220.39  21.47  6  1.62  7.66 219.92  24.75  1.64 12.19 217.89  11.75  0.65 15.38 220.71   9.33  0.27 19.19 295.64  11.36  0.21 12.83 294.68  14.17  0.16 15.82 293.13  12.08
19840201 090000  4.3 202.1  2.33 12.01 220.99  21.63  5  1.70 11.97 218.86  11.73  1.55  7.77 219.99  24.25  0.28 19.10 295.90  11.77  0.21 12.72 293.89  14.49  0.17 15.70 291.40  13.28
19840201 120000  0.5 230.6  2.27 11.84 221.85  21.49  5  2.09 11.81 220.02  19.11  0.81 14.50 220.55   8.35  0.29 19.07 296.61  12.04  0.20 12.67 293.98  14.38  0.19 15.61 291.94  12.75
19840201 150000  4.8 247.0  2.22 11.70 222.60  21.39  5  2.05 11.67 220.69  18.55  0.74 14.67 220.83   8.69  0.29 19.01 296.93  11.99  0.20 12.61 292.44  14.90  0.19 15.56 291.82  13.16
19840201 180000  7.4 227.4  2.18 11.57 223.34  21.56  5  1.90 11.50 221.45  19.40  0.99 14.45 220.62   7.90  0.32 18.77 296.25  11.83  0.19 12.59 292.50  14.75  0.19 15.48 292.27  13.67
19840201 210000  8.3 209.9  2.23 14.75 223.03  22.12  6  1.52  8.20 221.06  23.42  1.21 11.21 220.27  12.04  0.99 14.54 221.15   8.20  0.35 18.02 295.23  11.90  0.19 15.44 292.78  13.32  0.18 12.56 292.06  15.22
19840202 000000  7.0 199.6  2.37 14.35 222.05  22.78  6  1.74  7.92 219.26  23.66  1.53 14.15 220.49  10.36  0.37 17.87 294.88  11.97  0.20 20.33 234.95   7.46  0.19 15.35 291.67  13.92  0.17 12.52 294.17  13.80
19840202 030000  7.9 199.9  2.51 14.07 221.14  23.19  6  2.00  7.91 218.02  23.52  1.43 13.96 220.69   8.47  0.38 17.84 295.19  12.51  0.29 20.03 234.77   8.21  0.20 15.26 293.03  13.50  0.16 12.48 294.04  13.78
19840202 060000  8.9 191.8  2.60 13.89 220.82  23.16  6  1.97  7.96 216.63  24.39  1.55 13.80 221.01   8.89  0.52 18.80 231.68   8.36  0.38 17.82 295.74  13.43  0.21 15.13 293.52  13.45  0.15 12.40 292.18  14.91
19840202 090000  6.8 197.9  2.66 14.20 221.81  22.25  5  1.92  8.03 216.71  24.02  1.78 13.94 223.66   9.21  0.39 17.76 296.31  13.08  0.20 14.71 292.62  14.61  0.14 12.34 293.47  14.05
19840202 120000  5.9 190.7  2.76 15.73 223.46  20.72  5  2.05 15.50 224.80   9.99  1.79  8.15 217.68  23.40  0.40 17.58 295.54  12.82  0.19 14.53 294.00  14.70  0.13 12.06 294.23  13.56
19840202 150000  5.7 222.1  2.85 15.95 224.96  19.29  3  2.81 15.56 223.45  16.09  0.43 16.88 296.06  12.56  0.19 14.42 290.25  12.59
19840202 180000  8.8 224.1  2.97 16.07 226.16  18.53  3  2.92 15.45 224.60  15.13  0.44 16.73 294.78  12.97  0.23 14.43 293.63  14.79
19840202 210000  8.5 211.9  3.09 16.07 226.44  18.74  5  1.85  8.71 221.60  22.07  2.43 15.36 226.77   9.35  0.43 16.69 293.14  11.56  0.24 14.46 294.72  14.74  0.13 19.00 319.60   4.98
19840203 000000  6.5 208.8  3.14 15.32 226.50  19.00  3  1.87  8.41 221.01  22.84  2.48 15.19 227.20   9.32  0.51 16.66 296.01  13.53
19840203 030000  4.7 219.7  3.14 15.08 226.71  18.96  3  2.49 15.07 227.61   9.36  1.84  8.37 220.70  22.90  0.50 16.64 295.91  13.45
19840203 060000  6.7 214.2  3.10 15.08 226.91  18.86  2  3.06 15.04 225.46  15.75  0.50 16.60 295.91  13.48
19840203 090000  3.4 212.2  3.07 15.08 227.17  18.85  2  3.02 14.99 225.64  15.53  0.51 16.50 296.38  13.88
19840203 120000  3.6 233.0  3.01 15.01 227.58  18.86  2  2.96 14.78 225.91  15.20  0.52 15.91 296.68  14.27
19840203 150000  4.9 257.3  2.92 14.71 228.07  18.90  2  2.87 14.57 226.26  14.95  0.53 15.70 296.45  14.29
19840203 180000  6.0 230.4  2.81 14.51 228.64  19.04  3  2.12 14.42 228.30   9.57  1.76  9.30 224.15  19.98  0.53 15.66 295.23  14.50
19840203 210000  7.2 211.0  2.71 14.37 228.80  19.47  3  1.71  9.16 224.30  20.16  2.03 14.31 228.24   9.50  0.54 15.62 295.34  14.17
19840204 000000  5.4 198.6  2.66 14.23 228.04  20.83  3  2.61 14.18 225.73  16.33  0.54 15.63 296.00  14.31  0.07 20.49 312.41  10.34
19840204 030000  8.8 191.3  2.61 14.00 227.27  22.07  3  2.55 13.93 224.81  17.46  0.54 15.64 296.89  14.75  0.08 20.45 310.20  12.05
19840204 060000 11.9 184.1  2.71 13.69 222.84  25.29  4  1.83  8.10 211.42  27.14  1.92 13.62 228.05   9.93  0.53 15.61 297.55  15.12  0.06 20.53 286.11   7.74
19840204 090000 10.7 184.8  2.76 13.54 220.48  26.45  3  2.00  7.39 209.49  27.85  1.84 13.48 227.84   9.71  0.51 15.49 296.48  15.22
19840204 120000 10.0 177.8  2.72 13.45 219.45  27.08  5  2.00  7.28 208.17  28.24  1.77 13.40 227.91   9.57  0.48 15.33 294.93  14.90  0.10 19.16 314.50   7.63  0.09 20.33 285.02   9.26
19840204 150000 12.3 200.0  2.70 13.38 219.29  26.76  4  2.65 13.32 217.21  23.60  0.48 15.21 295.67  14.17  0.11 20.21 289.19  11.81  0.10 19.13 317.34   6.62
19840204 180000 15.1 208.9  3.12 13.27 220.16  26.02  3  3.08 13.21 218.55  23.56  0.49 15.10 295.84  15.07  0.14 19.58 302.30  17.05
19840204 210000 16.4 206.0  3.80  7.94 219.28  26.49  4  3.76  7.94 218.21  24.88  0.48 14.98 296.81  15.34  0.11 19.00 315.63   8.05  0.10 20.02 283.62  10.00
19840205 000000 15.7 180.9  4.07  8.71 212.86  28.42  2  4.04  8.71 211.96  27.05  0.49 14.83 297.17  15.68
19840205 030000 16.5 177.2  4.22  8.91 208.71  29.48  4  4.19  8.91 207.92  28.30  0.43 14.70 295.71  15.48  0.14 19.03 285.47   9.74  0.12 18.17 316.22   6.96
19840205 060000 15.0 175.6  4.05 12.74 209.37  29.64  4  4.02 12.64 208.60  28.50  0.40 14.60 295.39  14.66  0.16 19.00 284.83   9.41  0.13 18.03 315.65   7.39
19840205 090000 13.6 171.3  3.79 13.21 211.53  28.87  4  3.77 13.08 210.70  27.65  0.38 14.61 295.09  14.87  0.16 19.00 284.94   9.85  0.14 17.91 313.56   7.76
19840205 120000 10.2 172.8  3.48 13.29 214.37  27.31  4  3.45 13.19 213.46  25.89  0.38 14.62 296.94  14.34  0.15 18.98 285.03  10.48  0.12 17.93 316.30   7.37
19840205 150000 13.0 181.9  3.33 13.22 215.18  26.31  4  3.30 13.10 214.21  24.72  0.37 14.56 296.70  15.73  0.16 18.74 288.92  12.12  0.10 17.71 319.84   5.00
19840205 180000 14.6 195.9  3.57 13.22 216.19  24.76  3  3.55 13.11 215.39  23.36  0.37 14.50 299.19  16.47  0.18 17.94 285.15  10.99
19840205 210000 16.0 199.3  4.18  8.70 217.03  25.18  4  4.16  8.70 216.47  24.25  0.30 14.35 296.73  15.12  0.21 17.79 284.05  10.60  0.17 16.78 313.67   7.08
19840206 000000 16.0 182.8  4.39  9.41 213.70  27.40  4  4.09  9.41 211.01  27.64  1.54 13.22 227.28  10.38  0.28 14.21 296.48  16.10  0.28 17.67 294.21  16.03
19840206 030000 16.0 180.6  4.41  9.83 210.35  28.80  3  4.13  9.83 207.56  29.40  1.52 13.02 226.85   9.84  0.27 17.67 293.13  16.21
19840206 060000 16.5 187.2  4.29  9.98 210.95  27.90  2  4.28  9.98 210.73  27.58  0.26 17.66 294.00  16.93
19840206 090000 13.3 185.0  4.04 10.19 214.15  26.45  3  4.03 10.19 213.70  25.72  0.26 14.18 303.96  13.06  0.23 17.59 290.76  15.20
19840206 120000 11.8 185.2  3.74 10.33 217.88  24.66  2  3.73 10.33 217.65  24.34  0.23 16.95 289.91  14.41
19840206 150000  5.6 208.4  3.40 10.24 221.04  23.05  2  3.38 10.24 220.46  22.02  0.34 16.61 297.39  17.00
19840206 180000  2.2 263.1  3.09 10.13 223.15  21.89  2  3.07 10.13 222.31  20.38  0.37 16.58 296.20  16.04
19840206 210000  2.9 270.2  2.89 10.09 224.17  21.17  2  2.86 10.08 223.16  19.30  0.38 16.57 295.93  15.50
19840207 000000  3.5 356.1  2.79 10.33 224.29  20.62  2  2.76 10.33 223.30  18.69  0.37 16.57 295.55  16.65
19840207 030000  3.1 359.2  2.78 10.51 223.61  20.33  4  2.75 10.50 222.58  18.28  0.30 16.56 289.56  15.15  0.21 13.60 306.31  13.29  0.08 20.51 302.42  13.71
19840207 060000  2.2  53.1  2.81 10.53 222.81  20.33  3  2.78 10.52 221.84  18.33  0.35 16.45 296.77  15.35  0.09 20.26 300.61  13.51
19840207 090000  2.8  37.7  2.73 10.45 222.72  20.20  4  2.68 10.45 221.46  17.93  0.36 15.82 295.91  15.31  0.30 16.82 233.52  10.35  0.11 20.10 300.61  13.88
19840207 120000  2.4  40.9  2.54 10.29 223.55  20.28  4  2.48 10.29 221.89  17.47  0.38 15.55 294.96  15.14  0.38 16.65 233.29   9.35  0.12 20.02 302.36  14.37
19840207 150000  4.0 312.1  2.36 10.01 225.02  20.98  5  2.04 10.01 221.76  19.09  0.99 12.33 227.40   9.79  0.49 15.99 231.38  10.00  0.40 15.51 293.80  15.27  0.12 19.88 303.29  14.13
19840207 180000  3.8 265.6  2.23  9.77 226.28  20.68  5  1.92  9.77 222.67  18.38  0.91 12.52 229.00   8.99  0.56 15.69 231.43  10.53  0.39 15.50 293.66  15.22  0.13 19.40 302.56  14.02
19840207 210000  3.5 213.1  2.16 15.37 227.02  20.07  6  1.70  9.64 222.71  18.15  1.00 11.70 228.52  10.52  0.79 15.24 229.57   9.67  0.34 15.50 289.12  13.55  0.18 13.28 306.43  14.74  0.15 19.08 301.04  13.89
19840208 000000  2.5 174.0  2.09 15.13 227.45  19.75  6  1.56  9.39 222.71  17.75  1.09 11.60 228.70  10.08  0.77 14.85 229.02  10.81  0.33 15.47 289.54  13.82  0.18 18.93 301.21  13.68  0.17 12.82 306.87  15.37
19840208 030000  3.0 196.5  2.05 14.61 227.56  19.57  5  1.46  9.37 222.30  17.35  1.00 14.46 227.14  10.23  0.96 11.54 230.14  10.13  0.36 15.41 293.65  15.62  0.20 18.84 301.53  14.48
19840208 060000  4.8 184.5  2.05 14.37 227.19  19.50  5  1.38  9.36 222.19  17.39  1.10 14.27 225.78  10.45  0.96 11.55 229.30  10.46  0.35 15.23 294.35  15.37  0.22 18.74 302.45  14.49
19840208 090000  4.6 190.4  2.08 14.15 226.63  19.47  4  1.52 13.95 226.15  10.49  1.35  9.32 222.02  17.74  0.36 14.70 293.64  15.66  0.22 18.47 302.90  13.91
19840208 120000  0.5 259.9  2.10 13.89 226.48  19.24  4  1.59 13.68 226.06  10.84  1.31  8.92 221.37  17.37  0.36 14.56 293.10  15.62  0.22 18.02 301.50  14.22
19840208 150000  4.4 231.9  2.13 13.62 226.75  19.26  4  1.64 13.49 226.12  10.70  1.28  8.76 221.43  17.63  0.36 14.51 292.39  15.48  0.25 17.84 299.98  15.24
19840208 180000  7.2 235.6  2.17 13.39 227.46  19.92  4  1.32  8.65 222.86  19.23  1.66 13.32 226.32  10.79  0.35 14.48 291.75  15.48  0.29 17.73 299.23  15.68
19840208 210000  7.5 210.2  2.20 13.07 227.34  21.06  4  1.37  8.31 221.30  21.35  1.66 13.06 227.17  10.85  0.34 14.47 291.58  15.45  0.31 17.64 299.85  15.40
19840209 000000  7.1 191.7  2.18 12.73 226.62  22.25  3  2.13 12.71 224.08  17.61  0.34 14.45 291.43  15.54  0.31 17.53 299.72  15.55
19840209 030000  5.5 205.1  2.18 12.59 226.31  22.61  5  1.35  7.27 218.16  24.58  1.65 12.57 227.31  10.81  0.33 14.40 291.83  15.67  0.31 17.28 299.36  15.28  0.05 23.29 307.78   7.96
19840209 060000  5.9 198.0  2.19 12.50 226.21  22.44  6  1.35  6.99 218.45  24.36  1.53 12.46 228.31  10.78  0.66 15.40 220.21   9.83  0.33 14.33 292.16  15.68  0.31 16.87 298.87  15.14  0.05 23.27 309.60   8.12
19840209 090000  4.8 204.3  2.20 14.20 226.33  22.09  6  1.42 12.29 229.34  11.23  1.24  7.03 218.20  24.55  1.03 14.27 220.68   9.28  0.33 14.17 292.34  16.06  0.32 16.74 297.88  15.55  0.06 22.26 308.19   9.51
19840209 120000  3.8 220.2  2.22 13.85 226.60  21.65  6  1.82 13.88 225.48  11.22  1.16  7.13 219.48  23.95  0.33 13.82 292.29  15.38  0.27 16.69 285.93  10.74  0.22 16.63 313.54   6.66  0.11 21.79 306.89   8.78
19840209 150000  4.0 235.5  2.25 13.61 226.72  21.05  4  2.19 13.56 223.85  15.14  0.39 16.54 297.40  15.30  0.30 13.71 289.30  17.24  0.13 21.77 307.56   8.25
19840209 180000  4.2 239.1  2.30 13.59 226.56  20.15  4  2.25 13.58 223.91  14.29  0.39 16.47 296.96  15.21  0.29 13.60 290.62  16.17  0.12 21.76 308.61   8.21
19840209 210000  4.5 228.8  2.37 13.59 226.20  19.21  4  2.32 13.60 223.80  13.59  0.39 16.36 296.93  14.85  0.29 13.56 289.59  16.98  0.10 21.71 311.31   8.21
19840210 000000  4.5 204.8  2.46 13.60 225.92  18.81  4  2.40 13.62 223.59  13.07  0.38 16.09 296.84  14.30  0.29 13.54 290.35  17.34  0.16 20.48 307.57   9.45
19840210 030000  5.6 195.6  2.54 13.62 225.71  19.03  4  2.49 13.65 223.25  12.93  0.39 15.77 296.10  14.71  0.29 13.50 291.11  17.12  0.22 20.35 306.68   9.12
19840210 060000  7.2 185.0  2.62 15.72 225.37  19.33  5  2.20 13.69 222.69  14.19  1.30 16.23 223.37  10.04  0.42 15.62 296.81  14.69  0.28 13.44 285.74  17.04  0.23 20.35 307.50   8.39
19840210 090000  5.0 194.4  2.63 15.55 225.60  18.99  5  2.16 14.04 223.13  13.79  1.39 15.91 223.16  10.44  0.46 15.55 296.47  14.51  0.24 13.38 284.98  15.01  0.19 20.34 309.73   8.75
19840210 120000  0.8 309.9  2.59 15.35 226.22  18.65  3  2.53 15.30 223.62  12.04  0.53 15.49 293.84  15.08  0.19 20.04 309.97   9.17
19840210 150000  4.9 279.7  2.52 15.13 227.42  19.76  3  2.45 15.03 224.32  12.34  0.53 15.46 293.84  14.91  0.27 19.10 307.06   9.61
19840210 180000  3.8 250.8  2.42 14.72 228.38  20.82  3  2.34 14.61 224.66  12.20  0.53 15.42 293.76  14.76  0.33 19.03 306.87   8.98
19840210 210000  2.7 286.9  2.28 14.50 228.88  21.24  4  2.19 14.42 224.76  11.78  0.49 15.31 293.65  14.96  0.32 19.02 307.33   8.92  0.18 12.55 292.43  15.74
19840211 000000  3.0  34.0  2.14 14.42 229.17  21.20  4  2.06 14.34 224.97  11.55  0.49 14.96 295.27  14.37  0.26 19.01 310.15   8.81  0.18 12.62 281.80  12.03
19840211 030000  1.8 276.1  2.11 14.34 229.26  21.10  4  2.03 14.26 225.07  11.45  0.49 14.76 295.51  13.94  0.22 18.92 311.50   8.60  0.20 12.59 287.52  15.18
19840211 060000  6.6 187.6  2.20 14.20 229.18  22.20  3  2.11 14.07 224.72  12.63  0.53 14.66 293.75  14.45  0.31 17.86 307.81   8.70
19840211 090000  7.2 176.6  2.37 14.02 228.87  24.23  3  2.28 13.76 224.51  16.25  0.52 14.61 294.60  13.95  0.38 17.79 307.40   8.09
19840211 120000  7.2 172.0  2.51 13.72 230.16  24.57  4  0.56  3.41 181.21  30.60  2.36 13.58 228.36  14.29  0.51 14.61 294.78  13.94  0.38 17.77 306.86   9.20
19840211 150000  7.1 211.2  2.64 13.52 232.50  23.39  3  2.58 13.43 229.74  18.90  0.48 14.60 296.75  12.34  0.32 17.77 309.09   9.06
19840211 180000 11.4 214.8  3.02 13.30 233.28  22.22  3  2.97 13.22 231.59  19.52  0.46 14.59 297.05  12.10  0.24 17.77 310.61  10.13
19840211 210000 10.9 205.5  3.38 13.09 231.55  22.82  2  3.34 12.95 230.28  20.82  0.50 16.39 301.30  11.08
19840212 000000 10.6 199.3  3.53 12.73 229.71  23.53  2  3.49 12.68 228.37  21.40  0.53 16.53 301.84  10.65
19840212 030000  7.1 200.2  3.49 12.44 228.94  23.68  3  3.44 12.41 227.42  21.22  0.40 14.38 296.65  11.57  0.39 16.61 306.66   8.56
19840212 060000  6.7 202.1  3.30 12.12 228.85  23.41  4  3.25 12.11 227.21  20.69  0.41 14.39 296.25  12.49  0.36 16.61 307.43   8.93  0.06 23.28 297.97  10.76
19840212 090000  4.6 195.6  3.07 11.92 228.60  22.97  4  3.03 11.90 226.95  20.20  0.41 14.24 295.84  12.95  0.31 16.61 308.08   9.58  0.06 23.26 297.67  11.01
19840212 120000  3.1 174.7  2.88 11.53 228.11  22.51  4  2.84 11.50 226.50  19.72  0.38 14.20 295.90  12.68  0.28 16.61 306.30  10.57  0.07 23.05 296.75  10.66
19840212 150000  6.6 203.6  2.74 11.25 227.52  22.59  4  2.70 11.24 225.65  19.35  0.46 15.27 298.72  13.52  0.16 17.82 297.07   8.11  0.08 21.93 296.04  10.36
19840212 180000  9.6 220.9  2.69 11.19 226.69  23.33  4  2.64 11.17 224.50  19.58  0.48 15.41 298.92  13.43  0.17 17.79 295.90   8.95  0.11 21.79 296.16  10.69
19840212 210000 10.3 210.6  2.64 11.53 225.75  24.23  4  2.59 11.49 223.40  20.31  0.49 15.43 299.46  13.22  0.16 17.78 295.84   8.89  0.12 21.76 296.22  11.21
19840213 000000  9.7 201.3  2.60 11.66 223.70  25.35  4  2.55 11.62 221.35  21.54  0.48 15.44 298.89  13.76  0.15 17.77 299.71   9.49  0.12 21.75 296.09  11.62
19840213 030000  8.9 188.5  2.48 11.69 222.82  25.96  4  2.42 11.65 220.40  22.18  0.48 15.47 298.33  13.73  0.12 21.67 295.49  11.54  0.10 18.11 221.72   7.48
19840213 060000  7.5 177.4  2.30 11.70 222.98  26.30  6  2.24 11.65 220.26  22.15  0.33 13.69 293.61  13.79  0.23 15.65 310.07   6.25  0.23 16.69 294.43   8.30  0.15 18.13 219.33   7.54  0.14 20.73 294.71  10.72
19840213 090000  6.1 171.4  2.14 11.71 223.92  26.43  5  2.07 11.64 220.62  21.50  0.34 13.74 298.87  15.10  0.32 16.51 296.76   8.69  0.25 17.40 220.55   7.87  0.17 20.39 294.99  10.60
19840213 120000  3.8 173.1  2.05 11.71 225.09  26.13  5  1.95 11.61 221.34  20.35  0.41 14.44 298.88  13.72  0.35 17.04 219.92   7.91  0.24 16.63 296.87   8.05  0.20 20.35 295.09  11.19
19840213 150000  5.3 210.5  2.02 11.68 225.63  25.03  5  1.88 11.57 222.03  18.99  0.54 16.44 219.31   8.55  0.39 14.39 298.22  13.45  0.26 16.55 300.48  10.88  0.20 20.34 295.14  11.91
19840213 180000  8.9 222.6  2.16 16.12 225.09  23.78  5  1.97 11.56 222.18  18.93  0.75 15.91 220.35   8.26  0.40 14.43 298.20  13.64  0.23 16.56 302.41   8.90  0.19 20.33 294.89  12.47
19840213 210000  7.8 213.3  2.28 15.29 224.15  23.59  4  2.01 11.59 221.50  19.90  0.97 15.38 220.44   8.72  0.46 14.58 298.32  13.50  0.19 20.12 294.43  11.72
19840214 000000  4.7 203.3  2.32 15.08 223.62  23.79  5  1.70  9.38 221.13  22.53  1.11 15.06 220.16   8.96  1.00 11.68 219.59  11.57  0.47 15.15 297.81  13.12  0.24 19.14 294.00  10.80
19840214 030000  5.5 203.6  2.30 14.54 223.97  23.86  4  1.62 14.45 220.44   9.92  1.54  8.76 220.51  23.00  0.47 15.32 297.20  13.49  0.29 19.03 294.55  10.78
19840214 060000  6.7 195.7  2.26 14.30 224.08  23.84  4  1.43  8.74 219.41  22.85  1.66 14.25 220.95  10.00  0.47 15.34 297.60  13.57  0.32 19.01 294.56  11.96
19840214 090000  4.5 172.5  2.21 13.91 224.18  23.53  4  1.71 13.91 221.05   9.79  1.28  8.20 219.28  23.43  0.46 15.33 298.36  13.90  0.31 19.01 295.10  12.24
19840214 120000  1.3 240.3  2.15 13.59 224.43  22.47  3  2.09 13.57 220.98  15.13  0.44 15.31 298.90  14.00  0.28 18.99 295.02  13.23
19840214 150000  5.6 244.9  2.13 13.50 225.09  21.93  4  1.76 13.45 221.92   9.96  1.08  7.70 220.95  22.50  0.43 15.19 298.66  14.20  0.28 18.73 295.00  12.52
19840214 180000  4.9 227.3  2.14 13.51 226.13  22.58  4  1.76 13.43 222.36   9.91  1.08  7.69 221.62  22.39  0.43 14.30 298.18  13.91  0.35 17.87 294.65  11.20
19840214 210000  4.8 223.0  2.14 13.58 227.37  23.60  4  1.76 13.43 222.84   9.87  1.05  7.69 221.43  21.87  0.44 14.32 297.90  13.69  0.43 17.79 294.89  10.72
19840215 000000  5.6 206.5  2.15 13.67 227.85  23.88  5  1.50 13.25 224.05  10.10  1.03  7.69 220.74  21.36  0.96 15.95 221.17   8.16  0.46 17.77 295.16  11.23  0.45 14.30 298.09  13.76
19840215 030000  6.9 193.2  2.19 15.23 227.12  23.81  5  1.04  7.68 217.91  22.37  1.82 15.49 223.52   9.46  0.45 17.76 296.03  11.54  0.44 14.29 297.69  13.10  0.08 10.69 332.42   5.19
19840215 060000  8.2 174.1  2.26 15.09 225.52  23.68  3  2.18 15.30 221.44  15.54  0.43 14.27 299.43  14.31  0.41 17.73 297.12  11.79
19840215 090000  4.8 175.5  2.34 14.63 225.51  22.21  3  2.27 14.89 222.10  14.81  0.41 14.24 300.42  13.94  0.39 17.59 297.67  11.39
19840215 120000  2.1 194.9  2.44 14.48 226.17  20.79  3  2.37 14.58 222.94  13.24  0.42 16.84 296.84  10.71  0.39 14.12 300.37  13.94
19840215 150000  5.5 228.1  2.54 14.47 226.93  20.50  3  2.46 14.56 223.51  12.51  0.49 16.65 296.21  10.53  0.38 13.63 299.21  14.45
19840215 180000  6.1 219.6  2.61 16.38 227.55  20.72  3  2.53 14.54 223.95  12.50  0.54 16.60 296.08  10.92  0.37 13.49 299.26  14.09
19840215 210000  7.8 215.9  2.66 16.38 227.71  21.04  4  2.34 14.24 223.36  13.86  1.07 16.62 227.64   6.94  0.55 16.58 296.38  11.73  0.37 13.44 299.40  14.21
19840216 000000  3.8 198.8  2.69 16.25 227.36  21.42  3  2.61 14.58 224.01  14.26  0.53 16.56 297.00  11.65  0.37 13.41 299.86  14.33
19840216 030000  4.6 218.9  2.67 15.35 227.21  21.30  4  2.21 15.13 225.82   9.02  1.38  7.40 219.54  23.23  0.49 16.51 297.87  11.19  0.37 13.39 299.98  14.80
19840216 060000  4.8 166.9  2.61 15.23 227.01  21.50  4  2.15 15.11 226.12   9.27  1.36  7.45 218.48  23.42  0.48 16.33 298.31  10.83  0.35 13.36 301.46  14.00
19840216 090000  1.7 188.7  2.52 15.05 227.41  21.64  4  2.09 14.48 226.14   9.29  1.28  7.56 218.63  23.10  0.50 15.70 298.56  10.67  0.32 13.28 301.01  14.79
19840216 120000  0.4 272.2  2.46 14.51 228.01  21.78  3  2.03 14.33 226.15   9.42  1.24  7.65 219.69  22.07  0.60 15.54 299.03  11.88
19840216 150000  4.5 274.9  2.39 14.40 228.66  22.12  4  1.98 14.25 226.12   9.51  1.20  7.68 221.00  21.98  0.54 15.49 297.79  10.73  0.29 12.79 301.20  15.29
19840216 180000  3.0 255.3  2.33 14.31 229.02  22.30  3  2.25 14.14 224.91  13.90  0.55 15.47 297.22  11.14  0.29 12.71 301.99  14.90
19840216 210000  4.8 238.4  2.27 13.97 229.36  22.43  4  1.89 13.83 225.70   9.44  1.10  7.64 222.97  21.33  0.55 15.45 297.05  11.17  0.29 12.69 302.55  14.68
19840217 000000  1.7 222.5  2.21 13.71 229.63  22.80  4  1.87 13.62 225.70   9.27  1.01  7.47 222.68  22.20  0.55 15.41 297.72  11.24  0.29 12.67 302.26  14.77
19840217 030000  7.5 177.2  2.16 13.64 229.06  24.09  3  2.07 13.52 224.22  14.79  0.61 15.30 299.15  12.06  0.08 18.94 310.66  10.71
19840217 060000  9.5 177.6  2.17 13.68 226.51  26.61  3  2.08 13.43 221.77  18.74  0.60 14.90 299.69  11.78  0.08 19.00 312.03  10.28
19840217 090000  8.2 172.3  2.14 14.12 225.64  27.70  3  2.06 13.34 221.04  20.58  0.58 14.58 299.74  11.76  0.09 18.94 311.24  10.77
19840217 120000  6.2 176.9  2.10 14.80 227.20  26.40  4  0.97  5.42 207.98  32.21  1.52 13.63 226.82   9.12  0.90 15.72 225.19   9.11  0.57 14.49 299.97  12.06
19840217 150000  5.0 211.4  2.09 14.71 229.18  24.49  4  0.88  5.60 214.09  30.03  1.81 15.13 226.81   9.21  0.56 14.46 299.47  11.77  0.14 17.90 311.25  11.23
19840217 180000  7.2 218.7  2.17 14.44 230.42  22.92  4  0.85  5.56 218.11  26.93  1.91 14.45 227.58   9.48  0.56 14.43 299.44  11.84  0.16 17.79 311.67  10.99
19840217 210000  9.1 208.8  2.41 14.23 229.71  22.63  4  1.17  5.41 218.93  25.52  2.02 14.13 228.42   9.51  0.56 14.40 299.55  11.68  0.17 17.75 311.84  10.91
19840218 000000  5.3 181.2  2.74 14.10 227.81  23.58  4  2.11 13.87 229.63   9.90  1.64  6.44 216.89  26.04  0.55 14.35 299.68  11.54  0.19 17.68 311.93  10.87
19840218 030000  8.3 200.2  2.86 13.83 227.99  23.60  4  1.71  7.16 216.19  26.42  2.21 13.66 230.67  10.21  0.54 14.27 299.60  11.65  0.21 17.37 312.75  10.60
19840218 060000  9.2 189.1  2.91 13.60 227.63  24.10  3  2.85 13.53 225.35  20.13  0.51 14.14 300.58  11.26  0.24 16.80 312.77  10.15
19840218 090000  5.4 186.4  2.90 13.49 229.14  23.44  3  2.85 13.44 226.97  19.54  0.49 13.83 301.23  11.40  0.25 16.69 313.16  10.06
19840218 120000  2.6 176.2  2.89 13.39 230.94  22.03  3  2.84 13.32 228.92  18.14  0.47 13.65 302.31  11.05  0.25 16.66 313.23  10.18
19840218 150000  6.0 221.8  2.89 13.25 231.82  21.08  3  2.85 13.12 229.91  17.19  0.45 13.57 302.54  11.23  0.27 16.56 312.24  10.71
19840218 180000  7.2 215.2  2.89 13.01 231.99  20.90  3  2.85 12.88 230.13  17.05  0.43 13.50 301.63  10.61  0.29 16.39 314.63   9.02
19840218 210000  8.0 214.6  2.92 12.85 231.73  21.19  3  2.87 12.76 229.89  17.40  0.40 13.45 301.74  10.79  0.33 15.85 313.06   9.85
19840219 000000  6.3 205.8  2.96 12.88 231.04  21.64  3  2.92 12.77 229.28  18.10  0.39 13.43 302.03  10.78  0.33 15.70 312.62  10.32
19840219 030000  5.6 203.6  2.96 13.16 230.53  21.86  4  2.92 12.97 228.83  18.43  0.39 13.41 302.93  11.10  0.32 15.66 312.26  10.49  0.07 21.84 212.40   6.91
19840219 060000  6.6 195.1  2.90 13.22 230.25  21.94  4  2.86 13.15 228.50  18.36  0.39 13.39 304.32  11.50  0.30 15.61 312.04  10.29  0.08 21.81 212.08   6.65
19840219 090000  6.4 187.1  2.83 13.09 229.93  22.08  4  2.78 13.01 228.11  18.24  0.40 13.34 305.11  11.73  0.30 15.54 312.34   9.86  0.12 20.64 211.49   6.13
19840219 120000  2.2 223.9  2.75 12.96 229.95  21.91  4  2.70 12.94 228.06  17.75  0.37 15.22 313.40   9.20  0.33 12.80 302.89  10.68  0.15 20.40 212.50   7.28
19840219 150000  5.1 212.1  2.68 12.90 229.96  21.39  5  2.18 12.92 230.26  12.35  1.47  8.07 222.97  23.45  0.35 14.96 313.25   9.75  0.33 12.78 304.34  10.80  0.19 20.10 214.39   7.05
19840219 180000  6.9 216.2  2.62 12.82 229.52  21.05  4  2.56 12.85 227.76  16.56  0.36 14.80 312.89  10.33  0.30 12.65 304.04  10.26  0.27 19.14 213.05   6.70
19840219 210000  8.1 211.4  2.61 12.73 228.46  21.20  5  2.54 12.75 226.89  16.84  0.38 18.91 213.76   7.83  0.35 14.78 311.11  11.39  0.29 12.64 305.79  11.50  0.06 23.27 313.08   8.18
19840220 000000  6.9 194.6  2.64 12.68 226.90  21.82  5  2.54 12.68 225.63  17.74  0.54 18.05 213.39   8.42  0.34 14.73 311.03  10.98  0.30 12.67 307.58  11.76  0.07 23.08 312.56   8.33
19840220 030000  7.2 192.7  2.68 12.69 225.51  22.07  6  1.41  7.19 219.21  26.61  2.08 12.67 226.93  12.21  0.67 17.83 213.65   8.46  0.47 15.65 218.44   5.42  0.45 14.52 309.97  11.42  0.10 22.07 308.76  10.57
19840220 060000  9.4 199.6  2.77 12.80 223.93  22.09  5  2.46 12.75 223.27  18.99  0.94 15.89 218.81  11.00  0.71 17.86 215.55   8.91  0.45 14.29 310.01  11.61  0.12 21.81 310.28  10.25
19840220 090000  6.4 191.4  2.82 13.05 223.32  21.87  5  2.24 12.44 223.44  20.69  1.65 16.11 218.48   9.01  0.45 14.05 309.90  12.02  0.12 21.77 313.68   8.76  0.08 18.27 304.19   9.15
19840220 120000  5.0 194.7  2.79 16.14 223.47  21.11  5  2.36 16.17 221.79  11.11  1.41  7.28 221.74  26.56  0.44 13.90 310.26  11.57  0.13 21.67 313.41   8.87  0.11 17.88 304.29  11.11
19840220 150000  6.9 212.7  2.73 15.23 223.50  20.62  4  2.69 15.57 221.72  15.69  0.43 13.87 310.41  11.46  0.17 20.96 311.67   8.94  0.10 17.76 303.34  11.26
19840220 180000  9.7 213.1  2.71 15.09 223.10  20.97  4  2.67 15.22 221.25  15.85  0.42 13.85 310.56  11.46  0.20 20.46 311.71   9.25  0.12 17.82 303.89  10.97
19840220 210000 10.2 208.3  2.73 14.85 222.33  22.26  4  2.69 15.03 220.47  17.50  0.41 13.76 310.75  11.44  0.21 20.39 312.84   9.22  0.12 17.79 304.17  10.98
19840221 000000  6.3 194.0  2.65 14.66 221.69  23.72  4  1.59  6.27 218.11  27.99  2.07 14.76 220.54  10.36  0.41 13.60 310.76  11.64  0.25 20.32 310.74  11.26
19840221 030000  8.3 187.9  2.49 14.67 221.51  24.54  4  1.43  6.39 216.68  28.98  1.98 14.76 220.23  10.31  0.40 13.46 310.73  11.96  0.28 20.11 310.05  10.91
19840221 060000 11.0 183.8  2.46 14.61 219.37  26.20  4  1.39  6.10 208.67  30.07  1.96 14.67 220.08  10.42  0.40 13.35 310.72  12.22  0.33 19.18 309.39  10.29
19840221 090000 10.1 181.5  2.56 14.43 217.51  27.06  5  1.57  5.99 206.91  30.03  1.96 14.48 219.15   9.70  0.38 13.29 311.37  11.64  0.34 19.07 311.33   9.04  0.17 16.63 300.38  12.32
19840221 120000  6.7 181.5  2.64 14.32 218.52  25.97  5  1.67  6.64 211.43  28.95  1.98 14.38 218.85   9.40  0.37 13.23 311.43  11.73  0.33 19.06 312.09   9.50  0.20 16.78 301.67  12.16
19840221 150000  8.5 200.2  2.74 14.32 220.58  23.64  4  1.74  7.43 218.15  26.12  2.05 14.36 218.56   9.20  0.37 18.97 308.35  12.90  0.36 13.14 311.77  11.21
19840221 180000 10.3 212.2  3.02 14.32 221.42  22.43  3  2.98 14.35 219.62  17.88  0.39 18.61 308.47  12.06  0.34 12.94 312.13  10.63
19840221 210000 12.8 205.7  3.51 14.29 220.73  23.11  3  3.47 14.31 219.18  19.44  0.45 17.85 308.55  11.13  0.33 12.81 312.24  10.55
19840222 000000  7.2 195.3  3.80 14.18 219.95  24.20  4  3.12  9.03 218.42  24.43  2.09 14.20 218.65   9.49  0.49 17.79 308.86  10.78  0.31 12.72 312.39  10.37
19840222 030000  9.6 190.6  3.69 13.97 219.85  24.14  4  2.97  9.30 218.06  24.52  2.11 14.01 218.88   9.83  0.49 17.77 308.38  11.50  0.30 12.68 312.74  10.26
19840222 060000 13.2 181.1  3.63 13.73 217.88  25.02  4  2.93  9.32 214.41  25.58  2.07 13.76 220.20  10.35  0.48 17.72 308.20  11.79  0.27 12.68 312.71  10.48
19840222 090000  9.8 176.5  3.62 13.53 218.26  25.05  4  2.75  9.39 212.97  26.18  2.29 13.55 221.88  12.15  0.48 17.47 307.70  12.10  0.27 12.72 312.72  10.37
19840222 120000  7.6 182.5  3.52 13.38 219.86  24.87  3  3.47 13.39 218.13  21.18  0.53 16.73 307.85  11.57  0.26 12.85 312.82  10.31
19840222 150000  8.4 198.1  3.32 13.29 221.43  24.57  3  3.26 13.29 219.30  19.93  0.57 16.64 307.79  11.39  0.24 13.19 312.99  10.33
19840222 180000 11.1 213.4  3.25 13.21 222.03  23.99  4  3.19 13.20 219.84  19.09  0.57 16.62 307.45  11.68  0.17 11.83 313.07   9.53  0.15 13.39 316.18   6.98
19840222 210000 11.5 207.6  3.57 12.99 221.15  23.61  4  2.91  9.40 217.50  22.32  1.99 12.98 223.46  12.44  0.56 16.60 307.44  11.93  0.17 11.97 315.31   8.23
19840223 000000  7.5 199.1  3.73  9.79 220.48  24.22  4  3.00  9.49 216.63  23.56  2.15 12.44 223.48  14.48  0.54 16.53 307.18  12.38  0.18 12.06 314.34   9.27
19840223 030000  7.0 202.9  3.52  9.93 220.86  24.55  4  2.80  9.56 216.42  23.65  2.06 12.44 223.94  13.65  0.56 16.28 307.00  12.56  0.18 12.21 314.58   9.10
19840223 060000  8.2 197.5  3.24 12.48 221.76  24.91  4  2.43  9.44 218.44  23.94  2.05 12.48 220.83  13.02  0.60 15.78 306.52  12.98  0.18 12.38 313.92  10.09
19840223 090000  7.8 200.3  3.11 12.47 222.26  25.15  4  2.29  9.42 218.99  23.67  2.01 12.47 220.28  12.25  0.62 15.63 306.37  12.74  0.18 12.45 313.85  10.11
19840223 120000  3.6 168.8  3.10 12.42 222.41  24.87  3  2.22  9.44 219.79  23.25  2.05 12.41 219.52  12.57  0.65 15.58 306.59  12.83
19840223 150000  4.7 218.7  3.04 12.43 222.25  24.36  3  2.97 12.41 219.53  18.42  0.62 15.54 305.77  13.16  0.15 19.67 314.03   7.95
19840223 180000 11.0 215.6  3.05 12.63 221.38  24.12  4  2.17  9.48 221.16  22.43  2.04 12.60 216.38  12.28  0.60 15.49 305.49  13.57  0.15 19.97 312.97   7.40
19840223 210000  9.9 200.4  3.06 14.14 219.83  24.58  3  3.00 13.09 217.40  19.25  0.59 15.40 305.35  13.66  0.17 19.62 313.96   7.70
19840224 000000  7.3 215.7  3.01 13.81 219.42  24.97  3  2.95 13.42 216.84  19.30  0.58 15.27 305.31  13.43  0.20 19.26 314.88   7.93
19840224 030000  7.4 193.0  2.95 13.66 219.27  25.44  3  2.89 13.43 216.42  19.24  0.59 15.03 305.04  13.67  0.24 19.04 313.49   7.91
19840224 060000  8.2 191.3  2.87 13.60 219.17  25.81  3  2.80 13.40 216.06  19.12  0.58 14.82 304.03  13.81  0.28 18.79 313.79   8.20
19840224 090000  7.3 194.5  2.79 13.52 219.22  26.08  4  2.02  8.81 217.90  23.38  1.82 13.32 213.65  11.30  0.56 14.71 303.31  13.98  0.31 18.59 313.00   8.83
19840224 120000  5.3 174.1  2.69 13.40 219.53  26.62  5  1.99  8.80 218.36  23.26  1.70 13.19 212.80  10.30  0.56 14.63 303.12  14.18  0.32 18.21 313.14   8.91  0.05 23.36 299.99  10.00
19840224 150000  6.0 230.4  2.53 13.21 220.92  27.35  5  1.88  8.68 219.41  22.26  1.56 12.97 212.84  10.15  0.56 14.59 303.05  14.59  0.35 17.92 313.07   8.25  0.07 23.28 299.86  10.78
19840224 180000  9.3 211.2  2.42 12.97 221.61  28.45  5  1.73  8.29 219.81  23.51  1.56 12.80 213.21   9.85  0.55 14.55 302.28  14.64  0.38 17.77 314.09   8.29  0.08 23.26 300.17  11.26
19840224 210000  9.8 201.7  2.33 12.80 221.02  29.94  5  1.74  8.02 217.79  24.38  1.40 12.67 212.57   9.41  0.53 14.51 301.49  15.14  0.41 17.60 313.65   8.21  0.07 23.23 301.15  11.24
19840225 000000  6.1 194.3  2.16 12.66 221.74  31.91  5  1.55  7.48 217.00  26.34  1.34 12.53 213.03   9.47  0.51 14.47 301.00  15.22  0.44 17.38 312.80   9.04  0.09 22.26 300.63  10.24
19840225 030000  7.3 193.2  1.95 12.50 223.81  34.07  5  1.33  7.04 217.06  27.09  1.24 12.36 213.28   9.55  0.52 14.44 300.36  15.20  0.44 16.97 313.12   8.72  0.13 21.80 299.22  10.11
19840225 060000  7.3 193.0  1.78 12.20 226.26  36.30  6  1.14  6.70 216.89  28.15  1.17 12.07 213.70  10.16  0.50 16.70 312.82   8.23  0.35 14.60 286.22   9.42  0.32 13.63 312.04   7.64  0.16 21.76 298.60  10.66
19840225 090000  8.0 187.6  1.67 12.00 227.42  38.58  4  1.51 11.91 214.17  21.94  0.62 16.46 304.16  15.22  0.32 13.59 312.03   7.59  0.16 21.73 299.69  11.89
19840225 120000  5.1 163.5  1.54 11.90 231.09  40.86  5  1.36 11.80 214.67  22.83  0.63 16.34 304.42  14.87  0.31 13.53 313.64   7.04  0.13 21.69 300.96  12.02  0.07 18.77 211.99   7.10
19840225 150000  7.1 215.9  1.45 16.13 235.76  41.56  4  1.25 11.73 216.31  21.50  0.65 16.16 305.02  14.91  0.29 13.43 313.37   7.50  0.15 20.65 300.43  10.16
19840225 180000 10.1 213.0  1.64 15.68 233.09  38.77  3  1.46 11.67 218.10  21.80  0.71 15.81 306.43  14.22  0.23 20.35 299.26   9.98
19840225 210000 10.0 210.0  1.92 15.38 228.21  35.54  3  1.76 12.19 217.71  21.61  0.70 15.58 306.14  14.27  0.27 20.31 299.29  10.87
19840226 000000  6.7 207.0  2.15 12.96 225.38  31.95  4  1.15  5.27 218.00  29.98  1.66 12.66 217.65  11.85  0.68 15.44 306.07  14.16  0.26 20.29 299.81  12.16
19840226 030000  7.3 196.3  2.48 12.86 223.95  27.70  4  0.92  5.26 214.80  32.03  2.19 12.69 219.27  12.67  0.69 15.33 306.52  14.14  0.20 20.28 300.09  12.14
19840226 060000  8.8 184.2  2.95 14.66 222.04  24.79  3  2.86 13.37 218.41  16.22  0.69 15.23 307.64  13.26  0.21 19.38 301.76  11.07
19840226 090000  6.9 181.2  3.39 15.17 220.87  23.01  3  3.31 15.24 217.98  15.56  0.67 15.11 307.94  13.23  0.30 18.97 301.67  10.37
19840226 120000  4.2 175.2  3.65 15.31 220.82  21.64  3  3.57 15.46 218.21  14.48  0.66 14.89 307.18  14.01  0.38 18.95 301.35  11.57
19840226 150000  6.5 227.8  3.70 15.22 221.13  20.74  3  3.62 15.32 218.73  13.91  0.64 14.67 307.03  13.93  0.38 18.95 300.87  12.08
19840226 180000  9.7 209.0  3.71 15.09 221.06  20.53  3  3.64 15.20 218.94  14.54  0.62 14.51 307.27  13.86  0.32 18.96 300.32  12.28
19840226 210000  7.8 215.0  3.62 14.95 221.14  20.79  2  3.55 15.10 219.11  15.11  0.67 14.40 307.01  13.53
19840227 000000  9.9 200.2  3.51 14.79 220.98  21.58  3  3.44 14.99 218.75  15.54  0.60 14.33 308.10  13.72  0.32 17.69 304.65  10.59
19840227 030000  7.6 197.6  3.41 14.62 221.00  22.77  3  3.34 14.73 218.38  16.13  0.58 14.29 308.19  13.49  0.42 17.68 303.59  11.06
19840227 060000  8.5 197.6  3.30 14.46 221.32  23.34  3  3.22 14.52 218.35  16.09  0.56 14.25 308.40  13.35  0.47 17.70 302.39  11.46
19840227 090000  7.3 190.5  3.19 14.34 221.26  23.57  4  3.11 14.37 218.23  16.29  0.54 14.18 308.42  13.20  0.45 17.71 301.84  11.77  0.12 20.44 307.12   8.17
19840227 120000  6.7 191.7  3.05 14.22 221.44  23.14  4  2.98 14.24 218.54  15.93  0.53 13.99 308.66  13.19  0.38 17.70 301.78  11.76  0.15 20.38 307.07   8.33
19840227 150000  5.9 221.0  2.92 14.01 221.86  22.68  5  2.79 14.07 218.42  15.36  0.58 18.48 233.95   7.64  0.52 13.72 308.62  12.90  0.32 17.52 304.29  12.46  0.15 20.37 307.77   8.63
19840227 180000  7.2 220.0  2.82 13.70 222.73  22.94  5  2.64 13.74 218.68  15.30  0.76 17.76 232.10   7.65  0.48 13.58 308.76  13.40  0.38 16.54 305.78  10.25  0.13 20.37 308.35   8.23
19840227 210000  8.0 211.7  2.75 13.54 223.56  24.27  5  2.51 13.55 218.32  15.88  0.90 17.20 231.88   7.60  0.47 13.52 308.95  13.47  0.42 16.52 302.85  10.28  0.22 19.14 308.74   8.55
19840228 000000  7.7 185.8  2.64 13.45 224.17  26.12  5  2.37 13.44 218.01  17.04  0.93 16.84 229.73   8.15  0.48 16.53 302.77  11.36  0.45 13.49 308.47  13.26  0.28 19.04 306.59   8.34
19840228 030000  7.3 200.7  2.53 13.38 224.81  26.74  5  2.22 13.34 217.78  17.29  0.98 16.48 230.28   7.79  0.47 16.55 301.48  11.09  0.44 13.47 309.16  13.20  0.29 19.03 306.48   8.71
19840228 060000  8.5 184.9  2.43 16.31 224.44  27.10  5  2.09 13.14 216.87  18.32  1.05 16.12 230.29   8.66  0.44 16.55 301.55  11.28  0.43 13.48 309.35  12.94  0.27 19.02 307.37   9.09
19840228 090000  8.5 183.0  2.40 16.18 222.80  27.71  6  1.05  4.90 203.90  30.69  1.78 12.98 219.09  13.39  1.05 16.02 229.02   8.61  0.42 16.57 303.45  11.44  0.42 13.52 309.21  12.59  0.20 19.06 311.23   6.45
19840228 120000  7.4 184.3  2.34 15.14 223.65  27.79  6  0.99  5.52 208.25  32.04  1.70 13.01 217.63  12.58  1.10 15.57 229.73   8.76  0.41 17.75 303.61  10.35  0.38 13.35 309.02  13.43  0.30 15.38 311.97   5.55
19840228 150000  6.8 206.8  2.35 15.19 224.86  27.68  4  1.93 13.07 216.67  18.60  1.15 15.08 227.85  10.21  0.52 15.42 307.29  11.98  0.42 17.80 306.37   8.58
19840228 180000 10.8 214.1  2.51 15.23 224.53  26.70  5  2.10 12.66 217.50  18.89  1.21 15.13 227.03  10.04  0.43 17.77 306.61   9.02  0.43 15.42 304.95  11.45  0.30 12.69 306.60  13.54
19840228 210000 11.2 205.0  2.75 15.20 222.68  26.29  7  2.40 12.64 217.16  20.60  1.14 15.13 227.71   9.37  0.44 15.45 302.87  11.36  0.38 17.76 306.70   9.28  0.30 12.71 308.11  13.71  0.25 19.20 213.20   6.51  0.05 23.32 303.65  10.36
19840229 000000  8.9 195.9  2.86 13.23 220.78  26.48  8  1.97  7.00 215.27  26.47  1.66 13.14 217.29  11.39  1.04 14.93 227.02  10.64  0.48 15.56 301.91  11.27  0.31 12.86 309.18  13.13  0.25 17.82 311.10   6.55  0.24 19.18 215.75   5.49  0.06 23.28 304.83  10.27
19840229 030000  7.6 189.7  2.86 13.48 220.47  26.62  7  1.98  7.60 214.60  25.89  1.67 13.14 217.73  11.32  0.95 14.80 227.37  11.24  0.55 16.02 304.33  10.64  0.37 18.73 213.91   7.45  0.32 12.94 310.11  13.03  0.07 23.19 304.56  10.85
19840229 060000  5.9 176.6  2.76 13.03 221.72  26.76  6  1.87  7.94 215.73  24.72  1.61 13.01 218.38  11.79  0.92 14.64 226.29  11.28  0.66 16.48 306.12  10.98  0.45 17.93 214.64   8.02  0.08 22.69 303.43  11.05
19840229 090000  3.9 164.9  2.64 12.85 222.86  26.31  6  1.72  8.15 217.45  23.61  1.66 12.71 218.00  11.27  0.69 14.50 234.43   7.63  0.65 16.54 306.22  10.71  0.58 17.68 216.32   8.82  0.10 21.94 303.05  10.80
19840229 120000  5.3 175.6  2.53 12.74 223.60  25.67  6  1.65  8.46 219.25  22.31  1.57 12.61 218.17  11.28  0.65 14.50 234.60   7.71  0.63 17.60 215.91   8.63  0.62 16.55 306.06  10.87  0.12 21.83 304.09  10.25
19840229 150000  5.5 203.9  2.44 12.71 223.92  25.01  6  1.54 12.42 220.23  12.32  1.54  8.31 218.77  21.96  0.67 16.74 215.44   8.08  0.63 14.35 233.60   5.91  0.58 16.50 306.06  10.83  0.13 21.80 305.19  10.17
19840229 180000  8.8 215.6  2.45 13.20 224.04  24.81  5  2.12 11.93 219.44  18.34  0.83 13.70 231.69   8.23  0.70 16.61 214.40   7.99  0.57 15.94 306.00  10.85  0.14 21.73 305.31  10.57
19840229 210000  9.9 207.4  2.56 16.32 223.46  25.91  6  1.86  8.08 219.11  22.76  1.24 11.84 218.91  11.99  0.78 16.51 214.70   8.06  0.74 13.59 233.26   6.86  0.59 15.46 305.84  10.81  0.16 21.49 304.22  11.00
19840301 000000  9.0 196.8  2.59 15.62 222.85  27.42  6  1.95  7.55 217.61  24.48  1.20 12.04 221.06  11.99  0.82 16.25 214.12   7.83  0.63 13.65 232.83   7.40  0.60 15.44 305.62  10.82  0.19 20.68 303.61  10.92
