Date     Time   Uabs UDir  hs    tp    th     sp     np hs(i) tp(i) th(i)  sp(i)
19880201 000000  3.4 196.2  2.13 16.61 229.80  28.85  4  1.82  9.96 220.73  16.86  0.81 15.29 228.20   9.70  0.70 16.75 299.33  11.49  0.26 13.34 310.50  12.23
19880201 030000  5.2 190.4  2.06 16.56 229.74  29.20  4  1.75  9.86 220.12  16.73  0.79 14.90 228.73   9.99  0.69 16.69 299.19  11.57  0.26 13.33 310.22  13.09
19880201 060000  5.5 198.5  1.98 16.50 230.27  29.94  4  1.62  9.74 219.25  17.03  0.86 14.68 229.33  10.61  0.69 16.63 299.00  11.62  0.25 13.29 310.72  14.02
19880201 090000  5.3 191.7  1.89 16.38 231.36  30.81  5  1.51  9.59 218.91  17.79  0.87 14.62 230.40  10.31  0.69 16.55 298.77  11.69  0.23 13.03 309.97  13.46  0.06 13.58 335.00   0.03
19880201 120000  3.0 218.7  1.80 16.22 232.96  31.23  4  1.34  9.37 218.27  18.60  0.96 14.51 231.53  10.32  0.67 16.47 298.59  11.78  0.24 13.04 312.50  14.85
19880201 150000  5.4 239.7  1.73 15.75 234.59  30.97  5  1.26  9.10 219.77  19.17  0.96 14.33 232.55  10.40  0.65 16.37 298.44  11.89  0.20 12.80 310.11  12.39  0.11 12.76 331.36   4.81
19880201 180000  6.4 230.0  1.76 15.08 234.94  30.18  4  1.31  8.89 221.42  20.42  0.97 14.02 233.87  10.02  0.63 16.19 297.95  12.35  0.22 12.66 317.37  13.24
19880201 210000  6.0 216.6  1.80 13.73 234.17  29.49  4  1.35  8.78 221.13  20.33  1.00 13.70 234.81   9.84  0.62 15.93 297.86  12.36  0.22 12.60 318.15  13.62
19880202 000000  5.6 206.9  1.85 13.55 232.80  29.16  4  1.42  8.75 220.16  19.98  0.99 13.52 235.53  10.02  0.61 15.75 297.86  11.99  0.21 12.47 320.80  12.20
19880202 030000  7.6 193.5  1.88 13.39 231.06  29.49  4  1.46  8.66 218.16  20.76  1.00 13.37 235.98   9.83  0.60 15.65 297.72  12.16  0.19 12.01 324.86   9.85
19880202 060000  9.0 196.7  1.94 13.05 228.36  29.84  4  1.53  8.54 215.68  21.87  1.01 13.08 236.12  10.00  0.58 15.60 297.67  12.26  0.19 11.89 325.51   9.75
19880202 090000  7.4 186.3  1.97 12.77 226.97  29.82  4  1.58  8.38 215.19  23.00  1.02 12.77 235.67  10.00  0.56 15.55 297.56  12.57  0.18 11.79 326.14   9.62
19880202 120000  5.3 196.2  1.95 12.64 227.36  28.94  4  1.58  8.26 216.67  22.65  1.00 12.65 235.17   9.93  0.53 15.50 297.52  13.10  0.18 11.64 327.41   9.15
19880202 150000  7.7 210.6  1.92 12.53 227.54  28.17  4  1.54  8.18 217.17  22.35  1.03 12.53 234.57   9.96  0.51 15.46 297.80  13.22  0.18 11.32 328.66   8.07
19880202 180000  9.4 220.3  2.02 12.35 226.85  27.28  5  1.67  8.10 218.46  22.43  0.94 12.35 235.36   9.34  0.48 15.42 298.51  13.24  0.39 15.37 227.54  13.09  0.17 11.19 328.76   7.91
19880202 210000 10.9 206.4  2.29 11.99 224.12  26.65  5  2.01  7.87 218.32  23.07  0.86 12.01 235.00   9.17  0.49 15.16 225.65  10.70  0.46 15.38 297.92  12.88  0.18 11.11 329.36   7.63
19880203 000000  7.5 202.2  2.60  8.00 222.06  26.57  6  2.37  8.00 218.16  23.98  0.83 11.94 232.68   9.71  0.45 15.30 298.24  13.88  0.43 15.51 223.97  10.56  0.15 11.03 330.07   6.88  0.07 12.89 335.00   0.07
19880203 030000  8.7 184.3  2.66  8.83 221.98  26.32  6  2.43  8.82 218.45  24.13  0.75 11.87 232.97   9.97  0.61 14.94 224.88  10.26  0.44 15.21 297.89  14.39  0.16 10.92 329.75   7.46  0.08 12.86 335.00   0.07
19880203 060000  7.7 172.8  2.59  9.02 222.06  26.01  6  2.32  9.02 218.46  24.17  0.77 11.63 232.24  10.01  0.72 14.48 223.31   9.81  0.41 15.09 297.30  13.60  0.14 10.62 329.93   6.71  0.13 12.90 332.23   4.48
19880203 090000  8.1 164.1  2.54  9.16 221.47  26.04  5  2.21  9.16 216.85  24.26  0.88 11.30 234.25  12.13  0.77 14.35 222.39   9.74  0.39 14.82 297.99  14.04  0.19 12.35 331.43   5.96
19880203 120000  6.0 191.2  2.52  9.39 221.64  24.63  5  2.34  9.37 219.76  22.25  0.82 14.06 221.50   9.77  0.38 14.65 298.69  14.40  0.14 12.40 332.57   4.29  0.13 10.49 331.32   6.03
19880203 150000  8.9 200.7  2.54  9.55 221.46  23.32  5  2.13  9.41 217.42  21.80  0.98 11.22 229.59  11.84  0.89 13.70 221.85  10.49  0.36 14.55 299.46  14.00  0.19 12.37 331.65   5.78
19880203 180000 10.7 221.1  2.64  9.38 222.09  22.68  4  2.42  9.35 220.96  20.73  0.98 13.36 219.59  10.52  0.35 14.51 300.05  14.65  0.19 12.00 332.35   5.47
19880203 210000  8.6 210.5  2.68 12.91 222.73  23.06  4  2.46  9.25 222.05  21.47  0.99 13.03 218.45  10.83  0.32 14.49 299.20  13.51  0.20 12.45 331.41   5.58
19880204 000000  3.0 205.2  2.71 12.47 223.32  22.50  3  2.69 12.46 222.20  19.92  0.31 14.47 298.95  13.93  0.20 12.36 331.53   5.51
19880204 030000  3.8 216.1  2.77 11.64 223.06  21.53  3  2.75 11.61 222.05  18.97  0.30 14.44 301.22  13.38  0.20 12.09 331.81   5.47
19880204 060000  3.1 232.7  2.78 11.55 222.29  20.95  3  2.75 11.53 221.31  18.31  0.29 14.43 301.03  13.09  0.20 11.88 332.13   5.13
19880204 090000  1.5 282.8  2.74 11.29 221.56  20.57  4  2.72 11.22 220.61  17.84  0.29 14.39 301.92  13.56  0.20 11.71 332.60   4.96  0.06 20.35 312.05   8.58
19880204 120000  3.8 338.7  2.69 11.05 221.26  20.46  4  2.67 11.02 220.31  17.71  0.27 14.30 302.40  13.28  0.20 11.65 332.59   5.00  0.06 20.24 312.26   8.44
19880204 150000  4.6 307.8  2.58 10.95 221.47  20.76  4  2.56 10.94 220.46  17.84  0.26 14.08 302.90  13.16  0.20 11.58 332.61   5.03  0.08 19.66 311.62   8.29
19880204 180000  5.3 313.8  2.47 10.92 222.07  21.68  4  2.44 10.91 220.98  18.66  0.25 13.76 304.52  12.66  0.20 11.44 332.62   5.11  0.09 19.12 311.35   8.44
19880204 210000  4.2 327.8  2.39 10.94 221.95  21.99  5  2.36 10.93 220.76  18.73  0.25 13.69 305.00  12.71  0.20 11.20 332.69   5.13  0.11 19.04 311.39   8.71  0.09 20.41 226.36   8.31
19880205 000000  3.8 358.1  2.34 10.95 221.53  21.51  5  2.32 10.94 220.27  17.94  0.25 13.65 305.13  12.88  0.20 11.09 332.75   5.14  0.13 19.97 226.42   8.63  0.12 18.97 311.53   8.63
19880205 030000  3.2 345.3  2.29 10.94 221.32  21.29  5  2.26 10.94 219.96  17.38  0.24 13.63 305.28  12.69  0.20 11.03 332.77   5.18  0.19 19.22 226.36   8.34  0.13 18.73 311.19   8.38
19880205 060000  1.2 231.2  2.21 10.84 221.34  20.98  5  2.16 10.84 219.78  16.52  0.27 18.97 225.99   7.92  0.23 13.61 304.66  12.28  0.20 10.99 332.53   5.27  0.16 18.00 310.76   8.24
19880205 090000  2.9 152.5  2.10 10.61 221.59  21.03  5  2.04 10.60 219.74  16.03  0.37 18.22 225.77   7.93  0.23 13.60 304.71  12.08  0.20 10.95 332.48   5.43  0.17 17.83 310.81   8.14
19880205 120000  1.2 311.4  2.01 10.53 222.26  21.13  5  1.90 10.52 220.02  15.81  0.54 17.80 225.54   8.11  0.23 13.56 305.75  12.51  0.19 10.89 332.69   5.30  0.18 17.77 310.69   8.41
19880205 150000  3.5 287.7  1.99 10.62 223.18  20.92  6  1.54 10.10 219.35  17.31  0.96 11.71 223.63   9.47  0.73 17.51 225.36   8.08  0.23 13.55 306.11  12.29  0.20 17.67 310.28   8.64  0.19 10.88 332.68   5.31
19880205 180000  6.3 254.6  2.06 16.74 224.61  21.14  5  1.83 10.71 222.24  16.79  0.87 16.71 224.78   7.94  0.23 13.52 306.90  11.89  0.22 17.31 309.78   8.50  0.19 10.88 332.65   5.35
19880205 210000  4.9 208.6  2.14 16.53 224.86  20.60  5  1.81 10.57 222.41  16.80  1.07 16.50 224.72   8.13  0.25 16.79 309.63   8.20  0.22 13.46 308.01  12.05  0.18 10.84 332.92   5.22
19880206 000000  2.9 197.2  2.19 16.28 224.64  19.82  5  1.81 10.41 221.83  16.00  1.18 16.21 225.31   8.25  0.26 16.67 309.51   8.21  0.21 13.37 309.30  10.95  0.18 10.81 332.82   5.27
19880206 030000  3.6 173.3  2.23 15.64 224.64  19.15  5  1.73 10.32 221.35  15.51  1.36 15.57 225.46   8.79  0.27 16.60 309.51   8.18  0.20 13.25 309.30  10.77  0.17 10.75 332.74   5.33
19880206 060000  5.8 193.5  2.24 15.43 224.45  19.20  5  1.67 10.20 220.82  16.01  1.45 15.39 225.13   8.50  0.28 16.51 309.25   8.07  0.20 13.09 308.33  11.39  0.17 10.53 332.68   5.40
19880206 090000  6.1 188.0  2.22 15.29 224.38  19.94  5  1.56  9.96 218.63  16.79  1.53 15.24 226.32   8.98  0.30 16.23 308.71   8.03  0.20 12.96 308.92  12.22  0.16 10.35 332.55   5.56
19880206 120000  2.9 188.6  2.16 15.04 224.69  20.88  5  1.54 14.81 225.63   8.80  1.46  9.84 218.93  18.43  0.32 15.74 308.55   8.20  0.20 12.87 308.65  12.06  0.16 10.27 332.48   5.58
19880206 150000  4.4 235.3  2.08 14.53 225.61  21.01  5  1.54 14.46 225.76   8.90  1.34  9.78 219.52  17.85  0.34 15.60 308.14   8.51  0.20 12.80 309.89  11.67  0.15 10.20 332.41   5.61
19880206 180000  5.4 241.5  2.03 14.38 226.40  21.33  5  1.58 14.33 225.44   9.32  1.20  9.37 220.59  18.65  0.35 15.54 308.25   8.43  0.21 12.75 310.43  11.65  0.15 10.08 333.07   4.84
19880206 210000  5.0 220.6  1.98 14.26 226.55  21.72  5  1.58 14.22 225.09   9.28  1.12  8.90 220.74  19.39  0.35 15.49 308.41   8.20  0.21 12.73 310.24  11.43  0.15  9.94 333.05   4.84
19880207 000000  3.2 188.2  1.94 14.08 226.47  22.10  5  1.54 13.97 224.95   9.39  1.10  8.89 220.15  18.82  0.36 15.39 308.49   7.98  0.21 12.76 309.27  10.89  0.15  9.81 332.53   5.22
19880207 030000  4.8 189.4  1.89 13.62 226.37  22.64  4  1.49 13.55 224.80   9.47  1.08  8.89 219.33  18.39  0.42 15.06 308.44   8.74  0.14  9.74 332.48   5.24
19880207 060000  6.5 190.6  1.88 13.47 225.77  23.49  4  1.43 13.42 224.62   9.64  1.13  8.99 218.03  18.71  0.43 14.67 308.25   8.99  0.14  9.73 332.77   5.12
19880207 090000  6.3 192.1  1.89 13.41 225.21  24.17  3  1.83 13.36 221.51  15.08  0.44 14.57 307.88   9.58  0.13  9.76 332.80   4.90
19880207 120000  2.8 183.8  1.90 13.36 225.02  24.18  4  1.37 13.29 224.41   9.94  1.24  9.38 217.47  19.17  0.44 14.53 307.89   9.67  0.13 10.04 332.48   5.25
19880207 150000  6.1 235.7  1.92 13.16 225.27  23.71  5  1.36 13.00 224.19  10.22  1.28  9.20 218.73  18.12  0.44 14.50 307.85   9.90  0.13 10.06 332.21   5.38  0.07 23.47 298.15   9.11
19880207 180000  6.8 226.3  1.94 12.86 225.32  23.79  5  1.32  9.07 219.62  18.70  1.33 12.76 223.90  10.26  0.44 14.44 308.24   9.19  0.12 10.04 332.16   5.44  0.09 23.32 297.93   9.49
19880207 210000  6.1 216.7  1.93 12.89 225.18  24.21  5  1.30  8.78 219.80  20.27  1.35 12.77 223.32  10.14  0.43 14.31 308.32   8.97  0.12  9.52 332.45   5.09  0.09 23.29 297.76   9.91
19880208 000000  4.3 203.0  1.95 13.12 224.85  24.32  5  1.36 12.89 223.45  10.62  1.32  8.39 219.27  20.80  0.43 13.90 308.28   9.03  0.11  9.47 332.53   5.38  0.09 23.25 297.97   9.92
19880208 030000  4.4 213.3  2.07 13.21 224.55  23.99  4  2.02 12.96 221.49  16.95  0.44 13.72 308.08   9.37  0.11 22.60 298.03   9.21  0.10  9.48 332.34   5.49
19880208 060000  4.2 216.6  2.25 13.00 224.11  23.44  4  2.20 12.70 221.43  17.30  0.44 13.66 307.59  10.26  0.15 21.85 297.93   9.42  0.10  9.47 332.27   5.17
19880208 090000  3.1 181.0  2.50  9.72 223.23  22.58  5  2.09  9.73 220.28  19.26  1.29 12.12 223.03  11.41  0.43 13.63 307.34  10.68  0.17 21.78 297.86   9.91  0.09  9.41 332.51   4.92
19880208 120000  3.1 180.6  2.72  9.98 222.40  21.75  5  2.68  9.98 220.68  17.61  0.42 13.60 307.01  11.20  0.16 21.77 297.83  10.23  0.11 19.13 221.35   8.16  0.09  9.25 332.31   5.18
19880208 150000  6.5 225.5  2.78 10.12 222.27  21.49  5  2.74 10.12 220.73  17.80  0.41 13.58 306.93  11.35  0.16 21.67 297.96   9.84  0.12 19.08 221.72   8.42  0.08  9.05 332.41   5.01
19880208 180000  7.2 217.6  2.77 10.04 222.51  21.76  5  2.72 10.04 220.92  18.17  0.39 13.57 307.02  11.23  0.24 17.68 224.62   8.68  0.20 20.59 297.54   9.14  0.08  8.97 332.34   5.10
19880208 210000  6.9 216.8  2.84 10.17 222.69  22.04  4  2.79 10.16 221.05  18.52  0.38 13.57 308.47  10.75  0.28 17.64 224.39   8.55  0.26 20.38 297.56   9.54
19880209 000000  3.9 208.2  2.91 10.29 222.56  22.14  4  2.85 10.28 220.98  18.83  0.38 13.56 308.43  10.81  0.35 17.10 223.03   9.13  0.27 20.35 297.80  10.18
19880209 030000  4.1 213.5  2.95 10.34 222.28  21.87  4  2.88 10.33 220.83  18.89  0.41 16.66 223.35   8.35  0.37 13.48 308.37  11.05  0.25 20.34 298.00  10.49
19880209 060000  2.5 193.8  2.97 10.47 222.19  21.39  4  2.90 10.46 220.89  18.65  0.45 16.57 222.51   8.46  0.36 13.35 308.68  10.70  0.23 20.22 298.00  10.00
19880209 090000  1.3 112.7  2.96 10.58 222.76  21.27  5  2.49 10.31 218.55  19.49  1.45 12.09 229.05  10.18  0.50 16.29 220.87   8.76  0.36 13.25 307.31  12.34  0.30 19.16 297.29   9.12
19880209 120000  2.9 352.8  2.87 10.63 223.67  21.55  4  2.75 10.62 221.80  17.74  0.64 15.51 220.99   9.07  0.38 19.04 297.32   9.40  0.35 13.07 306.75  12.63
19880209 150000  5.3 272.4  2.75 10.69 224.38  21.85  4  2.63 10.67 222.35  17.60  0.63 15.50 220.09  10.13  0.40 19.01 297.58  10.12  0.34 12.96 305.69  13.59
19880209 180000  3.5 265.3  2.68 10.88 223.92  21.29  4  2.53 10.84 222.29  17.16  0.73 15.14 217.22  10.03  0.36 19.01 297.93  10.58  0.34 12.85 305.76  13.35
19880209 210000  1.9 280.3  2.57 10.85 223.15  20.82  4  2.39 10.81 221.72  16.84  0.81 14.65 217.38  10.48  0.34 12.77 305.57  13.88  0.31 18.95 298.34  10.52
19880210 000000  4.2 315.9  2.44 10.67 223.26  21.63  5  1.85 10.13 220.92  19.30  1.26 11.78 221.51  10.56  0.85 14.46 219.88  11.02  0.34 12.73 306.14  13.52  0.34 18.06 297.50   9.35
19880210 030000  3.9 257.8  2.32 14.08 224.39  23.32  6  1.75 10.07 221.09  19.20  1.02 14.06 217.77  10.73  0.99 11.58 224.11   8.70  0.43 17.80 297.22   9.13  0.34 12.71 306.28  13.63  0.06 22.20 301.20   9.24
19880210 060000  2.0 182.8  2.22 13.45 225.41  24.64  7  1.57  9.57 221.81  19.49  1.10 13.47 217.32  10.76  0.94 11.52 224.04   9.55  0.49 17.77 297.26   9.65  0.27 12.59 312.91   8.40  0.19 14.62 292.41  12.16  0.07 21.81 301.38  10.01
19880210 090000  0.4 122.4  2.10 13.27 225.81  25.09  6  1.44 13.28 218.87  10.45  1.42  9.43 223.44  19.82  0.49 17.76 297.49  10.19  0.25 12.52 312.67   8.72  0.20 14.51 295.26  13.71  0.09 21.76 301.20  10.06
19880210 120000  4.2 277.3  2.00 13.15 225.78  24.98  6  1.40 13.16 219.39  11.19  1.31  9.36 223.74  20.81  0.43 17.75 297.67  10.63  0.23 12.35 313.03   8.74  0.20 14.40 295.72  13.16  0.10 21.68 301.70   9.45
19880210 150000  4.7 261.0  1.90 12.37 225.63  24.86  6  1.39 12.42 218.41  10.95  1.20  8.88 225.46  21.35  0.39 17.63 297.86  10.42  0.22 12.07 312.41   8.74  0.21 14.32 297.15  14.58  0.11 21.49 300.14   9.69
19880210 180000  4.3 263.6  1.84 12.05 226.62  26.08  6  1.76 12.11 221.57  17.09  0.42 16.80 297.38   9.51  0.23 14.28 297.08  14.32  0.20 11.85 313.36   8.53  0.12 20.66 300.35   9.84  0.11 16.81 212.77   6.40
19880210 210000  4.8 232.1  1.80 11.69 228.09  28.08  6  1.69 11.50 221.38  17.12  0.49 16.64 297.22   9.29  0.23 14.21 297.09  14.25  0.20 11.82 313.56   8.44  0.19 16.24 213.64   6.86  0.15 20.38 300.54   9.90
19880211 000000  1.8 278.5  1.74 16.56 229.19  29.67  6  1.60 11.21 220.95  17.03  0.53 16.61 297.17   9.59  0.27 15.66 214.88   7.30  0.23 14.07 296.86  14.10  0.21 11.81 313.98   8.46  0.16 20.35 300.76  10.17
19880211 030000  3.3 223.2  1.67 16.54 229.55  30.32  6  1.50 11.06 220.58  16.63  0.52 16.60 297.08  10.05  0.38 15.31 216.19   7.30  0.23 13.82 297.05  13.57  0.20 11.79 314.32   8.44  0.18 20.27 301.03   9.71
19880211 060000  6.6 193.6  1.63 16.51 228.07  30.24  6  1.45 10.83 219.72  16.97  0.49 16.58 297.13  10.38  0.45 14.90 214.16   7.20  0.23 13.70 296.50  14.23  0.20 11.77 314.47   8.43  0.19 20.08 299.46  10.09
19880211 090000  6.4 176.1  1.62 16.40 225.62  30.97  6  1.32 10.46 217.35  20.67  0.73 14.35 217.37   8.22  0.45 16.50 297.06  10.53  0.22 13.63 296.64  14.35  0.21 19.26 299.39  10.05  0.19 11.72 314.40   8.41
19880211 120000  3.8 198.0  1.58 15.49 226.10  30.75  6  1.20 10.32 218.02  21.01  0.86 13.94 216.84   7.95  0.45 16.11 296.75  10.33  0.23 19.05 300.07  10.00  0.20 13.52 298.70  14.09  0.18 11.60 314.25   8.41
19880211 150000  5.3 215.9  1.58 15.46 227.15  30.09  6  1.07 10.12 219.29  19.89  1.01 13.65 217.10   7.98  0.46 15.63 296.90  10.01  0.26 19.02 300.72  10.24  0.20 13.49 298.42  15.76  0.16 11.28 314.00   8.41
19880211 180000  6.8 225.2  1.65 15.43 227.28  29.10  6  1.03  9.83 220.67  20.55  1.14 13.68 217.64   7.61  0.46 15.56 297.05  10.03  0.27 18.99 300.57  10.18  0.21 13.50 298.11  14.17  0.15 11.10 314.84   8.35
19880211 210000  7.2 217.4  1.74 15.39 226.82  28.14  6  1.01  9.47 222.34  23.01  1.29 13.84 217.92   7.82  0.45 15.53 297.02  10.18  0.29 18.80 299.60  10.53  0.21 13.50 297.62  13.72  0.15 11.07 315.02   8.33
19880212 000000  5.2 216.4  1.78 15.33 225.72  27.41  5  1.00  9.53 220.74  23.42  1.35 13.85 218.10   7.59  0.47 15.48 296.68  10.95  0.31 18.11 299.35  10.61  0.15 11.06 315.58   8.35
19880212 030000  3.2 203.4  1.79 15.28 225.54  26.64  5  1.60 13.66 219.25  14.54  0.56 15.73 216.87   8.06  0.47 15.45 296.68  11.37  0.32 17.84 299.75  10.46  0.14 11.01 315.74   8.75
19880212 060000  5.4 206.9  1.81 15.18 225.65  26.11  5  1.60 13.56 219.52  13.55  0.62 16.09 216.94   7.70  0.46 15.38 296.70  11.46  0.34 17.78 300.01  10.64  0.14 11.04 315.90   8.32
19880212 090000  3.0 175.5  1.83 14.21 225.72  25.77  4  1.73 13.51 219.40  12.65  0.46 15.24 296.67  11.81  0.34 17.79 301.56   9.96  0.12 10.94 315.54   8.70
19880212 120000  4.2 210.4  1.84 14.30 225.85  25.04  4  1.75 13.28 219.89  12.16  0.40 14.82 296.34  11.17  0.36 17.71 300.98   9.92  0.20 12.70 304.90  15.72
19880212 150000  5.1 225.1  1.87 14.29 225.76  24.15  5  1.45 12.64 220.92  13.65  1.05 14.69 219.28   8.14  0.40 17.45 299.16  11.14  0.38 14.55 298.06  11.73  0.11 10.80 315.98   8.61
19880212 180000  5.9 233.1  1.94 14.27 225.86  23.63  4  1.86 13.00 221.03  13.08  0.40 16.79 299.31  10.79  0.36 14.47 297.83  12.38  0.10 10.61 316.11   8.61
19880212 210000  6.3 220.3  1.98 14.33 226.04  23.61  4  1.90 13.02 221.38  13.60  0.39 16.71 299.79  11.09  0.37 14.49 297.44  11.30  0.10 10.49 316.24   8.63
19880213 000000  4.4 212.6  2.00 14.44 226.04  23.94  4  1.92 13.04 221.28  13.86  0.40 14.48 298.52  13.14  0.37 16.69 299.24  10.69  0.14 19.05 310.28   5.45
19880213 030000  4.4 190.3  2.01 14.52 226.30  24.06  6  1.53 14.64 220.55   8.59  1.16  8.64 222.98  19.58  0.40 16.69 300.88  10.95  0.40 14.49 297.06  12.09  0.08 10.30 315.87   9.13  0.06 14.40 335.00   0.04
19880213 060000  6.6 194.2  2.05 14.65 225.87  24.12  6  1.22  8.35 221.40  19.82  1.54 14.78 220.98   8.82  0.44 16.59 299.98  10.99  0.36 14.34 297.91  12.86  0.08 10.29 316.18   9.11  0.07 13.95 335.00   0.03
19880213 090000  6.1 187.4  2.13 14.83 225.19  24.10  5  1.54 14.81 221.07   8.84  1.35  8.08 220.66  20.64  0.56 16.51 299.45  12.20  0.08 13.64 335.00   0.02  0.07 10.27 317.22   8.92
19880213 120000  2.9 192.3  2.22 14.58 225.27  23.47  4  1.57 14.52 221.43   8.89  1.46  8.08 221.60  20.60  0.55 16.26 299.97  12.17  0.10 13.42 332.89   4.26
19880213 150000  4.7 221.3  2.29 14.34 225.58  22.84  4  1.63  8.27 222.75  19.37  1.51 14.31 221.61   9.05  0.54 15.83 300.41  12.11  0.11 13.31 334.11   3.07
19880213 180000  8.1 230.9  2.35 13.84 226.13  22.69  4  1.68  8.38 223.83  19.91  1.54 13.85 222.02   9.00  0.52 15.78 300.22  11.79  0.13 12.88 332.14   4.61
19880213 210000  8.3 208.5  2.37 13.54 225.71  23.34  5  1.74  8.29 222.77  21.18  1.52 13.54 222.53   9.08  0.47 15.79 300.10  11.36  0.21 13.40 299.11  12.03  0.16 12.72 328.22   8.14
19880214 000000  5.6 199.8  2.34 13.34 225.15  24.18  4  1.68  8.00 221.06  22.70  1.53 13.32 223.03   9.02  0.51 15.78 300.03  11.58  0.15 12.54 329.75   7.32
19880214 030000  7.5 194.7  2.31 13.13 224.84  24.80  4  1.67  7.74 220.10  23.23  1.50 13.09 223.13   9.01  0.52 15.79 300.15  11.48  0.16 12.38 330.23   6.90
19880214 060000  6.4 199.4  2.30 12.98 224.73  25.14  4  1.68  7.58 219.66  23.33  1.48 12.94 223.30   9.06  0.52 15.76 300.49  11.57  0.15 11.88 329.95   7.88
19880214 090000  3.8 189.1  2.30 12.89 225.38  24.79  4  1.66  7.82 220.34  22.76  1.50 12.84 223.67   9.42  0.53 15.67 300.50  11.96  0.15 11.81 331.32   6.03
19880214 120000  3.3 187.7  2.32 12.78 225.87  24.04  4  1.66  8.26 221.30  21.61  1.53 12.75 223.84   9.85  0.53 15.59 300.85  11.64  0.14 11.73 331.28   5.98
19880214 150000  4.1 240.0  2.34 12.68 226.14  23.25  5  1.84  9.01 222.69  19.22  1.04 12.49 223.23  10.48  0.84 14.71 223.74   7.36  0.52 15.54 300.89  11.87  0.15 11.60 330.75   6.38
19880214 180000  6.8 229.6  2.34 14.49 226.49  22.80  7  1.84  9.12 223.31  18.90  1.07 12.52 223.67  10.24  0.83 14.74 223.84   8.80  0.51 15.52 301.35  11.45  0.14 11.32 330.92   6.29  0.09 21.79 217.27   8.04  0.06 24.92 298.99  10.06
19880214 210000  5.2 220.8  2.32 14.35 226.83  22.81  6  1.73  8.98 223.10  19.55  1.45 14.11 224.78  10.04  0.50 15.52 301.58  11.51  0.14 20.75 217.69   7.67  0.14 11.12 331.07   6.22  0.07 24.79 298.99  10.56
19880215 000000  2.2 226.2  2.32 14.06 227.40  22.67  6  1.67  8.92 224.14  19.49  1.50 13.80 224.57  10.03  0.51 15.54 301.96  11.47  0.19 20.46 218.41   7.74  0.13 10.97 331.51   6.21  0.09 24.48 299.09  10.43
19880215 030000  1.1 225.6  2.37 13.86 227.78  22.32  6  1.69  9.10 225.16  19.14  1.56 13.68 224.33   9.75  0.51 15.53 302.69  10.74  0.22 20.36 218.10   8.51  0.13 10.88 331.15   6.48  0.11 23.67 299.14  10.46
19880215 060000  3.1 216.7  2.44 13.74 227.67  21.97  6  1.70  9.27 224.35  18.63  1.62 13.54 225.26  10.11  0.52 15.22 302.97  10.69  0.35 19.19 218.64   7.60  0.13 10.74 330.98   6.48  0.13 23.41 299.54  10.44
19880215 090000  1.1 119.0  2.48 13.50 227.34  21.69  6  1.69 13.33 225.11   9.77  1.69  9.35 223.73  18.42  0.52 14.84 302.92  11.03  0.38 19.10 220.43   8.42  0.15 23.27 299.63  10.52  0.13 10.51 330.96   6.61
19880215 120000  2.9 297.3  2.49 13.30 227.04  21.37  5  2.36 13.17 224.24  14.37  0.59 18.01 220.98   8.97  0.52 14.76 303.19  10.75  0.17 23.08 299.34  11.11  0.12 10.37 331.01   6.56
19880215 150000  3.3 310.6  2.52 13.02 226.99  21.52  5  2.35 12.96 224.12  14.84  0.69 17.75 223.13   9.78  0.51 14.75 303.41  10.52  0.20 22.51 299.24  10.97  0.12 10.28 331.09   6.60
19880215 180000  5.3 281.9  2.52 12.88 227.13  21.60  5  2.28 12.81 224.34  15.03  0.91 17.00 222.40   8.61  0.51 14.79 303.74  10.33  0.24 22.00 299.06  11.22  0.12 10.19 331.13   6.57
19880215 210000  3.6 281.8  2.48 16.37 227.40  22.02  5  2.21 12.81 224.36  14.66  0.96 16.67 222.04   8.99  0.52 14.86 303.89  10.95  0.26 21.85 299.62  10.92  0.11 10.07 331.59   5.90
19880216 000000  2.6 218.4  2.44 16.23 227.56  22.41  5  2.09 12.90 224.49  14.10  1.10 16.28 221.15   9.14  0.53 14.91 304.80   9.96  0.29 21.71 299.75  11.25  0.11  9.85 331.28   6.26
19880216 030000  5.0 157.2  2.40 15.58 227.23  23.24  5  1.97 13.05 223.45  14.89  1.22 15.75 222.03   8.94  0.53 14.89 304.99  10.16  0.33 21.44 299.78  11.04  0.11  9.72 331.81   5.83
19880216 060000  5.1 208.4  2.36 15.34 227.26  23.51  4  2.27 15.36 222.78  13.14  0.51 14.71 305.04  10.22  0.37 20.76 299.31  11.22  0.10  9.65 331.82   5.86
19880216 090000  3.7 196.2  2.32 15.14 227.50  23.71  4  2.22 15.19 222.75  12.77  0.50 14.55 304.90  10.40  0.40 20.50 299.21  11.36  0.10  9.60 331.77   5.89
19880216 120000  3.9 187.7  2.26 14.68 227.82  24.27  4  2.16 14.71 222.61  12.47  0.49 14.52 304.79  10.45  0.43 20.38 299.40  11.70  0.10  9.56 331.70   5.92
19880216 150000  4.2 221.8  2.19 14.46 228.61  25.43  3  2.08 14.44 222.54  12.20  0.51 14.64 305.96  11.10  0.46 20.26 299.91  11.58
19880216 180000  7.2 237.6  2.18 14.34 230.03  26.93  3  2.05 14.31 223.06  13.30  0.52 15.02 306.16  10.77  0.51 20.00 300.08  11.21
19880216 210000  5.4 212.3  2.15 14.24 230.80  28.24  3  2.02 14.21 222.95  14.09  0.55 19.39 299.96  11.15  0.52 15.12 306.34  10.62
19880217 000000  4.7 187.3  2.12 14.05 230.53  28.77  3  1.98 14.03 222.26  14.00  0.57 19.16 299.81  11.35  0.51 15.13 306.57  10.56
19880217 030000  2.8 207.5  2.08 13.63 230.45  28.92  3  1.93 13.60 221.91  13.51  0.58 19.04 299.95  11.72  0.49 15.03 306.63  10.56
19880217 060000  3.3 203.2  2.03 13.43 231.08  29.32  3  1.88 13.39 221.91  12.83  0.61 18.94 300.18  11.67  0.47 13.97 306.65  10.60
19880217 090000  2.5 189.7  2.00 13.25 232.36  30.23  3  1.84 13.18 222.04  12.41  0.66 18.76 300.29  11.43  0.46 14.07 306.71  10.37
19880217 120000  3.9 201.3  1.98 12.97 233.68  31.27  3  1.80 12.84 222.16  12.52  0.70 18.27 300.31  11.30  0.46 14.19 306.82  10.13
19880217 150000  4.0 239.9  1.94 12.77 234.84  31.74  3  1.75 12.67 222.60  12.44  0.70 17.96 300.36  11.30  0.46 14.25 307.02   9.80
19880217 180000  7.2 243.2  1.95 12.63 235.52  31.68  3  1.76 12.54 223.58  13.79  0.70 17.83 300.40  11.56  0.45 14.27 307.10   9.81
19880217 210000  4.1 213.5  1.94 17.72 235.58  31.98  3  1.75 12.45 223.56  14.55  0.71 17.74 300.43  11.65  0.43 14.25 307.14   9.99
19880218 000000  0.7 293.1  1.91 17.61 236.36  32.60  4  1.68 12.40 223.11  14.33  0.74 17.64 300.45  11.61  0.42 14.19 307.05  10.32  0.33 15.65 229.60   9.83
19880218 030000  4.1 205.9  1.87 17.42 237.66  33.41  4  1.60 12.35 223.18  13.90  0.77 17.46 300.49  11.50  0.43 15.45 224.16  11.27  0.40 14.03 307.07  10.45
19880218 060000  6.8 188.6  1.89 16.96 236.69  34.24  3  1.67 12.22 221.96  14.91  0.79 17.07 300.43  11.52  0.39 13.66 307.08  10.14
19880218 090000  4.5 165.0  1.91 16.72 235.18  34.12  5  1.48 12.05 221.42  16.91  0.84 14.56 220.50   9.77  0.78 16.81 300.46  11.53  0.38 13.55 307.30  10.05  0.08 21.83 298.38  11.15
19880218 120000  3.7 204.6  1.97 16.58 233.43  32.48  5  1.34 11.67 222.40  16.30  1.18 14.52 219.28   8.90  0.76 16.68 300.52  11.63  0.37 13.50 307.22   9.78  0.09 21.82 298.72  11.38
19880218 150000  5.7 223.7  2.11 16.46 231.34  30.67  3  1.93 14.63 220.70  12.29  0.78 16.59 300.62  11.58  0.35 13.45 307.60   9.83
19880218 180000  6.2 223.7  2.28 16.33 229.71  29.26  3  2.12 14.72 220.63  12.66  0.79 16.51 300.64  11.60  0.35 13.45 307.53  10.02
19880218 210000  5.4 212.5  2.39 16.18 228.87  28.43  3  2.23 14.60 220.53  12.54  0.80 16.41 300.55  11.61  0.34 13.44 307.62  10.26
19880219 000000  3.5 216.2  2.42 15.83 228.43  27.83  4  2.26 14.49 220.48  12.11  0.78 16.28 300.43  11.69  0.33 13.43 308.09  10.22  0.17 20.44 298.04  11.93
19880219 030000  4.1 201.3  2.40 15.51 228.30  27.39  4  2.24 14.53 220.54  11.61  0.76 16.04 300.13  11.76  0.31 13.39 309.15   9.97  0.18 20.48 297.66  13.02
19880219 060000  6.1 175.0  2.38 15.33 227.52  27.71  2  2.24 14.61 219.94  12.76  0.83 15.78 301.31  12.13
19880219 090000  5.0 175.7  2.35 15.12 227.59  28.04  3  2.20 14.47 219.88  13.14  0.78 15.63 301.59  12.29  0.25 19.43 300.30  11.58
19880219 120000  3.8 203.8  2.31 14.69 228.12  27.94  4  2.16 14.30 220.19  12.23  0.74 15.52 300.54  11.96  0.26 19.29 300.25  11.50  0.23 12.61 313.65  11.15
19880219 150000  5.3 227.8  2.27 14.36 228.65  27.95  4  2.12 14.01 220.46  11.54  0.72 15.45 300.61  11.89  0.27 19.30 298.39  11.83  0.26 12.64 311.91  12.36
19880219 180000  7.8 223.1  2.29 13.99 228.92  28.18  5  0.63  3.59 225.46  28.79  2.05 13.72 220.50  10.27  0.69 15.40 299.94  12.07  0.35 19.05 300.42  11.42  0.26 12.62 312.84  12.04
19880219 210000  6.3 209.7  2.28 13.80 229.00  28.87  4  2.12 13.59 220.70  14.12  0.68 15.36 299.62  12.03  0.39 18.93 299.95  12.10  0.27 12.60 313.22  12.19
19880220 000000  3.6 224.5  2.20 13.67 229.69  29.46  5  2.04 13.48 220.70  13.81  0.66 15.28 298.80  12.40  0.44 18.53 301.27  11.80  0.21 12.58 310.32   8.10  0.12 11.92 332.68   4.29
19880220 030000  6.1 205.0  2.13 13.52 230.18  30.00  5  0.84  6.78 218.15  25.05  1.78 13.36 221.12   9.17  0.70 15.21 300.57  12.76  0.42 18.26 300.53  11.81  0.11 11.88 334.73   1.88
19880220 060000  8.1 201.0  2.11 13.38 229.60  30.75  4  1.94 13.25 219.88  14.65  0.69 15.01 301.01  12.89  0.41 18.40 299.98  11.35  0.12 11.61 333.54   3.67
19880220 090000  5.3 176.1  2.06 13.21 230.38  31.74  4  1.89 13.06 219.95  15.59  0.69 14.75 301.28  13.07  0.44 18.46 299.84  11.71  0.11 11.49 334.81   1.81
19880220 120000  4.1 201.7  1.99 12.90 232.16  32.31  4  1.81 12.77 220.61  15.02  0.65 14.62 301.34  13.33  0.51 18.28 299.36  11.92  0.11 11.25 334.57   2.39
19880220 150000  6.9 221.7  1.94 12.70 233.67  32.75  5  0.83  6.10 218.66  25.33  1.54 12.60 221.92   9.55  0.60 14.54 300.67  13.28  0.58 17.97 300.50  11.84  0.11 11.16 334.88   1.77
19880220 180000  7.2 227.7  1.92 12.56 234.71  33.10  4  1.72 12.48 221.94  15.64  0.62 17.68 301.57  11.74  0.55 14.42 298.80  13.35  0.13 11.02 331.73   5.85
19880220 210000  6.5 215.1  1.86 12.42 235.42  33.76  4  1.67 12.36 222.12  16.59  0.63 17.51 301.00  11.97  0.53 14.37 299.64  13.56  0.12 10.70 333.03   4.93
19880221 000000  4.0 189.3  1.80 12.23 236.21  34.63  5  1.32 12.14 222.40   9.54  0.90  6.06 220.71  26.73  0.61 17.49 301.44  12.19  0.54 14.37 298.98  13.27  0.13 10.72 331.99   4.80
19880221 030000  5.0 204.1  1.77 12.01 237.31  35.29  6  0.92  6.06 220.73  25.79  1.26 11.91 222.42   9.29  0.60 14.51 300.48  13.03  0.57 17.55 300.46  11.72  0.13 10.51 330.33   6.98  0.07 23.38 301.53  10.28
19880221 060000  5.4 209.8  1.81 14.38 237.12  35.22  6  0.96  6.39 220.61  24.62  1.27 11.84 222.12   9.29  0.71 17.41 300.27  13.45  0.46 14.20 300.43  10.55  0.13 10.35 330.78   7.20  0.09 23.31 302.23  10.24
19880221 090000  0.9 226.1  1.93 14.29 235.17  34.03  5  1.54 12.01 221.62  17.18  0.86 17.19 300.04  12.86  0.75 13.98 219.97   9.12  0.12 10.29 330.51   7.30  0.09 23.30 303.75   9.92
19880221 120000  2.1 180.6  2.13 13.76 231.77  31.57  4  1.94 13.56 220.97  15.37  0.85 16.64 299.86  12.89  0.12 10.20 331.41   6.02  0.09 23.23 304.61   9.49
19880221 150000  5.6 233.3  2.36 13.48 229.13  28.98  3  2.20 13.35 220.95  15.11  0.84 16.50 300.25  13.51  0.13 22.08 302.34   9.95
19880221 180000  6.5 241.8  2.55 13.20 228.17  27.45  3  2.41 12.97 221.49  15.63  0.82 16.46 300.34  13.30  0.17 21.82 301.69  10.35
19880221 210000  6.0 215.2  2.61 12.84 228.09  26.99  4  2.48 12.71 221.78  15.61  0.81 16.44 300.13  12.66  0.19 21.79 302.44  10.53  0.10  9.89 331.45   5.47
19880222 000000  5.7 208.0  2.61 12.73 228.22  26.83  4  2.48 12.62 221.94  15.29  0.81 16.41 300.53  12.47  0.18 21.78 303.81  10.24  0.09  9.64 332.11   5.42
19880222 030000  6.2 195.1  2.60 12.74 228.33  26.87  5  2.36 12.60 221.57  15.44  0.81 16.33 300.53  12.53  0.69 15.77 226.05   8.48  0.19 21.62 304.15   9.69  0.09  9.57 331.82   5.59
19880222 060000  8.2 200.2  2.61 15.34 227.97  27.21  5  2.15 12.43 221.38  16.92  1.22 14.96 221.56   9.23  0.81 16.04 300.10  12.76  0.25 20.53 302.22  10.04  0.08  9.52 331.54   5.73
19880222 090000  6.0 186.6  2.59 15.21 228.28  27.43  4  2.44 14.31 221.49  15.51  0.80 15.61 299.23  13.22  0.31 20.39 301.74  10.61  0.08  9.46 331.10   6.20
19880222 120000  3.1 199.8  2.53 15.15 228.87  27.07  3  2.38 14.24 221.92  14.69  0.79 15.49 298.61  14.01  0.31 20.37 302.09  11.03
19880222 150000  5.2 229.2  2.50 15.10 228.83  26.62  3  2.35 14.17 222.04  14.11  0.79 15.44 298.64  13.76  0.28 20.37 303.37  11.00
19880222 180000  7.4 215.3  2.51 15.03 228.46  26.51  3  2.37 14.08 221.86  14.22  0.78 15.41 298.81  13.82  0.28 20.16 304.01  10.05
19880222 210000  7.4 209.5  2.56 14.56 228.00  27.15  3  2.41 14.00 221.23  14.77  0.76 15.39 299.67  13.19  0.37 19.17 302.40  10.17
19880223 000000  7.8 206.5  2.61 14.30 227.38  27.70  3  2.46 13.88 220.53  15.42  0.75 15.34 299.97  13.13  0.44 19.06 301.87  10.57
19880223 030000  7.0 195.2  2.68 14.18 225.90  27.61  4  1.47  7.31 217.58  25.25  2.08 13.79 220.74   9.73  0.72 15.22 299.95  13.00  0.43 19.04 301.95  10.98
19880223 060000  7.3 200.9  2.70 14.10 224.94  26.51  4  1.56  7.35 218.39  24.69  2.06 13.70 220.37   9.69  0.69 14.89 299.30  13.16  0.38 19.04 303.13  11.23
19880223 090000  5.7 190.3  2.71 14.08 224.30  25.43  4  2.61 13.66 219.64  16.45  0.67 14.63 298.77  13.38  0.32 18.98 303.79  11.17  0.06 23.29 302.17   9.86
19880223 120000  5.3 189.3  2.73 14.16 224.58  25.28  3  2.62 13.71 219.74  15.75  0.65 14.54 298.18  13.50  0.41 18.00 303.29  10.38
19880223 150000  6.8 207.4  2.76 14.26 225.31  25.73  3  2.64 13.85 219.92  15.18  0.65 14.49 298.36  13.34  0.50 17.83 302.00  10.69
19880223 180000  9.7 216.9  2.86 14.24 225.24  25.68  3  2.74 13.98 220.08  15.74  0.63 14.46 298.30  13.41  0.54 17.80 301.73  11.05
19880223 210000  8.9 211.3  2.95 14.12 224.63  25.42  4  2.85 13.82 220.23  17.20  0.61 14.43 298.29  13.50  0.49 17.79 301.88  11.49  0.12 21.77 300.33  10.64
19880224 000000  5.0 209.3  2.96 13.82 223.97  24.98  5  2.10 13.63 220.10   9.57  1.96  7.55 220.54  24.54  0.59 14.39 298.10  13.74  0.41 17.78 302.97  11.80  0.12 21.77 301.94  10.80
19880224 030000  5.9 208.4  2.88 13.66 224.04  24.67  5  2.09 13.54 220.10   9.40  1.85  7.84 221.11  24.99  0.55 14.30 296.80  14.04  0.41 17.61 305.23  11.14  0.11 21.75 303.78  10.39
19880224 060000  5.3 215.6  2.76 13.61 224.73  25.16  3  2.66 13.51 220.62  17.37  0.54 14.23 298.19  14.06  0.47 16.79 303.11  10.97
19880224 090000  3.1 199.0  2.66 13.56 225.79  26.07  4  2.55 13.47 220.68  16.60  0.54 16.66 302.23  11.15  0.52 14.08 298.24  14.14  0.17 20.41 299.68  10.48
19880224 120000  4.0 215.7  2.57 13.50 226.31  26.41  4  2.45 13.41 220.65  15.92  0.56 16.63 301.80  11.26  0.51 13.84 297.77  14.75  0.20 20.37 300.24  11.29
19880224 150000  4.8 240.2  2.51 13.43 226.05  25.92  4  2.39 13.34 220.59  15.44  0.53 16.62 301.63  11.53  0.49 13.71 298.10  14.10  0.20 20.36 301.79  11.49
19880224 180000  7.4 221.9  2.46 13.35 225.51  25.16  5  1.50  8.69 221.77  21.05  1.82 13.25 220.01  10.39  0.47 16.61 302.92  12.33  0.47 13.63 297.32  13.66  0.17 20.37 304.00  11.16
19880224 210000  6.7 211.4  2.38 13.26 225.08  25.18  5  1.48  8.65 221.36  21.31  1.75 13.12 219.82  10.46  0.45 16.53 305.35  12.03  0.44 13.52 295.46  13.51  0.18 20.06 302.72  11.06
19880225 000000  4.0 226.7  2.28 13.11 225.70  26.27  5  1.67 12.90 219.56  10.42  1.41  8.59 221.32  21.25  0.45 16.17 304.12  11.64  0.45 13.55 297.34  14.50  0.24 19.12 300.52  11.25
19880225 030000  4.7 204.1  2.18 12.89 226.99  27.81  4  2.06 12.75 220.21  15.58  0.50 15.66 302.68  11.80  0.43 13.52 298.10  14.59  0.28 19.06 300.57  11.57
19880225 060000  5.9 200.8  2.09 12.75 227.46  28.94  5  1.50 12.64 219.08  10.47  1.26  8.33 220.64  20.67  0.52 15.57 301.67  11.75  0.43 13.51 298.17  14.66  0.29 19.05 301.55  12.18
19880225 090000  5.1 175.9  1.98 12.65 227.22  29.47  4  1.85 12.56 219.15  15.80  0.51 15.54 300.88  11.92  0.41 13.49 298.41  14.62  0.26 19.08 303.40  12.49
19880225 120000  4.0 190.7  1.89 12.60 227.04  29.66  5  1.41 12.48 217.98  10.31  1.06  8.18 220.33  21.80  0.50 15.52 301.28  12.65  0.39 13.44 297.74  14.32  0.23 19.15 305.20  12.29
19880225 150000  5.5 221.8  1.83 12.57 227.25  30.10  6  1.41 12.36 218.00  10.73  0.95  7.71 219.76  21.58  0.47 15.51 302.25  12.92  0.39 13.43 297.88  14.41  0.24 18.09 298.82   9.84  0.13 20.35 318.80   5.44
19880225 180000  6.7 217.9  1.85 12.57 227.67  30.92  5  1.01  7.68 220.80  22.98  1.38 12.22 217.51  10.77  0.59 15.42 301.00  13.94  0.30 17.82 296.73   9.60  0.18 20.23 316.04   6.73
19880225 210000  7.6 209.3  1.84 12.56 227.48  31.58  6  1.04  7.67 219.66  23.85  1.34 12.25 217.20  10.51  0.58 15.26 301.23  13.94  0.36 17.82 298.37  10.91  0.14 20.30 319.56   5.19  0.09 19.38 233.08   8.00
19880226 000000  5.3 217.1  1.79 12.51 227.29  31.77  4  0.99  7.65 218.92  24.69  1.32 12.36 217.33  10.46  0.57 14.68 300.93  13.90  0.36 17.85 301.51  12.88
19880226 030000  4.8 197.1  1.71 12.46 227.65  31.43  4  1.57 12.34 218.12  16.31  0.56 14.52 300.19  14.23  0.32 17.98 303.94  13.32  0.14 18.63 231.77   7.73
19880226 060000  5.7 189.7  1.66 12.39 228.16  31.52  7  0.79  7.17 218.91  25.01  1.30 12.23 218.09  10.72  0.49 14.52 302.77  13.53  0.31 18.57 306.84  12.84  0.27 12.77 291.39  11.29  0.20 17.87 232.68   8.23  0.05 23.10 310.84   9.00
19880226 090000  6.1 180.9  1.66 12.35 228.82  32.39  7  0.74  6.74 215.42  27.21  1.31 12.15 218.84  10.86  0.47 14.50 301.96  13.64  0.29 12.69 295.07  13.85  0.26 16.89 294.69   9.17  0.25 18.94 315.36   7.36  0.23 17.77 232.32   7.72
19880226 120000  4.3 185.8  1.68 12.47 230.25  32.66  7  1.50 12.32 218.42  16.01  0.55 14.46 299.84  14.29  0.34 16.70 295.43  10.01  0.28 17.25 232.33   7.91  0.22 18.91 315.99   6.94  0.07 10.30 265.87   2.82  0.07 22.04 309.33   9.75
19880226 150000  5.9 213.5  1.72 12.50 230.97  31.58  6  1.52 12.40 219.35  14.84  0.54 14.43 300.14  14.16  0.42 16.71 297.15  11.48  0.37 16.66 232.81   8.44  0.15 18.93 320.17   5.00  0.08 21.90 310.99   8.97
19880226 180000  8.0 225.1  1.85 12.29 230.11  29.93  7  0.72  3.79 222.48  28.14  1.49 12.16 219.79  10.95  0.53 14.38 299.72  14.88  0.44 16.77 300.18  13.51  0.42 16.54 233.50   8.61  0.13  9.75 261.55   5.98  0.08 21.83 311.89   9.07
19880226 210000  6.9 216.4  1.89 11.97 229.49  29.19  7  0.80  4.31 222.63  29.20  1.48 11.90 220.07  10.62  0.52 15.99 232.20   8.95  0.50 14.25 300.12  14.40  0.41 16.98 302.53  14.13  0.14  9.64 262.35   6.14  0.11 21.41 309.06  10.27
19880227 000000  6.8 216.1  1.85 11.79 229.19  28.77  7  0.78  4.51 219.29  28.95  1.45 11.74 221.09  10.89  0.55 15.65 232.05   8.79  0.48 13.74 300.27  14.58  0.38 17.38 305.31  14.10  0.12 20.85 308.77  10.08  0.12  9.62 263.49   5.59
19880227 030000  4.5 181.9  1.81 11.71 229.75  28.85  6  0.71  4.59 217.45  29.83  1.39 11.65 221.66  11.53  0.68 15.33 230.35   9.88  0.46 13.56 300.07  15.21  0.39 17.39 304.86  13.57  0.13 20.58 309.76   9.14
19880227 060000  6.2 198.3  1.77 11.67 230.98  29.14  8  0.65  4.70 215.71  29.10  1.33 11.62 221.87  11.23  0.72 15.14 230.35   9.91  0.46 13.51 301.21  15.39  0.39 16.23 298.39  12.92  0.15 20.43 310.49   9.58  0.13  9.36 265.90   6.90  0.13 17.75 315.00   0.02
19880227 090000  5.6 184.0  1.75 15.17 232.06  30.08  6  1.39 11.57 220.63  17.26  0.82 14.69 228.58  10.52  0.45 15.87 298.77  13.71  0.45 13.50 300.41  14.91  0.17 20.21 308.83   9.79  0.13  9.10 266.33   6.17
19880227 120000  4.7 180.0  1.75 14.63 232.78  30.66  6  1.39 11.51 221.15  17.07  0.79 14.64 227.38  11.34  0.48 15.85 298.72  14.05  0.46 13.49 299.88  15.18  0.19 19.87 307.39  10.73  0.12  8.94 267.67   5.37
19880227 150000  7.2 196.8  1.80 14.02 231.06  30.82  5  1.31 11.41 220.40  18.86  1.03 14.34 223.64  12.55  0.48 15.91 299.82  14.64  0.45 13.47 299.79  14.95  0.20 19.41 306.96  10.68
19880227 180000  9.7 218.8  2.01 13.87 227.94  29.19  5  1.54 11.42 220.22  20.04  1.10 14.19 222.33  12.64  0.46 16.00 301.37  15.06  0.44 13.44 299.47  15.36  0.21 19.25 306.51  10.68
19880227 210000 10.3 205.6  2.24 13.77 224.84  28.37  5  1.32  5.04 218.28  27.91  1.69 14.03 220.59  12.93  0.43 15.94 301.85  14.84  0.42 13.40 299.71  15.55  0.22 19.15 308.81   9.96
19880228 000000  4.5 214.2  2.28 13.67 223.35  28.28  5  1.74 13.74 219.61  12.75  1.32  5.61 217.01  29.45  0.41 13.31 300.66  15.79  0.39 15.71 301.16  15.17  0.25 18.98 306.07  10.66
19880228 030000  6.2 190.8  2.21 13.54 223.69  27.78  5  1.14  5.90 217.41  29.21  1.79 13.54 219.23  12.77  0.43 15.45 298.48  13.80  0.35 12.67 304.52  16.46  0.29 18.56 304.92  11.14
19880228 060000  6.9 198.6  2.16 13.43 223.86  27.99  5  2.06 13.42 218.25  17.86  0.39 15.09 292.04  10.17  0.34 12.63 304.68  16.98  0.31 18.16 303.91  11.29  0.22 15.50 318.08   4.62
19880228 090000  6.2 200.0  2.11 13.31 224.25  28.49  5  2.00 13.33 217.97  17.12  0.39 15.13 289.17   9.88  0.34 12.60 305.29  17.03  0.32 18.04 304.09  11.23  0.28 15.16 314.36   7.45
19880228 120000  4.4 187.7  2.04 13.14 225.07  28.83  5  1.93 13.23 218.24  16.37  0.37 14.98 288.94  10.12  0.35 12.61 305.23  17.17  0.32 17.96 304.08  11.65  0.29 15.07 314.30   7.45
19880228 150000  6.3 226.5  1.97 12.90 225.92  29.06  4  1.86 13.03 218.63  15.76  0.47 14.85 298.76  14.87  0.36 12.60 305.21  17.72  0.32 17.91 304.15  12.16
19880228 180000  7.0 234.5  1.99 12.74 226.71  29.34  5  0.86  4.51 225.10  28.05  1.66 12.79 218.25  12.41  0.44 14.71 299.27  15.27  0.36 17.66 301.32  11.51  0.35 12.57 305.97  17.77
19880228 210000  5.8 230.5  1.92 12.64 227.33  30.35  6  0.84  4.75 225.74  29.41  1.59 12.66 217.81  12.00  0.41 17.26 301.33  11.43  0.39 14.58 297.64  15.96  0.36 12.54 306.29  17.89  0.10  7.82 269.13   5.55
19880229 000000  3.2 209.7  1.86 12.57 227.38  30.98  6  1.73 12.57 218.86  17.48  0.41 17.10 301.14  11.06  0.38 14.55 298.62  16.34  0.29 12.70 294.25  11.73  0.22 11.88 324.65   8.03  0.09  7.76 269.66   6.34
19880229 030000  4.4 185.8  1.84 12.50 226.98  30.96  5  1.72 12.49 218.54  17.22  0.41 17.04 301.10  11.25  0.40 14.35 290.22  11.01  0.27 14.46 314.03   7.70  0.21 11.81 325.80   7.82
19880229 060000  6.9 191.8  1.88 12.39 225.57  30.63  5  1.76 12.39 217.65  17.31  0.47 14.36 297.08  14.99  0.40 16.96 301.06  11.53  0.24 11.79 322.52   9.99  0.05 19.28 218.01   7.75
19880229 090000  7.4 196.5  1.94 12.17 224.10  30.41  6  1.82 12.22 216.69  17.86  0.43 14.27 291.35  11.69  0.38 16.83 299.92  12.26  0.25 11.71 320.97  10.95  0.21 14.37 318.93   4.88  0.06 19.08 217.94   8.00
19880229 120000  4.5 184.2  1.93 11.97 224.46  30.52  4  1.82 12.00 216.94  18.07  0.43 14.07 295.65  15.85  0.43 16.58 300.32  11.47  0.26 11.63 316.23  15.72
19880229 150000  6.1 216.4  1.89 11.85 225.80  30.63  4  1.77 11.86 217.77  17.67  0.49 16.31 297.66  11.72  0.38 13.64 298.44  16.55  0.24 11.48 317.84  14.49
19880229 180000  8.2 227.9  1.93 11.77 226.52  30.15  6  1.42  8.53 220.11  21.26  1.12 11.77 217.16  11.64  0.48 16.22 298.18  11.57  0.40 13.67 296.96  15.57  0.22 11.20 319.68  13.46  0.08 18.08 218.42   8.30
19880229 210000  9.0 212.7  2.04 11.70 225.62  29.70  6  1.60  8.41 220.13  22.35  1.08 11.70 217.03  11.83  0.47 16.23 298.56  10.90  0.42 13.61 297.44  16.08  0.16 10.96 328.36   7.43  0.08 17.90 218.88   8.11
19880301 000000  9.3 195.7  2.21 11.63 222.36  29.70  6  1.87  7.74 217.14  23.61  0.99 11.63 217.05  12.49  0.45 16.20 298.16  10.69  0.42 13.58 298.43  16.36  0.14 10.80 330.11   5.86  0.08 17.90 219.97   8.29
