Date     Time   Uabs UDir  hs    tp    th     sp     np hs(i) tp(i) th(i)  sp(i)
19920501 000000  9.2 195.7  2.48 12.36 220.05  22.63  4  2.39 12.36 219.13  21.57  0.58 20.01 221.67   8.11  0.27 13.65 303.89  12.34  0.05 17.78 290.47   5.94
19920501 030000  8.6 168.0  2.44 12.26 219.09  23.66  5  1.13  5.18 201.69  33.38  1.72 12.53 216.36  14.36  1.07 11.98 237.76   8.73  0.71 19.26 221.87   7.95  0.27 13.63 304.96  11.32
19920501 060000  7.7 155.9  2.40 12.06 218.74  23.48  4  2.24 12.05 217.35  23.12  0.84 18.98 221.83   8.09  0.26 13.59 304.33  12.33  0.08 17.74 292.05  10.24
19920501 090000  6.9 148.2  2.43 11.92 218.48  22.40  4  2.21 11.92 216.91  22.32  0.96 18.30 221.88   8.08  0.26 13.58 304.84  12.06  0.07 17.74 292.19  10.60
19920501 120000  7.9 173.3  2.48 17.84 217.82  21.55  3  2.20 11.83 215.93  21.93  1.12 17.84 221.70   8.30  0.26 13.54 304.74  12.07
19920501 150000  6.8 164.0  2.55 17.48 217.37  20.94  4  2.19 11.71 214.66  21.65  1.22 17.48 221.60   8.42  0.38 11.83 235.00   0.00  0.25 13.52 305.81  11.36
19920501 180000  8.9 193.2  2.62 16.79 217.87  19.16  5  2.04 11.74 216.44  21.34  1.45 16.79 221.16   8.82  0.75 14.03 209.45   6.03  0.23 13.47 307.11  10.98  0.08 16.66 292.96   8.11
19920501 210000 10.0 198.1  2.76 16.50 217.96  18.81  6  1.15  4.73 207.58  29.07  1.91 13.28 218.84  15.23  1.61 16.50 220.02   9.16  0.22 13.44 305.98  10.73  0.09 16.61 287.68   7.98  0.08 15.62 315.80   7.53
19920502 000000 10.4 180.1  2.83 16.14 216.95  20.27  4  2.30 13.27 214.63  22.35  1.64 16.13 219.92   9.16  0.21 13.42 306.44  10.94  0.13 16.48 296.28  15.59
19920502 030000  7.8 171.0  2.81 15.67 217.32  20.11  3  2.80 15.66 216.86  18.97  0.22 13.40 307.55  11.05  0.11 16.58 289.96  11.63
19920502 060000  7.5 166.8  2.74 15.42 218.01  19.31  4  2.06 12.50 215.71  22.44  1.79 15.43 219.84   9.11  0.22 13.38 308.01  11.05  0.10 16.58 290.10  12.35
19920502 090000  6.4 168.3  2.67 15.21 218.34  18.53  3  1.96 12.46 216.97  21.64  1.80 15.22 218.91   9.47  0.23 13.11 307.19  11.53
19920502 120000  8.3 187.9  2.63 15.08 218.27  18.02  2  2.62 15.10 217.80  16.61  0.23 12.86 307.06  12.05
19920502 150000  5.1 191.5  2.57 14.91 218.40  17.68  2  2.56 14.92 217.89  16.16  0.24 12.75 305.37  13.30
19920502 180000  9.2 210.6  2.54 14.63 218.70  17.18  3  2.53 14.62 218.15  15.52  0.20 12.71 309.06  11.04  0.14 15.50 291.50  11.44
19920502 210000  6.7 216.8  2.49 14.47 219.08  17.52  3  2.48 14.45 218.48  15.78  0.20 12.71 308.95  10.66  0.15 15.51 289.71  10.76
19920503 000000  6.5 227.3  2.38 14.36 219.37  17.18  3  2.37 14.36 218.70  15.16  0.21 12.75 309.40  10.52  0.15 15.51 289.40  11.15
19920503 030000  1.7 192.7  2.27 14.32 219.39  16.89  3  2.25 14.32 218.64  14.50  0.21 12.90 310.08  10.62  0.15 15.51 289.89  11.84
19920503 060000  1.1 234.3  2.16 14.31 219.35  16.65  3  2.15 14.32 218.55  13.93  0.22 13.19 310.74  10.48  0.13 15.51 290.55  12.69
19920503 090000  1.2 257.4  2.08 14.24 219.27  16.60  3  2.06 14.27 218.46  13.77  0.22 13.28 311.03  10.46  0.11 15.50 291.03  13.07
19920503 120000  2.8  47.7  2.01 14.15 219.56  16.93  2  1.99 14.17 218.74  14.13  0.24 13.37 306.85  13.49
19920503 150000  2.6   9.5  2.03 14.07 220.49  17.25  3  2.01 14.06 219.65  14.64  0.20 12.09 310.46  11.23  0.14 14.56 290.99  10.94
19920503 180000  5.3 291.3  2.31 13.73 223.12  19.22  2  2.30 13.70 222.42  17.52  0.26 14.43 302.29  14.30
19920503 210000  3.6 294.0  2.60 13.42 225.72  20.19  2  2.59 13.40 225.10  18.93  0.27 14.47 300.29  15.23
19920504 000000  4.2 292.1  2.70 13.28 227.56  21.13  3  2.69 13.28 226.95  20.01  0.20 14.52 287.64  13.06  0.20 12.28 310.90  10.65
19920504 030000  2.7 330.5  2.70 13.23 228.90  22.09  3  2.68 13.24 228.28  21.06  0.20 12.39 311.16  10.81  0.20 14.50 286.41  14.06
19920504 060000  2.7 275.0  2.64 13.19 229.76  22.93  3  2.63 13.22 229.18  21.97  0.20 12.43 311.27  11.02  0.17 14.50 288.42  13.51
19920504 090000  1.9 326.9  2.56 13.05 230.30  23.70  3  2.55 13.12 229.77  22.85  0.20 12.45 312.55   9.74  0.14 14.49 292.26  11.83
19920504 120000  5.5 325.4  2.47 13.00 230.74  25.27  2  2.46 13.04 230.23  24.50  0.23 12.46 308.09  12.09
19920504 150000  6.4 323.4  2.39 13.06 231.55  27.90  3  2.38 13.05 230.98  27.18  0.18 12.17 313.40   9.09  0.15 13.87 296.57  11.81
19920504 180000  6.4 325.5  2.35 13.12 235.20  33.01  3  2.34 13.05 234.51  32.45  0.18 13.63 296.30  11.70  0.17 11.78 313.61   9.53
19920504 210000  6.0 345.2  2.37 13.09 240.14  36.33  5  1.92 12.98 219.92  13.44  1.35  7.77 288.00  29.30  0.19 13.59 294.42  11.50  0.17 11.70 312.64  10.82  0.05 21.74 302.25  10.31
19920505 000000  9.5 344.1  2.46 12.99 246.02  39.64  6  1.57  8.19 291.09  30.31  1.85 12.89 219.38  12.51  0.35 15.51 215.00   0.02  0.19 13.57 292.97  11.26  0.18 11.72 313.06  10.33  0.05 21.72 300.16  13.30
19920505 030000  7.6 331.8  2.54 12.97 249.94  40.94  5  1.71  8.07 292.34  29.74  1.61 12.88 218.52  12.03  0.93 15.45 219.41  11.33  0.19 13.56 292.62  11.39  0.17 11.69 315.97   8.14
19920505 060000  9.1 355.4  2.65 13.06 255.69  43.80  7  1.86  8.34 297.59  30.91  1.85 12.95 218.54  11.65  0.19 11.62 316.40   8.42  0.18 13.55 292.84  11.23  0.16 22.01 239.39   8.37  0.07 20.43 303.18   9.40  0.05 15.56 317.17   7.16
19920505 090000 11.9   0.0  2.86 13.24 271.36  49.88  7  2.19  8.18 310.49  34.06  1.79 13.09 218.16  11.53  0.24 21.40 238.15   7.89  0.19 11.56 316.45   8.15  0.17 13.54 295.40  11.89  0.09 20.34 303.19   9.53  0.06 15.55 316.80   7.52
19920505 120000 16.6 352.5  3.37 13.19 296.96  50.76  6  2.88  8.19 321.72  32.97  1.72 13.10 217.76  11.33  0.25 20.88 239.11   8.14  0.15 13.55 297.42  12.76  0.10 20.33 302.64   9.97  0.06 15.59 316.06   8.24
19920505 150000 13.1 349.9  3.62  8.83 300.75  47.24  5  3.19  8.79 319.69  30.57  1.68 13.02 217.92  11.98  0.31 20.37 239.56   7.68  0.10 20.32 301.78  10.45  0.06 15.68 314.83   8.96
19920505 180000  8.6 329.6  3.45  9.04 294.25  46.14  7  2.98  8.97 315.53  28.30  1.70 12.85 218.49  13.09  0.35 20.08 238.82   8.27  0.13 11.06 255.00   0.00  0.10 20.26 301.39  10.82  0.08 13.54 310.28   4.99  0.06 15.96 312.91   9.23
19920505 210000  6.7 325.7  3.10  8.98 285.13  46.62  4  2.55  8.91 312.79  26.48  1.71 12.68 219.24  14.00  0.38 19.49 239.21   8.32  0.11 19.63 302.52  10.25
19920506 000000  6.8 354.3  2.79 12.46 278.53  47.56  5  2.19  8.69 312.85  25.87  1.66 12.50 219.16  13.74  0.44 19.03 239.21   8.05  0.15 12.67 291.88  10.13  0.14 19.06 303.13   9.67
19920506 030000  8.0 337.8  2.55 12.22 275.37  48.42  6  1.94  8.47 314.32  26.19  1.58 12.19 219.40  13.77  0.47 18.66 238.03   8.88  0.17 19.01 302.80   9.74  0.16 12.66 292.16  10.31  0.09 14.51 316.49   7.44
19920506 060000 10.3 337.9  2.53 11.98 284.05  49.51  6  1.98  8.23 319.61  26.21  1.48 11.96 220.31  14.27  0.47 18.14 238.15   8.84  0.18 19.00 302.03  10.28  0.17 12.67 295.23  13.68  0.09 14.56 315.07   8.78
19920506 090000  9.7 342.2  2.56  7.75 293.25  49.07  6  2.09  7.65 322.40  27.00  1.35 11.81 220.78  14.54  0.51 17.75 236.45   8.67  0.18 18.99 301.54  10.94  0.16 12.66 294.75  13.53  0.10 14.64 312.59  10.10
19920506 120000 11.6 347.7  2.43  7.60 296.64  50.17  7  2.00  7.53 325.81  28.18  1.20 11.68 220.23  14.73  0.60 17.26 236.20   8.82  0.21 14.49 225.00   0.02  0.16 18.93 301.16  11.25  0.15 12.66 294.18  13.48  0.10 15.10 312.83  10.18
19920506 150000  8.4 340.6  2.23  7.39 296.18  51.21  7  1.81  7.31 327.74  29.07  1.07 11.51 220.23  15.46  0.71 16.59 233.75   9.57  0.17 10.54 326.29  10.23  0.16 18.41 301.80  10.64  0.15 12.70 297.20  15.51  0.10 15.36 308.39  11.38
19920506 180000  4.5 313.7  1.95 16.46 286.29  51.38  8  1.49  7.25 325.33  29.34  0.99 11.28 220.22  15.56  0.70 16.38 234.24   9.25  0.20 17.83 302.44  10.04  0.18 10.43 325.51   9.45  0.11 12.60 286.84   9.97  0.11 13.28 316.41   7.15  0.09 15.48 303.27   9.80
19920506 210000  1.1 155.8  1.72 16.19 276.46  50.38  8  1.22  7.26 323.12  28.34  0.92 11.08 220.47  15.84  0.71 16.17 233.78  10.01  0.24 17.77 302.83   9.89  0.17 10.28 326.88  10.69  0.13 12.53 293.85  13.09  0.09 13.59 319.77   5.01  0.09 15.48 302.23  10.79
19920507 000000  2.5 127.3  1.56 15.58 269.82  48.82  7  1.04  7.25 321.33  26.89  0.85 10.89 220.01  15.80  0.70 15.60 234.53   9.46  0.27 17.76 302.71  10.13  0.13 11.94 295.71  13.85  0.11 13.53 317.40   6.40  0.09 15.47 301.50  11.02
19920507 030000  3.2 121.8  1.44 15.39 264.89  48.27  7  0.92  7.18 320.07  31.20  0.76 10.64 220.08  17.22  0.73 15.39 233.49  10.16  0.27 17.75 302.54  10.72  0.14 11.86 297.50  12.90  0.11 13.54 317.15   6.30  0.08 15.41 300.88  10.98
19920507 060000  2.8 137.1  1.35 15.29 262.64  46.28  7  0.83  7.08 318.69  26.98  0.73 10.40 221.59  19.30  0.70 15.29 233.55  10.24  0.24 17.73 301.93  11.59  0.14 11.84 296.65  13.91  0.14 13.68 313.38   9.31  0.11  9.04 256.12   3.60
19920507 090000  2.1 148.9  1.28 15.14 261.77  44.36  6  0.81  6.96 311.46  29.14  0.67 15.16 234.48   9.34  0.67 10.19 220.46  17.52  0.22 17.57 302.04  11.24  0.16 11.93 304.01  15.52  0.12 14.39 307.64  10.62
19920507 120000  0.9 168.0  1.23 14.63 261.76  42.84  9  0.70  6.95 316.78  20.12  0.67 14.67 233.63  10.55  0.58 10.01 216.96  14.65  0.39  5.95 258.86  20.16  0.23 16.76 302.39  10.54  0.13 12.47 316.69   7.02  0.12 14.47 303.56  10.00  0.10  8.66 257.85   5.79  0.09 11.83 287.50   7.38
19920507 150000  0.9 300.2  1.17 14.47 261.18  41.78  7  0.75  6.84 299.79  32.14  0.64 14.47 233.76  10.44  0.54  9.76 217.39  15.98  0.28 16.63 302.90  10.02  0.13 12.59 316.59   7.34  0.12 14.47 302.82  10.73  0.09 11.82 288.07   8.27
19920507 180000  3.6 300.8  1.16 14.41 264.26  41.14  8  0.76  6.82 297.49  30.57  0.59 14.40 235.01   9.19  0.52  9.64 215.28  13.80  0.32 16.61 303.48   9.85  0.13 12.59 316.98   7.30  0.13 14.47 301.82  11.58  0.09 11.76 291.81  11.73  0.07 10.33 317.34   7.32
19920507 210000  4.3 328.7  1.12 16.55 268.54  41.73  8  0.74  6.78 300.84  29.81  0.57 14.35 234.88   9.43  0.46  9.60 213.79  13.01  0.34 16.60 303.68  10.15  0.16 12.55 316.43   7.54  0.13 14.45 302.89  11.21  0.11  8.78 256.27   6.76  0.08 11.80 287.35   7.71
19920508 000000  5.3 359.0  1.11 16.55 274.71  43.35  9  0.76  6.70 306.09  31.78  0.53 14.28 235.82   9.00  0.42  9.49 212.25  11.61  0.33 16.59 303.55  10.98  0.19 12.30 312.83  13.21  0.17  8.27 252.69   7.91  0.13 14.46 302.21  10.61  0.07  8.98 332.43   5.52  0.07 20.60 228.93   9.48
19920508 030000  5.2  15.7  1.14 16.52 278.17  44.14  9  0.79  6.70 311.12  34.33  0.51 14.14 236.62   9.12  0.37  8.04 248.23  13.13  0.34  9.45 208.92   9.63  0.31 16.57 302.92  11.68  0.19 12.16 310.27  13.02  0.09  9.18 328.84   8.06  0.08 14.49 309.86   5.00  0.08 20.46 228.17   9.51
19920508 060000  3.7 349.1  1.25 13.78 274.68  39.24  8  0.98  8.04 281.38  36.65  0.51 13.77 237.49   9.96  0.36  6.64 315.70   8.87  0.29  9.38 208.13   9.46  0.29 16.44 303.07  11.31  0.18 13.21 313.93   8.42  0.10 20.33 227.84   9.41  0.08  9.29 329.09   8.13
19920508 090000  3.3   9.9  1.47  9.52 271.10  31.54  8  1.27  9.54 272.61  27.53  0.47 13.58 236.06   8.40  0.34  6.46 314.92   8.87  0.28 15.71 303.22  10.90  0.24  9.39 207.29   9.34  0.17 11.85 319.69   9.19  0.14 19.37 229.48   9.52  0.12 13.56 304.89   8.44
19920508 120000  5.1 356.5  1.66  9.53 270.55  26.98  7  1.51  9.54 273.32  23.98  0.49 13.50 236.88   8.16  0.31 15.55 303.57  10.15  0.18  9.36 204.77   7.47  0.17 19.14 229.11   9.38  0.17 11.81 319.94   9.29  0.13 13.57 303.82   9.38
19920508 150000  3.3  17.9  1.72  9.31 272.14  25.54  7  1.60  9.31 274.41  22.65  0.45 13.46 235.72   7.91  0.35 15.52 303.46  10.79  0.23 18.83 231.44   9.94  0.15  9.15 205.58   8.43  0.13 13.54 305.86   7.80  0.11 11.80 320.69   4.95
19920508 180000  3.7 329.1  1.71  9.04 273.82  24.85  7  1.57  9.04 276.45  21.29  0.45 13.41 235.97   8.43  0.37 15.51 304.06  10.88  0.28 18.05 231.13   9.55  0.14 13.55 303.77   9.66  0.12  9.40 204.02   6.88  0.11 11.80 320.33   4.99
19920508 210000  4.6 346.9  1.68  8.83 275.65  25.64  6  1.53  8.82 279.26  21.92  0.45 13.27 237.58   9.50  0.37 15.51 304.33  10.66  0.33 17.83 231.13   9.44  0.14 13.55 303.80   9.64  0.10  9.70 204.79   6.97
19920509 000000  7.0   0.0  1.67  8.58 277.72  28.08  6  1.52  8.57 282.12  24.65  0.42 12.97 237.59   9.46  0.38 17.64 231.09   9.26  0.35 15.50 304.41  11.26  0.14 13.55 304.22   9.82  0.10  9.77 205.42   6.98
19920509 030000  6.8  16.9  1.72  8.46 280.72  32.00  6  1.57  8.45 286.46  29.00  0.43 16.94 231.01   9.02  0.41 12.82 237.65   9.74  0.34 15.46 304.18  11.51  0.10  9.60 205.59   6.99  0.06 17.76 302.82   9.90
19920509 060000  5.3   6.5  1.77  8.41 279.45  31.80  5  1.62  8.41 285.65  28.61  0.50 16.69 230.83   9.24  0.41 12.70 236.62   9.80  0.33 15.30 304.66  11.32  0.07 17.76 302.80  10.20
19920509 090000  5.0   9.4  1.84  8.48 276.44  31.40  6  1.56  8.35 287.99  27.27  0.62 10.45 249.25  11.77  0.53 16.56 230.74   9.16  0.43 12.61 239.40   9.31  0.31 14.63 303.65  10.63  0.07 17.75 302.62  10.63
19920509 120000  6.6 355.6  1.89  8.70 274.05  31.95  7  1.39  8.02 295.67  26.11  1.09 10.00 250.11  11.08  0.56 15.98 230.88   9.16  0.33 14.53 303.44  10.73  0.12 12.57 304.68   7.42  0.08  9.07 204.36   7.18  0.07 17.75 302.52  10.98
19920509 150000  6.2 350.1  1.90 15.37 272.85  32.77  7  1.27  8.45 301.00  26.18  1.23  9.75 252.10  12.44  0.59 15.62 230.45   9.30  0.34 14.51 303.98  10.24  0.15 12.59 307.51  11.38  0.06  8.97 201.17   5.28  0.06 17.75 301.99  11.32
19920509 180000  6.7 328.4  1.90 15.19 272.65  33.66  7  1.11  7.88 309.21  26.10  1.35  9.19 256.65  16.14  0.63 15.52 229.76   9.14  0.35 14.50 303.98  10.86  0.17 12.58 306.29  10.93  0.15 10.82 314.74   7.62  0.07 16.84 303.15   9.89
19920509 210000  4.2 334.3  1.85 14.78 271.30  33.36  7  1.62  8.87 278.95  30.97  0.65 15.34 230.06   9.26  0.46 11.90 238.56   9.88  0.35 14.49 304.06  11.05  0.17 12.60 304.36  12.67  0.13 10.83 315.41   7.96  0.09 16.63 302.85   9.79
19920510 000000  5.9   2.3  1.77 14.59 269.94  33.72  6  1.53  8.76 277.68  31.62  0.64 14.74 229.41   9.09  0.45 11.87 239.57   9.11  0.34 14.48 304.24  10.85  0.21 12.59 308.80  12.20  0.10 16.60 302.66   9.93
19920510 030000  6.7  24.2  1.71 14.51 271.10  37.40  7  1.48  8.64 280.19  35.96  0.65 14.54 229.32   9.31  0.39 11.87 237.25   9.72  0.33 14.46 303.87  11.47  0.16 12.55 306.73   9.79  0.13 10.86 315.22   7.82  0.11 16.59 302.41  10.36
19920510 060000  5.8 359.3  1.67 14.44 272.20  38.22  5  1.48  8.49 280.11  36.79  0.69 14.46 229.44   9.64  0.34 14.40 304.18  11.79  0.11 10.79 316.60   7.30  0.11 16.59 302.29  10.83
19920510 090000  8.5  13.2  1.72 14.30 279.14  42.01  5  1.54  8.15 288.70  40.22  0.67 14.35 228.61   9.61  0.34 14.14 305.39  12.20  0.10 16.59 302.24  11.28  0.10 20.00 239.94  13.48
19920510 120000 13.4   2.8  2.09 13.82 305.63  46.28  6  1.79  6.86 326.86  34.98  0.80  9.15 245.65  10.99  0.62 13.98 227.44   9.15  0.34 13.63 305.61  11.92  0.14 19.21 240.37  12.85  0.08 16.59 302.07  11.62
19920510 150000 15.7 340.3  3.02  7.42 316.24  38.01  3  2.95  7.42 319.57  34.71  0.63 13.65 228.46  10.02  0.17 18.81 239.99  13.21
19920510 180000 11.5 320.6  3.39  8.60 302.73  35.93  5  3.30  8.60 305.65  33.77  0.67 13.54 228.30  10.29  0.29 13.55 304.19  10.44  0.21 18.61 240.17  13.02  0.11 15.56 303.43   9.83
19920510 210000  7.4 333.4  3.04  9.09 293.95  36.96  6  2.93  9.09 297.88  34.78  0.70 13.43 227.57  10.55  0.33 13.50 303.85   9.93  0.26 18.04 240.00  12.72  0.14 15.51 302.64  10.27  0.13 11.83 305.00   0.00
19920511 000000  4.7 351.5  2.77  9.28 287.37  35.58  5  2.63  9.28 292.61  32.79  0.76 13.26 227.93  11.18  0.32 17.40 239.74  12.74  0.30 13.55 304.17  10.63  0.14 15.51 302.83  10.53
19920511 030000  2.9   2.8  2.60  9.34 282.96  34.04  5  2.44  9.34 289.06  30.50  0.77 12.90 226.33  11.13  0.37 17.09 239.50  12.88  0.29 13.51 307.89   8.81  0.14 15.49 302.60  10.80
19920511 060000  0.3 253.2  2.48  9.30 278.75  33.39  5  2.27  9.28 286.52  29.00  0.83 12.65 225.84  11.53  0.43 16.89 239.77  12.52  0.28 13.49 307.04   8.18  0.13 15.50 302.56  11.63
19920511 090000  3.1 149.1  2.40  9.28 273.35  33.19  5  2.14  9.25 283.22  28.41  0.91 12.50 225.89  11.84  0.50 16.48 239.74  12.33  0.25 13.48 307.39   8.16  0.11 15.50 302.09  12.11
19920511 120000  2.9 154.6  2.35  9.33 266.76  33.24  4  2.07  9.26 278.41  29.19  0.96 12.37 224.17  10.41  0.56 15.92 239.86  12.40  0.09 15.52 302.13  12.53
19920511 150000  6.1 183.7  2.33  9.45 259.90  33.03  3  1.99  9.25 272.82  30.59  1.05 11.99 224.43  10.94  0.61 15.79 239.70  12.41
19920511 180000  8.7 186.8  2.34  9.72 250.06  34.08  6  1.63 11.31 223.39  20.88  1.52  9.26 282.15  20.98  0.65 15.63 239.96  12.34  0.16 12.67 311.93   7.09  0.15 14.39 307.07   8.06  0.15 19.09 241.81   6.05
19920511 210000 11.1 190.8  2.42  9.90 239.68  34.17  5  1.99 10.69 223.51  24.92  1.15  9.12 287.73  16.57  0.71 15.31 239.88  12.02  0.19 12.66 308.38   9.16  0.15 14.48 303.15  10.22
19920512 000000 10.1 185.5  2.44  9.89 232.49  33.84  7  1.39  5.20 209.70  33.66  1.56 10.61 225.89  15.66  0.99  9.05 286.23  15.16  0.72 14.91 239.52  12.36  0.23 17.85 242.39   6.74  0.19 12.65 306.01  11.05  0.15 14.51 303.44  10.75
19920512 030000 12.6 177.5  2.53  9.78 223.35  34.95  6  2.25 10.28 212.59  29.13  0.84  8.89 284.50  14.16  0.74 14.75 239.80  12.67  0.24 17.85 241.43   6.52  0.20 12.63 305.29  12.21  0.15 14.50 303.25  11.17
19920512 060000 11.7 170.7  2.49 14.55 217.80  35.78  6  2.24 10.06 208.40  31.46  0.79 14.58 239.46  12.34  0.66  8.47 285.14  12.22  0.20 12.61 304.98  12.39  0.18 16.59 245.00   0.02  0.14 14.50 303.00  11.61
19920512 090000 10.6 164.1  2.35 14.42 216.25  35.13  7  1.07  4.89 162.61  25.56  1.82 10.02 220.51  18.85  0.75 14.42 238.98  13.09  0.55  8.44 284.12  11.45  0.37 16.72 240.48   7.69  0.19 12.59 305.67  11.56  0.13 14.47 303.00  11.87
19920512 120000 10.8 174.5  2.24 14.30 214.24  34.65  7  1.87  8.91 202.67  32.91  0.75 14.30 239.46  12.72  0.73 10.60 219.07  11.50  0.47  8.28 281.94  11.31  0.39 16.81 235.89  11.16  0.19 12.60 305.91  11.36  0.10 14.49 302.07  12.38
19920512 150000 10.8 168.4  2.22 13.97 211.87  34.10  6  1.85  6.72 200.73  33.05  0.75 10.23 216.93  11.59  0.73 13.97 238.01  12.91  0.48 16.45 238.49  12.05  0.38  8.37 281.48  10.37  0.21 12.62 305.36  11.79
19920512 180000  9.6 185.6  2.14 13.72 213.68  31.90  6  1.79  6.83 204.26  31.56  0.68 10.12 217.59  11.07  0.66 13.72 240.21  11.75  0.58 15.69 234.27  13.05  0.27  8.15 283.27   8.94  0.20 12.67 305.01  12.23
19920512 210000 11.6 180.3  2.12 13.64 213.07  30.90  4  1.92  6.52 206.80  30.23  0.63 13.53 243.55   8.63  0.62 15.56 230.67  13.18  0.19 13.34 305.53  11.44
19920513 000000 11.0 172.1  2.11 13.73 210.60  32.18  5  1.83  6.41 202.46  32.47  0.89 13.77 236.63  12.87  0.55  9.87 216.28   9.86  0.14 13.53 303.95  10.66  0.12 11.76 305.54  12.85
19920513 030000  9.8 163.2  2.02 14.12 210.22  32.94  5  1.74  6.51 201.47  33.24  0.88 14.23 236.20  12.71  0.48  9.82 215.94   9.99  0.13 13.57 302.24  11.40  0.12 11.78 305.83  12.17
19920513 060000  8.6 154.4  1.85 14.29 211.42  33.55  6  1.57  6.60 201.82  34.20  0.82 14.36 234.38  12.68  0.41  9.83 215.24   9.52  0.28 12.48 246.63   3.74  0.13 13.55 301.87  12.04  0.11 11.72 305.09  13.12
19920513 090000  6.9 146.4  1.67 14.18 213.82  33.54  5  1.38  6.61 203.00  34.86  0.86 14.30 235.27  12.48  0.35  9.82 214.84   8.68  0.13 13.55 301.59  12.43  0.11 11.74 305.81  12.18
19920513 120000  6.1 151.3  1.51 13.79 217.27  32.37  5  1.18  6.56 204.68  35.07  0.87 13.87 234.89  12.06  0.35  9.53 213.93   9.35  0.12 13.55 302.10  12.87  0.11 11.75 305.54  12.21
19920513 150000  3.5 158.1  1.39 13.75 221.70  29.42  5  0.99  6.44 208.50  33.68  0.89 13.78 234.38  11.84  0.32  9.38 216.09   9.89  0.11 13.53 303.06  12.95  0.11 11.75 304.75  12.77
19920513 180000  5.8 211.6  1.31 13.81 225.35  25.43  6  0.83  6.13 210.83  29.08  0.92 13.86 233.74  11.79  0.35  9.19 218.30  11.99  0.18  7.28 273.56   8.48  0.11 11.78 303.59  12.45  0.10 13.51 304.98  13.24
19920513 210000  7.0 200.4  1.34 14.05 225.73  23.50  4  0.84  6.20 214.41  29.20  0.94 14.07 232.74  11.63  0.43  9.07 224.47  13.37  0.14 11.94 304.64  12.34
19920514 000000  8.5 186.4  1.47 13.72 222.96  25.14  4  0.94  4.54 207.43  28.60  0.96 13.80 231.73  11.59  0.56  8.97 232.48  18.16  0.14 12.41 304.18  12.61
19920514 030000  4.9 174.5  1.51 13.47 224.86  24.65  5  0.96  5.14 212.67  30.83  1.00 13.50 231.00  11.67  0.57  8.83 232.00  15.33  0.14 12.59 304.19  12.61  0.05 19.00 291.34  12.25
19920514 060000  5.7 188.0  1.50 13.44 227.41  22.83  5  0.87  5.38 215.93  29.90  1.03 13.47 230.09  11.85  0.64  8.65 236.14  15.57  0.15 12.64 304.30  12.72  0.05 19.00 294.44  11.79
19920514 090000  5.9 173.5  1.50 13.38 228.09  22.78  6  0.81  5.39 214.96  30.91  0.91 13.34 233.72  11.31  0.64  8.44 238.80  15.16  0.57 15.87 219.40   7.81  0.14 12.65 303.20  13.37  0.06 10.77 308.19  10.71
19920514 120000  6.5 165.6  1.49 13.09 228.92  23.27  5  0.76  5.32 213.82  33.20  1.13 13.17 236.28  13.10  0.58 15.76 219.24   7.71  0.13 12.67 302.97  13.37  0.07 10.91 308.74  11.91
19920514 150000  4.4 177.6  1.51 15.38 230.75  21.83  5  0.66  5.11 214.68  33.80  1.17 12.87 237.83  13.25  0.67 15.52 219.69   8.06  0.14 12.66 306.13  12.50  0.06 17.98 294.65  11.89
19920514 180000  5.3 201.6  1.65 15.08 232.03  19.35  4  1.43 13.01 235.06  19.39  0.81 15.22 221.24   9.36  0.13 12.66 307.10  12.61  0.08 17.79 292.12  11.10
19920514 210000  6.1 192.8  1.90 14.12 232.40  18.21  3  1.89 14.13 232.04  17.48  0.12 12.65 307.45  13.13  0.09 17.76 291.63  11.08
19920515 000000  5.8 175.8  2.06 12.82 233.30  18.63  4  0.51  3.52 204.35  32.92  1.99 12.83 234.55  15.20  0.11 12.58 310.80  11.56  0.10 17.75 290.83  12.61
19920515 030000  5.1 186.0  2.06 12.52 234.97  18.87  3  2.05 12.52 234.70  18.31  0.12 12.06 311.05  11.85  0.09 17.75 292.58  13.20
19920515 060000  4.9 174.2  1.98 12.05 236.17  19.78  4  1.82 13.81 231.58  17.82  0.77 11.97 259.18   5.10  0.13 11.87 308.78  13.80  0.08 17.74 296.08  12.48
19920515 090000  2.4 142.3  1.87 11.89 237.22  20.54  5  1.33 13.55 224.71  10.94  1.30 11.39 250.29  19.16  0.12 11.84 311.18  12.27  0.09 19.19 212.35   6.89  0.07 17.72 298.37  11.81
19920515 120000  1.5 148.4  1.77 13.31 237.92  21.24  4  1.34 11.29 251.39  17.92  1.15 13.43 220.35   8.54  0.14 18.50 212.14   5.81  0.09 16.97 295.36  11.93
19920515 150000  1.9 265.1  1.69 13.29 237.98  22.27  4  1.22 11.06 254.78  16.96  1.13 13.34 219.67   8.91  0.27 17.00 219.27   9.77  0.11 16.62 292.54  11.81
19920515 180000  4.8 245.9  1.65 11.21 237.71  23.70  5  1.18 13.20 220.70  11.07  1.11 10.94 257.40  16.49  0.26 17.06 212.26   5.91  0.13 16.60 292.02  11.58  0.13 11.89 311.74  13.13
19920515 210000  2.9 223.2  1.60 11.08 236.92  25.10  5  1.16 12.74 218.99  11.52  1.00 10.76 263.14  10.59  0.41 15.94 215.59   8.02  0.14 16.59 291.45  13.42  0.14 11.94 310.68  14.24
19920516 000000  3.4  21.0  1.54 12.48 236.24  26.24  5  1.07 12.58 218.16  11.89  0.96 10.47 263.38  14.27  0.50 15.62 215.63   7.53  0.14 11.89 312.20  13.73  0.13 16.59 292.43  14.29
19920516 030000  3.0 329.1  1.49 12.47 236.82  28.58  5  0.98 12.49 217.24  12.21  0.95 10.30 265.18  19.69  0.57 15.24 215.79   7.96  0.14 11.76 310.05  15.06  0.11 16.59 295.77  13.72
19920516 060000  3.0 305.6  1.53 14.60 239.06  27.47  4  1.10 10.12 261.75  18.78  0.85 12.43 214.83  10.24  0.63 14.68 215.56   7.66  0.09 16.60 300.22  13.03
19920516 090000  1.2 357.4  1.74 10.61 243.88  25.15  3  1.39 10.30 259.26  16.73  1.04 14.41 216.20   9.94  0.10 16.51 298.75  12.32
19920516 120000  1.3   4.1  2.00 10.68 248.08  23.29  3  1.71 10.55 259.06  15.53  1.04 13.85 217.22  10.31  0.12 15.59 295.03  11.73
19920516 150000  0.5 333.1  2.23 10.87 250.45  22.08  3  1.95 10.65 259.38  14.96  1.06 13.54 218.36  10.37  0.15 15.49 293.47  10.96
19920516 180000  3.4 250.3  2.43 12.39 251.11  21.26  4  2.15 11.51 258.93  14.63  1.11 13.05 219.50  10.49  0.18 15.50 292.68  11.26  0.07 10.23 330.81   4.93
19920516 210000  1.3 262.0  2.47 11.95 251.55  21.41  3  2.19 11.38 259.19  15.21  1.11 13.14 219.61  10.55  0.19 15.49 293.26  11.81
19920517 000000  1.7 331.9  2.38 11.47 251.87  22.12  4  2.12 11.08 259.70  15.61  1.07 12.84 218.64  10.55  0.17 15.51 295.38  12.44  0.07  9.77 331.51   4.78
19920517 030000  0.2 160.9  2.29 11.23 251.60  22.66  4  2.02 11.00 260.15  15.97  1.06 12.72 218.56  10.22  0.14 15.51 300.21  11.08  0.07  9.66 331.29   4.84
19920517 060000  4.9 205.1  2.22 11.22 250.29  23.24  4  1.95 10.95 259.13  17.38  1.06 12.60 218.92  10.47  0.11 15.52 302.81  11.24  0.07  9.61 331.11   4.89
19920517 090000  9.1 185.7  2.23 11.10 245.68  26.39  4  1.96 10.66 253.63  24.37  1.05 12.32 218.40   9.97  0.08 15.51 307.04   9.38  0.06  9.56 331.26   4.86
19920517 120000 11.9 180.4  2.31 10.80 236.36  31.99  4  1.06  4.35 192.93  30.53  1.79 10.46 255.50  18.46  1.01 12.06 216.83   9.17  0.06  9.43 331.65   4.75
19920517 150000 10.2 181.9  2.31 10.42 229.98  33.67  4  1.38  5.25 200.99  32.94  1.46 10.21 259.55  16.18  1.14 11.56 218.05   9.51  0.13 14.51 298.63  10.72
19920517 180000 11.2 192.2  2.29 10.14 226.16  32.21  5  2.11 11.18 218.90  29.80  0.81  9.95 267.59  10.32  0.33 10.02 245.00   0.00  0.15 14.49 296.02  12.02  0.06 19.16 233.81   8.02
19920517 210000 12.2 193.0  2.38  9.79 222.52  30.42  4  2.23 10.78 216.54  27.54  0.81  9.59 264.55  12.13  0.16 14.48 296.79  12.12  0.08 18.97 233.85   7.14
19920518 000000 11.7 189.9  2.46  9.64 219.67  29.84  5  2.34  6.60 215.93  28.12  0.62  9.78 267.87  10.51  0.43 14.44 221.76   9.77  0.16 14.47 297.04  12.95  0.10 18.30 232.94   8.03
19920518 030000  8.4 178.3  2.40  8.53 220.13  28.92  5  2.02  7.77 219.47  31.87  1.21  9.99 216.24  10.96  0.40 10.28 267.17   9.68  0.14 14.46 297.50  13.74  0.12 17.94 232.83   7.96
19920518 060000  5.7 174.0  2.27  8.73 221.66  26.89  6  2.13  8.73 221.05  27.48  0.64 13.34 219.59  10.53  0.34 11.40 215.00   0.02  0.26  9.74 271.55  11.42  0.14 17.85 232.57   7.93  0.13 14.47 301.83  13.58
19920518 090000  4.0 162.5  2.14  8.83 222.59  24.45  5  1.99  8.81 222.18  25.09  0.72 13.34 219.58   9.81  0.21 17.20 231.34   8.70  0.21  9.72 270.77  12.39  0.12 14.48 304.44  13.32
19920518 120000  4.2 182.5  2.00  8.77 222.81  22.55  5  1.80  8.62 221.70  22.69  0.77 13.23 219.99  10.19  0.30  9.39 272.58   9.61  0.24 16.78 231.12   8.63  0.11 14.51 306.59  11.79
19920518 150000  4.1 208.2  1.87  8.63 222.83  21.22  6  1.65  8.51 221.63  21.43  0.76 12.64 220.58  10.16  0.30 16.59 231.47   8.03  0.25  9.22 273.16  10.44  0.10 13.57 299.66  11.07  0.06 15.50 315.06  10.42
19920518 180000  6.8 223.1  1.80  8.52 222.82  20.51  6  1.57  8.44 221.10  20.49  0.72 12.50 220.64  10.27  0.43 16.12 230.09   7.98  0.25  8.95 273.27  10.71  0.11 13.46 298.80  11.90  0.07 15.59 312.05  13.34
19920518 210000  4.9 229.0  1.78 12.42 223.03  20.11  5  1.48  8.54 220.61  19.94  0.79 12.41 221.95  10.91  0.49 15.39 229.12   8.44  0.27  8.84 273.53  10.97  0.15 13.55 301.85  14.00
19920519 000000  4.8 226.0  1.80 11.83 222.77  19.22  6  1.70 11.80 220.60  17.28  0.54 15.25 229.66   9.02  0.23  8.66 272.08   8.27  0.15 13.61 302.92  14.97  0.07 16.49 299.86  11.86  0.05 10.88 303.92  12.33
19920519 030000  2.7 221.7  1.81 11.55 222.06  18.50  5  1.67 11.55 219.64  16.63  0.65 15.16 228.73   8.85  0.21  8.44 272.92  10.02  0.17 13.66 304.46  14.64  0.06 16.62 294.89  10.11
19920519 060000  2.8 227.1  1.76 11.46 221.63  18.04  4  1.61 11.46 218.95  15.87  0.66 14.82 228.72   8.39  0.22  8.26 269.83  10.82  0.18 13.68 304.28  14.52
19920519 090000  3.5 211.6  1.69 11.14 221.51  17.70  4  1.52 11.14 218.74  15.48  0.69 14.45 227.71   8.75  0.20  8.19 269.68  10.54  0.17 13.68 306.10  14.45
19920519 120000  3.9 193.5  1.62 14.27 221.43  17.65  4  1.41 10.98 218.13  15.33  0.76 14.33 227.11   9.01  0.19  7.96 269.71  10.86  0.17 13.66 308.34  13.46
19920519 150000  4.0 236.3  1.56 14.29 221.76  17.75  4  1.34 10.90 218.25  15.27  0.75 14.35 227.59   8.98  0.18 13.63 310.46  12.24  0.16  7.81 270.82  10.44
19920519 180000  5.6 215.3  1.52 14.31 222.12  18.40  4  1.22 10.73 217.57  17.19  0.89 14.35 227.90   9.48  0.16 13.62 311.94  12.14  0.09 11.78 304.04  12.13
19920519 210000  4.9 211.2  1.46 14.24 222.50  19.11  4  1.06 14.27 225.79  10.52  0.98  8.90 215.33  18.34  0.19 13.59 309.52  12.71  0.14  7.58 270.32  10.71
19920520 000000  3.8 195.4  1.40 13.95 223.05  19.58  5  1.38 14.03 221.47  15.70  0.17 13.55 310.92  12.51  0.13  7.44 270.18  11.21  0.09 11.79 302.54  11.53  0.07 21.28 216.21   7.61
19920520 030000  5.9 207.3  1.35 13.58 223.35  20.22  5  1.33 13.60 221.69  16.09  0.18 13.30 311.43  12.12  0.12  7.31 270.97  11.43  0.09 20.53 216.05   7.50  0.09 15.50 300.44   9.79
19920520 060000  6.1 186.0  1.31 13.43 223.08  22.03  4  1.29 13.45 221.54  18.13  0.19 12.86 311.42  12.37  0.12 20.26 215.75   7.55  0.09 15.44 303.80  10.10
19920520 090000  5.5 184.4  1.26 13.29 223.07  23.70  6  0.42  3.02 203.04  35.74  0.95 13.32 228.22  12.23  0.65  8.67 212.55  14.96  0.21 12.78 312.30  11.34  0.16 19.74 215.81   7.55  0.07 15.53 303.06  10.68
19920520 120000  5.0 177.2  1.19 13.08 223.42  24.93  6  0.40  3.05 200.47  36.68  0.90 13.15 228.82  12.76  0.59  8.42 211.99  14.53  0.21 12.76 312.94  10.79  0.21 19.11 215.32   7.59  0.07 15.49 302.50  11.23
19920520 150000  4.1 199.3  1.12 12.76 224.91  25.18  4  0.86 12.77 229.54  13.68  0.63  8.18 209.57  24.09  0.26 18.83 215.10   7.48  0.22 12.74 311.84  11.29
19920520 180000  5.0 215.3  1.08 12.61 226.43  25.42  4  0.81 12.59 231.43  15.38  0.58  7.94 211.31  22.64  0.35 18.06 214.51   7.73  0.23 12.72 311.31  11.56
19920520 210000  5.5 211.8  1.10 12.51 227.85  26.31  7  0.36  2.75 213.66  32.18  0.76 12.49 229.80  14.94  0.43 17.70 214.35   7.67  0.43  7.78 212.92  16.19  0.27 10.96 265.49   7.39  0.21 12.66 314.81   9.09  0.10 14.56 298.24   9.28
19920521 000000  1.1 169.5  1.12 12.41 229.52  27.33  6  0.66 12.46 227.14  13.17  0.56 17.31 214.08   7.71  0.49  7.61 213.29  25.35  0.45 10.92 262.75   8.97  0.21 12.54 315.50   8.45  0.10 14.54 298.57   8.96
19920521 030000  1.9 235.6  1.16 16.66 230.58  27.48  6  0.69 16.69 214.22   7.70  0.61 12.30 226.46  12.54  0.51 10.56 264.69   7.76  0.42  7.49 213.26  25.03  0.21 12.39 315.92   8.54  0.15 14.63 289.79  17.41
19920521 060000  1.4 243.5  1.24 16.38 230.83  27.25  5  0.81 16.41 214.55   7.96  0.68 11.99 221.89  17.53  0.59 10.40 265.02   7.95  0.21 12.25 315.82   8.59  0.12 14.55 298.85  13.54
19920521 090000  1.8 179.5  1.32 16.16 230.79  26.85  6  0.93 16.18 214.62   7.80  0.68 10.33 264.00   9.42  0.50 11.85 222.77  12.05  0.32  7.30 214.17  23.17  0.21 12.12 315.35   8.76  0.09 14.52 307.33   8.89
19920521 120000  3.9  27.9  1.39 15.76 231.03  26.54  4  1.04 15.81 215.08   7.84  0.73 10.35 263.96  10.12  0.52 11.67 220.72  17.77  0.23 12.02 314.73   8.72
19920521 150000  4.7 342.7  1.49 15.48 233.10  30.81  3  1.24 15.52 217.84  21.15  0.79 11.51 265.84  16.11  0.23 11.92 313.77   9.51
19920521 180000  4.5 319.2  1.58 15.33 234.68  30.81  5  1.26 15.36 216.82   9.19  0.91 10.80 270.91  23.45  0.23 11.81 313.91   9.34  0.20  7.11 205.40  14.80  0.07  9.73 194.52   2.15
19920521 210000  3.2 292.2  1.68 15.27 234.78  30.08  3  1.35 15.28 216.63   9.45  0.98 10.49 269.67  22.32  0.23 11.74 313.49   9.57
19920522 000000  3.6 319.3  1.77 15.22 233.52  29.18  4  1.43 15.23 215.72   8.88  1.02 10.38 268.42  20.05  0.20 11.64 316.20   8.74  0.13 13.51 305.97   8.35
19920522 030000  2.0 311.0  1.86 15.10 231.56  28.34  5  1.36 15.08 216.51   9.27  1.03 10.24 268.08  18.43  0.71 17.79 210.31   6.99  0.19 11.62 316.42   8.59  0.15 13.53 302.04  10.93
19920522 060000  1.5  39.7  1.95 14.80 229.40  27.47  4  1.64 14.82 214.54   9.44  1.04 10.08 267.36  17.57  0.19 11.59 316.43   8.25  0.13 13.54 305.86   8.88
19920522 090000  0.4 125.3  2.03 14.72 227.67  26.71  4  1.36 14.41 215.95   9.57  1.06  9.81 266.25  17.98  1.06 16.70 210.15   7.56  0.19 11.57 316.27   8.12
19920522 120000  2.8 155.6  2.09 14.74 226.36  26.12  5  1.32 14.25 216.02   9.17  1.20 16.01 209.72   7.88  1.07  9.62 264.28  17.84  0.18 11.52 316.13   8.23  0.12 13.53 303.44  11.34
19920522 150000  3.9 134.1  2.15 14.85 224.39  25.95  4  1.86 14.85 212.98   9.41  1.06  9.45 262.49  24.07  0.18 11.46 315.15   8.90  0.10 13.57 306.19  11.45
19920522 180000  5.0 206.0  2.22 14.92 222.71  24.36  3  1.97 14.93 213.02   9.70  1.01  9.37 262.35  22.54  0.19 11.26 314.76   8.94
19920522 210000  7.3 203.1  2.28 14.85 220.63  23.21  4  1.85 14.86 212.04   9.48  1.02  9.06 255.46  27.98  0.83  9.05 216.19  11.34  0.19 11.22 314.17   9.44
19920523 000000  6.9 197.2  2.25 14.62 218.59  22.70  5  1.83 14.63 211.37   9.23  0.95  8.90 253.03  29.82  0.88  8.54 214.12  15.63  0.14 10.90 318.06   7.28  0.14 12.63 304.14  12.14
19920523 030000  6.5 178.6  2.16 14.46 216.49  22.46  5  0.94  8.27 208.64  21.34  1.80 14.47 210.89   9.25  0.73  8.88 265.94  13.65  0.14 12.64 302.27  12.40  0.13 10.88 317.74   7.37
19920523 060000  5.5 164.6  2.07 14.36 214.89  21.91  5  1.78 14.36 210.47   9.24  0.83  7.83 205.62  23.90  0.64  8.39 265.78  13.42  0.13 10.89 317.46   7.14  0.13 12.68 300.79  12.13
19920523 090000  4.0 151.0  1.97 14.25 214.03  20.79  5  1.74 14.26 210.33   9.22  0.73  7.41 206.84  25.81  0.54  8.15 266.09  13.34  0.13 12.65 301.76  12.13  0.13 10.86 317.75   7.25
19920523 120000  1.7 163.5  1.89 14.10 213.61  19.38  4  1.83 14.11 210.29  12.39  0.45  8.24 267.78  11.90  0.13 12.65 301.69  12.68  0.13 10.86 317.53   7.35
19920523 150000  0.9 259.5  1.82 13.84 213.37  18.22  4  1.77 13.85 210.47  11.34  0.40  8.17 267.79  11.78  0.13 12.64 303.20  12.02  0.12 10.85 317.41   7.49
19920523 180000  2.8 226.9  1.75 13.65 213.21  17.40  5  1.71 13.66 210.66  10.69  0.35  7.85 268.14  11.71  0.12 10.84 317.41   7.48  0.11 12.63 303.54  12.54  0.06 16.60 306.61   8.76
19920523 210000  3.7 224.3  1.69 13.50 213.17  16.95  4  1.68 13.51 212.60  14.68  0.13 10.92 315.87   8.37  0.09 12.66 304.91  12.35  0.07 16.59 306.00   9.22
19920524 000000  0.7 161.6  1.61 13.38 213.10  16.62  5  1.58 13.39 211.10  10.85  0.27  7.65 269.19  11.04  0.12 10.82 315.15   8.87  0.09 12.55 307.01  13.36  0.06 16.59 305.29   9.59
19920524 030000  6.1 356.8  1.55 13.27 213.84  24.22  5  1.52 13.28 211.93  19.95  0.26  7.50 280.03  37.53  0.11 10.78 315.69   8.71  0.09 12.42 305.38  12.86  0.06 16.59 304.24  10.13
19920524 060000  8.5 327.1  1.55 13.13 222.94  40.43  5  0.65  3.38 325.84  32.36  1.39 13.15 210.90   9.11  0.20  7.35 269.18  10.34  0.14 11.87 309.25  13.92  0.05 16.52 303.52  10.79
19920524 090000  8.7 352.4  1.57 12.81 238.58  50.62  4  0.93  4.30 319.37  34.27  1.25 12.83 210.94   8.85  0.15 11.85 304.35  18.20  0.05 15.82 305.52   9.37
19920524 120000  8.7 355.8  1.70 12.63 264.30  53.06  5  1.27  5.59 311.16  35.49  1.11 12.65 211.03   8.53  0.14 11.83 309.23  12.93  0.07 15.55 305.11  11.15  0.07 11.77 263.91   7.31
19920524 150000  8.2   0.1  1.90 12.53 269.41  45.65  4  1.60  7.52 292.92  35.30  1.00 12.55 211.62   8.88  0.13 11.77 307.94  11.75  0.09 15.53 306.85   8.51
19920524 180000  7.1 324.1  2.00  8.50 269.32  38.89  4  1.77  8.40 284.08  30.25  0.92 12.45 212.26   9.38  0.14 11.78 300.66  11.00  0.09 15.51 306.30   8.95
19920524 210000  7.0 334.5  2.06  8.78 271.67  35.63  4  1.88  8.67 282.58  27.78  0.83 12.24 212.38   9.44  0.09 15.51 306.58   8.65  0.07 20.49 229.02   9.02
19920525 000000  8.3 350.3  2.11  9.28 274.43  34.87  5  1.97  9.06 282.96  28.47  0.70 11.91 211.86   9.67  0.30 14.64 217.55   8.42  0.09 20.31 229.22   8.88  0.09 15.49 306.34   8.77
19920525 030000  8.3   7.3  2.17  9.54 277.12  36.31  5  2.05  9.41 284.25  31.50  0.63 11.77 212.06  10.04  0.31 14.38 218.77   8.09  0.13 19.61 228.83   9.07  0.08 15.48 307.53   8.04
19920525 060000  5.3 349.6  2.17  9.53 274.95  34.52  5  2.05  9.45 281.54  30.12  0.57 11.62 212.38  10.13  0.37 13.70 220.62  11.08  0.16 19.06 229.14   9.42  0.08 15.30 306.96   8.29
19920525 090000  5.4 355.6  2.11  9.49 271.43  32.14  5  1.98  9.42 278.19  27.35  0.60 11.54 213.34  10.36  0.34 13.77 220.29  10.32  0.20 18.96 229.09   9.21  0.09 14.69 305.94   8.31
19920525 120000  6.9   2.0  2.04  9.41 269.54  32.57  6  1.90  9.31 276.94  27.69  0.57 11.40 211.33   9.08  0.38 13.43 221.37   9.49  0.23 18.47 229.18   9.52  0.09 14.58 306.99   7.94  0.05 23.54 220.04   8.02
19920525 150000  6.5 356.9  1.98  9.25 267.55  33.65  5  1.80  9.14 277.68  28.28  0.79 11.52 218.77  12.44  0.27 17.83 229.86   9.26  0.11 14.53 307.68   8.00  0.07 23.01 220.98   7.95
19920525 180000  6.1 331.6  2.00  9.25 263.54  34.04  4  1.72  8.98 277.86  28.03  0.96 11.17 222.16  12.76  0.32 17.73 229.49   9.37  0.12 14.48 306.67   9.08
19920525 210000  9.0 320.7  2.13 10.23 262.47  35.84  5  1.69  8.92 284.18  27.82  1.23 10.78 225.48  14.11  0.35 17.48 229.62   9.20  0.12 14.47 307.11   8.98  0.09 22.10 220.47   8.33
19920526 000000  8.9 331.7  2.23  9.90 264.89  39.30  5  1.74  8.66 291.18  30.30  1.33 10.25 226.10  15.54  0.39 16.71 229.63   9.22  0.13 21.38 221.58   8.36  0.12 14.43 305.57  10.03
19920526 030000  6.6 309.6  2.17  9.56 263.84  41.20  5  1.70  8.77 291.64  32.05  1.27  9.81 222.30  14.37  0.42 16.56 229.57   9.24  0.14 21.01 220.56   8.39  0.11 14.40 304.93  10.18
19920526 060000  4.1 231.1  2.04  9.25 260.57  42.12  5  1.55  8.64 292.16  32.78  1.22  9.54 220.58  14.50  0.45 16.40 229.25   8.96  0.19 20.15 220.76   8.01  0.09 14.40 305.34   9.47
19920526 090000  7.8 190.8  1.95  9.03 249.55  41.66  6  1.25  9.17 218.12  20.56  1.29  8.45 293.37  30.01  0.52 15.64 228.50   8.89  0.51 12.56 221.59   9.87  0.22 19.76 220.62   8.03  0.09 14.32 305.83   8.91
19920526 120000  6.5 172.2  1.92  8.93 239.86  39.12  7  0.81  4.89 211.05  31.22  1.14  8.58 287.92  28.50  0.85  9.24 216.68  12.91  0.78 12.47 217.13  10.52  0.57 15.34 228.72   8.70  0.24 19.34 221.11   8.49  0.10 13.88 306.82   8.34
19920526 150000  2.6 148.3  1.89 12.40 235.13  35.56  6  1.16 12.30 216.61  12.06  1.00  8.56 286.14  26.07  0.84  5.36 213.19  29.82  0.66 15.11 229.81   8.34  0.30 18.83 221.51   8.53  0.12 13.62 306.99   8.89
19920526 180000  3.9 204.5  1.84 11.86 233.17  32.64  6  1.17 11.89 217.18  11.90  0.89  8.80 284.43  23.88  0.83  5.69 217.14  28.07  0.63 14.60 230.62   8.36  0.33 18.34 220.15   8.46  0.13 13.54 306.16   9.80
19920526 210000  5.8 220.4  1.76 11.56 232.33  30.57  5  1.40 11.60 218.78  18.45  0.79  8.83 284.12  21.22  0.62 14.22 229.46   9.92  0.33 18.10 221.89   9.37  0.13 13.54 306.67   9.63
19920527 000000  7.9 192.5  1.72 11.04 229.44  29.88  5  1.42 11.09 217.84  20.34  0.71  8.74 282.45  19.32  0.53 14.26 230.36   9.52  0.40 17.71 221.09   9.85  0.12 13.54 306.41  10.14
19920527 030000  6.9 198.0  1.72 10.72 226.44  29.27  7  0.99  5.15 215.28  29.59  1.04 10.76 218.64  12.75  0.63  8.76 281.44  17.67  0.52 14.09 228.08  10.79  0.43 17.17 219.51   9.26  0.11 13.55 305.99  10.16  0.05 17.79 259.65   7.58
19920527 060000  7.6 206.4  1.71 16.78 225.13  27.85  7  1.07  5.80 218.81  29.04  0.95 10.62 217.16  12.98  0.58 13.60 225.86  12.99  0.55  8.55 280.94  15.84  0.47 16.80 219.31   9.66  0.10 13.55 306.02  10.23  0.08 17.01 254.88   7.84
19920527 090000  7.0 203.5  1.77 16.53 223.86  26.10  6  1.17  6.73 221.41  27.43  0.99 10.82 215.56  13.84  0.55 16.53 218.56  12.12  0.50 13.31 229.36   9.12  0.47  8.41 281.56  14.51  0.09 13.55 306.18  10.12
19920527 120000  7.8 208.3  1.86 15.99 222.53  24.44  8  1.30  7.64 223.84  26.24  0.96 11.17 215.54  13.56  0.58 16.09 216.57  10.93  0.50 13.54 227.36  11.42  0.37  8.28 281.99  13.69  0.31 13.48 196.99   4.99  0.10 13.51 306.13   9.66  0.08 16.65 258.79   6.41
19920527 150000  7.5 213.3  1.95 15.62 221.03  23.56  7  1.45  8.09 223.23  24.85  1.01 11.59 210.24  12.82  0.64 15.72 218.04  12.44  0.38 13.17 231.85   7.38  0.33  8.41 279.85  11.53  0.11 13.39 307.16   9.57  0.09 16.64 259.17   7.48
19920527 180000  8.5 210.6  2.00 15.46 219.49  23.32  6  1.52  7.97 222.22  25.26  1.00 12.55 210.60  13.24  0.76 15.46 217.51  14.68  0.25  8.04 282.25  10.07  0.19 12.66 225.00   0.03  0.12 13.04 307.40  10.16
19920527 210000  8.1 212.6  1.99 15.23 218.69  23.30  6  1.52  7.45 222.09  26.11  0.89 12.27 207.26  11.86  0.80 15.29 215.28  13.99  0.42 13.28 230.93  10.88  0.14  8.07 281.92  12.48  0.11 12.81 307.07   9.93
19920528 000000  5.9 223.6  1.87 14.70 218.55  23.09  5  1.36  7.37 222.27  26.05  0.94 12.44 209.34  12.84  0.85 14.81 218.08  16.08  0.16  7.79 281.67  11.55  0.11 12.76 306.67  10.23
19920528 030000  5.2 228.5  1.74 14.51 218.65  22.57  5  1.18  7.06 224.28  25.94  0.98 12.58 210.97  14.90  0.81 14.67 216.44  15.69  0.12  7.75 282.40  13.41  0.11 12.73 306.30  10.70
19920528 060000  5.1 215.3  1.64 14.37 218.57  22.05  4  1.05  7.13 225.42  26.07  0.91 12.39 207.82  11.97  0.87 14.48 220.15  17.26  0.10 12.72 306.54  10.75
19920528 090000  4.2 202.4  1.57 14.19 218.44  21.68  5  1.23 14.11 212.31  14.05  0.92  7.17 225.75  26.23  0.29 14.49 252.82   5.65  0.09 12.72 305.17  10.92  0.05 10.78 311.53  10.73
19920528 120000  5.5 216.7  1.51 13.74 218.45  21.34  5  1.47 13.71 216.20  19.33  0.33 13.90 251.80   5.81  0.10  7.75 278.28  11.94  0.09 12.72 305.76  10.13  0.06 10.91 307.63  12.80
19920528 150000  4.8 215.5  1.47 13.52 218.47  21.27  5  1.09 13.53 210.63  13.18  0.92  7.69 224.67  23.73  0.35 13.52 251.20   6.25  0.09 12.70 304.86   9.96  0.06 10.94 309.10  12.12
19920528 180000  5.3 241.9  1.43 13.38 218.93  21.25  4  1.01 13.40 210.63  13.14  0.95  7.86 223.61  22.90  0.35 13.35 250.54   5.94  0.11 12.66 305.10  11.13
19920528 210000  4.2 234.9  1.38 13.21 219.21  21.36  4  0.97 13.25 210.82  13.15  0.91  7.73 223.77  22.94  0.34 13.14 250.99   6.21  0.09 12.59 307.39   9.84
19920529 000000  3.1 223.7  1.30 12.89 218.93  21.10  5  0.95 12.96 211.05  12.66  0.81  7.60 223.43  23.08  0.34 12.80 250.52   5.84  0.09 12.47 307.53  10.32  0.06 14.58 293.69   8.05
19920529 030000  1.9 138.7  1.22 12.68 218.65  20.72  5  0.92 12.71 211.15  12.94  0.72  7.66 223.30  22.31  0.33 12.64 250.40   5.95  0.09 12.26 307.62  10.33  0.05 14.59 293.50   8.07
19920529 060000  3.2  89.5  1.14 12.51 218.57  20.41  3  1.10 12.42 216.18  18.10  0.27 12.62 251.44   5.65  0.09 12.05 307.91  10.29
19920529 090000  3.2  69.2  1.07 12.31 218.06  25.00  3  1.01 12.05 214.02  22.72  0.34 12.51 248.92   9.81  0.08 11.98 306.71   9.94
19920529 120000  2.2  17.6  0.98 12.04 219.02  23.67  3  0.93 12.03 215.29  21.02  0.29 12.07 251.03   8.61  0.08 11.95 306.35  10.75
19920529 150000  3.3   9.0  0.90 11.90 220.74  29.85  3  0.86 12.14 216.87  28.39  0.26 11.76 251.16   6.49  0.09 11.93 302.97  11.37
19920529 180000  3.6 321.1  0.83 11.82 223.65  29.31  4  0.79 11.90 219.96  27.83  0.23 11.80 251.61   5.81  0.07 11.89 307.50   9.93  0.07 14.15 289.70  11.48
19920529 210000  3.8 308.5  0.82 11.75 228.36  30.40  6  0.65 10.95 224.20  35.01  0.42 12.77 225.44  10.66  0.27 11.53 248.15   7.42  0.08 11.87 309.19  10.92  0.07 13.84 289.57  10.78  0.05 17.68 208.33   6.64
19920530 000000  5.3 318.6  0.95 11.58 234.69  31.52  6  0.79 10.73 235.48  35.68  0.50 12.04 231.95  13.40  0.10 16.86 204.09   4.84  0.07 11.84 309.49  10.89  0.07 13.76 289.84  10.02  0.06 17.96 249.30   5.81
19920530 030000  6.0   2.4  1.16 11.18 240.01  35.99  7  0.82  7.78 265.48  36.22  0.61 10.83 210.75  11.35  0.43 12.25 228.01  10.67  0.23 16.03 203.37   5.12  0.22 10.94 250.79   6.11  0.07 11.80 309.26  10.81  0.07 13.81 289.66   9.59
19920530 060000  6.5 350.5  1.39 10.97 246.11  42.74  7  1.02  7.31 277.98  41.35  0.68  9.93 211.73  11.86  0.43 15.23 205.56   6.65  0.40 12.03 230.48   8.53  0.24 10.88 253.23  12.39  0.09 17.24 246.48   9.48  0.06 11.74 308.63  10.78
19920530 090000  7.4   3.0  1.57 14.10 248.81  45.95  8  1.15  7.74 286.84  42.05  0.76 10.15 214.27  15.61  0.61 14.29 206.19   7.55  0.38 12.28 235.52   9.03  0.14 11.06 245.00   0.00  0.13 16.67 243.09  10.19  0.06 14.11 289.85  10.85  0.06 11.67 309.31   8.68
19920530 120000  6.2   0.7  1.64 13.57 244.20  45.10  3  1.19  6.15 283.16  41.81  0.96 13.57 214.50  17.60  0.61 10.08 208.48   8.34
19920530 150000  5.0 347.2  1.64 13.17 237.74  41.49  2  1.20 13.17 212.13  14.61  1.11  8.31 277.73  39.83
19920530 180000  4.2 330.5  1.59 12.66 234.05  37.97  2  1.17 12.66 210.86  13.05  1.08  8.95 268.79  37.46
19920530 210000  4.4 303.9  1.49 12.41 233.23  34.97  2  1.11 12.41 211.84  12.79  1.00  8.50 264.83  34.19
19920531 000000  3.7 312.6  1.38 12.31 234.02  32.43  4  0.95 11.88 211.13  11.36  0.93  8.95 260.83  31.27  0.32 13.04 237.31   8.90  0.08 13.02 294.87  13.60
19920531 030000  1.9  40.1  1.30 12.03 234.78  29.99  4  0.89  8.92 258.06  28.57  0.88 11.67 212.82  11.54  0.33 12.96 237.17   9.44  0.08 13.13 292.95  15.00
19920531 060000  2.3 169.6  1.38 11.59 233.38  26.65  3  1.33 11.52 232.88  27.26  0.36 12.83 237.50  10.76  0.07 13.26 296.00  14.08
19920531 090000  5.2 140.4  1.65 11.55 229.48  24.55  2  1.65 11.55 229.35  24.39  0.06 13.34 293.58  14.18
19920531 120000  5.2 158.6  2.00 11.58 227.47  22.21  2  2.00 11.58 227.42  22.13  0.06 16.62 300.35  10.71
19920531 150000  6.2 165.9  2.32 11.60 226.91  20.31  2  2.32 11.60 226.87  20.24  0.06 16.60 300.97  10.86
19920531 180000  7.8 195.2  2.55 11.90 226.32  19.17  4  0.53  3.10 186.43  32.87  2.49 11.90 227.73  16.55  0.05 16.60 305.22   8.87  0.05 21.73 236.33   9.55
19920531 210000  8.9 192.6  2.74 12.63 225.43  19.16  1  2.74 12.63 225.43  19.16
19920601 000000  8.7 186.6  2.85 12.80 224.63  19.78  2  0.87  4.25 195.29  29.66  2.71 12.80 227.22  16.13
