Date     Time   Uabs UDir  hs    tp    th     sp     np hs(i) tp(i) th(i)  sp(i)
20080401 000000  8.1 198.9  2.73 15.13 223.72  20.09  3  1.64  6.44 217.43  26.89  2.17 15.15 226.29  10.93  0.24 14.50 312.74  10.21
20080401 030000  7.5 184.7  2.63 14.84 223.82  20.13  3  1.50  6.50 216.30  27.53  2.15 14.90 226.44  11.31  0.24 14.42 313.15  10.19
20080401 060000  8.2 186.1  2.53 14.47 224.08  19.90  3  1.37  6.46 215.37  27.36  2.12 14.48 226.66  11.70  0.24 14.29 313.66  10.09
20080401 090000  7.1 183.1  2.48 14.43 224.38  19.96  4  1.31  6.44 215.04  27.46  2.10 14.45 226.90  12.03  0.23 13.88 314.09  10.06  0.06 16.61 315.16   8.02
20080401 120000  6.6 182.3  2.43 14.76 225.53  19.36  4  1.25  6.66 217.83  26.44  2.07 14.83 227.30  12.41  0.23 13.65 314.62   9.68  0.06 16.61 315.34   8.10
20080401 150000  5.8 203.3  2.41 15.22 226.51  18.82  4  1.30  7.33 222.21  24.81  2.01 15.23 227.35  12.41  0.23 13.59 314.67   9.74  0.06 16.63 315.80   7.58
20080401 180000  8.5 222.5  2.44 15.13 226.99  18.67  3  1.41  7.37 224.22  23.51  1.97 15.14 227.51  12.45  0.24 13.55 314.78   9.73
20080401 210000  8.9 210.8  2.52 14.61 226.58  19.61  3  1.56  7.03 223.69  24.66  1.96 14.62 227.46  12.31  0.24 13.49 314.85   9.68
20080402 000000  5.7 198.2  2.53 14.41 226.31  20.42  4  1.61  6.88 223.58  25.83  1.94 14.42 227.19  12.23  0.21 13.40 315.25   9.70  0.11 15.50 314.81   7.91
20080402 030000  6.2 197.9  2.47 14.28 226.40  20.19  4  1.55  7.07 224.01  25.71  1.91 14.29 226.99  12.07  0.20 13.28 315.46   9.59  0.11 15.51 314.92   8.14
20080402 060000  5.5 181.4  2.39 14.03 226.49  19.74  4  1.87 14.05 226.82  11.71  1.48  7.36 224.41  25.37  0.20 13.01 315.54   9.52  0.11 15.50 315.47   8.24
20080402 090000  3.3 189.5  2.31 13.63 226.82  19.05  3  1.79 13.65 226.63  11.49  1.43  7.69 225.61  23.90  0.23 12.80 315.63   9.19
20080402 120000  5.4 193.8  2.25 13.48 226.89  18.59  3  1.70 13.49 225.67  10.73  1.45  8.09 227.14  22.55  0.23 12.72 315.53   9.36
20080402 150000  3.1 204.8  2.22 13.40 226.68  18.35  4  1.72 13.41 226.24  11.16  1.40  8.55 225.61  21.90  0.19 12.67 316.18   9.24  0.14 14.58 314.76   8.35
20080402 180000  6.7 235.4  2.23 13.34 226.65  18.05  4  1.49  8.78 226.81  20.58  1.64 13.35 225.26  10.36  0.19 12.60 316.59   9.19  0.15 14.54 314.35   8.51
20080402 210000  6.1 211.9  2.26 13.24 226.06  18.17  4  1.72 13.28 225.49  10.57  1.45  8.75 225.18  21.49  0.19 12.57 316.73   9.07  0.16 14.56 314.45   8.45
20080403 000000  4.3 206.4  2.30 13.11 225.35  17.87  5  1.47 13.30 226.36  10.52  1.43  8.68 224.12  21.83  1.01 16.05 222.29   8.60  0.18 12.54 316.78   9.13  0.15 14.61 314.28   8.50
20080403 030000  2.8 179.5  2.33 15.56 225.11  17.13  3  1.87 15.57 224.86   9.70  1.37  8.55 223.79  21.78  0.24 12.55 315.76   9.02
20080403 060000  3.2 212.9  2.37 15.33 225.20  16.38  3  1.98 15.33 224.97   9.44  1.27  8.41 223.65  21.84  0.24 12.74 315.83   8.91
20080403 090000  2.7 203.2  2.39 14.73 225.45  15.89  2  2.38 14.73 224.82  13.54  0.25 13.47 315.87   8.68
20080403 120000  0.7 266.7  2.41 14.39 225.86  15.65  2  2.39 14.40 225.19  13.11  0.26 13.56 315.82   8.60
20080403 150000  2.4 291.3  2.41 13.87 226.20  15.56  2  2.40 13.89 225.50  12.88  0.26 13.62 315.74   8.60
20080403 180000  4.0 280.7  2.39 13.66 226.70  15.96  2  2.37 13.66 225.97  13.27  0.27 13.69 315.60   8.64
20080403 210000  3.6 263.2  2.33 13.58 227.09  16.05  2  2.31 13.57 226.31  13.23  0.27 13.79 315.52   8.67
20080404 000000  2.7 152.2  2.26 13.57 227.49  16.08  3  2.24 13.55 226.65  13.07  0.22 15.07 314.54   8.13  0.16 11.86 317.39   9.34
20080404 030000  1.8 173.6  2.19 13.64 228.02  16.28  2  2.18 13.63 227.12  13.04  0.27 14.66 315.55   8.60
20080404 060000  3.9 191.4  2.14 13.70 228.51  17.03  3  2.12 13.70 227.51  13.68  0.22 12.94 316.48   8.31  0.17 14.79 313.99   8.59
20080404 090000  4.6 182.5  2.09 13.66 229.21  17.82  3  2.07 13.66 228.10  14.35  0.23 12.92 316.29   8.31  0.17 14.66 314.12   8.52
20080404 120000  5.2 173.2  2.05 13.59 229.94  18.70  2  2.03 13.58 228.74  15.21  0.29 14.26 315.41   8.44
20080404 150000  4.8 208.2  2.04 13.49 230.78  18.99  3  2.02 13.48 229.55  15.50  0.29 14.28 315.34   8.36  0.07 21.94 220.88   5.93
20080404 180000  7.2 220.9  2.09 13.39 231.16  19.37  3  2.07 13.38 230.02  16.21  0.29 14.28 315.26   8.38  0.13 20.97 220.05   6.15
20080404 210000  7.2 211.3  2.18 13.27 230.37  20.44  4  1.52 12.83 221.22  11.08  1.40 13.38 241.75  12.77  0.29 14.24 315.26   8.40  0.24 20.14 220.12   6.27
20080405 000000  5.7 201.6  2.33 13.11 228.73  21.68  5  1.52  7.50 221.44  23.10  1.30 12.82 223.00   9.56  1.09 13.25 247.18   7.34  0.37 19.31 220.60   6.83  0.29 14.07 315.33   8.34
20080405 030000  7.6 192.2  2.45 12.83 227.49  22.69  5  1.71  7.49 221.19  24.42  1.45 13.29 227.85  12.52  0.74 12.70 252.48   5.68  0.58 18.40 221.59   7.71  0.29 13.51 315.40   8.31
20080405 060000  6.3 188.5  2.49 12.62 227.11  23.05  5  1.77  7.57 221.66  24.87  1.10 12.48 246.15   8.76  1.06 13.13 219.82   8.44  0.79 17.63 221.07   7.62  0.29 13.45 315.35   8.35
20080405 090000  4.7 188.4  2.45 12.46 227.71  22.36  5  1.67  7.65 223.45  24.50  1.05 12.48 221.02   9.10  1.02 16.90 221.37   8.06  0.99 12.41 248.27   8.62  0.30 13.44 315.18   8.50
20080405 120000  5.8 187.7  2.43 16.29 227.88  21.49  5  1.52  7.85 223.73  23.88  1.24 16.30 221.83   8.18  1.19 12.55 226.70  12.65  0.74 11.97 255.16   6.50  0.30 13.44 314.93   8.80
20080405 150000  5.9 204.2  2.43 15.58 227.55  20.84  5  1.47  8.04 223.90  23.35  1.40 15.59 221.80   8.31  0.94 12.10 249.41   9.52  0.90 11.98 220.88   8.98  0.30 13.44 315.01   8.50
20080405 180000  9.0 206.7  2.52 15.12 226.32  20.85  4  1.58  8.02 222.45  23.52  1.77 15.13 222.50   9.17  0.79 11.71 252.28   8.93  0.30 13.43 314.95   8.62
20080405 210000 10.6 206.4  2.74 14.48 224.24  21.91  4  1.88  7.17 219.13  24.41  1.81 14.50 222.76   9.16  0.76 11.67 254.53   7.72  0.29 13.36 314.93   8.75
20080406 000000  8.3 196.3  2.90 14.16 223.17  23.45  4  2.17  7.35 219.52  26.70  1.81 14.17 223.38   9.36  0.58 11.41 255.17   7.20  0.29 13.12 314.98   8.82
20080406 030000  9.0 186.8  2.82 13.63 222.94  24.34  4  2.10  7.49 219.20  28.23  1.78 13.65 223.57   9.48  0.51 11.27 255.42   7.78  0.28 12.75 314.96   8.93
20080406 060000  9.8 182.2  2.60 13.38 222.53  25.03  4  1.84  7.30 216.57  29.73  1.75 13.40 224.31   9.90  0.48 11.00 257.58   6.77  0.28 12.69 315.17   8.60
20080406 090000  8.7 181.2  2.42 13.20 222.15  25.61  4  1.58  6.79 211.62  30.66  1.78 13.22 226.49  12.50  0.35 11.06 261.33   4.97  0.28 12.69 315.18   8.51
20080406 120000  7.8 178.2  2.28 12.90 222.78  25.50  4  1.39  6.31 210.44  31.10  1.75 12.93 226.74  13.18  0.34 11.03 261.28   4.93  0.27 12.70 315.18   8.40
20080406 150000  8.1 198.6  2.18 12.78 223.84  24.59  3  1.31  6.13 214.18  30.92  1.73 12.79 227.28  14.00  0.27 12.71 315.18   8.41
20080406 180000 10.0 215.1  2.30 12.72 224.15  23.37  3  1.56  6.14 219.66  27.52  1.67 12.72 226.21  13.71  0.27 12.73 315.16   8.53
20080406 210000 10.3 204.1  2.63 12.65 223.31  23.53  4  2.03  6.97 221.70  26.51  1.63 12.65 223.12  11.34  0.27 10.39 262.46   6.10  0.26 12.74 315.10   8.80
20080407 000000  7.0 207.2  2.91 12.45 222.57  23.41  3  2.36  8.08 222.46  26.24  1.69 12.44 221.46  11.37  0.26 12.74 315.59   8.23
20080407 030000  7.3 199.7  3.00 12.13 222.15  22.77  3  2.98 12.11 221.76  21.80  0.25 12.67 315.74   8.21  0.21 18.91 213.73   7.24
20080407 060000  6.7 197.0  2.94 11.93 222.01  21.93  3  2.88 11.91 221.94  21.08  0.51 17.34 211.19   7.71  0.24 12.53 315.87   8.16
20080407 090000  6.7 191.8  2.92 11.95 221.09  20.70  3  2.75 11.92 221.81  20.32  0.96 16.36 212.08   8.47  0.24 12.44 316.00   8.11
20080407 120000  8.7 183.1  3.08 15.78 218.87  19.52  3  2.64 12.11 220.54  20.53  1.58 15.83 213.21   8.96  0.23 12.42 315.85   8.56
20080407 150000  8.6 201.6  3.30 15.39 217.91  18.05  2  3.30 15.39 217.63  17.10  0.23 12.42 316.03   8.39
20080407 180000 10.6 212.6  3.56 15.15 217.92  17.77  2  3.55 15.15 217.70  16.98  0.22 12.42 316.27   8.08
20080407 210000 11.1 205.9  3.70 14.90 218.11  18.37  3  2.17  7.50 218.94  25.91  3.00 14.90 217.42  11.21  0.21 12.41 316.14   8.38
20080408 000000 10.6 192.5  3.79 14.81 217.37  19.27  3  2.31  7.77 216.14  26.98  3.00 14.81 217.76  11.19  0.21 12.36 316.34   8.11
20080408 030000 10.1 182.2  3.77 14.97 216.55  19.67  3  2.30  8.10 213.85  27.57  2.98 14.97 217.75  11.32  0.20 12.22 316.44   8.02
20080408 060000  9.3 171.8  3.66 15.24 216.36  19.33  2  3.65 15.24 216.20  18.82  0.19 11.99 316.45   8.11
20080408 090000  7.5 171.9  3.51 15.26 216.54  18.40  2  3.51 15.26 216.38  17.85  0.18 11.86 316.48   8.11
20080408 120000  5.1 166.0  3.39 15.20 216.83  17.19  2  3.38 15.20 216.67  16.59  0.18 11.80 315.91   9.08
20080408 150000  7.3 194.4  3.30 15.12 217.05  16.01  2  3.29 15.12 216.89  15.35  0.17 11.76 316.06   8.83
20080408 180000  9.7 207.7  3.31 15.08 216.75  15.97  2  3.31 15.08 216.60  15.35  0.17 11.73 316.22   8.53
20080408 210000 10.3 207.6  3.41 15.07 216.72  16.92  2  3.40 15.08 216.59  16.40  0.16 11.70 316.32   8.34
20080409 000000  7.9 200.0  3.46 15.11 216.67  17.75  3  1.95  7.35 218.74  26.12  2.85 15.11 215.61  10.85  0.16 11.65 316.27   8.47
20080409 030000  7.0 198.2  3.39 15.14 216.69  17.70  3  3.39 15.14 216.53  17.15  0.16 11.58 316.54   8.01  0.09 19.03 300.16   9.44
20080409 060000  5.5 199.1  3.27 15.15 216.51  17.14  2  3.27 15.15 216.45  16.97  0.10 19.01 303.74  12.13
20080409 090000  5.3 188.8  3.13 15.15 216.30  16.47  2  3.13 15.15 216.25  16.29  0.10 19.01 303.72  12.20
20080409 120000  6.7 187.0  3.00 15.13 216.03  16.00  2  3.00 15.13 215.97  15.78  0.10 18.97 307.87  12.80
20080409 150000  6.5 197.6  2.90 15.09 215.73  15.81  1  2.90 15.09 215.73  15.81
20080409 180000  8.3 211.5  2.85 15.04 215.81  15.87  2  2.85 15.04 215.68  15.43  0.14 17.83 302.73  12.09
20080409 210000  9.6 204.7  2.89 14.98 215.69  16.89  2  2.89 14.98 215.52  16.35  0.16 17.78 301.97  12.00
20080410 000000  6.9 191.1  2.85 14.91 215.46  17.45  2  2.85 14.91 215.27  16.92  0.16 17.77 301.40  12.16
20080410 030000  5.8 192.8  2.74 14.83 215.47  16.56  2  2.73 14.83 215.28  15.95  0.16 17.76 302.87  12.29
20080410 060000  5.0 189.0  2.62 14.77 215.35  15.43  2  2.62 14.77 215.18  14.86  0.14 17.75 303.46  12.14
20080410 090000  5.4 179.5  2.52 14.71 215.28  14.74  2  2.51 14.71 215.04  13.80  0.16 17.41 305.41  11.86
20080410 120000  5.2 206.3  2.44 14.65 215.47  14.52  2  2.43 14.65 215.12  13.21  0.19 16.68 302.54  11.61
20080410 150000  4.5 198.9  2.38 14.60 215.83  14.57  2  2.37 14.60 215.34  12.73  0.22 16.62 301.07  11.65
20080410 180000  6.3 219.7  2.33 14.58 216.27  14.85  3  2.32 14.59 215.70  12.76  0.21 16.61 301.32  12.06  0.09 19.06 297.17  10.58
20080410 210000  6.0 219.7  2.28 14.64 216.73  15.25  3  2.27 14.64 216.15  13.22  0.20 16.60 302.36  12.49  0.11 19.02 297.90  10.63
20080411 000000  2.8 186.9  2.21 14.69 216.77  15.07  3  2.20 14.69 216.27  13.26  0.17 16.59 304.08  12.64  0.12 18.99 299.45  11.26
20080411 030000  1.3 149.6  2.12 14.71 216.75  14.70  3  2.12 14.70 216.31  13.03  0.15 16.55 305.83  12.13  0.10 19.00 299.67  11.03
20080411 060000  2.0 242.3  2.05 14.75 216.85  15.00  3  2.04 14.67 216.26  12.79  0.18 15.73 303.73  12.09  0.09 18.99 301.03  10.90
20080411 090000  1.4 133.1  1.98 14.76 217.19  16.24  2  1.96 14.58 216.20  12.89  0.26 15.55 300.83  11.29
20080411 120000  0.2  37.9  1.92 14.61 217.60  17.59  3  1.90 14.45 216.15  13.05  0.26 15.52 301.23  11.25  0.15 17.83 296.39  11.01
20080411 150000  1.5 244.9  1.90 14.42 217.81  18.16  3  1.87 14.34 216.20  13.31  0.26 15.51 301.13  11.67  0.18 17.77 297.16  10.96
20080411 180000  3.0 199.2  1.90 14.26 217.79  17.92  4  1.87 14.24 215.80  12.46  0.23 15.51 301.70  12.21  0.23 12.08 263.09  20.39  0.18 17.77 297.80  11.30
20080411 210000  5.9 204.4  1.93 14.10 217.53  17.77  4  1.89 14.09 215.92  13.63  0.23 11.80 264.24  19.71  0.19 15.50 303.60  12.78  0.17 17.76 298.84  11.62
20080412 000000  5.8 200.1  1.93 13.80 217.35  18.40  6  1.90 13.80 215.93  15.26  0.25 11.55 261.95  17.50  0.16 15.51 306.03  12.58  0.13 17.77 300.26  11.63  0.06 23.35 292.13  11.45  0.06 21.87 216.80   7.38
20080412 030000  7.5 180.5  1.98 13.64 216.51  20.37  7  0.54  3.24 189.41  30.55  1.87 13.61 216.91  14.42  0.23 11.34 260.87  15.28  0.17 14.80 305.94  11.61  0.14 17.44 298.00  11.75  0.07 23.29 292.36  11.79  0.07 21.73 217.32   8.08
20080412 060000  8.9 192.6  2.16 13.57 215.68  22.14  6  2.13 13.50 214.13  19.32  0.23 11.19 259.66   9.37  0.22 14.53 303.55  11.10  0.17 16.72 295.47  11.32  0.08 21.41 216.95   7.94  0.08 23.23 292.88  12.16
20080412 090000  9.7 190.3  2.37 13.50 215.72  23.40  5  2.34 13.39 214.50  20.94  0.26 14.50 302.27  11.02  0.20 16.63 295.97  11.41  0.10 20.67 217.21   7.96  0.08 23.09 293.11  12.21
20080412 120000  8.1 183.1  2.45 13.35 216.38  23.73  5  2.43 13.27 215.17  21.40  0.26 14.49 300.96  11.04  0.21 16.61 297.29  11.84  0.11 20.48 217.22   7.71  0.10 22.30 292.41  12.02
20080412 150000  9.2 202.2  2.44 13.15 216.73  23.19  6  1.96  8.83 217.48  24.65  1.41 13.15 212.21   9.72  0.24 14.49 301.12  11.39  0.20 16.60 298.32  12.03  0.12 20.34 216.95   7.63  0.12 21.88 291.64  11.71
20080412 180000 15.3 202.9  2.91 12.89 214.19  23.49  5  2.89 12.89 213.53  22.22  0.20 14.49 301.95  11.77  0.18 16.60 299.59  12.19  0.14 19.99 216.74   7.52  0.14 21.79 291.52  12.05
20080412 210000 13.5 200.6  3.38  8.23 213.18  24.39  5  3.37  8.23 212.80  23.73  0.15 14.49 303.35  11.51  0.15 19.33 217.36   7.79  0.15 16.58 300.62  12.57  0.15 21.76 291.95  12.53
20080413 000000 11.6 186.3  3.37  8.63 212.42  25.09  6  3.17  8.63 212.03  25.74  1.10 12.52 212.27   8.48  0.16 19.17 217.61   7.65  0.16 16.31 297.16  12.51  0.15 21.70 292.51  12.86  0.12 14.38 310.34   8.68
20080413 030000 13.1 190.8  3.19  8.65 211.15  25.11  5  3.17  8.65 210.65  24.27  0.18 15.61 295.72  12.16  0.17 19.05 217.28   7.65  0.17 21.47 292.52  12.63  0.14 13.65 305.79  10.48
20080413 060000 12.6 182.7  3.01  8.33 209.39  26.21  5  2.99  8.33 208.60  24.94  0.21 15.54 295.48  11.97  0.19 18.67 217.04   7.61  0.19 20.61 291.71  12.04  0.17 13.56 302.66  10.85
20080413 090000 11.7 180.0  2.69  7.89 208.84  27.78  6  2.46  7.89 206.69  27.59  1.00 12.05 212.28   8.54  0.23 20.41 290.99  11.81  0.22 15.52 296.13  12.39  0.21 18.00 217.31   7.48  0.20 13.55 301.41  10.83
20080413 120000 11.4 173.4  2.49  7.46 207.68  29.26  6  2.22  7.46 204.55  29.24  1.04 11.91 211.72   8.54  0.25 20.36 291.04  12.24  0.23 17.88 217.60   7.53  0.22 15.52 297.41  12.71  0.21 13.55 301.05  11.29
20080413 150000 10.6 184.9  2.35  7.35 209.04  28.93  6  2.03  7.35 205.80  29.39  1.09 11.80 211.76   9.08  0.26 20.34 291.70  12.94  0.23 17.84 217.64   7.54  0.20 13.54 300.78  11.70  0.20 15.52 299.06  12.86
20080413 180000 11.4 205.4  2.48 11.62 212.19  25.76  5  2.44 11.62 210.89  23.66  0.26 20.28 292.50  13.30  0.25 17.57 216.82   7.61  0.17 13.54 301.03  12.18  0.17 15.51 301.19  12.78
20080413 210000 12.2 200.2  2.67 11.36 213.96  24.37  5  2.64 11.36 212.95  22.73  0.29 16.76 216.87   7.38  0.27 20.05 292.74  13.04  0.15 15.46 301.56  13.18  0.14 13.53 302.27  12.46
20080414 000000 10.6 191.4  2.68 11.18 213.77  24.98  5  2.63 11.18 212.62  23.24  0.30 19.25 292.09  12.45  0.27 16.67 216.36   7.37  0.19 14.80 301.07  12.99  0.16 19.38 219.33   7.05
20080414 030000  8.2 174.1  2.50 11.12 214.70  25.75  6  1.83  7.66 211.66  28.55  1.63 11.12 214.62  14.10  0.34 19.08 291.42  12.18  0.26 16.68 217.11   7.18  0.21 14.52 299.36  12.81  0.17 19.21 218.57   8.31
20080414 060000  7.2 176.7  2.31 11.10 216.03  26.00  5  2.25 11.10 213.75  22.62  0.37 19.03 291.34  12.48  0.32 16.65 216.58   7.41  0.20 14.52 296.70  12.10  0.13 12.69 304.57  10.63
20080414 090000  6.3 164.0  2.21 10.93 217.47  25.62  7  2.14 10.93 214.86  21.66  0.37 19.02 291.84  13.10  0.28 15.67 216.07   7.62  0.22 14.51 297.27  12.69  0.21 18.27 218.76   6.97  0.14 12.67 303.04  10.86  0.08 24.16 232.43   7.65
20080414 120000  5.5 166.9  2.28 10.73 218.73  24.10  7  2.20 10.73 216.48  20.45  0.35 18.99 292.66  13.64  0.34 15.53 216.33   6.89  0.22 18.00 218.10   8.10  0.21 14.50 298.78  12.33  0.14 12.66 301.97  11.12  0.12 23.35 231.60   7.67
20080414 150000  5.1 197.1  2.36 10.65 219.75  22.20  7  2.29 10.65 217.85  18.77  0.34 18.88 293.24  13.89  0.33 15.59 216.10   7.38  0.19 14.50 300.15  12.42  0.19 18.00 219.72   6.42  0.18 22.44 232.15   7.77  0.14 12.65 301.22  11.19
20080414 180000  8.6 219.9  2.36 10.46 220.24  21.95  6  2.29 10.46 218.27  18.52  0.36 18.29 293.22  13.37  0.35 15.68 217.28   7.56  0.25 21.81 232.09   7.83  0.16 14.50 301.77  12.67  0.13 12.66 301.39  11.33
20080414 210000  7.3 213.8  2.35 10.35 221.28  22.80  7  2.27 10.35 219.01  19.30  0.40 17.88 292.87  12.68  0.34 21.15 232.33   8.19  0.24 16.81 215.74   7.66  0.15 14.49 215.00   0.00  0.13 12.69 301.32  11.23  0.13 14.50 305.46  11.26
20080415 000000  5.7 201.6  2.39 10.50 222.44  22.79  6  2.27 10.50 219.80  19.17  0.43 17.80 292.53  12.62  0.43 20.40 232.22   8.15  0.30 14.64 219.36   6.61  0.22 16.78 217.29   7.13  0.17 14.26 302.41  12.46
20080415 030000  4.6 186.8  2.44 10.65 222.79  22.25  5  2.31 10.64 220.05  18.39  0.50 20.05 232.03   8.27  0.45 17.78 292.68  12.89  0.32 14.71 216.15   5.90  0.18 13.58 301.80  12.28
20080415 060000  3.0 214.8  2.43 10.61 222.96  21.89  4  2.30 10.61 219.94  17.73  0.58 19.11 232.09   8.39  0.44 17.77 293.19  13.20  0.19 13.56 301.15  12.16
20080415 090000  2.7 221.5  2.40 10.49 223.31  21.63  5  2.26 10.49 220.19  17.65  0.66 18.91 232.14   8.71  0.42 17.74 293.97  13.39  0.18 13.56 299.55  12.24  0.09 11.84 306.17   9.67
20080415 120000  2.1 173.5  2.40 10.42 223.74  21.28  5  2.24 10.42 220.67  17.59  0.71 18.01 232.14   8.67  0.40 17.66 294.80  13.35  0.19 13.55 299.72  12.53  0.08 11.81 304.19   9.70
20080415 150000  1.3 206.7  2.35 17.71 224.15  21.33  6  2.18 10.34 220.79  17.56  0.76 17.76 231.97   8.96  0.40 17.27 294.98  13.25  0.18 13.55 299.69  12.96  0.09 11.82 304.08  10.17  0.06 25.01 220.51   7.76
20080415 180000  4.1 266.2  2.27 17.27 224.97  21.91  5  2.07 10.22 220.97  17.87  0.83 17.46 232.19   9.04  0.43 16.75 294.71  13.02  0.16 13.54 300.72  13.09  0.08 11.81 303.35   9.97
20080415 210000  5.6 234.4  2.22 16.71 225.82  22.55  6  1.98 10.10 221.30  18.32  0.87 16.73 231.90   9.34  0.46 16.65 294.39  12.92  0.14 13.54 300.79  13.66  0.11 23.42 220.08   8.01  0.10 11.92 305.00   9.52
20080416 000000  4.1 183.6  2.18 16.57 225.80  22.82  5  1.91 10.03 220.69  18.15  0.91 16.55 231.83   9.71  0.47 16.62 294.46  12.90  0.16 13.43 303.28  12.16  0.13 23.27 221.30   8.26
20080416 030000  4.1 165.5  2.13 16.38 225.62  22.92  5  1.82  9.92 219.86  18.04  0.97 16.14 231.59  10.08  0.47 16.61 294.59  13.11  0.19 22.07 220.85   8.40  0.15 13.08 304.79  10.84
20080416 060000  4.8 178.0  2.05 15.92 225.28  23.09  5  1.70  9.77 218.90  18.05  1.01 15.64 230.85  10.95  0.45 16.59 294.88  13.41  0.23 21.87 221.97   8.45  0.16 12.75 303.81  11.96
20080416 090000  4.4 163.5  1.96 15.59 224.82  23.44  5  1.57  9.60 217.89  18.62  1.05 15.44 229.99  12.07  0.42 16.56 296.30  12.90  0.29 21.37 221.24   8.52  0.16 12.70 303.15  12.66
20080416 120000  5.7 183.6  1.89 15.34 224.75  23.64  5  1.44  9.37 216.97  19.16  1.08 15.20 229.34  12.40  0.41 16.47 296.10  13.73  0.34 20.53 222.08   8.39  0.16 12.68 303.20  12.49
20080416 150000  5.3 177.6  1.84 15.07 224.29  24.46  5  1.37  9.08 215.59  20.54  1.10 14.79 229.12  13.03  0.40 16.09 297.06  13.03  0.38 20.38 222.41   8.91  0.16 12.66 302.10  13.96
20080416 180000  6.8 210.4  1.84 14.76 224.43  24.37  5  1.33  8.84 216.21  21.12  1.12 14.52 227.92  13.65  0.44 19.49 221.55   8.67  0.40 15.67 296.58  13.42  0.15 12.64 301.83  13.19
20080416 210000  7.5 207.3  1.88 14.65 224.68  24.38  5  1.37  8.47 216.88  21.83  1.11 14.41 228.60  13.43  0.49 19.13 222.25   8.73  0.40 15.57 296.66  12.98  0.14 12.62 301.95  13.80
20080417 000000  8.2 186.2  1.93 14.68 223.23  25.66  6  1.43  8.01 214.83  24.13  1.03 14.39 232.12  10.47  0.50 19.02 222.43   9.15  0.44 11.64 208.03   9.52  0.40 15.54 296.35  13.21  0.13 12.59 302.07  14.02
20080417 030000  7.5 180.7  1.96 14.71 222.10  26.50  6  1.48  7.18 213.35  25.38  1.00 14.34 232.69  10.07  0.56 18.07 221.11   9.01  0.41 11.64 207.99   8.90  0.40 15.52 296.53  13.18  0.13 12.54 303.26  13.46
20080417 060000  5.9 169.2  1.95 14.65 222.23  26.27  5  1.47  6.94 213.87  25.54  1.05 14.26 229.02  12.63  0.62 17.84 221.35   8.97  0.40 15.50 295.71  14.19  0.12 12.47 304.51  12.81
20080417 090000  4.2 146.0  1.90 17.69 223.10  25.51  5  1.45  7.08 215.08  24.25  0.96 14.03 231.42  10.61  0.65 17.72 221.03   9.64  0.39 15.48 295.85  14.46  0.12 12.31 305.65  12.41
20080417 120000  4.3 157.2  1.85 13.72 223.60  24.31  5  1.32  7.11 216.65  23.57  0.94 13.65 230.87  11.42  0.72 16.87 220.40   9.47  0.39 15.43 297.06  14.75  0.35 10.62 208.94   9.32
20080417 150000  3.7 187.6  1.83 16.51 223.27  22.92  5  1.21  7.07 216.87  22.53  0.97 13.48 226.97  13.67  0.89 16.58 220.23   9.95  0.36 15.32 295.82  16.04  0.11 11.85 303.39  12.97
20080417 180000  7.3 220.3  1.89 16.44 222.31  21.57  5  1.17  7.03 217.21  21.67  1.16 13.49 223.24  14.38  0.85 16.52 220.04   9.40  0.34 14.94 296.62  15.15  0.11 11.82 304.09  13.62
20080417 210000  7.3 209.7  2.05 15.63 220.92  20.87  5  1.23  7.02 217.14  22.67  1.33 13.29 220.51  14.21  0.89 15.89 220.34   9.36  0.33 14.65 296.19  16.06  0.11 11.77 301.65  14.43
20080418 000000  5.3 200.7  2.18 15.41 220.29  20.45  4  1.29  6.95 217.36  23.60  1.34 15.48 214.34  10.81  1.08 12.88 228.12  10.41  0.33 14.54 297.77  15.17
20080418 030000  5.2 193.0  2.22 15.32 220.34  20.10  5  1.28 12.33 216.35  12.10  1.28  7.03 217.94  24.00  1.11 15.38 219.66   9.85  0.54 12.76 237.72   4.55  0.33 14.51 297.25  15.67
20080418 060000  5.5 189.2  2.19 14.89 220.71  19.94  5  1.33 11.69 216.79  12.99  1.20  7.15 218.97  24.33  1.07 15.14 220.09   9.69  0.56 12.73 234.08   7.26  0.32 14.48 297.43  15.75
20080418 090000  4.7 188.8  2.17 14.46 221.15  19.79  3  1.90 12.44 219.81  18.29  0.99 14.59 220.11   9.79  0.32 14.47 297.50  15.68
20080418 120000  5.4 184.8  2.14 14.37 221.51  19.72  3  1.87 12.34 220.09  18.26  0.99 14.41 220.55   9.26  0.32 14.44 297.08  15.89
20080418 150000  6.5 197.5  2.11 14.29 221.54  19.92  3  2.08 14.25 220.16  16.83  0.32 14.40 296.52  16.69  0.08  9.68 281.95   8.71
20080418 180000  9.0 206.1  2.14 14.06 221.17  20.34  2  2.11 13.72 219.99  17.76  0.31 14.33 296.76  16.91
20080418 210000  9.5 205.4  2.25 13.58 220.39  21.40  3  1.63  7.02 218.02  24.23  1.53 13.48 220.96  11.71  0.29 14.16 296.99  17.26
20080419 000000  8.0 196.5  2.26 13.55 219.85  22.52  3  1.68  6.88 217.68  26.00  1.49 13.50 220.55  11.34  0.27 13.79 297.82  17.51
20080419 030000  7.5 194.1  2.18 13.59 219.61  22.69  4  1.60  6.89 217.51  26.61  1.46 13.57 220.22  11.17  0.19 13.72 284.51  11.34  0.18 13.52 314.33   7.54
20080419 060000  5.8 177.0  2.10 13.66 219.71  22.03  4  1.52 13.73 219.85  11.10  1.42  6.84 217.73  27.29  0.18 13.61 284.01  10.89  0.17 13.49 314.18   7.64
20080419 090000  3.9 184.3  2.05 13.62 220.35  20.30  3  1.60 13.67 219.80  10.57  1.26  6.72 219.04  26.54  0.25 13.53 298.49  18.05
20080419 120000  5.5 170.3  2.06 13.48 220.74  18.83  2  2.05 13.47 219.94  16.83  0.24 13.50 299.36  16.87
20080419 150000  4.7 208.0  2.08 13.32 221.38  17.75  2  2.07 13.28 220.56  15.59  0.25 13.48 299.02  16.81
20080419 180000  7.7 217.6  2.12 13.20 222.27  17.38  2  2.11 13.12 221.47  15.22  0.25 13.45 299.00  16.90
20080419 210000  4.7 224.3  2.16 13.04 223.18  18.21  3  0.99  6.09 222.27  25.94  1.90 12.91 222.41  12.36  0.26 13.41 299.19  17.09
20080420 000000  5.9 197.3  2.16 12.92 223.92  19.03  4  2.15 12.84 223.17  17.24  0.18 13.33 287.06   9.63  0.16 13.31 315.15   7.28  0.06 17.71 313.49  14.88
20080420 030000  4.3 211.2  2.13 12.91 224.40  19.56  3  2.12 12.88 223.68  17.88  0.23 13.17 301.93  17.15  0.06 17.67 307.13  12.45
20080420 060000  6.3 200.7  2.08 13.01 224.59  19.87  3  2.07 13.03 223.87  18.21  0.22 12.91 301.04  17.19  0.07 17.67 325.06  11.49
20080420 090000  5.1 178.5  2.01 13.19 224.47  20.51  2  2.00 13.27 223.75  18.83  0.22 12.73 306.07  17.39
20080420 120000  4.9 191.2  1.91 13.21 225.05  20.66  4  1.84 13.26 222.32  17.44  0.45 10.31 256.93   7.01  0.21 12.68 306.86  19.14  0.08 16.67 305.70  11.23
20080420 150000  5.5 200.3  1.82 13.16 225.49  21.06  5  1.65 13.20 219.53  13.24  0.65 10.25 257.90   8.95  0.19 12.60 302.14  17.48  0.10 13.89 331.31   5.23  0.09 16.62 305.28  10.46
20080420 180000  7.4 221.9  1.78 12.98 226.20  21.60  5  1.03  9.88 236.88  26.84  1.43 13.05 219.68   9.59  0.19 12.58 302.79  17.47  0.11 13.74 331.42   5.20  0.09 16.60 304.39  10.51
20080420 210000  6.7 205.4  1.79 12.78 227.05  22.47  6  1.09  9.71 236.01  27.63  1.40 12.81 220.54  10.10  0.15 12.43 315.07   7.62  0.12 12.63 285.95   7.80  0.12 13.65 331.86   5.06  0.10 16.59 304.19  10.00
20080421 000000  5.9 199.5  1.84 12.75 228.75  22.63  5  1.82 12.78 227.62  20.22  0.14 11.77 315.75   6.95  0.13 12.63 289.51  10.12  0.13 13.36 330.88   5.66  0.09 16.54 302.91  10.67
20080421 030000  5.6 186.9  1.96 13.17 231.28  21.91  5  1.95 13.53 230.25  19.71  0.15 12.21 314.29   7.52  0.14 13.01 331.38   5.14  0.12 12.61 286.02   7.65  0.09 16.41 303.49  10.18
20080421 060000  5.2 191.8  2.10 13.31 233.91  21.26  5  1.87 15.03 228.58  19.04  0.93 13.29 250.53   6.27  0.20 12.62 323.83  10.03  0.12 12.59 292.73   7.82  0.11 15.85 302.62  11.51
20080421 090000  3.9 191.5  2.20 12.99 236.22  21.14  4  1.61 12.81 247.55  17.65  1.48 14.73 221.68  10.46  0.21 12.57 323.27  10.57  0.12 15.61 305.60   8.84
20080421 120000  4.6 201.5  2.24 12.80 237.66  21.62  5  1.65 12.56 250.49  15.71  1.49 14.71 220.31   9.93  0.22 12.44 323.94  10.45  0.13 15.53 303.30   9.92  0.06 17.86 307.88   8.09
20080421 150000  3.2 191.1  2.25 12.76 238.31  22.36  5  1.62 12.33 253.46  14.51  1.53 14.51 219.95  10.03  0.22 12.14 324.97   9.96  0.13 15.52 302.15  10.34  0.08 17.75 305.25  10.53
20080421 180000  5.9 214.7  2.26 12.94 237.97  23.08  5  1.61 14.33 220.13  10.38  1.57 11.91 255.18  14.93  0.22 12.10 324.94  10.23  0.14 15.48 300.56  11.31  0.08 17.80 308.36   7.86
20080421 210000  5.8 200.4  2.32 13.70 236.85  23.78  5  1.70 14.20 220.46  11.01  1.55 11.79 255.32  17.68  0.22 11.96 323.82  11.84  0.12 15.49 305.66   8.30  0.08 17.81 308.79   8.00
20080422 000000  2.8 180.4  2.36 13.61 236.11  23.79  4  1.83 13.89 222.03  13.59  1.48 11.63 256.66  17.71  0.23 11.85 324.13  11.81  0.06 17.82 309.07   8.19
20080422 030000  4.3 199.3  2.40 13.41 235.62  23.56  3  1.95 13.54 223.21  13.37  1.38 11.52 259.79  17.47  0.22 11.77 326.47   9.44
20080422 060000  5.3 175.7  2.42 13.29 234.74  23.89  5  2.01 13.40 223.55  13.45  1.31 11.24 259.66  19.25  0.22 11.70 326.55   9.37  0.15 14.45 298.28  12.29  0.13 16.62 308.30   7.41
20080422 090000  5.2 183.3  2.40 13.23 233.59  24.22  5  2.06 13.23 223.99  14.20  1.20 10.97 260.26  21.93  0.22 11.62 326.50   9.41  0.16 14.50 301.78  10.20  0.15 16.65 307.95   9.11
20080422 120000  4.6 178.5  2.41 13.27 231.89  24.13  5  2.11 13.26 223.25  14.09  1.12 10.51 260.63  23.17  0.22 11.47 326.16   9.81  0.17 14.49 303.27  10.25  0.14 16.66 308.30   9.16
20080422 150000  3.6 206.6  2.41 14.13 230.03  23.58  5  2.16 14.07 221.90  13.35  1.04 10.47 263.36  20.69  0.22 11.24 326.20   9.77  0.16 14.53 304.79   9.44  0.13 16.67 308.29   9.55
20080422 180000  6.0 222.7  2.39 14.24 228.26  23.14  4  2.16 14.22 220.78  13.03  0.98 11.78 262.49  20.99  0.22 11.08 325.88  10.00  0.21 14.67 305.14  10.69
20080422 210000  6.2 206.0  2.35 14.07 226.64  23.14  4  2.12 14.04 219.31  12.42  0.96 10.91 259.90  23.13  0.22 15.36 306.23  10.02  0.21 10.98 326.31   9.62
20080423 000000  4.4 186.0  2.29 13.70 225.20  23.13  4  2.12 13.69 218.21  12.83  0.81 11.13 267.54  10.61  0.25 15.50 307.37   9.54  0.20 10.90 326.54   9.73
20080423 030000  5.0 195.2  2.25 13.57 223.76  22.64  4  2.13 13.56 218.27  13.54  0.67 11.19 269.79   9.93  0.26 15.54 307.59   9.67  0.20 10.81 326.83   9.43
20080423 060000  5.7 187.6  2.25 13.53 222.16  21.88  4  2.23 13.52 220.93  18.56  0.22 15.56 309.48   8.47  0.19 10.61 326.76   9.43  0.14 13.52 303.62  10.05
20080423 090000  4.7 179.1  2.28 13.51 220.80  21.03  5  2.22 13.49 218.06  15.02  0.40  8.53 275.57   8.73  0.20 15.47 309.92   7.91  0.19 10.44 326.53   9.57  0.16 13.54 303.45  10.52
20080423 120000  4.4 195.3  2.30 13.47 220.08  20.29  3  2.28 13.44 218.93  16.77  0.26 14.03 307.94   9.25  0.18 10.34 325.86  10.01
20080423 150000  3.2 212.2  2.30 13.43 219.85  20.02  3  2.28 13.37 218.60  16.08  0.29 14.49 308.87   8.85  0.17 10.29 325.60  10.09
20080423 180000  5.1 218.5  2.28 13.37 219.87  20.05  3  2.26 13.31 218.50  15.72  0.30 14.55 309.35   8.86  0.17 10.23 325.68   9.99
20080423 210000  5.9 212.3  2.24 13.28 219.87  20.24  4  2.22 13.21 218.48  15.92  0.30 14.57 309.48   9.01  0.15 10.13 326.98   9.34  0.06 11.76 311.41   7.11
20080424 000000  3.1 191.8  2.16 13.07 219.79  20.27  3  2.13 13.02 218.39  15.96  0.30 14.54 309.14   9.02  0.15  9.95 325.72  10.28
20080424 030000  3.6 196.7  2.06 12.87 219.85  20.16  4  2.04 12.83 218.40  15.72  0.29 14.44 308.81   8.91  0.13  9.79 326.92   9.63  0.11 19.49 220.69   7.21
20080424 060000  3.6 185.4  1.98 12.77 219.98  20.44  4  1.95 12.73 218.32  15.45  0.30 14.25 308.94   9.09  0.17 19.29 221.44   8.02  0.13  9.72 326.56   9.77
20080424 090000  3.3 187.1  1.92 12.73 220.20  21.17  6  1.50 12.55 225.42  13.91  1.12 12.77 205.36   6.55  0.32 14.02 309.73   9.12  0.21 19.48 221.04   7.62  0.12  9.71 325.65  10.76  0.06 20.31 305.42   8.98
20080424 120000  5.6 178.1  1.88 12.70 219.90  21.89  5  1.33 13.16 208.85  14.07  1.24 12.36 227.23  10.26  0.36 13.88 311.90  10.38  0.33 18.42 221.77   8.72  0.06 20.31 305.05   9.51
20080424 150000  6.3 200.2  1.90 12.67 219.02  22.17  7  0.45  3.03 202.69  31.05  1.25 12.04 206.74   7.11  1.21 12.64 228.76  10.59  0.48 18.55 221.41  10.40  0.33 13.80 310.18   9.06  0.13  9.69 322.18  11.56  0.05 20.31 305.08   9.95
20080424 180000  5.4 213.4  1.92 12.63 218.98  21.43  4  1.82 12.45 216.83  15.99  0.50 17.89 219.80   9.10  0.32 13.68 309.96   8.94  0.12 10.83 321.67  11.69
20080424 210000  7.5 210.8  1.99 12.66 218.84  20.44  7  0.62  3.66 219.71  30.22  1.73 12.45 216.61  13.10  0.71 17.37 219.04  10.04  0.30 13.54 309.61   8.92  0.08  9.11 330.21   6.77  0.08 10.92 312.32   8.69  0.05 19.01 307.27   9.11
20080425 000000  4.2 181.3  2.05 12.74 218.53  20.21  6  1.86 12.54 216.65  16.21  0.80 17.06 218.80   9.99  0.30 13.42 309.90   8.87  0.08 10.95 311.27   9.24  0.08 18.97 306.54   8.74  0.08  9.10 329.98   6.88
20080425 030000  4.2 200.6  2.08 16.35 218.72  19.73  4  1.64 12.37 217.45  16.31  1.23 16.35 216.48  10.11  0.32 13.37 311.80   9.81  0.11 18.97 306.11   9.14
20080425 060000  6.5 192.4  2.13 16.28 218.52  19.51  4  1.70 12.74 216.91  15.46  1.23 16.28 216.77  10.04  0.34 13.35 312.24   9.65  0.11 18.97 305.78   9.85
20080425 090000  4.6 190.8  2.13 15.61 218.43  19.38  3  2.10 15.62 216.78  13.65  0.34 13.34 312.40   9.61  0.10 18.96 305.63  10.44
20080425 120000  4.3 207.0  2.11 15.37 218.56  18.72  3  2.09 15.37 217.00  13.01  0.34 13.32 312.25   9.61  0.08 18.93 307.46  10.56
20080425 150000  4.3 209.3  2.10 15.27 218.56  18.06  2  2.08 15.27 217.13  12.63  0.33 13.22 311.85   9.56
20080425 180000  5.1 218.4  2.10 15.08 218.74  17.90  3  2.08 15.08 217.28  12.41  0.31 12.83 311.46   9.75  0.12 17.71 307.96   8.74
20080425 210000  5.8 209.3  2.12 14.68 219.06  18.40  3  2.10 14.70 217.50  12.81  0.30 12.64 311.49   9.78  0.16 17.72 307.41   9.10
20080426 000000  3.5 218.2  2.13 14.64 219.39  18.77  3  2.10 14.65 217.78  13.15  0.30 12.59 311.98   9.67  0.17 17.72 307.05   9.81
20080426 030000  5.3 192.0  2.13 14.63 219.88  18.70  5  2.08 14.64 217.77  12.68  0.31 12.59 312.65   9.44  0.26 19.18 241.51   6.87  0.16 17.71 306.74  10.47  0.15 12.91 257.48   4.46
20080426 060000  6.4 182.1  2.14 14.51 219.92  19.13  4  2.10 14.52 218.10  14.09  0.31 12.59 313.08   9.31  0.27 19.06 243.02   6.86  0.12 17.67 307.82  10.58
20080426 090000  7.2 184.0  2.14 14.36 220.19  19.85  5  0.56  3.36 197.96  31.53  2.00 14.36 219.27  12.14  0.42 17.97 241.56   6.54  0.30 12.58 313.29   9.18  0.11 17.46 310.58  10.13
20080426 120000  6.3 189.6  2.11 14.11 221.06  20.24  4  2.04 14.12 218.65  15.79  0.45 17.89 241.50   7.03  0.28 12.56 313.34   9.17  0.14 16.45 310.57   8.98
20080426 150000  6.7 198.1  2.06 13.69 222.45  20.68  4  0.58  3.67 203.71  31.97  1.95 13.71 222.20  13.19  0.27 12.49 313.14   9.21  0.18 16.52 309.20   9.06
20080426 180000  8.4 216.8  2.10 13.50 224.05  21.26  5  0.84  4.02 216.54  27.91  1.77 13.51 221.09  12.37  0.65 16.73 240.68   6.92  0.27 12.27 313.09   9.26  0.22 16.54 308.06   9.43
20080426 210000  6.8 206.5  2.05 13.38 225.19  21.91  5  0.84  4.41 217.38  29.41  1.73 13.39 222.46  12.84  0.62 16.71 240.60   7.03  0.26 11.96 312.82   9.30  0.23 16.54 308.24  10.13
20080427 000000  4.0 203.9  1.96 13.22 226.43  21.67  5  0.70  4.49 216.32  30.93  1.61 13.24 222.26  12.82  0.81 15.88 239.28   7.13  0.26 11.87 312.97   9.25  0.21 16.53 308.64  10.65
20080427 030000  4.8 188.5  1.86 15.45 227.57  20.94  4  1.61 12.97 222.33  16.71  0.88 15.61 237.28   8.51  0.27 11.84 313.21   9.22  0.17 16.48 309.36  10.91
20080427 060000  4.8 178.8  1.78 15.29 228.66  20.62  4  1.47 12.83 222.09  16.30  0.96 15.42 237.80   7.58  0.26 11.82 313.26   9.16  0.16 14.80 312.30   9.96
20080427 090000  4.2 173.5  1.72 14.62 229.82  20.79  4  1.35 12.84 222.66  16.44  1.02 14.80 236.58   8.25  0.27 11.80 313.62   8.94  0.17 15.17 312.04   8.98
20080427 120000  2.5 239.4  1.66 14.45 231.26  21.10  3  1.63 14.44 228.71  14.56  0.26 11.78 313.75   8.86  0.23 15.38 311.00   9.04
20080427 150000  1.4 284.1  1.60 14.33 232.73  21.92  4  1.55 14.31 229.55  13.86  0.27 15.44 309.75   9.50  0.25 11.76 313.90   8.79  0.15 19.44 219.27   7.81
20080427 180000  4.6 337.6  1.53 13.82 234.96  25.74  4  1.47 13.81 231.26  18.95  0.29 15.45 309.44   9.90  0.25 11.72 313.87   8.86  0.17 19.38 219.82   8.11
20080427 210000  6.7 348.3  1.50 13.53 241.78  34.90  4  1.43 13.53 238.11  31.79  0.28 15.45 309.63  10.29  0.25 11.65 313.44   9.76  0.23 19.03 219.47   7.87
20080428 000000  9.0 355.7  1.62 13.42 257.54  43.76  6  0.95  5.19 314.61  34.49  1.24 13.41 230.75  12.59  0.27 18.38 219.55   7.94  0.24 11.41 313.51   8.52  0.22 15.45 307.64  10.16  0.13 13.58 321.09   4.88
20080428 030000  7.7 357.4  1.85 13.22 264.58  40.47  6  1.35  7.73 294.53  34.99  1.19 13.21 231.60  12.22  0.30 18.31 219.73   8.03  0.23 11.20 313.94   8.97  0.16 15.42 309.11  12.39  0.16 13.56 315.18   5.79
20080428 060000  6.2   3.0  1.97 12.79 263.11  37.12  5  1.52  7.96 284.55  32.62  1.15 12.77 231.02  11.87  0.39 18.41 219.50   8.07  0.24 11.10 313.74   9.20  0.21 13.78 313.37   8.98
20080428 090000  4.0   3.1  1.90 12.62 260.28  35.30  5  1.45  7.86 280.88  30.09  1.10 12.61 230.06  12.09  0.44 18.59 219.59   8.11  0.24 11.06 313.49   9.38  0.22 14.18 312.89   8.69
20080428 120000  3.1 336.0  1.92 12.52 253.85  33.09  5  1.51  7.86 267.38  31.68  1.03 12.50 229.77  11.91  0.49 18.43 219.88   8.31  0.26 14.37 312.48   9.27  0.23 11.06 312.57   9.57
20080428 150000  1.2 200.8  2.06 12.38 245.23  30.28  5  1.69  8.17 251.56  30.81  0.96 12.36 230.62  11.67  0.60 17.71 218.98   8.36  0.29 14.42 311.05   9.75  0.22 11.06 313.84   8.98
20080428 180000  4.3 175.0  2.06  8.20 239.12  28.59  7  1.74  8.20 242.13  28.67  0.78 12.14 229.07  11.46  0.67 17.57 218.89   8.41  0.26 14.44 309.49  10.41  0.22 11.08 314.72   8.96  0.11 23.41 230.02   9.21  0.08 12.66 315.00   0.00
20080428 210000  5.4 161.2  1.97 11.84 233.53  28.09  7  1.58  8.12 235.31  29.42  0.88 11.84 228.15  12.72  0.67 17.33 219.63   8.11  0.26 14.44 310.57  11.10  0.20 11.11 313.87   8.50  0.16 22.55 229.23   8.84  0.08 12.66 315.00   0.00
20080429 000000 12.1 185.5  2.13 11.65 223.82  28.00  8  1.75  8.71 219.42  26.46  0.79 16.71 219.33   8.47  0.78 11.66 226.95  13.09  0.37  7.28 290.62  16.12  0.24 14.42 310.86  11.35  0.20 22.04 229.91   9.01  0.19 11.17 315.01   8.20  0.08 12.66 315.00   0.00
20080429 030000 10.0 168.8  2.41  9.44 217.80  28.35  6  2.13  9.36 214.83  29.19  0.84 16.52 219.05   8.99  0.67 11.86 231.02  10.90  0.23 21.90 230.35   9.30  0.21 12.47 315.03   8.23  0.19 14.37 311.49  11.54
20080429 060000  8.4 167.2  2.50  9.69 218.65  25.99  4  2.32  9.64 217.43  26.02  0.83 16.23 220.16   8.43  0.31 21.29 231.12   8.13  0.26 13.79 314.57   9.07
20080429 090000  8.0 178.8  2.57 10.08 220.08  23.45  4  2.37 10.03 219.06  23.45  0.89 15.66 220.48   8.93  0.37 20.57 230.31   8.74  0.25 13.41 314.72   8.80
20080429 120000  7.1 194.4  2.62 10.27 220.63  21.90  4  2.40 10.25 219.53  21.78  0.89 15.51 220.71   8.89  0.49 20.21 229.93   8.84  0.25 13.46 314.23   8.99
20080429 150000  5.2 188.1  2.67 10.20 221.54  20.81  4  2.41 10.18 220.45  20.82  0.99 15.31 221.06   8.50  0.52 19.84 231.43   8.14  0.26 13.48 313.68   9.31
20080429 180000  4.9 225.0  2.76 10.11 222.76  19.87  4  2.49 10.09 221.73  19.84  0.96 14.84 222.44   8.77  0.65 19.09 228.95   9.07  0.26 13.49 313.21   9.71
20080429 210000  0.7 224.0  2.82 10.16 223.69  19.12  4  2.53 10.15 222.66  19.18  1.01 14.68 223.46   8.40  0.68 19.06 229.89   8.66  0.25 13.48 313.04  10.00
20080430 000000  7.1 321.7  2.77 10.19 224.57  19.26  4  2.43 10.18 223.56  19.79  1.01 14.51 224.30   8.47  0.84 18.20 228.21   9.39  0.25 13.46 313.25  10.11
20080430 030000  4.2 346.9  2.69 10.25 224.81  19.05  4  2.32 10.24 223.45  19.76  1.06 14.32 225.58   9.31  0.83 17.86 229.13   8.91  0.23 13.41 313.81  10.04
20080430 060000  3.6 320.6  2.63 10.30 224.51  18.10  4  2.24 10.29 223.03  18.72  1.08 13.98 225.62   9.15  0.83 17.81 228.92   9.17  0.22 13.26 314.46   9.96
20080430 090000  2.6 286.2  2.54 10.27 224.09  17.32  4  2.10 10.26 222.25  18.00  1.13 13.88 224.79   8.99  0.85 17.52 230.09   9.01  0.21 12.79 315.20   9.39
20080430 120000  2.5 331.2  2.41 10.15 223.92  17.01  4  1.91 10.14 221.32  17.70  1.10 13.94 226.87   9.83  0.94 16.67 227.51   9.44  0.21 12.64 315.43   9.09
20080430 150000  2.7   3.8  2.28 16.44 224.00  16.83  4  1.72 10.03 221.14  18.01  1.23 14.19 225.99   8.97  0.84 16.73 227.95  10.09  0.21 12.60 315.13   9.20
20080430 180000  3.4 259.6  2.20 14.25 224.22  16.84  4  1.64 10.01 221.23  18.10  1.21 14.16 226.09   8.63  0.82 16.72 228.12  10.62  0.20 12.58 314.60   9.56
20080430 210000  3.2 276.8  2.13 13.73 224.17  16.70  3  1.60 10.16 221.07  17.41  1.39 13.78 226.92   9.63  0.20 12.56 314.00  10.09
20080501 000000  3.8 204.6  2.06 13.55 224.01  16.67  4  1.44 10.02 220.14  18.09  1.15 13.45 225.96   9.26  0.91 15.80 227.43  10.26  0.20 12.53 313.59  10.48
