Date     Time   Uabs UDir  hs    tp    th     sp     np hs(i) tp(i) th(i)  sp(i)
19870101 000000  5.8 222.3  2.86 10.28 224.83  26.67  5  2.78 10.28 221.69  20.88  0.62 15.33 307.87  11.03  0.16 21.66 305.80   9.81  0.11 19.13 217.73   7.56  0.08 16.60 216.32   7.56
19870101 030000  4.1 203.4  2.74 10.14 225.39  27.16  5  2.65 10.14 221.81  20.59  0.63 15.32 308.19  11.05  0.18 21.20 305.60   9.52  0.15 18.91 217.10   7.07  0.12 15.93 215.66   7.46
19870101 060000  6.6 209.3  2.59 10.04 226.02  27.54  6  2.49 10.04 221.91  20.02  0.62 15.28 308.39  11.05  0.22 17.90 217.01   7.04  0.22 20.48 305.34   9.41  0.13 15.52 215.10   7.52  0.05 24.97 312.94   8.26
19870101 090000  4.2 183.3  2.46  9.88 226.43  27.63  5  2.35  9.88 222.03  19.50  0.60 15.20 308.31  11.11  0.31 17.71 216.25   7.09  0.26 20.37 305.37   9.80  0.06 24.93 313.63   8.54
19870101 120000  0.7 141.3  2.37  9.78 226.84  27.26  4  2.25  9.77 222.45  18.88  0.57 15.02 308.20  11.07  0.38 16.79 216.09   7.05  0.28 20.32 305.86  10.22
19870101 150000  4.3 258.2  2.34  9.72 227.20  26.75  5  2.21  9.72 223.00  18.38  0.55 14.73 308.09  11.20  0.46 16.55 216.02   7.17  0.27 20.25 305.36  10.23  0.11 23.49 312.32   8.17
19870101 180000  6.1 235.0  2.35  9.69 227.62  26.70  5  2.20  9.69 223.50  18.30  0.54 14.59 308.26  11.22  0.52 16.21 215.86   7.28  0.29 19.99 305.40   9.91  0.13 23.35 312.87   8.20
19870101 210000  6.4 210.9  2.30  9.63 227.70  27.44  5  2.13  9.63 223.17  18.39  0.59 15.50 216.05   7.20  0.54 14.51 308.43  11.27  0.34 19.25 305.15   9.65  0.14 23.32 314.51   7.41
19870102 000000  5.8 204.3  2.24  9.51 227.55  28.53  5  2.05  9.51 222.41  18.68  0.62 15.34 215.86   7.22  0.53 14.47 308.51  11.33  0.40 19.08 305.99  10.12  0.10 23.34 315.03   2.81
19870102 030000  6.3 201.5  2.19 14.62 227.46  29.43  5  1.97  9.37 221.80  19.01  0.68 14.83 216.13   7.46  0.52 14.43 308.51  11.47  0.38 19.01 304.61  10.17  0.22 22.06 313.30   7.55
19870102 060000  9.8 193.4  2.24 14.44 225.26  30.37  5  1.99  9.21 219.46  20.58  0.75 14.46 216.14   7.60  0.51 14.39 308.51  11.49  0.39 18.94 305.20  10.61  0.26 21.84 311.73   8.20
19870102 090000  5.2 193.6  2.27 14.28 224.92  30.42  5  2.00  9.01 219.19  21.05  0.82 14.28 216.49   7.41  0.49 14.31 308.62  11.42  0.42 18.86 305.43  10.22  0.27 21.81 312.55   8.45
19870102 120000  2.7 181.5  2.30 14.07 225.65  29.75  5  1.95  8.92 220.28  20.46  1.00 14.04 216.71   7.75  0.47 14.19 308.62  11.41  0.45 18.54 304.91   9.92  0.28 21.71 314.29   7.05
19870102 150000  5.5 238.8  2.35 13.68 226.14  29.13  5  1.85  8.95 220.99  20.35  1.25 13.61 217.91   8.65  0.45 13.97 308.52  11.61  0.45 17.98 304.11   9.67  0.35 20.90 312.89   7.93
19870102 180000  8.3 221.5  2.42 13.45 226.65  28.78  5  1.76  8.95 221.47  21.03  1.49 13.37 219.40   9.82  0.46 17.85 305.14  10.44  0.43 13.81 308.23  11.57  0.40 20.48 311.14   8.44
19870102 210000  8.6 209.2  2.49 13.30 226.42  28.93  5  1.75  8.76 221.39  22.09  1.59 13.22 219.27   9.73  0.47 17.74 305.29  10.72  0.43 20.39 310.97   8.53  0.42 13.73 308.15  11.61
19870103 000000  6.5 201.3  2.53 13.21 226.55  29.53  5  1.68  8.21 219.78  24.01  1.72 12.85 220.83  10.14  0.53 17.75 305.14  10.27  0.42 13.69 308.37  11.43  0.39 20.41 312.93   7.82
19870103 030000  7.8 197.6  2.54 12.56 227.20  30.42  4  2.40 12.07 220.49  18.93  0.61 17.82 306.92  10.71  0.41 13.67 308.80  11.41  0.33 20.42 310.80   6.30
19870103 060000 10.7 199.7  2.54 12.39 227.03  31.67  4  2.22 11.42 219.54  21.17  0.90 12.91 221.31   9.77  0.73 18.51 307.82   9.98  0.40 13.66 309.18  11.76
19870103 090000  7.9 185.5  2.48 12.47 227.39  33.10  4  2.15 10.98 219.10  22.86  0.92 12.74 221.76   9.20  0.76 18.90 308.08  10.05  0.37 13.65 309.14  12.02
19870103 120000  3.4 214.9  2.32 12.52 230.55  33.60  5  2.00 11.14 221.54  21.80  0.81 12.80 220.55   9.84  0.62 19.02 310.01   8.83  0.46 16.61 304.39  11.26  0.36 13.64 308.81  12.45
19870103 150000  6.8 220.8  2.20 12.60 233.54  33.90  4  1.84 11.11 223.57  20.51  0.84 12.82 219.95   9.82  0.64 16.67 305.96  10.97  0.59 19.04 310.31   9.31
19870103 180000  8.4 220.0  2.20 12.74 234.79  34.21  4  1.37  7.25 222.33  24.48  1.48 12.66 224.13  11.29  0.74 18.74 306.00  10.12  0.51 16.35 311.24   9.92
19870103 210000  9.5 207.5  2.35 12.95 233.14  34.12  3  1.51  7.13 220.96  25.03  1.55 12.87 223.59  11.26  0.93 17.63 307.59  10.43
19870104 000000 10.2 203.6  2.54 13.08 230.54  33.71  3  1.72  7.05 219.19  25.62  1.61 13.02 222.83  10.53  0.95 17.65 307.45  10.71
19870104 030000  8.0 197.9  2.68 13.20 229.10  32.83  3  1.87  7.26 219.33  25.58  1.68 13.10 222.07  10.19  0.95 17.68 307.36  10.73
19870104 060000 11.3 191.6  2.84 13.53 226.93  32.00  3  1.89  7.39 216.42  26.48  1.89 13.50 222.16  10.13  0.95 17.67 307.12  10.78
19870104 090000  8.7 194.8  2.99 13.72 226.13  30.81  4  1.90  7.42 216.04  26.58  2.10 13.70 221.86  10.12  0.94 17.60 306.41  10.67  0.18 13.48 319.06   4.91
19870104 120000  8.3 186.1  3.10 15.69 226.46  29.48  4  1.75  7.54 216.59  26.58  1.89 13.28 223.10  10.43  1.42 15.70 219.59  10.34  0.97 17.44 306.73  10.79
19870104 150000  8.0 215.0  3.18 15.83 227.10  27.95  2  3.03 15.10 221.03  16.18  0.98 17.14 306.64  10.86
19870104 180000 11.7 214.7  3.43 16.23 226.25  26.54  2  3.28 15.16 221.12  16.01  0.98 16.83 306.32  11.13
19870104 210000 12.2 202.9  3.75 16.33 224.38  26.12  3  2.25  7.27 217.71  25.22  2.84 15.63 221.61  10.09  0.97 16.71 305.93  11.28
19870105 000000 12.1 205.1  3.91 16.24 223.24  26.13  3  2.42  7.67 215.72  26.10  2.92 15.86 221.81  10.07  0.96 16.62 305.56  11.35
19870105 030000 10.2 197.7  3.89 16.07 223.31  26.06  2  3.78 15.69 219.57  18.64  0.95 16.54 305.33  11.40
19870105 060000 12.4 197.0  3.86 15.76 222.96  26.09  2  3.75 15.56 219.24  18.72  0.94 16.46 305.16  11.48
19870105 090000  8.0 184.4  3.83 15.60 223.34  25.99  2  3.72 15.45 219.72  18.91  0.92 16.40 305.08  11.49
19870105 120000  7.7 185.4  3.71 15.46 224.63  25.20  2  3.60 15.35 221.01  17.92  0.90 16.33 304.90  11.61
19870105 150000 10.3 206.2  3.69 15.32 224.50  24.75  2  3.58 15.22 221.06  17.71  0.87 16.24 304.64  11.69
19870105 180000 13.3 218.7  3.99 15.18 223.97  24.18  2  3.90 15.05 221.22  18.60  0.85 16.00 304.36  11.74
19870105 210000 11.2 212.7  4.22 14.90 223.84  24.65  3  3.15  9.19 221.75  24.88  2.69 14.70 221.11  10.74  0.83 15.82 304.10  11.77
19870106 000000  5.7 196.3  4.08 14.61 223.94  25.22  3  3.01  9.37 221.71  25.73  2.63 14.49 221.20  11.26  0.82 15.70 304.01  11.74
19870106 030000  6.7 214.2  3.72 14.46 224.83  25.33  3  2.71  9.35 222.75  25.24  2.42 14.36 221.05  10.53  0.80 15.64 303.93  11.72
19870106 060000  7.2 208.3  3.38 14.33 225.74  25.39  2  3.29 14.23 222.37  19.19  0.79 15.64 303.77  11.84
19870106 090000  1.4 201.8  3.17 14.12 226.60  25.51  2  3.07 13.96 222.81  18.51  0.79 15.73 303.85  11.73
19870106 120000  3.7 329.7  3.09 13.75 227.30  25.53  2  2.99 13.63 223.32  18.16  0.79 15.99 303.99  11.63
19870106 150000  4.1 277.0  3.01 13.55 227.76  25.65  2  2.91 13.46 223.61  18.02  0.78 16.38 304.03  11.61
19870106 180000  6.3 251.7  2.88 13.43 228.29  25.91  2  2.77 13.34 223.86  17.87  0.77 16.48 303.85  11.71
19870106 210000  3.1 281.8  2.69 13.30 228.93  26.46  3  2.58 13.21 224.00  17.75  0.76 16.48 303.64  11.90  0.07 21.82 304.76   9.14
19870107 000000  3.7 224.3  2.52 13.05 229.43  27.04  3  2.40 12.90 223.84  17.27  0.75 16.46 303.56  11.98  0.08 21.78 305.23   8.84
19870107 030000  2.1 185.9  2.38 12.75 229.69  27.62  3  2.26 12.67 223.50  16.79  0.74 16.42 303.89  11.74  0.08 21.74 305.61   8.70
19870107 060000  8.2 208.8  2.30 12.61 229.14  28.18  3  2.18 12.55 222.67  16.93  0.73 16.37 304.06  11.79  0.10 21.03 305.53   8.70
19870107 090000  5.9 186.9  2.26 12.53 227.86  28.73  4  1.58  8.98 221.41  22.09  1.46 12.46 221.66  11.31  0.70 16.26 304.05  11.84  0.12 20.46 305.12   8.79
19870107 120000  4.4 193.8  2.20 12.53 227.35  28.65  4  1.59  9.18 222.37  21.64  1.35 12.43 219.37  10.34  0.68 15.99 303.89  11.89  0.14 20.38 305.33   9.00
19870107 150000  5.1 217.3  2.15 12.72 227.20  28.33  4  1.48  8.83 222.40  21.11  1.40 12.55 219.25  10.84  0.66 15.67 303.53  12.14  0.15 20.36 305.53   9.06
19870107 180000  7.0 232.9  2.14 13.10 227.28  28.12  4  1.40  8.57 224.51  21.75  1.47 12.80 218.05   9.94  0.65 15.55 303.49  12.02  0.16 20.11 305.82   8.51
19870107 210000  7.0 214.3  2.18 13.18 226.70  27.92  5  1.33  8.19 224.87  22.83  1.60 13.00 217.95  10.26  0.64 15.48 303.61  11.90  0.19 19.26 305.04   8.85  0.06 25.69 311.26   8.17
19870108 000000  8.0 197.6  2.23 13.01 225.37  27.65  4  2.13 12.87 219.64  16.81  0.63 15.45 303.60  11.88  0.22 19.09 305.06   8.96  0.08 25.27 311.34   8.36
19870108 030000  6.3 186.6  2.26 12.70 224.71  27.19  4  2.17 12.63 219.38  16.90  0.61 15.41 303.48  11.90  0.22 19.05 305.35   9.08  0.10 24.88 311.36   8.24
19870108 060000  8.0 199.6  2.27 12.50 224.82  26.59  4  2.18 12.46 219.83  16.80  0.58 15.36 302.96  12.24  0.24 18.94 306.38   8.72  0.13 24.60 311.27   8.27
19870108 090000  7.0 189.3  2.29 12.32 224.96  26.63  4  2.20 12.30 220.22  17.53  0.55 15.28 303.10  12.11  0.26 18.52 305.76   8.48  0.16 24.19 311.44   8.21
19870108 120000  3.3 189.1  2.25 12.08 226.21  26.84  4  2.16 12.05 221.23  17.52  0.52 15.10 303.19  12.34  0.30 17.88 304.71   8.77  0.19 23.63 311.61   8.18
19870108 150000  6.1 228.1  2.18 11.89 228.00  27.30  4  2.08 11.87 222.37  16.96  0.52 14.74 303.39  12.15  0.31 17.81 304.69   9.21  0.24 23.33 311.15   8.31
19870108 180000  6.8 226.7  2.13 11.75 229.64  28.18  4  2.02 11.73 223.28  17.06  0.52 14.58 303.35  11.94  0.31 17.80 305.14   9.46  0.30 23.08 311.02   8.26
19870108 210000  7.3 212.7  2.07 11.64 230.74  29.43  4  1.95 11.63 223.52  17.52  0.50 14.51 302.94  11.84  0.35 22.64 310.86   8.19  0.33 17.67 306.52   8.66
19870109 000000  3.7 214.7  1.98 11.56 232.26  30.79  4  1.85 11.54 223.78  17.66  0.48 14.47 303.18  12.27  0.39 22.08 310.93   8.13  0.36 17.27 305.22   9.36
19870109 030000  5.9 201.3  1.90 11.45 234.48  32.15  4  1.75 11.43 224.30  17.26  0.47 14.44 303.39  12.06  0.44 21.84 310.67   8.31  0.37 16.79 305.22   9.04
19870109 060000  8.4 193.5  1.89 11.34 235.29  34.46  4  1.72 11.33 223.23  18.57  0.51 21.63 310.23   8.41  0.46 14.42 303.59  12.30  0.39 16.67 304.82   9.28
19870109 090000  6.8 183.0  1.89 11.26 236.87  36.31  4  1.69 11.25 222.96  19.86  0.58 21.22 309.97   8.34  0.48 14.46 302.74  12.46  0.37 16.65 306.33   8.18
19870109 120000  0.1  71.8  1.83 20.64 240.35  36.82  3  1.61 11.18 224.62  19.22  0.62 20.65 310.04   8.27  0.60 16.47 304.11  11.11
19870109 150000  5.5 234.7  1.77 20.46 243.45  36.68  3  1.55 11.12 226.51  18.07  0.64 20.46 310.10   8.36  0.58 16.36 304.43  10.42
19870109 180000  6.7 218.4  1.77 20.30 245.64  37.14  4  1.52 11.06 227.33  17.99  0.69 20.31 309.91   8.47  0.50 15.99 303.19   9.95  0.26 13.42 309.31   8.61
19870109 210000  7.0 222.2  1.80 20.00 247.33  38.07  6  1.52 11.05 227.07  18.44  0.77 20.00 309.41   8.53  0.47 15.61 303.93   9.54  0.28 13.44 307.19  10.58  0.12 17.55 258.41   9.77  0.07 20.74 237.60   7.08
19870110 000000  7.5 206.9  1.85 19.41 246.67  39.02  6  1.46 11.25 226.90  19.53  0.80 19.41 309.27   8.51  0.54 13.83 214.94   8.11  0.48 15.50 304.63   9.10  0.28 13.43 306.06  11.70  0.20 20.01 244.40  12.30
19870110 030000  5.0 171.0  1.91 19.17 244.20  39.01  4  1.60 11.80 223.72  19.19  0.81 19.20 309.31   8.54  0.56 15.44 305.15   9.78  0.33 18.93 239.59   9.85
19870110 060000  5.7 195.4  2.01 18.99 242.02  37.59  4  1.68 11.88 223.15  17.87  0.83 19.09 309.51   8.47  0.54 15.35 304.16  10.27  0.49 18.06 238.79   8.37
19870110 090000  4.3 186.6  2.16 18.63 240.79  35.73  4  1.78 11.80 223.34  16.89  0.85 18.94 309.39   8.58  0.70 17.52 238.69   6.98  0.54 15.33 304.43   9.76
19870110 120000  2.6 222.8  2.34 17.81 240.63  33.74  4  1.67 12.24 224.72  16.59  1.27 16.36 231.19  12.60  0.90 18.60 309.13   8.67  0.53 15.22 304.34  10.02
19870110 150000  5.7 233.1  2.50 17.59 240.51  31.99  3  2.27 15.49 228.67  14.98  0.93 18.15 308.81   8.78  0.50 14.87 305.04   9.55
19870110 180000  7.3 228.5  2.63 15.07 240.13  30.74  3  2.41 15.16 229.78  15.48  0.94 18.00 308.91   8.85  0.46 14.46 304.28   9.30
19870110 210000  5.9 215.6  2.65 14.54 240.71  30.32  3  2.44 14.56 230.77  15.77  0.93 17.91 308.81   8.77  0.46 14.43 305.58   9.75
19870111 000000  5.3 209.0  2.62 14.33 241.64  30.36  3  2.41 14.22 231.57  15.91  0.93 17.79 308.98   8.78  0.47 14.50 305.86   9.40
19870111 030000  3.9 211.1  2.57 14.21 243.03  30.78  3  2.35 14.02 232.26  15.96  0.94 17.60 308.71   8.96  0.46 14.48 306.25   9.73
19870111 060000  5.9 201.2  2.52 14.16 243.84  31.46  3  2.28 13.96 232.38  16.49  0.96 17.35 308.44   8.85  0.44 14.40 307.06   9.86
19870111 090000  4.3 189.6  2.48 14.11 243.67  32.13  2  2.25 13.88 231.82  17.26  1.05 17.14 308.01   9.25
19870111 120000  0.5 264.0  2.50 13.99 242.50  32.22  3  2.27 13.67 230.97  17.56  1.05 17.03 308.06   9.33  0.06 24.84 294.18  11.54
19870111 150000  5.1 259.1  2.57 13.46 241.22  31.90  4  2.34 13.15 230.48  17.74  1.04 16.93 308.26   9.30  0.22 18.10 222.44   8.63  0.07 24.33 294.58  11.17
19870111 180000  8.4 230.5  2.68 12.91 239.78  31.24  4  2.46 12.74 230.41  18.44  1.02 16.78 308.56   9.08  0.33 17.85 220.97   9.47  0.09 23.49 294.74  11.25
19870111 210000  7.9 202.5  2.75 16.64 237.06  31.43  4  2.52 12.27 228.62  19.64  1.00 16.62 308.65   9.07  0.46 17.52 219.99   9.21  0.10 23.37 294.46  11.48
19870112 000000  6.3 200.4  2.72 16.53 235.28  31.73  4  2.46 11.71 227.28  20.24  0.97 16.50 308.75   9.08  0.64 16.98 219.15   9.17  0.11 23.33 294.60  11.84
19870112 030000  7.2 198.2  2.74 16.44 233.37  31.65  5  2.12 10.73 221.91  20.80  1.16 12.20 238.87  13.56  0.95 16.44 308.81   9.17  0.85 16.62 219.64   9.24  0.12 23.25 295.07  12.06
19870112 060000  8.9 199.6  2.85 16.32 231.12  31.00  5  2.38 10.68 222.24  20.36  1.03 16.14 220.36   9.10  0.94 16.40 308.76   9.35  0.71 12.90 247.92   8.01  0.14 22.93 295.49  11.83
19870112 090000  5.7 180.4  2.95 16.20 229.84  30.08  4  2.51 10.65 223.77  20.93  1.24 15.78 221.11   9.44  0.92 16.35 308.87   9.28  0.17 22.07 295.62  11.61
19870112 120000  3.3 170.1  3.06 15.87 229.36  28.51  5  2.60 10.86 223.71  19.80  1.32 15.38 222.79   9.05  0.90 16.24 308.80   9.18  0.19 21.89 295.38  11.95  0.07 11.18 333.91   3.71
19870112 150000  5.7 221.6  3.20 15.31 228.73  26.75  5  2.70 11.27 223.48  18.71  1.46 14.60 224.85  10.28  0.87 15.90 308.93   9.20  0.21 21.83 295.41  12.15  0.07 11.07 333.75   3.84
19870112 180000 10.4 222.9  3.33 15.12 228.03  25.70  5  2.81 11.48 222.38  18.30  1.56 13.95 228.56  12.47  0.83 15.67 309.02   9.22  0.22 21.77 295.55  12.36  0.08 10.99 332.08   4.87
19870112 210000 10.0 209.5  3.48 13.55 226.54  25.80  4  3.38 13.30 222.97  18.80  0.79 15.57 309.13   9.23  0.24 21.59 295.42  12.30  0.07 10.72 333.25   4.25
19870113 000000  5.8 201.5  3.51 13.46 226.39  26.14  4  2.93 10.92 220.24  21.20  1.75 13.32 230.26  12.13  0.77 15.53 309.50   9.27  0.28 20.84 295.41  12.04
19870113 030000  5.0 205.9  3.42 13.30 227.29  26.12  4  2.84 10.84 220.97  20.92  1.71 13.19 230.96  12.02  0.75 15.49 309.62   9.31  0.31 20.51 295.53  12.11
19870113 060000  4.8 219.1  3.29 12.80 228.14  25.86  5  2.63 10.74 221.66  20.72  1.81 12.96 229.86  11.93  0.74 15.45 309.84   9.30  0.34 20.43 295.83  12.38  0.08 23.41 217.75   7.19
19870113 090000  2.7 201.1  3.26 12.45 228.32  25.19  5  3.12 12.38 224.53  18.09  0.72 15.38 310.02   9.35  0.44 16.99 230.99   9.51  0.35 20.39 295.52  13.27  0.18 22.08 217.20   7.06
19870113 120000  2.7 236.6  3.29 12.30 228.05  24.32  5  2.64 10.87 222.02  19.03  1.77 12.86 230.55  11.15  0.69 15.27 310.09   9.39  0.36 20.31 295.91  12.70  0.33 21.53 216.85   7.05
19870113 150000  4.9 227.8  3.29 11.96 228.02  23.77  5  2.58 10.81 221.64  18.94  1.83 12.73 231.34  10.34  0.65 15.11 310.10   9.39  0.50 20.44 217.03   7.09  0.39 20.05 295.52  12.50
19870113 180000  9.8 224.1  3.31 11.91 227.84  23.65  5  2.63 10.89 222.33  18.91  1.71 12.86 231.44  11.03  0.72 19.56 216.90   7.44  0.62 14.92 310.14   9.38  0.43 19.35 295.48  12.13
19870113 210000  9.6 202.1  3.41 18.92 226.16  24.03  5  2.68 10.84 220.68  19.93  1.68 12.84 231.38  11.32  1.00 18.82 217.04   7.97  0.60 14.82 310.35   9.34  0.47 19.15 295.49  12.67
19870114 000000 10.6 203.3  3.52 18.13 224.60  24.15  5  2.74 10.76 219.51  21.05  1.62 12.69 230.96  10.53  1.31 17.82 217.16   7.94  0.58 14.76 310.60   9.32  0.48 19.09 296.16  12.68
19870114 030000  6.6 195.6  3.54 17.52 224.33  24.07  6  2.72 10.67 219.86  21.44  1.50 12.75 230.16  11.83  1.45 17.44 217.91   7.88  0.57 14.68 310.81   9.25  0.49 19.05 296.07  13.43  0.43 14.49 225.00   0.00
19870114 060000  6.9 204.7  3.44 16.56 224.87  23.62  4  2.87 10.43 222.67  19.84  1.75 16.59 220.47   9.83  0.54 14.58 310.94   9.13  0.51 18.97 296.20  13.32
19870114 090000  4.3 175.7  3.36 16.28 225.13  23.26  4  2.67 10.45 222.52  19.65  1.90 16.30 221.69  10.43  0.53 18.81 295.87  13.15  0.52 14.49 310.86   9.27
19870114 120000  6.1 191.2  3.30 15.46 225.16  22.98  5  2.38 10.15 220.91  20.05  1.86 15.59 220.65  10.20  1.12 12.25 232.04   9.01  0.55 18.31 295.51  13.02  0.49 14.42 310.96   9.17
19870114 150000  8.0 215.1  3.25 15.18 225.16  23.05  4  2.38 10.46 221.42  19.86  2.08 15.27 222.94  10.78  0.57 17.98 295.29  13.42  0.47 14.38 311.08   9.26
19870114 180000  9.7 220.4  3.25 14.78 225.18  23.50  4  2.44 10.14 220.94  20.29  2.01 15.05 223.77  11.16  0.58 17.88 295.84  13.29  0.46 14.34 311.29   9.18
19870114 210000  8.4 205.1  3.23 14.42 225.01  24.37  3  3.14 14.46 221.88  18.36  0.59 17.82 296.28  13.46  0.44 14.29 311.40   9.16
19870115 000000  7.8 204.3  3.13 14.24 225.27  24.86  3  3.05 14.25 221.97  18.74  0.60 17.77 296.57  13.34  0.42 14.20 311.52   9.12
19870115 030000  5.5 205.1  3.03 14.06 225.66  24.83  4  2.94 14.07 222.21  18.41  0.60 17.70 296.86  12.71  0.41 14.00 311.65   9.13  0.07 23.50 298.09   9.85
19870115 060000  6.8 205.3  2.95 13.76 225.88  24.47  4  2.86 13.78 222.34  17.78  0.60 17.56 296.57  12.60  0.39 13.73 311.72   9.13  0.08 23.34 298.11  10.23
19870115 090000  2.8 187.1  2.93 13.58 225.78  23.91  4  2.84 13.57 222.30  17.11  0.60 17.30 296.03  13.18  0.37 13.60 311.80   9.13  0.09 23.30 297.98  10.64
19870115 120000  1.0 265.3  2.97 13.30 225.51  23.17  4  2.89 13.04 222.19  16.38  0.60 16.92 295.93  13.42  0.36 13.53 312.01   9.12  0.10 23.23 298.01  10.64
19870115 150000  4.1 271.4  2.99 13.12 225.50  22.82  5  2.82 12.63 222.23  16.14  0.67 17.74 221.21   9.09  0.61 16.77 295.73  14.58  0.35 13.48 311.99   9.10  0.12 22.77 298.13  10.28
19870115 180000  6.0 249.3  2.93 13.18 226.06  22.98  5  2.84 12.78 222.51  15.57  0.62 16.68 296.61  13.60  0.33 13.43 312.23   9.08  0.14 21.89 298.77  10.24  0.07 26.76 298.12   9.94
19870115 210000  3.3 216.0  2.82 16.51 226.60  23.30  6  2.46 13.02 222.83  16.24  1.17 16.32 222.13   8.97  0.62 16.62 297.16  12.80  0.33 13.40 312.20   9.08  0.17 21.79 298.32  11.01  0.08 26.69 299.03   9.89
19870116 000000  0.8 324.6  2.71 16.40 226.94  23.46  6  2.38 12.74 222.75  15.44  1.07 16.18 222.58   9.80  0.62 16.57 296.94  13.07  0.31 13.36 312.31   9.12  0.18 21.76 298.14  11.56  0.10 26.58 299.80   9.78
19870116 030000  2.3 207.8  2.63 16.14 227.05  23.43  6  2.15 12.30 222.31  15.53  1.33 15.48 223.58   9.86  0.61 16.51 296.83  12.87  0.31 13.31 312.62   9.12  0.18 21.71 298.12  11.70  0.13 25.59 298.85   9.35
19870116 060000  6.6 195.6  2.59 15.71 226.67  23.58  6  2.16 12.40 221.97  15.39  1.23 15.27 223.00   9.95  0.59 16.43 296.38  13.44  0.29 13.20 312.89   9.11  0.19 21.30 297.84  10.89  0.17 25.03 298.18   9.71
19870116 090000  4.6 178.2  2.57 15.43 226.26  23.97  5  2.47 14.76 221.75  14.66  0.56 16.29 296.73  12.80  0.28 12.89 313.24   9.02  0.24 20.44 298.16  10.77  0.20 24.96 298.38   9.97
19870116 120000  2.1 225.5  2.61 15.03 225.98  23.95  6  2.10 10.98 221.02  15.89  1.37 14.54 222.46  10.42  0.56 16.10 296.99  13.37  0.29 20.35 298.82  11.06  0.26 12.69 313.44   8.80  0.21 24.89 299.13   9.89
19870116 150000  5.0 286.8  2.71 15.08 225.73  24.08  6  2.16 10.52 220.96  16.38  1.46 14.47 221.92  10.45  0.56 15.83 297.98  12.82  0.31 20.32 299.29  11.41  0.26 24.24 298.45   9.46  0.26 12.61 313.27   8.91
19870116 180000  4.3 250.7  2.77 15.14 225.83  24.44  6  2.20 10.44 221.23  16.88  1.50 14.36 221.20  10.49  0.57 15.68 297.89  13.23  0.34 23.43 298.07   9.45  0.30 20.29 299.24  11.82  0.25 12.57 313.27   9.00
19870116 210000  5.0 215.5  2.75 15.08 225.69  24.54  6  2.01 10.51 220.80  16.95  1.70 14.16 220.96  10.80  0.56 15.58 297.83  13.26  0.37 23.35 297.96   9.89  0.30 20.09 298.74  11.46  0.25 12.56 313.04   9.01
19870117 000000  1.6 197.0  2.69 14.81 225.69  24.84  6  2.01 14.12 220.60  10.68  1.60  9.48 220.37  18.59  0.55 15.51 297.06  13.58  0.37 23.31 298.29  10.23  0.35 19.14 299.02  10.74  0.24 12.54 313.09   9.02
19870117 030000  5.5 189.9  2.65 14.68 226.22  25.75  5  2.52 14.18 220.21  13.81  0.54 15.46 296.58  13.50  0.42 19.03 298.47  10.79  0.41 22.98 298.52   9.68  0.25 12.55 313.47   9.01
19870117 060000  7.8 183.6  2.65 14.67 226.72  27.36  5  2.49 14.24 219.61  14.25  0.52 21.93 298.25   9.47  0.52 15.42 296.76  13.46  0.45 18.98 298.88  10.88  0.24 12.52 313.71   8.88
19870117 090000  6.1 182.6  2.63 14.65 227.13  28.26  5  2.47 14.28 219.45  14.73  0.57 21.83 297.78   9.70  0.51 15.39 297.43  13.00  0.46 18.96 299.69  11.42  0.23 12.46 314.16   8.59
19870117 120000  1.9 300.0  2.55 14.57 227.74  27.98  4  2.39 14.20 220.05  14.08  0.56 21.80 298.15  10.26  0.55 15.37 301.20  13.15  0.43 18.88 299.63  11.44
19870117 150000  3.8 262.5  2.47 14.33 228.43  27.70  5  2.31 13.94 220.66  13.25  0.53 21.72 298.44  10.04  0.49 15.30 299.38  12.60  0.45 18.42 300.55  11.38  0.18 11.77 314.00   8.24
19870117 180000  5.8 254.7  2.51 14.22 230.12  28.52  5  2.33 13.89 221.39  13.36  0.61 20.76 298.01   9.46  0.50 17.83 299.45  10.91  0.47 15.17 300.36  12.77  0.17 11.72 313.83   8.69
19870117 210000  3.5 228.0  2.58 14.26 231.92  29.90  5  2.36 14.04 221.61  13.45  0.75 20.41 298.34   9.67  0.54 17.71 298.99  10.90  0.43 14.78 299.09  12.34  0.18 11.73 314.06   8.75
19870118 000000  1.7 211.1  2.54 20.37 232.94  30.63  5  2.31 14.11 221.64  13.21  0.78 20.37 298.16  10.00  0.57 17.70 299.81  11.20  0.40 14.53 297.46  11.93  0.18 11.73 314.06   8.74
19870118 030000  2.1 209.0  2.44 14.17 233.32  30.83  5  2.21 13.95 221.74  12.90  0.73 20.37 298.44  10.36  0.59 17.69 300.18  10.69  0.39 14.45 297.21  12.50  0.18 11.73 314.29   8.74
19870118 060000  2.8 161.3  2.35 14.04 233.62  31.07  5  2.13 13.75 221.72  12.56  0.71 20.25 298.68  10.03  0.55 17.60 299.47  11.62  0.43 14.50 299.97  12.74  0.18 11.74 314.16   8.25
19870118 090000  1.6 157.2  2.34 13.76 234.96  32.14  4  2.09 13.57 221.65  12.48  0.93 19.26 298.98  10.48  0.46 14.58 300.87  12.44  0.16 11.68 314.46   8.76
19870118 120000  0.5 237.7  2.40 19.04 236.59  33.31  4  2.11 13.39 221.55  12.71  0.89 19.09 297.59  10.21  0.52 16.75 301.71   9.57  0.49 14.56 303.16  12.93
19870118 150000  4.6 304.0  2.43 19.02 237.94  34.20  4  2.12 13.20 221.97  14.57  0.94 19.04 298.19  10.08  0.64 16.54 299.44  12.10  0.31 14.16 308.37   9.54
19870118 180000  3.4 271.8  2.37 19.00 238.97  34.58  3  2.07 13.03 222.43  15.15  0.92 19.03 298.81  10.59  0.73 16.56 300.12  11.85
19870118 210000  3.8 235.6  2.29 18.94 239.51  34.57  3  1.98 12.93 222.64  14.55  0.93 18.94 297.77  11.02  0.65 16.43 302.97  10.87
19870119 000000  4.2 217.8  2.23 18.67 240.49  34.96  3  1.92 12.81 222.72  14.21  1.13 18.68 299.33  10.80  0.12 12.38 327.60   7.87
19870119 030000  2.3 198.5  2.20 17.86 242.16  35.85  2  1.86 12.69 222.42  13.85  1.17 17.88 299.56  11.33
19870119 060000  3.7 214.7  2.18 17.77 244.06  36.49  2  1.81 12.58 222.42  13.40  1.21 17.78 299.43  11.41
19870119 090000  1.5 135.2  2.14 17.75 245.32  36.77  2  1.76 12.46 222.53  13.11  1.22 17.75 299.31  11.46
19870119 120000  2.6 203.5  2.08 17.71 246.52  36.90  3  1.70 12.33 222.82  12.93  1.19 17.72 298.69  10.90  0.17 11.53 324.39  10.20
19870119 150000  3.1 246.4  2.01 17.65 247.75  36.99  3  1.62 12.09 223.27  12.86  1.17 17.65 298.73  10.91  0.17 11.25 325.38  10.21
19870119 180000  6.5 219.3  1.97 17.49 248.56  37.05  3  1.59 11.90 224.06  14.04  1.15 17.50 298.94  11.13  0.15 11.21 328.50   8.16
19870119 210000  6.7 208.7  1.95 17.05 248.33  37.52  4  0.55  3.40 222.50  30.30  1.48 11.78 223.99  12.47  1.14 17.07 299.01  11.39  0.15 10.97 327.13   9.63
19870120 000000  4.3 201.1  1.91 16.75 249.09  37.84  4  1.54 11.69 223.87  16.50  1.12 16.76 298.98  11.32  0.15 10.93 328.03   8.78  0.08 22.36 228.55   7.65
19870120 030000  5.6 199.7  1.86 16.64 249.94  37.90  4  1.48 11.60 224.04  16.53  1.11 16.65 298.91  11.22  0.15 10.86 328.26   8.67  0.14 21.56 228.60   7.81
19870120 060000  6.2 200.0  1.83 16.55 249.41  37.85  5  1.42 11.51 223.81  16.86  1.08 16.58 298.88  11.30  0.29 15.55 223.84   6.72  0.25 20.57 228.84   7.74  0.15 10.68 327.93   9.22
19870120 090000  3.8 198.2  1.85 16.48 248.09  37.08  5  1.38 11.42 223.88  16.38  1.06 16.53 299.05  11.64  0.46 14.78 225.92   9.30  0.40 19.53 228.59   7.48  0.14 10.50 328.29   8.94
19870120 120000  1.4 308.9  2.00 16.57 243.26  34.91  5  1.46 11.32 223.68  15.50  1.04 16.49 299.41  11.79  0.65 18.62 228.22   7.61  0.60 14.52 225.95   7.76  0.14 10.37 329.41   7.96
19870120 150000  5.6 249.8  2.33 16.82 237.28  31.29  4  1.84 13.64 223.91  14.63  1.02 16.44 299.63  12.02  0.98 17.75 227.73   7.68  0.13 10.23 329.84   8.11
19870120 180000  6.8 226.9  2.64 16.63 233.78  28.28  4  2.11 13.49 224.03  15.45  1.24 16.95 227.76   7.76  0.98 16.38 299.87  11.72  0.13 10.22 329.61   7.73
19870120 210000  8.0 209.6  2.81 16.40 232.14  26.59  2  2.65 16.46 225.18  14.37  0.95 16.29 300.67  12.21
19870121 000000 10.4 194.0  2.98 15.90 229.69  26.37  3  2.06 11.82 220.46  20.86  1.95 15.83 227.75   7.93  0.91 16.13 301.25  12.54
19870121 030000  9.1 196.1  3.12 15.58 228.35  25.86  2  3.00 15.53 223.63  17.49  0.87 15.80 301.76  12.84
19870121 060000  9.5 197.6  3.21 15.47 227.87  25.17  2  3.09 15.42 223.65  17.43  0.85 15.61 301.86  13.16
19870121 090000  6.0 194.3  3.19 15.39 228.24  24.51  3  2.46 15.32 227.75   8.91  1.85  8.46 217.29  23.90  0.83 15.53 302.23  12.67
19870121 120000  2.7 235.8  3.11 15.29 228.86  23.75  2  3.00 15.18 224.70  15.41  0.82 15.49 301.94  12.94
19870121 150000  6.7 225.7  3.03 15.12 229.12  23.22  2  2.92 14.82 224.94  14.40  0.80 15.46 302.21  13.00
19870121 180000  6.1 223.2  2.96 14.81 228.92  23.03  2  2.85 14.60 224.84  14.10  0.77 15.44 302.89  13.23
19870121 210000  5.8 222.7  2.84 14.64 228.56  22.94  2  2.75 14.51 224.54  13.87  0.74 15.39 303.63  13.37
19870122 000000  3.8 205.3  2.71 14.43 228.04  23.08  2  2.62 14.34 223.98  13.74  0.71 15.28 304.16  13.37
19870122 030000  5.4 186.6  2.58 14.22 227.41  23.55  2  2.48 14.11 223.19  13.81  0.68 15.06 304.65  13.11
19870122 060000  8.5 190.3  2.49 13.80 225.87  24.78  2  2.40 13.66 221.50  15.20  0.66 14.77 304.91  12.96
19870122 090000  5.8 191.4  2.40 13.55 225.22  25.65  3  2.31 13.46 220.66  16.01  0.64 14.66 305.24  13.04  0.11 21.72 301.12  10.77
19870122 120000  4.6 219.2  2.30 13.36 225.56  25.90  3  2.21 13.26 220.76  15.77  0.62 14.60 305.48  13.24  0.14 21.62 302.88  11.46
19870122 150000  5.4 231.3  2.24 12.91 225.78  25.84  3  2.15 12.82 221.02  15.79  0.60 14.54 305.65  13.42  0.16 21.57 302.56  11.52
19870122 180000  7.2 230.5  2.26 12.71 225.91  25.55  4  2.18 12.64 221.60  16.61  0.57 14.48 306.12  13.24  0.17 21.46 301.67  11.07  0.06 19.21 219.11   8.33
19870122 210000  7.5 212.9  2.27 12.63 225.40  25.74  5  1.87  9.33 221.89  19.21  1.14 12.55 219.86  11.03  0.55 14.42 306.58  13.21  0.19 21.07 302.98  11.68  0.08 19.08 219.78   8.92
19870123 000000  7.5 197.8  2.23 12.51 224.78  26.49  4  1.85  9.23 220.82  19.95  1.10 12.43 219.92  10.93  0.54 14.39 307.54  13.03  0.22 20.34 302.71  11.77
19870123 030000  6.7 195.1  2.17 12.16 224.44  27.42  5  1.70  9.10 219.42  21.25  1.21 12.08 220.87  11.50  0.52 14.35 308.52  12.78  0.24 20.23 302.66  11.88  0.11 19.71 220.82  10.19
19870123 060000  8.9 204.1  2.14 11.86 223.92  27.82  6  1.63  8.80 218.35  22.18  1.25 11.82 220.88  11.21  0.51 14.30 309.18  12.59  0.27 20.17 302.31  11.93  0.13 18.27 221.31   9.86  0.06 25.09 303.04  10.96
19870123 090000  5.7 194.6  2.14 11.74 224.04  27.86  6  1.64  8.75 218.54  22.95  1.24 11.70 221.33  11.06  0.48 14.18 309.49  12.53  0.28 20.06 301.86  12.02  0.16 18.33 222.54   9.61  0.07 24.97 303.72  10.73
19870123 120000  5.9 211.7  2.12 11.62 225.10  27.26  5  2.04 11.58 220.79  19.15  0.45 13.83 309.35  12.90  0.31 19.76 302.46  12.10  0.19 18.65 222.92  10.16  0.08 24.92 304.52  10.20
19870123 150000  4.8 226.9  2.12 11.28 226.03  26.72  5  2.04 11.22 221.73  18.59  0.44 13.65 309.42  13.17  0.33 19.00 302.32  12.19  0.20 18.52 225.06   9.41  0.10 24.72 304.56  10.18
19870123 180000  7.4 238.8  2.14 11.00 227.25  26.75  6  1.69  9.18 222.32  20.64  1.15 11.09 223.63  12.45  0.43 13.59 309.80  13.23  0.36 18.90 302.48  12.26  0.25 17.86 224.75   9.12  0.12 23.66 303.31  10.75
19870123 210000  7.0 211.2  2.11 10.93 227.77  27.60  6  1.66  9.12 222.13  20.98  1.13 11.02 223.97  12.33  0.44 13.57 310.77  12.83  0.38 18.85 301.50  12.24  0.29 17.67 224.58   8.49  0.15 23.39 302.74  11.13
19870124 000000  6.8 199.6  2.08 10.98 227.42  28.70  6  1.59  8.77 220.97  21.84  1.14 10.95 223.20  11.98  0.44 13.55 311.41  13.01  0.39 18.78 300.70  12.05  0.31 17.51 224.58   8.23  0.18 23.33 303.41  11.03
19870124 030000  6.8 192.9  2.08 13.26 226.74  29.45  6  1.54  8.41 218.50  23.07  1.20 11.11 224.35  11.73  0.42 13.52 311.97  12.49  0.42 18.63 301.33  12.48  0.36 16.80 225.38   9.48  0.19 23.24 304.21  10.61
19870124 060000  7.7 199.2  2.12 13.17 226.69  29.29  6  1.57  8.02 218.27  23.14  1.22 12.28 224.74  11.43  0.44 17.91 301.69  12.64  0.40 13.47 312.85  11.61  0.39 16.68 225.82   9.24  0.22 22.79 303.90  10.38
19870124 090000  6.3 187.7  2.18 12.75 227.13  28.89  6  1.56  7.93 218.80  23.62  1.30 12.41 224.89  11.46  0.46 16.45 224.48   8.61  0.45 17.64 301.51  12.69  0.37 13.39 313.29  11.33  0.27 21.97 302.89  10.73
19870124 120000  1.9 151.5  2.23 12.51 228.14  28.15  6  1.57  8.17 219.68  22.78  1.35 12.27 226.00  11.48  0.51 15.79 225.55   8.56  0.47 17.59 301.63  12.90  0.35 13.24 313.66  11.06  0.30 21.85 302.67  11.23
19870124 150000  3.3 245.7  2.26 12.30 229.03  27.43  6  1.54  8.28 220.91  21.94  1.38 11.95 226.07  11.49  0.62 15.52 226.21   8.84  0.48 17.56 301.37  12.90  0.34 13.06 314.29  10.79  0.32 21.79 302.96  11.37
19870124 180000  8.1 235.0  2.29 12.00 230.08  27.35  6  1.54  8.33 222.33  21.98  1.39 11.76 226.54  11.32  0.66 15.46 226.37   8.54  0.49 17.51 300.90  13.06  0.34 12.91 314.94   9.83  0.34 21.66 304.28  10.85
19870124 210000  8.6 205.8  2.34 11.84 229.27  28.55  6  1.63  8.26 220.11  23.11  1.27 11.65 227.29  10.93  0.82 15.08 225.69   8.86  0.51 17.39 301.26  13.32  0.39 20.95 304.00  10.49  0.33 12.80 314.75  10.74
19870125 000000  8.2 194.4  2.49 14.56 227.36  29.39  6  1.81  7.71 217.26  24.04  1.27 11.56 227.64  11.24  0.85 14.55 225.99   8.74  0.50 16.91 300.13  13.05  0.44 20.50 303.20  10.71  0.34 12.71 315.55  10.16
19870125 030000  8.1 198.1  2.64 14.45 226.04  29.23  6  2.07  8.01 217.85  24.36  1.20 11.40 226.99  10.32  0.85 14.51 225.24   8.59  0.51 16.54 300.89  13.50  0.46 20.42 302.72  11.17  0.31 12.65 315.08  10.65
19870125 060000  8.3 200.0  2.71 14.33 225.55  28.61  5  2.14  8.47 217.50  23.95  1.49 14.27 227.24  10.21  0.50 16.43 300.56  13.48  0.46 20.35 303.05  11.43  0.29 12.61 315.55   9.91
19870125 090000  5.6 192.0  2.72  8.83 226.37  27.98  5  2.21  8.83 219.20  22.71  1.40 13.76 227.64   9.84  0.50 16.39 300.90  13.81  0.47 20.21 304.27  11.18  0.27 12.52 315.81   9.76
19870125 120000  6.3 189.2  2.68 13.46 227.81  27.89  5  2.14  9.09 220.38  21.87  1.42 13.48 227.72  10.01  0.51 16.38 301.08  13.62  0.50 19.60 304.44  10.95  0.26 12.48 316.98   8.39
19870125 150000  7.3 218.8  2.63 13.42 229.20  28.23  6  1.90  8.82 219.56  22.07  1.62 13.43 228.29  10.51  0.55 19.18 303.92  10.70  0.50 16.34 299.61  12.93  0.29 12.54 318.42   7.45  0.19 17.96 219.44   8.92
19870125 180000  8.5 226.5  2.64 13.38 229.91  28.21  5  1.97  8.84 221.01  21.59  1.54 13.38 228.54  10.51  0.58 16.21 303.96  14.54  0.57 19.09 303.05  10.92  0.22 17.84 219.58   8.52
19870125 210000  8.2 211.9  2.66 13.30 229.75  28.27  6  2.04  8.75 221.46  22.26  1.48 13.28 228.66  10.69  0.56 19.05 302.58  11.33  0.53 15.80 301.30  13.72  0.32 17.38 223.08   8.06  0.23 12.08 317.64   7.66
19870126 000000  5.8 204.1  2.66 13.07 229.21  28.51  6  2.08  8.51 221.65  23.06  1.41 13.01 227.92  10.12  0.58 18.93 303.39  11.43  0.50 15.54 301.05  14.88  0.38 16.80 222.38   8.68  0.18 11.75 317.33   8.34
19870126 030000  5.7 201.5  2.60 12.73 229.26  28.86  6  2.01  8.44 221.30  23.48  1.38 12.72 227.99   9.57  0.58 18.71 304.20  11.43  0.49 15.43 300.35  15.29  0.47 16.55 222.85   8.91  0.18 11.74 317.58   7.96
19870126 060000  8.5 189.9  2.57 12.58 228.51  29.82  6  2.06  8.40 220.77  23.39  1.20 12.59 226.72   9.73  0.60 18.12 304.52  11.18  0.52 16.32 221.91   8.28  0.47 15.39 299.81  13.99  0.22 11.99 317.94   7.45
19870126 090000  7.7 176.5  2.72  8.55 226.22  30.01  6  2.34  8.55 219.25  23.09  0.96 12.48 226.26  10.28  0.62 17.91 304.01  11.16  0.61 15.70 223.87   9.03  0.46 15.37 298.43  14.02  0.25 12.22 318.41   7.05
19870126 120000  4.1 190.0  2.81  8.91 226.28  29.30  6  2.39  8.91 219.51  22.91  1.04 12.31 227.67  10.23  0.66 15.44 221.80   8.50  0.62 17.84 303.44  11.23  0.47 15.38 299.11  13.20  0.25 12.47 318.39   7.03
19870126 150000  7.6 202.7  2.68  8.83 227.60  29.16  6  2.29  8.83 221.20  21.89  0.87 12.23 226.71  11.19  0.74 15.18 220.70   9.70  0.60 17.80 302.81  11.50  0.49 15.44 299.82  13.28  0.23 12.46 318.29   8.03
19870126 180000  8.8 222.0  2.57 14.88 227.98  29.30  6  2.08  8.45 221.42  22.09  1.00 14.72 219.89   9.99  0.79 11.91 227.36  10.93  0.75 17.68 301.62  13.00  0.22 12.47 318.69   7.17  0.19 14.21 298.43   8.10
19870126 210000  9.3 212.4  2.66 14.34 226.62  29.00  5  2.06  7.91 220.94  23.19  1.48 14.09 221.02  11.09  0.65 17.58 303.42  11.74  0.39 14.78 297.84  14.12  0.22 12.43 318.77   7.12
19870127 000000  3.7 194.9  2.73 14.17 225.25  28.84  5  2.03  7.57 219.93  24.53  1.65 14.01 220.05  10.32  0.65 17.33 303.74  12.00  0.40 14.64 299.06  14.38  0.19 11.77 319.65   7.19
19870127 030000  7.2 201.3  2.70 14.15 225.03  28.14  4  1.81  7.41 218.94  25.14  1.84 14.06 220.56   9.84  0.64 16.92 304.25  11.94  0.44 14.58 301.64  15.99
19870127 060000  8.6 201.3  2.66 14.06 224.97  27.35  5  1.57  7.23 216.41  25.77  2.01 13.76 221.80  10.15  0.62 16.75 303.24  12.18  0.39 14.60 299.01  14.43  0.19 11.81 318.94   6.64
19870127 090000  3.8 182.3  2.60 13.42 226.42  26.60  4  2.06 13.26 223.21   9.89  1.41  6.92 216.76  25.91  0.73 16.62 301.50  12.94  0.19 11.77 318.80   6.79
19870127 120000  3.4 338.3  2.53 13.22 228.84  26.19  4  2.08 13.14 224.77  10.17  1.22  6.88 218.79  26.17  0.73 16.57 301.28  12.69  0.18 11.76 318.77   6.73
19870127 150000  4.7 304.9  2.45 13.15 231.53  26.76  3  2.32 13.07 225.46  16.33  0.75 16.53 301.57  12.49  0.18 11.70 319.04   7.00
19870127 180000  4.4 289.0  2.35 13.12 233.59  26.90  3  2.22 12.99 226.89  15.59  0.76 16.47 301.55  12.96  0.17 11.68 319.09   6.99
19870127 210000  2.5 285.6  2.23 12.88 234.94  26.95  3  2.10 12.77 227.84  14.98  0.75 16.38 301.78  13.22  0.17 11.64 319.15   6.97
19870128 000000  2.6 268.0  2.10 12.63 235.83  27.00  3  1.97 12.56 228.47  14.68  0.72 16.18 301.64  13.58  0.17 11.55 319.14   7.00
19870128 030000  1.0 187.6  1.99 12.52 236.32  27.20  2  1.86 12.47 228.76  14.82  0.70 15.78 302.47  13.69
19870128 060000  3.3 228.2  1.93 12.49 236.24  27.66  3  1.80 12.45 228.36  15.11  0.68 15.64 301.36  13.10  0.15 11.10 319.12   6.67
19870128 090000  1.6 195.1  1.94 12.49 235.60  28.11  3  1.81 12.46 227.46  15.32  0.69 15.57 301.20  12.81  0.15 11.06 319.12   6.52
19870128 120000  1.2 173.2  2.00 12.49 234.97  27.98  3  1.86 12.45 226.83  14.85  0.71 15.52 300.90  12.93  0.15 11.05 319.03   6.56
19870128 150000  2.8 284.7  2.07 12.50 234.62  27.21  3  1.93 12.46 226.90  14.19  0.72 15.48 300.65  13.05  0.15 10.99 319.33   6.80
19870128 180000  6.1 242.9  2.16 12.50 234.66  26.28  4  2.01 12.45 228.20  14.66  0.72 15.43 300.11  13.44  0.35 18.56 214.29   5.28  0.15 10.96 319.21   6.87
19870128 210000  5.2 204.9  2.23 12.41 233.51  25.24  4  1.95 12.36 229.24  14.40  0.81 16.47 216.85   6.95  0.71 15.38 299.34  13.87  0.15 10.88 319.56   6.04
19870129 000000  7.9 194.6  2.30 15.47 231.71  24.72  3  1.90 12.25 229.15  15.69  1.08 15.92 217.84   6.84  0.70 15.32 299.87  14.49
19870129 030000  8.6 190.9  2.39 15.27 229.80  25.19  5  0.75  3.73 206.49  31.64  1.80 12.25 230.78  12.53  1.19 15.40 218.14   7.02  0.66 15.25 298.76  14.07  0.14 10.54 318.36   6.94
19870129 060000  8.8 191.4  2.45 14.68 229.05  25.49  4  0.88  4.12 205.03  31.77  2.18 14.55 227.35  12.50  0.65 15.16 299.15  13.62  0.13 10.45 317.94   7.28
19870129 090000  9.0 186.8  2.51 14.30 228.99  25.87  4  1.02  4.51 206.12  31.80  2.20 14.21 228.39  12.76  0.64 14.94 299.29  13.14  0.13 10.40 317.85   7.39
19870129 120000  9.6 191.3  2.56 13.91 229.66  26.11  4  1.12  4.79 207.43  31.64  2.21 13.59 229.99  13.33  0.63 14.64 299.52  12.51  0.13 10.36 317.82   7.51
19870129 150000 10.1 206.8  2.70 13.34 231.06  25.31  4  1.30  5.25 213.01  29.23  2.22 13.44 231.26  13.99  0.66 14.54 297.79  14.81  0.48 12.66 245.00   0.02
19870129 180000  9.8 217.9  2.84 12.95 233.14  24.80  2  2.76 12.85 230.30  20.77  0.63 14.49 299.65  12.88
19870129 210000 10.8 211.7  2.85 12.54 234.45  25.49  3  2.59 12.87 227.87  21.13  1.02 11.74 254.11   7.57  0.65 14.49 298.35  13.59
19870130 000000 11.8 201.8  2.80 12.38 233.81  27.44  3  1.78  6.13 223.42  29.94  2.06 12.33 235.61  16.43  0.64 14.52 298.64  13.26
19870130 030000  9.7 189.7  2.71 12.21 232.93  29.64  3  1.79  6.40 220.68  32.21  1.93 12.11 236.24  16.87  0.64 14.54 299.01  13.11
19870130 060000 11.1 193.0  2.64 11.90 231.47  30.78  4  1.79  6.52 217.56  32.40  1.84 11.86 236.78  17.21  0.62 14.59 299.10  12.71  0.10  9.81 317.63   8.24
19870130 090000  9.8 189.0  2.65 11.78 229.76  30.97  6  1.95  6.83 218.44  31.75  1.69 11.75 236.12  16.70  0.58 14.65 299.07  11.91  0.10  9.74 318.96   7.37  0.07 20.08 308.86   9.58  0.07 11.83 335.00   0.06
19870130 120000  6.3 180.5  2.54 11.74 232.17  29.85  8  1.86  7.36 222.87  31.10  1.50 11.68 235.84  17.52  0.65 14.07 236.89   8.59  0.56 14.76 299.31  11.51  0.09  9.68 318.25   7.50  0.08 11.76 333.33   3.73  0.06 20.26 307.70  10.36  0.05 25.23 311.80   8.07
19870130 150000  7.4 211.6  2.46 12.56 234.56  27.83  6  1.79  8.04 226.95  28.57  1.59 12.22 236.59  15.85  0.55 14.75 299.10  11.55  0.11 11.66 328.75   7.26  0.07 25.00 312.60   8.36  0.06 20.31 306.96  10.56
19870130 180000 11.2 215.2  2.60 12.60 232.71  26.97  5  2.02  8.34 225.98  26.26  1.53 12.47 236.36  15.84  0.55 14.53 299.19  11.34  0.11 11.31 329.26   7.01  0.08 24.92 312.79   8.64
19870130 210000 12.1 211.8  2.99 12.41 228.95  26.91  4  2.94 12.33 226.82  24.08  0.54 14.39 298.95  11.17  0.11 11.27 328.92   6.53  0.10 24.67 312.09   8.37
19870131 000000 10.2 189.8  3.28  8.63 226.15  27.88  6  2.92  8.62 221.90  27.07  1.36 11.66 234.27  11.63  0.54 14.15 297.99  11.80  0.13 23.63 311.98   8.03  0.11 18.88 308.74  10.29  0.11 11.12 329.11   6.47
19870131 030000 12.0 194.6  3.32  9.00 223.59  28.62  6  2.94  9.00 218.55  27.70  1.42 11.38 233.84  11.34  0.53 14.09 297.91  12.08  0.16 23.37 312.45   8.13  0.12 18.82 307.79   9.86  0.10 10.97 328.93   7.06
19870131 060000 13.5 190.1  3.36  9.02 220.43  29.32  5  2.99  9.02 214.87  28.14  1.43 11.31 233.31  11.00  0.53 14.11 299.01  13.14  0.18 23.31 312.78   8.51  0.13 18.85 307.41  10.45
19870131 090000 11.5 182.0  3.35  9.01 219.89  29.55  6  2.99  9.01 214.15  28.15  1.40 11.36 234.21  11.44  0.51 14.14 298.40  12.20  0.20 23.17 312.33   8.55  0.13 18.92 307.28  10.61  0.09 10.58 329.41   6.83
19870131 120000  8.4 182.1  3.10  9.01 223.36  28.74  6  2.63  9.01 216.45  28.02  1.55 11.59 233.53  10.46  0.49 14.21 298.12  12.66  0.25 22.24 311.76   8.18  0.13 18.70 310.20   8.12  0.08 10.37 330.08   6.86
19870131 150000 11.6 197.7  2.96 11.82 224.92  28.08  4  2.90 11.79 222.52  24.54  0.48 14.25 300.36  11.31  0.31 21.87 312.05   8.05  0.07 10.34 329.80   6.59
19870131 180000 13.1 209.0  3.19 11.70 224.51  26.82  5  3.14 11.68 222.48  23.54  0.43 14.24 299.53  10.68  0.33 21.81 312.48   8.28  0.19 17.59 308.37  10.02  0.07 10.26 329.63   6.73
19870131 210000 13.0 207.4  3.46  8.49 225.56  26.32  4  3.42  8.49 223.86  23.58  0.42 14.22 300.48  11.41  0.33 21.74 312.46   8.54  0.20 17.63 308.07  10.07
19870201 000000 12.5 197.7  3.61  8.87 225.53  26.81  5  2.97  8.79 218.16  26.01  1.97 10.85 235.70  12.68  0.42 14.15 301.39  11.44  0.37 21.23 311.69   8.37  0.19 17.70 307.57   9.91
