Date     Time   Uabs UDir  hs    tp    th     sp     np hs(i) tp(i) th(i)  sp(i)
20090401 000000  7.0 197.9  2.73 12.60 220.31  24.50  4  2.28  7.52 217.39  25.99  1.50 12.61 225.02  14.79  0.18 15.31 312.42  11.09  0.16 11.71 315.32   9.90
20090401 030000  6.3 201.0  2.46 12.38 221.69  24.51  4  2.02  7.59 219.17  25.90  1.39 12.39 224.79  15.19  0.19 15.17 313.54   9.58  0.16 11.59 316.46   8.46
20090401 060000  4.5 205.0  2.19 12.05 222.80  24.50  6  1.73  7.47 220.14  25.70  1.23 12.06 221.90  14.36  0.48 13.61 243.13   7.85  0.22 14.66 313.04  10.14  0.15 11.44 316.82   8.54  0.06 17.92 214.69   7.83
20090401 090000  3.7 204.9  1.96 11.92 224.11  24.75  6  1.50  7.26 222.16  25.39  1.10 11.77 219.40  14.28  0.54 13.31 242.41   7.34  0.23 14.49 312.46  10.79  0.15 11.33 316.79   8.33  0.07 17.70 214.39   7.33
20090401 120000  2.9 236.3  1.76 11.84 225.59  25.24  6  1.29  6.97 223.59  25.56  1.06 11.69 220.46  14.05  0.45 12.85 245.17   7.63  0.24 14.42 312.07  11.31  0.16 11.34 315.53   9.90  0.09 17.42 214.71   7.67
20090401 150000  2.2 245.3  1.61 11.75 227.04  25.86  6  1.14  6.75 225.66  25.59  0.99 11.59 220.07  14.61  0.45 12.88 243.88   7.84  0.26 14.36 311.97  11.60  0.16 11.31 315.46  10.02  0.10 16.81 215.35   9.65
20090401 180000  4.0 239.8  1.48 11.44 228.41  26.62  6  1.04  6.57 227.24  25.15  0.90 11.25 219.09  14.48  0.45 12.72 244.34   7.32  0.27 14.24 312.26  11.47  0.16 11.31 314.23  12.04  0.11 16.68 215.19   8.00
20090401 210000  5.7 219.7  1.39 11.30 229.41  27.66  6  0.96  6.51 227.91  25.26  0.84 11.06 218.91  15.05  0.45 12.58 243.68   7.64  0.28 13.94 312.78  10.84  0.16 11.23 315.07  11.67  0.13 16.55 215.19   8.45
20090402 000000  3.3 199.7  1.30 11.25 229.92  29.22  6  0.87  6.41 226.81  26.07  0.80 11.09 220.08  15.75  0.39 12.64 245.20   7.23  0.29 13.73 313.60  10.07  0.16 11.15 315.20  11.44  0.14 16.22 214.98   7.12
20090402 030000  4.3 202.4  1.19 11.26 231.08  30.47  6  0.76  6.20 226.65  26.50  0.71 10.93 218.01  15.43  0.46 12.44 244.09   7.94  0.30 13.64 314.28   9.58  0.16 15.67 215.31   7.18  0.15 11.08 315.41   9.66
20090402 060000  5.5 180.3  1.11 11.43 231.10  32.26  6  0.67  6.20 221.75  28.29  0.68 10.50 220.88  17.66  0.43 12.23 244.06   8.02  0.30 13.59 314.59   8.96  0.17 15.58 215.98   7.41  0.15 11.05 315.69   9.40
20090402 090000  4.6 184.2  1.03 11.63 232.37  33.75  6  0.85 10.39 220.26  24.23  0.44 11.92 243.60   9.06  0.30 13.54 314.33   9.50  0.17 15.48 215.19   7.06  0.14 10.93 315.80   9.38  0.05 19.93 234.75   6.37
20090402 120000  4.6 183.6  0.97 11.73 235.01  34.94  6  0.73 11.81 233.41  25.09  0.49 10.34 211.64  11.25  0.32 13.47 313.95  10.17  0.18 15.14 215.48   7.36  0.14 18.98 233.99   6.58  0.14 10.92 315.94   9.27
20090402 150000  6.2 199.3  1.01 11.85 234.15  35.87  8  0.51  2.98 208.83  30.98  0.52 11.82 245.55   9.30  0.46 10.33 212.99  11.67  0.33 13.36 313.57  10.31  0.32 17.96 233.53   6.72  0.19 14.64 215.67   7.92  0.15 10.97 316.95   9.21  0.06 20.42 290.49  11.67
20090402 180000  6.6 224.4  1.14 16.95 235.70  31.96  6  0.77 11.77 230.07  26.43  0.60 16.99 233.53   7.15  0.41 10.24 213.52  11.77  0.37 13.15 314.19  10.15  0.19 14.62 215.16   7.90  0.08 20.36 289.71  12.60
20090402 210000  6.1 215.8  1.33 16.05 236.22  27.59  7  0.58  3.66 221.58  29.81  0.91 16.07 233.30   8.57  0.57 10.02 226.83  17.99  0.37 12.89 314.81   9.34  0.36 11.68 246.21   7.61  0.08 20.34 289.81  12.71  0.07 15.56 303.95  12.39
20090403 000000  3.1 194.4  1.57 15.33 235.79  23.45  5  1.21 15.33 233.71   8.92  0.86  9.50 226.71  22.99  0.37 12.79 314.67   9.20  0.33 11.56 246.64   8.12  0.08 20.32 290.15  13.37
20090403 030000  4.1 189.4  1.95 14.58 234.65  19.35  4  1.66 14.60 233.37  10.02  0.94  8.56 229.27  19.92  0.37 12.72 314.69   9.18  0.08 20.26 291.08  13.39
20090403 060000  5.4 170.0  2.52 14.15 232.56  17.12  2  2.49 14.17 231.30  13.16  0.37 12.66 314.90   8.90
20090403 090000  5.1 185.7  2.99 13.82 232.02  16.33  3  2.96 13.85 231.02  13.14  0.37 12.60 315.18   8.52  0.12 19.17 297.27  13.16
20090403 120000  6.0 188.1  3.16 13.67 232.61  16.63  2  3.14 13.70 231.76  13.99  0.38 12.54 315.19   8.52
20090403 150000  6.3 200.0  3.14 13.55 233.52  17.26  2  3.12 13.58 232.65  14.73  0.38 12.48 315.30   8.35
20090403 180000  7.8 212.1  3.08 13.45 234.30  17.47  2  3.06 13.48 233.41  14.95  0.38 12.42 315.29   8.33
20090403 210000  8.7 202.4  3.09 13.42 233.67  18.56  5  0.82  4.02 215.96  30.91  2.95 13.45 233.90  13.80  0.36 12.33 315.73   8.00  0.09 14.60 312.24   7.95  0.07 20.40 318.40   5.22
20090404 000000  5.9 188.3  3.15 13.49 232.40  18.69  3  3.13 13.52 231.58  16.51  0.36 12.13 315.30   8.33  0.08 20.34 319.00   5.10
20090404 030000  9.1 191.5  3.32 13.58 230.55  18.95  4  0.82  4.01 200.40  29.94  3.20 13.60 231.48  14.17  0.35 11.93 315.36   8.17  0.09 20.34 316.96   7.27
20090404 060000 11.0 187.4  3.49 13.65 228.46  20.70  4  1.20  4.80 200.24  30.16  3.26 13.66 231.06  14.07  0.34 11.83 315.29   8.23  0.08 20.33 317.26   7.20
20090404 090000  9.2 180.0  3.54 13.67 227.81  21.59  3  3.52 13.67 227.08  20.02  0.33 11.77 315.08   8.45  0.21 17.91 296.47  14.61
20090404 120000  6.0 196.1  3.48 13.61 228.82  20.44  3  3.45 13.62 228.09  18.75  0.33 11.74 314.83   8.77  0.21 18.07 302.13  13.03
20090404 150000  7.4 195.8  3.45 13.61 229.16  19.36  5  3.43 13.61 228.43  17.55  0.29 11.72 315.67   8.18  0.16 17.71 294.03   7.84  0.14 13.65 307.41  12.67  0.13 19.02 316.09   7.13
20090404 180000 11.1 206.9  3.58 13.73 228.12  19.07  4  3.56 13.73 227.47  17.40  0.29 11.71 315.72   8.15  0.20 18.24 305.08  12.60  0.13 13.64 306.91  12.42
20090404 210000  9.6 208.0  3.75 14.04 227.22  19.21  2  3.74 14.08 226.82  18.15  0.31 11.70 314.85   8.71
20090405 000000  8.7 194.2  3.81 14.64 226.42  19.18  3  3.80 14.65 225.84  17.67  0.30 11.65 314.71   9.14  0.23 16.92 304.01  12.17
20090405 030000  9.1 190.7  3.76 14.76 225.77  19.17  4  3.74 14.76 225.10  17.47  0.29 11.42 314.89   8.77  0.20 17.68 313.05   7.46  0.19 16.66 288.22   8.19
20090405 060000 10.0 186.2  3.65 14.70 224.81  19.71  3  3.63 14.70 224.10  17.94  0.29 16.88 301.02  14.72  0.28 11.17 315.30   8.23
20090405 090000  9.3 184.8  3.48 14.56 224.38  20.00  3  3.45 14.56 223.64  18.19  0.28 16.81 300.96  14.62  0.26 11.08 315.23   8.32
20090405 120000  7.2 174.4  3.26 14.42 224.37  20.02  4  3.24 14.42 223.62  18.15  0.27 16.73 301.54  14.44  0.21 11.01 316.50   7.49  0.14 12.95 311.98   9.37
20090405 150000  9.6 193.2  3.07 14.26 223.94  20.39  3  3.05 14.26 223.11  18.36  0.26 16.63 302.52  13.85  0.25 11.05 314.31   9.53
20090405 180000 10.4 203.7  2.96 13.95 223.70  20.89  3  2.94 13.96 222.75  18.62  0.28 16.37 302.58  14.47  0.25 11.07 313.88   9.93
20090405 210000 11.2 205.4  2.91 13.69 223.69  21.75  4  1.67  5.98 215.91  27.97  2.35 13.69 225.66  11.73  0.31 15.97 302.39  14.54  0.24 11.10 313.82  10.01
20090406 000000  7.5 190.4  2.84 13.52 223.54  23.04  4  1.75  6.48 217.62  29.30  2.19 13.53 225.00  11.22  0.33 15.73 300.82  15.09  0.24 11.14 313.87   9.94
20090406 030000  8.7 189.8  2.70 13.35 223.73  22.83  3  2.67 13.36 222.43  20.20  0.33 15.63 299.50  15.17  0.23 12.44 314.15   9.59
20090406 060000  7.6 183.9  2.64 13.20 223.78  21.89  2  2.61 13.22 222.53  19.22  0.38 15.57 303.83  15.60
20090406 090000  6.3 191.8  2.66 13.28 224.53  20.24  2  2.63 13.29 223.43  17.60  0.36 15.54 305.50  14.36
20090406 120000  7.3 178.6  2.71 13.30 225.36  19.39  2  2.68 13.30 224.35  16.82  0.36 15.49 306.71  14.01
20090406 150000  7.4 204.1  2.75 13.26 226.38  18.94  2  2.72 13.24 225.40  16.38  0.36 15.36 307.40  13.74
20090406 180000 10.2 203.6  2.91 13.22 226.03  19.77  3  2.89 13.21 225.18  17.74  0.26 14.67 295.11  10.12  0.24 15.60 318.79   4.87
20090406 210000 11.5 203.6  3.21 13.12 224.92  21.67  2  3.19 13.11 224.15  20.08  0.37 14.67 304.49  15.06
20090407 000000  7.6 198.8  3.30 12.89 224.67  23.05  2  3.28 12.89 223.96  21.72  0.36 14.59 303.86  14.75
20090407 030000  9.8 193.1  3.14 12.74 225.01  23.31  3  3.11 12.74 224.26  22.00  0.35 14.54 303.64  14.72  0.23 19.37 224.64   7.86
20090407 060000  9.3 181.8  3.04 12.63 224.41  24.07  3  3.00 12.63 223.62  22.89  0.37 18.83 225.68   7.41  0.34 14.53 304.31  14.53
20090407 090000  8.2 177.5  2.95 12.54 225.11  23.94  4  2.87 12.54 224.39  23.00  0.57 17.83 224.42   8.84  0.26 14.51 304.21  12.38  0.17 12.35 315.22   9.23
20090407 120000  7.5 180.2  2.86 12.54 225.78  23.22  3  2.60 12.43 225.35  23.56  1.14 16.34 223.72   8.36  0.31 14.47 308.56  12.39
20090407 150000  9.3 198.8  2.83 16.09 225.92  22.13  2  2.82 16.12 225.24  20.71  0.30 14.38 308.84  12.36
20090407 180000 11.6 198.6  3.09 15.40 223.75  22.32  3  2.25  7.91 218.30  25.68  2.10 15.44 228.34  12.27  0.30 14.06 307.06  13.73
20090407 210000 11.6 201.9  3.40 15.16 223.10  22.67  5  2.64  8.14 218.95  25.77  2.12 15.20 227.81  11.12  0.26 13.78 301.94  14.13  0.14 11.71 317.69   7.58  0.08 20.36 300.36   9.45
20090408 000000  6.2 202.6  3.42 14.64 224.14  22.41  5  2.69  8.43 221.36  25.76  2.09 14.69 227.12  10.36  0.26 13.66 301.87  14.41  0.13 11.68 316.90   7.57  0.09 20.34 300.84   9.86
20090408 030000  8.0 204.8  3.22 14.38 225.53  21.07  5  2.36  8.49 223.37  25.36  2.17 14.42 226.81  10.32  0.26 13.61 301.69  14.37  0.13 11.69 317.05   7.54  0.09 20.33 301.69  10.14
20090408 060000  7.0 193.7  3.05 14.25 226.07  20.17  4  3.04 14.30 225.55  19.01  0.24 13.60 301.64  14.31  0.14 11.75 317.13   7.88  0.08 20.32 303.18  10.12
20090408 090000  3.7 199.9  2.93 14.13 227.04  19.34  4  2.92 14.18 226.51  18.08  0.23 13.58 305.27  12.57  0.13 11.69 317.49   7.53  0.09 19.56 302.47   9.59
20090408 120000  3.4 228.7  2.87 13.85 227.82  18.83  4  2.86 13.93 227.25  17.41  0.22 13.57 307.63  11.95  0.13 19.05 300.61  10.06  0.13 11.63 317.24   7.52
20090408 150000  1.9 239.0  2.82 13.67 228.23  18.60  3  2.80 13.69 227.58  17.00  0.25 13.54 310.15  12.02  0.15 19.01 300.37  10.51
20090408 180000  4.2 258.5  2.75 13.55 228.54  18.41  4  2.70 13.55 228.03  16.82  0.40 17.87 220.97   9.86  0.25 13.52 310.75  11.76  0.15 18.99 299.30  12.70
20090408 210000  1.3 229.7  2.65 13.43 228.60  18.18  4  2.60 13.43 228.12  16.59  0.41 17.82 221.39  10.39  0.25 13.48 311.36  11.40  0.14 18.99 299.69  14.40
20090409 000000  1.3 144.4  2.52 13.31 228.41  17.97  5  2.46 13.31 228.03  16.40  0.50 16.99 221.27   9.30  0.21 13.35 309.07  12.02  0.12 11.08 318.20   6.82  0.12 18.91 302.09  14.09
20090409 030000  2.3 178.8  2.41 13.19 228.13  18.02  6  1.73  9.44 226.74  19.52  1.53 13.19 228.70  10.97  0.65 16.55 224.65  10.43  0.20 13.06 309.58  11.90  0.14 17.95 302.97  10.38  0.11 11.04 318.18   6.85
20090409 060000  2.5 177.7  2.34 12.85 228.02  18.39  5  2.22 12.83 227.19  16.32  0.65 16.54 225.74   9.82  0.21 12.96 310.57  11.80  0.19 17.79 301.81  10.09  0.10 10.91 317.84   7.12
20090409 090000  0.4 166.4  2.31 12.62 227.89  18.68  6  2.13 12.58 226.87  16.54  0.77 15.71 225.36   9.95  0.28 19.28 233.97   8.57  0.21 17.76 301.39  10.92  0.21 12.94 311.24  11.57  0.10 10.87 317.88   7.14
20090409 120000  1.5 216.7  2.27 12.55 227.70  18.76  6  1.68  9.42 224.37  18.49  1.19 12.51 230.43  11.45  0.90 15.48 227.45  10.32  0.21 12.89 311.77  11.29  0.21 17.76 301.99  11.41  0.10 10.83 317.86   7.24
20090409 150000  2.1 274.1  2.24 15.38 227.80  18.54  7  1.62  9.31 224.10  18.68  1.07 12.41 230.86  11.28  1.00 15.38 226.50   9.58  0.41 20.20 241.17   6.76  0.21 12.83 312.15  11.11  0.18 17.75 303.76  12.36  0.09 10.79 317.90   7.36
20090409 180000  3.4 288.4  2.25 15.14 228.72  18.40  6  1.49  9.27 224.95  20.21  1.14 12.38 229.99  10.75  0.96 15.14 226.49   9.52  0.73 18.73 236.28  10.55  0.23 12.77 313.44  10.65  0.15 17.67 305.93  12.40
20090409 210000  2.1 271.9  2.33 14.64 229.51  17.73  5  1.66 10.86 225.64  18.27  1.43 14.65 229.47   9.23  0.71 19.19 240.92   8.53  0.23 12.72 314.00  10.35  0.17 16.81 305.26  10.85
20090410 000000  3.2  21.1  2.43 14.63 230.25  17.37  4  2.17 14.64 227.12  14.83  1.06 18.32 238.02   9.38  0.23 12.68 314.28  10.65  0.22 16.63 303.68  10.26
20090410 030000  1.2 166.7  2.49 17.34 231.14  17.18  4  2.17 14.78 227.46  14.40  1.16 17.84 238.89   8.62  0.26 16.60 303.34  10.56  0.22 12.65 315.17   9.66
20090410 060000  2.5 130.7  2.48 16.79 232.02  16.83  4  2.03 14.30 227.48  14.40  1.38 17.37 238.22   8.24  0.27 16.59 303.63  11.18  0.22 12.61 315.91   8.73
20090410 090000  0.9  74.4  2.44 16.41 232.69  16.35  4  1.99 14.24 228.70  14.08  1.37 16.74 237.75   8.57  0.25 16.58 304.63  11.97  0.22 12.51 315.53   9.37
20090410 120000  2.5 355.3  2.37 16.07 233.03  15.94  4  1.92 14.15 229.76  14.05  1.35 16.14 236.74   8.87  0.22 12.28 315.59   9.26  0.21 16.54 307.59  10.90
20090410 150000  1.0 315.7  2.29 15.17 233.18  16.18  3  2.27 15.07 232.20  13.16  0.22 12.02 315.80   8.96  0.20 16.22 308.40  10.64
20090410 180000  3.4 292.7  2.21 14.85 233.51  17.58  3  2.18 14.63 232.29  14.23  0.23 15.60 306.98  10.78  0.22 11.93 315.96   8.86
20090410 210000  2.5 271.7  2.11 14.62 233.52  18.46  3  2.08 14.44 231.88  14.19  0.27 15.53 305.98  10.60  0.22 11.88 316.27   8.61
20090411 000000  2.7 234.0  2.01 14.50 233.37  19.12  4  1.80 14.28 233.71  10.52  0.82  8.79 219.22  21.14  0.30 15.51 305.56  10.89  0.22 11.85 316.51   8.43
20090411 030000  2.3 202.2  1.92 13.99 233.07  19.60  4  1.73 13.98 233.13  10.78  0.73  8.25 217.18  20.58  0.31 15.50 305.49  11.42  0.22 11.82 316.65   8.49
20090411 060000  1.6  97.9  1.83 13.90 232.66  19.86  5  1.65 13.86 232.61  10.97  0.69  8.17 216.60  20.09  0.29 15.48 305.79  12.05  0.21 11.78 317.15   7.91  0.07 17.80 304.92  10.18
20090411 090000  2.6 281.1  1.75 14.18 232.32  19.96  5  1.59 14.08 232.14  11.10  0.65  8.03 216.62  20.55  0.26 15.42 307.12  11.96  0.21 11.72 317.33   7.74  0.08 17.78 304.46   9.79
20090411 120000  2.0  76.1  1.69 14.22 232.15  20.08  4  1.66 14.15 229.83  13.91  0.25 15.12 308.66  11.42  0.21 11.62 317.16   8.14  0.08 17.77 304.70   9.70
20090411 150000  0.9 293.7  1.65 14.15 232.31  20.45  3  1.61 14.03 229.80  13.83  0.26 14.60 308.89  10.42  0.21 11.42 317.35   7.85
20090411 180000  2.5 312.5  1.62 13.78 232.78  21.11  3  1.58 13.56 229.90  13.88  0.29 14.52 308.41  10.57  0.21 11.26 317.24   7.88
20090411 210000  4.0 293.8  1.61 13.54 234.07  22.99  4  1.57 13.41 230.85  16.23  0.29 14.49 307.41  10.84  0.21 11.17 317.20   7.88  0.11 16.71 307.18  10.39
20090412 000000  1.7 263.5  1.60 13.48 234.38  23.09  4  1.56 13.35 230.91  15.89  0.30 14.47 307.11  11.00  0.20 11.11 317.49   7.51  0.13 16.63 304.69   9.92
20090412 030000  0.9 268.8  1.61 13.41 234.46  22.96  5  1.52 13.27 231.40  15.73  0.34 15.60 221.93   6.32  0.31 14.45 307.12  11.02  0.20 11.06 317.35   7.66  0.14 16.61 303.91   9.94
20090412 060000  0.8 251.8  1.61 13.16 234.40  22.77  6  1.50 13.02 232.10  13.59  0.44  7.44 216.73  26.13  0.30 14.42 307.79  10.90  0.19 11.02 317.51   7.65  0.13 16.61 304.07   9.96  0.05 21.81 313.12   8.42
20090412 090000  1.5 247.6  1.61 12.97 234.26  22.59  7  1.29 12.88 233.97  15.02  0.78 14.83 227.11   9.59  0.40  7.38 215.37  24.83  0.29 14.30 308.98  10.79  0.19 10.99 317.66   7.45  0.12 16.58 305.43   9.91  0.06 21.74 313.21   8.50
20090412 120000  3.0 199.0  1.60 13.00 234.16  22.64  4  1.55 12.86 231.06  15.79  0.30 13.84 309.65  10.47  0.19 10.97 317.71   7.41  0.07 21.55 312.94   8.54
20090412 150000  2.9 180.2  1.58 13.26 234.27  23.09  6  1.49 12.99 231.91  15.12  0.34  7.01 213.18  22.81  0.30 13.62 309.45  10.67  0.19 10.95 317.77   7.35  0.09 20.70 312.46   8.66  0.08 19.00 210.36   6.67
20090412 180000  6.4 220.1  1.58 13.30 234.21  24.13  6  1.53 13.16 230.68  17.03  0.27 13.56 310.23  10.73  0.18 10.92 317.97   7.30  0.17 15.55 304.99   9.77  0.10 20.43 312.32   8.81  0.06 19.15 215.78   4.01
20090412 210000  7.4 208.7  1.63 13.24 232.88  25.86  6  0.61  3.25 214.95  27.97  1.46 13.00 231.50  16.35  0.27 13.54 309.97  11.20  0.19 15.52 303.98   9.64  0.19 10.91 317.70   7.43  0.11 20.36 312.48   9.03
20090413 000000  3.8 206.0  1.62 13.14 232.32  27.39  7  0.57  3.67 209.43  31.94  1.45 12.80 231.04  17.23  0.27 13.53 309.38  11.52  0.19 15.51 304.96  10.47  0.19 10.68 317.74   7.39  0.13 20.26 312.53   8.95  0.11 18.01 215.47   4.93
20090413 030000  5.4 184.0  1.58 13.06 233.25  27.79  7  0.47  3.68 207.18  33.50  1.35 12.82 226.53  14.70  0.53 12.07 260.56   5.64  0.29 13.51 310.07  11.13  0.18 15.48 307.83  12.98  0.16 10.50 317.89   7.27  0.15 19.73 312.05   8.77
20090413 060000  6.9 185.6  1.59 12.87 232.58  28.77  8  0.49  3.35 199.90  31.86  1.29 12.74 224.88  14.01  0.46 11.76 260.16   5.62  0.43 13.66 258.61   7.56  0.34 13.55 310.67  11.79  0.20 16.85 214.80   5.35  0.18 19.15 311.52   8.88  0.15 10.34 318.16   7.89
20090413 090000  7.5 188.0  1.64 12.70 230.88  30.00  7  0.62  3.49 198.94  30.77  1.22 12.67 222.49  11.73  0.74 12.55 259.16   7.25  0.33 13.56 311.70  11.90  0.32 16.35 213.93   5.86  0.19 19.06 312.37   8.31  0.15 10.32 318.32   7.50
20090413 120000  6.8 179.5  1.69 12.59 230.14  31.13 10  0.68  3.75 197.36  32.33  1.21 12.60 222.24  11.56  0.77 12.43 259.58   7.62  0.39 15.70 212.55   6.87  0.28 14.03 313.29  12.84  0.19 19.02 312.83   8.48  0.18 12.54 311.50   8.33  0.16 10.40 317.93   7.23  0.07 21.41 218.65   7.96  0.05 23.31 296.06  11.46
20090413 150000  6.8 203.5  1.72 12.48 232.07  30.39 11  0.64  3.91 203.27  31.93  1.15 12.56 221.89  11.14  0.75 12.04 260.86   7.25  0.56 15.27 213.14   7.68  0.39 14.90 250.35   6.34  0.27 14.41 308.98  11.35  0.26 12.66 315.21   8.93  0.21 18.88 312.91   8.28  0.10 20.54 218.32   6.86  0.09 13.54 335.00   0.03  0.06 23.28 296.59  11.87
20090413 180000  7.4 209.5  1.83 14.29 232.72  29.69 11  0.76  4.00 211.75  28.27  1.15 12.66 221.36  11.06  0.73 11.83 261.24   7.29  0.59 14.84 211.97   6.59  0.57 14.91 250.05   8.19  0.26 14.47 304.98  10.94  0.25 18.08 312.27   8.05  0.25 13.01 320.21   9.50  0.17 19.52 216.65   7.16  0.17 10.62 317.31   7.53  0.06 23.14 296.55  11.39
20090413 210000  8.2 207.3  1.96 14.25 232.55  29.59  9  0.90  4.33 214.30  27.60  1.32 14.17 218.95  10.66  0.77 11.74 260.26   8.29  0.63 14.75 251.48   5.66  0.36 14.28 312.46  13.65  0.29 17.85 311.78   8.04  0.26 18.95 215.47   7.45  0.17 10.80 317.91   7.19  0.08 22.15 295.98  10.94
20090414 000000  8.0 192.1  2.07 14.11 231.26  29.80  9  1.01  4.82 212.29  28.82  1.33 13.68 217.98  10.24  1.08 14.35 255.69   8.91  0.31 18.52 216.16   7.20  0.29 17.80 311.75   8.27  0.28 14.40 306.92   9.56  0.19 12.94 329.68   4.99  0.19 11.00 318.19   6.88  0.10 21.86 295.75  10.97
20090414 030000  5.6 190.7  2.12 13.56 231.04  29.03  8  0.99  5.22 213.24  29.10  1.33 13.50 217.68  10.54  1.12 13.73 255.32   8.65  0.52 17.44 215.90   7.39  0.33 12.82 315.93  13.03  0.28 17.78 312.17   8.53  0.17 10.88 317.34   7.96  0.11 21.80 296.06  11.40
20090414 060000  5.3 184.6  2.15 13.31 231.25  28.12  7  0.92  5.40 214.89  27.93  1.36 13.44 216.78  10.11  1.16 13.30 255.01   8.26  0.60 16.81 216.58   8.53  0.36 12.75 316.58  12.62  0.29 17.69 312.84   8.22  0.12 21.77 296.36  12.23
20090414 090000  4.7 204.3  2.17 13.02 231.88  28.02  8  0.82  5.43 216.13  26.93  1.25 13.22 216.17  10.40  1.19 12.78 254.85   8.24  0.91 16.18 216.17   7.90  0.34 17.12 312.51   8.18  0.32 13.38 312.22  10.74  0.17 12.50 331.98   4.59  0.12 21.72 296.51  12.39
20090414 120000  4.8 221.4  2.17 12.94 232.65  28.36  7  0.71  5.35 217.06  25.70  1.57 15.30 215.65   9.16  1.21 12.53 254.58   8.24  0.39 16.72 311.99   7.95  0.29 13.30 309.45  10.94  0.23 11.83 326.10   8.98  0.14 21.43 296.44  11.36
20090414 150000  1.6 241.1  2.15 13.08 233.06  28.62  7  1.58 15.15 215.34   8.77  1.19 12.33 254.44   8.25  0.62  5.24 219.31  25.45  0.40 16.65 311.48   8.21  0.31 13.34 308.56  11.10  0.23 11.77 326.18   8.87  0.17 20.54 296.05  11.08
20090414 180000  3.5 280.5  2.10 13.41 233.34  28.81  6  1.66 14.52 216.14  12.20  1.14 12.11 254.56   8.42  0.39 16.63 311.44   8.35  0.31 13.34 308.34  11.10  0.24 11.67 326.27   8.78  0.20 20.41 296.04  11.20
20090414 210000  2.1 267.4  2.02 13.67 233.61  29.18  6  1.51 14.27 215.20   8.58  1.10 12.00 254.60   8.83  0.52  5.01 225.17  25.57  0.38 16.59 311.93   8.48  0.38 13.32 315.91  13.05  0.21 20.37 296.40  11.68
20090415 000000  1.4 301.7  1.94 13.60 234.19  29.98  6  1.53 14.15 216.21  11.78  1.04 11.85 254.78   8.94  0.41 16.49 312.49   8.32  0.30 13.25 309.90  11.48  0.22 11.61 327.88   8.02  0.21 20.35 296.83  12.07
20090415 030000  1.8 197.7  1.87 13.30 235.23  31.18  6  1.47 13.86 216.40  11.81  0.98 11.71 255.37   8.91  0.45 16.11 312.52   8.09  0.27 12.78 310.57  11.64  0.22 11.02 326.57   8.94  0.22 20.29 296.69  12.20
20090415 060000  2.7 175.8  1.79 13.25 236.47  32.36  5  1.33 13.44 215.29   8.75  1.03 11.55 251.08  16.83  0.48 15.68 312.02   8.15  0.33 11.89 317.60  12.93  0.24 19.95 296.47  11.48
20090415 090000  5.5 176.2  1.73 13.21 236.60  33.90  5  1.26 13.30 215.25   8.71  1.00 11.17 248.18  23.28  0.47 15.59 311.65   8.10  0.33 12.10 317.31  13.29  0.29 19.20 296.18  11.12
20090415 120000  5.2 173.9  1.67 13.12 236.89  35.15  5  1.20 13.21 215.11   8.92  0.96 10.98 246.70  26.74  0.45 15.55 311.43   8.19  0.33 19.08 296.14  11.42  0.32 12.38 316.74  13.36
20090415 150000  4.9 196.3  1.60 12.58 238.18  35.79  6  1.14 12.84 215.15   8.95  0.92 10.85 247.13  26.39  0.45 15.51 311.59   8.29  0.34 19.04 296.39  11.86  0.28 12.43 313.21  12.64  0.15 10.24 327.00   8.47
20090415 180000  6.4 221.9  1.55 12.45 239.71  36.20  8  0.37  2.83 209.52  31.66  1.06 12.51 214.82   8.67  0.82 10.58 253.24  16.36  0.47 15.44 312.03   8.19  0.33 19.02 296.61  12.14  0.28 12.45 312.88  12.55  0.17 16.96 227.07  11.36  0.14 10.16 326.84   9.62
20090415 210000  7.7 205.6  1.61 12.38 237.97  36.52  8  0.82  4.14 220.64  28.23  0.98 12.38 215.03   8.41  0.69 10.29 257.58   9.97  0.49 15.31 312.24   8.15  0.32 18.98 296.73  12.16  0.29 12.45 313.07  13.27  0.23 16.57 225.80  10.95  0.09 10.33 335.00   0.28
20090416 000000  6.2 186.8  1.58 12.30 237.98  37.54  7  0.86  4.74 219.20  29.73  0.91 12.29 215.06   8.51  0.64 10.18 258.43  10.06  0.49 14.97 312.14   8.10  0.34 18.80 296.53  11.81  0.30 16.25 224.44   9.87  0.29 12.44 314.98  13.85
20090416 030000  6.7 187.7  1.55 14.78 237.71  38.13  7  0.85  4.96 216.51  30.18  0.84 11.89 215.02   8.41  0.62 10.08 258.45  10.37  0.47 14.68 311.76   8.14  0.39 15.70 223.48   9.82  0.38 18.10 296.34  11.55  0.27 12.39 315.11  13.84
20090416 060000  7.0 176.6  1.54 14.67 236.96  38.86  7  0.84  5.05 211.97  30.89  0.78 11.67 214.91   8.43  0.60  9.81 258.34  10.09  0.48 15.42 223.62   9.35  0.45 14.58 311.36   8.17  0.43 17.88 296.32  11.59  0.26 12.30 314.64  14.53
20090416 090000  5.5 177.1  1.52 14.58 238.01  38.65  8  0.79  5.05 210.78  30.96  0.72 11.66 215.30   8.61  0.60  9.67 257.82  10.17  0.58 15.15 222.93   9.45  0.45 17.82 296.50  11.93  0.44 14.51 311.19   8.16  0.22 11.71 312.14  11.69  0.10  9.93 332.08   6.53
20090416 120000  6.3 197.3  1.53 14.50 239.50  37.24  7  0.72  5.00 212.01  29.40  0.71 14.60 222.48   9.86  0.67 11.60 216.20   9.09  0.64  9.62 257.41   9.83  0.46 14.47 311.22   8.26  0.45 17.80 296.78  12.23  0.22 11.59 318.13  11.46
20090416 150000  6.7 198.7  1.61 14.43 238.81  35.94  7  0.77  4.90 211.72  28.96  0.80 14.49 222.79   9.25  0.71  9.67 256.80   9.39  0.64 11.61 217.10  10.15  0.47 14.41 311.82   8.12  0.43 17.77 296.86  12.36  0.22 11.63 316.68  12.09
20090416 180000  7.4 217.5  1.72 14.36 238.71  33.83  7  0.84  4.81 215.79  28.15  1.09 14.61 221.44   9.96  0.80 10.21 256.76   9.07  0.46 14.35 312.06   8.18  0.42 17.72 296.91  12.31  0.18 11.64 311.56  10.67  0.10  9.54 330.13   6.66
20090416 210000  8.9 206.0  1.92 14.17 235.36  32.40  7  1.12  4.96 217.38  27.58  1.02 13.87 222.49  10.51  0.84 10.22 256.97   8.95  0.51 15.59 221.93   8.96  0.44 14.24 312.02   8.30  0.42 17.56 296.78  12.36  0.20 11.66 315.28  12.54
20090417 000000  7.5 198.9  2.07 14.15 232.69  32.32  6  1.34  5.74 217.05  29.33  1.18 14.27 222.76  10.04  0.85 10.09 256.72   9.13  0.45 17.02 296.68  12.21  0.40 13.93 311.77   8.31  0.20 11.69 314.54  12.59
20090417 030000  8.2 187.0  2.09 14.13 232.10  32.65  5  1.33  6.15 213.86  29.61  1.21 14.26 223.55  10.25  0.87  9.83 257.37   9.47  0.48 16.75 296.87  12.02  0.42 13.68 311.84   9.61
20090417 060000 10.0 184.0  2.10 13.73 229.73  33.80  5  1.35  5.94 207.88  28.79  1.20 14.00 224.07  10.13  0.86  9.63 258.79   9.31  0.50 16.68 297.02  12.44  0.40 13.57 311.66   9.42
20090417 090000  8.2 183.0  2.07 13.51 228.86  34.42  5  1.37  5.95 207.45  29.56  1.18 13.51 224.83  10.05  0.79  9.49 259.17   9.48  0.49 16.65 297.37  12.50  0.40 13.51 311.39   9.45
20090417 120000  6.5 187.0  1.95 13.40 231.86  33.82  6  1.22  5.99 209.55  29.14  1.15 13.37 225.70  10.02  0.77  9.32 259.70   9.49  0.48 16.62 297.10  13.12  0.40 13.48 311.08   8.87  0.06  8.96 330.82   5.90
20090417 150000  8.7 198.6  1.90 13.27 232.16  33.14  6  1.23  6.06 212.92  28.73  1.13 13.16 226.72  10.17  0.68  9.06 261.07   8.98  0.46 16.59 297.42  12.73  0.39 13.45 311.20   9.16  0.05  8.92 330.36   6.00
20090417 180000 10.9 197.7  2.07 12.95 227.40  32.35  5  1.54  6.06 212.80  27.43  1.10 12.80 227.74  10.00  0.60  8.90 261.88   8.73  0.45 16.51 297.30  12.80  0.37 13.43 311.95   9.02
20090417 210000 12.6 200.6  2.39 12.74 223.40  30.77  3  2.32 12.65 219.89  26.08  0.44 16.35 297.52  12.39  0.34 13.37 311.70   9.27
20090418 000000 11.0 196.5  2.66 12.62 221.26  30.38  4  2.35  7.08 215.60  28.67  1.13 12.55 230.30  10.07  0.44 15.91 298.01  11.86  0.31 13.20 311.42   9.24
20090418 030000 12.1 185.4  2.84 12.64 220.01  30.03  4  2.44  7.40 213.01  29.01  1.35 12.60 231.66  10.19  0.45 15.70 298.34  11.92  0.28 12.82 311.43   8.86
20090418 060000 10.7 183.8  2.89 12.78 223.26  28.60  4  2.33  7.72 214.86  29.00  1.64 12.81 232.85  10.92  0.44 15.61 298.97  11.81  0.26 12.67 311.34   8.64
20090418 090000 10.4 182.1  2.96 12.71 226.68  27.01  4  2.11  7.97 214.87  29.15  2.01 12.73 234.82  12.02  0.42 15.57 299.05  11.98  0.25 12.61 311.27   8.67
20090418 120000  7.0 175.6  2.99 12.61 229.61  25.35  4  2.95 12.61 228.14  23.24  0.40 15.53 298.84  12.25  0.25 12.59 311.39   8.79  0.19 18.22 223.93   6.08
20090418 150000  8.8 197.6  2.96 12.52 232.16  23.34  3  2.93 12.51 230.82  21.25  0.38 15.50 299.00  12.10  0.24 12.58 311.88   8.43
20090418 180000 12.0 213.0  3.10 12.43 230.93  23.19  5  3.04 12.39 229.95  21.58  0.48 16.61 224.18   9.85  0.36 15.46 298.93  11.96  0.23 12.57 311.99   8.45  0.05 22.07 310.06   8.48
20090418 210000  9.9 202.3  3.22 12.29 230.05  23.91  5  3.15 12.22 229.32  22.62  0.54 16.38 220.79   7.79  0.35 15.39 299.20  11.79  0.21 12.55 311.96   8.45  0.08 21.79 309.55   7.87
20090419 000000  7.5 200.8  3.13 12.09 230.26  23.92  5  2.48  9.22 225.17  25.55  1.88 12.05 235.84  13.00  0.35 15.25 298.41  12.50  0.20 12.48 311.58   8.80  0.09 21.76 310.09   8.24
20090419 030000  8.4 192.4  3.00 11.99 230.08  23.64  6  2.90 11.98 229.45  22.54  0.67 15.55 222.52   7.86  0.34 15.04 298.62  12.59  0.17 12.27 311.78   8.44  0.09 21.76 311.22   8.76  0.07 23.39 221.93   8.35
20090419 060000  8.4 187.6  2.89 11.96 229.63  23.37  6  2.21  9.37 224.37  25.29  1.82 11.97 234.63  13.40  0.32 14.74 299.44  12.20  0.16 11.91 311.72   8.38  0.10 22.95 222.72   8.32  0.08 21.72 312.44   8.98
20090419 090000  8.8 191.8  2.83 11.74 228.96  23.15  6  2.67 11.71 228.40  22.55  0.87 14.43 224.90   8.90  0.31 14.62 299.12  12.46  0.15 22.15 223.84   8.54  0.15 11.81 311.75   8.35  0.11 20.56 310.82   8.36
20090419 120000  7.3 177.7  2.78 10.95 228.53  23.16  5  2.74 10.87 227.57  21.55  0.29 14.55 298.90  12.56  0.22 21.71 224.01   8.61  0.16 20.37 310.20   7.93  0.14 11.78 312.02   8.31
20090419 150000  7.3 202.7  2.66  9.89 228.59  22.61  6  2.34  9.89 226.61  22.27  1.17 13.26 231.22  13.14  0.31 20.86 224.55   8.65  0.28 14.50 297.91  13.03  0.18 20.34 310.26   8.27  0.13 11.77 312.21   8.41
20090419 180000  9.0 210.4  2.59  9.77 227.48  22.49  6  2.30  9.77 225.70  22.07  1.05 13.14 229.96  12.88  0.44 20.45 225.56   8.96  0.28 14.46 297.87  12.97  0.16 20.34 310.95   8.63  0.13 11.76 311.93   9.07
20090419 210000  8.9 207.5  2.55  9.41 226.37  22.83  7  2.27  9.41 224.73  22.72  0.96 12.73 228.40  12.19  0.51 20.17 224.82   8.10  0.28 14.43 297.24  13.84  0.21 23.40 238.61   4.92  0.13 20.31 312.21   8.79  0.13 11.75 312.07   8.96
20090420 000000  7.0 196.5  2.54  8.91 225.74  23.57  7  2.26  8.91 223.92  23.46  0.83 12.63 227.27  11.60  0.55 19.11 222.96   7.56  0.47 21.90 234.37   7.24  0.27 14.40 297.86  13.63  0.18 19.24 311.42   8.09  0.12 11.73 312.39   8.53
20090420 030000  8.1 191.6  2.51 19.15 225.68  24.40  7  2.20  8.62 222.96  23.98  0.77 19.20 225.68   8.16  0.72 12.52 227.85  10.85  0.46 21.93 238.46   5.70  0.26 14.34 297.59  14.25  0.26 19.04 310.58   8.01  0.11 11.68 312.31   8.53
20090420 060000  9.0 189.6  2.49 19.81 225.45  24.72  6  2.10  8.48 221.50  24.63  1.09 20.19 230.09   9.56  0.67 12.37 229.08  10.81  0.29 19.01 310.34   8.33  0.25 14.26 297.79  14.43  0.10 11.47 312.86   8.07
20090420 090000  7.6 182.7  2.50 19.85 225.83  24.03  6  2.01  8.37 221.38  25.12  0.93 20.33 234.56   8.45  0.86 17.92 226.73   8.74  0.66 12.08 227.73  12.10  0.27 19.01 310.31   8.68  0.25 14.06 299.37  15.13
20090420 120000  7.9 184.2  2.52 18.90 226.71  22.48  5  1.96  8.40 222.26  24.90  1.44 18.88 231.77   9.42  0.58 12.52 227.33  10.93  0.22 13.77 299.99  14.57  0.21 19.00 310.58   8.97
20090420 150000  7.9 195.1  2.58 18.52 227.63  21.34  5  1.91  8.41 222.47  24.58  1.61 18.52 232.26   9.40  0.61 12.17 229.87  11.81  0.21 13.62 298.30  15.92  0.20 18.63 311.38   8.37
20090420 180000  9.3 211.9  2.73 17.71 228.67  21.14  5  1.92  8.28 222.41  24.21  1.78 17.69 232.59   9.24  0.69 12.06 233.29  11.57  0.29 17.82 310.96   8.02  0.19 13.56 300.12  14.31
20090420 210000 11.2 202.1  3.02 17.38 227.73  22.53  5  2.16  7.78 220.01  24.98  1.93 17.26 232.69   9.29  0.75 11.86 236.25  10.75  0.37 17.77 310.56   8.25  0.20 13.52 299.59  14.87
20090421 000000 10.0 191.0  3.23 16.77 226.79  23.60  5  2.33  7.81 218.11  26.44  2.06 16.67 232.94   9.19  0.78 11.71 237.23  12.12  0.38 17.76 310.33   8.60  0.19 13.49 302.58  12.14
20090421 030000  9.5 184.0  3.27 16.43 226.52  23.52  4  2.41  7.92 219.01  27.01  2.19 16.39 233.02   9.32  0.33 17.76 309.96   8.89  0.19 13.47 302.50  12.32
20090421 060000  8.7 184.8  3.18 15.92 227.08  22.47  4  2.17  7.90 218.01  27.53  2.31 15.91 233.31   9.55  0.25 17.74 309.76   9.11  0.18 13.47 303.84  11.44
20090421 090000  8.8 178.7  3.04 15.65 227.78  22.07  4  1.93  7.67 217.17  28.32  2.33 15.62 233.35   9.71  0.24 17.03 310.50   8.54  0.17 13.44 304.09  11.61
20090421 120000  8.9 189.7  2.90 15.54 228.62  22.40  3  1.71  7.29 216.10  29.35  2.32 15.48 233.34   9.92  0.34 16.64 310.44   8.34
20090421 150000  8.4 191.8  2.79 15.43 229.87  22.43  3  1.49  6.81 214.84  29.58  2.32 15.34 233.54  10.21  0.41 16.61 310.41   8.45
20090421 180000 10.3 201.5  2.78 15.24 229.65  22.47  3  1.49  6.10 213.54  28.39  2.31 15.18 233.72  10.49  0.41 16.60 310.26   8.74
20090421 210000 11.7 201.3  2.91 14.90 227.93  23.08  3  1.78  5.97 214.76  28.02  2.27 14.90 233.61  10.42  0.38 16.60 309.90   8.99
20090422 000000  9.3 197.9  2.84 14.65 228.47  23.01  3  1.73  6.19 216.26  29.73  2.23 14.65 233.80  10.59  0.31 16.58 309.60   9.14
20090422 030000  8.8 189.2  2.71 14.50 229.41  22.46  4  1.58  6.19 217.20  30.43  2.18 14.48 233.97  10.51  0.27 16.37 309.76   9.21  0.11 12.62 307.77   9.87
20090422 060000  7.3 189.4  2.57 14.37 230.69  22.29  4  1.38  6.14 216.48  30.75  2.14 14.33 234.47  10.86  0.30 15.60 310.57   8.70  0.11 12.63 308.52   9.37
20090422 090000  6.4 194.8  2.42 14.18 232.46  22.15  4  1.18  6.07 216.88  30.10  2.08 14.14 234.99  11.29  0.36 15.53 310.73   8.53  0.12 12.63 308.75   9.42
20090422 120000  7.6 198.6  2.29 13.86 233.71  22.11  3  2.25 13.86 231.87  18.48  0.38 15.52 310.51   8.73  0.12 12.61 306.30  11.79
20090422 150000  7.6 198.7  2.19 13.67 233.70  22.69  3  2.15 13.67 231.80  19.07  0.37 15.51 310.19   8.97  0.11 12.59 309.47   9.62
20090422 180000  9.3 207.8  2.14 13.53 233.05  22.91  4  1.10  5.15 218.25  29.38  1.80 13.53 235.71  11.98  0.34 15.50 309.56   9.43  0.10 12.52 310.37   9.42
20090422 210000 10.9 207.9  2.21 13.46 230.71  24.11  3  1.40  5.25 220.15  29.04  1.68 13.45 235.24  11.93  0.32 15.46 309.40   9.77
20090423 000000  8.0 193.2  2.18 13.42 229.65  26.00  4  1.47  5.63 219.79  31.14  1.58 13.39 235.04  11.98  0.29 15.17 309.94   9.47  0.08 11.91 312.22   9.03
20090423 030000  9.2 189.8  2.01 13.31 229.62  27.39  4  1.29  5.51 216.95  33.20  1.50 13.25 235.06  12.17  0.30 14.59 310.57   9.10  0.09 11.89 311.25   9.58
20090423 060000  9.4 185.0  1.93 13.00 226.87  29.79  4  1.19  4.98 205.09  33.10  1.48 13.00 235.77  13.15  0.32 14.52 310.75   8.95  0.09 11.87 311.12   9.57
20090423 090000 10.8 182.7  2.03 12.92 222.42  30.88  5  1.36  5.09 202.56  32.54  1.46 12.92 233.96  12.97  0.32 14.51 310.48   9.18  0.09 11.86 310.96   9.57  0.06 20.37 303.58  10.26
20090423 120000  9.9 179.9  2.31 12.87 221.19  28.95  5  1.52  5.55 204.03  33.28  1.72 12.87 230.41  12.38  0.31 14.51 310.24   9.24  0.09 11.86 310.86   9.60  0.06 20.34 303.32  10.52
20090423 150000 11.1 183.9  2.85 12.82 221.52  25.65  4  1.69  5.93 204.52  32.00  2.27 12.81 228.57  12.90  0.30 14.50 310.12   9.48  0.06 20.31 305.70   8.51
20090423 180000 12.7 200.6  3.34 12.71 223.27  22.95  3  3.33 12.70 222.82  22.00  0.29 14.46 310.33   9.61  0.07 21.66 217.47   7.77
20090423 210000 13.6 199.5  3.81 12.64 223.75  22.95  3  3.80 12.63 223.42  22.27  0.28 14.33 311.11   9.31  0.10 21.18 218.74   8.52
20090424 000000 11.1 194.2  3.99 12.69 224.49  23.59  4  3.98 12.67 224.18  22.99  0.27 13.94 311.58   9.58  0.14 20.70 218.76   8.45  0.09 19.08 304.57   9.97
20090424 030000 10.8 191.9  3.93 12.79 225.57  23.14  4  3.91 12.76 225.27  22.56  0.26 13.73 311.75   9.95  0.18 20.55 221.29   8.69  0.11 19.03 304.46  10.32
20090424 060000 10.3 184.6  3.81 12.86 226.68  22.46  3  3.80 12.83 226.39  21.87  0.24 13.66 311.88   9.93  0.11 19.01 304.18  10.61
20090424 090000  8.4 181.4  3.71 12.91 228.01  21.58  3  3.70 12.88 227.73  21.00  0.23 13.62 311.94   9.94  0.11 18.99 303.88  10.68
20090424 120000  6.0 188.9  3.66 12.99 229.54  20.18  3  3.65 12.95 229.27  19.58  0.22 13.59 312.08  10.01  0.11 18.91 304.07  10.34
20090424 150000  6.6 195.3  3.64 13.19 230.61  18.80  3  3.63 13.11 230.33  18.12  0.22 13.54 312.55  10.00  0.12 18.20 306.40   8.16
20090424 180000  8.4 212.5  3.65 13.65 230.85  18.04  3  3.64 13.68 230.53  17.25  0.22 13.50 313.16   9.83  0.15 17.84 305.05   9.67
20090424 210000  8.6 205.2  3.68 16.32 230.60  17.86  4  3.28 14.04 230.42  18.26  1.64 16.80 229.69  10.65  0.22 13.45 314.05   9.14  0.17 17.78 305.09   9.89
20090425 000000  8.5 194.6  3.67 16.18 230.06  18.05  3  3.66 16.17 229.73  17.22  0.21 13.37 314.27   9.21  0.17 17.77 304.92  10.25
20090425 030000  7.4 190.7  3.63 15.56 229.55  18.06  3  3.62 15.57 229.25  17.30  0.20 13.23 314.57   9.18  0.17 17.76 304.80  10.48
20090425 060000  6.2 182.9  3.54 15.23 229.25  17.79  3  3.53 15.23 228.98  17.06  0.19 12.94 314.73   9.47  0.15 17.74 304.93  10.44
20090425 090000  5.1 179.6  3.41 15.13 229.04  17.41  3  3.40 15.13 228.76  16.65  0.18 12.79 315.22   9.26  0.15 17.55 305.31   9.87
20090425 120000  5.1 184.8  3.27 15.03 228.76  17.18  3  3.26 15.03 228.43  16.25  0.18 12.71 315.89   8.52  0.17 16.74 305.43   9.30
20090425 150000  6.2 190.2  3.15 14.58 228.14  17.48  3  3.14 14.59 227.71  16.29  0.21 16.63 305.23   9.56  0.17 12.67 315.96   8.46
20090425 180000 10.4 201.4  3.14 14.39 226.44  18.55  3  3.13 14.39 225.95  17.29  0.23 16.61 305.19   9.83  0.17 12.63 315.77   8.83
20090425 210000 10.2 196.9  3.28 14.30 224.34  20.12  3  3.27 14.30 223.90  19.07  0.23 16.61 304.64  10.92  0.16 12.58 316.04   8.44
20090426 000000  8.5 196.7  3.35 14.22 223.73  20.51  3  3.34 14.22 223.36  19.64  0.22 16.60 304.70  11.34  0.15 12.52 316.08   8.45
20090426 030000  7.6 188.0  3.30 14.09 223.37  20.23  4  2.38  9.17 221.87  24.24  2.28 14.09 224.28  12.26  0.19 16.58 304.94  11.59  0.15 12.43 316.20   8.53
20090426 060000  5.6 187.0  3.16 13.83 223.55  19.50  4  2.26  9.19 223.17  23.21  2.19 13.84 223.35  12.31  0.17 16.41 306.02  10.09  0.14 12.29 316.56   8.24
20090426 090000  4.8 182.2  3.02 13.74 224.04  18.77  4  2.17 13.74 222.77  12.11  2.09  9.32 224.72  22.34  0.19 15.65 305.88   9.45  0.14 12.10 316.82   8.05
20090426 120000  5.0 197.3  2.92 13.73 224.41  18.40  3  2.90 13.74 223.90  17.06  0.23 15.55 305.38  10.02  0.13 11.99 317.02   7.91
20090426 150000  4.7 198.0  2.82 13.69 224.34  18.29  3  2.81 13.70 223.71  16.59  0.26 15.53 305.59  10.21  0.12 11.92 317.19   7.82
20090426 180000  6.5 236.2  2.74 13.56 224.29  18.13  4  2.71 13.56 223.65  16.33  0.31 17.88 220.71   6.38  0.27 15.52 305.76  10.51  0.12 11.87 317.23   7.77
20090426 210000  3.8 219.3  2.68 13.43 224.14  17.92  4  2.65 13.43 223.55  16.23  0.36 17.86 220.63   7.06  0.25 15.52 305.90  10.85  0.12 11.82 317.24   7.75
20090427 000000  1.9 236.8  2.66 13.28 223.83  17.35  4  2.58 13.28 223.60  16.02  0.60 16.84 217.91   8.86  0.22 15.51 306.17  11.13  0.12 11.78 317.24   7.75
20090427 030000  2.4 212.8  2.65 12.95 223.46  16.74  4  2.56 12.96 223.29  15.63  0.63 16.70 218.58   8.92  0.20 15.47 306.70  10.99  0.11 11.74 317.30   7.69
20090427 060000  3.6 198.4  2.61 12.70 223.17  16.45  4  2.52 12.70 222.93  15.29  0.65 16.68 219.68   9.60  0.20 15.08 307.46   9.91  0.11 11.69 317.30   7.72
20090427 090000  1.5 166.0  2.59 12.56 223.18  16.40  4  2.44 12.56 222.94  15.13  0.83 15.89 220.08   9.43  0.22 14.61 307.18  10.01  0.10 11.65 317.33   7.71
20090427 120000  1.2 166.5  2.60 12.39 223.26  16.39  4  2.44 12.39 222.90  14.91  0.86 15.67 220.66   9.00  0.25 14.55 307.10  10.15  0.10 11.59 317.37   7.71
20090427 150000  2.0 217.7  2.59 12.08 223.27  16.47  4  2.39 12.10 222.60  14.97  0.96 15.54 222.64   9.27  0.26 14.53 307.13  10.50  0.09 11.52 317.51   7.66
20090427 180000  5.8 238.1  2.52 11.95 223.46  16.77  4  2.26 11.97 222.90  15.45  1.09 15.17 222.13   9.43  0.26 14.53 307.42  10.79  0.09 11.42 317.96   7.83
20090427 210000  4.9 208.9  2.43 14.50 223.59  17.03  4  2.15 12.16 222.97  15.82  1.10 14.74 222.44   9.23  0.26 14.54 307.88  11.70  0.09 11.29 317.76   7.50
20090428 000000  3.5 174.2  2.35 14.43 223.45  16.96  3  2.34 14.41 222.75  14.67  0.24 14.54 308.53  11.02  0.09 11.13 320.70   8.14
20090428 030000  4.4 181.0  2.29 14.31 223.27  16.77  3  2.28 14.29 222.60  14.56  0.23 14.52 308.97  10.73  0.09 11.09 321.19   8.50
20090428 060000  4.8 192.6  2.24 14.04 223.01  16.71  3  2.23 13.94 222.36  14.54  0.22 14.34 309.03  10.29  0.09 11.15 321.28   9.26
20090428 090000  4.5 189.3  2.22 13.57 222.97  16.80  3  2.21 13.53 222.30  14.56  0.22 13.86 308.76   9.98  0.10 11.27 322.41   9.21
20090428 120000  4.4 199.0  2.24 13.50 223.04  16.88  4  2.21 13.46 222.38  14.61  0.26 19.99 219.35   7.63  0.23 13.74 309.45  10.29  0.09 11.49 322.27   9.23
20090428 150000  4.4 206.1  2.29 13.48 222.94  16.94  4  2.20 13.44 222.53  14.86  0.58 18.20 218.01   8.13  0.23 13.71 309.84  10.27  0.09 11.49 322.86   9.23
20090428 180000  6.5 230.0  2.35 13.53 222.71  17.05  4  2.22 13.48 222.34  15.25  0.72 17.82 219.12   8.12  0.24 13.70 309.86  10.98  0.09 11.26 323.58   9.29
20090428 210000  5.6 210.3  2.39 13.65 222.20  17.22  4  2.15 13.65 222.03  16.13  1.01 16.95 219.54   8.84  0.23 13.67 309.86  10.99  0.09 11.11 324.46   9.10
20090429 000000  2.8 215.1  2.39 16.39 221.59  16.90  4  1.92 12.80 221.87  17.27  1.39 16.39 219.44   8.62  0.22 13.62 309.74  10.66  0.09 11.04 325.67   8.34
20090429 030000  3.4 215.0  2.36 16.04 221.23  16.39  3  2.35 16.04 220.69  14.45  0.21 13.55 309.75  10.40  0.09 10.98 326.26   7.94
20090429 060000  3.3 190.6  2.34 15.44 221.02  15.96  2  2.33 15.44 220.49  13.95  0.22 13.48 312.46  11.45
20090429 090000  3.8 175.5  2.31 15.25 220.95  15.68  2  2.30 15.26 220.39  13.51  0.23 13.41 313.19  11.14
20090429 120000  3.5 198.3  2.28 14.69 221.02  15.44  2  2.27 14.71 220.45  13.10  0.23 13.35 313.85  10.80
20090429 150000  3.9 201.8  2.25 14.41 221.13  15.26  2  2.24 14.43 220.55  12.90  0.22 13.26 314.17  10.66
20090429 180000  6.0 217.2  2.23 14.26 221.28  15.26  2  2.22 14.28 220.74  13.06  0.21 13.06 314.14  10.82
20090429 210000  4.5 201.5  2.17 13.91 221.49  15.48  2  2.16 13.95 220.98  13.43  0.20 12.84 313.88  11.23
20090430 000000  2.3 229.9  2.11 13.59 221.92  15.50  2  2.10 13.61 221.39  13.42  0.20 12.73 313.48  11.54
20090430 030000  2.4 154.1  2.03 13.48 222.33  15.56  2  2.02 13.50 221.74  13.26  0.20 12.66 313.30  11.45
20090430 060000  3.4 192.8  1.94 13.37 222.58  15.74  2  1.93 13.40 221.90  13.13  0.21 12.63 313.43  11.10
20090430 090000  4.2 202.7  1.86 13.19 222.77  16.16  3  1.85 13.24 222.01  13.29  0.20 12.60 312.07   9.70  0.07  9.66 328.43   7.00
20090430 120000  1.9 207.4  1.77 12.89 223.09  16.43  3  1.76 12.95 222.28  13.36  0.20 12.58 312.57   9.44  0.07  9.60 328.43   7.08
20090430 150000  3.4 228.6  1.69 12.71 223.49  16.36  3  1.67 12.73 222.43  13.15  0.20 12.54 314.46  10.31  0.19 17.26 238.92   6.77
20090430 180000  5.4 226.6  1.64 12.61 224.12  16.67  2  1.63 12.61 223.33  13.82  0.19 12.46 314.35  10.45
20090430 210000  3.9 207.5  1.60 12.52 224.69  16.83  3  1.59 12.53 223.92  14.15  0.17 12.23 312.38   9.46  0.06  9.17 328.03   7.60
20090501 000000  3.5 197.0  1.55 12.38 225.40  16.79  3  1.54 12.41 224.61  14.08  0.17 11.97 312.08   9.64  0.06  9.07 329.20   6.45
