Date     Time   Uabs UDir  hs    tp    th     sp     np hs(i) tp(i) th(i)  sp(i)
20090201 000000  6.0 206.0  2.95 15.33 225.90  23.04  4  2.87 15.12 222.50  16.50  0.59 15.65 297.80  11.26  0.36 12.59 298.57  12.93  0.17 20.35 297.86  12.24
20090201 030000  5.9 190.4  2.83 15.16 225.40  23.05  4  2.75 14.64 221.94  16.27  0.56 15.61 297.63  11.35  0.35 12.57 299.40  12.51  0.17 20.26 297.42  12.18
20090201 060000  5.9 204.0  2.69 14.79 225.29  23.15  4  2.60 14.41 221.57  15.73  0.55 15.55 297.63  11.45  0.33 12.54 299.31  12.85  0.19 19.69 297.47  10.80
20090201 090000  6.0 192.7  2.58 14.48 225.36  23.70  4  2.48 14.24 221.20  15.46  0.56 15.46 297.92  11.13  0.31 12.52 299.46  13.17  0.22 19.14 297.03  11.13
20090201 120000  5.5 187.0  2.50 14.35 225.52  24.43  4  2.40 14.11 220.84  15.30  0.58 15.36 298.23  11.10  0.29 12.46 299.68  13.38  0.25 19.06 296.84  11.63
20090201 150000  5.6 228.1  2.43 14.30 225.88  24.93  4  2.32 13.84 220.78  15.01  0.60 15.25 298.70  11.12  0.27 12.32 299.72  13.55  0.26 19.04 297.47  12.05
20090201 180000  7.7 235.2  2.38 14.21 226.36  25.33  4  2.27 13.51 221.13  15.45  0.59 15.15 299.02  11.20  0.26 19.00 298.01  12.19  0.25 12.01 300.80  12.50
20090201 210000  5.4 215.7  2.29 14.07 226.37  25.84  4  2.19 13.34 221.00  15.95  0.57 14.97 299.31  11.15  0.27 18.88 298.19  12.10  0.24 11.87 300.96  12.66
20090202 000000  5.6 196.0  2.18 13.68 226.14  26.31  4  2.07 13.25 220.40  15.89  0.55 14.76 298.95  11.71  0.30 18.23 297.48  11.68  0.23 11.82 300.96  12.66
20090202 030000  6.4 195.2  2.07 13.60 225.99  27.20  4  1.96 13.16 219.65  16.13  0.53 14.61 298.67  11.89  0.34 17.89 296.81  11.37  0.22 11.77 299.90  13.52
20090202 060000  7.1 188.3  1.98 13.88 226.01  28.65  4  1.86 12.71 218.80  16.85  0.52 14.51 298.59  11.52  0.36 17.82 296.29  11.85  0.22 11.76 301.38  12.62
20090202 090000  6.4 176.3  1.89 14.13 226.17  30.64  5  1.28 12.48 218.96   9.98  1.21  8.16 216.38  24.15  0.53 14.45 298.70  11.69  0.37 17.80 296.53  12.37  0.21 11.76 300.99  13.41
20090202 120000  7.2 190.0  1.81 14.20 226.85  31.97  4  1.68 12.37 217.34  18.38  0.54 14.41 298.92  11.78  0.38 17.75 297.36  12.48  0.21 11.75 301.72  12.88
20090202 150000  6.6 210.7  1.75 14.22 227.56  32.90  4  1.61 12.27 217.08  18.49  0.54 14.39 298.64  12.97  0.39 17.67 297.78  12.45  0.20 11.75 300.85  13.87
20090202 180000  9.3 218.8  1.78 14.19 228.00  32.66  4  1.64 11.67 217.98  19.19  0.52 14.35 299.11  11.84  0.41 17.42 298.04  12.16  0.19 11.70 300.38  14.67
20090202 210000  9.1 208.6  1.81 14.07 226.69  33.02  3  1.68 11.49 217.41  21.13  0.52 14.28 299.54  11.77  0.43 16.87 297.38  11.97
20090203 000000  7.0 192.4  1.78 13.64 224.98  34.24  5  1.34  5.77 215.59  26.94  0.96 11.52 215.61  11.30  0.47 14.04 299.57  11.23  0.44 16.72 296.71  11.92  0.15 11.14 300.71  15.34
20090203 030000  7.9 187.0  1.68 16.65 224.38  35.81  5  1.26  6.06 213.13  27.93  0.90 11.78 215.41  12.18  0.45 13.68 299.85  10.99  0.44 16.67 296.22  12.34  0.15 11.10 302.47  13.21
20090203 060000  9.3 189.8  1.60 16.60 223.75  37.28  5  1.18  5.94 209.73  28.31  0.87 12.27 216.03  13.20  0.45 16.61 296.53  12.49  0.44 13.56 300.11  11.05  0.14 11.04 303.23  12.99
20090203 090000  8.6 182.6  1.58 13.39 222.82  38.82  6  1.16  5.37 206.80  29.51  0.85 12.31 215.50  12.48  0.46 16.56 297.11  12.69  0.44 13.51 299.84  11.41  0.14 11.02 303.50  12.97  0.09  8.38 266.83   4.35
20090203 120000  6.3 176.9  1.50 13.38 225.82  40.00  6  1.05  5.18 207.27  30.64  0.83 12.06 215.99  12.72  0.47 16.49 297.03  12.61  0.45 13.49 299.99  11.46  0.13 11.01 303.82  13.22  0.11  8.17 262.84   6.55
20090203 150000  7.0 217.4  1.40 13.38 231.71  39.57  7  0.88  5.07 211.94  30.37  0.84 11.87 216.74  12.86  0.49 16.36 297.52  12.62  0.44 13.46 298.83  11.57  0.13  7.88 263.64   6.48  0.11 11.01 311.50   7.85  0.06 21.77 217.89   7.96
20090203 180000  9.6 222.6  1.56 13.38 231.31  35.83  5  1.13  4.71 219.94  27.73  0.85 11.37 217.75  12.84  0.48 16.12 296.99  12.60  0.45 13.44 299.85  11.46  0.08 21.43 218.19   7.99
20090203 210000  9.5 204.0  1.70 13.36 228.36  34.88  6  1.32  5.23 218.35  28.00  0.84 11.14 218.22  12.43  0.48 15.78 296.37  12.78  0.43 13.40 299.89  11.57  0.13  7.83 265.53   6.35  0.10 20.91 218.35   8.13
20090204 000000  6.5 209.4  1.68 13.31 226.98  35.11  6  1.32  5.60 217.30  28.97  0.62 10.80 214.95  11.67  0.55 13.30 222.87  10.78  0.45 15.66 295.98  13.14  0.43 13.34 300.31  11.13  0.13 20.41 218.21   7.96
20090204 030000  7.2 184.3  1.58 15.51 227.79  35.50  5  1.18  5.69 216.74  29.61  0.84 13.19 219.15  11.69  0.47 15.56 296.12  12.97  0.39 13.03 300.64  11.81  0.16 20.15 218.43   8.07
20090204 060000  8.3 193.4  1.50 12.81 228.04  35.79  6  1.06  5.62 214.89  30.01  0.61 12.83 223.02  11.18  0.59 10.42 217.18  11.13  0.47 15.50 296.21  13.08  0.37 12.78 300.77  11.96  0.19 19.86 219.04   8.32
20090204 090000  7.8 190.3  1.48 12.66 228.08  35.84  7  1.02  5.25 213.60  30.40  0.67 12.65 223.63  10.98  0.55 10.13 217.86  12.19  0.47 15.45 295.63  12.98  0.35 12.67 301.96  10.89  0.23 19.31 218.75   8.33  0.07 10.28 312.73   9.60
20090204 120000  6.8 183.7  1.45 12.55 229.09  35.74  6  0.95  4.82 213.15  31.13  0.89 12.51 221.81  11.71  0.47 15.39 296.12  13.17  0.34 12.65 301.10  11.18  0.27 19.03 218.87   8.29  0.11  7.22 268.43   5.77
20090204 150000  6.8 215.8  1.40 12.41 232.33  34.44  5  0.81  4.76 216.49  31.20  0.93 12.32 223.78  13.06  0.48 15.34 296.40  13.20  0.32 12.57 300.77  11.05  0.31 18.87 219.63   8.97
20090204 180000  9.6 220.8  1.53 12.18 231.64  31.92  4  1.37 12.02 222.90  22.15  0.47 15.27 296.17  13.41  0.34 18.63 219.63   8.80  0.32 12.56 300.72  11.03
20090204 210000  9.1 211.9  1.64 11.95 230.57  31.37  5  1.20  4.95 223.79  28.28  0.88 11.85 223.09  11.16  0.45 15.15 295.86  13.69  0.37 18.13 219.74   8.74  0.32 12.54 300.46  11.44
20090205 000000  7.0 203.8  1.56 11.80 229.70  32.16  5  1.12  5.23 221.57  29.89  0.86 11.71 223.45  11.21  0.44 14.85 295.58  13.67  0.40 17.89 220.06   8.81  0.31 12.49 300.93  11.86
20090205 030000  5.6 169.4  1.41 11.68 229.93  33.47  5  0.92  5.23 218.69  32.55  0.83 11.59 223.85  11.36  0.43 17.79 220.78   9.19  0.42 14.64 295.51  13.58  0.30 12.46 301.45  11.43
20090205 060000  7.6 182.4  1.31 11.55 229.46  34.36  4  0.79  5.02 213.73  34.33  0.80 11.39 224.18  11.60  0.50 14.52 297.66  12.94  0.45 17.65 221.22   9.16
20090205 090000  8.5 185.0  1.33 11.25 224.68  35.73  4  0.82  3.92 202.42  32.82  0.78 11.12 225.63  13.49  0.49 14.46 297.49  12.92  0.48 17.10 221.25   8.95
20090205 120000  9.3 172.0  1.43 16.74 218.36  37.25  5  1.02  4.33 198.93  34.28  0.72 10.98 224.63  12.09  0.52 16.80 221.41   8.84  0.45 14.42 296.07  13.08  0.14 11.64 308.18   6.50
20090205 150000 10.5 194.1  1.54 16.68 216.21  35.56  4  1.37 10.90 208.02  30.12  0.54 16.72 221.66   9.08  0.42 14.39 295.36  13.07  0.19 11.71 304.34  10.10
20090205 180000 13.3 207.4  1.99  5.60 219.73  30.17  4  1.86  5.60 216.06  27.12  0.56 16.60 221.81   8.95  0.40 14.38 295.27  13.38  0.20 11.71 302.75  11.10
20090205 210000 15.2 205.6  2.70  6.77 217.27  28.89  3  2.67  6.77 215.78  26.87  0.37 14.36 294.65  13.80  0.20 11.76 303.56   9.60
20090206 000000 13.1 190.3  3.06  7.68 212.34  28.87  4  2.97  7.68 210.74  27.87  0.65 15.74 222.39   9.06  0.35 14.32 295.60  14.08  0.17 11.64 301.28   9.78
20090206 030000 12.9 187.5  3.04  8.16 211.94  28.01  4  2.94  8.16 210.39  27.18  0.69 15.62 222.61   9.15  0.31 14.24 294.39  14.40  0.17 11.69 303.06  10.30
20090206 060000 11.1 182.3  2.95  8.44 213.50  27.56  4  2.84  8.44 211.96  26.97  0.69 15.43 222.16   8.62  0.33 13.99 296.62  13.91  0.22 19.07 235.41   7.43
20090206 090000 11.0 174.9  2.78  8.49 215.23  27.89  5  2.65  8.49 213.55  27.65  0.72 14.97 222.33   8.72  0.30 13.71 297.20  13.71  0.24 18.78 237.73   5.29  0.19 12.66 225.00   0.02
20090206 120000  7.9 171.7  2.67  8.51 216.84  27.43  4  2.50  8.51 214.97  27.63  0.83 14.66 222.49   8.48  0.33 17.97 234.73   7.81  0.29 13.59 297.60  14.11
20090206 150000  9.4 204.1  2.56  8.68 220.43  24.75  5  2.36  8.68 218.86  25.05  0.83 14.52 222.33   8.64  0.38 17.73 235.22   7.00  0.28 13.52 297.80  14.89  0.23 11.83 225.00   0.02
20090206 180000 12.1 215.2  2.76  8.63 221.92  22.72  4  2.58  8.63 220.71  22.79  0.88 14.35 223.89   8.46  0.35 17.56 237.83   5.56  0.27 13.51 298.58  15.18
20090206 210000 11.0 207.2  2.97  8.53 222.84  22.99  5  2.78  8.53 221.83  23.30  0.93 14.06 224.39   8.14  0.37 16.92 238.75   5.58  0.26 13.49 299.13  15.68  0.07 21.98 224.23   7.66
20090207 000000  8.1 216.4  2.96  8.73 223.74  23.03  4  2.72  8.73 222.70  23.78  1.14 13.71 226.33   9.25  0.27 13.46 296.29  18.65  0.09 21.79 223.88   7.34
20090207 030000  6.3 183.6  2.90  9.09 224.78  22.26  5  2.66  9.09 223.89  22.97  1.12 13.55 226.77   9.69  0.23 13.44 294.97  12.94  0.13 20.70 224.50   7.76  0.09 12.80 330.41   4.98
20090207 060000  7.1 200.5  2.88  9.50 225.36  21.11  5  2.59  9.49 224.24  22.07  1.24 13.41 227.95   9.91  0.22 13.41 294.87  13.41  0.17 20.42 224.10   7.58  0.09 12.70 330.79   4.94
20090207 090000  6.5 191.1  2.90  9.83 224.86  20.38  5  2.66  9.83 223.78  20.94  1.09 13.53 228.94   9.22  0.23 19.47 224.81   7.62  0.18 13.37 297.26  10.75  0.11 12.43 328.37   7.03
20090207 120000  4.9 187.8  2.81  9.89 224.54  19.72  5  2.49  9.89 223.39  20.67  1.24 13.02 227.55   9.96  0.29 19.09 224.13   7.79  0.17 13.38 295.01  11.64  0.11 12.27 326.58   8.87
20090207 150000  7.2 213.1  2.64  9.76 224.74  19.22  5  2.31  9.75 223.24  20.33  1.21 12.88 228.63   9.55  0.40 18.55 224.51   8.52  0.15 12.91 298.28  10.38  0.11 11.98 328.50   7.17
20090207 180000 11.1 207.7  2.58  9.47 224.00  19.89  5  2.22  9.47 222.05  21.26  1.22 12.83 228.75   9.79  0.46 17.89 224.88   8.30  0.15 12.76 296.18  11.82  0.11 11.86 328.47   7.24
20090207 210000 10.5 208.5  2.63  9.12 222.95  20.96  6  2.26  9.12 220.70  22.57  1.21 12.89 228.50   9.82  0.55 17.71 225.46   8.36  0.14 12.67 292.28  11.39  0.11 11.74 326.27   8.97  0.05 16.66 301.80  10.46
20090208 000000  8.8 197.5  2.79  8.59 221.66  22.10  6  2.44  8.59 219.50  23.77  1.14 12.98 228.10   9.72  0.71 16.83 225.12   8.25  0.13 12.65 292.78  12.03  0.11 11.41 326.68   8.85  0.06 16.62 300.23   9.87
20090208 030000  8.8 185.4  2.82  8.69 221.66  22.30  5  2.44  8.69 219.75  24.57  1.17 13.02 227.57   9.71  0.77 16.68 224.40   8.07  0.10 11.18 327.64   8.47  0.07 16.61 297.58  11.53
20090208 060000  8.2 199.7  2.81  8.97 222.32  21.13  5  2.38  8.97 220.63  23.68  1.11 12.88 227.10   9.96  0.97 16.41 224.73   8.66  0.09 11.06 328.60   8.27  0.06 16.60 299.20  10.55
20090208 090000  6.5 174.9  2.79 15.91 222.66  20.10  4  2.30  9.17 221.13  23.06  1.20 12.62 226.71  10.26  1.03 15.96 223.84   8.44  0.09 11.01 327.59   8.45
20090208 120000  5.9 176.1  2.82 15.58 222.97  18.74  4  2.31  9.43 222.12  21.46  1.19 12.33 225.13  11.14  1.09 15.70 223.67   8.42  0.09 10.85 328.82   7.39
20090208 150000  8.1 211.9  2.86 15.42 222.68  17.97  4  2.15  9.42 220.08  21.12  1.33 11.80 227.00  11.86  1.33 15.43 224.12   8.77  0.15 12.70 307.46  17.71
20090208 180000 10.1 219.1  2.97 15.25 222.38  18.33  3  2.34  9.32 220.16  21.01  1.31 15.25 223.61   8.47  1.27 11.70 228.28  14.47
20090208 210000  8.6 212.9  3.07 14.91 222.60  19.46  5  2.45  8.94 220.75  22.59  1.44 14.89 223.91   8.52  1.14 11.50 227.72  12.30  0.12 15.55 311.50  14.71  0.07 15.57 261.25   6.76
20090209 000000  5.2 206.2  3.04 14.58 223.04  19.90  4  2.46  8.85 222.03  23.17  1.45 14.57 224.06   8.81  1.02 11.60 225.66  11.25  0.12 15.54 308.56  14.83
20090209 030000  5.5 204.2  2.97 14.39 223.55  19.51  4  2.39  8.96 222.91  22.96  1.57 14.39 224.78   9.45  0.79 11.19 223.04   7.31  0.11 15.55 309.74  15.63
20090209 060000  3.0 225.1  2.95 14.28 224.17  18.81  3  2.52  9.23 224.20  21.07  1.53 14.28 223.88   9.28  0.10 15.55 309.42  14.02
20090209 090000  1.3 357.5  2.96 14.21 224.49  18.08  2  2.54  9.79 224.70  20.32  1.52 14.22 223.93   9.26
20090209 120000  4.2 333.3  2.87 14.17 224.37  17.58  2  2.37  9.86 224.18  20.29  1.62 14.17 224.78   9.36
20090209 150000  4.0 308.0  2.67 14.09 224.45  17.33  3  2.05  9.68 224.66  20.59  1.71 14.08 223.89   9.68  0.12 14.69 308.93  14.14
20090209 180000  5.0 322.7  2.46 13.84 224.86  17.55  3  1.77  9.25 224.77  21.69  1.70 13.81 224.61   9.96  0.13 14.59 307.87  14.24
20090209 210000  4.8 315.4  2.28 13.67 225.52  18.63  3  1.70 13.65 224.37  10.05  1.52  8.90 226.56  24.63  0.14 14.57 308.66  14.09
20090210 000000  5.5 311.0  2.16 13.57 225.85  18.42  2  2.16 13.56 225.59  17.72  0.14 14.56 310.05  14.95
20090210 030000  2.4 354.0  2.08 13.53 225.52  17.58  3  2.08 13.52 225.23  16.71  0.13 14.54 310.15  15.86  0.07 16.66 318.65   9.10
20090210 060000  2.0 272.7  2.05 13.55 224.81  16.65  4  2.04 13.54 224.49  15.56  0.09 14.50 302.61  12.33  0.09 16.55 319.18   8.61  0.08 14.29 328.42   7.70
20090210 090000  1.8 347.5  2.03 13.61 224.08  16.03  3  2.02 13.59 223.74  14.72  0.13 14.44 316.78  14.99  0.09 16.63 319.10   9.18
20090210 120000  2.0 229.4  2.05 13.65 223.55  15.62  2  2.04 13.63 223.15  14.01  0.17 16.42 318.27  13.24
20090210 150000  4.1 225.2  2.09 13.59 223.30  15.57  2  2.08 13.57 222.80  13.50  0.20 13.74 317.72  14.02
20090210 180000  6.4 235.0  2.15 13.58 223.50  16.04  3  2.14 13.57 222.90  13.61  0.21 13.66 318.96  13.94  0.07 19.15 310.17   9.63
20090210 210000  6.3 216.5  2.20 13.59 223.62  16.67  3  2.19 13.59 222.94  13.98  0.23 15.35 319.89  13.57  0.08 19.07 311.08   9.79
20090211 000000  7.0 196.6  2.23 13.61 223.03  17.21  4  2.21 13.60 222.29  14.27  0.21 15.28 318.75  13.45  0.11 12.49 329.28   7.51  0.08 19.05 310.00   9.71
20090211 030000  5.7 177.9  2.23 13.60 222.27  18.34  4  2.22 13.58 221.47  15.33  0.21 15.11 320.50  12.76  0.13 12.42 329.24   7.96  0.09 18.97 308.85   9.35
20090211 060000  8.3 179.5  2.24 13.53 221.42  19.35  3  2.22 13.52 220.56  16.22  0.25 14.47 324.21  11.49  0.10 18.63 308.57   9.53
20090211 090000  7.3 176.8  2.26 13.45 220.84  20.32  3  2.24 13.43 219.90  17.03  0.26 14.15 325.16  10.97  0.12 18.06 309.04   9.55
20090211 120000  7.2 181.7  2.28 13.35 220.93  20.53  3  2.26 13.33 219.91  17.00  0.27 13.97 325.38  10.87  0.13 17.94 309.27  10.02
20090211 150000  8.4 201.8  2.35 13.22 220.72  20.59  3  2.33 13.19 219.69  17.03  0.28 13.96 325.22  11.00  0.14 17.92 308.40   9.86
20090211 180000 10.9 213.4  2.61 13.11 220.52  20.81  4  1.59  6.73 217.83  24.27  2.05 13.10 220.64  12.34  0.29 13.93 325.14  11.11  0.14 17.92 307.12   9.07
20090211 210000 12.3 208.8  3.01 13.37 219.87  22.05  3  2.99 13.39 219.16  19.91  0.29 13.03 325.37  11.02  0.16 17.86 307.40   9.38
20090212 000000  9.4 190.2  3.19 15.10 218.69  23.34  4  2.46  7.59 219.00  26.13  2.00 15.20 216.67  11.09  0.28 12.93 326.11  10.45  0.19 17.73 308.57  10.21
20090212 030000 10.0 188.8  3.18 15.11 217.75  23.34  4  2.40  7.95 218.03  26.51  2.05 15.14 215.83  10.77  0.28 12.93 326.72   9.96  0.20 17.40 308.16  10.05
20090212 060000 10.9 187.6  3.20 15.01 216.94  23.21  4  2.41  8.08 216.98  26.43  2.07 15.04 215.32  10.52  0.28 13.01 326.95   9.97  0.21 17.09 307.30   9.48
20090212 090000  9.1 186.2  3.19 14.69 217.55  23.00  4  2.36  8.30 217.64  26.43  2.12 14.72 215.89  10.65  0.27 13.21 327.42   9.41  0.23 17.04 307.09   9.06
20090212 120000  8.4 191.4  3.13 14.41 219.06  22.62  5  2.28  8.57 219.86  25.65  2.11 14.43 216.48  10.95  0.27 13.26 327.47   9.44  0.24 17.04 307.35   8.95  0.09 24.60 304.89   9.54
20090212 150000  9.6 208.4  3.08 14.23 220.30  22.21  4  2.27  9.03 221.39  24.22  2.04 14.25 217.06  11.27  0.28 16.96 307.30   9.32  0.26 13.23 327.51   9.62
20090212 180000 12.1 218.0  3.18 14.03 221.19  22.25  4  3.16 14.06 220.27  19.81  0.27 16.79 307.58   9.35  0.26 13.13 327.30   9.75  0.12 23.16 305.29   9.46
20090212 210000 11.2 208.2  3.33 13.69 221.10  23.09  5  2.75  8.59 221.10  23.92  1.83 13.71 218.40  11.49  0.28 16.60 307.58   9.16  0.25 12.57 327.17   9.94  0.14 23.13 305.06   9.51
20090213 000000  8.5 202.3  3.25 13.51 220.89  24.02  5  2.70  8.71 220.46  24.81  1.76 13.53 218.72  11.67  0.29 16.45 307.69   8.51  0.24 12.53 327.09  10.05  0.17 23.10 305.07   9.57
20090213 030000  9.8 191.4  3.08 13.35 220.38  24.69  5  2.63  8.77 219.08  24.62  1.54 13.37 219.38  11.07  0.32 16.35 307.96   8.43  0.23 12.51 327.15  10.00  0.19 22.97 304.59  10.30
20090213 060000 10.8 192.9  2.99 13.15 219.74  25.18  5  2.55  8.80 217.30  24.53  1.48 13.18 221.09  11.54  0.34 16.23 308.12   8.58  0.22 12.47 327.43   9.86  0.20 22.04 304.57  11.14
20090213 090000  9.2 185.6  2.98 12.85 219.26  25.52  6  2.57  8.91 216.50  24.51  1.42 12.89 221.55  11.74  0.35 16.01 308.00   8.88  0.22 21.65 304.86  10.79  0.21 12.38 327.78   9.47  0.08 21.03 222.15   8.58
20090213 120000  7.6 180.1  2.91 12.67 219.37  25.76  6  2.53  8.96 216.46  24.45  1.37 12.70 221.67  11.94  0.35 15.74 307.77   8.96  0.26 21.62 304.95  10.41  0.20 12.11 327.74   9.44  0.13 20.29 223.74   9.44
20090213 150000 10.0 200.2  2.77 12.58 219.66  25.95  6  2.39  8.72 216.95  24.26  1.31 12.61 220.09  11.80  0.34 15.57 307.57   8.72  0.29 21.59 305.10  10.22  0.19 19.71 224.07   9.13  0.19 11.88 327.54   9.58
20090213 180000 13.1 211.7  2.90 12.51 219.27  25.51  5  2.85 12.52 217.37  21.73  0.35 15.46 307.70   8.43  0.31 21.47 305.19  10.32  0.28 18.94 224.26   9.13  0.18 11.76 327.03  10.19
20090213 210000 14.0 207.3  3.28  7.81 219.00  25.94  5  3.22  7.81 217.35  22.94  0.37 15.39 308.13   8.32  0.36 18.27 224.35   8.63  0.32 20.76 304.92  11.13  0.17 11.63 326.91  10.24
20090214 000000  8.3 200.0  3.14  8.00 219.40  27.57  6  2.77  8.00 216.95  26.41  1.29 12.26 218.91  10.75  0.49 17.58 224.09   9.00  0.39 15.30 308.35   8.42  0.35 20.25 304.64  11.47  0.16 11.44 326.49  10.71
20090214 030000  8.8 197.3  2.88  8.00 220.62  27.50  6  2.41  8.00 217.19  26.11  1.36 12.23 219.99  10.66  0.57 16.93 222.94   8.44  0.39 20.20 304.49  11.68  0.39 15.16 308.29   8.62  0.15 11.30 326.44  10.65
20090214 060000  8.1 197.4  2.85 12.24 221.56  26.54  6  2.23  8.13 217.58  25.58  1.46 12.26 220.29  11.27  0.84 16.22 223.50   9.35  0.42 20.17 304.58  11.76  0.38 14.85 308.15   8.67  0.14 11.35 326.52  10.85
20090214 090000  5.7 192.9  2.96 15.45 222.84  25.06  5  2.73 11.74 220.00  21.10  0.97 15.70 223.44   9.06  0.44 20.10 304.99  11.74  0.36 14.65 307.83   8.63  0.13 11.46 327.28   9.56
20090214 120000  5.6 193.5  3.08 14.97 224.06  23.61  6  2.76 11.02 221.44  20.26  1.25 15.14 223.83   9.80  0.44 19.83 305.88  10.52  0.36 14.53 307.72   8.53  0.13 11.59 327.18   9.57  0.05 19.11 258.10   6.10
20090214 150000  6.2 217.0  3.14 14.56 225.12  22.74  5  2.65 10.89 222.75  19.99  1.57 14.59 223.58  10.15  0.44 19.08 305.24  11.45  0.38 14.46 308.39   8.43  0.10 10.39 331.45   6.11
20090214 180000  7.8 221.2  3.16 14.37 225.99  22.42  5  2.60 10.95 223.94  19.53  1.68 14.36 223.24  10.33  0.47 18.92 304.91  11.49  0.38 14.40 308.67   8.41  0.10 10.35 331.11   6.45
20090214 210000  4.0 225.9  3.14 14.10 226.67  22.53  4  3.08 13.99 224.16  16.96  0.51 18.87 304.32  12.15  0.37 14.35 308.94   8.38  0.10 10.34 330.73   6.78
20090215 000000  1.5 230.2  3.10 13.90 227.15  22.60  3  3.03 13.82 224.44  16.63  0.54 18.82 303.76  13.39  0.37 14.29 310.53   9.69
20090215 030000  1.2 206.8  3.05 13.93 227.41  22.51  3  2.97 13.88 224.64  16.36  0.55 18.74 303.86  13.91  0.36 14.19 310.48   9.71
20090215 060000  1.0 224.2  2.99 13.90 227.43  22.25  3  2.93 13.89 224.78  16.18  0.52 18.47 305.34  12.13  0.35 13.97 310.55   9.68
20090215 090000  0.8 236.1  2.94 13.73 227.37  22.13  3  2.87 13.74 224.75  16.07  0.51 17.87 306.24  10.99  0.33 13.71 310.37   9.76
20090215 120000  1.6 232.5  2.83 13.57 227.71  22.45  4  2.75 13.57 224.74  15.85  0.53 17.73 305.36  12.20  0.32 13.57 310.24   9.62  0.26 19.09 231.50   7.52
20090215 150000  1.4 276.6  2.71 13.45 228.62  23.06  3  2.63 13.43 225.18  15.42  0.57 17.66 305.09  12.36  0.32 13.50 310.33   9.63
20090215 180000  3.7 244.3  2.61 13.33 229.88  23.68  4  2.49 13.30 225.70  15.23  0.59 17.61 304.78  12.60  0.43 17.87 231.96   7.62  0.32 13.47 310.62   9.53
20090215 210000  5.7 222.1  2.56 13.22 230.66  23.92  4  2.45 13.15 226.36  14.81  0.61 17.55 304.73  12.94  0.31 13.46 310.93   9.43  0.26 17.75 225.00   0.02
20090216 000000  0.1 136.0  2.51 13.07 230.96  23.97  4  2.37 12.95 226.76  14.75  0.60 17.40 305.11  13.15  0.47 17.16 221.73   6.22  0.31 13.44 311.20   9.44
20090216 030000  2.9 204.1  2.45 12.95 231.42  23.76  4  2.31 12.87 227.25  14.22  0.59 16.89 305.90  13.00  0.48 16.87 221.30   6.90  0.29 13.41 311.49   9.43
20090216 060000  7.0 191.1  2.40 12.94 231.26  24.01  3  2.31 12.89 226.82  14.33  0.59 16.62 306.56  12.70  0.27 13.30 311.42   9.45
20090216 090000  4.9 175.2  2.35 16.12 231.28  24.33  4  2.09 13.04 228.26  14.88  0.86 15.93 217.79   8.08  0.59 16.54 307.05  11.85  0.26 12.86 311.55   9.68
20090216 120000  5.8 175.1  2.36 15.45 230.79  24.64  4  1.92 13.21 226.99  16.12  1.21 15.48 223.98  10.63  0.61 16.50 305.78  13.77  0.24 12.62 311.23   9.80
20090216 150000  5.2 202.0  2.43 14.94 230.29  24.38  3  2.34 14.45 225.70  14.41  0.62 16.46 306.15  12.83  0.24 12.61 311.58   9.65
20090216 180000  9.1 220.4  2.66 13.87 229.23  23.63  4  0.81  3.91 219.24  27.71  2.44 13.68 225.82  12.14  0.64 16.40 306.57  12.53  0.25 12.60 311.70   9.54
20090216 210000  9.9 209.3  2.94 13.23 227.87  23.77  4  1.26  4.97 219.51  27.62  2.57 13.27 225.69  12.30  0.64 16.29 307.26  12.26  0.25 12.61 311.76   9.37
20090217 000000  7.5 192.8  3.03 12.88 227.44  24.13  3  2.95 12.92 224.43  17.81  0.62 15.96 307.78  12.19  0.25 12.61 312.01   9.12
20090217 030000  8.6 195.3  3.03 12.74 227.04  24.17  3  2.96 12.74 224.25  18.30  0.60 15.58 308.12  11.82  0.24 12.60 313.29   9.79
20090217 060000 11.1 189.8  3.06 12.72 225.31  24.80  2  3.00 12.69 222.81  19.67  0.61 15.48 309.53  10.98
20090217 090000  5.8 195.9  3.00 12.96 225.89  24.44  2  2.94 12.81 223.41  19.29  0.60 15.44 309.28  11.58
20090217 120000  3.7 218.7  2.86 13.16 227.33  23.98  4  2.80 12.89 224.65  18.30  0.54 15.42 308.40  12.19  0.19 13.54 315.00   0.00  0.17 11.85 312.57   9.80
20090217 150000  3.6 235.4  2.70 12.75 228.82  24.09  4  2.63 12.60 225.76  17.66  0.48 15.51 304.16  11.30  0.33 13.72 318.95   4.89  0.16 11.77 312.97   9.32
20090217 180000  5.8 248.7  2.54 12.32 230.40  24.54  4  2.42 11.92 226.52  17.58  0.48 15.46 303.38  11.96  0.47 12.66 235.00   0.00  0.38 13.68 317.45   6.67
20090217 210000  4.8 224.1  2.40 12.01 231.53  25.08  5  1.95 12.49 223.67  18.57  1.27 11.89 236.53   9.05  0.46 15.42 303.65  11.42  0.39 13.65 317.26   6.79  0.06 21.92 303.18  10.95
20090218 000000  3.3 215.6  2.29 11.84 232.02  25.43  5  2.16 11.33 228.34  17.38  0.51 15.20 307.38  12.67  0.44 11.83 215.00   0.00  0.31 13.13 314.88   6.88  0.07 21.81 302.77  11.40
20090218 030000  1.2 180.0  2.21 11.74 231.98  25.44  4  1.90 12.72 230.81  17.50  0.97 11.66 215.93   7.20  0.58 15.13 309.55  11.97  0.08 21.47 300.38  12.94
20090218 060000  2.0 216.7  2.17 12.06 231.65  25.09  3  2.09 11.47 227.44  16.56  0.56 15.03 309.96  11.88  0.10 20.80 299.66  13.29
20090218 090000  1.7 210.5  2.14 12.40 231.39  24.55  4  2.07 12.27 227.24  15.78  0.48 14.77 306.79  13.79  0.27 12.57 317.15   7.62  0.12 20.63 300.31  13.89
20090218 120000  1.7 227.5  2.11 12.45 231.46  24.01  5  2.04 12.32 227.43  15.03  0.40 14.75 306.63  12.17  0.34 12.72 316.41   7.67  0.12 20.58 302.90  11.31  0.07 23.35 232.10   7.82
20090218 150000  2.5 260.3  2.10 12.52 231.69  23.65  5  2.02 12.35 227.60  14.24  0.40 14.65 306.65  12.08  0.34 12.69 316.55   7.39  0.13 20.52 304.05  11.08  0.10 23.07 232.36   7.91
20090218 180000  4.4 245.5  2.11 12.86 231.84  23.61  5  2.03 12.86 227.64  13.92  0.42 14.56 307.46  12.28  0.33 12.63 315.96   7.28  0.15 21.92 232.12   7.98  0.14 20.36 303.31  11.60
20090218 210000  5.3 223.6  2.16 13.30 231.48  23.63  5  2.07 13.25 227.15  13.63  0.46 14.48 307.74  12.36  0.31 12.55 316.15   7.79  0.20 21.70 232.35   7.82  0.17 20.01 301.58  12.39
20090219 000000  2.7 185.2  2.21 13.34 230.94  23.69  5  2.12 13.26 226.53  13.48  0.47 14.47 308.16  12.30  0.30 12.51 316.16   7.81  0.26 20.63 232.09   8.08  0.19 19.49 301.69  12.05
20090219 030000  3.6 178.2  2.24 13.25 230.93  23.36  5  2.13 13.19 226.52  12.92  0.48 14.47 308.56  12.11  0.35 20.31 231.51   8.25  0.28 12.33 317.19   7.37  0.21 19.32 303.08  12.15
20090219 060000  3.9 186.7  2.26 12.98 231.19  22.67  4  2.13 12.94 226.93  12.35  0.54 14.47 311.28  11.63  0.45 19.41 231.81   8.25  0.22 19.24 305.34  12.14
20090219 090000  5.2 200.0  2.30 12.76 231.32  21.89  5  2.15 12.74 227.37  12.27  0.59 19.01 231.45   8.09  0.46 14.46 310.89  11.89  0.24 11.74 315.75   8.20  0.23 19.17 306.76  11.87
20090219 120000  4.5 200.6  2.41 12.68 231.40  21.25  5  2.20 12.65 227.74  12.75  0.79 18.32 231.48   8.73  0.43 14.44 312.21  10.23  0.27 11.84 315.09   9.47  0.24 19.00 306.40  12.29
20090219 150000  5.9 214.1  2.58 17.69 231.89  20.49  5  2.31 12.71 228.50  12.45  0.98 17.87 231.16   9.51  0.44 14.35 312.85   9.82  0.28 18.55 306.88  12.73  0.24 11.74 315.87   8.19
20090219 180000  6.8 213.4  2.80 17.38 232.33  19.99  5  2.26 14.05 228.87  13.08  1.54 17.31 230.90   9.08  0.47 13.96 312.64   9.93  0.32 18.02 306.97  12.92  0.23 11.70 317.46   7.55
20090219 210000  8.7 201.9  3.04 16.46 232.09  20.14  5  0.80  3.95 214.44  29.28  2.87 16.46 230.61  10.37  0.47 13.76 312.41  10.68  0.34 17.94 307.90  12.67  0.24 11.73 316.61   8.09
20090220 000000  9.1 196.0  3.19 16.25 231.33  20.86  4  3.13 16.26 229.11  15.27  0.46 13.69 312.49  10.60  0.33 17.91 309.54  11.42  0.23 11.70 316.70   8.04
20090220 030000  9.4 188.2  3.24 15.42 230.56  21.83  4  1.28  5.28 210.27  30.23  2.91 15.50 231.54  10.35  0.50 13.65 313.35  10.27  0.33 17.82 310.71  10.91
20090220 060000  9.7 187.4  3.24 15.08 230.21  22.53  3  3.18 15.12 228.20  18.01  0.46 13.65 313.49   9.67  0.36 17.39 312.45  10.59
20090220 090000  8.1 187.4  3.32 15.02 230.44  22.90  3  3.26 15.07 228.42  18.50  0.46 13.66 314.10   9.23  0.38 16.84 312.04  11.10
20090220 120000  6.6 179.5  3.40 14.47 231.05  22.78  3  3.35 14.74 229.07  18.49  0.45 13.69 314.61   9.10  0.42 16.73 311.09  11.90
20090220 150000  7.2 214.5  3.38 14.22 231.42  22.48  3  3.32 14.29 229.44  18.13  0.45 13.73 315.20   8.26  0.41 16.72 310.54  12.32
20090220 180000 10.7 213.1  3.39 14.09 230.11  22.80  3  3.34 14.12 228.26  18.74  0.44 13.65 315.99   8.56  0.39 16.71 309.93  11.15
20090220 210000 10.8 205.2  3.52 13.90 228.28  23.58  3  3.48 13.99 226.65  20.10  0.44 16.34 312.32  10.01  0.37 13.22 315.88   9.04
20090221 000000  8.5 202.6  3.61 13.48 227.59  24.03  4  3.56 13.55 226.09  20.83  0.44 15.76 314.04   9.76  0.36 13.14 315.17   8.34  0.13 19.15 212.75   8.11
20090221 030000  8.3 203.9  3.58 10.43 227.59  23.96  4  3.54 10.41 226.05  20.64  0.45 15.66 313.94   9.80  0.35 13.12 315.76   8.18  0.13 19.20 212.46   7.98
20090221 060000  6.7 210.4  3.54 10.67 228.05  23.47  4  3.49 10.67 226.46  19.94  0.46 15.63 313.45  10.20  0.35 13.12 315.80   8.23  0.17 19.02 213.57   8.57
20090221 090000  6.1 208.9  3.54 11.12 228.22  23.01  3  3.49 11.02 226.67  19.46  0.57 15.59 313.98   9.79  0.23 18.19 214.15   8.67
20090221 120000  5.2 190.0  3.48 11.12 227.96  22.95  4  3.42 11.05 226.43  19.38  0.56 15.50 313.78   9.92  0.28 17.90 214.54   7.64  0.07 19.15 313.76   8.27
20090221 150000  7.3 218.1  3.27 11.01 227.98  23.18  5  3.21 10.89 226.32  19.28  0.48 15.14 313.01  10.34  0.31 17.78 214.44   7.69  0.27 12.49 316.41   7.66  0.08 19.08 312.44   9.36
20090221 180000 13.7 206.9  3.23 11.61 225.67  24.42  3  3.16 11.53 224.02  20.70  0.54 14.71 313.91   9.85  0.35 17.43 215.31   7.53
20090221 210000 12.1 208.1  3.23 11.71 224.21  25.39  3  3.16 11.65 222.61  21.95  0.53 14.64 313.80  10.24  0.38 16.86 214.87   7.90
20090222 000000  9.0 198.7  3.02 11.71 224.20  26.29  3  2.95 11.63 222.44  22.65  0.53 14.62 313.86  10.10  0.41 16.72 215.25   7.40
20090222 030000  9.3 183.8  2.76 11.58 224.04  27.12  4  2.67 11.46 221.98  23.02  0.50 14.62 313.64  10.36  0.44 16.46 215.31   7.73  0.14 17.97 311.79   9.65
20090222 060000  9.2 187.5  2.55 11.32 223.56  27.42  5  2.41 11.27 220.63  23.02  0.48 14.63 313.06  10.71  0.48 15.82 215.87   8.25  0.44 12.74 238.38   6.06  0.15 17.81 312.78   9.22
20090222 090000  8.4 179.4  2.43 11.20 222.89  27.60  6  2.29 11.16 220.03  23.01  0.49 15.65 215.13   7.66  0.48 14.61 312.82  11.21  0.37 12.73 237.59   5.30  0.12 17.93 307.95   7.67  0.06 21.97 311.97   8.28
20090222 120000  8.5 180.0  2.35 11.11 222.58  27.57  4  2.25 11.07 220.16  22.81  0.48 15.57 214.98   7.11  0.48 14.28 312.05  11.75  0.08 21.77 311.75   7.92
20090222 150000  9.8 194.3  2.36 11.00 221.87  27.15  5  2.17 10.79 218.48  22.82  0.57 15.02 214.59   8.13  0.53 12.22 238.07   4.95  0.46 13.88 311.98  11.76  0.09 21.76 312.28   8.24
20090222 180000 11.6 210.0  2.63 10.63 221.26  25.74  6  2.46 10.57 218.82  22.30  0.61 14.65 215.25   7.97  0.49 12.18 238.14   5.07  0.40 13.78 311.98  12.29  0.21 16.89 311.35   9.73  0.09 21.72 312.32   8.97
20090222 210000 12.7 208.4  3.03  8.13 221.09  25.33  5  2.91  8.13 220.15  22.96  0.71 14.42 212.94   8.32  0.40 13.78 311.43  12.15  0.18 17.21 313.24   8.89  0.09 21.54 311.97   9.25
20090223 000000  8.7 195.6  3.12  8.60 220.81  26.08  4  3.00  8.60 219.86  24.02  0.73 14.13 213.83   8.08  0.43 13.89 311.82  11.09  0.12 20.44 311.40   9.00
20090223 030000  7.7 197.1  2.96  8.97 221.59  25.86  6  2.65  8.97 221.61  24.53  0.95 11.77 212.36   9.02  0.80 13.84 215.02   8.59  0.31 15.55 307.49  12.42  0.30 13.42 315.94   7.77  0.17 20.34 311.59   8.21
20090223 060000  8.6 194.4  2.92  9.80 221.51  25.01  4  2.51  9.40 221.11  23.85  1.42 11.37 216.49  11.96  0.43 15.39 311.21  11.37  0.18 20.33 311.81   8.49
20090223 090000  8.1 191.2  3.06 10.23 220.94  23.95  4  2.86 10.22 220.31  21.96  1.00 13.12 214.46   8.95  0.41 15.45 311.18  11.18  0.17 20.30 311.15   8.96
20090223 120000  6.7 186.1  3.07 10.31 221.20  23.19  5  2.90 10.30 220.75  21.22  0.93 13.40 213.41   7.99  0.35 15.46 309.73  10.90  0.19 12.49 316.65   7.63  0.15 20.11 310.88   9.61
20090223 150000  5.6 227.2  2.91 10.20 222.18  23.01  5  2.76 10.18 221.45  20.27  0.80 12.90 213.30   8.49  0.35 14.88 309.65  10.60  0.19 19.08 310.59   9.30  0.19 12.46 318.19   7.06
20090223 180000  8.3 223.9  2.79 10.39 223.50  23.25  4  2.75 10.35 221.74  19.13  0.35 14.66 310.16  10.82  0.25 19.01 310.96   8.82  0.19 12.51 316.99   7.71
20090223 210000  7.0 210.6  2.74 11.03 224.02  23.49  5  2.70 10.94 222.13  19.12  0.36 14.60 310.14  10.73  0.27 19.00 311.05   9.01  0.18 12.47 318.12   6.96  0.15 17.82 217.03   7.74
20090224 000000  5.5 216.9  2.71 10.89 224.03  23.34  5  2.66 10.82 222.25  19.24  0.40 14.58 311.29  10.87  0.23 19.00 311.26   8.50  0.22 17.27 217.56   8.14  0.06 21.93 296.27  11.43
20090224 030000  5.4 196.7  2.68 10.65 224.03  23.10  5  2.62 10.15 222.47  19.45  0.39 14.59 310.89  11.34  0.31 16.70 215.72   7.45  0.20 18.91 310.74   8.06  0.08 21.77 296.37  11.41
20090224 060000  5.1 202.0  2.62  9.89 224.07  23.26  5  2.55  9.89 222.50  19.58  0.40 16.34 216.89   7.50  0.37 14.61 310.97  10.98  0.23 17.89 311.08   8.56  0.09 21.70 296.17  12.24
20090224 090000  2.5 189.4  2.52 10.83 224.32  23.93  5  2.43 10.81 222.45  19.43  0.49 15.70 215.55   8.18  0.37 14.88 310.82  11.02  0.28 17.76 311.43   8.30  0.09 21.66 295.64  13.53
20090224 120000  3.0 195.3  2.42 10.86 224.88  24.49  6  2.26 10.85 222.74  19.34  0.70 15.20 217.22   7.76  0.32 17.76 311.77   8.65  0.29 13.64 314.73   9.31  0.24 15.56 303.99  10.42  0.10 21.25 295.52  12.89
20090224 150000  4.2 270.6  2.33 10.85 225.59  24.56  7  2.17 10.83 223.37  18.79  0.70 14.73 216.19   8.45  0.34 17.71 309.69   9.46  0.32 13.68 312.28  11.65  0.16 15.51 310.28   4.99  0.11 20.51 296.23  11.83  0.07 23.42 221.71   7.64
20090224 180000  5.2 244.8  2.27 10.76 226.33  24.31  7  2.01 10.75 224.88  19.08  0.91 14.30 216.51   8.21  0.32 13.66 312.92  10.79  0.31 17.67 307.86  10.74  0.17 15.51 310.43   4.98  0.14 20.37 296.98  11.37  0.12 22.87 220.07   6.65
20090224 210000  3.5 217.1  2.22 13.68 226.48  23.82  7  1.90 10.48 225.39  18.93  1.02 13.70 217.63   8.40  0.31 13.61 314.54   9.30  0.27 15.84 304.72  10.29  0.20 21.82 220.50   7.43  0.20 17.74 310.95   9.05  0.15 20.33 296.86  12.19
20090225 000000  3.7 204.7  2.24 13.59 226.50  23.44  6  1.84 10.30 225.66  18.68  1.13 13.56 218.49   8.36  0.36 16.41 308.60  10.84  0.33 20.64 220.26   7.84  0.30 13.60 313.45   9.22  0.15 20.26 296.44  12.89
20090225 030000  3.3 187.8  2.32 13.63 226.17  23.15  5  1.80 10.17 225.96  18.44  1.23 13.60 218.12   8.49  0.62 19.89 220.22   7.89  0.49 16.49 310.76  10.28  0.16 20.02 294.48  14.17
20090225 060000  5.5 193.2  2.45 18.91 225.23  22.54  7  1.75 10.01 225.05  18.81  1.32 13.99 219.33   8.79  0.88 18.92 218.35   7.50  0.38 16.55 310.76   8.39  0.34 14.32 310.69  11.91  0.33 16.59 225.00   0.00  0.18 19.22 294.95  12.42
20090225 090000  3.9 176.9  2.56 17.14 224.25  21.68  7  1.70  9.50 224.13  18.98  1.36 14.20 220.03   8.04  1.24 17.86 218.78   8.68  0.37 16.54 309.63   9.48  0.25 14.40 310.38  11.26  0.22 19.06 296.48  11.88  0.21 12.68 315.34   8.18
20090225 120000  3.1 204.3  2.66 17.41 223.60  20.49  5  2.11 17.52 219.78   8.62  1.53  9.21 223.93  19.23  0.35 14.41 310.69  10.95  0.33 16.53 310.77   9.00  0.24 19.02 297.23  11.84
20090225 150000  3.6 243.7  2.73 16.77 223.26  19.55  5  2.24 16.85 219.89   8.64  1.46  8.91 223.95  18.99  0.37 14.42 310.36  11.30  0.29 16.44 310.97   8.36  0.24 18.99 297.40  12.42
20090225 180000  4.6 235.9  2.77 16.47 223.31  19.11  4  2.40 16.50 220.29   9.23  1.29  8.67 224.66  19.70  0.47 15.05 310.69  10.20  0.22 18.93 296.44  13.50
20090225 210000  4.9 222.0  2.80 16.21 223.61  19.16  3  2.75 16.29 221.47  12.38  0.48 15.34 310.83  10.03  0.23 18.38 295.53  13.40
20090226 000000  4.1 206.7  2.80 15.71 223.93  19.56  3  2.74 15.80 221.58  12.34  0.49 15.40 311.01   9.90  0.27 17.84 295.63  12.55
20090226 030000  3.2 203.2  2.75 15.52 224.26  20.07  4  2.69 15.53 221.66  12.35  0.37 15.47 311.79   9.10  0.32 17.79 296.48  12.15  0.31 13.52 310.38  10.74
20090226 060000  4.4 207.7  2.69 15.41 224.44  20.27  5  2.28 15.40 221.72   9.34  1.29  8.77 221.97  19.20  0.35 15.45 311.64   8.88  0.33 17.77 297.21  12.14  0.30 13.47 311.33  10.91
20090226 090000  3.2 191.8  2.65 15.26 224.44  20.08  4  2.59 15.23 222.00  12.96  0.32 13.53 311.91  10.19  0.31 17.75 298.08  12.01  0.30 15.47 311.40   9.34
20090226 120000  2.4 169.9  2.68 14.90 224.37  19.64  4  2.63 14.86 222.27  13.49  0.35 13.68 311.21   9.87  0.27 17.71 297.49  13.21  0.24 15.49 312.91   9.26
20090226 150000  4.4 235.9  2.77 14.62 224.41  19.47  3  2.72 14.63 222.53  14.04  0.42 14.25 311.90   9.57  0.26 17.35 296.29  13.54
20090226 180000  5.3 242.6  2.85 14.50 224.79  19.80  4  2.80 14.52 222.89  14.61  0.41 14.35 311.97   9.63  0.29 16.68 296.00  12.96  0.06 20.34 304.86   7.80
20090226 210000  5.7 215.0  2.85 14.41 225.19  20.34  4  2.80 14.41 223.10  14.91  0.41 14.39 311.77   9.73  0.34 16.62 296.45  12.52  0.07 20.33 305.12   7.93
20090227 000000  1.2 190.8  2.79 14.28 225.31  20.72  4  2.74 14.25 223.07  15.02  0.40 14.40 311.99   9.59  0.36 16.60 296.92  12.34  0.07 20.33 303.07  10.05
20090227 030000  5.3 213.9  2.71 14.02 225.34  20.80  4  2.66 13.89 223.12  15.19  0.35 16.59 298.08  11.78  0.31 14.42 310.72   9.33  0.23 12.62 315.32   8.85
20090227 060000  4.3 194.7  2.65 13.66 225.25  20.56  5  2.60 13.63 223.23  15.36  0.31 16.58 297.79  12.37  0.29 14.40 310.73   8.99  0.23 12.62 316.29   7.94  0.08 19.20 305.48   8.90
20090227 090000  1.1 218.8  2.59 13.48 225.32  20.29  4  2.55 13.47 223.45  15.37  0.35 14.20 313.79   8.68  0.28 16.49 298.21  12.35  0.10 19.03 302.72   9.60
20090227 120000  3.0 317.3  2.49 13.32 225.73  20.36  3  2.45 13.31 223.74  15.21  0.44 15.60 306.88  14.18  0.12 18.99 301.98  10.30
20090227 150000  4.1 336.0  2.40 13.16 226.80  21.56  4  2.35 13.12 224.54  16.26  0.34 13.45 313.61   9.10  0.29 15.56 297.31  12.42  0.13 18.94 303.10  10.78
20090227 180000  5.2 305.0  2.29 12.90 228.16  22.25  4  2.24 12.81 225.48  16.42  0.34 15.51 296.66  12.94  0.33 13.42 313.50   9.48  0.13 18.90 303.19  11.23
20090227 210000  3.2 302.7  2.20 12.75 229.04  22.34  4  2.14 12.68 226.05  15.93  0.36 15.51 296.57  12.86  0.32 13.42 312.98   9.63  0.12 18.74 303.87  11.20
20090228 000000  4.7 323.6  2.12 12.65 229.64  22.55  5  1.99 12.58 226.11  16.12  0.52 16.51 230.87   9.09  0.36 15.50 295.00  14.31  0.32 13.40 312.97   9.63  0.14 17.84 305.27  10.90
20090228 030000  2.3  25.0  2.04 12.56 229.91  22.48  5  1.91 12.50 226.42  15.65  0.52 16.71 228.85  10.39  0.34 15.49 295.19  14.47  0.31 13.34 313.65   8.97  0.17 17.72 304.43  10.76
20090228 060000  2.3 350.7  1.97 12.53 229.96  22.16  5  1.75 12.44 226.16  15.43  0.76 16.07 229.17   9.06  0.30 15.43 296.82  13.03  0.29 13.16 314.81   8.13  0.20 17.69 304.18  11.02
20090228 090000  3.5 307.4  1.91 15.43 230.10  22.14  5  1.72 12.59 226.53  15.17  0.71 15.80 228.18   9.35  0.31 15.17 298.78  13.43  0.27 12.65 315.93   8.05  0.19 17.74 303.26  11.94
20090228 120000  2.9 343.5  1.87 15.20 230.26  22.37  5  1.56 12.48 226.80  16.34  0.92 15.34 227.05   8.39  0.31 14.51 298.90  13.70  0.25 12.51 316.48   7.92  0.21 17.60 306.05  11.71
20090228 150000  3.9 334.0  1.83 14.66 230.46  22.88  5  1.44 11.93 225.89  17.78  1.04 15.04 228.89   8.41  0.30 14.50 297.26  13.04  0.27 12.56 315.41   8.45  0.20 17.42 307.24  13.35
20090228 180000  6.0 315.1  1.81 14.50 231.94  25.73  6  1.42 11.93 227.82  23.16  1.02 14.61 228.79   8.41  0.31 14.51 297.01  13.19  0.27 12.54 314.64   8.61  0.19 16.76 309.02  13.45  0.11 23.40 236.63   7.10
20090228 210000  5.5 314.0  1.80 14.43 233.75  28.08  5  1.72 14.36 229.49  22.44  0.31 14.49 295.97  12.91  0.27 12.46 316.02  10.16  0.23 16.51 305.88  10.27  0.20 22.08 236.11   7.21
20090301 000000  3.3 327.4  1.79 14.34 233.91  27.78  5  1.68 14.24 228.93  21.39  0.36 21.04 235.76   7.33  0.36 14.57 301.81  15.65  0.25 12.34 314.68   8.90  0.24 16.60 302.13  11.46
