Date     Time   Uabs UDir  hs    tp    th     sp     np hs(i) tp(i) th(i)  sp(i)
20031001 000000  2.5  85.1  1.42 12.50 224.22  16.11  3  1.41 12.49 223.68  14.75  0.11 11.01 267.87   7.08  0.10 12.67 314.38   9.18
20031001 030000  3.8 168.8  1.39 12.46 224.99  17.87  3  1.38 12.45 224.38  16.60  0.12 10.72 269.50   5.98  0.10 12.66 314.37   8.92
20031001 060000  7.4 185.4  1.46 12.37 225.84  19.55  3  1.45 12.36 225.25  18.55  0.13 10.48 269.26   5.53  0.10 12.64 313.17   9.91
20031001 090000  9.2 169.5  1.74 12.14 224.56  25.67  3  0.66  3.40 175.67  31.93  1.61 12.13 230.83  14.72  0.09 12.61 313.52   9.18
20031001 120000  7.1 169.8  2.02 11.90 228.05  25.21  3  0.70  3.86 173.71  31.58  1.89 11.90 233.59  14.93  0.08 12.44 315.22   7.76
20031001 150000  9.5 191.1  2.27 11.69 229.37  24.15  3  0.88  4.05 189.52  30.65  2.09 11.69 235.08  15.69  0.09 11.98 315.75   7.53
20031001 180000 12.8 203.7  2.68 11.54 227.94  24.12  2  2.67 11.53 227.87  23.97  0.09 11.90 315.79   7.50
20031001 210000 13.2 201.1  3.10 11.37 225.48  25.70  2  3.10 11.36 225.41  25.58  0.10 11.87 314.05   9.09
20031002 000000  8.7 198.6  3.21 11.18 224.60  26.00  2  3.21 11.17 224.55  25.89  0.10 11.87 314.38   8.84
20031002 030000  9.6 184.4  3.08 10.96 224.33  25.85  2  3.08 10.96 224.27  25.74  0.10 11.84 312.24  10.12
20031002 060000  6.7 192.1  2.86 10.68 224.82  25.02  2  2.86 10.68 224.76  24.90  0.09 11.81 311.73  10.18
20031002 090000  6.0 199.1  2.64 10.58 225.73  23.88  3  2.64 10.57 225.66  23.75  0.09 11.74 311.39  10.23  0.08 17.89 220.33   7.70
20031002 120000  5.4 189.5  2.44 11.50 226.46  23.14  3  2.43 11.50 226.40  22.99  0.08 11.53 314.86   7.68  0.08 17.83 220.58   7.03
20031002 150000  6.7 217.3  2.27 11.24 226.87  22.70  4  2.21 11.59 224.70  20.98  0.50  9.81 268.91   7.13  0.09 11.24 314.03   8.76  0.08 17.81 222.45   8.19
20031002 180000 10.9 207.2  2.27 11.07 224.84  23.40  3  2.21 11.19 222.41  21.38  0.51  9.67 269.21   7.61  0.10 11.24 313.07   9.98
20031002 210000 11.0 200.7  2.42 10.96 221.91  24.67  4  2.38 11.08 220.37  23.37  0.42  9.60 270.94   6.21  0.10 11.20 312.98  10.10  0.09 16.85 222.83   8.23
20031003 000000  8.9 189.7  2.43  7.59 220.91  25.80  5  2.10  7.59 218.65  27.45  1.16 10.81 222.66  12.24  0.37  9.46 270.75   6.59  0.10 16.73 221.73   9.30  0.09 11.20 314.33   8.89
20031003 030000  9.2 197.5  2.31  8.00 220.91  25.95  4  2.09  8.00 219.78  27.95  0.98 10.60 224.98  10.71  0.10 16.73 224.67   9.21  0.09 11.20 313.45   9.46
20031003 060000 12.0 193.1  2.32  7.81 217.47  26.78  4  2.29  7.76 216.23  25.75  0.34  9.29 271.47   6.51  0.12 16.59 226.30   9.66  0.10 11.16 309.45  12.70
20031003 090000  8.7 185.7  2.24  7.62 217.45  27.16  5  2.16  7.62 215.65  26.79  0.49 11.88 228.38   8.98  0.29  9.20 271.50   6.09  0.20 15.65 229.00  10.06  0.10 11.11 308.74  12.69
20031003 120000  9.5 188.9  2.08  7.66 218.91  26.70  6  1.98  7.66 216.81  26.55  0.47 11.64 229.65   8.34  0.35 14.99 231.91   9.59  0.25  9.00 273.39   6.36  0.10 13.18 307.72  13.93  0.07 12.80 195.86   4.88
20031003 150000  9.3 199.1  2.05  7.52 219.68  26.12  6  1.87  7.48 215.84  26.22  0.58 14.40 233.47   9.08  0.54 11.74 232.14   7.93  0.28  8.86 272.62   6.94  0.10 13.18 307.39  13.91  0.10 12.36 197.73   5.24
20031003 180000 11.3 210.3  2.25 13.71 222.02  24.22  5  1.96  7.26 216.87  24.92  1.07 13.73 234.98   8.59  0.25  8.79 271.99   6.75  0.07 10.79 316.12   7.64  0.07 13.29 299.28  12.84
20031003 210000 11.9 202.0  2.64 13.55 222.75  24.16  2  2.22  7.01 216.63  26.15  1.43 13.57 236.27   8.98
20031004 000000  8.7 189.0  2.81 14.13 224.86  24.67  3  2.20  7.29 215.99  27.72  1.74 14.13 237.66   9.09  0.12 11.11 197.61   5.11
20031004 030000  9.5 193.3  2.82 13.98 228.10  23.63  2  1.97  7.37 215.30  28.17  2.02 13.98 238.91   9.13
20031004 060000  9.3 189.3  2.86 13.65 230.59  22.49  2  1.76  7.25 213.93  28.66  2.26 13.65 239.53   9.32
20031004 090000  7.7 179.6  2.91 15.56 232.58  21.22  1  2.91 15.56 232.58  21.22
20031004 120000  6.9 184.9  2.93 15.84 234.48  18.94  2  2.93 15.84 234.51  18.92  0.09 10.79 195.70   5.75
20031004 150000  8.7 204.3  2.99 16.15 234.78  17.50  2  2.66 15.07 234.81  18.83  1.37 17.02 234.68  11.15
20031004 180000 10.7 211.0  3.16 16.23 233.49  17.81  1  3.16 16.23 233.49  17.81
20031004 210000 11.1 205.9  3.36 16.15 232.00  19.03  1  3.36 16.15 232.00  19.03
20031005 000000  8.0 180.9  3.42 15.84 230.79  20.40  2  1.97  7.24 217.50  28.03  2.79 15.84 236.70  10.95
20031005 030000  9.7 185.1  3.34 15.54 229.91  20.57  2  1.92  7.64 216.09  28.29  2.73 15.54 235.98  10.85
20031005 060000  7.2 174.3  3.17 15.31 229.27  20.66  1  3.17 15.31 229.27  20.66
20031005 090000  6.3 153.3  2.97 15.18 229.48  19.79  1  2.97 15.18 229.48  19.79
20031005 120000  4.9 164.2  2.77 15.12 230.12  18.25  1  2.77 15.12 230.12  18.25
20031005 150000  5.3 204.9  2.60 15.02 230.67  16.50  1  2.60 15.02 230.67  16.50
20031005 180000  9.4 215.2  2.57 14.55 229.82  16.60  1  2.57 14.55 229.82  16.60
20031005 210000  8.6 203.8  2.65 14.34 228.39  18.54  3  1.52  6.54 219.72  26.14  2.17 14.33 232.12  11.07  0.09 15.34 313.73   8.37
20031006 000000  6.8 186.8  2.64 14.24 227.92  19.69  3  1.62  6.92 221.11  27.33  2.08 14.23 231.51  11.03  0.09 15.35 313.63   8.51
20031006 030000  5.3 186.0  2.53 14.14 228.20  19.38  4  2.02 14.14 231.07  10.63  1.51  7.04 221.90  27.43  0.13 17.73 290.23  10.15  0.08 15.30 313.50   8.79
20031006 060000  3.5 168.0  2.36 13.70 228.84  18.23  3  1.98 13.70 231.15  11.04  1.27  7.00 221.71  27.08  0.16 17.67 293.54  13.68
20031006 090000  2.2 186.4  2.18 13.41 229.45  16.94  2  2.18 13.41 229.19  16.43  0.15 17.57 293.52  13.94
20031006 120000  1.5 213.1  2.03 13.31 229.91  16.07  2  2.03 13.30 229.81  15.76  0.09 14.51 313.91   8.62
20031006 150000  2.6 281.9  1.89 13.20 230.44  15.62  4  1.88 13.19 230.09  14.67  0.11 18.46 225.53   8.89  0.11 16.67 289.03  10.92  0.11 14.49 314.13   8.46
20031006 180000  4.6 238.0  1.78 12.77 230.83  15.90  4  1.77 12.76 230.34  14.60  0.12 17.98 226.15   8.99  0.12 14.47 313.27   8.84  0.12 16.61 286.98  11.99
20031006 210000  2.0 259.4  1.67 12.49 231.04  16.45  4  1.65 12.49 230.32  14.74  0.16 17.72 229.43  10.33  0.15 16.59 288.21  11.39  0.13 14.43 311.75   9.63
20031007 000000  4.3  19.4  1.55 12.35 231.77  20.70  4  1.52 12.35 230.64  19.12  0.22 17.31 237.99  13.95  0.17 16.59 290.46  10.07  0.12 14.29 310.98   9.75
20031007 030000  4.7 310.1  1.43 12.03 233.22  21.79  6  1.38 12.04 231.49  20.06  0.21 14.81 252.67   6.94  0.21 16.86 231.62  10.16  0.19 16.57 292.23  11.30  0.09 13.77 310.26   9.77  0.07 11.03 304.18  12.80
20031007 060000  3.5 328.4  1.36 11.91 235.90  23.70  7  1.27 11.93 233.20  22.43  0.32 13.93 251.78   6.39  0.25 16.71 234.58  12.50  0.19 16.54 292.10  11.58  0.11 20.12 243.75   5.98  0.09 13.60 312.44   9.87  0.07 11.02 301.41  14.85
20031007 090000  6.3   4.4  1.40 12.40 241.88  30.11  7  0.40  2.89 338.94  35.36  1.15 11.83 232.33  14.57  0.53 13.54 250.65   9.96  0.39 17.32 242.69   9.62  0.17 16.45 292.14  12.18  0.12 13.62 313.20   9.13  0.07 11.02 303.56  13.32
20031007 120000  8.4 357.0  1.61 16.45 251.59  36.40  5  0.64  3.45 341.15  32.00  1.20 12.32 239.40  16.28  0.85 16.48 244.64   8.77  0.15 15.89 291.85  12.48  0.14 13.63 313.56   8.65
20031007 150000  8.2 326.4  1.90 15.86 257.44  34.45  4  0.85  4.17 326.86  30.03  1.69 15.90 244.75  12.61  0.15 13.61 314.11   8.56  0.14 15.54 292.05  11.86
20031007 180000  7.4 308.9  2.18 15.46 257.22  29.55  3  0.96  4.83 313.91  29.91  1.95 15.46 246.52  11.19  0.21 15.46 301.21  14.69
20031007 210000  7.6 344.5  2.50 15.10 257.55  28.54  4  1.07  5.27 313.49  30.83  2.24 15.07 247.76  10.92  0.17 15.51 293.64   8.09  0.13 13.57 311.90   8.90
20031008 000000  8.6   6.9  2.77 14.70 257.26  28.75  2  2.76 14.66 256.95  28.63  0.23 15.49 298.96  11.31
20031008 030000  4.3 347.1  2.88 14.60 254.78  24.85  2  2.88 14.60 254.68  24.75  0.12 12.85 313.67   7.33
20031008 060000  1.1 336.0  3.01 14.52 252.29  20.86  2  3.01 14.53 252.16  20.69  0.15 12.81 311.61   9.42
20031008 090000  1.7 255.6  3.20 14.37 250.41  18.07  2  3.19 14.37 250.27  17.84  0.16 12.84 312.14   9.30
20031008 120000  0.5  60.2  3.31 14.20 249.32  16.57  2  3.31 14.20 249.19  16.31  0.16 12.82 312.80   8.89
20031008 150000  5.0 204.6  3.30 13.83 248.52  16.14  2  3.30 13.84 248.39  15.89  0.16 12.82 312.39   8.84
20031008 180000  9.2 211.2  3.23 13.51 247.41  17.05  2  3.23 13.51 247.33  16.88  0.12 12.74 314.65   7.09
20031008 210000 10.7 206.4  3.18 13.29 244.86  20.22  1  3.18 13.29 244.86  20.22
20031009 000000  6.1 191.4  2.99 12.81 243.60  22.28  3  2.99 12.82 243.75  22.02  0.21 10.98 199.71   5.67  0.11 12.56 313.38   7.06
20031009 030000  9.1 183.9  2.74 12.53 243.19  23.65  3  2.73 12.53 243.36  23.30  0.23 11.04 199.93   5.53  0.13 12.36 311.39   9.02
20031009 060000 10.0 171.3  2.55 12.22 240.14  27.86  5  2.54 12.25 240.39  27.53  0.25 10.94 202.23   7.73  0.14 12.11 312.26   8.32  0.06 16.79 195.49   3.89  0.06 19.05 225.87   8.04
20031009 090000  9.2 166.8  2.38 11.82 236.81  30.94  4  2.36 11.82 237.12  30.63  0.24 10.90 201.91   7.72  0.14 15.73 196.75   4.61  0.14 12.11 312.46   8.35
20031009 120000  7.5 173.0  2.20 11.64 235.15  30.77  4  2.17 11.65 236.03  30.68  0.24 10.79 200.68   7.02  0.21 15.32 197.01   4.66  0.12 17.76 224.12   8.85
20031009 150000  7.9 192.9  2.05 11.26 234.13  29.33  6  2.01 11.26 234.99  28.59  0.32 14.61 198.10   5.49  0.20 10.83 201.58   6.67  0.14 12.22 310.90   9.01  0.12 17.75 225.26   7.84  0.12 14.49 306.06   7.63
20031009 180000 12.3 208.4  2.29 11.01 227.38  28.20  3  2.25 11.01 228.34  28.24  0.39 14.31 199.04   6.13  0.17 16.88 224.51   8.29
20031009 210000 13.5 200.8  2.70  6.79 222.96  28.04  3  2.68  6.79 222.59  27.70  0.20 16.67 224.75   7.96  0.20 13.59 294.59  16.24
20031010 000000 10.5 192.4  2.80  7.60 220.40  28.70  5  2.64  7.60 218.84  28.66  0.68 10.54 247.62   8.51  0.54 13.25 202.85   8.52  0.24 16.54 224.03   8.08  0.21 13.55 294.12  14.90
20031010 030000  9.6 195.5  2.56  8.18 220.22  28.01  6  2.33  8.17 222.02  28.95  0.79 10.63 211.46  13.10  0.60 12.99 202.04   7.28  0.25 16.14 224.21   7.54  0.23 13.52 293.46  15.24  0.05 17.81 305.21   8.71
20031010 060000  6.7 178.0  2.29  8.51 220.28  27.57  9  1.97  8.32 219.58  27.97  0.69 12.54 205.42   9.71  0.62 10.20 208.13  11.31  0.58  9.93 252.63   9.25  0.28 15.61 224.08   7.59  0.22 13.53 291.40  12.40  0.10 11.72 312.81   7.54  0.07 17.71 305.05   8.57  0.06 20.94 262.48   8.47
20031010 090000  4.6 188.8  2.02  8.67 221.42  26.90  8  1.65  7.91 221.91  27.67  0.69 12.38 206.35   9.96  0.68 10.08 208.41  11.99  0.52  9.72 251.18   8.32  0.31 15.51 224.50   7.18  0.24 13.53 296.23  13.88  0.12 20.36 263.03   7.66  0.08 17.57 304.87   8.65
20031010 120000  5.5 175.2  1.82  9.37 222.10  26.63  8  1.45  8.19 223.22  26.99  0.92 12.12 207.20  11.08  0.45  9.64 249.13   9.23  0.27 15.53 224.39   7.76  0.20 13.53 294.02  11.96  0.20 19.38 262.95   7.71  0.10 11.61 312.15   7.73  0.09 17.22 304.69   8.84
20031010 150000  5.3 215.8  1.69 11.92 223.20  26.53  9  1.27  7.86 223.09  26.41  0.86 11.92 206.52  10.27  0.49  9.18 246.94  11.78  0.32 18.87 262.63   7.50  0.30 14.73 223.32   7.98  0.18 13.53 295.64  12.34  0.11 11.65 309.39   9.52  0.09 16.81 304.46   9.13  0.08 19.53 221.11   7.77
20031010 180000  8.8 224.8  1.71 11.82 225.09  26.50  7  1.59 11.81 220.75  23.99  0.47 18.04 262.50   7.41  0.34 14.54 222.94   8.75  0.17 13.52 295.87  13.83  0.11 11.66 308.85   9.42  0.10 19.57 221.04   7.25  0.09 16.69 305.74   7.79
20031010 210000  9.5 208.2  1.88 17.50 225.46  27.62  7  1.66 11.74 217.08  23.88  0.65 17.53 262.15   7.36  0.44  8.81 251.29  12.02  0.34 14.52 222.86   8.81  0.18 13.44 299.99  13.10  0.11 19.87 221.73   8.26  0.10 16.63 305.65   7.74
20031011 000000  7.9 181.6  1.94 16.80 226.13  30.17  8  1.47  6.16 218.19  28.92  0.83 16.82 261.85   7.44  0.81 11.64 206.22   8.84  0.33 14.35 222.88   7.75  0.31  8.72 253.33  10.17  0.18 13.13 299.82  12.18  0.13 19.67 220.91   8.15  0.11 16.58 306.25   7.51
20031011 030000  6.5 189.7  1.91 16.36 230.68  30.88  7  1.32  6.40 217.36  29.45  1.03 16.35 261.48   7.64  0.84 11.46 208.45   9.92  0.31  8.59 250.94  12.94  0.19 12.73 298.55  11.77  0.15 19.06 219.73   7.18  0.13 16.43 305.95   7.74
20031011 060000  7.3 180.9  1.93 15.69 235.50  30.90  7  1.22  6.37 217.60  29.98  1.23 15.69 260.88   8.44  0.73 11.17 205.95   7.79  0.30 13.59 219.11   7.48  0.19 12.66 299.20  10.49  0.17 18.87 220.07   7.54  0.13 15.89 306.07   7.78
20031011 090000  7.5 174.0  1.98 15.37 239.16  31.17  8  1.07  6.08 212.04  31.58  1.40 15.36 261.11   8.50  0.75 11.05 206.05   8.13  0.29 13.57 218.95   7.02  0.28  8.17 252.88  13.11  0.20 18.76 222.17   9.08  0.18 12.65 302.85   8.18  0.14 15.59 306.62   7.53
20031011 120000  7.8 184.6  2.03 14.89 242.31  30.73  7  1.27 10.96 210.24  27.46  1.53 14.85 261.30   8.40  0.25 18.25 222.82   9.68  0.21 13.56 220.06   5.00  0.18 12.64 303.10   8.09  0.14 15.55 305.17   7.56  0.06 17.81 310.68   5.89
20031011 150000  8.7 196.1  2.12 14.60 242.79  30.44  5  1.14  5.46 211.13  30.04  1.62 14.59 262.05   9.25  0.68 10.84 207.78   9.21  0.27 17.89 222.65   9.14  0.16 15.53 305.64   7.68
20031011 180000 11.7 213.0  2.39 14.44 238.98  29.87  5  1.69  5.55 214.79  25.11  1.66 14.42 261.97   9.29  0.28 17.68 222.32   8.63  0.16 15.53 305.61   7.91  0.08 22.31 301.49   9.74
20031011 210000 12.4 199.7  2.72 14.22 232.67  31.69  4  2.13  6.35 213.29  26.78  1.66 14.21 262.39  10.13  0.33 17.39 223.11   9.07  0.10 21.87 301.22   9.65
20031012 000000 10.4 182.5  2.74 13.83 230.42  33.02  4  2.15  6.81 210.52  27.70  1.65 13.82 262.09  10.59  0.34 17.24 221.05   8.02  0.12 21.78 300.24  10.49
20031012 030000  9.8 185.1  2.54 13.57 232.25  33.40  6  1.91  6.84 208.92  27.92  1.61 13.54 261.42   9.56  0.41 16.60 223.43   9.21  0.16 14.63 304.29   7.71  0.14 21.75 299.29  10.83  0.10 16.68 310.78   5.99
20031012 060000  9.9 181.2  2.39 13.40 233.37  33.68  6  1.73  6.58 207.45  28.18  1.57 13.36 261.01   9.75  0.44 16.26 223.58   9.09  0.17 14.55 303.97   7.69  0.13 21.71 299.28  11.16  0.12 16.72 306.02   8.65
20031012 090000  8.2 176.1  2.26 13.16 235.62  33.32  7  1.52  6.43 207.10  29.08  1.55 13.13 260.17  10.32  0.44 15.92 222.83   9.11  0.31  9.71 206.89   8.96  0.19 14.54 303.72   7.70  0.14 21.47 300.13  10.78  0.12 16.72 305.55   8.52
20031012 120000  8.1 174.2  2.11 12.78 239.13  32.14  7  1.34  6.37 209.53  30.05  1.50 12.74 259.77  10.66  0.48 15.55 224.19   9.29  0.26  9.73 206.13   8.79  0.21 14.53 300.71   9.82  0.18 20.55 300.61  10.36  0.09 16.67 310.36   6.05
20031012 150000  8.2 206.5  2.01 12.63 241.68  30.40  5  1.22  6.22 212.60  28.92  1.55 12.63 255.92  15.06  0.24 14.60 301.01  10.45  0.22  9.68 206.56   8.67  0.22 20.41 300.75  10.22
20031012 180000 10.3 214.2  2.13 12.53 239.18  29.08  4  1.45  5.78 217.30  26.19  1.52 12.52 254.95  15.19  0.24 14.64 302.27  10.40  0.24 20.35 299.38  11.10
20031012 210000  9.8 208.4  2.28 12.37 237.09  29.07  5  1.72  6.27 221.98  27.86  1.44 12.36 254.25  15.17  0.25 15.16 303.20  10.26  0.23 20.33 298.63  11.49  0.22 17.94 226.85  10.27
20031013 000000  5.9 184.8  2.28 12.06 237.64  28.96  6  1.72  6.76 223.75  28.91  1.44 12.06 253.15  15.56  0.23 20.27 298.49  11.93  0.21 17.98 226.22  11.53  0.16 13.62 304.15   7.60  0.16 15.72 309.26   7.30
20031013 030000  6.7 208.4  2.20 11.90 239.05  28.07  5  1.57  6.94 224.02  28.60  1.49 11.90 251.23  15.37  0.25 19.99 300.30  10.61  0.20 13.66 300.45  10.02  0.16 15.68 307.46   8.22
20031013 060000  5.1 191.4  2.14 11.83 240.23  27.29  6  1.48 11.83 251.14  14.51  1.43  6.96 223.75  28.36  0.42 17.09 231.07  10.83  0.30 19.20 300.33  10.98  0.21 13.60 301.75   9.50  0.15 15.67 303.90  10.89
20031013 090000  3.6 172.3  2.16 13.69 241.50  25.52  6  1.29 11.71 255.26  11.64  1.25  6.75 221.77  27.08  0.93 13.93 240.44  13.91  0.64 16.69 233.43   9.66  0.33 19.08 301.10   9.84  0.27 13.67 301.28  11.23
20031013 120000  1.4 214.8  2.26 14.01 242.01  23.03  5  1.53 15.03 239.84  12.29  1.15 11.15 255.51  12.67  1.13  6.78 223.11  26.51  0.34 19.03 299.80  10.76  0.27 13.71 303.04  10.23
20031013 150000  1.8 244.6  2.37 14.88 242.07  20.89  3  2.33 15.02 240.33  18.36  0.33 19.01 298.99  11.29  0.28 13.84 304.53   9.79
20031013 180000  5.0 229.8  2.42 14.28 242.01  19.51  3  2.39 14.28 240.45  16.99  0.31 18.98 299.24  11.25  0.28 14.17 304.37  10.00
20031013 210000  4.9 216.6  2.41 14.05 241.97  19.08  3  2.37 14.03 240.36  16.36  0.33 18.84 299.84  11.21  0.27 14.45 304.54   9.83
20031014 000000  4.5 180.4  2.34 13.79 242.02  19.43  4  2.30 13.78 240.10  16.23  0.37 18.13 300.02  11.23  0.20 14.69 307.45   8.32  0.16 12.86 299.73   9.71
20031014 030000  4.2 192.8  2.24 13.58 242.21  20.15  4  2.19 13.58 239.81  16.24  0.41 17.87 300.68  10.74  0.18 12.92 301.64   9.89  0.16 14.71 307.21   8.92
20031014 060000  5.5 184.6  2.14 13.43 241.95  21.20  3  2.09 13.44 239.07  16.77  0.43 17.81 300.15  11.35  0.25 12.98 303.08  11.10
20031014 090000  4.5 178.0  2.04 13.32 241.75  22.10  4  1.84 13.33 240.93  13.14  0.70  5.88 219.26  28.30  0.43 17.78 299.79  11.49  0.26 13.05 304.70   9.64
20031014 120000  3.6 179.5  1.92 13.18 242.02  22.33  3  1.86 13.18 238.32  16.80  0.42 17.76 299.64  11.42  0.27 13.53 305.11   9.53
20031014 150000  4.4 251.7  1.82 12.87 242.44  22.50  3  1.75 12.84 238.31  16.28  0.42 17.71 299.76  11.47  0.27 13.66 305.04   9.98
20031014 180000  3.5 230.5  1.73 12.68 242.94  23.09  3  1.65 12.65 238.10  15.92  0.43 17.57 299.67  11.98  0.28 13.65 304.44  10.01
20031014 210000  3.4 222.4  1.64 12.56 243.62  24.07  3  1.55 12.54 237.95  15.96  0.45 16.99 300.78  11.08  0.27 13.53 304.17  10.21
20031015 000000  2.9  40.7  1.57 12.46 244.55  25.15  4  1.47 12.44 237.85  15.87  0.48 16.72 301.40  10.78  0.26 13.28 303.85  10.54  0.09 20.72 222.27   8.11
20031015 030000  1.6 286.8  1.52 12.30 245.45  25.88  4  1.41 12.27 237.92  15.58  0.50 16.65 301.64  10.69  0.25 13.11 304.03  10.41  0.15 20.14 223.16   8.39
20031015 060000  2.9 213.0  1.51 11.98 245.91  26.24  5  1.35 11.95 238.56  15.34  0.51 16.62 301.58  10.63  0.26 19.17 224.39   8.69  0.26 13.03 304.66  10.16  0.25 15.88 226.94   9.52
20031015 090000  3.5 210.1  1.53 11.82 245.34  26.51  5  1.31 11.79 238.76  15.73  0.52 16.60 300.57  11.64  0.44 18.57 226.23   9.61  0.27 15.44 225.47   7.71  0.27 13.14 305.57   9.46
20031015 120000  2.7  87.3  1.59 16.74 243.80  26.08  5  1.26 11.66 239.92  15.69  0.79 17.71 226.54   9.64  0.51 16.57 300.76  11.30  0.27 13.15 305.58   9.74  0.07 10.36 302.19  11.27
20031015 150000  2.9 246.2  1.71 16.65 241.25  24.92  5  1.20 11.53 241.35  14.03  1.04 16.89 226.89   9.25  0.51 16.51 299.86  13.12  0.29  5.07 221.70  28.05  0.28 13.16 305.96   9.46
20031015 180000  4.8 213.6  1.89 16.39 238.51  23.80  4  1.33 16.41 226.91   9.31  1.22 11.33 240.98  16.74  0.50 16.33 301.07  12.09  0.27 13.05 305.41  10.24
20031015 210000  6.3 209.0  2.08 15.75 235.95  23.17  4  1.64 15.73 227.13  10.10  1.15 11.23 241.15  19.48  0.51 15.82 302.44  11.00  0.26 12.78 305.44  10.19
20031016 000000  6.2 160.6  2.23 15.42 233.89  23.48  3  2.15 15.34 230.05  16.59  0.51 15.63 302.93  10.75  0.24 12.57 305.52   9.79
20031016 030000  8.3 189.1  2.36 15.17 231.53  24.15  4  0.67  3.52 198.38  30.09  2.19 14.86 230.37  14.15  0.52 15.57 302.84  10.74  0.24 12.45 305.40   9.81
20031016 060000  8.7 184.6  2.44 14.62 229.74  25.62  4  0.82  3.99 195.27  30.30  2.22 14.44 230.10  14.77  0.51 15.54 303.70   9.70  0.23 12.41 305.65   9.76
20031016 090000  7.8 182.1  2.43 14.30 229.46  26.47  4  0.86  4.25 196.24  31.53  2.20 14.20 229.94  15.45  0.51 15.52 304.10   9.71  0.23 12.41 306.15   9.57
20031016 120000  7.8 179.3  2.36 13.77 229.95  26.68  3  2.29 13.75 226.42  21.17  0.51 15.50 304.78   9.67  0.24 12.40 306.50   9.59
20031016 150000  7.9 206.6  2.30 13.49 230.03  26.48  3  2.24 13.47 226.44  20.74  0.50 15.46 304.95  10.02  0.23 12.40 306.59   9.83
20031016 180000 10.4 214.7  2.42 13.25 229.11  25.94  4  1.29  5.00 220.09  28.84  1.97 13.25 228.48  15.98  0.48 15.39 305.35  10.05  0.22 12.33 307.07   9.62
20031016 210000 11.0 202.5  2.54 12.88 227.24  26.66  5  1.64  5.67 221.72  29.91  1.88 12.92 226.89  14.97  0.46 15.17 305.21  10.87  0.20 12.21 308.38   8.36  0.05 19.00 318.98   6.56
20031017 000000  8.6 188.2  2.54 12.73 226.22  27.26  4  1.69  6.22 220.60  30.74  1.84 12.77 226.61  15.35  0.43 14.74 306.55   9.99  0.19 11.97 308.24   8.38
20031017 030000  8.8 196.4  2.42 14.42 226.26  27.16  5  1.56  6.48 220.85  31.02  1.79 14.12 225.99  15.23  0.43 14.59 306.79  10.17  0.18 11.84 307.59   9.10  0.10 14.49 245.00   0.02
20031017 060000  9.1 189.6  2.32 14.36 225.94  27.43  4  1.40  6.45 217.63  31.12  1.79 14.20 226.53  16.16  0.43 14.54 306.68  10.62  0.17 11.80 308.24   8.70
20031017 090000  8.7 184.4  2.23 14.28 224.98  28.45  5  1.32  6.14 213.79  31.86  1.74 14.05 226.46  16.66  0.42 14.51 305.87  10.58  0.16 11.76 308.65   8.24  0.11 17.76 318.23   6.79
20031017 120000  7.3 187.3  2.10 14.18 225.82  28.58  5  1.15  5.89 212.35  31.88  1.69 13.60 226.88  17.31  0.42 14.50 305.69  10.73  0.16 11.74 309.22   8.19  0.11 17.76 318.52   6.76
20031017 150000  9.5 204.6  2.02 13.97 225.75  28.47  4  1.11  5.31 211.87  30.18  1.62 13.41 226.90  17.59  0.43 14.47 306.50  11.42  0.15 11.69 308.32   9.10
20031017 180000  9.6 210.0  1.99 13.55 226.39  28.32  5  1.20  5.02 217.62  29.50  1.51 13.31 226.34  17.33  0.40 14.44 305.73  11.22  0.15 16.70 317.12   7.18  0.14 11.67 308.60   9.10
20031017 210000  7.3 196.2  1.83 13.42 227.83  29.29  5  1.04  5.07 218.59  31.73  1.44 13.23 226.74  17.69  0.37 14.33 306.17  11.08  0.19 16.57 316.86   6.63  0.13 11.63 308.89   9.07
20031018 000000  4.4 166.4  1.67 13.33 229.42  29.33  5  0.76  4.67 212.65  32.86  1.43 13.06 228.51  18.45  0.36 14.00 307.14  10.69  0.18 16.60 317.48   7.10  0.13 11.50 308.29   9.90
20031018 030000  7.1 178.6  1.66 13.18 229.94  28.22  5  0.60  4.38 202.62  34.44  1.50 12.57 229.37  17.52  0.34 13.71 307.64  10.40  0.17 16.60 317.68   7.18  0.12 11.30 307.84  10.45
20031018 060000 10.2 179.5  1.90 12.37 226.33  29.22  4  0.86  3.79 193.86  33.01  1.64 12.31 230.32  16.14  0.35 13.62 307.79  10.82  0.18 16.43 315.95   6.94
20031018 090000 10.1 174.6  2.12 11.66 225.01  31.01  4  1.05  4.34 189.01  34.04  1.80 11.66 232.09  15.85  0.32 13.57 306.89  10.27  0.23 15.60 316.09   7.47
20031018 120000 10.4 172.5  2.23 11.39 224.15  32.92  4  1.16  4.59 185.11  35.26  1.86 11.40 233.31  15.93  0.32 13.57 307.22  10.31  0.23 15.56 316.68   7.33
20031018 150000 11.2 195.2  2.29 11.21 224.78  31.58  4  1.32  4.94 196.29  33.56  1.83 11.21 234.54  16.38  0.31 13.56 307.47  10.22  0.23 15.53 316.80   7.38
20031018 180000 14.1 203.6  2.65 11.16 225.35  28.45  3  2.62 11.16 224.11  26.56  0.30 13.53 307.74  10.19  0.21 15.52 317.03   7.29
20031018 210000 13.2 201.1  3.08 12.06 224.73  27.27  5  2.91 12.59 221.30  26.04  0.95 10.55 246.68   8.29  0.27 13.48 307.55  10.84  0.21 15.49 316.68   7.16  0.06 10.99 310.40   8.30
20031019 000000  9.7 188.7  3.25 11.92 224.03  26.49  3  2.39  7.77 218.87  30.14  2.17 11.88 228.25  16.48  0.34 13.59 311.71  10.28
20031019 030000 10.1 187.5  3.19 11.63 223.06  25.92  3  3.17 11.62 222.36  24.61  0.33 14.35 312.56   9.91  0.05 20.60 316.74   7.58
20031019 060000  7.8 181.6  2.96 11.32 222.82  25.58  3  2.95 11.31 222.03  24.04  0.33 14.44 313.23   9.62  0.06 20.50 317.26   7.38
20031019 090000  7.6 181.4  2.72 11.09 222.69  25.32  5  2.68 11.13 221.44  23.57  0.33 11.06 245.00   0.00  0.24 14.54 316.22   8.24  0.20 12.84 309.53  10.07  0.06 20.41 317.82   7.05
20031019 120000  7.6 180.7  2.53 10.92 222.66  25.18  5  2.44 10.94 219.99  22.87  0.60 10.86 249.03   5.36  0.23 14.55 316.88   7.45  0.20 12.79 309.16  10.44  0.08 20.21 317.49   7.22
20031019 150000  9.0 212.0  2.41 10.69 223.01  24.86  6  2.22  9.98 220.86  23.16  0.72 13.77 218.25  10.52  0.50 10.75 249.75   5.71  0.22 14.60 315.69   9.27  0.20 12.83 310.39  10.31  0.10 19.88 317.24   7.39
20031019 180000 11.5 209.0  2.53 10.41 222.15  24.81  5  2.29  9.77 220.49  23.63  0.91 12.89 217.05  11.57  0.50 10.73 248.47   4.84  0.30 14.47 313.48  10.07  0.12 19.42 317.40   7.35
20031019 210000 12.5 203.9  2.87  7.88 219.77  25.44  4  2.86  7.88 218.98  23.74  0.30 13.68 313.85   9.74  0.13 19.20 317.70   7.18  0.06 19.20 216.22   7.20
20031020 000000  8.4 183.4  3.11  8.69 218.36  26.25  4  2.99  8.69 217.94  25.55  0.78 13.27 214.17   7.93  0.29 13.55 314.27   9.44  0.13 19.06 317.90   6.90
20031020 030000 10.9 194.9  3.00  9.08 218.19  26.27  5  2.89  9.08 217.62  25.34  0.72 13.18 214.86   7.74  0.27 13.55 313.77   9.75  0.16 18.86 317.44   7.22  0.10 15.51 319.55   4.98
20031020 060000 11.4 185.5  2.86  8.96 216.75  26.94  5  2.76  8.96 215.95  25.78  0.68 13.08 214.86   7.65  0.28 13.59 314.55   9.62  0.19 18.60 317.37   7.33  0.14 18.03 215.58   7.55
20031020 090000 10.4 183.0  2.75  8.77 216.16  27.29  5  2.65  8.77 215.23  25.99  0.63 12.96 214.96   7.45  0.27 13.70 314.88   9.34  0.21 17.27 215.61   7.80  0.20 18.24 317.49   7.32
20031020 120000  7.6 178.4  2.55  8.61 217.39  27.01  5  2.44  8.61 216.44  25.59  0.60 12.87 215.24   7.14  0.27 13.90 315.09   9.13  0.26 16.95 214.97   8.00  0.19 17.99 317.66   7.24
20031020 150000 10.2 199.4  2.36  8.41 217.71  26.59  5  2.21  8.41 216.74  25.25  0.66 12.52 215.08   7.69  0.39 16.18 214.62   7.51  0.26 14.11 315.17   9.16  0.19 17.82 317.67   6.94
20031020 180000 13.4 208.5  2.58  7.71 216.60  25.42  4  2.52  7.71 215.66  23.37  0.48 15.82 213.87   7.56  0.25 14.13 314.96   9.19  0.22 17.61 317.36   7.18
20031020 210000 13.7 203.1  3.05  7.72 216.49  25.78  4  2.96  7.72 215.82  24.53  0.68 15.27 213.66   7.58  0.25 17.37 317.13   7.39  0.24 14.10 315.07   9.25
20031021 000000 11.1 193.1  3.15  7.99 216.16  26.47  4  2.86  7.99 215.53  26.92  1.26 14.53 214.99   7.83  0.25 17.12 317.26   7.43  0.24 13.19 315.28   9.11
20031021 030000 10.6 184.9  3.02  8.22 215.95  25.86  4  2.64  8.22 215.49  27.10  1.42 14.39 214.44   8.18  0.23 13.28 315.89   8.30  0.23 16.89 317.48   7.39
20031021 060000  9.7 179.8  2.88 16.51 215.71  24.90  5  2.41  8.18 215.64  26.85  1.26 14.20 214.50   8.19  0.88 16.73 211.53   7.67  0.23 13.34 315.81   8.64  0.21 16.69 317.59   7.25
20031021 090000  8.9 176.8  2.79 16.16 215.99  24.13  4  2.20  8.12 216.18  26.88  1.68 16.09 213.61   8.38  0.24 16.50 317.44   7.21  0.22 13.31 315.56   8.73
20031021 120000  9.6 180.9  2.72 15.49 216.34  23.68  4  2.04  8.25 216.91  26.94  1.76 15.44 213.61   8.57  0.26 16.28 316.96   7.44  0.21 13.32 315.75   8.71
20031021 150000  9.7 203.8  2.67 15.26 217.15  22.88  4  1.97  8.18 218.28  25.88  1.78 15.20 213.86   8.87  0.26 16.06 317.03   7.57  0.21 13.34 315.48   8.67
20031021 180000 12.4 211.6  2.84 14.78 218.20  22.07  3  2.82 14.67 217.43  19.92  0.25 15.84 317.03   7.61  0.20 13.30 315.65   8.44
20031021 210000 12.3 202.0  3.03 14.47 217.83  23.30  3  3.02 14.44 217.25  21.79  0.23 15.68 317.28   7.56  0.19 13.22 315.68   8.42
20031022 000000  9.9 192.5  2.95 14.37 217.09  24.39  4  2.44  7.71 217.49  26.89  1.63 14.35 214.50   8.94  0.22 15.53 317.34   7.35  0.19 12.94 315.78   8.62
20031022 030000  8.3 177.0  2.68 14.28 217.24  24.69  4  2.20  7.77 217.48  26.89  1.51 14.25 214.54   9.11  0.25 15.39 316.93   7.29  0.17 12.62 316.17   9.00
20031022 060000  9.2 166.1  2.45 14.09 216.65  25.70  4  1.95  7.63 216.01  28.19  1.46 13.99 215.04   9.53  0.27 15.23 316.79   7.56  0.16 12.53 316.26   8.33
20031022 090000  8.6 160.3  2.35 13.74 215.51  26.72  4  1.85  7.55 213.72  29.53  1.41 13.68 215.46   9.41  0.27 15.01 316.67   7.63  0.16 12.53 316.11   8.57
20031022 120000  7.4 174.7  2.28 13.59 216.38  25.93  4  1.78  7.82 215.01  28.74  1.39 13.56 215.73   9.20  0.25 14.75 316.73   7.69  0.16 12.54 315.94   8.51
20031022 150000  8.6 197.1  2.22 13.48 217.84  24.03  4  1.68  8.02 216.89  26.95  1.42 13.45 216.74   9.25  0.24 14.60 316.83   7.72  0.16 12.53 315.88   8.55
20031022 180000 11.4 218.4  2.39 13.30 219.62  22.66  3  2.37 13.29 218.78  20.42  0.23 14.51 316.92   7.67  0.15 12.49 316.09   8.47
20031022 210000  9.6 209.9  2.50 13.03 220.99  23.30  4  2.04  7.15 221.13  25.12  1.41 13.02 218.41   9.18  0.28 14.43 316.74   7.87  0.06 25.02 221.73   7.95
20031023 000000  7.1 209.2  2.42 12.88 221.49  23.87  5  1.96  7.32 221.36  25.93  1.39 12.84 219.31   9.28  0.29 14.35 316.71   7.82  0.09 24.64 222.06   8.09  0.05 20.41 223.41   7.56
20031023 030000  6.6 206.5  2.29 12.77 222.13  23.46  5  1.80  7.35 221.90  25.75  1.38 12.73 220.08   9.30  0.26 14.23 316.96   7.55  0.15 23.53 222.57   7.99  0.12 11.76 314.73   9.25
20031023 060000  6.8 203.1  2.17 12.66 222.91  22.79  6  1.62  7.29 222.81  25.55  1.40 12.61 220.74   9.57  0.25 13.93 316.54   7.72  0.19 23.28 222.65   8.44  0.12 11.73 315.63   9.19  0.11 19.14 225.30   6.96
20031023 090000  4.9 190.5  2.06 12.55 223.78  22.21  6  1.45  7.17 223.75  25.62  1.41 12.51 221.65   9.81  0.27 22.66 223.14   8.28  0.25 13.69 316.34   7.86  0.12 11.73 315.81   9.00  0.12 18.99 224.47   7.28
20031023 120000  6.6 180.5  1.98 12.43 224.03  21.99  5  1.41 12.41 222.00   9.94  1.32  7.07 224.01  26.16  0.35 21.92 222.77   8.13  0.24 13.58 316.25   7.93  0.12 11.73 315.95   8.81
20031023 150000  8.2 207.8  1.97 12.30 223.41  21.76  4  1.89 12.29 222.17  19.20  0.46 21.59 223.55   8.74  0.27 13.53 316.28   8.06  0.15 17.75 225.00   0.00
20031023 180000  9.1 204.2  2.06 12.21 222.70  21.48  6  0.94  4.77 213.39  30.89  1.58 12.18 224.65  13.59  0.64 15.52 217.45   9.04  0.57 20.73 223.55   8.85  0.27 13.49 316.46   7.93  0.19 17.75 225.00   0.02
20031023 210000  9.1 204.3  2.17 20.27 222.16  21.28  5  1.17  5.25 215.67  28.96  1.20 11.69 226.59  12.82  1.17 14.34 219.72   9.53  0.67 20.42 223.76   8.92  0.27 13.43 316.57   7.81
20031024 000000  7.6 188.0  2.21 19.80 222.02  20.61  5  1.08  5.36 215.28  30.56  1.55 14.23 223.61  11.29  0.90 19.80 223.59   8.84  0.64 16.61 216.68  10.84  0.26 13.34 316.53   7.79
20031024 030000  7.6 185.6  2.29 18.99 221.24  19.77  3  2.08 16.27 219.65  18.63  0.94 19.21 224.40   9.05  0.26 13.11 316.33   7.87
20031024 060000  7.3 177.5  2.48 18.70 220.77  17.88  3  2.24 15.65 219.22  16.52  1.03 19.09 224.49  10.68  0.25 12.80 316.03   8.00
20031024 090000  6.3 185.5  2.94 18.26 219.61  15.37  3  2.33 15.21 218.67  15.46  1.77 18.37 220.12   9.82  0.24 12.69 315.71   8.13
20031024 120000  5.1 171.2  3.65 17.93 219.21  13.30  2  3.64 17.93 218.96  12.08  0.24 12.64 315.66   8.12
20031024 150000  6.2 207.1  4.18 17.57 219.99  12.41  2  4.17 17.57 219.81  11.44  0.24 12.61 315.76   8.09
20031024 180000  7.5 222.5  4.38 17.27 221.36  12.53  2  4.37 17.26 221.19  11.70  0.23 12.57 316.06   8.00
20031024 210000  5.7 208.1  4.30 16.81 222.64  12.72  2  4.30 16.81 222.48  11.93  0.23 12.53 316.54   7.71
20031025 000000  2.5 179.0  4.07 16.53 223.57  12.85  1  4.07 16.53 223.57  12.85
20031025 030000  2.4 174.0  3.79 16.38 224.37  12.92  1  3.79 16.38 224.37  12.92
20031025 060000  3.6 195.6  3.53 16.24 224.86  13.18  2  3.53 16.24 224.60  12.01  0.24 16.69 315.55   7.86
20031025 090000  1.9 189.0  3.24 15.84 225.34  13.58  3  3.23 15.82 224.93  11.86  0.20 16.68 312.10   8.38  0.18 11.84 316.18   8.04
20031025 120000  1.5 228.9  2.99 15.45 225.60  14.24  4  2.98 15.44 225.03  11.96  0.18 11.79 316.11   8.06  0.17 20.31 308.29   8.81  0.16 16.68 313.19   8.66
20031025 150000  1.4 211.2  2.81 15.26 225.49  15.07  4  2.79 15.26 224.73  12.20  0.20 20.30 307.50   9.14  0.18 11.75 316.27   7.98  0.17 16.69 313.43   8.51
20031025 180000  4.1 258.9  2.70 15.00 225.03  15.73  4  2.68 14.97 224.14  12.41  0.21 15.83 313.13   8.47  0.20 20.29 307.66   9.45  0.17 11.73 316.63   7.81
20031025 210000  3.0 236.1  2.68 14.66 224.57  16.30  5  2.66 14.64 223.62  12.83  0.21 15.65 311.71   8.47  0.17 20.23 308.53   9.27  0.17 11.70 316.92   7.66  0.12 17.75 316.14   7.30
20031026 000000  3.4 209.3  2.72 14.61 224.28  16.32  4  2.69 14.58 223.25  12.55  0.23 18.91 311.02   8.69  0.22 15.64 311.63   8.81  0.16 11.65 317.04   7.61
20031026 030000  5.1 166.2  2.84 14.72 224.45  17.15  4  2.81 14.66 223.26  13.13  0.28 18.98 308.09   7.76  0.25 15.70 313.16   9.33  0.15 11.55 317.05   7.64
20031026 060000  8.1 180.7  3.14 14.84 224.39  17.98  2  3.11 14.79 223.24  14.45  0.44 18.95 310.24   9.44
20031026 090000  8.4 173.5  3.57 14.82 223.69  18.75  3  3.54 14.80 222.74  15.99  0.32 18.99 306.03   9.24  0.32 16.45 314.80   8.10
20031026 120000  6.8 174.8  3.83 14.82 224.38  18.17  2  3.80 14.81 223.60  15.86  0.44 18.89 310.99   9.67
20031026 150000  8.3 206.9  3.92 14.83 225.31  17.69  3  3.90 14.84 224.59  15.51  0.37 18.47 311.67   9.30  0.23 14.51 311.59   8.41
20031026 180000 12.3 215.3  4.03 14.83 225.93  18.66  2  4.00 14.83 225.13  16.45  0.47 17.65 311.13   8.73
20031026 210000 11.4 203.2  4.08 14.81 225.42  20.60  2  4.05 14.80 224.41  18.15  0.53 17.68 310.27   8.78
20031027 000000  9.2 196.7  3.97 14.78 225.09  21.62  2  3.93 14.76 223.90  18.87  0.56 17.68 309.70   9.29
20031027 030000  9.1 190.7  3.79 14.69 225.17  21.66  2  3.75 14.66 223.86  18.63  0.56 17.66 309.83   9.55
20031027 060000  8.1 181.4  3.61 14.56 225.17  21.28  2  3.57 14.54 223.89  18.20  0.53 17.57 310.22   9.63
20031027 090000  7.5 170.8  3.44 14.45 225.09  21.07  2  3.41 14.43 223.80  17.88  0.50 16.72 310.56   9.34
20031027 120000  6.7 175.9  3.29 14.36 225.29  20.86  2  3.25 14.35 223.81  17.12  0.52 16.51 310.51   8.84
20031027 150000  8.5 201.4  3.19 14.27 225.27  20.95  2  3.14 14.25 223.49  16.40  0.55 16.51 310.01   8.78
20031027 180000 11.3 213.6  3.27 14.12 224.53  21.62  2  3.22 14.09 222.71  17.12  0.57 16.50 309.56   9.02
20031027 210000 11.4 204.7  3.35 14.06 223.51  22.77  3  2.00  6.63 218.87  27.05  2.63 14.01 223.27  11.18  0.57 16.49 309.31   9.24
20031028 000000  8.3 197.0  3.30 14.67 222.58  23.42  3  2.08  7.20 218.90  27.90  2.51 14.44 222.14  10.74  0.54 16.43 309.23   9.44
20031028 030000  8.8 190.3  3.15 15.10 222.03  23.18  3  1.95  7.47 218.85  27.82  2.42 14.85 221.29  10.85  0.51 16.22 309.35   9.49
20031028 060000  9.9 186.8  3.04 15.15 220.68  23.24  3  1.92  7.47 217.06  27.81  2.31 14.97 220.34  10.35  0.49 15.57 309.54   9.31
20031028 090000  7.0 174.6  2.94 15.14 220.54  23.09  3  2.25 14.93 219.42   9.82  1.84  7.49 218.06  27.83  0.48 15.45 309.56   9.06
20031028 120000  6.3 181.2  2.83 15.06 221.32  22.22  3  2.23 14.78 219.10   9.87  1.67  7.55 220.43  26.57  0.48 15.42 309.40   8.92
20031028 150000  7.5 211.3  2.74 14.94 221.71  21.55  3  1.51  7.50 222.41  25.61  2.23 14.65 218.71   9.71  0.49 15.40 309.08   9.06
20031028 180000  9.9 213.4  2.74 14.86 221.65  21.44  3  1.48  7.32 221.11  25.27  2.26 14.59 219.20  10.40  0.49 15.38 308.81   9.24
20031028 210000 10.7 208.4  2.89 14.69 221.10  22.23  3  1.84  6.63 220.41  25.41  2.18 14.51 218.78  10.04  0.48 15.34 308.61   9.41
20031029 000000  8.7 184.9  2.94 14.46 220.32  23.61  3  2.05  7.18 219.67  27.04  2.06 14.37 218.05   9.50  0.46 15.24 308.56   9.55
20031029 030000  9.5 195.6  2.86 14.28 219.78  23.66  3  1.99  7.46 218.30  27.38  2.00 14.21 218.45   9.85  0.43 14.85 308.63   9.59
20031029 060000  9.9 184.7  2.75 14.13 218.65  24.11  3  1.94  7.46 216.11  27.91  1.90 14.03 218.45   9.86  0.40 14.54 308.74   9.52
20031029 090000  8.2 177.4  2.57 13.88 218.83  24.32  3  1.80  7.38 216.40  28.28  1.79 13.72 218.40   9.89  0.38 14.44 308.69   9.53
20031029 120000  8.2 176.2  2.38 13.66 219.78  24.14  3  1.66  7.32 218.15  27.75  1.66 13.54 218.33   9.75  0.37 14.40 308.65   9.35
20031029 150000  9.1 215.1  2.27 13.53 221.15  23.27  3  1.59  7.24 220.47  25.80  1.58 13.42 218.63   9.80  0.37 14.37 308.39   9.44
20031029 180000 10.9 216.0  2.45 13.40 221.73  22.89  3  1.87  6.85 221.14  24.37  1.54 13.28 219.31   9.96  0.37 14.35 308.07   9.59
20031029 210000 11.7 204.6  2.79 13.14 220.65  23.96  2  2.77 13.01 219.64  21.88  0.36 14.32 307.78   9.77
20031030 000000  8.7 193.0  2.90 12.82 219.78  24.80  3  2.49  7.85 218.71  26.09  1.44 12.74 219.47   9.79  0.34 14.28 307.42  10.08
20031030 030000  8.6 197.5  2.76 12.61 219.97  24.41  3  2.36  8.04 218.48  25.63  1.40 12.54 220.79  10.50  0.32 14.16 307.27  10.32
20031030 060000  9.8 193.0  2.62 12.39 219.95  24.16  3  2.16  7.98 217.49  25.87  1.46 12.30 222.41  11.72  0.30 13.79 307.25  10.38
20031030 090000  9.7 183.5  2.63 12.11 219.24  24.49  3  2.19  8.05 216.74  26.16  1.42 11.99 222.44  12.35  0.28 13.58 307.44  10.23
20031030 120000 10.6 179.4  2.86  8.65 218.28  24.74  3  2.64  8.65 217.69  25.37  1.08 12.86 218.06   8.67  0.26 13.50 307.61  10.02
20031030 150000 12.5 199.9  3.17  9.26 217.96  24.05  4  3.01  9.26 217.63  24.26  0.96 13.03 216.85   9.00  0.25 13.46 307.56  10.02  0.16 20.22 227.10   7.32
20031030 180000 13.8 207.4  3.77  9.50 218.21  22.94  3  3.75  9.50 217.91  22.45  0.27 19.46 227.47   8.02  0.24 13.44 307.35  10.10
20031030 210000 13.8 207.4  4.10  9.93 218.93  22.84  3  4.07  9.93 218.62  22.51  0.44 18.96 227.91   7.93  0.23 13.42 307.03  10.25
20031031 000000 13.8 207.4  4.20 10.13 218.96  22.58  3  4.14 10.13 218.55  22.40  0.67 18.31 227.01   9.17  0.23 13.40 306.81  10.32
20031031 030000 13.8 207.4  4.28  9.98 219.32  22.09  3  4.10  9.98 218.57  22.40  1.19 17.61 225.80   9.39  0.22 13.37 306.62  10.41
20031031 060000 13.8 207.4  4.50  9.98 220.07  21.29  3  4.21  9.98 218.95  21.98  1.57 17.11 226.61   9.49  0.21 13.32 306.50  10.50
20031031 090000 13.8 207.4  4.77 16.54 220.72  20.53  2  4.76 16.54 220.62  20.30  0.19 13.21 306.64  10.50
20031031 120000 13.8 207.4  4.93 16.11 221.20  20.16  2  4.92 16.11 221.13  19.98  0.17 12.87 308.37   9.09
20031031 150000 13.8 207.4  4.95 15.89 221.59  20.12  2  4.95 15.89 221.53  19.97  0.16 12.74 308.50   9.08
20031031 180000 13.8 207.4  4.92 15.52 221.81  20.22  2  4.92 15.52 221.75  20.09  0.15 12.67 308.52   9.07
20031031 210000 13.8 207.4  4.86 15.27 221.83  20.39  1  4.86 15.27 221.83  20.39
20031101 000000 13.8 207.4  4.79 15.16 221.69  20.56  1  4.79 15.16 221.69  20.56
