Date     Time   Uabs UDir  hs    tp    th     sp     np hs(i) tp(i) th(i)  sp(i)
19951201 000000  7.0 184.8  2.17 15.37 228.45  31.42  6  0.77  3.80 212.68  33.83  1.87 15.36 220.75  11.38  0.65 19.81 304.73   8.91  0.34 12.57 307.58   8.83  0.26 15.37 310.05   8.64  0.06  9.92 334.03   5.63
19951201 030000  7.7 185.6  2.29 15.31 226.86  31.81  6  0.82  4.19 201.53  33.64  1.98 15.36 220.72  11.12  0.69 19.56 304.63   9.00  0.32 12.55 307.05   8.72  0.30 15.20 309.46   8.69  0.08  9.79 329.74   8.47
19951201 060000  6.8 179.4  2.35 15.22 227.48  31.23  4  2.19 15.32 218.93  16.61  0.72 19.22 304.56   9.03  0.33 12.55 308.32   9.94  0.30 14.85 309.09   9.16
19951201 090000  3.0 192.7  2.36 15.17 229.11  30.61  4  2.19 15.24 220.26  14.96  0.75 18.95 304.59   9.04  0.31 12.52 308.28  10.11  0.30 14.66 309.24   9.48
19951201 120000  2.0 182.8  2.35 15.07 230.80  30.25  4  2.17 15.14 221.51  13.36  0.78 18.76 304.73   9.03  0.30 12.44 308.62  10.38  0.28 14.56 309.67   9.87
19951201 150000  5.4 234.7  2.32 14.58 232.24  30.26  4  2.14 14.62 222.44  12.38  0.81 18.63 304.68   9.03  0.29 12.23 308.56  10.25  0.25 14.51 312.14   9.04
19951201 180000  8.5 217.1  2.40 14.36 232.13  30.61  4  2.21 14.36 222.43  13.78  0.84 18.43 304.73   9.07  0.30 14.39 311.56   8.69  0.24 11.76 308.37  11.52
19951201 210000  6.7 217.3  2.43 14.19 232.22  31.49  4  2.24 14.19 222.17  15.21  0.86 18.07 304.66   9.08  0.30 14.25 311.41   9.16  0.24 11.78 308.92  10.59
19951202 000000  5.3 195.7  2.41 13.82 232.65  32.24  5  0.90  5.04 215.99  28.44  2.01 13.80 222.99  10.97  0.88 17.83 304.57   9.02  0.31 13.97 311.46   9.41  0.24 11.79 308.55  10.41
19951202 030000  6.5 186.8  2.38 13.53 232.72  33.02  5  0.91  5.34 213.89  28.11  1.97 13.51 222.77  11.01  0.89 17.68 304.67   9.07  0.31 13.79 310.95  10.19  0.23 11.78 308.48  10.45
19951202 060000  8.3 186.0  2.36 13.40 231.98  33.97  5  0.96  5.56 209.45  28.32  1.92 13.37 222.59  11.17  0.91 17.57 304.82   9.04  0.28 13.55 310.84  11.62  0.21 11.73 308.68  11.02
19951202 090000  6.3 192.4  2.35 13.28 232.20  34.34  5  1.01  5.69 210.45  27.38  1.88 13.25 222.61  11.40  0.92 17.46 304.56   9.13  0.28 13.53 314.25   9.67  0.20 11.71 308.12  10.91
19951202 120000  6.7 184.0  2.32 13.04 233.29  34.50  4  1.04  6.32 214.58  26.61  1.82 12.92 222.44  11.12  0.93 17.25 304.68   9.15  0.33 13.46 312.50  11.04
19951202 150000  7.4 218.1  2.30 12.65 233.88  34.33  3  2.08 12.63 221.19  16.44  0.93 16.89 304.67   9.14  0.32 13.42 312.83  11.21
19951202 180000  9.2 217.0  2.36 12.50 233.11  33.67  2  2.15 12.49 221.53  17.25  0.97 16.69 305.48   9.70
19951202 210000  9.6 203.9  2.43 12.41 231.30  33.86  2  2.23 12.40 220.65  19.14  0.96 16.58 305.49   9.72
19951203 000000  6.8 200.3  2.42 16.49 230.48  34.50  4  1.61  6.90 217.49  26.09  1.55 12.22 222.35  11.39  0.92 16.50 304.84   9.15  0.24 12.35 315.39  12.39
19951203 030000  6.4 195.0  2.32 16.41 231.93  35.08  4  1.56  7.09 218.50  25.46  1.44 11.83 222.53  11.55  0.94 16.43 305.35   9.55  0.07 11.02 335.02   0.50
19951203 060000  7.8 196.5  2.22 11.69 232.92  35.69  4  1.46  7.19 218.85  25.44  1.39 11.68 222.13  11.75  0.93 16.33 305.30   9.55  0.08 10.99 334.63   1.98
19951203 090000  5.8 195.0  2.14 11.59 233.91  35.92  4  1.40  7.27 219.72  25.11  1.33 11.58 222.12  11.77  0.91 16.16 305.22   9.52  0.11 10.93 331.55   4.78
19951203 120000  6.7 196.4  2.06 15.81 234.96  35.61  4  1.34  7.42 220.93  24.22  1.29 11.48 222.68  12.25  0.89 15.83 305.28   9.58  0.10 10.61 332.99   4.05
19951203 150000  7.1 224.6  2.02 15.63 235.43  35.02  5  1.82 11.13 222.68  19.12  0.86 15.64 305.30   9.49  0.11 10.70 331.89   4.66  0.08 16.70 223.73   8.17  0.05 22.06 293.31  11.19
19951203 180000  9.7 232.7  2.05 15.53 235.80  34.00  3  1.87 10.94 224.30  19.63  0.84 15.54 305.76   9.93  0.06 21.98 291.75  11.69
19951203 210000  6.2 219.4  2.05 15.47 235.30  34.19  5  1.87 10.86 224.27  20.88  0.82 15.48 305.55   9.56  0.15 15.66 222.87   8.87  0.08 10.25 334.60   2.33  0.06 21.90 290.84  11.33
19951204 000000  4.7 190.1  2.00 15.42 234.99  34.47  5  1.82 10.81 223.91  21.23  0.80 15.42 305.58   9.52  0.18 15.67 221.71   8.81  0.08 10.21 334.58   2.35  0.08 21.74 290.50  11.68
19951204 030000  4.7 205.1  1.94 15.34 234.98  34.67  6  1.42  7.47 222.73  24.74  1.03 10.74 225.34  12.24  0.78 15.35 305.57   9.48  0.26 14.97 222.58  10.10  0.10 21.48 291.82  11.20  0.08  9.98 332.59   5.43
19951204 060000  6.4 201.2  1.88 15.23 234.59  34.76  6  1.33  7.50 222.29  25.18  1.04 10.48 224.65  12.46  0.75 15.28 305.56   9.46  0.33 14.75 221.51  10.50  0.12 21.11 292.33  11.26  0.08  9.87 332.72   4.73
19951204 090000  4.7 183.7  1.85 15.07 233.96  34.36  5  1.65 10.25 222.99  20.97  0.73 15.16 305.50   9.42  0.39 14.77 220.44   9.26  0.13 20.76 291.77  11.44  0.09 10.04 331.62   5.16
19951204 120000  2.0 173.7  1.88 14.82 232.97  32.74  5  1.66 10.04 223.37  19.69  0.71 14.97 305.53   9.43  0.50 14.67 219.52   8.40  0.13 20.58 291.11  11.59  0.09 10.01 331.58   5.23
19951204 150000  5.5 259.8  2.00 14.62 231.49  30.65  5  1.75  9.65 223.72  18.77  0.69 14.75 305.68   9.43  0.65 14.36 219.97   9.26  0.14 20.42 290.67  11.14  0.08  9.73 332.37   5.02
19951204 180000  7.3 232.5  2.14 14.44 230.24  28.93  4  1.88  9.39 224.19  18.82  0.76 14.00 219.64   9.03  0.67 14.62 306.20   9.82  0.17 20.28 291.00  11.08
19951204 210000  3.9 215.4  2.17 14.28 229.07  28.23  4  1.85  9.22 223.66  18.87  0.91 13.79 219.78   9.36  0.65 14.53 306.36   9.77  0.20 20.13 291.37  11.35
19951205 000000  1.5 231.9  2.12 14.18 228.76  27.88  5  1.72  9.01 223.38  18.64  1.04 13.71 220.35   9.17  0.62 14.46 306.22   9.44  0.21 19.91 291.34  11.70  0.06  9.40 332.69   5.10
19951205 030000  1.3 240.6  2.05 14.11 228.62  27.56  5  1.57  8.68 223.59  18.59  1.16 13.66 220.28   8.93  0.60 14.41 306.28   9.33  0.21 19.48 290.76  12.15  0.07  9.49 331.53   5.43
19951205 060000  4.2 185.3  2.04 14.05 228.08  27.24  5  1.50  8.50 222.88  18.84  1.23 13.54 220.86   9.16  0.59 14.37 306.35   9.26  0.21 19.19 290.58  12.19  0.07  9.47 331.96   4.81
19951205 090000  2.0 204.4  2.06 13.75 227.51  26.56  4  1.48  8.45 222.50  18.67  1.29 13.30 221.00   9.02  0.58 14.32 306.67   9.66  0.23 19.05 290.72  11.21
19951205 120000  1.4 270.2  2.10 13.48 226.99  25.86  4  1.48  8.56 222.06  18.42  1.36 13.13 221.19   9.20  0.56 14.27 306.74   9.62  0.26 18.96 290.72  11.07
19951205 150000  4.9 286.2  2.12 13.40 227.08  25.72  3  2.04 13.15 222.04  15.71  0.54 14.18 306.84   9.61  0.28 18.87 290.80  11.32
19951205 180000  4.4 245.2  2.12 13.35 226.97  25.14  3  2.03 13.15 222.21  15.42  0.52 13.97 306.99   9.60  0.28 18.71 290.67  11.69
19951205 210000  2.9 239.6  2.08 13.26 226.71  24.55  3  2.00 12.99 222.14  14.79  0.50 13.70 307.19   9.60  0.27 18.22 290.59  11.83
19951206 000000  4.0 212.5  2.04 13.17 226.53  24.22  3  1.96 12.86 221.99  14.17  0.49 13.58 307.41   9.59  0.27 17.90 290.46  11.60
19951206 030000  1.4 208.8  2.00 13.17 226.52  24.14  3  1.93 12.85 221.83  13.68  0.48 13.52 307.56   9.56  0.29 17.79 290.46  11.13
19951206 060000  1.7 210.4  1.99 13.28 226.56  24.01  3  1.91 12.96 221.75  13.20  0.46 13.48 307.61   9.50  0.31 17.74 289.98  11.08
19951206 090000  0.8 207.1  1.97 13.27 226.55  23.65  3  1.90 13.03 221.80  12.79  0.45 13.45 307.59   9.50  0.32 17.68 289.81  11.42
19951206 120000  0.8 136.1  1.96 13.19 226.50  23.20  3  1.88 12.96 221.94  12.52  0.44 13.42 307.51   9.44  0.32 17.57 289.91  12.65
19951206 150000  4.8 241.5  1.93 13.12 226.67  22.94  3  1.86 12.90 222.34  12.78  0.43 13.39 307.87   9.48  0.30 17.14 289.36  12.45
19951206 180000  5.8 219.5  1.92 12.98 226.87  23.06  3  1.85 12.85 222.69  13.56  0.41 13.31 308.25   9.56  0.30 16.76 288.94  12.86
19951206 210000  6.5 212.0  1.92 12.81 226.67  23.45  4  0.52  3.47 223.06  30.68  1.77 12.75 222.45  12.05  0.40 13.06 308.61   9.59  0.32 16.64 288.89  12.32
19951207 000000  5.9 181.1  1.88 12.67 226.26  24.32  3  1.81 12.64 221.94  15.69  0.38 12.77 308.87   9.54  0.34 16.60 288.62  11.12
19951207 030000  6.9 186.4  1.83 12.57 225.48  25.25  3  1.77 12.54 221.06  17.04  0.36 12.67 308.91   9.47  0.34 16.57 288.17  11.14
19951207 060000  8.6 193.5  1.86 12.49 223.57  25.85  3  1.79 12.45 219.52  18.59  0.34 12.63 308.82   9.46  0.34 16.51 288.41  12.04
19951207 090000  5.6 175.7  1.88 12.42 223.79  25.64  3  1.82 12.36 220.15  19.16  0.34 12.62 309.00   9.41  0.31 16.36 288.33  12.56
19951207 120000  4.6 180.9  1.90 12.31 224.86  24.54  3  1.84 12.16 221.50  18.22  0.33 12.63 309.45   9.43  0.30 15.79 288.79  12.57
19951207 150000  6.0 229.8  1.93 12.08 225.71  23.74  3  1.88 11.96 222.47  17.46  0.33 12.64 309.89   9.49  0.31 15.61 288.44  12.78
19951207 180000  7.6 226.2  2.00 11.93 226.41  23.44  3  1.95 11.86 223.39  17.74  0.32 15.55 288.38  11.24  0.32 12.63 310.18   9.53
19951207 210000  7.3 216.9  2.07 11.85 226.17  23.54  3  2.02 11.79 223.40  18.63  0.34 15.52 286.74  12.33  0.30 12.56 310.33   9.43
19951208 000000  5.5 206.0  2.11 11.75 225.72  23.56  4  1.59  7.50 220.76  23.14  1.33 11.71 226.67  11.34  0.33 15.50 286.81  11.75  0.27 12.39 310.40   9.43
19951208 030000  3.4 206.7  2.08 11.62 225.81  23.34  3  2.04 11.58 223.55  19.49  0.32 15.45 286.89  12.42  0.25 12.09 310.57   9.44
19951208 060000  4.6 203.0  2.00 11.47 226.40  23.09  4  1.96 11.36 224.13  19.10  0.31 15.32 286.89  12.75  0.25 12.00 311.11   9.43  0.07 19.03 316.08   7.74
19951208 090000  4.7 195.8  1.93 11.20 227.16  23.10  5  1.88 11.11 224.77  18.72  0.30 14.84 286.81  13.40  0.25 12.00 311.86   9.31  0.13 15.68 211.77   8.27  0.08 19.00 316.04   7.77
19951208 120000  3.9 179.1  1.85 11.01 228.05  23.32  5  1.80 10.95 225.50  18.51  0.31 14.60 286.44  13.69  0.25 12.01 312.32   9.26  0.21 15.14 211.36   6.88  0.08 19.00 316.19   7.81
19951208 150000  6.6 222.1  1.79 10.91 228.95  23.45  5  1.73 10.86 226.30  18.37  0.32 14.54 286.57  13.00  0.26 14.59 211.50   7.07  0.25 11.99 312.47   9.23  0.07 18.96 316.36   7.67
19951208 180000  6.4 223.2  1.78 10.86 229.17  24.23  5  1.70 10.82 226.72  19.45  0.32 14.31 210.66   6.71  0.32 14.52 287.12  11.57  0.24 11.94 312.41   9.19  0.09 17.98 316.47   7.58
19951208 210000  7.4 215.7  1.71 10.80 229.48  24.96  5  1.62 10.76 227.10  20.13  0.38 13.72 211.36   6.69  0.31 14.50 286.69  11.72  0.23 11.85 312.38   9.14  0.12 17.79 316.30   7.67
19951209 000000  7.7 194.4  1.69 10.70 227.79  26.27  5  1.58 10.58 225.63  21.96  0.44 13.43 211.83   7.54  0.30 14.47 286.46  11.74  0.22 11.75 312.52   9.09  0.13 17.76 316.09   8.03
19951209 030000  6.9 189.9  1.63 10.49 226.91  27.09  5  1.50 10.41 225.06  23.37  0.51 13.16 212.81   7.69  0.29 14.41 286.84  12.60  0.21 11.67 312.87   9.36  0.12 17.76 315.79   8.18
19951209 060000  7.7 189.3  1.60 10.42 225.73  27.64  5  1.48 10.34 224.01  24.17  0.49 12.69 211.35   6.78  0.28 14.23 287.05  12.68  0.20 11.61 313.79   9.02  0.11 17.72 316.06   8.05
19951209 090000  6.5 193.3  1.55 10.45 226.25  28.16  6  1.04  6.38 216.30  28.37  0.96 10.25 232.98  15.31  0.52 12.42 212.74   7.26  0.28 13.81 286.64  13.13  0.20 11.58 314.35   8.84  0.13 16.83 316.54   7.52
19951209 120000  5.3 191.1  1.47 11.59 228.05  28.73  6  0.99  6.67 218.04  27.71  0.86 10.09 235.58  14.53  0.55 12.04 213.70   7.63  0.27 13.66 287.03  12.81  0.20 11.56 314.72   8.73  0.17 16.63 316.55   7.52
19951209 150000  6.7 224.1  1.39 11.40 230.16  28.80  6  1.24 10.13 227.76  23.31  0.50 11.85 212.45   6.86  0.27 13.61 286.80  13.09  0.20 11.51 314.80   8.69  0.18 16.61 316.43   7.77  0.06 15.68 227.92   7.98
19951209 180000  7.9 218.3  1.41 11.07 230.64  28.22  6  1.01  6.35 223.23  25.84  0.78  9.96 236.76  14.59  0.48 11.72 212.80   7.89  0.27 13.58 287.77  11.85  0.19 11.34 314.72   8.68  0.17 16.60 315.82   8.08
19951209 210000  8.2 214.2  1.48 10.94 228.64  27.96  6  1.36  9.66 226.78  24.30  0.47 11.63 213.84   7.69  0.26 13.56 287.32  11.64  0.18 11.14 314.86   8.71  0.15 16.58 315.17   8.81  0.07 17.72 231.04   8.54
19951210 000000  8.9 191.5  1.64 10.85 224.72  28.47  7  1.45  6.82 220.16  25.90  0.48 11.17 215.84   8.52  0.47 10.38 245.10   8.54  0.25 13.54 287.07  11.32  0.18 11.02 314.94   8.67  0.15 16.12 315.49   8.57  0.09 17.33 231.90   7.96
19951210 030000  6.3 197.1  1.79  7.15 224.31  28.03  7  1.59  7.15 219.62  25.57  0.59 10.51 240.79  10.48  0.44 11.51 216.07   9.21  0.24 13.50 286.75  11.71  0.19 15.58 316.27   7.72  0.17 10.95 315.12   8.70  0.12 16.81 232.44   7.66
19951210 060000  5.1 197.8  1.89  7.64 225.74  26.80  6  1.62  7.64 219.90  24.49  0.90 10.49 234.22  14.25  0.23 13.41 287.52  12.79  0.23 15.54 316.14   7.98  0.18 16.42 231.72   7.95  0.16 10.92 315.27   8.86
19951210 090000  3.1 210.9  1.98  9.83 227.24  24.95  5  1.93  9.76 225.26  21.76  0.25 15.77 232.30   8.05  0.23 15.53 315.90   8.14  0.21 13.15 289.89  12.11  0.16 10.91 315.71   8.67
19951210 120000  3.5 204.1  2.05  9.60 228.06  23.19  5  1.99  9.58 226.44  20.66  0.35 15.43 231.69   8.06  0.20 12.87 290.04  12.06  0.20 15.52 315.31   8.39  0.15 10.89 316.32   8.21
19951210 150000  5.7 237.5  2.07  9.50 228.64  22.06  5  2.01  9.49 227.36  20.23  0.44 14.84 231.67   7.93  0.17 15.46 314.85   8.99  0.16 12.69 294.65   8.31  0.15 10.88 316.45   8.42
19951210 180000  8.5 220.3  2.10  9.38 229.14  22.27  5  2.00  9.36 227.71  20.75  0.58 14.52 231.90   7.92  0.18 14.78 314.63   9.30  0.16 12.69 294.39   9.35  0.14 10.83 316.80   8.12
19951210 210000  7.8 214.7  2.06  9.21 229.53  23.28  6  1.85  9.20 227.34  22.31  0.77 14.04 231.44   8.57  0.34 11.23 235.00   0.02  0.22 14.57 314.96   9.38  0.15 12.67 292.52   7.38  0.15 10.73 316.51   8.09
19951211 000000  6.2 208.5  1.99 13.71 230.04  23.98  5  1.77  9.17 227.60  22.73  0.84 13.63 231.74   8.75  0.25 14.53 315.32   8.73  0.15 12.67 292.10   8.54  0.14 10.48 316.86   8.07
19951211 030000  4.4 199.2  1.92 13.44 230.75  23.67  5  1.64 10.46 227.66  22.84  0.94 13.42 232.70   8.94  0.25 14.52 315.23   8.64  0.18 12.64 289.39  11.02  0.13 10.32 317.95   7.55
19951211 060000  4.8 203.8  1.87 12.96 231.21  22.53  4  1.48  9.94 227.19  22.91  1.11 13.03 233.77   9.64  0.22 14.51 314.99   8.60  0.21 12.60 299.64  16.28
19951211 090000  4.4 191.5  1.85 12.71 231.20  21.47  5  1.46 10.17 227.90  22.21  1.10 12.72 233.17   9.47  0.20 14.46 314.74   8.72  0.15 12.58 288.90   9.61  0.12 10.25 317.25   7.91
19951211 120000  3.4 201.3  1.82 12.58 231.50  20.62  3  1.81 12.56 230.56  18.40  0.20 14.17 314.79   8.82  0.11 10.21 317.90   7.71
19951211 150000  4.9 260.1  1.81 12.41 232.08  20.37  4  1.79 12.39 230.72  17.26  0.22 13.67 314.56   9.17  0.12 12.24 288.63   8.66  0.11 10.23 317.49   7.82
19951211 180000  7.1 247.7  1.82 12.06 232.98  20.74  5  1.77 12.05 231.74  17.93  0.33 15.80 230.60   9.30  0.24 13.62 313.99  10.09  0.12 19.38 226.70   6.75  0.11 10.22 317.62   7.73
19951211 210000  4.9 236.6  1.81 11.86 232.82  20.90  7  1.72 11.85 231.35  17.75  0.46 15.41 229.61   9.85  0.25 13.59 313.96   9.65  0.12 19.33 225.66   5.60  0.12 11.89 288.65  10.26  0.10 10.17 318.25   7.56  0.05 17.31 317.89   7.26
19951212 000000  4.4 221.6  1.78 11.75 232.24  20.33  7  1.64 11.74 231.11  17.43  0.57 14.72 228.28   8.18  0.24 13.59 312.35  12.21  0.24 18.08 222.32   7.58  0.13 11.84 290.15  14.52  0.10 10.11 317.64   7.76  0.06 16.81 318.31   7.11
19951212 030000  1.9 205.6  1.74 11.69 231.69  19.50  7  1.55 11.66 230.79  17.08  0.72 14.43 228.12   8.83  0.22 13.56 313.68   9.28  0.21 17.92 225.45   6.63  0.13 11.83 291.08  14.02  0.09 10.05 317.71   7.72  0.06 16.68 318.58   6.95
19951212 060000  2.5 195.6  1.72 13.59 231.10  18.61  5  1.47 11.62 230.89  16.50  0.85 13.88 226.48   8.69  0.23 13.50 314.25   9.02  0.10 11.82 286.24   7.71  0.07 16.62 318.05   6.73
19951212 090000  3.3 182.4  1.70 13.46 230.39  18.08  5  1.62 13.49 229.58  14.64  0.44 16.80 222.54   8.04  0.23 13.27 307.70  14.67  0.08  9.78 318.08   7.48  0.08 16.47 318.60   6.67
19951212 120000  4.5 193.0  1.69 13.08 229.48  18.44  5  1.61 13.19 228.55  14.84  0.45 16.73 222.35   7.90  0.23 12.70 307.30  15.76  0.09 16.06 318.28   7.14  0.08  9.72 318.16   7.48
19951212 150000  4.6 230.8  1.68 12.73 229.07  18.46  6  1.51 12.76 227.93  15.02  0.69 15.75 225.97   8.84  0.22 12.74 313.45   9.91  0.10 11.74 282.53   9.88  0.10 15.70 318.23   7.01  0.08  9.69 318.23   7.43
19951212 180000  7.5 234.6  1.73 15.41 229.07  19.21  5  1.53 12.63 228.10  16.54  0.76 15.50 225.77   8.18  0.24 12.68 308.59  14.72  0.10 15.61 318.38   7.01  0.08  9.65 318.66   7.11
19951212 210000  6.4 213.5  1.75 15.31 228.16  20.15  4  1.51 12.42 227.03  18.28  0.84 15.30 225.87   8.63  0.25 12.69 309.43  14.21  0.11 15.51 318.53   7.00
19951213 000000  4.8 218.2  1.71 14.77 227.47  20.25  4  1.69 14.75 226.01  16.46  0.23 12.70 312.31  10.95  0.11 15.42 318.70   6.81  0.08 11.22 283.24  12.35
19951213 030000  2.0 220.7  1.66 14.43 227.49  19.67  4  1.64 14.42 226.02  15.60  0.21 12.68 311.75  11.09  0.12 15.19 318.96   6.36  0.09 11.10 298.11  17.14
19951213 060000  4.2 224.6  1.64 14.28 227.78  18.93  3  1.62 14.27 226.31  14.60  0.22 12.61 310.05  13.11  0.14 14.72 318.10   7.09
19951213 090000  2.2 214.8  1.64 14.05 228.17  18.31  3  1.62 13.96 226.73  13.86  0.21 12.39 310.52  12.69  0.15 14.58 318.03   7.10
19951213 120000  3.1 212.9  1.66 13.45 228.55  17.86  3  1.64 13.44 227.16  13.38  0.21 11.97 311.10  12.67  0.15 14.54 317.80   7.24
19951213 150000  4.2 236.7  1.68 13.38 228.90  17.73  4  1.66 13.37 227.52  13.31  0.19 11.91 313.36   9.63  0.16 14.46 318.26   7.33  0.07 11.00 293.21  15.28
19951213 180000  8.1 239.2  1.76 13.37 229.70  19.00  3  1.75 13.35 228.44  15.43  0.19 11.86 311.99  10.91  0.17 14.30 317.72   7.70
19951213 210000  6.3 213.2  1.82 13.40 228.84  20.16  3  1.80 13.38 227.61  16.92  0.19 11.85 311.69  10.97  0.17 13.96 317.72   7.67
19951214 000000  3.8 229.8  1.81 13.46 228.09  20.36  3  1.79 13.43 226.84  17.07  0.19 11.86 311.62  10.90  0.18 13.75 317.73   7.67
19951214 030000  4.1 204.4  1.82 13.46 227.61  19.86  3  1.80 13.45 226.40  16.53  0.19 11.85 311.06  11.35  0.18 13.67 317.75   7.71
19951214 060000  4.4 216.8  1.85 13.45 226.85  19.21  3  1.83 13.44 225.74  15.96  0.18 13.60 317.76   7.69  0.17 11.79 311.10  10.91
19951214 090000  5.1 197.7  1.90 13.44 225.93  18.81  4  1.88 13.44 224.53  15.34  0.20 11.12 258.91   7.18  0.18 13.56 316.51   8.25  0.17 11.70 314.08   9.63
19951214 120000  6.6 189.9  1.96 13.43 224.85  18.91  4  1.85 13.45 223.06  16.02  0.55 15.96 229.14   7.08  0.25 13.36 315.52   9.10  0.19 11.10 258.55   7.11
19951214 150000  6.6 224.0  1.99 13.40 224.57  18.80  5  1.89 13.46 222.62  15.64  0.52 15.75 229.01   7.45  0.24 10.95 259.16   6.36  0.22 13.09 316.09   9.10  0.13 11.09 314.80   8.68
19951214 180000  8.2 224.6  2.08 13.44 225.06  19.22  6  0.80  4.10 227.59  28.59  1.45 12.54 224.09  14.03  1.21 14.60 221.52   9.73  0.25 10.67 260.25   6.52  0.22 12.89 316.15   9.15  0.12 11.03 314.90   8.44
19951214 210000  7.2 216.9  2.10 14.07 224.67  19.74  4  2.07 14.10 223.38  16.92  0.23 10.54 260.51   6.54  0.22 12.83 316.31   9.16  0.12 11.03 314.62   8.49
19951215 000000  7.0 201.1  2.07 14.08 223.63  19.79  3  2.06 14.09 222.81  17.40  0.21 12.80 316.31   9.22  0.12 11.02 314.50   8.52
19951215 030000  6.1 194.0  2.07 13.89 222.43  19.83  3  2.06 13.91 221.67  17.56  0.20 12.78 317.15   8.37  0.12 11.03 313.19   9.15
19951215 060000  5.1 209.9  2.09 13.72 221.92  19.38  2  2.07 13.73 221.18  17.10  0.23 12.67 315.35   9.85
19951215 090000  2.9 202.5  2.12 13.66 221.72  18.86  4  2.10 13.66 220.86  16.40  0.19 12.41 315.36   9.60  0.14 14.35 314.84  10.92  0.12 10.40 265.96   3.49
19951215 120000  2.1 229.6  2.21 13.68 221.48  18.40  3  2.20 13.67 220.82  16.22  0.21 12.27 314.40  10.67  0.09 14.58 318.03   7.44
19951215 150000  5.0 261.8  2.32 13.75 221.37  18.15  2  2.31 13.74 220.78  16.18  0.23 12.21 315.15  10.07
19951215 180000  5.9 225.9  2.38 13.69 221.32  18.14  4  1.71 13.68 218.19   9.87  1.64  8.72 223.75  20.88  0.21 12.20 314.45  10.86  0.08 10.35 316.91   8.35
19951215 210000  5.0 219.5  2.32 13.48 221.17  17.97  4  1.72 13.48 219.15  10.54  1.55  8.67 222.53  20.94  0.21 12.24 314.67  10.78  0.08 10.31 314.79   9.48
19951216 000000  6.6 202.9  2.25 13.34 220.81  18.00  4  1.73 13.34 219.04   9.76  1.43  8.55 222.12  22.22  0.20 13.32 314.64  10.84  0.08 10.31 314.96   8.87
19951216 030000  3.7 176.1  2.19 13.25 220.77  17.97  4  1.71 13.25 219.91  10.67  1.34  8.33 220.71  22.17  0.20 13.43 314.16  11.36  0.07 10.29 315.69   8.33
19951216 060000  3.4 208.6  2.14 13.11 221.13  17.55  3  1.71 13.08 220.59  10.64  1.27  8.20 220.47  21.77  0.21 13.47 313.66  12.00
19951216 090000  1.3 229.0  2.14 12.83 221.37  17.26  4  1.68 12.81 220.31  10.67  1.24  8.21 220.72  21.49  0.41 15.67 229.74   8.66  0.21 13.46 313.63  11.97
19951216 120000  1.0 122.0  2.15 12.67 221.51  17.04  2  2.14 12.66 220.95  15.09  0.21 13.45 312.89  12.71
19951216 150000  5.4 249.7  2.16 12.58 221.91  17.09  2  2.15 12.57 221.36  15.21  0.21 13.41 312.33  13.02
19951216 180000  7.2 229.8  2.20 12.53 222.67  17.68  4  1.49  8.81 221.02  20.71  1.40 12.39 221.55  10.35  0.80 14.51 227.51   8.90  0.21 13.33 311.41  13.53
19951216 210000  5.6 221.2  2.17 12.55 222.71  17.99  3  1.56 12.52 223.76  10.27  1.49  8.79 220.31  20.91  0.21 13.17 310.97  13.83
19951217 000000  4.5 202.7  2.07 12.76 222.59  18.16  3  1.48 12.74 224.00  10.33  1.43  8.74 219.68  20.73  0.21 12.85 309.52  15.10
19951217 030000  3.5 200.1  1.96 13.12 222.32  18.35  4  1.44 13.15 223.58  11.13  1.32  8.24 219.15  20.67  0.20 12.74 309.86  15.41  0.07 17.30 291.01  10.43
19951217 060000  4.3 205.4  1.89 13.15 221.83  18.48  4  1.48 13.18 222.11  11.97  1.16  7.75 219.32  21.43  0.20 12.70 310.19  15.36  0.08 16.72 291.89  10.66
19951217 090000  3.6 199.4  1.84 12.97 220.96  18.59  4  1.46 13.12 220.83  12.90  1.11  7.69 218.91  20.69  0.20 12.68 310.15  15.48  0.10 16.44 291.76  12.49
19951217 120000  1.5 186.4  1.82 12.68 220.04  18.49  4  1.32 11.96 222.75  12.14  0.99  7.62 219.82  20.94  0.72 13.76 206.03   6.82  0.22 12.66 305.91  16.80
19951217 150000  4.7 242.6  1.81 12.51 219.46  18.55  4  1.51 12.49 217.92  13.20  0.96  7.66 220.22  20.94  0.19 12.63 310.55  15.86  0.12 16.38 294.18  12.85
19951217 180000  6.5 238.7  1.83 12.44 219.70  19.34  3  1.82 12.42 218.79  16.77  0.19 12.58 310.56  16.18  0.13 16.35 293.80  13.70
19951217 210000  4.6 215.3  1.81 12.47 219.26  19.54  5  1.79 12.46 218.08  16.46  0.20 12.50 310.23  16.94  0.12 16.35 291.75  13.40  0.11  9.00 270.95   6.63  0.06 20.62 306.65   8.33
19951218 000000  3.6 204.3  1.76 12.52 219.05  19.43  6  1.74 12.53 217.68  15.79  0.18 12.37 317.85  10.40  0.13 16.30 291.09  12.69  0.12  8.90 271.30   6.84  0.08 12.47 281.37   8.63  0.07 20.54 306.86   8.76
19951218 030000  2.4 191.3  1.70 12.51 219.32  19.53  6  1.67 12.52 217.62  15.07  0.18 11.94 318.70  10.41  0.15 16.17 290.57  12.64  0.14  8.73 270.72   6.46  0.09 12.63 283.86   8.92  0.08 20.41 307.01   8.96
19951218 060000  5.2 191.4  1.65 12.38 219.58  20.10  5  1.62 12.41 217.57  14.86  0.21 12.01 310.27  18.10  0.16 15.80 290.23  12.27  0.14  8.52 270.76   5.82  0.10 20.19 307.21   8.85
19951218 090000  4.7 179.8  1.61 12.04 219.75  21.27  5  1.57 12.06 217.29  15.25  0.21 11.92 311.46  18.32  0.17 15.56 290.46  12.20  0.15  8.41 270.54   5.40  0.12 19.81 307.32   8.70
19951218 120000  1.6 175.7  1.55 11.89 220.52  21.91  5  1.51 11.89 217.68  15.02  0.20 11.87 311.97  18.88  0.19 15.41 291.74  13.24  0.15  8.30 270.96   5.87  0.14 19.51 307.67   8.81
19951218 150000  4.4 247.5  1.50 11.79 221.44  22.38  5  1.46 11.79 218.22  14.61  0.20 11.82 312.39  18.95  0.18 15.34 290.77  13.67  0.17 19.36 308.27   8.66  0.15  8.16 270.83   5.44
19951218 180000  6.1 231.6  1.52 11.65 223.00  23.81  5  1.47 11.64 219.49  16.21  0.20 19.24 308.12   8.72  0.20 11.75 313.50  19.07  0.18 15.31 291.13  13.16  0.15  7.98 270.79   5.45
19951218 210000  6.5 225.0  1.54 11.37 223.71  25.36  7  1.49 11.36 219.63  17.16  0.25 19.13 307.61   8.99  0.21 11.61 313.41  19.51  0.19 15.32 291.51  13.10  0.15  7.89 270.83   5.55  0.06 17.65 222.49   5.60  0.05 23.32 315.00   2.62
19951219 000000  3.7 198.1  1.51 11.20 224.14  27.15  6  1.45 11.19 219.04  17.44  0.29 18.84 308.07   8.99  0.22 15.33 290.15  12.79  0.19 11.31 318.74  15.05  0.15  7.84 270.84   5.60  0.07 17.01 221.14   5.84
19951219 030000  4.5 191.5  1.48 11.11 224.97  28.81  6  1.40 11.10 218.60  17.27  0.33 18.38 308.75   8.72  0.26 15.28 290.35  13.07  0.18 11.06 324.01  10.15  0.14  7.78 270.94   5.68  0.09 16.67 222.54   6.20
19951219 060000  6.4 187.5  1.48 11.04 224.99  30.89  7  1.35 11.03 218.33  17.91  0.45 18.24 301.76  13.60  0.33 13.96 201.30   5.72  0.16 10.89 326.93   8.33  0.14  7.71 271.02   5.73  0.13 21.82 315.63   2.49  0.10 16.46 222.87   5.71
19951219 090000  4.3 203.6  1.49 10.97 226.52  33.08  9  1.06 10.95 217.84  12.77  0.79  7.19 218.65  25.07  0.38 18.40 306.90   8.55  0.36 13.79 201.73   5.71  0.28 14.76 290.75  13.32  0.22 21.66 315.06   7.12  0.16 10.74 327.64   8.13  0.14  7.58 270.93   5.72  0.11 16.16 223.37   5.40
19951219 120000  0.7 205.5  1.49 10.93 229.09  35.21  7  1.28 10.92 218.60  17.73  0.52 18.59 308.75   9.11  0.44 13.51 203.82   6.16  0.29 14.59 290.50  14.02  0.16 10.58 327.39   8.24  0.13  7.52 271.11   5.80  0.11 15.84 224.92   6.57
19951219 150000  5.5 248.8  1.51 10.94 231.97  37.09  8  1.26 10.93 219.39  17.80  0.58 19.87 308.83   9.16  0.47 13.13 204.05   7.34  0.27 14.55 292.16  14.41  0.17 10.69 325.61   9.97  0.12  7.49 271.29   5.75  0.11 11.73 283.41   9.19  0.09 14.51 225.70   2.55
19951219 180000  5.9 225.1  1.55 10.96 234.17  38.28  8  1.29 10.96 220.00  19.03  0.66 20.12 308.94   9.17  0.43 12.94 203.17   5.65  0.21 14.32 282.73  10.73  0.17 10.72 325.83   9.80  0.16 15.07 223.78   5.73  0.12  7.48 271.98   5.91  0.11 11.75 286.40   8.86
19951219 210000  5.6 231.9  1.56 20.13 236.05  39.54  7  1.29 10.93 220.09  19.91  0.62 17.37 304.13  11.31  0.38 12.81 202.31   4.55  0.38 20.35 314.95   7.52  0.23 14.22 221.24   6.17  0.17 10.55 325.38  10.14  0.10 11.64 285.44   7.88
19951220 000000  5.9 204.8  1.56 17.90 239.02  41.20  4  1.33 10.85 218.03  19.03  0.79 17.96 306.92  11.26  0.16 10.09 326.99   8.71  0.12  7.42 271.54   5.74
19951220 030000  4.3 230.9  1.58 18.76 244.27  42.96  5  1.28 10.73 218.29  19.53  0.87 18.77 307.40  10.42  0.22 14.17 223.75   5.89  0.16 10.10 325.52  10.29  0.12  7.35 271.39   6.58
19951220 060000  4.5 197.9  1.59 18.81 248.48  43.74  6  1.16 10.67 220.16  20.16  0.94 18.81 307.01  10.95  0.48 12.03 209.51   9.16  0.22 13.90 224.73   6.28  0.14  9.91 328.98   7.37  0.11  7.27 272.06   7.82
19951220 090000  3.5 199.0  1.58 18.80 250.89  43.83  5  1.12 10.26 221.91  20.58  0.95 18.80 306.94  10.92  0.54 11.97 209.95   9.98  0.13  9.92 329.09   7.52  0.11  7.20 272.40   8.52
19951220 120000  5.4 186.7  1.56 18.56 252.24  43.98  6  1.19 10.55 218.38  19.19  0.96 18.56 306.48  11.10  0.21 11.30 261.65   8.30  0.15 12.66 225.00   0.02  0.13  9.91 328.82   7.58  0.10  7.17 272.18   8.31
19951220 150000  6.4 215.4  1.58 17.71 254.60  44.40  5  1.17 10.60 218.09  20.29  1.00 17.72 306.40  11.21  0.25 12.85 226.13   6.25  0.23 11.19 259.60   7.60  0.13  9.85 328.82   7.45
19951220 180000  7.7 211.1  1.67 17.64 254.63  44.26  4  1.26 10.45 219.02  21.31  1.05 17.64 306.33  11.50  0.28 10.96 257.05   9.10  0.12  9.58 329.66   6.91
19951220 210000 10.2 205.7  1.86 17.59 245.95  44.67  4  1.49 10.36 216.22  23.25  1.08 17.59 305.94  11.87  0.29 10.88 257.46   9.52  0.11  9.55 329.05   7.61
19951221 000000  6.4 205.6  1.92 17.48 241.96  45.33  5  1.32  5.48 212.35  28.41  1.08 17.49 305.14  12.45  0.83 10.27 216.82  11.57  0.29 10.80 257.23   9.04  0.10  9.48 329.03   7.27
19951221 030000  8.1 191.9  1.84 16.97 244.60  45.92  5  1.25  5.77 211.45  28.12  1.08 16.98 304.62  12.83  0.76 10.21 217.53  11.74  0.31 10.64 257.47   8.28  0.10  9.48 328.93   7.29
19951221 060000  7.7 178.2  1.80 16.63 246.60  47.14  5  1.19  5.78 208.73  28.87  1.07 16.64 306.22  10.50  0.73 10.15 217.77  11.89  0.32 10.51 258.26   8.40  0.23 12.92 264.63   8.68
19951221 090000  7.7 171.4  1.77 16.54 249.30  47.78  5  1.14  5.80 207.26  29.48  1.09 16.54 305.99  10.80  0.70 10.22 217.76  11.11  0.32 10.40 257.46   9.54  0.25 12.55 263.46   6.92
19951221 120000  6.2 170.3  1.75 16.46 250.58  48.28  5  1.11  5.84 206.12  30.57  1.08 16.46 306.03  10.63  0.67 10.26 218.39  11.47  0.30 12.12 265.22   7.49  0.30 10.21 256.86   8.69
19951221 150000  7.3 194.7  1.70 16.35 253.77  46.54  5  1.05  5.95 209.74  29.00  1.07 16.35 305.75  10.57  0.67 10.27 219.72  11.87  0.33 10.38 258.73   8.94  0.29 12.04 265.69   7.49
19951221 180000 10.8 213.9  1.89 16.10 245.23  43.72  3  1.50  5.36 215.95  23.79  1.05 16.10 305.72  10.39  0.46 11.85 264.06  10.50
19951221 210000 11.0 212.7  2.15 15.68 238.88  41.39  3  1.82  5.91 217.90  25.06  1.04 15.69 305.62  10.46  0.47 11.62 264.97  10.57
19951222 000000  7.6 213.2  2.12 15.55 240.16  42.09  4  1.69  6.29 217.76  27.78  1.04 15.55 305.66  10.47  0.59 10.64 222.09  11.83  0.47 11.29 265.14  10.00
19951222 030000  6.8 203.9  1.98 15.46 244.24  43.10  4  1.52  6.41 217.51  27.73  1.04 15.47 305.63  10.57  0.54 11.78 224.02  12.43  0.47 11.16 265.94   9.58
19951222 060000  7.2 209.3  1.88 15.39 247.39  43.51  4  1.39  6.39 217.13  27.22  1.04 15.40 305.57  10.55  0.53 11.81 224.45  12.72  0.48 11.02 266.48  10.24
19951222 090000  4.8 197.1  1.83 15.30 249.01  43.32  4  1.33  6.34 217.07  26.63  1.04 15.31 304.79  11.14  0.50 11.84 226.01  12.64  0.47 10.50 263.52   9.01
19951222 120000  0.3 244.6  1.77 15.17 251.25  42.43  4  1.28  6.43 219.12  25.86  1.02 15.18 304.78  11.02  0.47 10.38 263.30   9.95  0.47 11.82 227.78  11.45
19951222 150000  5.8 246.4  1.74 14.88 253.26  41.37  4  1.24  6.58 221.52  25.24  1.01 14.91 304.70  11.19  0.48 10.32 262.00  11.89  0.48 11.81 228.36  11.93
19951222 180000  5.6 206.6  1.74 14.67 253.18  40.76  5  1.22  6.93 221.67  24.28  1.00 14.70 304.94  11.18  0.52  9.89 260.50  12.20  0.50 11.84 229.89  13.11  0.07 17.91 223.99   8.93
19951222 210000  7.2 216.6  1.75 14.56 252.02  40.59  6  1.25  7.18 221.92  23.81  0.99 14.59 305.17  11.29  0.51 11.77 229.31  12.54  0.41  9.88 268.48   8.16  0.30 10.14 244.72   7.94  0.09 17.67 224.09   8.15
19951223 000000  6.1 193.4  1.82 14.49 247.65  41.07  6  1.30  7.12 217.94  24.36  0.93 14.52 303.15  11.28  0.58 11.61 230.32  12.43  0.49  9.48 253.61  11.53  0.34 17.88 317.80   6.97  0.27 10.45 272.37   8.41
19951223 030000  5.9 199.7  1.83 14.44 246.34  40.92  4  1.30  6.85 217.57  25.21  0.91 14.48 303.63  11.40  0.85 11.02 241.95  18.93  0.35 17.81 314.44   7.57
19951223 060000  5.5 179.7  1.81 14.42 246.71  40.73  4  1.25  6.81 217.27  25.62  0.90 14.45 304.27  11.88  0.89 10.90 241.87  18.98  0.31 17.83 311.52   5.72
19951223 090000  3.1 198.2  1.75 14.41 249.09  40.44  5  1.13  6.82 216.77  25.39  0.94 10.67 242.09  18.69  0.85 14.44 302.90  11.35  0.42 17.55 314.11   8.27  0.11 16.69 222.16   8.52
19951223 120000  2.0 141.3  1.69 14.38 251.99  40.06  6  1.01  6.76 217.06  25.10  0.81 10.20 248.97  16.50  0.81 14.36 302.42  11.46  0.53 11.65 223.93  10.59  0.49 16.89 312.99   9.34  0.11 16.62 221.58   8.89
19951223 150000  4.9 240.9  1.65 14.29 253.83  39.50  5  1.28 10.11 231.76  25.38  0.77 14.21 302.12  11.95  0.52 16.68 312.59   8.27  0.47 11.78 221.77  11.41  0.06 23.35 303.61   9.95
19951223 180000  7.1 210.6  1.71 14.12 251.16  38.98  5  1.31  9.57 230.90  25.59  0.79 14.23 303.02  12.17  0.58 11.68 225.59  13.19  0.47 16.71 311.69   9.04  0.07 23.30 304.40   9.71
19951223 210000  8.3 217.3  1.84 13.95 246.09  37.98  5  1.45  9.59 228.69  25.53  0.78 14.16 302.06  12.19  0.66 11.69 228.78  14.39  0.46 16.66 313.76   8.23  0.08 23.26 304.74   9.58
19951224 000000  4.9 203.1  2.01 13.87 241.63  36.83  5  1.44  6.90 220.30  25.55  0.89 16.28 305.21  12.48  0.81 11.57 233.02  14.77  0.72  9.42 250.63  14.49  0.09 23.05 304.55   9.76
19951224 030000  4.8 209.7  2.09 13.88 241.89  35.71  4  1.46  7.12 220.81  25.87  1.21 11.23 242.09  16.43  0.87 14.94 305.94  12.00  0.12 22.05 304.17   9.89
19951224 060000  7.1 193.7  2.08 11.13 243.00  35.55  3  1.88 11.02 230.84  24.63  0.87 15.39 306.01  12.17  0.15 21.84 304.35   9.73
19951224 090000  4.7 199.0  2.02 15.18 244.46  35.35  4  1.80 10.93 232.41  24.60  0.85 15.37 306.33  12.04  0.33 14.63 221.96   9.52  0.17 21.79 304.71   9.67
19951224 120000  1.7 203.1  2.00 13.93 245.23  34.29  4  1.72 10.92 233.97  23.88  0.84 15.35 306.30  12.08  0.55 13.92 225.89   9.48  0.18 21.75 304.52   9.78
19951224 150000  5.5 246.3  2.02 13.61 244.61  33.04  4  1.63 10.88 234.55  23.36  0.83 15.28 304.95  13.61  0.83 13.33 228.09  11.03  0.20 21.54 304.27   9.95
19951224 180000  6.2 219.7  2.11 13.26 242.60  32.34  4  1.92 12.77 232.62  21.28  0.81 15.22 305.78  12.53  0.25 20.61 303.96   9.92  0.24 17.51 215.53   6.17
19951224 210000  6.9 217.1  2.16 12.72 240.96  32.33  4  1.95 12.46 231.91  21.25  0.79 15.08 305.94  12.50  0.42 15.87 213.53   6.89  0.30 20.43 304.03   9.86
19951225 000000  6.6 204.7  2.22 12.29 238.85  32.51  4  1.99 11.96 230.26  21.73  0.79 14.70 305.60  13.17  0.48 15.94 213.79   6.96  0.33 20.39 304.00  10.03
19951225 030000  5.8 198.2  2.24 11.83 237.38  32.64  4  1.98 11.69 229.69  22.42  0.77 14.58 306.09  12.65  0.64 14.84 215.10   7.51  0.33 20.35 303.58  10.34
19951225 060000  5.6 205.2  2.22 14.53 236.90  32.74  4  1.95 11.51 229.18  22.32  0.75 14.50 306.06  12.68  0.64 14.87 214.12   6.94  0.35 20.15 303.14  10.49
19951225 090000  2.8 208.6  2.16 14.42 237.17  33.13  4  1.83 11.13 229.50  22.44  0.79 14.75 215.31   7.52  0.74 14.43 305.65  13.07  0.41 19.32 302.99  10.34
19951225 120000  2.2  84.0  2.12 14.16 237.44  33.52  4  1.78 10.96 228.98  21.84  0.76 13.88 214.50   7.06  0.71 14.35 305.21  13.49  0.47 19.13 303.18  10.25
19951225 150000  5.3 293.3  2.12 14.08 237.06  33.45  4  1.74 10.71 229.17  22.15  0.86 13.73 215.41   7.57  0.69 14.25 305.32  13.28  0.49 19.09 303.10  10.44
19951225 180000  2.3 237.1  2.15 14.08 235.74  32.97  5  1.81 10.12 227.91  21.60  0.81 13.86 214.76   7.36  0.68 14.17 305.38  13.09  0.49 19.06 302.80  10.79  0.07 24.98 298.33  10.45
19951225 210000  4.8 224.8  2.11 14.05 235.12  33.11  5  1.76  8.68 226.75  21.12  0.82 13.70 215.19   7.92  0.68 14.09 304.79  13.79  0.50 18.94 302.16  11.04  0.08 24.93 298.41  11.35
19951226 000000  4.4 202.2  2.00 13.91 236.32  34.47  6  1.46  8.54 224.70  22.60  0.79 13.52 215.30   8.14  0.73 10.32 231.02  13.29  0.67 14.04 304.56  13.95  0.53 18.34 301.71  10.99  0.08 24.90 299.25  12.13
19951226 030000  3.4 198.4  1.88 13.80 239.23  36.15  5  1.35  8.29 225.75  22.78  0.96 13.56 220.35  11.45  0.66 13.94 303.68  15.11  0.59 17.98 301.79  10.87  0.09 24.65 299.77   9.97
19951226 060000  3.7 187.2  1.81 17.90 241.18  36.91  6  1.22  7.93 225.80  23.37  1.00 13.56 221.93  13.00  0.63 13.82 303.74  15.14  0.62 17.91 302.04  10.92  0.13 23.43 299.06  10.17  0.06 23.73 220.13   7.04
19951226 090000  1.3 228.7  1.81 17.86 241.16  36.67  7  1.24  7.85 225.39  22.69  0.74 13.48 219.44   9.25  0.63 17.87 302.13  11.22  0.62  9.91 227.19  16.49  0.61 13.69 303.40  15.30  0.16 23.31 298.05  10.79  0.10 23.28 220.40   7.19
19951226 120000  1.3 158.1  1.85 17.80 240.15  35.80  6  1.42  8.03 225.42  21.45  0.77 13.32 221.83   9.71  0.64 17.81 301.68  11.38  0.59 13.56 303.26  15.27  0.17 22.34 220.79   7.42  0.17 23.29 298.29  11.56
19951226 150000  3.5 282.3  1.93 17.66 239.68  34.84  6  1.50  8.51 225.96  21.76  0.78 12.86 224.91  11.36  0.66 17.68 301.18  11.52  0.57 13.46 304.14  14.24  0.28 21.81 220.89   7.43  0.16 23.27 299.26  11.51
19951226 180000  3.7 257.8  2.00 17.36 239.91  34.06  6  1.43  8.76 224.78  21.96  1.00 12.28 230.80  13.63  0.68 17.38 301.01  11.68  0.55 13.43 304.49  13.55  0.41 21.20 221.21   7.51  0.20 22.17 301.01  10.01
19951226 210000  6.4 219.6  2.07 16.94 240.54  33.81  7  1.45  8.84 225.20  21.33  0.76 12.54 223.43   9.48  0.71 16.98 301.25  11.83  0.64 10.78 246.99  10.72  0.57 20.46 221.63   7.73  0.53 13.39 305.24  12.93  0.28 21.78 300.80  10.65
19951227 000000  2.0 199.5  2.12 16.81 240.92  33.77  6  1.58 10.59 229.55  22.02  0.74 19.98 222.01   7.89  0.74 12.72 224.65   9.82  0.74 16.84 301.91  11.93  0.51 13.39 305.47  12.85  0.32 21.73 298.72  10.68
19951227 030000  3.6 218.0  2.17 18.93 240.98  33.00  6  1.48 10.62 230.86  22.91  0.92 19.16 222.81   8.33  0.88 12.61 227.46  10.66  0.76 16.75 301.89  11.88  0.49 13.35 305.33  13.05  0.32 21.69 299.87  11.89
19951227 060000  6.7 188.2  2.29 18.37 239.48  32.05  6  1.46 10.20 230.43  24.20  1.09 18.66 223.37   8.35  0.99 13.60 229.09  10.27  0.78 16.67 301.63  11.94  0.49 13.27 303.91  14.89  0.30 21.53 301.35  11.73
19951227 090000  3.7 207.6  2.43 17.41 238.92  30.81  5  1.80 13.55 230.62  20.30  1.31 17.84 224.77   9.15  0.76 16.58 301.18  12.57  0.48 13.26 304.34  14.12  0.41 20.29 302.93   9.98
19951227 120000  2.7 181.9  2.57 16.84 238.73  29.70  6  1.50 13.46 228.57  13.24  1.45 17.27 224.62   9.05  0.95 10.33 246.17  16.94  0.78 16.46 300.94  13.51  0.48 20.29 301.61  10.22  0.46 13.14 304.40  14.19
19951227 150000  3.5 276.2  2.66 16.48 238.44  28.74  5  2.24 16.59 230.75  12.92  1.01  7.47 221.91  23.38  0.77 16.29 302.35  12.57  0.53 20.27 300.13  10.88  0.42 12.87 304.04  15.04
19951227 180000  4.2 250.7  2.71 16.05 238.08  27.90  4  2.51 16.11 229.67  15.19  0.78 15.94 302.13  12.40  0.50 20.24 300.01  11.77  0.40 12.75 305.32  13.84
19951227 210000  5.9 224.5  2.72 15.68 237.76  27.70  4  2.53 15.63 229.55  15.04  0.81 15.73 302.26  12.11  0.46 20.02 301.79  12.42  0.36 12.52 303.03  14.97
19951228 000000  2.3 213.6  2.70 15.46 238.09  28.58  4  2.49 15.26 229.25  15.43  0.84 15.63 302.13  12.62  0.48 19.20 302.18  11.31  0.32 12.50 307.70  11.92
19951228 030000  2.7 223.1  2.62 15.31 239.51  29.87  4  2.40 15.04 229.21  15.58  0.81 15.57 301.75  13.01  0.61 18.96 302.55  10.55  0.33 12.52 307.73  12.21
19951228 060000  4.4 214.2  2.52 15.21 240.76  30.89  4  2.28 14.74 229.11  15.89  0.80 15.51 301.39  13.51  0.65 18.96 300.90  10.87  0.34 12.55 307.71  13.28
19951228 090000  2.6 190.8  2.40 15.04 241.48  31.52  4  2.15 14.44 229.09  16.42  0.76 15.44 301.09  13.50  0.66 18.92 300.23  11.63  0.33 12.54 307.84  13.29
19951228 120000  0.7  44.4  2.29 14.59 241.79  31.96  3  2.04 14.27 229.03  16.87  0.79 15.29 301.99  13.82  0.65 18.83 300.70  11.82
19951228 150000  4.9 250.7  2.23 14.45 242.15  32.51  3  1.99 14.19 229.10  17.56  0.81 15.00 302.29  13.45  0.60 18.38 301.47  12.13
19951228 180000  6.7 231.5  2.25 14.40 242.00  33.04  4  1.23  7.68 224.71  23.49  1.59 14.14 231.02  13.83  0.75 14.78 301.18  14.49  0.68 17.71 303.39  10.65
19951228 210000  7.0 222.0  2.25 14.31 241.98  33.63  3  2.00 13.81 228.23  19.03  0.77 14.69 301.12  14.33  0.68 17.70 302.65  10.83
19951229 000000  5.1 211.5  2.29 13.95 240.57  33.89  3  2.04 13.51 227.28  20.16  0.75 14.65 301.53  14.30  0.70 17.69 300.65  11.16
19951229 030000  7.1 203.5  2.34 13.58 239.36  33.63  5  1.47  6.90 221.70  26.12  1.51 13.36 231.59  12.65  0.72 14.65 301.09  14.24  0.72 17.66 299.98  11.66  0.06 26.63 307.10   8.31
19951229 060000  7.6 195.6  2.38 13.32 237.83  33.80  5  1.53  6.87 220.47  27.40  1.52 13.06 231.53  11.95  0.73 17.60 299.94  11.80  0.68 14.58 301.36  14.50  0.07 26.20 306.26   8.44
19951229 090000  7.0 190.6  2.38 12.90 237.31  33.64  4  1.55  6.86 220.92  28.18  1.51 12.73 231.15  10.55  0.97 17.40 300.95  13.31  0.10 25.09 306.21   8.44
19951229 120000  5.6 189.1  2.34 12.72 238.07  32.87  5  1.49  6.95 222.21  27.72  1.48 12.58 231.26  10.46  0.95 16.54 301.25  13.55  0.40 15.90 237.11   8.18  0.14 24.96 306.70   8.19
19951229 150000  7.2 220.4  2.31 12.65 238.96  31.58  5  1.39  7.09 222.62  26.14  1.45 12.50 232.57  11.70  0.92 16.44 301.34  13.31  0.67 15.45 234.95  10.00  0.16 24.92 306.78   8.17
19951229 180000  9.5 215.7  2.42 14.52 237.35  30.50  6  1.53  7.17 222.56  25.31  1.50 12.40 232.91  11.71  0.87 16.45 300.00  13.22  0.65 15.42 234.95   8.31  0.18 24.70 306.30   8.39  0.18 13.51 316.20   3.25
19951229 210000  9.6 212.3  2.58 14.29 235.11  30.55  5  1.79  6.99 221.94  25.77  1.38 12.16 233.13  12.10  0.88 16.46 300.29  13.17  0.86 14.56 233.53   9.33  0.24 23.57 305.95   8.54
19951230 000000  8.3 204.5  2.66 13.81 234.39  31.31  5  1.93  7.24 222.34  26.75  1.22 13.67 229.89  10.13  0.99 11.36 235.90  10.27  0.88 16.44 300.25  13.11  0.31 23.36 306.11   8.47
19951230 030000  6.2 203.6  2.62 13.51 235.27  31.55  4  1.89  7.40 223.07  26.41  1.55 13.34 231.89  10.60  0.89 16.40 300.15  13.45  0.34 23.32 306.17   8.49
19951230 060000  8.0 200.8  2.55 13.23 236.14  31.20  5  1.76  7.51 223.59  25.83  1.59 13.01 231.77  10.85  0.87 16.28 300.57  13.08  0.37 23.22 306.02   8.77  0.10 18.99 311.04   4.89
19951230 090000  6.3 199.1  2.49 12.70 236.90  30.84  5  1.59  7.66 223.55  26.02  1.68 12.59 231.56  11.03  0.84 16.08 300.54  13.49  0.41 22.46 305.37   8.81  0.12 18.99 311.23   4.85
19951230 120000  5.6 192.2  2.45 12.51 237.80  30.55  5  1.72 12.43 231.08  11.61  1.48  7.93 224.91  25.22  0.79 15.50 301.17  12.88  0.50 21.90 305.33   8.78  0.10 18.99 315.00   0.00
19951230 150000  6.8 214.6  2.42 12.33 238.15  30.44  3  2.23 12.25 228.69  18.18  0.75 15.42 301.55  12.64  0.56 21.83 305.46   8.78
19951230 180000  9.1 216.0  2.44 12.04 237.03  30.35  3  2.26 11.95 227.94  18.42  0.73 15.38 301.15  13.05  0.57 21.78 305.16   8.93
19951230 210000  9.1 212.3  2.47 11.84 236.31  31.17  4  2.28 11.78 227.00  19.46  0.70 15.36 299.94  13.07  0.59 21.56 304.67   9.19  0.21 17.79 314.48   7.22
19951231 000000  8.4 193.3  2.42 11.70 237.01  33.43  4  2.21 11.66 225.85  20.86  0.71 15.34 299.91  13.01  0.66 20.65 304.44   9.27  0.22 17.76 314.66   7.28
19951231 030000  8.3 196.6  2.35 20.46 238.72  35.69  4  2.10 11.55 224.81  21.55  0.74 20.46 304.80   9.12  0.72 15.34 299.72  13.01  0.22 17.77 314.57   7.46
19951231 060000  8.6 188.9  2.27 20.42 239.54  37.19  3  2.00 11.45 223.73  22.27  0.77 20.42 304.95   9.02  0.75 15.36 300.43  13.58
19951231 090000  7.4 190.0  2.16 20.35 240.81  37.91  3  1.89 11.21 223.70  22.63  0.78 20.35 304.85   9.16  0.72 15.36 300.00  13.50
19951231 120000  4.9 171.7  2.03 20.06 243.65  38.16  3  1.75 11.05 224.79  22.09  0.79 20.06 304.11   9.40  0.69 15.30 300.97  13.32
19951231 150000  6.7 216.8  1.94 19.27 248.07  38.59  4  1.61 10.95 226.00  20.85  0.84 19.28 304.00   9.53  0.58 14.51 298.48  14.24  0.32 16.52 311.09   6.99
19951231 180000  8.7 215.2  1.99 19.13 248.43  39.22  4  1.66 10.86 225.68  21.37  0.90 19.13 304.51   9.39  0.58 14.54 299.47  14.06  0.27 16.59 313.73   7.21
19951231 210000 10.4 211.8  2.09 19.09 245.46  39.86  4  1.76 10.66 223.79  22.50  0.92 19.09 304.79   9.21  0.59 14.54 299.99  13.89  0.25 16.59 313.71   7.23
19960101 000000 10.5 196.5  2.23 19.03 239.14  40.64  3  1.93 10.40 220.09  24.66  0.93 19.03 304.56   9.09  0.63 14.61 301.99  13.54
