Date     Time   Uabs UDir  hs    tp    th     sp     np hs(i) tp(i) th(i)  sp(i)
20061101 000000 13.0 195.1  4.56 16.32 221.42  20.93  3  2.85  7.79 215.84  28.80  3.55 16.32 224.40  11.72  0.23 14.39 305.31  11.56
20061101 030000 12.1 184.0  4.37 16.20 221.02  21.49  3  4.36 16.20 220.84  21.10  0.18 14.51 296.30  13.09  0.17 13.64 312.36   7.16
20061101 060000 11.1 179.1  4.09 15.97 220.99  21.69  3  4.08 15.97 220.76  21.21  0.22 14.23 300.50  13.30  0.12 20.31 315.66   6.60
20061101 090000 10.1 171.9  3.85 15.63 221.36  21.36  2  3.84 15.63 221.10  20.80  0.26 14.35 303.86  13.70
20061101 120000  8.8 174.4  3.65 15.47 222.04  20.40  2  3.64 15.48 221.77  19.79  0.25 14.42 303.93  13.65
20061101 150000  8.8 196.0  3.52 15.38 222.61  18.80  4  3.51 15.38 222.37  18.15  0.15 13.59 306.24  10.62  0.14 15.50 308.28   8.91  0.09 19.02 316.68   7.38
20061101 180000 11.9 208.4  3.57 15.26 222.14  18.41  4  3.57 15.26 221.89  17.72  0.15 13.70 304.09  11.47  0.13 15.53 308.67   9.63  0.12 18.99 316.64   7.40
20061101 210000 13.7 204.1  3.83 15.12 221.12  19.54  3  3.82 15.11 220.92  18.99  0.18 15.42 306.67  10.84  0.13 18.98 316.79   7.55
20061102 000000  9.2 179.5  3.81 15.11 220.31  20.40  4  2.28  7.31 217.59  29.35  3.04 15.10 221.40  11.44  0.17 15.37 306.96  10.90  0.12 18.94 316.92   7.37
20061102 030000 11.6 188.4  3.70 15.14 219.21  20.10  2  3.70 15.14 219.06  19.66  0.19 18.37 313.52   8.48
20061102 060000 12.0 183.5  3.68 15.10 217.61  20.84  4  2.03  7.01 208.38  30.67  3.06 15.10 220.82  11.56  0.17 14.43 306.91  10.95  0.15 17.79 316.42   7.93
20061102 090000 10.3 180.6  3.61 15.03 217.40  20.99  4  2.03  7.18 208.72  30.29  2.98 15.05 220.50  11.48  0.19 17.75 316.46   7.51  0.17 14.43 306.46  11.16
20061102 120000  8.6 176.6  3.45 14.92 218.39  20.03  3  3.44 14.94 218.05  19.05  0.20 17.74 316.44   7.64  0.17 14.43 306.44  11.17
20061102 150000  9.8 203.3  3.31 14.78 219.27  18.59  3  3.30 14.80 218.93  17.58  0.18 17.70 316.26   7.69  0.17 14.45 306.65  11.16
20061102 180000 12.0 207.4  3.33 14.65 219.41  18.48  3  3.32 14.66 219.12  17.60  0.17 17.45 316.51   7.62  0.16 14.45 306.96  10.96
20061102 210000 12.7 206.3  3.45 14.55 219.43  19.63  3  3.44 14.55 219.14  18.81  0.18 16.68 316.42   7.77  0.15 14.42 307.82  10.79
20061103 000000  8.9 186.4  3.40 14.47 219.31  20.91  4  2.28  7.51 217.78  27.19  2.51 14.47 219.84  10.71  0.21 16.61 316.55   7.56  0.15 14.39 308.13  10.67
20061103 030000  9.4 201.3  3.23 14.38 219.38  20.49  3  3.22 14.39 218.95  19.28  0.22 16.60 316.55   7.59  0.16 14.36 309.36  10.40
20061103 060000  6.9 197.2  3.05 14.27 219.50  19.73  3  1.88  8.00 219.39  26.41  2.39 14.28 218.84  10.71  0.27 16.56 313.99   9.26
20061103 090000  2.6 174.5  2.87 14.14 219.87  18.70  2  2.86 14.14 219.40  17.22  0.25 16.47 313.69   9.32
20061103 120000  2.1 147.5  2.72 13.92 220.12  18.00  2  2.71 13.94 219.63  16.35  0.25 15.85 313.82   9.38
20061103 150000  4.4 232.5  2.61 13.70 220.42  17.90  2  2.60 13.71 219.82  15.87  0.26 15.55 314.29   9.23
20061103 180000  7.7 217.0  2.54 13.55 220.66  18.48  2  2.53 13.55 219.94  16.08  0.28 15.51 314.59   9.04
20061103 210000  8.9 207.5  2.52 13.45 220.25  19.53  2  2.50 13.44 219.44  17.02  0.29 15.48 314.63   8.98
20061104 000000  6.7 188.6  2.46 13.38 220.13  20.60  2  2.44 13.36 219.27  18.12  0.29 15.45 314.44   8.95
20061104 030000  4.3 191.3  2.34 13.29 220.77  20.73  2  2.33 13.28 219.87  18.17  0.29 15.36 314.33   8.93
20061104 060000  5.4 203.5  2.23 13.09 221.57  20.54  2  2.22 13.07 220.63  17.83  0.28 14.95 314.62   8.94
20061104 090000  3.4 179.2  2.14 12.80 222.42  20.55  3  2.10 12.95 220.80  17.34  0.32 12.68 247.56   4.43  0.28 14.54 315.03   9.12
20061104 120000  5.8 179.2  2.10 12.62 223.00  20.86  3  2.03 12.70 220.81  17.23  0.41 12.46 246.99   4.30  0.28 14.47 315.64   8.78
20061104 150000  2.6 231.1  2.08 12.42 223.58  20.87  3  2.03 12.58 221.54  17.00  0.36 11.89 248.76   4.98  0.29 14.45 315.87   9.00
20061104 180000  7.2 228.0  2.10 12.15 224.28  21.05  3  2.04 12.38 222.00  17.13  0.41 11.96 248.31   4.93  0.30 14.42 316.04   8.79
20061104 210000  6.8 211.5  2.13 11.93 223.95  21.70  3  2.08 12.32 221.95  18.07  0.35 11.86 249.37   5.33  0.30 14.38 315.99   8.92
20061105 000000  1.6 209.3  2.06 11.78 223.69  22.01  3  2.01 11.94 221.54  18.16  0.35 11.15 250.18   5.26  0.30 14.28 316.00   9.15
20061105 030000  3.3 231.6  1.96 11.65 223.72  22.10  4  1.91 11.75 221.74  18.12  0.29 13.97 316.02   9.70  0.28 11.17 248.14   4.81  0.08 16.75 316.37   7.63
20061105 060000  2.4 212.1  1.85 11.58 223.88  22.33  4  1.81 11.76 221.58  17.89  0.30 11.10 250.14   5.40  0.28 13.63 316.44   9.43  0.09 16.65 316.31   7.71
20061105 090000  0.8 198.5  1.78 11.53 224.10  22.60  4  1.74 11.61 222.07  18.07  0.27 13.53 316.82   9.45  0.21 11.11 247.38   4.97  0.11 16.56 316.28   7.13
20061105 120000  1.4 316.3  1.76 11.38 224.08  22.68  3  1.73 11.32 222.36  18.08  0.27 13.49 317.02   9.38  0.12 16.49 317.42   7.15
20061105 150000  3.0 214.6  1.74 11.11 223.85  22.72  3  1.71 11.07 222.11  18.03  0.27 13.46 317.22   9.32  0.12 16.43 317.53   7.09
20061105 180000 10.4 217.1  1.85 10.98 222.80  23.64  4  1.83 10.95 221.33  19.90  0.26 13.43 317.44   9.20  0.12 16.11 316.80   7.44  0.08 17.76 212.16   6.81
20061105 210000  9.6 201.2  2.00 10.94 220.51  25.19  4  1.98 10.91 219.31  22.36  0.25 13.39 317.39   9.32  0.13 15.64 316.64   7.24  0.11 17.55 212.05   6.99
20061106 000000  7.8 194.8  1.91 10.93 219.36  26.39  5  1.59  8.23 216.81  26.59  1.01 10.90 220.96  12.42  0.24 13.33 317.40   9.40  0.15 17.01 212.31   7.24  0.14 15.52 316.08   7.38
20061106 030000 11.3 181.7  1.97 10.89 214.43  28.22  4  1.94 10.87 213.21  25.69  0.23 13.24 317.13   9.38  0.21 16.71 213.05   7.72  0.14 15.53 316.16   7.71
20061106 060000 11.1 162.5  2.04 10.80 209.04  31.84  5  1.78  6.54 204.17  32.29  0.89 10.78 220.28  12.07  0.32 16.46 213.37   8.17  0.22 12.92 316.38   8.84  0.14 15.52 315.92   7.93
20061106 090000 10.2 164.6  2.04  6.98 208.32  31.68  5  1.83  6.98 205.02  32.22  0.73 10.66 217.44   9.78  0.46 15.82 214.06   8.41  0.19 12.73 315.88   9.14  0.15 15.41 316.60   7.62
20061106 120000  9.8 166.4  2.04 15.41 208.12  30.56  5  1.79  7.15 204.13  31.91  0.73 10.47 218.50  10.05  0.64 15.43 214.23   8.65  0.18 12.65 317.28   9.61  0.14 15.26 316.05   7.84
20061106 150000 10.3 193.2  2.06 15.01 210.44  27.18  5  1.76  7.12 207.16  28.84  0.78 15.03 214.92   9.05  0.69 10.44 218.23  10.16  0.16 12.59 317.55   9.52  0.14 14.74 316.06   7.56
20061106 180000 12.9 203.6  2.49 14.49 213.06  24.13  4  2.29  6.87 212.06  24.63  0.96 14.48 215.82   9.38  0.15 12.58 317.61   9.15  0.13 14.55 315.87   7.77
20061106 210000 14.6 199.3  3.20  7.79 214.69  24.35  3  3.19  7.79 214.45  23.75  0.14 14.48 316.23   7.84  0.14 12.55 316.95   9.10
20061107 000000 10.8 189.5  3.49  8.79 214.72  25.00  4  3.33  8.79 214.39  25.45  1.03 13.95 215.71  10.57  0.15 14.46 315.63   8.11  0.13 12.52 316.97   9.04
20061107 030000 10.8 182.8  3.43  9.41 215.28  24.30  3  3.28  9.41 215.15  24.69  1.00 13.82 214.42  10.35  0.20 14.44 315.78   8.76
20061107 060000  8.3 179.1  3.30  9.84 217.22  22.96  4  3.13  9.84 217.46  23.29  0.82 13.81 214.94  10.27  0.57 15.74 208.91  10.55  0.19 14.41 315.63   8.70
20061107 090000  6.2 171.7  3.21 10.48 219.10  21.22  3  3.03 10.47 219.93  21.50  1.06 13.84 211.11   9.80  0.17 14.32 315.59   8.79
20061107 120000  6.3 188.9  3.14 10.67 219.78  19.89  3  2.90 10.66 221.26  20.28  1.19 14.11 210.24   8.51  0.16 13.84 315.72   8.79
20061107 150000  6.9 223.2  3.06 11.05 219.81  18.95  3  2.74 10.87 221.73  19.57  1.35 13.90 211.49   9.27  0.16 13.56 315.74   8.82
20061107 180000  8.9 219.0  3.07 12.54 219.44  18.62  3  2.37 10.22 220.84  20.28  1.95 12.52 217.05  14.03  0.16 13.53 315.76   8.71
20061107 210000  9.4 199.2  3.12 12.92 218.49  18.78  2  3.12 12.83 218.33  18.27  0.16 13.53 315.41   8.70
20061108 000000  7.4 197.5  3.15 13.77 218.00  18.71  2  3.14 13.92 217.83  18.17  0.17 13.52 314.75   9.06
20061108 030000  7.4 191.5  3.12 13.68 217.93  18.28  2  3.11 13.71 217.75  17.72  0.17 13.51 313.86   9.56
20061108 060000  8.0 193.9  3.02 13.62 217.78  17.89  2  3.02 13.64 217.60  17.32  0.16 13.48 313.24   9.76
20061108 090000  5.1 177.6  2.88 13.54 217.96  17.50  2  2.88 13.54 217.80  16.94  0.15 13.41 312.98  10.06
20061108 120000  6.6 186.9  2.75 13.44 218.27  17.14  2  2.75 13.44 218.11  16.59  0.14 13.15 313.10  10.14
20061108 150000  7.3 210.6  2.67 13.40 218.51  17.04  2  2.66 13.41 218.35  16.48  0.14 12.78 313.81   9.41
20061108 180000  9.5 219.2  2.67 13.40 218.88  17.57  2  2.66 13.41 218.70  16.99  0.15 12.71 313.13   9.75
20061108 210000  9.2 196.4  2.65 13.35 218.28  18.93  3  2.65 13.36 218.08  18.30  0.12 12.63 317.42   7.21  0.10 14.56 303.29   9.18
20061109 000000  8.5 188.2  2.51 13.25 217.69  19.39  2  2.51 13.26 217.44  18.66  0.16 12.69 311.28  10.77
20061109 030000  8.8 187.7  2.40 13.17 216.67  19.80  2  2.40 13.18 216.41  19.04  0.16 12.68 311.01  10.88
20061109 060000  6.7 176.4  2.27 13.10 216.70  19.74  3  2.26 13.13 216.43  18.97  0.12 12.60 316.38   7.89  0.09 14.45 301.89   9.25
20061109 090000  5.4 148.0  2.15 13.07 216.90  19.16  2  2.14 13.10 216.63  18.36  0.14 12.68 310.65  11.01
20061109 120000  3.7 166.0  2.06 13.09 217.28  18.15  2  2.06 13.09 216.99  17.25  0.14 12.88 310.09  11.03
20061109 150000  4.6 217.1  2.01 13.06 217.86  16.92  2  2.01 13.04 217.54  15.84  0.15 13.45 309.44  11.03
20061109 180000  8.3 223.3  2.05 15.11 218.72  16.90  2  2.04 15.12 218.40  15.83  0.15 13.48 309.04  11.02
20061109 210000  6.5 210.2  2.07 15.06 218.97  17.49  2  2.07 15.06 218.65  16.49  0.15 13.46 308.94  11.06
20061110 000000  4.7 182.9  2.05 14.76 218.99  17.51  4  1.52 14.77 217.32   8.46  1.35  8.55 220.20  22.72  0.15 13.42 309.12  11.10  0.14 19.31 249.03   8.74
20061110 030000  3.8 180.4  1.99 14.53 219.54  17.15  4  1.52 14.53 218.43   8.95  1.26  8.26 219.73  22.50  0.19 19.02 249.72   8.40  0.15 13.30 309.44  11.09
20061110 060000  4.5 179.1  1.94 14.36 220.56  16.94  4  1.55 14.36 219.97  10.01  1.13  7.98 219.01  22.31  0.27 18.10 250.81   8.20  0.15 12.60 309.13  11.44
20061110 090000  3.8 137.5  1.89 14.17 221.94  17.30  5  1.55 14.17 221.22  10.88  1.00  7.73 218.46  22.83  0.37 17.78 250.59   7.62  0.15 12.59 309.14  10.95  0.06 21.78 221.07   7.31
20061110 120000  1.1  89.1  1.84 13.71 224.03  17.58  4  1.54 13.71 222.65  11.69  0.89  7.48 219.07  22.37  0.45 17.09 251.93   6.49  0.15 12.61 308.66  10.90
20061110 150000  3.9 269.8  1.81 13.47 226.84  18.49  5  1.67 13.55 222.41  15.25  0.58 16.66 250.96   7.46  0.34 12.72 249.28   4.95  0.14 12.61 308.44  11.53  0.07 14.72 308.43   8.85
20061110 180000  2.7 262.7  1.77 13.30 228.98  18.63  6  1.42 13.44 222.52  11.07  0.68  7.08 222.88  24.48  0.65 16.33 252.08   6.51  0.47 12.48 249.26   4.96  0.14 12.61 308.68  11.87  0.07 14.62 307.92   8.68
20061110 210000  1.5 263.6  1.74 13.08 231.02  18.72  6  1.30 13.33 221.55  10.40  0.76 15.64 251.12   7.44  0.61 12.29 248.08   6.38  0.60  6.80 221.95  23.34  0.14 12.58 309.41  11.86  0.06 14.56 307.76   9.16
20061111 000000  1.1 218.9  1.73 15.35 232.68  18.70  6  1.21 13.20 220.75   9.17  0.80 15.40 252.17   6.60  0.77 11.89 244.54  11.88  0.53  6.55 221.29  22.82  0.14 12.51 310.39  12.01  0.05 14.54 306.94   8.55
20061111 030000  2.2 166.4  1.73 14.98 233.89  18.63  5  1.30 12.78 223.75  14.16  0.87 14.93 252.00   6.59  0.52 16.66 222.75   8.55  0.52 11.65 252.07   6.24  0.15 12.17 310.59  11.84
20061111 060000  1.7 162.8  1.75 14.53 234.34  18.65  6  1.07 12.76 222.15  11.09  0.87 14.50 252.19   6.62  0.70 11.39 247.99  11.22  0.69 15.85 222.77   9.85  0.43  6.23 220.55  20.63  0.15 11.89 310.63  12.00
20061111 090000  0.8 355.6  1.77 14.39 234.25  18.72  5  0.98 12.62 221.31  10.29  0.97 14.15 251.11   7.45  0.85 15.50 222.60   9.59  0.70 10.88 241.64  20.18  0.17 11.83 310.40  12.03
20061111 120000  0.3 278.9  1.77 14.27 233.80  18.78  5  1.36 14.75 222.44  10.29  0.81 13.99 253.16   6.56  0.76 11.05 245.66  17.17  0.15 11.79 311.63  12.96  0.09 13.62 307.40   9.27
20061111 150000  3.8 272.7  1.74 13.94 233.10  18.78  5  1.41 14.44 223.36  10.97  0.71 13.56 254.81   6.37  0.71 10.79 247.52  16.71  0.14 11.74 312.61  13.38  0.10 13.56 306.51   8.97
20061111 180000  5.6 246.8  1.72 13.61 232.97  19.36  4  1.38 14.14 222.56  10.29  1.01 13.48 251.64  14.78  0.14 11.70 313.09  13.64  0.09 13.55 306.67   8.59
20061111 210000  1.4 251.6  1.66 13.48 232.45  19.52  3  1.36 13.57 222.77  10.39  0.93 13.43 252.27  15.90  0.16 11.69 312.07  12.95
20061112 000000  2.4  44.7  1.58 13.32 232.41  19.59  3  1.36 13.31 223.57  12.96  0.80 13.34 256.14   7.20  0.15 11.67 312.53  13.01
20061112 030000  1.5 284.6  1.52 12.92 232.96  19.87  3  1.28 13.39 223.18  12.37  0.80 12.65 256.03   7.49  0.16 12.47 312.34  12.91
20061112 060000  2.6 238.7  1.47 12.71 234.11  20.26  3  1.23 13.24 223.67  12.35  0.79 12.57 256.66   7.46  0.17 12.58 312.10  12.76
20061112 090000  1.3 195.5  1.43 12.60 235.78  20.65  5  1.13 13.16 222.80  10.06  0.85 12.39 256.84   9.52  0.12 12.64 308.05   8.22  0.09 11.06 307.43   9.38  0.08 10.24 330.73   5.51
20061112 120000  2.9 114.7  1.38 12.48 237.69  20.98  5  1.08 13.26 223.80  10.48  0.85 12.40 258.01   9.65  0.12 12.64 308.05   8.44  0.09 11.03 308.26   8.51  0.08 10.18 330.69   5.55
20061112 150000  3.9 227.5  1.35 12.11 239.48  21.11  4  1.00 13.43 223.52   9.70  0.89 11.69 257.87  10.18  0.12 10.95 318.16  12.85  0.10 12.67 307.16   8.80
20061112 180000  6.0 224.9  1.39 11.85 240.46  21.43  6  0.36  2.59 236.88  32.84  0.97 13.19 224.57   9.76  0.91 11.52 257.29   9.75  0.13 12.45 306.30   8.93  0.08  9.76 330.66   5.66  0.05 14.57 308.94  11.47
20061112 210000  6.9 205.4  1.49 11.71 240.35  22.21  6  0.48  3.03 223.98  33.82  1.05 10.59 254.27  12.92  0.92 13.24 224.68   8.66  0.13 11.67 307.17   8.84  0.08  9.61 329.92   7.03  0.05 14.57 306.64  12.60
20061113 000000  6.4 175.8  1.61 11.54 239.83  24.72  6  0.55  3.40 203.14  34.49  1.14 10.26 255.00  13.69  0.94 12.71 226.21   9.27  0.27 17.98 233.59   8.72  0.14 11.78 305.31   9.82  0.07  9.57 329.82   6.85
20061113 030000  7.7 187.0  1.73 11.74 239.75  26.48  5  0.63  3.50 196.20  32.06  1.26  9.90 255.74  14.20  0.93 12.75 225.82   8.68  0.34 17.86 233.59   8.95  0.17 11.83 310.55  12.77
20061113 060000  8.2 186.2  1.92 11.95 239.34  27.21  4  0.73  3.75 193.34  32.24  1.70 11.97 245.93  18.65  0.48 17.44 234.04   9.06  0.17 11.83 310.74  11.86
20061113 090000  5.9 178.5  2.18 11.89 241.11  24.03  5  2.09 11.90 241.13  24.22  0.57 17.09 236.16  10.43  0.14 11.81 306.38  10.01  0.08 13.57 308.01  10.87  0.06  9.05 332.47   4.35
20061113 120000  4.7 209.0  2.42 11.91 243.16  20.23  4  2.27 11.92 243.62  20.54  0.83 16.69 237.92  12.36  0.14 11.78 310.87  11.04  0.08 13.60 312.53   6.52
20061113 150000  6.0 212.8  2.67 12.02 244.20  18.23  3  2.36 12.02 245.82  19.25  1.25 16.01 238.44  11.93  0.08 13.62 312.74   6.67
20061113 180000  6.9 223.0  2.97 15.30 244.28  17.29  2  2.19 15.30 241.71  14.03  2.00 11.58 247.45  20.11
20061113 210000  6.3 207.1  3.17 15.10 243.84  16.83  1  3.17 15.10 243.84  16.83
20061114 000000  2.8 166.8  3.19 14.63 243.32  16.48  1  3.19 14.63 243.32  16.48
20061114 030000  4.9 164.1  3.07 14.31 242.57  16.49  1  3.07 14.31 242.57  16.49
20061114 060000  6.8 181.6  2.92 14.03 241.11  17.85  2  2.92 14.03 240.99  17.62  0.13 12.74 310.78   6.37
20061114 090000  8.9 182.6  2.83 13.61 238.81  20.24  3  0.69  3.50 194.39  32.51  2.74 13.61 240.91  15.95  0.13 12.71 309.63   7.55
20061114 120000  8.9 180.0  2.83 13.38 236.52  22.49  3  0.94  4.14 199.41  35.67  2.67 13.38 239.99  16.07  0.12 12.72 311.39   6.25
20061114 150000  9.5 202.8  2.91 13.12 236.08  21.70  2  1.01  4.45 205.25  31.80  2.73 13.12 239.64  16.65
20061114 180000 11.6 208.8  3.07 12.81 235.28  21.73  2  1.39  5.24 217.98  29.62  2.74 12.81 239.24  16.95
20061114 210000 11.7 202.5  3.19 12.60 233.33  23.36  2  3.19 12.60 233.30  23.30  0.07 18.99 315.20   7.47
20061115 000000  8.9 187.4  3.14 12.36 231.70  24.62  3  3.13 12.36 231.59  24.45  0.10 11.96 312.16   6.01  0.09 18.31 312.28   9.11
20061115 030000 11.1 192.5  3.06 12.02 230.06  25.21  3  3.05 12.02 229.92  25.00  0.11 11.94 309.48   7.84  0.09 18.05 312.37   9.02
20061115 060000 11.6 187.7  3.01 11.78 227.36  26.45  3  3.01 11.78 227.22  26.22  0.11 11.92 309.54   7.89  0.10 17.97 313.18   8.95
20061115 090000  9.8 184.7  2.88 11.49 226.37  26.67  3  2.88 11.48 226.21  26.42  0.10 11.90 309.34   7.95  0.10 17.90 314.12   8.78
20061115 120000  7.5 188.5  2.65 11.20 227.16  25.98  3  2.65 11.20 226.97  25.68  0.11 17.72 312.88   9.88  0.09 11.84 309.11   7.88
20061115 150000  8.3 210.8  2.43 11.11 228.69  24.47  3  2.42 11.10 228.45  24.06  0.12 17.31 311.60  10.05  0.09 11.75 309.28   7.67
20061115 180000 10.9 215.8  2.39 11.25 228.49  23.56  3  2.38 11.23 228.22  23.07  0.13 16.92 311.25  10.01  0.09 11.63 309.03   8.26
20061115 210000 10.7 202.6  2.43 12.04 226.55  24.65  4  1.84  6.35 221.81  29.06  1.59 12.05 231.65  13.62  0.14 16.83 311.80  10.05  0.09 11.51 309.40   8.11
20061116 000000  6.6 192.5  2.33 12.10 225.67  25.18  4  1.67  6.57 220.14  30.84  1.61 12.11 230.36  13.78  0.13 16.78 312.95   9.78  0.08 11.41 309.87   8.15
20061116 030000  7.8 194.3  2.22 12.00 225.81  23.66  3  2.22 12.00 225.50  23.04  0.14 16.68 313.24   9.54  0.08 11.34 310.21   8.13
20061116 060000  9.2 199.1  2.27 11.85 224.04  22.65  5  1.26  6.28 215.19  31.53  1.81 11.85 227.09  14.86  0.50 15.18 226.49   9.89  0.15 16.42 312.02   9.89  0.08 11.28 309.72   7.93
20061116 090000  6.2 189.6  2.33 11.77 223.77  21.32  2  2.32 11.77 223.47  20.63  0.16 15.91 310.78  10.28
20061116 120000  4.5 183.2  2.38 11.84 223.55  19.69  2  2.37 11.84 223.25  18.93  0.17 15.76 310.44  10.59
20061116 150000  7.8 221.5  2.50 13.71 222.33  18.62  2  2.50 13.72 222.06  17.87  0.17 15.72 310.97  10.74
20061116 180000  9.9 213.0  2.73 13.99 220.68  18.71  2  2.72 13.98 220.48  18.11  0.16 15.69 311.90  10.64
20061116 210000  9.9 210.5  2.87 14.03 219.54  19.27  2  2.87 14.01 219.36  18.76  0.16 15.59 312.31  10.31
20061117 000000  7.8 197.3  2.91 13.86 218.65  19.85  2  2.90 13.82 218.45  19.30  0.17 15.28 311.14  10.10
20061117 030000  7.6 196.8  2.84 13.67 218.50  19.88  2  2.84 13.64 218.26  19.24  0.18 14.77 309.52  10.62
20061117 060000  7.9 198.1  2.73 13.54 218.51  19.70  2  2.72 13.52 218.25  18.98  0.18 14.69 308.80  11.21
20061117 090000  8.1 194.4  2.63 13.43 218.35  19.69  2  2.62 13.42 218.08  18.95  0.18 14.67 308.83  11.59
20061117 120000  6.5 190.0  2.52 13.32 218.45  19.72  2  2.52 13.31 218.19  19.01  0.17 14.66 309.48  11.80
20061117 150000  7.8 214.9  2.44 13.14 219.09  19.47  2  2.44 13.14 218.86  18.83  0.15 14.62 310.15  11.81
20061117 180000  9.0 230.1  2.41 12.86 220.25  19.83  3  2.40 12.85 220.02  19.21  0.15 14.43 310.01  11.29  0.05 20.51 222.64   7.39
20061117 210000  7.7 218.8  2.31 12.72 220.85  20.47  3  2.31 12.70 220.57  19.78  0.16 13.88 308.97  11.06  0.06 20.44 222.38   7.44
20061118 000000  5.6 192.0  2.20 12.60 221.04  20.99  2  2.19 12.59 220.69  20.19  0.17 13.73 307.95  11.19
20061118 030000  3.8 173.9  2.11 12.48 222.09  21.25  3  2.10 12.47 221.72  20.46  0.16 13.70 307.24  11.68  0.11 19.21 222.48   7.37
20061118 060000  4.0 175.0  2.06 12.33 223.07  21.29  4  1.49  8.64 227.69  24.33  1.41 12.32 217.56  13.58  0.16 13.69 306.74  12.30  0.12 19.10 222.09   7.41
20061118 090000  4.2 180.0  2.04 12.05 223.42  20.98  5  1.48  8.76 227.11  24.18  1.38 12.05 218.54  13.74  0.19 15.55 237.18   5.86  0.18 18.67 224.63   7.80  0.14 13.68 306.55  12.90
20061118 120000  5.2 164.3  2.06 11.80 222.76  20.80  3  2.05 11.79 222.51  20.30  0.18 17.98 222.31   7.45  0.13 13.64 306.94  13.06
20061118 150000  8.4 201.0  2.14 11.56 221.48  20.44  3  2.12 11.56 221.25  20.01  0.21 17.86 222.24   7.36  0.13 13.50 305.71  14.88
20061118 180000 12.8 201.8  2.50 11.18 217.82  22.64  3  2.49 11.18 217.63  22.36  0.20 17.85 222.67   7.49  0.13 13.23 307.26  12.65
20061118 210000 15.0 201.2  3.14  7.44 214.60  24.55  3  3.13  7.44 214.45  24.43  0.25 16.95 222.24   7.32  0.12 12.93 306.83  12.74
20061119 000000 11.3 189.5  3.33  8.51 213.89  26.04  3  3.31  8.51 213.74  25.96  0.28 16.72 222.26   7.33  0.12 12.86 305.93  13.48
20061119 030000 12.4 181.2  3.13  8.77 213.74  26.29  3  3.11  8.77 213.57  26.20  0.27 16.68 222.95   6.96  0.11 12.84 305.96  12.13
20061119 060000  9.6 178.1  2.86  8.92 215.39  25.92  3  2.85  8.92 215.29  25.98  0.28 16.56 222.96   7.26  0.05 17.81 316.69   8.72
20061119 090000  8.4 173.6  2.73  9.51 217.92  24.28  3  2.72  9.51 217.83  24.36  0.31 15.74 222.26   7.55  0.06 17.79 317.33   7.63
20061119 120000  6.6 184.2  2.66  9.86 220.15  22.37  3  2.64  9.86 220.09  22.42  0.30 15.62 221.97   6.58  0.06 17.71 317.09   7.89
20061119 150000  7.1 214.3  2.55  9.85 221.68  20.85  3  2.53  9.85 221.59  20.77  0.30 15.58 222.56   7.92  0.09 17.33 317.25   7.69
20061119 180000  9.7 225.1  2.48  9.79 222.85  20.42  3  2.46  9.79 222.73  20.23  0.28 15.60 223.14   8.63  0.10 16.78 316.80   8.68
20061119 210000  7.5 202.3  2.42  9.63 222.80  21.31  4  2.39  9.63 222.59  21.09  0.35 14.86 224.51   8.88  0.10 16.70 316.29   9.10  0.08 12.49 311.03  10.34
20061120 000000  5.1 220.2  2.32  9.30 222.97  21.77  4  2.29  9.30 222.66  21.49  0.36 14.83 226.97  10.73  0.10 16.67 316.51   8.97  0.08 12.47 308.61  12.72
20061120 030000  6.3 208.6  2.26  9.13 223.56  21.78  4  2.21  9.13 223.07  21.53  0.45 14.79 229.69  11.00  0.11 16.63 316.76   8.56  0.08 12.44 308.74  12.94
20061120 060000  5.8 208.2  2.24  9.15 223.76  21.64  4  2.18  9.15 223.11  21.42  0.53 14.70 229.71  10.46  0.12 16.47 317.01   8.15  0.06 12.65 317.38   7.00
20061120 090000  3.8 188.1  2.30  9.25 223.96  21.11  4  2.19  9.25 223.03  20.96  0.69 14.44 229.73  10.99  0.14 15.88 316.39   9.50  0.07 12.33 312.70  10.44
20061120 120000  4.0 237.8  2.37  9.35 224.09  20.60  4  2.20  9.35 222.93  20.67  0.69 13.85 232.71  10.59  0.49 15.71 222.68   7.83  0.17 15.72 316.53   9.24
20061120 150000  5.0 218.9  2.36  9.32 224.45  20.29  5  2.08  9.32 222.64  20.91  0.86 13.19 233.19  10.68  0.67 14.90 222.92   8.24  0.16 15.70 316.98   8.29  0.07 11.90 311.21  12.39
20061120 180000  8.3 203.3  2.31 12.92 224.43  20.68  5  1.93  9.09 221.90  22.04  1.07 12.92 231.62  11.31  0.65 14.70 221.86   8.43  0.16 15.72 316.78   8.58  0.07 11.87 313.31  10.66
20061120 210000 10.2 200.4  2.36 12.76 223.00  21.82  4  1.94  8.66 219.72  23.59  1.34 12.76 228.31  11.65  0.17 15.75 316.59   8.84  0.07 11.85 314.60   9.82
20061121 000000  8.5 184.3  2.45 12.45 221.62  23.45  4  2.01  8.09 217.20  25.14  1.38 12.46 229.11  12.00  0.19 15.60 316.72   8.57  0.07 11.85 314.96   9.55
20061121 030000 10.0 189.8  2.47 12.04 220.92  24.33  4  2.04  7.81 216.44  26.00  1.37 12.04 228.57  12.16  0.20 14.98 316.80   8.40  0.07 11.86 315.23   9.31
20061121 060000 10.6 182.2  2.49 11.87 219.56  25.48  4  2.05  7.73 213.93  27.21  1.40 11.87 229.07  11.85  0.21 14.94 316.84   8.38  0.07 11.87 315.40   9.14
20061121 090000  8.5 174.7  2.49 11.87 220.87  25.01  3  1.97  7.69 214.88  27.59  1.50 11.87 228.98  11.30  0.22 15.11 316.92   8.32
20061121 120000  8.7 180.4  2.53 13.52 222.92  23.32  3  1.83  7.74 216.70  27.65  1.73 13.50 228.17  11.13  0.23 15.26 316.84   8.39
20061121 150000  9.7 205.1  2.66 12.92 224.35  20.99  3  1.69  7.79 217.19  26.32  2.04 12.91 228.12  11.74  0.23 15.29 316.87   8.35
20061121 180000 10.9 211.3  2.85 12.43 224.97  20.45  3  1.82  7.51 218.81  25.41  2.18 12.43 228.26  12.17  0.24 15.25 316.89   8.30
20061121 210000  9.9 203.3  2.90 11.96 225.51  21.38  3  2.86 11.96 225.26  20.46  0.45 15.66 217.77   8.62  0.25 15.17 316.90   8.26
20061122 000000  8.1 196.6  2.84 11.73 225.58  22.31  3  2.78 11.73 225.33  21.36  0.47 15.54 217.33   8.90  0.25 14.98 317.09   7.95
20061122 030000  7.9 195.8  2.73 11.49 225.97  22.42  3  2.67 11.49 225.70  21.44  0.54 15.22 218.85   8.52  0.26 14.60 317.11   7.95
20061122 060000  6.5 176.0  2.61 11.19 226.63  22.32  3  2.53 11.19 226.41  21.29  0.58 14.63 219.16   8.08  0.26 14.52 317.38   7.50
20061122 090000  3.7 166.9  2.48 10.99 227.62  21.70  3  2.40 10.99 227.33  20.42  0.56 14.55 219.84   8.00  0.26 14.47 317.38   7.54
20061122 120000  3.5 194.9  2.38 10.74 228.35  21.24  3  2.28 10.74 228.03  19.84  0.63 14.36 221.83   8.03  0.27 14.43 317.42   7.47
20061122 150000  4.9 235.6  2.29 10.34 228.64  21.05  3  2.18 10.34 228.36  19.47  0.66 13.78 221.73   8.63  0.27 14.41 317.39   7.46
20061122 180000  9.4 217.9  2.27 10.16 228.24  21.71  4  2.15 10.16 227.91  20.23  0.66 13.60 221.60   7.93  0.28 14.40 317.30   7.62  0.21 16.88 225.61   8.43
20061122 210000  9.9 200.9  2.32  9.80 225.82  23.54  4  2.20  9.80 225.12  22.31  0.62 13.55 221.87   7.61  0.28 14.35 317.34   7.53  0.27 16.58 227.24   7.45
20061123 000000  5.9 198.0  2.28  9.61 224.94  24.71  4  2.12  9.61 224.20  23.92  0.65 13.19 222.04   7.85  0.46 15.60 223.07   8.55  0.29 13.86 317.32   7.53
20061123 030000  6.6 197.5  2.16  9.43 225.67  24.66  5  1.96  9.43 224.86  23.94  0.68 12.85 223.33   7.81  0.50 15.58 222.41   9.28  0.26 13.72 316.79   7.82  0.13 15.51 319.80   5.22
20061123 060000  7.5 196.7  2.05 14.71 225.40  24.75  4  1.82  9.02 224.51  24.11  0.64 14.92 223.30   8.71  0.62 12.86 221.86   7.41  0.29 13.69 317.43   7.47
20061123 090000  7.5 181.1  1.99 14.47 223.96  25.42  3  1.71  8.93 222.58  25.45  0.99 14.51 222.59   8.56  0.30 13.73 317.35   7.71
20061123 120000  6.2 189.5  1.91 14.27 224.44  24.88  3  1.56  8.85 223.04  25.35  1.06 14.29 222.78   8.63  0.30 13.89 317.31   7.70
20061123 150000  6.8 210.7  1.87 14.00 224.95  23.82  3  1.45  8.45 223.69  24.72  1.14 13.98 223.05   8.80  0.29 14.13 317.17   7.89
20061123 180000  9.4 210.8  1.95 13.71 224.38  23.11  3  1.49  8.25 222.51  24.46  1.23 13.69 223.71   9.03  0.29 14.19 316.95   8.21
20061123 210000 10.0 201.0  2.13 13.49 222.28  23.83  3  1.63  6.52 218.36  25.62  1.34 13.47 224.94  10.39  0.29 14.18 316.96   8.18
20061124 000000  8.8 192.8  2.26 13.30 221.30  24.55  3  1.74  6.59 216.86  26.93  1.41 13.28 225.09   9.91  0.29 14.08 317.02   8.04
20061124 030000  9.1 192.9  2.34 13.23 221.65  24.26  3  1.77  6.82 216.60  27.04  1.50 13.21 225.91  10.29  0.28 13.70 317.11   7.88
20061124 060000  9.1 193.7  2.40 13.23 222.96  23.35  3  1.71  6.98 217.07  27.09  1.67 13.22 226.92  10.89  0.28 13.55 317.21   7.67
20061124 090000  7.0 173.3  2.51 13.04 224.25  22.63  3  1.81 12.99 228.07  11.50  1.72  7.33 218.00  26.86  0.27 13.48 317.10   7.84
20061124 120000  6.3 176.5  2.56 12.71 226.47  21.30  2  2.55 12.68 225.82  19.66  0.26 13.44 316.99   7.98
20061124 150000  8.4 218.2  2.61 12.55 227.93  20.26  2  2.59 12.53 227.33  18.70  0.26 13.39 317.04   7.85
20061124 180000 11.1 213.4  2.77 12.46 227.19  20.76  2  2.76 12.45 226.67  19.46  0.26 13.33 316.91   8.04
20061124 210000 11.3 200.4  2.99 12.38 224.88  22.71  2  2.98 12.36 224.44  21.68  0.25 13.23 316.51   8.87
20061125 000000  8.3 195.8  3.08 12.06 223.55  23.73  4  2.52  8.82 220.15  25.45  1.76 12.01 228.83  14.53  0.24 12.98 316.59   8.82  0.06 16.64 317.04   7.44
20061125 030000  9.1 194.6  3.05 11.62 223.36  23.38  4  2.37  8.86 219.43  25.79  1.90 11.60 228.07  14.49  0.24 12.82 317.23   7.88  0.07 16.62 317.14   7.44
20061125 060000  8.5 194.0  2.96 11.06 222.91  22.95  4  2.95 11.04 222.51  22.00  0.23 12.73 317.39   7.80  0.05 19.15 315.93   7.83  0.05 16.60 318.05   7.04
20061125 090000  6.6 176.8  2.82 10.84 222.84  22.31  4  2.81 10.83 222.43  21.30  0.22 12.67 317.46   7.86  0.06 19.08 315.91   7.83  0.05 16.53 318.10   7.05
20061125 120000  6.6 191.5  2.72 10.46 223.01  21.46  4  2.71 10.44 222.58  20.35  0.21 12.63 317.46   8.01  0.07 18.93 316.52   7.72  0.06 15.79 317.71   7.24
20061125 150000  9.7 209.3  2.73 10.27 222.52  21.00  4  2.72 10.26 222.10  19.85  0.20 12.59 317.28   8.25  0.08 18.68 317.01   8.03  0.07 15.54 317.76   6.52
20061125 180000 12.4 209.2  2.95 10.00 221.31  21.46  4  2.94 10.00 220.95  20.48  0.20 12.56 316.90   8.58  0.09 18.09 316.21   8.01  0.07 15.55 319.26   7.04
20061125 210000 12.3 203.3  3.28  9.44 220.02  22.98  4  3.28  9.43 219.72  22.25  0.19 12.51 316.76   8.56  0.10 17.87 316.74   8.03  0.07 15.52 319.52   7.71
20061126 000000  8.4 198.0  3.25  9.29 220.10  24.12  3  3.24  9.29 219.79  23.41  0.19 12.37 316.76   8.54  0.13 17.76 317.94   8.31
20061126 030000  7.8 189.2  2.92  9.22 221.67  23.86  3  2.91  9.22 221.27  22.94  0.19 12.10 316.98   8.40  0.14 17.64 318.59   8.55
20061126 060000  8.4 193.6  2.66  9.16 222.55  23.19  5  2.47  9.16 222.13  23.26  0.88 12.78 220.91   9.14  0.40 16.93 223.61   8.84  0.18 17.37 318.21   9.10  0.16 11.96 317.97   7.74
20061126 090000  7.0 193.1  2.56  9.20 222.88  22.39  5  2.30  9.20 222.59  22.51  0.98 12.12 220.19  10.65  0.47 16.86 224.69   9.13  0.20 16.72 319.31   8.89  0.16 11.89 317.70   8.05
20061126 120000  6.0 178.0  2.55  9.48 223.02  21.43  6  2.11  9.37 222.05  22.42  1.26 11.69 223.12  12.20  0.63 15.95 223.15   8.99  0.18 16.63 320.28   9.41  0.15 11.85 318.00   8.48  0.09 14.51 317.96   7.68
20061126 150000  7.0 210.9  2.60 10.03 223.04  20.54  5  2.49 10.00 222.33  19.27  0.70 15.84 223.54   8.89  0.19 16.62 317.30   8.05  0.14 11.82 317.46   8.19  0.11 14.53 330.79   4.94
20061126 180000 11.7 215.5  2.82 10.75 222.68  20.60  4  2.69 10.72 221.88  19.59  0.81 15.67 224.76   8.54  0.23 16.47 321.45   9.55  0.14 11.81 317.37   8.63
20061126 210000 11.1 200.9  3.04 10.86 221.18  21.88  4  2.89 10.83 220.29  21.12  0.90 15.23 224.09   8.56  0.25 16.25 321.57   9.58  0.13 11.84 317.95   9.31
20061127 000000  9.8 194.9  3.08 10.84 220.51  22.56  3  2.90 10.81 219.58  21.85  0.99 14.83 222.74   9.33  0.30 15.64 321.02   9.72
20061127 030000  9.8 191.8  3.03 10.66 220.52  22.69  3  2.88 10.63 219.28  21.56  0.86 15.53 226.07   8.06  0.31 15.49 321.32   9.75
20061127 060000  9.5 189.1  2.98 10.51 220.59  22.58  3  2.76 10.49 219.19  21.75  1.06 14.35 224.52   8.44  0.32 15.45 321.70   9.87
20061127 090000  8.4 186.6  2.91 10.42 221.24  22.18  3  2.71 10.40 219.79  21.11  1.00 14.60 225.68   8.17  0.32 15.41 322.12  10.06
20061127 120000  7.4 191.0  2.84 10.38 222.27  21.53  3  2.61 10.37 221.11  20.52  1.09 13.92 223.85   8.97  0.32 15.33 322.54  10.04
20061127 150000  9.0 218.4  2.86 10.40 223.41  20.75  2  2.84 10.39 222.66  18.40  0.32 15.12 322.76   9.99
20061127 180000 11.6 210.1  3.07 10.46 223.42  20.84  2  3.05 10.45 222.76  18.77  0.33 14.66 322.81   9.95
20061127 210000 11.8 205.9  3.32 10.40 222.15  21.80  2  3.30 10.39 221.58  20.09  0.33 14.53 322.89   9.91
20061128 000000  9.4 198.4  3.50 10.23 221.31  22.57  2  3.49 10.23 220.80  21.12  0.32 14.46 323.04   9.97
20061128 030000  9.9 196.1  3.54 10.25 221.01  22.67  2  3.53 10.25 220.54  21.32  0.32 14.41 323.26  10.06
20061128 060000  7.2 186.1  3.43 10.30 221.31  22.26  2  3.42 10.29 220.84  20.88  0.31 14.35 323.49  10.19
20061128 090000  6.0 157.1  3.25 10.32 221.52  21.66  3  3.06 10.31 220.74  21.12  1.06 14.51 223.29   8.09  0.30 14.25 323.52  10.39
20061128 120000  8.1 173.0  3.05 10.18 221.28  21.58  4  2.76 10.17 220.16  21.47  0.99 13.82 223.53   8.35  0.76 16.56 223.12   8.40  0.29 14.06 323.43  10.52
20061128 150000  8.4 191.7  2.82  9.73 220.91  21.48  4  2.47  9.72 219.40  21.66  0.95 16.05 222.94   8.53  0.94 13.34 223.53   9.21  0.28 13.72 323.25  10.58
20061128 180000 12.8 216.7  2.89  9.15 220.57  21.54  3  2.71  9.14 219.59  20.75  0.94 15.96 223.47   8.93  0.28 13.64 322.89  10.88
20061128 210000 12.5 201.9  3.08  8.20 219.54  22.62  3  2.67  8.20 217.62  23.83  1.53 13.77 223.23   9.22  0.27 13.57 322.79  10.83
20061129 000000 10.7 189.4  3.06  8.04 218.39  23.99  3  2.65  8.04 216.10  25.58  1.52 15.15 223.13   8.91  0.26 13.50 322.77  10.83
20061129 030000 10.2 184.5  2.94 15.19 218.21  23.87  4  2.44  8.05 215.27  26.29  1.63 15.22 222.85   9.06  0.19 13.61 315.86   8.71  0.16 11.81 332.01   5.26
20061129 060000  8.0 178.2  2.80 15.17 219.42  22.78  3  2.18  8.07 216.58  26.12  1.74 15.19 222.38   9.63  0.24 13.43 322.59  11.05
20061129 090000  6.1 152.3  2.69 14.87 220.80  21.31  5  1.97  8.27 218.27  25.26  1.82 14.91 222.52   9.85  0.17 13.51 315.59   8.57  0.16 11.68 331.74   5.40  0.06 16.68 307.14   8.50
20061129 120000  6.6 191.7  2.63 14.53 221.78  19.60  4  2.62 14.56 221.29  17.96  0.17 13.47 315.17   8.97  0.16 11.59 331.59   5.47  0.07 16.60 307.84   8.48
20061129 150000  8.0 209.0  2.64 14.35 221.81  18.52  4  1.92  8.97 221.13  21.17  1.79 14.37 221.59   9.87  0.22 13.40 322.70  11.32  0.08 16.52 307.81   9.05
20061129 180000 10.7 214.6  2.76 14.24 221.83  18.44  4  2.04  8.94 221.43  21.20  1.84 14.26 221.42   9.76  0.21 13.36 322.42  11.54  0.08 16.48 307.36   9.10
20061129 210000  9.1 207.5  2.87 14.14 221.50  19.55  4  2.19  8.55 220.94  22.56  1.84 14.15 221.42  10.03  0.20 13.29 322.02  11.78  0.09 16.24 309.68   7.84
20061130 000000  5.7 195.9  2.82 13.78 221.51  20.04  4  2.07  8.37 220.88  23.92  1.89 13.79 221.45  10.04  0.20 13.06 322.16  11.52  0.10 15.71 308.47   8.88
20061130 030000  5.9 205.6  2.69 13.56 221.87  19.56  5  1.92  8.35 221.40  23.52  1.86 13.56 221.55  10.18  0.15 12.79 317.04   9.22  0.12 10.84 331.88   5.00  0.11 15.60 307.94   9.39
20061130 060000  6.4 196.4  2.56 13.46 221.96  19.02  5  1.90 13.46 221.76  10.80  1.70  8.22 221.22  23.56  0.14 12.72 316.39   9.41  0.13 15.53 309.65   9.55  0.11 10.76 331.87   5.01
20061130 090000  3.7 194.0  2.45 13.36 222.26  18.52  3  2.44 13.37 221.80  16.98  0.19 15.53 312.53   9.53  0.11 10.59 332.09   4.91
20061130 120000  3.7 224.3  2.35 13.24 222.63  18.14  3  2.34 13.24 222.11  16.40  0.19 15.55 312.37   9.77  0.11 10.47 332.05   4.93
20061130 150000  4.2 233.6  2.27 13.03 222.89  18.04  2  2.25 13.03 222.28  16.02  0.23 12.78 316.12  12.19
20061130 180000  6.0 230.0  2.18 12.83 223.11  18.22  2  2.17 12.82 222.39  15.87  0.24 14.58 315.08  12.24
20061130 210000  5.1 212.8  2.10 12.69 223.07  18.79  2  2.09 12.69 222.21  16.09  0.25 14.62 314.22  12.40
20061201 000000  5.1 201.2  2.02 12.60 222.84  19.17  2  2.00 12.60 221.84  16.03  0.26 14.77 314.16  12.04
