Date     Time   Uabs UDir  hs    tp    th     sp     np hs(i) tp(i) th(i)  sp(i)
20050201 000000 11.0 197.2  3.04  8.93 219.26  25.18  4  3.01  8.93 218.25  23.68  0.32 16.67 293.35  12.85  0.21 13.47 296.51  11.57  0.08 23.36 297.01  10.68
20050201 030000 10.8 190.2  3.06  9.11 219.30  26.18  4  3.03  9.11 218.27  24.73  0.34 16.62 292.68  12.70  0.19 13.42 299.94  10.58  0.08 23.29 297.35  10.88
20050201 060000  8.2 169.7  2.94  9.43 220.81  26.20  4  2.92  9.43 219.73  24.70  0.34 16.59 292.72  13.03  0.17 14.37 304.31   8.32  0.10 23.09 297.47  11.06
20050201 090000  5.0 146.7  2.84  9.98 223.51  24.57  4  2.81  9.98 222.38  22.92  0.36 16.56 294.19  13.94  0.12 22.33 296.86  11.32  0.10 12.59 303.47   8.99
20050201 120000  3.9 188.0  2.81 10.31 224.40  22.56  3  2.78 10.31 223.29  20.74  0.36 16.50 295.04  14.01  0.14 21.97 296.63  11.56
20050201 150000  4.8 208.0  2.72 10.40 224.00  21.44  4  2.69 10.40 222.85  19.35  0.35 16.34 296.18  12.40  0.16 21.88 297.29  11.52  0.10 17.67 229.89   9.23
20050201 180000  7.0 218.0  2.54 10.33 223.90  21.38  4  2.51 10.33 222.51  18.83  0.35 15.77 295.84  12.76  0.17 21.80 297.55  11.57  0.13 17.29 227.58   8.72
20050201 210000  6.4 223.2  2.37 10.21 224.22  22.10  4  2.32 10.21 222.47  19.04  0.36 15.59 296.08  12.49  0.19 16.69 227.93   9.38  0.19 21.64 297.58  11.28
20050202 000000  4.0 209.9  2.21 10.08 224.52  23.02  4  2.16 10.08 222.26  19.29  0.37 15.53 296.18  12.46  0.25 16.32 227.78  10.34  0.22 21.06 297.27  11.18
20050202 030000  2.1 179.3  2.08  9.90 224.87  23.88  4  2.00  9.90 222.00  19.46  0.36 15.50 296.38  12.50  0.33 15.69 228.38  10.71  0.25 20.58 297.10  11.19
20050202 060000  0.8 305.0  1.96  9.75 225.42  24.46  4  1.86  9.75 222.04  19.47  0.39 15.32 226.88  10.59  0.36 15.46 296.26  12.62  0.27 20.48 297.36  11.34
20050202 090000  1.7 326.8  1.96  9.69 225.82  24.03  5  1.84  9.69 222.30  18.94  0.44 14.74 225.84  10.28  0.36 15.41 296.43  12.62  0.28 20.41 297.70  11.51  0.18 17.97 238.40   8.67
20050202 120000  4.7 303.5  2.06  9.73 225.77  24.00  5  2.00  9.73 222.61  19.01  0.35 15.31 296.69  12.60  0.30 20.28 297.68  11.54  0.22 17.72 238.96   5.95  0.07 21.70 218.97   8.02
20050202 150000  3.3 323.0  2.13  9.79 225.45  23.66  5  2.05  9.79 222.08  18.37  0.34 19.86 297.34  11.40  0.34 15.09 296.71  12.76  0.31 16.89 235.98   8.05  0.10 20.75 219.24   7.82
20050202 180000  2.4 279.7  2.14  9.85 225.73  23.81  5  2.04  9.85 221.97  17.82  0.39 19.28 297.02  11.52  0.34 14.72 296.85  12.81  0.33 16.72 235.84   9.39  0.14 20.45 220.15   8.18
20050202 210000  4.5 269.5  2.10 10.19 226.40  24.20  5  1.99 10.18 222.19  17.78  0.41 19.17 297.23  11.69  0.39 16.46 234.64   8.66  0.33 14.59 296.47  13.68  0.18 20.18 220.39   7.94
20050203 000000  2.8 291.3  2.02 10.54 227.03  24.60  5  1.88 10.53 222.28  17.76  0.47 15.69 233.28  10.20  0.42 19.11 297.78  11.83  0.32 14.50 297.22  12.93  0.25 19.25 220.89   8.10
20050203 030000  0.3 356.0  1.92 10.49 227.92  25.30  5  1.74 10.49 222.43  17.82  0.52 15.48 232.82  10.30  0.43 19.03 298.21  11.85  0.32 14.44 297.56  12.69  0.30 19.09 221.27   8.14
20050203 060000  1.0 248.5  1.83 10.37 229.34  26.42  5  1.62 10.36 222.83  17.91  0.52 15.38 231.26  10.62  0.47 18.82 297.69  12.50  0.36 18.73 221.96   8.38  0.32 14.41 296.29  14.19
20050203 090000  1.8 271.5  1.76 18.07 231.28  27.78  5  1.48 10.12 223.00  18.31  0.61 14.61 232.34  11.11  0.52 18.26 297.91  11.65  0.44 17.98 221.65   8.42  0.30 14.35 297.90  11.64
20050203 120000  3.7 288.2  1.70 17.89 233.89  29.39  5  1.37  9.84 224.41  20.14  0.62 14.46 231.96  10.90  0.56 17.99 297.49  12.04  0.50 17.82 221.87   8.37  0.31 14.32 297.31  12.68
20050203 150000  2.4 275.4  1.63 17.79 235.78  30.08  5  1.25  9.65 225.41  20.54  0.61 14.36 231.86  10.52  0.57 17.90 297.22  13.28  0.56 17.51 222.65   8.57  0.30 14.27 297.28  12.67
20050203 180000  2.6 227.0  1.60 17.60 237.03  30.30  5  1.16  9.38 226.49  20.77  0.63 13.94 232.17  10.38  0.61 16.82 222.37   8.86  0.58 17.85 298.18  12.41  0.29 14.11 298.24  12.27
20050203 210000  5.6 245.3  1.61 17.27 237.89  30.37  6  0.97  9.02 226.66  23.91  0.69 16.62 222.63   8.83  0.65 13.59 230.68  10.87  0.59 17.77 298.73  12.24  0.56 10.78 233.58  10.68  0.29 13.76 298.05  13.18
20050204 000000  2.4 221.6  1.63 16.93 238.07  30.73  6  1.03  9.28 226.25  22.54  0.73 16.44 222.50   8.86  0.67 13.45 231.43  10.66  0.62 17.62 299.01  12.17  0.41 11.08 237.26   8.30  0.28 13.58 299.29  11.93
20050204 030000  3.6 161.4  1.66 16.69 237.00  31.61  5  1.12 10.14 225.24  22.24  0.80 15.86 222.81   8.98  0.65 17.26 298.89  12.21  0.62 13.28 231.61  11.25  0.26 13.50 298.66  12.51
20050204 060000  4.9 180.2  1.70 16.45 235.83  31.39  5  1.04 10.03 223.25  22.64  0.88 15.58 221.93   9.43  0.72 12.77 231.05   9.94  0.67 16.89 298.53  12.22  0.25 13.45 299.51  11.76
20050204 090000  4.7 181.6  1.73 16.21 234.32  31.17  5  1.06 10.04 221.96  22.14  0.96 15.44 222.34   9.62  0.67 16.77 298.34  12.38  0.67 12.54 229.25  11.11  0.25 13.45 298.99  12.52
20050204 120000  3.3 217.5  1.76 16.11 233.88  30.79  5  1.02 15.24 221.50   9.82  0.94  9.40 220.02  21.54  0.79 12.49 229.86  11.40  0.68 16.70 298.55  12.48  0.25 13.46 299.08  12.56
20050204 150000  4.2 224.3  1.78 16.19 233.81  30.73  4  1.37 14.69 223.38  11.19  0.86  8.88 221.21  21.17  0.69 16.63 298.97  12.42  0.25 13.45 299.00  12.67
20050204 180000  5.8 207.2  1.81 14.58 233.52  30.89  4  1.39 14.41 223.19  11.34  0.89  8.93 220.85  21.08  0.72 16.55 299.40  12.27  0.23 13.34 297.42  12.84
20050204 210000  6.2 221.8  1.83 14.40 233.40  30.94  3  0.48  3.21 227.26  31.48  1.60 14.24 222.14  12.77  0.75 16.44 299.16  12.42
20050205 000000  3.6 196.5  1.80 13.92 233.69  31.13  3  0.47  3.57 229.06  33.16  1.57 13.96 222.07  12.41  0.75 16.27 299.26  12.35
20050205 030000  2.7 183.9  1.75 15.46 234.17  31.30  3  1.54 13.57 222.27  12.33  0.74 15.97 299.47  12.44  0.41  3.73 228.34  33.13
20050205 060000  2.5 226.9  1.71 15.44 234.73  31.42  2  1.55 13.38 222.72  13.92  0.74 15.79 299.64  12.48
20050205 090000  2.6 208.9  1.69 15.33 235.30  31.67  3  1.52 13.40 222.74  13.25  0.74 15.71 299.88  12.41  0.07 23.17 303.59   9.40
20050205 120000  1.9 220.3  1.67 15.07 235.77  31.99  3  1.50 13.58 222.63  12.66  0.75 15.71 299.97  12.53  0.09 23.02 303.93   9.48
20050205 150000  2.0 236.4  1.67 14.34 236.09  32.27  3  1.48 13.59 222.54  12.28  0.75 15.71 300.25  12.28  0.10 22.95 304.44   9.86
20050205 180000  1.7 205.7  1.66 13.84 236.34  32.50  3  1.48 13.45 222.62  12.60  0.75 15.69 300.47  12.29  0.11 22.67 304.80   9.59
20050205 210000  5.6 243.5  1.65 13.45 236.51  32.66  3  1.47 13.28 222.77  12.95  0.74 15.63 300.80  12.31  0.13 22.01 304.27   9.34
20050206 000000  3.2 208.7  1.64 13.17 236.59  33.07  3  1.46 13.09 222.68  13.57  0.73 15.58 301.18  12.36  0.16 21.78 303.74   9.81
20050206 030000  3.7 203.3  1.63 12.83 236.56  33.38  3  1.45 12.71 222.38  13.34  0.73 15.55 301.62  12.26  0.19 21.69 304.00   9.99
20050206 060000  4.1 187.6  1.65 12.60 235.36  33.38  3  1.47 12.50 221.72  13.89  0.72 15.53 301.82  12.19  0.20 21.60 304.65   9.81
20050206 090000  2.7 182.9  1.67 12.48 234.56  32.95  3  1.49 12.40 221.54  13.67  0.70 15.51 301.97  12.04  0.22 21.24 304.77   9.57
20050206 120000  4.6 205.8  1.66 12.41 234.26  33.26  3  1.49 12.34 221.10  13.94  0.69 15.47 302.00  12.38  0.26 20.55 304.25   9.63
20050206 150000  5.2 210.1  1.65 15.32 234.56  33.64  3  1.48 12.26 221.04  13.99  0.68 15.37 302.48  11.97  0.30 20.39 303.88   9.84
20050206 180000  6.3 205.6  1.68 15.06 234.32  33.87  3  1.51 11.74 220.98  14.97  0.67 15.11 302.68  11.97  0.32 20.32 304.07  10.01
20050206 210000  7.6 220.6  1.76 14.75 233.32  33.47  5  0.68  3.68 222.25  29.51  1.36 11.62 220.86  11.59  0.67 14.78 302.84  11.93  0.49 14.78 221.31  11.65  0.34 20.22 304.30  10.01
20050207 000000  5.2 193.2  1.79 14.65 232.01  33.70  4  1.51 11.60 219.77  17.72  0.65 14.69 302.89  11.97  0.59 14.73 222.49  10.51  0.36 19.81 304.56   9.74
20050207 030000  5.2 185.0  1.80 14.57 231.34  33.75  4  1.44 11.59 219.06  18.18  0.77 14.32 221.02  10.38  0.63 14.67 302.96  12.13  0.40 19.21 304.40   9.82
20050207 060000  4.1 189.1  1.82 14.51 231.10  32.85  4  1.38 11.59 218.96  17.74  0.94 14.25 221.79   9.76  0.61 14.65 303.23  12.05  0.42 19.09 304.37   9.79
20050207 090000  5.6 182.8  1.88 14.47 230.68  31.39  3  1.72 14.26 220.45  14.34  0.60 14.63 303.64  12.08  0.44 19.02 303.77  10.19
20050207 120000  5.3 208.8  1.94 14.42 230.22  30.12  3  1.79 14.24 220.98  13.63  0.58 14.57 304.02  11.96  0.45 18.92 303.79  10.34
20050207 150000  5.9 200.1  2.00 14.24 230.06  29.27  3  1.86 14.10 221.48  13.38  0.57 14.46 304.22  11.89  0.46 18.58 304.02  10.24
20050207 180000  8.3 206.9  2.08 14.04 229.97  28.86  4  0.68  3.60 215.64  28.60  1.82 13.89 222.77  10.52  0.55 14.32 304.56  11.77  0.49 17.99 303.99  10.10
20050207 210000  8.0 217.1  2.12 13.76 230.37  28.59  4  0.81  4.16 218.79  28.19  1.81 13.64 223.48  10.30  0.53 14.22 304.52  12.05  0.51 17.87 303.98  10.13
20050208 000000  6.5 208.2  2.11 13.56 230.45  28.67  4  0.86  4.51 218.14  29.46  1.79 13.44 224.07  10.22  0.51 14.19 304.51  12.22  0.51 17.82 303.88  10.10
20050208 030000  5.5 192.6  2.06 13.39 230.99  28.77  4  0.78  4.73 216.06  30.98  1.77 13.27 224.68  10.33  0.52 17.75 303.63  10.45  0.49 14.18 304.66  12.28
20050208 060000  4.5 198.8  2.02 13.18 231.35  28.76  3  1.90 13.01 223.73  15.79  0.52 17.61 303.45  10.43  0.47 14.15 305.05  12.15
20050208 090000  4.2 184.9  2.00 12.90 231.77  28.64  3  1.87 12.79 224.06  15.43  0.53 17.10 303.28  10.60  0.45 14.09 305.30  12.10
20050208 120000  5.2 191.3  2.01 12.79 231.56  28.58  3  1.88 12.70 223.97  15.55  0.55 16.79 303.17  10.66  0.43 13.94 305.56  12.11
20050208 150000  4.9 215.8  2.05 12.78 231.20  28.10  3  1.93 12.68 223.99  15.46  0.56 16.70 303.05  10.55  0.40 13.78 306.16  12.31
20050208 180000  8.7 230.9  2.13 12.80 231.33  27.52  3  2.01 12.68 224.77  16.07  0.57 16.66 303.36  10.48  0.39 13.69 305.80  12.68
20050208 210000  6.9 211.0  2.19 12.72 230.55  27.75  3  2.09 12.63 224.50  17.57  0.59 16.62 303.21  10.27  0.35 13.47 307.45  12.63
20050209 000000  3.7 199.9  2.16 12.59 230.38  27.84  3  2.05 12.52 224.38  17.83  0.58 16.56 302.97  10.52  0.33 13.45 308.99  11.16
20050209 030000  3.8 203.1  2.09 12.42 230.85  27.72  4  1.43  8.42 222.68  21.81  1.37 12.35 226.81  10.30  0.57 16.41 303.11  10.46  0.32 13.45 308.34  12.06
20050209 060000  4.1 215.2  2.00 12.15 231.52  27.77  4  1.36 12.09 226.63  10.41  1.31  8.17 223.24  21.75  0.57 15.89 303.10  10.86  0.29 13.38 307.75  12.42
20050209 090000  3.7 186.6  1.91 11.97 232.19  28.20  4  1.32 11.92 226.97  10.27  1.22  8.09 222.91  21.66  0.57 15.70 302.74  10.95  0.29 13.36 307.63  12.75
20050209 120000  1.8 242.0  1.84 11.85 232.83  28.66  4  1.28 11.80 226.94  10.40  1.16  8.13 222.98  21.21  0.58 15.65 302.24  11.18  0.27 13.33 310.02  10.52
20050209 150000  3.5 227.2  1.81 11.73 233.22  28.92  3  1.69 11.68 225.24  16.11  0.60 15.62 302.11  11.07  0.23 12.87 313.56   9.03
20050209 180000  5.2 241.6  1.80 11.64 233.07  28.95  2  1.69 11.59 225.07  16.00  0.64 15.60 303.77  11.43
20050209 210000  4.4 228.8  1.80 11.62 232.86  28.83  2  1.68 11.55 225.11  16.26  0.63 15.60 303.95  11.39
20050210 000000  2.1 286.9  1.77 11.66 232.41  28.34  3  1.54 11.59 225.30  16.36  0.61 15.61 304.00  11.49  0.61 13.92 222.42   9.39
20050210 030000  1.4 147.9  1.73 14.16 232.26  27.80  3  1.46 11.56 225.03  15.62  0.69 13.81 224.18   9.45  0.59 15.64 303.94  11.65
20050210 060000  1.2 176.0  1.72 13.69 232.10  27.22  2  1.61 13.44 224.90  13.86  0.58 15.67 303.86  11.74
20050210 090000  2.8 208.6  1.72 13.43 232.01  27.00  2  1.62 13.31 224.90  13.64  0.58 15.57 303.69  11.91
20050210 120000  0.8 217.1  1.71 12.98 232.27  26.83  2  1.61 12.94 225.10  13.10  0.58 15.05 303.69  11.95
20050210 150000  3.0 236.7  1.70 12.67 232.67  26.69  3  1.58 12.64 225.51  12.62  0.58 14.95 303.86  11.87  0.24 16.80 221.17   7.76
20050210 180000  3.2 223.3  1.71 12.52 232.99  26.57  3  1.52 12.49 226.11  12.76  0.58 14.95 303.92  12.17  0.50 16.43 222.60   8.91
20050210 210000  4.0 248.6  1.71 15.30 233.08  26.23  3  1.45 12.29 226.19  12.59  0.69 15.73 225.33   9.67  0.58 14.97 304.14  12.31
20050211 000000  0.9 270.6  1.72 15.23 232.97  25.75  3  1.32 12.00 226.60  12.96  0.94 15.31 225.55   9.29  0.57 15.03 304.27  12.72
20050211 030000  1.5 220.8  1.73 15.07 232.73  25.11  3  1.31 11.90 226.88  12.45  0.99 15.07 225.53   9.42  0.56 15.07 304.29  13.37
20050211 060000  2.6 210.8  1.75 14.74 232.48  24.38  3  1.20 11.82 227.51  12.42  1.15 14.65 225.71   9.67  0.54 15.07 305.12  12.73
20050211 090000  3.1 190.6  1.76 14.50 232.15  24.06  2  1.68 14.40 226.69  11.64  0.53 14.99 305.46  12.95
20050211 120000  1.8 232.7  1.76 14.29 232.29  23.74  2  1.68 14.16 227.01  11.50  0.52 14.79 305.84  13.04
20050211 150000  3.0 252.0  1.75 14.13 232.52  23.68  2  1.67 13.87 227.27  11.42  0.52 14.64 306.07  13.25
20050211 180000  4.6 273.0  1.74 13.86 232.97  23.93  2  1.67 13.60 227.80  12.39  0.51 14.53 306.29  13.43
20050211 210000  4.0 260.0  1.73 13.64 233.20  24.05  3  1.65 13.46 228.11  12.96  0.47 14.46 303.60  11.61  0.17 11.10 327.66   8.49
20050212 000000  2.6 245.6  1.70 13.56 233.05  23.86  3  1.63 13.40 228.07  12.89  0.46 14.39 303.44  12.17  0.17 10.96 328.11   8.89
20050212 030000  1.4  91.1  1.67 13.55 232.80  23.53  4  1.51 13.39 228.48  13.15  0.56 15.86 224.75   8.10  0.44 14.34 303.14  12.05  0.18 10.96 328.04   8.43
20050212 060000  1.1 265.1  1.67 13.56 232.60  23.09  4  1.47 13.30 228.97  12.86  0.64 15.61 223.37   8.62  0.43 14.29 303.46  12.34  0.17 10.85 328.39   8.59
20050212 090000  1.1 162.8  1.67 13.62 232.46  22.62  4  1.58 13.15 228.22  12.29  0.41 14.25 303.71  12.01  0.33 18.26 227.86  11.49  0.18 10.78 328.50   8.15
20050212 120000  1.7 316.0  1.69 14.06 232.29  22.08  4  1.53 12.98 228.32  12.46  0.57 17.15 228.29   8.46  0.40 14.17 304.20  11.50  0.18 10.59 328.77   8.04
20050212 150000  3.0 339.1  1.71 13.75 232.14  21.61  5  1.46 13.32 229.22  12.85  0.78 16.63 225.92   8.80  0.38 14.06 304.48  11.27  0.18 10.46 328.96   7.95  0.05 23.28 294.07  12.26
20050212 180000  2.3  48.3  1.73 13.58 232.56  22.56  5  1.41 13.34 230.65  16.57  0.92 16.32 225.92   9.44  0.37 13.91 304.69  10.97  0.18 10.37 329.13   7.87  0.06 23.15 294.54  12.48
20050212 210000  5.8 292.2  1.77 15.56 233.26  23.13  5  1.40 13.29 231.39  19.46  1.00 15.89 227.97   9.34  0.36 13.79 304.65  11.42  0.17 10.22 330.32   7.02  0.07 22.69 293.25  12.50
20050213 000000  2.0 330.6  1.79 15.51 232.88  22.35  4  1.75 15.59 230.07  16.27  0.34 13.71 304.36  11.42  0.18 10.11 329.71   7.31  0.08 22.03 292.00  12.35
20050213 030000  1.8   8.4  1.82 15.37 232.44  21.29  3  1.78 15.48 230.02  15.61  0.33 13.64 304.41  11.66  0.17  9.90 329.82   7.28
20050213 060000  1.7 202.5  1.87 15.04 232.27  20.50  4  1.83 15.21 229.96  14.80  0.32 13.59 305.57  10.99  0.16  9.83 330.39   6.96  0.11 21.81 294.51  12.55
20050213 090000  1.7 160.2  1.91 14.93 232.11  19.87  4  1.88 15.04 230.03  14.51  0.30 13.55 306.39  10.26  0.16  9.82 330.42   6.95  0.11 21.75 298.47  10.58
20050213 120000  2.6 123.8  1.95 14.90 232.05  19.40  4  1.91 15.00 230.09  14.25  0.30 13.51 306.68  10.33  0.15  9.89 330.72   6.98  0.12 21.62 298.04  10.56
20050213 150000  2.1 216.5  1.96 14.89 232.13  19.10  4  1.91 14.99 229.91  14.33  0.29 13.49 306.61  10.24  0.28 12.41 258.86   6.02  0.15 10.04 330.69   6.97
20050213 180000  4.6 237.2  1.97 14.60 232.31  19.16  4  1.94 14.69 230.42  14.39  0.28 13.46 306.53  10.11  0.17 20.52 293.11  12.38  0.15  9.97 330.94   6.49
20050213 210000  4.5 235.8  1.96 14.35 232.56  19.52  4  1.93 14.41 230.65  14.91  0.27 13.44 306.55  10.33  0.19 20.43 294.15  12.57  0.14 10.02 330.66   6.91
20050214 000000  2.4 206.2  1.92 14.24 232.62  19.77  5  1.86 14.27 229.91  14.58  0.31 17.72 255.91   7.94  0.26 13.41 306.59  10.62  0.21 20.37 295.61  12.65  0.14  9.69 330.71   6.88
20050214 030000  3.1 162.9  1.88 14.10 232.34  20.71  5  1.82 14.14 229.53  15.61  0.29 17.57 259.50   6.49  0.25 13.36 306.85  10.58  0.22 20.33 296.72  12.17  0.13  9.59 330.70   6.86
20050214 060000  3.4 189.5  1.82 13.73 232.62  20.64  5  1.75 13.76 229.36  15.17  0.35 16.88 255.81   7.81  0.24 13.27 307.36  10.34  0.24 20.16 294.90  12.67  0.12  9.53 331.17   6.37
20050214 090000  4.0 177.2  1.77 13.52 232.81  21.16  6  1.70 13.54 229.19  15.42  0.36 16.58 256.75   7.51  0.23 13.06 307.68   9.93  0.20 20.16 302.84   7.84  0.18 19.14 281.84   6.30  0.12  9.49 331.15   6.39
20050214 120000  3.8 190.0  1.73 13.40 233.17  21.91  5  1.65 13.41 228.95  15.75  0.38 16.56 256.75   7.84  0.29 19.20 293.36  12.73  0.23 12.86 307.72   9.71  0.11  9.44 331.13   6.40
20050214 150000  5.4 202.0  1.71 13.26 233.29  22.89  6  1.61 13.28 228.44  16.23  0.38 16.51 256.91   7.62  0.33 19.10 291.83  14.92  0.22 12.76 307.73   9.63  0.11  9.28 331.12   6.40  0.05 16.57 302.45   9.74
20050214 180000  6.5 194.0  1.73 13.00 232.73  24.22  6  0.48  3.07 209.29  31.73  1.56 13.05 229.18  14.79  0.37 16.04 259.20   5.37  0.36 19.05 292.58  15.87  0.22 12.71 307.41  10.19  0.10  9.08 331.56   6.01
20050214 210000  8.4 217.7  1.78 12.83 232.18  24.85  6  0.71  3.66 216.35  30.82  1.52 12.85 229.16  14.30  0.42 15.59 258.12   6.30  0.35 19.03 296.67  12.34  0.21 12.68 306.70  11.26  0.10  9.03 331.16   6.25
20050215 000000  7.5 207.6  1.84 12.81 231.20  25.89  6  0.89  4.29 214.70  30.23  1.51 12.84 230.47  14.60  0.36 15.50 259.64   5.10  0.36 18.93 295.48  12.75  0.21 12.67 308.10   9.72  0.09  8.96 331.56   5.80
20050215 030000  7.4 191.4  1.83 12.97 231.09  27.06  7  0.92  4.62 211.29  30.94  1.42 13.05 229.75  14.12  0.56 15.53 254.24   9.19  0.27 17.91 283.80   7.16  0.27 19.15 304.77   7.82  0.20 12.67 307.77  10.61  0.08  8.91 331.50   5.84
20050215 060000  7.0 191.1  1.83 13.12 231.48  28.01  5  0.93  4.85 208.69  30.54  1.51 13.26 234.12  16.06  0.41 18.05 293.87  12.77  0.19 12.65 308.58   9.43  0.08  8.84 331.43   5.90
20050215 090000  6.7 187.9  1.82 12.88 233.23  28.47  7  0.90  4.96 207.87  30.10  1.50 12.91 235.37  15.77  0.42 17.91 292.97  13.27  0.19 12.62 307.93  10.13  0.17 20.39 302.43   7.12  0.09 15.51 298.14  10.80  0.07  8.72 331.34   5.98
20050215 120000  6.6 203.1  1.79 14.40 235.73  28.13  7  0.82  4.96 208.63  30.20  1.23 12.61 230.83  14.82  0.86 14.63 248.86   9.63  0.45 17.86 293.29  12.47  0.18 12.56 308.57   9.66  0.16 20.37 310.00   5.54  0.07  8.57 331.43   6.08
20050215 150000  6.7 197.3  1.76 14.47 237.33  27.65  5  0.77  4.83 208.49  29.33  1.20 12.51 231.75  15.35  0.90 14.60 249.05   8.98  0.48 17.84 295.72  12.94  0.18 12.45 310.28  12.07
20050215 180000  7.4 214.0  1.76 14.40 238.39  27.05  5  0.79  4.39 212.55  28.46  1.22 12.43 233.23  15.30  0.85 14.60 249.69   8.93  0.49 17.85 294.40  14.18  0.18 12.32 309.00  13.21
20050215 210000  8.8 215.0  1.83 14.15 237.47  27.52  4  0.97  4.46 215.91  27.36  1.46 14.15 239.19  15.66  0.52 17.89 293.31  14.94  0.16 12.08 310.12  10.63
20050216 000000  7.6 201.5  1.83 13.72 237.76  28.86  6  0.98  4.72 214.72  29.56  1.10 11.91 232.70  16.22  0.93 13.87 248.93   8.63  0.40 18.55 304.38   8.02  0.38 16.78 280.53   9.53  0.17 11.99 309.50  11.52
20050216 030000  6.7 194.4  1.79 13.56 238.63  29.75  5  0.92  4.79 212.26  30.58  1.42 13.56 239.80  16.00  0.45 16.72 285.89  14.80  0.35 18.76 303.18   7.70  0.16 11.98 309.41  11.24
20050216 060000  5.0 197.9  1.73 13.42 240.72  29.51  5  0.81  4.79 212.20  30.35  1.40 13.42 240.07  16.39  0.58 16.79 292.19  15.28  0.16 11.97 310.08  10.55  0.10 14.51 296.90   9.54
20050216 090000  3.8 175.2  1.65 13.30 243.03  29.09  5  1.36 13.31 240.17  16.75  0.70  4.75 214.51  30.12  0.61 16.77 292.38  15.52  0.16 11.96 309.99  10.44  0.12 17.65 222.67   7.86
20050216 120000  2.4 207.6  1.59 13.13 245.29  28.87  6  1.31 13.14 240.10  17.08  0.61  4.72 218.13  29.27  0.47 17.22 303.68   7.84  0.42 16.64 279.73  10.92  0.16 17.22 222.36   8.03  0.15 11.95 309.42  11.16
20050216 150000  2.8 248.9  1.54 12.65 247.18  28.98  5  1.27 12.67 240.16  17.44  0.65 16.99 293.69  14.93  0.53  4.74 219.77  27.22  0.21 16.64 224.37   9.45  0.15 11.91 309.65  11.22
20050216 180000  5.3 234.5  1.51 12.51 248.35  29.19  5  0.53  4.94 224.96  26.37  1.22 12.53 240.19  17.79  0.67 17.13 294.03  14.80  0.25 16.36 223.70   8.97  0.14 11.86 309.98  10.83
20050216 210000  4.2 232.5  1.48 12.45 248.45  29.47  5  1.06 12.47 245.93  12.46  0.72 10.25 219.22  22.89  0.66 16.98 293.93  14.75  0.29 15.73 223.55   8.52  0.14 11.80 309.78  11.17
20050217 000000  3.7 239.0  1.44 12.39 248.41  29.61  5  1.01 12.41 247.96  10.57  0.71 10.21 216.05  20.07  0.66 16.52 292.89  15.28  0.33 15.37 223.66   8.09  0.13 11.75 310.36  10.85
20050217 030000  1.7 195.3  1.41 15.95 248.95  29.98  6  0.94 12.18 248.76  10.28  0.71 10.27 217.44  19.69  0.66 16.17 292.84  14.86  0.38 14.73 224.08   8.15  0.13 11.72 310.22  11.16  0.08 19.37 227.02   7.54
20050217 060000  2.6 233.2  1.39 16.04 250.50  30.71  5  1.11 11.73 237.91  20.63  0.70 16.16 293.28  14.63  0.42 14.47 225.13   8.36  0.13 11.71 310.78  10.53  0.11 19.12 227.36   7.87
20050217 090000  1.3 239.4  1.40 16.17 252.21  31.34  5  1.07 11.67 238.02  20.21  0.74 16.22 293.77  14.62  0.45 14.01 225.24   8.23  0.18 18.18 227.06   7.96  0.13 11.69 310.24  11.25
20050217 120000  2.5 232.0  1.41 16.23 253.07  31.47  5  1.05 11.63 238.46  19.71  0.77 16.24 294.34  14.57  0.48 13.57 226.15   8.58  0.23 17.88 227.31   8.23  0.13 11.68 310.63  11.38
20050217 150000  1.8 231.4  1.43 16.31 252.45  31.11  5  1.05 11.58 238.89  19.08  0.76 16.18 294.51  14.61  0.47 13.40 226.11   7.51  0.34 17.30 226.25   8.73  0.13 11.67 310.56  10.81
20050217 180000  1.2 201.7  1.46 16.36 250.42  30.44  5  1.03 10.36 239.47  19.47  0.74 15.94 294.18  14.63  0.54 12.87 227.10   8.28  0.45 16.69 226.96   8.24  0.13 11.70 311.08  12.48
20050217 210000  4.9 248.7  1.48 16.16 248.19  29.70  5  1.02 10.72 239.22  19.47  0.72 15.69 293.74  14.52  0.58 16.48 226.73   8.51  0.54 12.57 228.29   9.07  0.13 11.63 312.36  11.93
20050218 000000  3.9 199.8  1.53 15.64 245.82  29.46  5  1.04 10.87 238.08  19.60  0.72 15.56 293.44  14.40  0.68 15.75 226.13   8.42  0.54 12.47 226.68   8.00  0.13 11.51 313.58  12.26
20050218 030000  5.4 176.9  1.61 15.50 243.58  30.38  5  1.01 10.76 235.76  22.46  0.85 15.49 225.63   8.83  0.74 15.51 293.84  14.15  0.52 11.99 227.56   7.97  0.12 11.30 315.99  10.93
20050218 060000  6.6 193.0  1.69 15.35 241.51  31.33  5  1.02  9.54 232.21  25.22  0.98 15.25 225.36   8.92  0.77 15.48 294.50  13.86  0.50 11.62 228.88   8.77  0.12 11.17 317.44  11.00
20050218 090000  6.7 185.8  1.77 14.93 239.27  32.06  5  1.05  9.55 228.69  27.70  1.06 14.62 225.00   9.17  0.78 15.46 294.79  13.95  0.53 11.55 228.46   8.81  0.12 11.15 318.23  11.46
20050218 120000  5.7 180.2  1.80 14.60 238.41  31.67  5  1.13 14.41 224.45   9.36  1.00  8.87 228.67  28.41  0.78 15.44 294.53  14.15  0.57 11.35 228.37   8.66  0.13 11.13 318.99  11.64
20050218 150000  5.4 216.5  1.81 14.41 237.82  30.47  5  1.22 14.21 224.33   9.75  1.06 10.95 228.59  23.54  0.76 15.40 294.78  13.67  0.23 10.43 261.14   5.96  0.13 11.11 319.62  11.68
20050218 180000  7.6 205.6  1.87 14.09 235.45  29.58  5  1.18 10.96 227.20  22.36  1.23 13.72 223.39   9.96  0.75 15.21 293.90  14.38  0.21 10.41 261.10   5.91  0.13 11.08 319.66  12.72
20050218 210000  8.5 216.5  2.02 13.67 232.50  28.98  4  0.95  4.90 218.06  27.12  1.62 13.48 226.45  14.10  0.73 14.87 293.79  14.47  0.12 11.04 321.79  11.50
20050219 000000  6.4 206.5  2.15 13.53 230.30  28.90  3  2.02 13.37 223.26  19.83  0.72 14.76 293.85  14.43  0.12 11.00 322.59  11.29
20050219 030000  5.0 185.7  2.21 13.43 229.06  28.65  3  2.09 13.25 222.42  19.82  0.72 14.72 293.81  14.54  0.12 10.93 323.76  10.34
20050219 060000  4.7 197.8  2.24 13.05 228.11  28.31  4  1.54 12.92 222.37  12.56  1.45  7.76 220.90  24.92  0.72 14.70 294.10  14.06  0.12 10.79 324.28  10.26
20050219 090000  5.0 194.3  2.23 12.84 227.64  27.87  4  1.55 12.75 221.15  12.31  1.43  7.92 221.49  24.02  0.71 14.72 294.22  13.70  0.12 10.50 324.63  10.82
20050219 120000  3.8 190.4  2.21 12.81 227.34  27.51  4  1.59 12.71 220.54  12.50  1.36  8.04 221.64  23.23  0.71 14.76 294.40  13.69  0.12 10.40 325.81   9.86
20050219 150000  4.3 223.8  2.20 12.84 227.04  27.18  3  2.08 12.71 220.70  17.05  0.70 14.84 294.79  13.84  0.11 10.35 326.22   9.71
20050219 180000  6.2 204.8  2.21 12.96 226.29  26.85  3  2.10 12.74 220.25  16.81  0.69 14.94 295.01  13.99  0.11 10.29 327.03   9.43
20050219 210000  6.7 215.0  2.22 13.21 225.33  26.46  3  2.12 12.80 219.64  16.71  0.67 15.03 294.89  14.04  0.11 10.23 327.06   9.50
20050220 000000  6.0 197.6  2.21 13.27 224.42  26.20  4  1.59 12.82 217.33  11.86  1.39  8.75 221.26  21.36  0.66 15.02 294.40  13.94  0.11 10.10 327.00   9.57
20050220 030000  4.0 202.9  2.19 13.21 223.99  26.11  4  1.55 12.78 216.42  11.43  1.40  8.75 221.32  21.06  0.65 14.87 293.86  14.20  0.10  9.85 328.23   8.35
20050220 060000  5.1 200.1  2.18 13.11 223.75  26.22  4  1.54 12.74 215.67  11.18  1.39  8.70 221.40  20.71  0.65 14.69 293.83  14.36  0.10  9.81 328.35   8.35
20050220 090000  5.0 195.4  2.18 13.06 223.27  26.36  4  1.55 12.73 215.36  10.95  1.38  8.59 220.71  21.04  0.66 14.58 293.97  14.56  0.10  9.73 330.08   6.98
20050220 120000  4.9 183.0  2.18 13.15 222.73  26.29  4  1.56 12.76 214.97  10.79  1.38  8.57 220.14  21.01  0.65 14.50 293.89  14.68  0.10 10.00 329.00   7.78
20050220 150000  3.9 232.5  2.16 13.44 222.42  25.95  5  1.54 12.81 214.72  10.43  1.38  8.54 219.92  20.54  0.64 14.45 293.43  14.77  0.07 10.11 330.83   4.93  0.06  9.05 328.52   8.86
20050220 180000  7.1 227.6  2.16 13.47 222.51  25.63  5  1.39  8.48 220.62  20.46  1.52 12.87 214.55  10.20  0.63 14.42 293.02  14.72  0.07 10.08 330.76   4.94  0.06  9.04 328.53   8.74
20050220 210000  7.7 200.9  2.19 13.39 221.68  26.04  4  1.50  8.38 219.22  21.64  1.46 12.89 214.13   9.93  0.63 14.43 293.10  14.83  0.09  9.57 329.65   7.22
20050221 000000  6.4 205.5  2.18 13.31 221.19  26.70  4  1.53  8.10 218.22  22.61  1.42 12.83 213.87   9.68  0.62 14.51 293.69  15.04  0.09  9.56 329.61   7.28
20050221 030000  6.5 188.6  2.14 13.23 221.34  27.21  5  1.49  7.81 218.66  23.46  1.39 12.74 213.41   9.08  0.57 14.24 290.93  14.16  0.23 15.52 312.19   6.78  0.08  9.56 329.56   7.33
20050221 060000  7.7 190.7  2.09 13.16 221.02  27.56  5  1.51  7.48 217.58  23.80  1.32 12.66 213.63   9.06  0.56 14.17 290.65  14.20  0.23 15.52 312.43   6.94  0.08  9.54 329.50   7.39
20050221 090000  8.0 190.3  2.07 13.07 220.08  27.71  3  1.49  7.29 216.12  25.09  1.31 12.61 213.93   9.20  0.59 14.20 293.44  15.78
20050221 120000  6.5 192.6  2.02 13.00 220.42  27.53  3  1.47  7.19 216.94  25.07  1.26 12.59 213.82   8.98  0.57 14.11 292.53  15.59
20050221 150000  7.2 208.3  1.96 12.96 221.41  27.45  3  1.43  7.19 218.25  24.46  1.21 12.59 213.87   8.99  0.57 14.19 292.33  15.49
20050221 180000  8.3 191.6  2.00 12.97 221.28  28.06  5  1.53  7.13 217.76  24.70  1.15 12.58 213.75   8.98  0.44 13.80 282.15  10.10  0.37 14.41 306.97   7.48  0.06  9.03 329.22   7.42
20050221 210000 10.5 212.0  2.09 12.99 221.09  27.95  5  1.69  6.86 217.60  24.19  1.09 12.56 213.83   9.03  0.57 14.35 293.07  15.45  0.06 23.34 303.44   9.60  0.06  9.00 328.96   8.39
20050222 000000  7.3 205.5  2.19 12.98 220.45  28.46  5  1.85  6.90 217.09  25.22  1.02 12.52 213.89   9.02  0.56 14.37 293.19  15.69  0.07 23.28 302.97   9.78  0.06  8.96 328.80   8.55
20050222 030000  7.4 194.9  2.10 12.95 220.54  28.94  5  1.79  7.12 217.04  25.67  0.95 12.48 213.88   9.16  0.54 14.34 293.01  15.57  0.08 23.18 303.01   9.94  0.05  8.90 329.54   7.22
20050222 060000  8.5 197.7  1.99 12.95 219.76  29.22  4  1.69  7.10 215.72  25.92  0.91 12.49 214.21   9.13  0.52 14.26 292.31  15.89  0.09 22.79 303.48   9.75
20050222 090000  7.5 190.2  1.87 12.97 219.70  29.79  4  1.58  6.93 214.95  26.16  0.85 12.50 214.82   9.58  0.50 14.11 291.59  15.17  0.11 21.99 303.66   9.70
20050222 120000  5.8 187.4  1.73 13.01 221.31  30.44  4  1.43  6.79 215.69  26.33  0.82 12.42 215.48   9.46  0.50 13.84 291.01  15.53  0.13 21.84 303.28   9.61
20050222 150000  5.9 215.3  1.59 13.10 223.99  31.08  5  1.28  6.60 217.47  25.89  0.79 12.29 216.18  10.15  0.51 13.73 292.11  15.42  0.15 21.78 302.61   9.81  0.06 19.11 218.77   8.31
20050222 180000  9.5 208.5  1.61 13.12 224.27  31.17  6  1.31  6.43 217.43  25.38  0.76 12.18 216.69  10.49  0.40 14.17 282.35  11.23  0.32 13.57 307.32   8.60  0.16 21.70 302.46  10.03  0.08 19.02 218.32   8.02
20050222 210000  8.9 213.0  1.72 13.09 223.40  31.12  6  1.46  6.06 217.18  25.83  0.73 12.14 217.65  11.52  0.39 14.14 282.34  10.58  0.32 13.57 307.47   8.70  0.18 21.45 303.04   9.91  0.07 19.02 219.25   8.60
20050223 000000  8.3 209.7  1.79  6.31 222.93  31.45  5  1.56  6.31 217.21  26.61  0.69 12.06 217.53  10.82  0.49 13.67 292.88  15.49  0.21 20.66 303.56   9.62  0.09 18.25 219.57   9.17
20050223 030000  6.7 195.7  1.77  6.45 223.36  31.93  5  1.53  6.45 217.10  27.16  0.70 12.05 219.34  11.94  0.47 13.66 293.15  15.10  0.25 20.45 303.25   9.61  0.13 17.82 218.21   8.32
20050223 060000  6.1 194.2  1.72 12.16 224.52  31.47  5  1.42  6.49 217.49  27.18  0.79 11.92 221.36  11.40  0.45 13.61 292.64  15.24  0.28 20.38 302.49   9.86  0.17 17.72 218.63   8.36
20050223 090000  6.5 193.9  1.74 11.99 226.13  29.67  4  1.29  6.44 218.29  27.20  1.03 11.81 223.30  10.69  0.44 13.53 291.68  16.05  0.29 20.32 302.01  10.16
20050223 120000  6.6 186.4  1.87 12.01 226.45  27.24  4  1.18  6.29 217.53  27.80  1.35 11.78 224.45  10.80  0.44 13.43 292.18  15.87  0.30 20.21 302.19  10.32
20050223 150000  8.8 210.9  2.13 13.32 225.99  24.89  4  1.20  6.08 217.02  27.35  1.68 11.96 224.44  10.46  0.44 13.36 292.15  16.31  0.33 19.86 302.81  10.24
20050223 180000 11.1 206.0  2.52 13.38 224.93  23.81  4  1.51  5.72 217.33  26.04  1.94 13.43 224.46  10.43  0.43 13.30 293.43  15.71  0.38 19.24 303.15   9.95
20050223 210000  9.9 206.6  2.75 13.35 225.00  24.01  4  1.69  6.28 218.44  27.05  2.09 13.40 224.41  10.25  0.42 13.30 293.73  16.04  0.42 19.10 302.82   9.89
20050224 000000  8.0 202.0  2.82 13.35 225.60  23.67  5  1.64  6.58 219.46  27.79  2.21 13.44 224.48  10.33  0.45 19.04 302.17  10.32  0.41 13.29 293.81  16.35  0.08 23.46 304.12   9.94
20050224 030000  5.5 201.2  2.78 13.51 226.32  22.78  5  2.28 13.64 224.55  10.80  1.47  6.79 220.75  27.27  0.45 18.99 301.81  10.63  0.40 13.26 293.64  16.51  0.10 23.34 304.69   9.69
20050224 060000  3.9 215.7  2.70 13.56 226.79  21.95  4  2.63 13.63 223.89  16.06  0.46 18.90 301.72  11.03  0.38 13.19 293.29  16.55  0.11 23.31 305.90   9.36
20050224 090000  4.0 191.5  2.60 13.49 227.15  21.91  4  2.52 13.53 223.96  15.19  0.48 18.68 302.14  11.13  0.36 13.08 292.91  16.60  0.11 23.31 307.12   8.67
20050224 120000  5.2 198.5  2.49 13.43 227.57  22.91  4  2.40 13.46 223.70  14.85  0.51 18.14 302.49  11.00  0.35 12.99 294.05  16.61  0.15 22.23 304.09  10.16
20050224 150000  3.5 239.4  2.38 13.34 228.31  24.49  5  2.28 13.36 223.38  14.70  0.55 17.91 302.41  11.07  0.25 12.71 281.11  10.29  0.25 13.34 309.47   8.09  0.19 21.86 303.99  10.11
20050224 180000  6.4 234.2  2.29 13.05 229.21  26.11  4  2.18 13.08 223.35  15.18  0.58 17.81 302.59  10.60  0.34 12.79 298.14  15.45  0.22 21.81 304.73  10.38
20050224 210000  5.3 214.4  2.20 12.75 229.59  27.46  4  2.07 12.75 222.82  15.84  0.61 17.76 300.54  14.09  0.35 12.83 295.91  17.91  0.21 21.79 305.89   9.52
20050225 000000  4.1 191.2  2.09 12.64 229.75  28.57  4  1.96 12.63 222.15  16.12  0.63 17.71 299.38  16.21  0.34 12.72 296.19  17.74  0.19 21.79 307.21   8.94
20050225 030000  5.0 193.9  2.00 12.54 230.11  29.87  4  1.86 12.52 221.43  16.28  0.61 17.61 299.38  16.57  0.32 12.65 295.90  17.59  0.29 20.56 303.64   9.52
20050225 060000  4.4 178.3  1.92 12.27 230.88  31.41  5  1.76 12.16 220.78  16.48  0.62 17.41 299.72  15.34  0.32 20.43 304.02  10.24  0.30 12.60 296.72  16.75  0.10 17.89 221.83   8.43
20050225 090000  5.0 186.0  1.87 12.03 231.33  32.56  5  1.70 11.96 220.07  16.69  0.64 16.95 299.64  15.52  0.32 20.40 304.66  10.31  0.31 12.57 294.74  18.33  0.13 17.86 223.82   9.95
20050225 120000  4.1 187.0  1.86 11.95 231.43  32.96  6  1.68 11.88 219.71  16.86  0.62 16.72 303.35  10.21  0.30 12.56 294.47  18.97  0.30 20.36 305.24   9.97  0.24 16.96 259.67   8.78  0.13 17.81 223.18   9.06
20050225 150000  5.0 215.5  1.90 16.62 231.83  32.82  8  1.71 11.79 219.88  16.94  0.67 16.63 302.64  10.54  0.27 12.50 300.81  14.34  0.24 20.38 308.11   8.33  0.22 16.70 257.34   7.04  0.20 14.43 261.31   5.44  0.16 17.04 226.76   9.98  0.10 12.66 255.00   0.02
20050225 180000  8.0 212.1  2.06 16.55 231.89  32.37  7  1.39  8.75 221.81  20.68  1.20 11.46 217.85  13.86  0.63 16.57 304.24   9.14  0.50 14.60 259.79   9.56  0.36 19.23 303.24  10.31  0.24 12.42 304.41  11.78  0.19 16.72 225.71   9.00
20050225 210000  7.6 215.4  2.20 16.48 232.06  32.22  8  1.53  8.80 220.89  22.43  1.18 11.20 217.87  13.05  0.68 13.50 258.22   9.94  0.62 16.50 304.26   9.27  0.40 19.08 303.90   9.75  0.23 12.20 305.41  11.40  0.21 16.62 228.29  10.38  0.07 21.88 214.97   8.38
20050226 000000  5.5 202.9  2.28 16.39 231.95  31.99  8  1.62  8.77 220.35  23.33  1.11 11.28 215.49  10.36  0.85 12.33 255.41   9.25  0.62 16.43 303.77   9.56  0.39 19.06 304.09  10.44  0.21 11.94 306.53  10.67  0.19 16.55 225.77   6.93  0.08 21.74 215.13   8.49
20050226 030000  5.2 211.2  2.35 11.58 231.33  31.20  8  1.69  8.76 220.41  23.56  1.09 11.30 214.90   9.49  0.91 11.73 254.65   8.90  0.62 16.32 303.86   9.55  0.35 19.03 304.56  10.51  0.28 15.62 229.19  10.84  0.20 11.87 306.42  10.65  0.11 21.34 215.14   8.63
20050226 060000  3.4 223.8  2.40 11.30 230.56  30.32  8  2.12  9.63 220.20  20.73  0.77 11.70 256.75   6.61  0.64 16.03 302.71  10.52  0.29 15.58 225.60   8.73  0.27 19.06 308.02   8.50  0.21 15.89 262.46   6.95  0.19 11.83 306.32  10.51  0.14 20.53 214.90   7.97
20050226 090000  1.6 210.8  2.40 10.92 230.20  30.12  7  2.14  9.70 220.32  20.21  0.71 11.47 257.32   6.47  0.70 15.72 303.37  10.36  0.28 15.54 227.16   9.34  0.19 15.90 260.67   8.15  0.19 11.81 306.28  10.37  0.16 20.38 215.16   8.33
20050226 120000  1.9 226.6  2.31 10.74 230.45  30.64  8  2.04  9.79 219.78  19.26  0.66 11.00 256.72   6.27  0.52 15.45 304.12   9.82  0.51 17.68 303.38   9.86  0.30 15.10 224.45   8.50  0.25 15.59 264.10  11.97  0.20 20.19 215.17   8.38  0.18 11.77 305.85  10.81
20050226 150000  2.8 292.7  2.23 10.48 230.55  31.23  8  1.96  9.31 219.56  18.97  0.57 15.47 304.68   9.26  0.57 10.50 256.65   6.42  0.46 17.79 303.51   9.63  0.36 14.58 227.04   9.76  0.26 15.15 267.51  10.30  0.24 19.34 215.39   8.52  0.17 11.74 306.05  10.95
20050226 180000  4.7 249.6  2.13 15.22 231.21  31.65  8  1.85  9.24 219.71  18.69  0.57 15.42 304.93   9.08  0.51 10.37 259.07   5.53  0.44 17.79 303.54  10.45  0.39 14.56 226.34   9.77  0.28 19.10 215.72   8.81  0.28 14.84 269.00  13.41  0.17 11.68 305.38  11.66
20050226 210000  2.8 237.9  2.03 15.20 231.61  31.73  9  1.48  8.88 221.69  20.40  0.95 11.10 216.99  11.73  0.60 15.38 303.51  10.50  0.46 10.21 259.72   5.80  0.40 17.75 303.36  10.66  0.36 14.51 223.80  11.49  0.31 19.00 216.01   8.97  0.21 15.02 258.84   7.64  0.15 11.57 306.59  11.11
20050227 000000  4.0 245.6  1.96 15.21 231.73  31.69  8  1.68 10.78 220.50  18.12  0.65 15.39 302.46  10.28  0.41 10.04 260.00   6.10  0.41 13.89 221.53   9.99  0.35 18.62 216.37   9.46  0.26 17.82 310.61   6.51  0.23 14.63 259.20   9.10  0.15 11.36 306.78  11.12
20050227 030000  2.4 179.0  1.94 15.15 231.42  31.73  7  1.64 10.74 219.75  17.28  0.71 15.48 303.13  10.45  0.45 13.68 225.43  11.45  0.41 17.93 217.06  10.18  0.39  9.74 260.67   6.20  0.18 14.58 263.10   6.50  0.15 11.22 306.98  11.09
20050227 060000  0.7 184.3  1.93 16.92 231.26  32.09  7  1.60 10.75 219.55  16.91  0.73 16.30 302.50  11.01  0.50 13.61 220.43  12.50  0.45 17.82 217.85  10.21  0.34  9.59 260.51   6.15  0.18 14.31 260.74   5.66  0.14 11.15 307.20  11.07
20050227 090000  2.2 233.7  1.90 16.73 230.83  32.19  7  1.55 10.72 218.86  16.19  0.59 13.57 226.91  21.90  0.53 16.61 301.47  10.42  0.49 17.73 218.55  10.67  0.48 14.60 306.10   8.62  0.33  9.44 261.16   6.72  0.14 11.08 307.25  11.49
20050227 120000  2.5 257.5  1.91 16.68 229.55  31.56  7  1.56 10.59 218.36  15.57  0.58 13.50 223.59  20.34  0.54 16.56 301.46  10.58  0.54 17.34 219.46  10.72  0.45 14.45 305.59   9.13  0.31  9.23 261.55   7.07  0.13 11.05 308.38  11.29
20050227 150000  2.9 285.0  1.95 16.66 227.75  30.38  8  1.55 10.44 217.39  15.30  0.66 12.82 219.25  11.89  0.63 16.83 219.66  10.86  0.50 16.56 301.71  10.78  0.46 14.41 305.17   8.97  0.29  9.01 261.62   6.87  0.21 13.66 267.42   9.44  0.12 11.00 309.14  11.63
20050227 180000  2.3  76.5  1.99 16.62 226.70  29.56  8  1.52 10.32 217.97  16.52  0.77 12.49 219.60  16.16  0.75 16.71 219.80  10.56  0.48 14.38 304.74   9.27  0.46 16.51 301.55  10.73  0.24  8.86 261.27   6.64  0.12 10.94 308.81  13.03  0.07 23.42 303.28   9.69
20050227 210000  4.3 274.8  2.01 16.51 226.65  29.41  8  1.47 10.38 218.22  17.47  0.87 16.59 219.91  10.47  0.76 12.46 216.49  10.30  0.67 14.68 302.68  10.72  0.20  8.79 262.49   6.49  0.19 13.62 264.54   7.32  0.11 10.90 310.19  12.56  0.08 23.32 303.72   9.61
20050228 000000  4.3 270.3  2.04 16.05 226.80  29.20  6  1.61 12.36 218.71  16.90  1.02 16.35 219.99  10.40  0.70 15.22 302.00  11.28  0.16 20.63 214.89   5.71  0.11 10.84 312.06  11.76  0.09 23.29 304.87   9.37
20050228 030000  2.1 194.9  2.08 15.59 226.71  28.83  5  1.51 12.31 219.18  16.65  1.23 15.70 218.85  10.61  0.70 15.35 302.24  10.83  0.10 10.79 312.34  11.96  0.09 23.23 305.38   8.91
20050228 060000  1.8 192.2  2.11 15.48 226.32  28.22  4  1.44 12.31 217.75  14.71  1.35 15.53 219.30  10.92  0.73 15.37 299.52  14.51  0.13 22.15 303.66   9.38
20050228 090000  1.3 186.6  2.12 15.39 226.11  27.69  4  1.96 15.39 218.69  12.57  0.73 15.39 298.28  15.68  0.29 19.37 207.72   9.09  0.17 21.83 302.86   9.82
20050228 120000  1.8   6.7  2.12 15.15 225.98  27.25  3  1.99 14.91 218.65  12.56  0.71 15.40 298.28  15.48  0.19 21.79 303.29   9.89
20050228 150000  3.8 310.7  2.09 14.70 225.80  27.27  6  1.93 14.61 219.09  12.44  0.63 15.37 301.44  11.24  0.36 17.94 201.97   4.73  0.24 13.25 265.81   8.33  0.19 21.77 304.23   9.79  0.17 17.87 312.01   6.55
20050228 180000  4.5  47.7  2.06 14.52 226.28  28.81  4  1.88 14.50 219.14  15.74  0.69 15.09 298.04  16.19  0.40 18.39 208.93   9.14  0.19 21.64 304.59   9.23
20050228 210000  5.3 302.4  2.03 14.44 227.05  30.30  4  1.89 14.45 218.69  17.21  0.64 14.53 302.78  11.08  0.26 12.97 266.61   8.18  0.25 20.56 303.32   9.52
20050301 000000  2.9 285.0  2.00 14.36 227.63  31.27  6  1.75 14.34 219.62  17.61  0.61 16.96 208.11   9.43  0.54 14.39 301.50  10.61  0.33 16.65 308.20   8.32  0.32 20.39 302.56  10.01  0.28 12.87 270.09   8.89
