Date     Time   Uabs UDir  hs    tp    th     sp     np hs(i) tp(i) th(i)  sp(i)
20071101 000000  8.9 202.4  2.55 12.73 232.14  26.01  4  2.50 12.66 230.54  23.25  0.40 13.38 316.49   9.02  0.32 20.36 227.08   8.10  0.12 15.60 308.47   7.53
20071101 030000  8.0 188.5  2.72 12.47 232.20  24.62  4  2.66 12.44 231.00  22.39  0.38 20.13 227.14   8.40  0.38 13.32 316.85   9.06  0.11 15.59 308.80   7.76
20071101 060000  4.5 163.0  2.66 12.35 231.27  23.78  4  2.59 12.31 230.20  21.72  0.44 19.36 227.45   8.05  0.35 13.20 317.27   9.10  0.10 15.58 309.13   7.90
20071101 090000  2.9 123.2  2.58  9.87 229.74  22.65  4  2.51  9.84 228.74  20.65  0.52 19.04 227.48   8.02  0.32 12.79 317.64   9.13  0.09 15.56 308.72   8.10
20071101 120000  3.6 181.0  2.54  9.89 228.48  21.61  4  2.09  9.76 224.67  21.12  1.29 11.70 234.50  12.76  0.59 18.77 227.84   8.50  0.32 12.62 316.84   9.65
20071101 150000  8.0 222.6  2.48 11.26 227.69  21.17  5  2.02  9.79 224.28  20.76  1.25 11.56 232.55  13.14  0.65 18.01 227.94   8.22  0.28 12.56 318.16   9.53  0.12 14.68 308.87   7.82
20071101 180000 10.9 216.6  2.56 11.51 225.54  21.87  4  2.44 11.48 224.45  20.47  0.70 17.71 227.87   8.04  0.27 12.54 318.25   9.63  0.12 14.61 308.46   8.06
20071101 210000 10.5 208.2  2.76 11.47 223.19  23.09  6  2.29  8.90 219.67  23.91  1.14 11.31 235.29   8.19  0.76 17.29 227.96   8.44  0.64 11.56 208.50   8.99  0.26 12.54 318.40   9.61  0.12 14.58 308.43   8.24
20071102 000000 10.5 197.5  2.90  8.77 221.04  24.00  6  2.47  8.76 217.67  24.83  1.07 10.71 235.15   8.79  0.83 16.70 227.60   8.26  0.63 11.98 206.70   7.30  0.25 12.54 318.62   9.46  0.11 14.57 308.14   8.60
20071102 030000  9.6 194.3  2.93  8.68 219.60  24.21  6  2.47  8.67 215.50  25.25  1.11 10.65 234.80   9.49  0.88 16.43 227.11   8.39  0.64 11.41 207.34   7.00  0.23 12.53 318.59   9.58  0.10 14.57 307.50   9.34
20071102 060000  9.0 181.8  2.78  8.62 219.92  24.00  5  2.24  8.61 216.18  26.13  1.30 10.70 223.95  15.43  0.98 16.03 227.50   8.45  0.21 12.50 318.73   9.53  0.10 14.53 307.01   8.61
20071102 090000  7.7 177.9  2.56 15.61 220.90  23.61  4  1.92  8.22 215.00  27.04  1.37 10.85 226.69  13.54  0.97 15.62 227.22   8.40  0.22 12.49 315.91  10.99
20071102 120000  8.0 181.3  2.37 15.43 222.09  22.77  6  1.79  8.05 217.81  26.18  1.10 15.43 226.88   9.24  0.78 11.29 213.92   8.25  0.76 10.33 237.99   7.56  0.16 11.76 319.57  10.14  0.13 13.64 308.44   9.53
20071102 150000  8.8 195.6  2.29 15.24 221.94  22.28  5  1.65  7.78 217.61  26.72  1.22 11.09 224.55  13.25  1.01 15.25 226.39   8.63  0.15 11.69 319.73  10.00  0.13 13.52 308.70  10.12
20071102 180000 10.7 214.6  2.36 14.83 222.32  21.24  3  2.35 14.84 221.93  20.23  0.15 11.71 319.12  10.05  0.12 13.54 308.18   9.79
20071102 210000 10.1 211.6  2.48 14.54 222.93  21.03  3  2.47 14.56 222.60  20.17  0.15 11.76 318.44   9.94  0.11 13.59 306.87   9.38
20071103 000000  8.2 197.6  2.53 14.33 222.11  21.08  4  1.66  6.96 220.54  27.40  1.90 14.35 222.68  12.30  0.14 11.77 317.95   9.97  0.11 13.58 306.75   9.42
20071103 030000  8.4 186.2  2.61 14.10 220.68  20.53  2  2.60 14.11 220.42  19.82  0.17 13.50 313.52  11.12
20071103 060000  8.2 171.6  2.70 13.82 219.48  20.20  4  2.55 13.84 219.51  20.40  0.87 16.96 217.26  10.43  0.16 11.87 313.42  11.05  0.06 25.19 234.84   7.91
20071103 090000  5.9 159.5  2.73 14.30 219.58  19.10  4  2.47 14.06 219.83  19.84  1.15 16.21 217.42  10.74  0.15 12.13 313.62  10.49  0.10 24.46 235.73   7.94
20071103 120000  8.0 175.2  2.74 15.13 219.70  18.66  4  2.73 15.13 219.47  18.15  0.16 23.44 236.93   7.84  0.13 12.61 312.95  10.52  0.06 17.78 316.29   8.08
20071103 150000  7.4 196.8  2.72 14.95 220.31  18.06  4  2.71 14.95 220.03  17.56  0.22 22.90 236.75   8.08  0.13 12.66 312.16  10.35  0.06 17.68 316.66   8.06
20071103 180000 10.7 216.2  2.79 14.45 221.47  18.03  4  2.77 14.45 221.09  17.56  0.32 22.00 237.12   7.84  0.12 12.67 311.47  10.22  0.07 17.39 317.19   7.62
20071103 210000 11.6 204.7  2.98 14.12 221.39  19.80  5  2.01  6.88 218.52  25.02  2.14 14.13 222.78  12.41  0.45 21.54 236.61   7.69  0.12 12.67 311.02  10.18  0.08 16.79 317.56   7.45
20071104 000000 11.0 197.8  3.02 13.85 220.74  21.56  5  2.20  7.33 217.04  26.45  1.98 13.85 223.23  11.62  0.58 20.67 236.39   7.81  0.11 12.66 310.69  10.35  0.09 16.65 317.78   7.33
20071104 030000  9.5 178.1  3.02 13.62 220.63  22.49  5  2.26  7.78 215.85  26.94  1.86 13.63 224.16  11.58  0.75 20.29 236.11   8.11  0.11 12.66 310.70  10.42  0.10 16.57 317.89   7.21
20071104 060000  8.4 155.2  2.93 13.45 222.03  22.74  4  2.15  8.30 216.72  27.67  1.71 13.45 224.64  11.79  1.01 19.56 235.00   8.17  0.14 16.42 315.30   8.84
20071104 090000  6.4 142.9  2.85 19.05 224.02  21.77  3  2.58 13.32 221.38  22.60  1.20 19.05 234.76   8.40  0.14 15.94 315.67   8.77
20071104 120000  6.7 176.5  2.81 18.76 225.75  20.06  3  2.45 13.18 222.88  21.28  1.35 18.76 234.02   8.61  0.14 15.65 316.56   8.33
20071104 150000  8.1 194.5  2.82 17.92 226.29  19.18  3  2.40 12.79 222.90  20.52  1.47 17.93 234.34   8.34  0.15 15.54 316.63   8.62
20071104 180000 11.2 219.6  2.98 17.66 226.17  19.21  3  2.55 12.59 222.87  20.56  1.54 17.66 234.17   8.54  0.15 15.44 316.71   8.70
20071104 210000 10.6 204.8  3.18 17.37 225.67  20.44  4  2.27  8.14 219.69  24.62  1.66 17.37 233.95   8.55  1.47 12.48 227.65  13.09  0.15 15.24 316.47   9.16
20071105 000000  7.8 199.5  3.18 16.60 225.77  21.00  5  2.17  8.18 217.99  25.90  1.69 16.60 234.35   8.31  1.12  9.88 230.21  14.03  1.11 12.37 227.54  11.99  0.16 14.78 316.74   9.26
20071105 030000  7.1 199.1  3.11 16.41 226.32  20.49  3  2.41  8.66 221.23  23.52  1.97 16.41 233.08   9.95  0.16 14.58 317.04   9.37
20071105 060000  6.5 182.1  3.03 16.15 226.94  19.89  4  2.33  9.07 221.79  22.78  1.74 16.15 234.35   8.52  0.83 12.05 230.23  13.34  0.16 14.46 317.39   9.40
20071105 090000  5.1 166.8  2.93 15.53 227.61  19.26  4  2.17  9.24 222.11  22.57  1.70 15.53 234.49   8.53  0.98 11.73 230.82  11.81  0.16 14.31 317.93   9.43
20071105 120000  4.5 171.7  2.80 15.39 228.21  18.60  3  2.21  9.24 223.92  20.86  1.71 15.39 234.54   8.71  0.16 14.00 318.29   9.52
20071105 150000  7.6 217.8  2.65 15.25 228.59  18.18  4  2.00  9.12 223.72  21.01  1.70 15.26 234.18   8.52  0.31 11.06 235.00   0.03  0.16 13.72 318.53   9.55
20071105 180000 11.1 211.6  2.66 14.92 227.06  19.47  3  2.04  8.89 220.99  21.68  1.70 14.93 234.78   8.99  0.16 13.56 318.44   9.67
20071105 210000 10.7 202.4  2.76 14.59 224.68  21.92  3  2.21  8.10 218.40  23.98  1.65 14.60 234.59   8.98  0.17 13.40 318.32   9.81
20071106 000000  6.9 201.2  2.74 14.47 224.03  23.21  4  2.21  7.73 217.67  25.40  1.60 14.48 234.50   9.05  0.16 13.18 319.23   9.91  0.07 19.00 309.48   8.75
20071106 030000  9.2 183.6  2.60 14.37 224.16  23.53  4  2.10  7.78 217.91  25.87  1.53 14.38 234.26   9.13  0.16 12.91 319.48   9.98  0.07 18.94 308.22   9.72
20071106 060000  6.8 171.2  2.42 14.23 225.19  23.26  4  1.91  7.71 218.58  25.99  1.49 14.23 234.30   9.38  0.16 12.78 319.95  10.00  0.08 18.82 307.96   9.66
20071106 090000  5.8 161.0  2.26 13.90 226.65  22.08  4  1.72  7.72 220.53  25.18  1.45 13.91 233.74   9.61  0.15 12.69 320.74   9.68  0.09 18.39 307.28   9.46
20071106 120000  5.2 175.6  2.16 13.62 227.47  20.84  4  1.61  7.98 221.79  23.78  1.43 13.63 233.19  10.00  0.16 12.61 320.94   9.62  0.10 17.93 307.07   9.38
20071106 150000  8.5 213.2  2.16 13.45 227.04  20.25  4  1.62  8.28 221.30  22.32  1.41 13.46 233.08  10.33  0.15 12.50 321.03   9.69  0.11 17.82 307.47   9.34
20071106 180000 11.6 216.9  2.45 13.31 225.20  21.19  4  1.99  8.22 220.18  22.37  1.41 13.32 233.56  10.42  0.15 12.31 320.77   9.81  0.12 17.78 308.14   9.78
20071106 210000 10.8 206.4  2.81 13.19 222.82  23.23  4  2.48  7.83 219.32  24.02  1.30 13.19 233.37  10.26  0.15 12.03 320.89   9.81  0.13 17.74 308.11   9.50
20071107 000000  7.9 194.8  2.91  8.37 222.10  24.38  5  2.65  8.37 219.28  24.99  1.16 12.90 234.59   9.25  0.28 15.81 213.96   8.04  0.15 11.92 320.93   9.98  0.13 17.63 308.03   9.45
20071107 030000  7.7 200.7  2.78  8.57 222.72  24.12  5  2.46  8.57 219.16  24.79  1.20 12.64 235.65  10.11  0.44 15.93 218.03  12.49  0.15 11.86 321.14   9.92  0.14 17.20 307.70   9.48
20071107 060000  7.7 191.9  2.60  8.61 223.71  23.40  5  2.27  8.61 220.88  24.09  1.10 12.55 234.82  11.18  0.58 15.75 216.34  10.73  0.16 16.76 307.42   9.73  0.14 11.80 321.58   9.73
20071107 090000  6.5 174.0  2.51  8.70 224.01  22.89  5  2.21  8.69 222.72  23.38  0.84 12.46 235.76  10.33  0.81 15.40 215.82   9.99  0.18 16.67 307.51   9.74  0.14 11.76 320.99   9.76
20071107 120000  4.0 180.9  2.51  9.01 224.41  21.82  5  2.11  9.00 223.93  22.73  1.02 15.17 216.56  10.02  0.84 11.95 234.53  11.34  0.19 16.64 307.86   9.82  0.13 11.69 321.67   9.48
20071107 150000  7.0 216.9  2.55  9.21 224.56  20.68  5  2.16  9.20 224.75  21.20  1.09 14.77 215.63   9.83  0.77 12.27 235.80   9.92  0.20 16.61 308.34  10.01  0.13 11.62 321.77   9.15
20071107 180000 10.4 208.9  2.70 14.37 223.31  20.72  4  2.35  9.16 223.78  21.43  1.30 14.36 220.10  11.77  0.19 16.55 308.79   9.53  0.12 11.46 322.00   9.30
20071107 210000  9.8 206.2  2.89  8.91 222.33  21.67  4  2.54  8.91 222.60  22.82  1.38 14.07 219.89  11.25  0.19 16.37 308.50   9.39  0.12 11.23 321.62   9.33
20071108 000000  4.8 202.9  2.90  8.83 222.08  22.35  4  2.51  8.82 221.89  23.76  1.45 13.56 221.02  11.71  0.22 15.80 307.75  10.06  0.11 11.13 321.75   9.51
20071108 030000  6.7 206.2  2.73 13.19 222.54  22.09  5  2.30  8.72 222.47  23.57  1.45 13.18 220.84  11.20  0.23 15.63 308.53   9.52  0.10 11.08 321.22   9.97  0.07 21.59 300.34  14.27
20071108 060000  6.3 192.3  2.56 12.95 222.81  21.74  5  2.09  8.61 222.43  23.12  1.46 12.95 221.50  11.78  0.24 15.58 308.94   9.44  0.10 11.04 321.17   9.50  0.08 21.46 301.42  15.11
20071108 090000  4.1 203.2  2.46 12.79 223.50  21.13  5  1.96  8.62 223.16  22.48  1.46 12.78 222.04  11.65  0.25 15.55 309.18   9.56  0.10 11.02 321.43   9.16  0.08 21.24 303.81  15.26
20071108 120000  2.9 258.8  2.41 12.53 224.20  20.57  5  1.90  8.77 224.37  21.89  1.46 12.53 222.00  11.39  0.24 15.52 309.29   9.64  0.10 11.00 321.71   8.70  0.07 20.68 307.81  12.74
20071108 150000  4.8 237.8  2.34 12.30 224.78  20.33  5  1.71  8.77 224.29  22.11  1.59 12.30 223.70  12.87  0.23 15.47 309.30   9.59  0.09 20.16 307.19  12.62  0.09 10.98 322.19   8.75
20071108 180000  7.0 224.5  2.29 12.13 225.35  20.51  6  1.64  8.76 224.71  22.38  1.56 12.13 224.17  12.52  0.23 15.35 309.27   9.30  0.12 20.03 304.66  13.40  0.10 17.99 232.01   7.28  0.09 10.95 322.18   8.72
20071108 210000  7.6 220.2  2.27 11.99 225.57  21.10  5  2.25 11.99 224.52  18.68  0.25 14.99 309.08   9.48  0.12 19.23 312.87   7.46  0.09 20.32 288.20   7.58  0.08 10.91 322.31   8.47
20071109 000000  1.9 243.5  2.20 11.87 225.75  21.74  6  2.17 11.87 224.48  19.02  0.26 14.69 309.24   9.51  0.16 17.01 231.00   7.38  0.12 20.23 294.09  10.83  0.10 19.02 317.72   5.27  0.08 10.82 322.42   8.42
20071109 030000  2.0 201.0  2.08 11.78 226.07  22.04  3  2.06 11.78 224.65  18.87  0.28 14.60 310.07   9.89  0.15 19.72 305.59  14.46
20071109 060000  3.4 180.7  1.94 11.70 226.37  22.28  4  1.90 11.70 224.59  18.71  0.29 15.80 229.44   7.88  0.28 14.55 310.01   9.88  0.15 18.96 308.93  12.73
20071109 090000  2.0 183.0  1.82 11.62 226.93  22.61  4  1.73 11.62 224.60  18.33  0.43 14.97 228.99   8.66  0.28 14.51 310.00   9.84  0.18 18.32 309.28  11.86
20071109 120000  1.3  80.1  1.71 11.49 227.94  22.98  5  1.60 11.49 224.89  17.49  0.47 14.82 229.21   8.14  0.27 14.47 309.46   9.61  0.23 18.51 307.06  12.62  0.07 10.40 322.11   8.30
20071109 150000  0.3 313.4  1.62 11.26 229.02  23.32  6  1.47 11.26 225.37  16.78  0.56 14.54 227.76   8.27  0.27 14.43 309.86   9.70  0.19 17.81 315.04   6.72  0.18 18.99 294.28   9.35  0.07 10.36 321.77   8.50
20071109 180000  3.8 310.9  1.55 11.12 230.58  24.59  5  1.36 11.12 226.29  18.43  0.64 14.05 229.00   8.31  0.27 14.33 309.76   9.48  0.27 18.68 304.59  13.94  0.07 10.34 321.70   8.53
20071109 210000  5.8 323.6  1.51 11.05 233.58  28.61  5  1.27 11.05 229.93  25.53  0.70 13.88 228.05   8.23  0.28 14.15 309.97   9.40  0.26 18.53 306.20  13.82  0.06 10.32 321.58   8.59
20071110 000000  2.3 339.0  1.46 13.59 236.11  31.55  6  0.99 10.37 226.77  15.89  0.92 13.46 227.45   8.93  0.40  3.42 318.72  31.50  0.28 13.81 310.02   9.36  0.26 17.53 309.34  12.43  0.06 10.30 321.42   8.58
20071110 030000  2.4 203.2  1.57 13.30 235.26  29.03  4  1.20 10.90 233.01  28.32  0.93 13.10 228.26   9.55  0.28 13.66 310.57   9.39  0.28 17.02 310.60  11.14
20071110 060000  5.2 157.5  1.97 11.22 233.12  24.94  3  1.93 11.22 230.39  20.16  0.31 17.14 309.22  11.35  0.28 13.59 310.80   9.48
20071110 090000  4.8 138.4  2.23 11.00 232.74  23.79  3  2.19 11.00 230.51  19.77  0.34 17.40 307.55  12.27  0.26 13.55 310.59   9.14
20071110 120000  5.9 170.7  2.26 10.80 231.96  23.85  3  2.22 10.80 229.77  19.90  0.35 17.49 306.32  13.00  0.25 13.52 311.05   8.67
20071110 150000  7.9 202.2  2.27 10.61 229.51  23.89  3  2.23 10.61 227.37  19.85  0.35 17.47 306.57  13.14  0.25 13.49 311.07   9.43
20071110 180000 12.1 214.4  2.48 10.48 226.35  24.14  3  2.44 10.48 224.68  20.83  0.34 17.24 308.30  12.86  0.23 13.47 311.53   9.20
20071110 210000 11.6 208.3  2.68 10.37 223.53  24.70  3  2.65 10.37 222.20  22.01  0.33 16.22 309.99  12.10  0.22 13.42 311.82   9.03
20071111 000000 10.2 199.9  2.63 10.25 221.76  25.31  4  2.60 10.25 220.41  22.60  0.33 16.15 310.55  11.31  0.21 13.34 311.88   8.89  0.05 19.24 225.46   7.95
20071111 030000  8.7 180.0  2.49 10.03 220.32  26.09  4  2.46 10.03 218.81  23.12  0.33 16.25 309.32  11.18  0.19 13.05 312.84   9.52  0.07 19.08 224.42   7.84
20071111 060000  7.0 144.1  2.29  9.73 220.31  27.11  4  2.26  9.73 218.45  23.70  0.36 16.34 308.22  11.78  0.15 12.65 312.68   9.69  0.09 18.74 223.64   7.81
20071111 090000  6.4 127.1  2.16  9.53 220.50  28.52  4  2.12  9.53 218.26  24.76  0.37 16.38 307.54  12.24  0.16 12.68 311.44   9.13  0.13 17.95 223.85   8.23
20071111 120000  5.8 169.8  2.07  9.41 221.55  27.67  4  2.02  9.41 219.01  23.22  0.38 16.36 307.28  12.73  0.16 12.65 312.22   9.08  0.16 17.83 222.77   7.87
20071111 150000  8.5 195.8  2.04  9.30 220.89  26.71  4  1.99  9.30 218.31  21.84  0.37 16.20 307.94  12.83  0.21 17.32 222.33   8.24  0.17 12.64 312.59   9.10
20071111 180000 10.7 215.6  2.20  9.17 220.20  25.48  4  2.15  9.16 218.13  21.39  0.36 15.48 308.89  12.61  0.28 16.75 222.23   8.12  0.17 12.63 313.00   9.07
20071111 210000 11.9 205.7  2.45  8.59 219.02  25.41  5  2.40  8.59 217.42  22.45  0.35 16.63 221.10   8.46  0.33 15.31 309.04  12.77  0.18 12.70 313.80   9.18  0.08 13.57 258.45   4.77
20071112 000000  9.4 196.8  2.52  7.91 217.67  26.61  5  2.46  7.91 216.08  24.19  0.43 16.18 221.03   8.80  0.34 15.29 309.25  13.03  0.15 12.57 312.93  10.04  0.12 13.36 258.07   4.73
20071112 030000  7.4 189.2  2.37  8.05 218.28  26.77  5  2.23  8.05 215.98  24.59  0.53 15.61 220.21   9.20  0.46 11.82 226.00   9.43  0.37 15.31 310.13  11.14  0.14 12.81 258.53   4.86
20071112 060000  7.3 186.2  2.20  8.09 219.45  26.44  5  2.02  8.09 216.63  23.83  0.64 15.49 220.44  10.98  0.41 11.78 226.73   7.10  0.38 15.33 309.33  11.64  0.17 12.58 258.82   4.98
20071112 090000  6.6 177.1  2.10 15.25 220.03  26.31  6  1.88  8.13 216.79  23.42  0.73 15.22 219.26   9.95  0.38 15.32 308.66  12.19  0.35 11.62 227.28   4.20  0.22 12.20 256.07   7.12  0.08 15.23 257.61   4.39
20071112 120000  6.5 180.5  2.04 14.69 220.77  25.80  7  1.75  8.22 217.76  23.28  0.83 14.62 218.03  10.10  0.39 11.24 225.38   7.29  0.36 15.26 307.66  12.37  0.25 11.91 256.90   6.64  0.23 11.26 208.94   4.88  0.11 11.78 316.69  11.03
20071112 150000  8.7 218.3  2.04 14.53 221.67  24.73  8  1.69  8.40 219.10  22.47  0.90 14.49 218.64  10.23  0.49 11.19 215.67  12.05  0.36 15.18 306.57  14.12  0.26 11.74 256.76   7.36  0.21 11.06 225.00   0.00  0.13 13.83 256.24   3.29  0.11 11.77 317.36  10.73
20071112 180000 11.4 213.1  2.30 14.42 221.17  24.03  4  2.01  8.04 218.95  22.33  1.00 14.39 218.71   9.10  0.35 14.67 310.13  11.30  0.35 11.76 255.05   9.80
20071112 210000 11.6 203.5  2.54 14.17 218.98  24.93  5  2.20  7.17 216.78  24.45  1.18 14.05 218.56  10.55  0.34 14.58 310.93  10.98  0.24 11.19 260.11   5.11  0.21 12.91 258.66   5.95
20071113 000000  9.2 191.9  2.60  7.48 217.39  26.12  5  2.27  7.48 214.43  25.92  1.18 13.86 219.66  10.11  0.33 14.61 310.88  11.43  0.27 11.07 259.59   5.15  0.21 12.89 258.19   4.87
20071113 030000  9.2 193.0  2.44 13.88 217.73  26.10  4  2.07  7.59 214.11  26.00  1.20 13.87 219.94   9.93  0.36 10.98 259.23   5.38  0.33 14.48 311.22  10.70
20071113 060000 10.6 192.0  2.32 13.88 216.90  26.07  5  1.91  7.45 212.50  26.17  1.23 13.88 219.04  10.00  0.32 14.31 310.59  10.95  0.28 12.43 258.16   5.28  0.24 10.66 260.21   5.22
20071113 090000  9.3 190.1  2.24 13.78 216.86  26.01  5  1.80  7.26 211.48  26.10  1.23 13.82 219.38   9.71  0.31 12.49 256.75   6.57  0.31 14.18 309.67  11.42  0.27 10.50 258.99   6.41
20071113 120000  7.9 188.2  2.16 13.68 218.23  25.47  4  1.72  7.28 213.14  25.69  1.21 13.69 219.79   9.60  0.40 11.96 259.21   5.56  0.30 14.16 309.07  11.77
20071113 150000  9.9 206.1  2.21 13.65 219.23  24.29  4  1.83  7.64 215.39  23.91  1.15 13.62 220.14   9.56  0.38 11.80 259.17   5.18  0.31 14.28 306.37  15.27
20071113 180000 12.6 211.4  2.61 13.65 218.29  23.43  3  2.56  7.43 216.62  21.07  0.37 11.72 257.21   6.17  0.31 14.26 305.09  17.35
20071113 210000 13.2 202.6  2.99  7.80 216.86  24.41  3  2.97  7.80 215.93  22.97  0.29 14.32 307.77  14.66  0.28 11.63 256.96   4.09
20071114 000000 11.9 196.4  3.08  8.22 215.44  25.72  3  2.89  8.22 214.26  25.94  1.02 13.44 219.92   8.62  0.28 14.31 308.86  13.91
20071114 030000 11.7 181.8  2.94  8.32 214.33  26.45  3  2.75  8.32 212.97  26.82  1.01 13.39 219.76   8.78  0.26 14.25 310.60  11.50
20071114 060000  8.6 161.1  2.58  8.26 215.11  26.91  4  2.38  8.26 213.61  27.60  0.98 13.38 219.55   9.02  0.18 12.70 310.92  12.34  0.16 14.30 311.55   8.25
20071114 090000  7.7 155.4  2.27  8.08 216.19  26.65  3  2.04  8.08 214.62  27.65  0.97 13.33 219.16   9.31  0.23 13.31 310.48  11.85
20071114 120000  6.0 168.5  2.08 13.18 216.96  25.59  4  1.79  8.06 214.96  26.77  1.02 13.15 218.48  10.32  0.23 13.33 310.04  12.56  0.18 10.38 257.27   4.29
20071114 150000  8.1 199.1  2.00 12.92 217.36  23.72  4  1.68  8.20 215.75  24.71  1.04 12.86 217.64  10.15  0.23 13.37 309.70  13.12  0.15 10.37 256.77   3.94
20071114 180000 11.2 218.7  2.18 12.78 218.37  22.46  2  2.17 12.72 217.67  20.77  0.24 13.41 308.99  14.17
20071114 210000  9.7 211.7  2.31 12.68 218.77  23.27  4  1.98  7.16 218.49  24.57  1.14 12.63 216.95  10.35  0.24 13.43 308.65  14.90  0.19 16.83 226.45   7.91
20071115 000000  5.9 216.2  2.19 12.58 219.14  23.78  3  1.81  7.30 219.05  25.84  1.21 12.53 217.30  10.94  0.23 13.43 309.16  14.80
20071115 030000  4.3 202.5  2.00 12.41 219.85  23.09  4  1.54  7.45 220.44  25.96  1.22 12.38 216.79  11.29  0.30 15.95 225.72   8.09  0.22 13.41 310.01  14.69
20071115 060000  4.8 222.5  1.84 12.10 220.40  22.09  3  1.80 12.07 219.42  20.43  0.32 15.69 226.41   7.76  0.20 13.34 312.30  12.78
20071115 090000  4.4 170.5  1.75 11.96 220.56  21.37  2  1.73 11.92 219.79  19.30  0.19 12.90 313.25  12.58
20071115 120000  4.4 205.5  1.68 12.05 220.79  20.59  3  1.62 11.98 219.40  18.71  0.42 14.73 228.08   6.16  0.19 12.53 313.55  13.09
20071115 150000  5.7 228.6  1.65 12.66 220.98  20.06  4  1.58 12.83 219.51  17.97  0.43 14.60 227.99   6.57  0.19 12.53 312.99  14.16  0.05 17.41 308.81   8.57
20071115 180000  7.0 226.9  1.66 13.15 221.34  20.26  4  1.64 13.37 220.36  17.81  0.19 12.55 312.54  14.70  0.17 19.10 229.96   8.49  0.05 16.89 308.94   8.57
20071115 210000  7.1 213.1  1.66 13.06 221.10  20.79  4  1.63 13.20 220.07  18.38  0.20 12.57 312.19  15.17  0.18 18.98 230.54   8.63  0.06 16.69 308.48   8.95
20071116 000000  3.1 170.7  1.60 12.83 220.66  21.24  5  1.56 12.92 219.09  18.35  0.21 18.79 231.60   8.67  0.20 12.58 311.60  16.22  0.15  8.64 260.98   5.58  0.06 16.62 308.01   9.33
20071116 030000  3.1 196.2  1.51 12.68 221.19  21.02  5  1.47 12.70 219.39  17.82  0.26 18.27 229.97   9.17  0.19 12.59 312.18  15.60  0.15  8.40 260.20   5.58  0.07 16.58 307.77   9.20
20071116 060000  4.5 179.2  1.45 12.56 221.47  20.93  5  1.39 12.56 219.40  17.59  0.33 17.52 228.44   9.62  0.19 12.58 312.56  15.62  0.15  8.30 260.14   6.07  0.07 16.53 307.76   9.23
20071116 090000  5.6 179.2  1.40 12.41 221.17  21.59  5  1.33 12.39 218.90  18.33  0.35 17.53 228.87   9.71  0.18 12.54 313.13  15.38  0.15  8.20 260.03   6.02  0.08 16.43 308.10   9.32
20071116 120000  5.4 185.8  1.36 12.19 220.99  22.21  7  1.29 12.16 218.47  18.96  0.31 17.61 228.89  11.36  0.19 15.95 229.53   4.98  0.16  7.93 259.18   7.27  0.15 12.44 309.68  13.59  0.09 16.20 308.38   9.29  0.08 10.15 330.15   6.20
20071116 150000  7.8 205.5  1.36 12.02 220.52  22.90  7  0.56  3.29 205.68  31.58  1.14 12.02 220.67  15.18  0.44 16.43 225.95  11.33  0.15 12.03 311.15  12.22  0.15  7.98 257.87   7.78  0.09 15.74 309.21   9.01  0.07  9.80 331.27   6.37
20071116 180000  8.7 217.7  1.44 11.99 222.48  23.32  5  1.35 12.01 220.44  21.51  0.47 16.38 226.54  10.88  0.16 11.89 315.31  13.60  0.14  7.83 259.34   7.49  0.09 15.60 309.44   8.72
20071116 210000  7.3 208.2  1.40 12.10 223.22  24.19  7  0.86  4.55 224.46  31.36  0.96 12.21 218.96  11.35  0.38 16.32 232.30   7.68  0.34 14.63 215.60   7.25  0.16 11.84 315.10  14.07  0.14  7.79 259.47   8.43  0.09 15.54 309.16   8.66
20071117 000000  5.6 198.1  1.30 15.41 223.40  24.70  6  1.14 12.30 220.93  23.67  0.58 15.37 224.45  10.78  0.14 11.83 309.99  12.62  0.13  7.75 259.32   8.62  0.10 15.50 308.60   8.79  0.08  9.71 330.65   5.60
20071117 030000  5.3 186.7  1.20 15.27 223.66  24.69  6  0.72  6.09 220.39  31.18  0.93 15.24 222.33  10.98  0.14 11.82 310.60  12.83  0.12  7.49 259.20   8.13  0.11 15.44 307.64   9.72  0.08  9.57 330.11   6.87
20071117 060000  4.4 170.5  1.15 15.13 223.92  24.35  5  1.13 15.10 221.78  20.13  0.14 11.82 310.27  13.22  0.12 15.36 308.39   9.47  0.11  7.42 259.40   7.78  0.07  9.51 330.99   5.61
20071117 090000  5.3 163.8  1.15 14.59 223.64  24.71  6  0.80 11.57 219.97  27.00  0.80 14.54 223.26  10.81  0.14 11.81 309.53  13.47  0.12 15.20 308.53   9.63  0.07  9.52 329.77   7.02  0.05  9.55 257.37   4.26
20071117 120000  6.7 158.8  1.21 14.33 221.28  27.63  4  0.45  2.86 175.25  35.80  1.11 14.30 225.17  14.30  0.15 11.79 314.57  14.46  0.13 14.83 309.11   9.39
20071117 150000  9.4 200.8  1.39 14.09 221.06  25.35  4  0.88  7.24 214.62  32.40  1.06 14.03 222.94  11.30  0.15 11.75 314.90  14.42  0.12 14.64 309.80   9.17
20071117 180000 11.4 206.8  1.69 13.70 223.18  25.22  5  1.33  4.52 222.58  28.65  1.02 13.65 222.14  10.57  0.12 14.56 309.59   9.56  0.12 11.65 311.91  11.13  0.06  9.06 331.26   5.17
20071117 210000 11.6 202.3  1.93 13.53 221.79  26.42  6  1.62  5.28 220.79  29.28  1.04 13.51 222.10  10.66  0.12 14.51 309.48   9.36  0.11 11.48 312.18  10.89  0.06  9.02 330.45   6.09  0.05 17.80 304.86   9.76
20071118 000000  7.7 188.4  1.93 13.39 220.75  27.47  7  1.49  5.79 215.69  31.65  1.04 13.37 221.55  10.57  0.63  7.73 238.02  13.75  0.13 14.46 309.14   9.26  0.11 11.25 312.28  10.64  0.06  9.00 330.35   6.07  0.05 17.78 305.01   9.91
20071118 030000  9.0 191.3  1.80 13.08 220.95  27.15  5  1.44  5.88 219.47  31.13  1.06 13.05 221.40  10.52  0.14 14.40 309.00   9.31  0.12 11.17 315.98  12.70  0.06 17.75 305.47   9.81
20071118 060000  9.7 187.3  1.83 12.77 218.77  27.14  5  1.42  5.76 215.37  31.53  1.13 12.76 221.65  10.73  0.15 14.33 308.88   9.47  0.12 11.13 316.00  12.51  0.06 17.66 305.74   9.51
20071118 090000  8.5 186.6  1.92 12.59 219.20  25.94  5  1.46  6.14 215.47  30.57  1.23 12.58 222.26  11.12  0.15 14.25 309.01   9.68  0.11 11.11 315.63  12.50  0.07 17.16 306.50   8.74
20071118 120000  7.2 187.9  2.00 12.36 221.70  24.00  5  1.45  6.66 219.21  29.15  1.36 12.36 223.04  11.66  0.14 14.08 309.63   9.24  0.11 11.09 315.68  12.14  0.08 16.71 306.66   9.33
20071118 150000 10.0 208.6  2.15 11.96 222.81  22.49  4  2.14 11.98 222.35  21.48  0.13 13.81 309.91   9.05  0.10 11.05 316.56  10.97  0.09 16.65 307.03   9.52
20071118 180000 11.5 207.9  2.43 11.88 222.57  22.59  4  2.42 11.89 222.24  21.86  0.12 13.68 310.09   8.85  0.09 11.03 316.49  10.83  0.09 16.64 305.55   9.46
20071118 210000 11.5 204.4  2.63  7.74 221.57  23.63  4  2.63  7.74 221.29  23.07  0.13 13.61 309.86   8.69  0.09 16.64 305.49   9.52  0.08 10.99 316.33  10.77
20071119 000000  8.6 200.6  2.68  8.16 220.79  24.08  5  2.42  8.16 220.72  25.44  1.14 12.03 219.62  11.19  0.14 13.56 309.43   8.74  0.10 16.67 307.05   9.66  0.07 10.91 318.29   9.19
20071119 030000  9.4 191.5  2.64  8.64 220.11  23.64  4  2.32  8.64 219.77  25.38  1.24 12.05 219.91  11.22  0.15 13.51 310.48   9.08  0.11 16.68 307.45   9.35
20071119 060000  9.6 190.7  2.60  8.74 219.23  23.34  5  2.28  8.74 218.82  24.93  1.24 12.01 219.03  11.45  0.15 13.47 310.23   9.03  0.11 15.86 306.02   9.19  0.07 17.80 313.57   7.39
20071119 090000  7.6 175.5  2.54 11.93 219.38  22.93  5  2.16  8.95 219.15  24.98  1.32 11.92 218.62  11.19  0.15 13.45 310.21   8.93  0.11 15.62 306.15   9.54  0.07 17.79 314.05   7.55
20071119 120000  7.1 174.9  2.47 11.77 220.32  21.84  5  2.05  9.36 220.41  23.96  1.36 11.77 218.88  11.35  0.14 13.43 309.89   9.16  0.14 15.58 308.07   9.89  0.06 20.95 228.21   7.93
20071119 150000  8.9 208.0  2.44 11.64 220.58  20.83  5  2.01  9.40 220.54  22.77  1.37 11.65 219.45  11.44  0.14 15.58 307.31  10.06  0.13 13.39 310.53   9.26  0.08 20.43 228.17   8.05
20071119 180000 12.1 216.5  2.63 11.63 220.55  20.77  4  2.62 11.63 220.21  19.97  0.15 15.64 307.94  10.12  0.12 13.28 310.16   9.20  0.10 20.29 226.95   8.75
20071119 210000 10.9 204.1  2.81 11.63 219.55  22.43  4  2.80 11.62 219.23  21.75  0.16 15.85 309.45  10.22  0.13 19.39 226.08   9.41  0.12 13.01 309.52   8.82
20071120 000000  7.3 197.8  2.75  8.36 219.41  23.29  6  2.44  8.36 218.82  24.63  1.22 11.61 219.72  10.46  0.17 19.11 225.63   9.54  0.16 16.21 309.32  10.17  0.12 12.81 309.28   9.39  0.07 19.11 315.07   7.40
20071120 030000  7.7 198.6  2.57  8.46 220.04  22.82  7  2.15  8.46 219.83  24.99  1.39 11.51 218.84  10.94  0.18 18.95 228.74   6.34  0.13 16.43 309.71  11.89  0.13 12.75 309.86   8.93  0.09 14.64 308.82   4.86  0.09 18.97 314.11   7.75
20071120 060000  7.3 190.6  2.45 11.41 220.44  21.98  7  2.01  8.69 220.73  23.94  1.37 11.43 217.99  10.98  0.22 18.08 229.34   5.14  0.14 14.54 306.32   9.43  0.12 12.61 310.43   9.13  0.11 16.53 312.85   8.32  0.09 18.95 315.55   7.75
20071120 090000  4.2 167.5  2.42 11.19 220.69  20.93  5  2.39 11.16 219.97  19.46  0.24 17.78 230.53   5.56  0.19 14.64 308.82   9.72  0.12 12.62 310.40   9.53  0.09 18.92 314.62   8.57
20071120 120000  2.3 197.8  2.42 14.06 220.51  19.96  5  2.39 13.60 219.68  18.18  0.28 17.69 231.36   5.82  0.21 14.75 309.42  10.41  0.11 12.60 309.75   9.11  0.10 18.39 313.35   6.99
20071120 150000  5.0 250.6  2.42 13.56 220.04  19.52  4  2.40 13.49 219.25  17.24  0.22 15.12 309.27  10.19  0.13 17.89 314.97   7.43  0.11 12.60 309.47   9.31
20071120 180000  7.9 231.8  2.41 13.39 220.01  19.74  4  2.36 13.37 218.82  17.33  0.39 16.63 230.51   5.65  0.24 15.31 309.91  10.04  0.15 17.82 314.44   8.19
20071120 210000  5.7 210.7  2.37 13.29 219.50  19.97  4  2.30 13.28 218.12  17.49  0.47 16.61 229.94   6.18  0.24 15.38 309.90   9.81  0.16 17.77 315.25   8.39
20071121 000000  2.2 191.4  2.30 13.22 219.21  19.94  3  2.28 13.21 218.25  17.10  0.24 15.38 310.31  10.15  0.16 17.69 314.73   7.38
20071121 030000  4.1 219.2  2.23 13.17 219.30  20.02  2  2.21 13.13 218.17  16.60  0.31 16.77 311.77   9.44
20071121 060000  7.6 197.2  2.19 13.20 219.10  20.76  3  2.17 13.07 217.64  16.41  0.25 14.33 310.01  10.11  0.23 16.70 314.00   7.76
20071121 090000  5.7 187.8  2.15 14.21 219.22  21.81  3  2.12 14.17 217.41  16.60  0.29 14.45 310.62   9.67  0.23 16.67 313.92   8.30
20071121 120000  3.4 193.7  2.10 14.22 220.13  22.10  3  2.06 14.19 218.06  16.23  0.31 14.48 310.82   9.80  0.24 16.64 313.83   8.42
20071121 150000  6.9 224.8  2.07 14.10 221.11  22.16  3  2.03 14.01 218.93  16.05  0.29 14.37 309.87   9.91  0.26 16.52 314.79   7.99
20071121 180000  8.6 208.9  2.10 13.60 221.07  22.61  2  2.06 13.50 218.99  17.01  0.39 16.29 312.18   9.45
20071121 210000  9.0 205.8  2.15 13.46 220.39  23.34  3  2.12 13.39 218.42  18.29  0.37 15.62 312.24   9.33  0.10 11.86 315.05   9.32
20071122 000000  7.1 187.0  2.19 13.40 219.78  24.26  2  2.16 13.33 217.84  19.52  0.39 15.50 312.62   9.21
20071122 030000  9.1 195.7  2.18 13.38 219.30  24.86  2  2.14 13.29 217.25  19.96  0.40 15.46 312.62   9.06
20071122 060000 10.5 183.9  2.23 13.36 217.32  26.09  4  1.64  6.97 212.74  27.19  1.46 13.22 218.18   9.41  0.34 15.42 312.41   8.49  0.22 13.42 312.80  10.17
20071122 090000 10.2 187.3  2.32 13.26 216.83  26.73  3  1.80  7.00 212.50  27.36  1.40 13.12 218.45   9.20  0.41 15.38 312.46   9.01
20071122 120000  8.1 173.3  2.41 13.14 218.20  26.72  3  1.94  7.50 215.31  27.33  1.37 12.98 218.46   9.48  0.40 15.30 312.46   9.02
20071122 150000  8.9 202.7  2.42 12.98 220.68  25.46  3  2.01  8.07 218.90  25.26  1.28 12.84 219.32   9.45  0.39 15.11 312.48   9.05
20071122 180000 13.5 210.5  2.73 12.77 220.43  24.26  2  2.70 12.66 219.26  21.63  0.37 14.54 312.50   9.09
20071122 210000 13.8 203.0  3.13  7.85 218.30  25.15  2  3.11  7.85 217.49  23.42  0.36 14.46 312.57   9.09
20071123 000000  9.6 187.2  3.29  8.47 216.98  26.30  3  3.10  8.47 215.47  26.03  1.05 12.18 222.86   8.85  0.34 14.43 312.70   8.88
20071123 030000 11.7 187.5  3.06  8.77 216.98  26.70  3  2.88  8.77 215.35  26.30  0.98 12.02 223.08   8.59  0.34 14.41 312.58   8.87
20071123 060000 11.2 179.1  2.92  8.70 216.29  27.39  3  2.70  8.70 214.10  27.29  1.07 11.35 223.41   9.24  0.33 14.39 312.37   8.99
20071123 090000  9.8 175.5  2.78  8.79 217.71  27.37  2  2.76  8.79 216.85  25.72  0.32 14.33 312.32   8.87
20071123 120000  7.9 189.3  2.62  8.98 220.27  26.00  3  2.60  8.98 219.37  24.21  0.31 14.22 312.29   8.94  0.05 17.75 315.51   7.78
20071123 150000 10.5 205.4  2.57  9.03 221.52  24.35  3  2.55  9.03 220.67  22.53  0.30 13.83 312.29   9.05  0.05 17.70 315.14   7.92
20071123 180000 12.5 217.0  2.79  8.86 222.66  23.24  3  2.77  8.86 221.99  21.78  0.28 13.59 312.40   9.10  0.06 17.53 314.90   8.11
20071123 210000 10.9 207.0  3.04  8.83 223.19  24.00  3  3.03  8.83 222.66  22.91  0.27 13.52 312.29   9.32  0.07 16.90 315.24   8.09
20071124 000000  8.7 197.1  2.99  9.08 223.74  24.57  3  2.98  9.08 223.19  23.50  0.27 13.49 312.15   9.42  0.08 16.73 315.76   7.91
20071124 030000  6.5 203.3  2.84  9.34 224.79  23.72  4  2.82  9.34 224.21  22.59  0.26 13.47 312.34   8.96  0.20 13.54 225.00   0.02  0.08 16.62 310.28  23.43
20071124 060000  4.8 196.3  2.71  9.65 225.14  22.53  4  2.68  9.65 224.52  21.30  0.28 13.66 224.45   3.68  0.27 13.45 312.10   9.25  0.05 19.96 314.20   7.54
20071124 090000  2.9 190.6  2.57  9.79 224.81  21.72  4  2.55  9.78 224.14  20.20  0.25 13.40 311.69   9.37  0.08 16.23 313.99   8.72  0.07 19.29 311.65   9.24
20071124 120000  2.2 206.5  2.44  9.84 224.70  21.22  4  2.43  9.84 223.99  19.50  0.24 13.33 311.63   9.33  0.09 15.79 314.16   9.08  0.08 19.03 312.78   9.12
20071124 150000  5.3 244.8  2.34  9.81 225.20  20.88  4  2.32  9.81 224.41  18.97  0.23 13.15 311.65   9.38  0.10 15.69 314.99   8.55  0.09 19.00 313.55   8.72
20071124 180000  7.8 233.8  2.27  9.73 225.98  21.00  5  2.25  9.73 225.20  18.96  0.22 12.83 311.59   9.51  0.10 18.87 313.15   8.56  0.10 15.69 316.66   7.41  0.09 13.69 193.07   4.84
20071124 210000  5.2 215.0  2.17  9.64 225.95  21.26  5  2.15  9.64 225.04  19.09  0.21 12.71 311.36   9.75  0.12 18.58 312.77   8.69  0.10 15.58 316.83   6.49  0.05 17.87 223.67   7.76
20071125 000000  3.0 193.1  2.05  9.54 225.77  21.39  6  1.87  9.54 224.21  20.12  0.80 11.71 227.44   9.69  0.20 12.66 311.49   9.84  0.14 17.99 313.48   9.00  0.10 15.30 313.02   7.74  0.05 17.65 222.23   7.70
20071125 030000  4.4 220.0  1.93  9.45 225.59  21.71  7  1.76  9.44 223.84  19.93  0.75 11.68 227.19  10.33  0.19 12.62 311.77   9.52  0.16 17.81 313.41   8.82  0.11 14.88 311.81   9.66  0.07 16.79 222.17   7.57  0.06 20.77 224.95   7.77
20071125 060000  4.7 196.0  1.85  9.47 225.20  22.25  7  1.63  9.39 222.91  20.30  0.81 11.36 227.14  10.87  0.19 12.60 311.37   9.62  0.18 17.73 313.47   8.87  0.11 14.76 313.72   8.79  0.10 20.40 224.46   7.87  0.07 16.63 222.05   8.14
20071125 090000  3.6 183.5  1.80  9.66 224.98  22.56  7  1.55  9.39 222.62  20.43  0.85 11.15 225.75  11.31  0.21 17.61 314.54   8.65  0.18 12.58 311.31   9.50  0.15 20.02 223.46   7.92  0.09 16.49 222.48   7.76  0.08 14.49 309.35   6.83
20071125 120000  3.3 205.2  1.78  9.71 224.77  22.72  6  1.40  8.91 222.78  21.13  1.03 10.62 223.31  12.23  0.24 17.28 313.85   8.54  0.21 19.72 223.09   8.17  0.18 12.56 311.08   9.52  0.10 15.71 221.75   7.47
20071125 150000  5.5 232.1  1.76  9.53 224.71  23.12  6  1.39  8.89 221.46  21.22  0.99 10.41 225.03  11.17  0.28 19.13 222.44   8.30  0.27 16.76 313.47   8.50  0.17 12.46 310.93  10.05  0.12 15.63 222.52   8.43
20071125 180000  6.7 217.9  1.76  9.25 224.96  24.17  5  1.48  9.06 221.74  21.28  0.80 10.62 226.35  11.94  0.39 18.73 222.17   8.40  0.27 16.65 313.77   8.69  0.18 12.52 310.38   9.78
20071125 210000  6.4 216.7  1.69  9.12 225.04  25.17  6  1.45  9.10 221.59  21.78  0.64 10.62 226.48  10.06  0.48 17.91 221.96   8.54  0.31 16.59 312.93   9.30  0.13 11.85 312.32   9.10  0.11 10.41 266.90   4.05
20071126 000000  5.3 172.4  1.60 17.18 225.17  26.27  7  1.19  8.32 221.12  24.57  0.81 10.13 223.78  10.92  0.59 17.47 221.76   8.68  0.29 16.48 313.75   8.74  0.14 13.34 309.80  10.69  0.13 10.26 267.57   4.72  0.11 11.76 311.90   8.84
20071126 030000  4.8 192.0  1.52 16.62 225.62  26.95  6  1.09  8.27 221.07  24.60  0.70 10.13 223.19  11.22  0.69 16.69 221.56   8.97  0.33 16.12 312.96   8.96  0.16 10.02 264.71   6.75  0.12 11.77 313.09   9.64
20071126 060000  3.7 199.1  1.47 16.12 226.60  27.34  6  0.95  7.80 221.64  24.75  0.79 16.24 221.51   9.28  0.67 10.08 222.88  11.46  0.35 15.67 313.11   8.73  0.17  9.83 265.22   7.19  0.12 11.76 312.61  10.13
20071126 090000  2.1 204.5  1.43 15.58 227.75  27.63  6  0.88 15.58 221.60   9.56  0.85  7.70 222.88  24.54  0.61  9.95 222.86  11.28  0.36 15.57 313.43   8.81  0.18  9.60 265.31   7.58  0.14 11.95 311.15   9.53
20071126 120000  2.7 176.7  1.40 15.30 228.72  27.72  5  0.94 15.20 222.09   9.82  0.74  7.19 224.79  24.68  0.58  9.65 221.59  11.15  0.40 15.52 313.12   9.09  0.19  9.59 264.97   7.58
20071126 150000  4.6 231.3  1.39 14.69 229.49  27.74  5  0.98 14.58 222.84  10.16  0.68  6.96 224.55  24.58  0.55  9.68 222.74  11.20  0.40 15.47 313.05   9.21  0.19  9.47 265.69   7.58
20071126 180000  6.4 226.9  1.41 14.42 230.46  27.76  5  0.71  6.69 227.70  25.84  1.01 14.32 223.91  10.25  0.51  9.58 220.41  10.70  0.41 15.34 312.94   9.19  0.19  9.35 265.66   7.78
20071126 210000  5.1 216.3  1.40 13.90 230.99  28.19  4  0.94 13.76 226.25   9.96  0.94  9.98 223.21  21.73  0.41 14.90 312.86   9.12  0.18  9.20 266.74   7.45
20071127 000000  2.6 185.2  1.39 13.65 231.50  28.60  4  0.97 13.54 227.17  10.09  0.88  9.85 221.88  21.64  0.42 14.64 312.87   9.10  0.17  9.05 266.50   7.78
20071127 030000  3.7 195.3  1.37 13.39 232.28  28.69  4  0.99 13.27 228.10  10.18  0.83  9.60 220.94  20.58  0.43 14.56 312.96   9.14  0.17  8.93 266.59   7.94
20071127 060000  6.6 179.3  1.39 12.92 231.37  29.72  4  0.81  9.23 217.09  22.68  1.02 12.88 228.48  10.59  0.44 14.52 313.05   9.24  0.16  8.81 266.54   7.91
20071127 090000  6.1 190.2  1.41 12.75 230.53  30.15  4  0.85  8.98 214.94  23.54  1.03 12.70 229.35  10.88  0.44 14.48 313.06   9.34  0.15  8.61 266.19   7.74
20071127 120000  6.7 187.0  1.44 12.60 229.78  30.22  4  0.87  8.76 213.35  24.62  1.06 12.54 229.80  11.41  0.43 14.43 312.98   9.39  0.14  8.47 267.00   7.48
20071127 150000  7.2 201.9  1.48 12.44 228.98  29.81  4  0.94  8.41 213.73  24.19  1.06 12.37 230.15  11.95  0.42 14.32 312.83   9.45  0.13  8.42 266.87   7.62
20071127 180000  7.9 225.7  1.58 12.21 229.34  28.48  3  1.07  8.21 219.03  24.20  1.08 12.18 229.88  12.66  0.42 13.96 312.69   9.52
20071127 210000  8.1 210.3  1.67 12.09 228.69  28.61  4  1.18  4.93 219.78  25.17  1.11 12.06 229.22  13.30  0.43 13.72 312.54   9.79  0.06 23.36 310.48   8.92
20071128 000000  6.7 194.6  1.68 12.08 227.81  29.34  5  1.01  5.31 216.38  28.78  1.16 12.03 228.16  13.76  0.50  7.85 223.46  13.98  0.43 13.64 312.62   9.81  0.08 23.17 311.34   8.86
20071128 030000  6.3 197.5  1.66 12.02 227.67  29.09  5  0.93  5.41 215.20  28.56  1.22 11.97 226.93  13.93  0.45  7.68 225.09  14.54  0.43 13.60 312.74   9.82  0.09 23.12 312.30   8.77
20071128 060000  5.7 196.2  1.64 11.86 227.92  28.47  6  0.82  5.38 214.88  28.79  1.25 11.79 225.68  14.02  0.44 15.53 221.08   8.26  0.43 13.57 312.83   9.78  0.28 11.83 245.00   0.00  0.10 22.97 312.14   8.63
20071128 090000  5.3 190.0  1.64 11.71 228.28  27.68  5  1.45 11.40 223.23  19.44  0.58 14.96 221.26   8.91  0.43 13.54 312.72   9.90  0.27 11.83 245.00   0.00  0.12 22.03 310.86   8.75
20071128 120000  6.2 197.2  1.69 11.55 228.06  26.75  6  0.66  5.09 214.30  29.82  1.21 11.23 225.24  13.93  0.81 14.82 222.44   8.92  0.42 13.49 312.40  10.17  0.30 11.92 246.08   3.15  0.14 21.67 310.68   9.01
20071128 150000  7.8 209.1  1.83 15.12 226.98  25.47  4  1.42 11.31 223.50  19.92  1.05 15.14 222.51   8.87  0.42 13.42 311.97  10.56  0.16 21.57 311.22   9.14
20071128 180000  9.9 217.8  2.12 15.20 225.75  24.07  4  1.60 11.29 223.32  21.35  1.30 15.19 222.38   9.10  0.42 13.29 311.66  10.80  0.18 21.43 311.53   8.91
20071128 210000  9.8 206.0  2.40 14.68 224.52  23.79  5  1.42  5.39 218.14  27.12  1.88 14.69 224.51  11.16  0.37 13.05 313.66   9.10  0.19 20.73 311.18   8.47  0.17 15.58 301.88  13.03
20071129 000000  6.3 210.0  2.47 14.47 224.95  23.40  4  1.38  5.92 218.48  28.04  2.00 14.49 224.68  10.95  0.40 12.89 311.79  10.52  0.23 20.34 310.71   8.66
20071129 030000  6.1 191.9  2.45 14.40 225.95  22.68  5  1.22  6.05 219.45  27.92  2.07 14.42 224.97  10.87  0.36 12.80 313.65   9.11  0.26 20.19 310.52   9.17  0.16 15.53 303.20  11.73
20071129 060000  8.1 191.5  2.40 13.92 226.27  22.79  4  1.07  5.99 216.80  29.06  2.09 13.95 225.41  10.91  0.40 12.75 311.98  10.26  0.27 20.03 310.48   9.47
20071129 090000  6.0 191.4  2.31 13.62 227.03  23.26  4  0.93  5.73 214.87  31.12  2.06 13.64 225.90  11.07  0.40 12.72 311.66  10.51  0.28 19.46 310.30   8.93
20071129 120000  5.7 187.7  2.20 13.60 228.50  23.69  4  2.14 13.62 225.21  16.11  0.32 12.68 313.30   9.07  0.31 19.12 310.40   8.41  0.25 14.64 307.24  12.72
20071129 150000  7.9 210.1  2.13 14.05 229.52  24.52  4  2.06 13.82 225.62  15.91  0.35 18.98 310.60   8.55  0.32 12.67 313.46   8.89  0.25 14.57 304.82  14.23
20071129 180000  8.4 211.7  2.08 14.07 230.23  25.43  5  0.89  4.45 218.76  28.56  1.80 13.85 227.44  11.18  0.38 18.84 310.27   9.18  0.32 12.67 313.94   9.28  0.23 14.54 301.81  13.26
20071129 210000 10.1 210.3  2.13 13.53 229.72  26.12  5  1.15  4.70 220.22  27.20  1.70 13.50 227.75  11.07  0.39 18.56 309.79   9.50  0.28 14.32 307.24  13.58  0.27 12.51 312.66   9.51
20071130 000000  6.1 185.4  2.14 13.44 228.47  27.80  5  1.27  5.31 216.99  29.29  1.64 13.42 228.26  10.93  0.38 17.99 309.22   9.22  0.38 14.24 310.22  11.92  0.05 23.31 304.40   9.04
20071130 030000  6.5 194.4  2.03 13.40 230.42  28.26  5  1.10  5.55 217.00  29.58  1.61 13.38 228.86  10.93  0.41 17.83 309.33   8.73  0.38 14.09 310.61  11.63  0.06 23.28 304.17   9.13
20071130 060000  6.8 194.3  1.97 13.33 232.12  28.71  5  0.95  5.54 214.62  29.32  1.62 13.29 229.73  11.03  0.45 17.76 309.81   8.60  0.38 13.69 311.10  10.70  0.07 23.20 303.79   9.22
20071130 090000  6.5 183.0  1.95 13.17 233.56  29.04  6  0.84  5.40 212.12  30.69  1.65 13.05 230.56  10.95  0.48 17.67 310.04   8.83  0.32 13.58 310.09  11.52  0.21 11.77 312.23   9.28  0.08 22.75 303.66   9.20
20071130 120000  6.5 183.1  1.96 12.93 234.82  28.42  5  1.86 12.84 228.52  17.95  0.48 17.45 309.81   9.18  0.32 13.50 308.43  12.47  0.20 11.76 313.84   7.88  0.09 21.88 303.90   9.11
20071130 150000  6.6 215.4  2.00 12.83 236.04  26.41  5  1.91 12.77 230.41  16.42  0.46 16.91 309.04   9.39  0.33 13.44 307.50  11.86  0.17 11.76 317.86   5.87  0.12 21.78 303.87   9.38
20071130 180000  8.1 219.5  2.18 12.89 236.43  24.47  5  0.77  4.12 219.45  28.88  1.95 12.81 233.48  11.29  0.46 16.70 308.47   9.24  0.36 13.37 309.50  11.88  0.14 21.74 303.56   9.53
20071130 210000  9.0 206.4  2.54 13.48 235.75  23.30  4  2.46 13.58 232.05  16.10  0.50 16.63 308.47   9.19  0.36 13.30 309.44  12.10  0.15 21.68 303.02   9.86
20071201 000000  8.1 188.2  2.93 16.45 235.22  22.25  5  2.67 13.88 232.22  16.92  1.01 17.88 232.64  10.34  0.52 16.58 309.14   8.83  0.36 13.24 310.25  11.26  0.15 21.43 302.92   9.89
