Date     Time   Uabs UDir  hs    tp    th     sp     np hs(i) tp(i) th(i)  sp(i)
19830101 000000  9.3 192.2  3.89  9.01 221.39  28.77  3  3.49  9.01 216.74  25.66  1.55 13.22 228.66  10.52  0.77 15.65 311.46   8.95
19830101 030000  9.0 195.3  3.61  9.15 224.15  27.92  4  3.00  9.15 218.22  25.28  1.84 12.87 228.66  11.20  0.76 15.57 311.62   8.88  0.33 16.59 225.00   0.03
19830101 060000 10.1 192.2  3.46 15.52 225.52  26.66  4  2.52  9.11 217.79  25.16  1.89 13.27 229.45  11.33  1.22 16.21 224.36  10.76  0.75 15.51 311.69   8.96
19830101 090000  8.9 191.3  3.46 15.48 225.86  25.41  3  2.26  8.86 217.45  25.31  2.51 15.53 227.09  11.07  0.74 15.44 311.80   9.08
19830101 120000  5.8 186.6  3.46 15.38 226.61  24.10  3  2.64 15.39 226.63  10.95  2.11  8.87 219.18  24.61  0.73 15.37 312.02   9.02
19830101 150000  8.6 222.1  3.44 15.26 227.47  22.77  2  3.37 15.25 224.86  16.44  0.71 15.28 312.18   8.99
19830101 180000 10.4 208.2  3.47 15.09 227.16  22.58  2  3.40 15.06 224.72  16.64  0.69 15.19 312.30   8.95
19830101 210000  8.6 213.0  3.48 14.87 226.85  22.87  3  2.28  9.09 223.39  23.43  2.54 14.82 225.40   9.95  0.68 15.06 312.42   8.94
19830102 000000  7.4 204.1  3.47 14.74 226.55  23.15  3  2.35  9.01 223.33  23.48  2.46 14.72 225.11  10.21  0.66 14.83 312.59   8.90
19830102 030000  6.8 203.2  3.40 14.64 226.33  23.22  3  2.36 14.63 224.33   9.96  2.35  9.14 223.71  23.15  0.66 14.66 312.70   9.04
19830102 060000  6.0 206.5  3.29 14.52 226.39  23.06  3  2.39 14.51 224.79  10.42  2.16  9.26 222.96  22.99  0.65 14.56 312.86   8.98
19830102 090000  3.8 236.9  3.15 14.40 226.56  22.87  2  3.09 14.39 224.04  16.65  0.64 14.50 312.89   9.06
19830102 120000  1.8  27.2  3.02 14.29 226.85  22.77  2  2.95 14.26 224.22  16.14  0.63 14.47 312.98   9.00
19830102 150000  4.9 258.4  2.89 14.15 227.33  22.76  2  2.83 14.07 224.56  15.74  0.61 14.43 313.12   8.95
19830102 180000  7.6 239.6  2.82 13.89 228.08  22.99  2  2.76 13.77 225.26  16.03  0.60 14.39 313.25   8.91
19830102 210000  4.7 213.3  2.70 13.69 228.25  23.36  2  2.63 13.61 225.21  15.92  0.60 14.35 313.35   8.92
19830103 000000  2.2 184.0  2.57 13.57 228.33  23.68  2  2.50 13.51 225.01  15.51  0.60 14.29 313.39   8.95
19830103 030000  4.9 213.7  2.44 13.48 228.40  23.99  3  2.37 13.42 224.78  15.10  0.59 14.22 313.43   8.99  0.07 23.32 301.25  10.10
19830103 060000  6.9 171.2  2.34 13.37 227.44  25.21  3  2.27 13.30 223.61  16.30  0.57 14.15 313.47   9.01  0.08 23.29 301.28  10.20
19830103 090000  3.2 188.1  2.21 13.20 227.84  25.52  3  2.14 13.08 223.70  15.92  0.56 14.04 313.54   8.99  0.08 23.28 301.27  10.11
19830103 120000  4.3 191.5  2.09 12.97 228.52  25.68  3  2.02 12.85 224.03  15.20  0.55 13.81 313.62   8.93  0.08 23.06 301.06   9.73
19830103 150000  5.1 247.2  2.00 12.85 229.32  26.05  3  1.92 12.75 224.45  14.89  0.54 13.65 313.65   8.91  0.11 21.91 300.33  10.03
19830103 180000  6.6 248.9  1.95 12.79 230.79  26.66  4  1.87 12.69 225.59  15.58  0.53 13.55 313.80   8.89  0.14 21.79 300.27  10.53  0.12 16.74 308.84   8.93
19830103 210000  4.5 229.2  1.89 12.75 231.58  27.22  4  1.80 12.64 226.01  15.84  0.52 13.48 313.69   8.97  0.15 21.77 300.58  10.73  0.13 16.68 308.33   9.06
19830104 000000  1.0 318.4  1.81 12.68 232.11  27.54  4  1.73 12.57 226.15  15.46  0.52 13.45 313.51   9.11  0.15 21.75 301.01  10.54  0.13 16.66 308.12   9.27
19830104 030000  3.6 205.2  1.75 12.59 232.88  27.90  4  1.66 12.48 226.42  15.05  0.52 13.44 313.39   9.29  0.17 21.35 300.52   9.77  0.12 16.64 306.96   8.63
19830104 060000  7.5 174.2  1.73 12.51 232.36  29.70  4  1.63 12.41 225.22  17.09  0.51 13.42 313.10   9.61  0.23 20.43 299.32   9.99  0.11 16.64 310.21   5.80
19830104 090000  5.4 166.8  1.71 12.42 232.30  31.49  4  1.59 12.33 224.36  19.61  0.52 13.38 312.99   9.52  0.28 20.36 299.08  10.62  0.26 16.70 231.28   9.18
19830104 120000  4.8 160.8  1.67 12.32 233.68  30.89  4  1.56 12.22 225.76  18.32  0.47 13.32 313.65   9.45  0.28 20.34 299.37  11.21  0.19 15.68 308.48   8.74
19830104 150000  4.0 237.8  1.62 12.21 234.93  29.34  5  1.45 12.12 226.86  16.55  0.48 15.68 231.37   9.74  0.45 13.22 313.98   9.05  0.25 20.33 300.27  11.37  0.20 15.60 307.19   9.30
19830104 180000  6.6 241.2  1.63 12.22 236.42  28.37  6  0.39  2.86 238.30  31.25  1.35 12.10 227.47  13.57  0.60 15.45 233.24   9.28  0.45 13.09 314.04   9.00  0.26 20.05 300.77  10.12  0.20 15.58 306.11   8.83
19830104 210000  4.4 238.0  1.65 12.40 238.20  29.34  5  1.33 12.25 229.05  17.26  0.77 14.84 231.27   9.20  0.44 12.90 313.88   8.99  0.36 19.10 299.82   9.69  0.20 15.55 305.65   8.99
19830105 000000  1.2 249.5  1.66 14.34 239.98  30.50  5  1.30 12.35 228.93  17.25  0.78 14.60 231.59   8.71  0.45 12.87 313.20   9.38  0.45 19.03 299.22  10.18  0.19 15.55 305.92   9.11
19830105 030000  3.5 239.3  1.64 14.22 240.55  30.68  3  1.50 14.24 229.69  15.07  0.50 12.89 311.57  10.00  0.46 19.01 298.86  10.97
19830105 060000  5.4 168.4  1.61 13.80 239.45  30.47  4  1.48 13.79 229.24  15.39  0.41 19.01 299.16  11.43  0.38 12.47 314.22   9.51  0.32 14.49 306.77   9.55
19830105 090000  4.3 162.2  1.57 13.48 238.34  30.41  4  1.45 13.47 228.75  16.07  0.39 12.57 313.32   9.80  0.36 18.94 300.00  11.79  0.29 14.61 305.74   9.65
19830105 120000  3.1 182.6  1.55 13.33 239.54  30.78  4  1.42 13.33 228.85  15.19  0.41 18.04 300.34  10.58  0.38 12.54 313.16   9.86  0.30 14.55 304.57  11.20
19830105 150000  8.2 215.9  1.62 13.17 240.58  32.13  5  1.45 13.19 228.21  15.78  0.52 17.80 300.24   9.89  0.35 12.48 312.12  10.71  0.31 14.48 306.97  10.18  0.08 17.85 213.38   7.16
19830105 180000  7.0 209.4  1.70 17.76 239.96  33.60  5  0.81  4.12 216.74  28.69  1.29 12.95 230.42  10.07  0.59 17.77 299.67  10.44  0.35 14.40 305.49   9.99  0.31 11.89 315.44   8.35
19830105 210000  8.5 216.0  1.73 17.75 238.44  33.67  4  0.93  4.38 217.05  27.89  1.26 12.75 230.57  10.31  0.59 17.76 299.32  10.80  0.46 14.35 309.83  10.41
19830106 000000  6.8 189.4  1.73 12.65 235.34  34.13  5  1.01  4.86 213.98  29.08  1.21 12.61 230.96  10.42  0.53 17.74 299.43  11.26  0.45 14.26 309.58  10.41  0.12 16.70 216.10   7.83
19830106 030000  7.4 196.6  1.70 12.53 233.25  34.02  5  1.03  5.25 212.18  28.58  1.18 12.49 231.09  10.72  0.48 17.64 299.84  11.66  0.44 14.11 309.11  10.44  0.12 16.57 213.23   6.72
19830106 060000  8.7 187.7  1.74 12.41 231.38  34.62  5  1.12  5.55 210.06  27.94  1.16 12.37 231.40  11.18  0.50 16.91 300.43  10.94  0.43 13.72 308.68  10.57  0.13 16.45 215.83   8.08
19830106 090000  7.3 188.9  1.86 12.19 231.57  34.69  5  1.22  5.98 210.75  28.02  1.21 12.11 232.22  11.65  0.55 16.67 300.47  10.41  0.43 13.57 308.03  10.60  0.14 15.85 216.87   8.92
19830106 120000  3.5 187.9  1.96 16.60 234.43  32.98  4  1.81 11.84 225.36  22.72  0.60 16.62 300.44  10.50  0.41 13.52 307.67  10.71  0.15 15.56 216.00   8.27
19830106 150000  7.4 220.8  2.04 16.58 235.97  31.01  5  1.59  8.76 227.99  24.74  1.03 11.70 227.78   9.83  0.60 16.60 300.12  10.61  0.41 13.47 307.08  11.29  0.15 15.52 215.96   8.92
19830106 180000 10.6 210.2  2.20 16.56 233.29  30.40  5  1.89  8.68 226.96  24.19  0.84 11.59 226.30  10.49  0.58 16.58 299.76  11.09  0.40 13.45 307.26  10.76  0.15 15.34 216.32   8.73
19830106 210000 11.0 211.3  2.48  7.67 229.02  29.81  4  2.38  7.67 224.42  23.91  0.55 16.52 299.54  11.56  0.38 13.43 307.29  10.50  0.16 15.03 217.60   9.80
19830107 000000  6.4 195.8  2.61  8.01 226.83  30.08  5  2.42  8.01 222.54  25.91  0.72 11.29 226.81  11.01  0.54 16.31 299.58  11.53  0.36 13.38 307.48  10.49  0.16 14.75 218.36   8.93
19830107 030000  9.0 201.5  2.51  8.28 225.84  30.52  5  2.35  8.28 221.02  25.70  0.61 11.24 229.63  10.95  0.53 15.78 299.51  11.26  0.36 13.36 307.37   9.88  0.17 14.71 218.00   9.26
19830107 060000 10.5 197.8  2.38  8.23 224.01  31.43  5  2.21  8.23 218.39  25.93  0.59 11.11 230.42  10.98  0.55 15.62 299.74  11.09  0.33 13.17 307.12   9.97  0.19 14.68 219.80   9.03
19830107 090000  7.5 191.2  2.26  8.03 224.23  31.88  6  2.09  8.03 218.17  25.96  0.54 15.60 298.79  11.10  0.53 11.07 230.99  11.42  0.33 12.86 307.36  10.05  0.23 14.59 220.61  10.14  0.06 16.59 225.00   0.00
19830107 120000  3.6 203.3  2.17  8.12 225.86  31.15  4  2.06  8.11 220.49  24.53  0.54 15.56 298.86  11.40  0.31 12.74 306.44  10.23  0.27 14.46 222.04  10.32
19830107 150000  6.8 214.5  2.11  8.42 226.88  30.18  4  2.00  8.42 221.56  23.39  0.53 15.52 298.54  11.43  0.32 15.22 221.59   9.82  0.30 12.64 307.10   9.55
19830107 180000 10.2 223.2  2.12  8.47 227.09  29.74  4  1.99  8.47 222.03  23.31  0.52 15.46 298.26  11.63  0.39 15.37 220.93   8.96  0.29 12.63 306.71   9.53
19830107 210000 10.9 205.1  2.26  8.06 224.21  30.09  5  2.12  8.06 219.68  24.68  0.52 15.38 297.87  11.59  0.46 15.34 221.87   8.93  0.29 12.64 306.45   9.43  0.14 17.91 214.42   3.34
19830108 000000  8.2 198.2  2.47  7.68 221.43  30.14  4  2.32  7.68 217.47  25.92  0.61 14.85 221.52   9.21  0.54 15.32 297.87  11.52  0.24 12.47 306.42  10.74
19830108 030000 10.5 194.9  2.60  7.99 220.72  29.35  5  2.41  7.99 217.09  26.16  0.64 14.42 223.75   8.97  0.53 15.30 297.32  11.62  0.47 16.67 218.02   8.51  0.22 12.41 307.77   8.98
19830108 060000 10.2 189.3  2.76  8.35 220.48  27.80  4  2.47  8.35 217.00  26.00  0.94 14.18 223.53   9.67  0.56 16.53 220.23   8.82  0.55 15.28 298.48  11.91
19830108 090000  7.9 188.6  2.91  8.67 222.18  25.26  3  2.46  8.67 219.11  25.09  1.47 13.60 223.31  10.07  0.51 15.22 298.28  12.02
19830108 120000  6.9 178.2  3.01 13.47 224.15  22.98  4  2.27  9.12 220.63  24.52  1.76 13.17 226.54  11.43  0.77 15.41 218.01   8.47  0.49 15.03 298.61  11.75
19830108 150000  8.3 212.7  3.02 14.15 225.47  21.64  3  2.99 12.76 224.00  18.89  0.48 14.78 298.48  11.71  0.06 21.87 305.13   9.29
19830108 180000 11.5 215.6  3.12 14.23 225.47  21.60  3  3.08 14.13 224.08  19.00  0.48 14.66 298.42  11.47  0.07 21.78 305.63   9.24
19830108 210000 10.7 207.4  3.32 14.13 224.46  23.04  3  3.29 13.82 223.20  20.91  0.48 14.59 297.95  11.50  0.08 21.67 306.11   8.98
19830109 000000  7.2 190.4  3.27 13.62 224.21  23.98  4  2.54  8.75 219.71  25.72  2.01 13.45 227.71  12.63  0.47 14.57 296.87  12.43  0.09 21.39 305.43   9.20
19830109 030000  8.6 197.1  3.08 13.44 223.99  23.98  4  2.46  8.80 220.66  25.36  1.78 13.37 226.06  11.77  0.46 14.60 296.02  12.93  0.11 20.62 305.07   9.74
19830109 060000  9.3 191.2  2.93 13.30 223.39  24.01  4  2.33  8.77 219.35  25.09  1.71 13.24 226.50  12.09  0.44 14.61 296.06  12.90  0.13 20.43 305.62   9.51
19830109 090000  7.3 180.8  2.88 12.96 222.91  23.97  4  2.47  8.91 220.13  23.89  1.40 12.89 225.55  11.74  0.41 14.60 295.97  13.29  0.15 20.35 305.53   9.70
19830109 120000  7.0 181.8  2.86 12.77 222.98  23.48  4  2.46  9.09 220.56  23.40  1.41 12.75 224.68  11.61  0.40 14.58 295.99  13.53  0.16 20.24 305.50   9.66
19830109 150000  8.7 202.2  2.86 12.80 222.82  22.70  4  2.41  9.08 220.55  22.78  1.49 12.74 223.90  11.55  0.39 14.50 296.68  13.05  0.17 19.90 304.96   9.85
19830109 180000 12.6 216.9  3.16 12.90 222.01  21.98  3  3.13 12.82 220.94  19.96  0.38 14.34 295.80  13.78  0.19 19.20 304.97   9.94
19830109 210000 11.3 212.2  3.61  8.59 221.99  22.56  4  3.00  8.59 220.91  24.21  1.96 12.83 221.71  10.29  0.36 14.18 296.06  13.40  0.22 19.06 305.54   9.62
19830110 000000  5.5 198.2  3.66  9.00 222.00  22.70  4  2.94  9.00 220.68  25.15  2.14 12.89 222.06  10.08  0.35 14.07 295.87  13.38  0.24 19.00 305.86   9.41
19830110 030000  5.0 217.1  3.50 14.36 222.39  21.72  4  2.66  9.13 220.48  24.36  2.23 14.41 222.86  11.10  0.34 14.03 295.79  13.66  0.26 18.91 305.22   9.77
19830110 060000  4.7 205.3  3.26 14.25 223.16  20.52  4  2.44 14.28 223.48  11.55  2.12  8.80 220.33  24.66  0.33 13.98 297.35  12.76  0.26 18.57 304.50  10.29
19830110 090000  1.3 186.6  3.08 14.11 223.83  19.72  3  3.05 14.12 222.68  17.11  0.32 13.94 297.84  13.07  0.28 17.92 304.53  10.35
19830110 120000  2.1 152.8  2.97 13.85 224.21  19.35  3  2.93 13.85 222.88  16.14  0.32 17.80 305.06  10.05  0.31 13.90 298.76  13.14
19830110 150000  3.1 260.0  2.93 13.70 224.55  19.08  3  2.90 13.70 223.15  15.56  0.34 17.75 305.45   9.77  0.30 13.81 299.19  13.46
19830110 180000  6.2 219.6  2.92 13.61 224.77  18.93  3  2.89 13.60 223.41  15.46  0.35 17.70 305.42   9.47  0.28 13.68 299.55  14.17
19830110 210000  4.7 209.6  2.87 13.51 224.89  18.76  3  2.84 13.50 223.60  15.44  0.34 17.53 305.00   9.83  0.26 13.54 300.95  14.20
19830111 000000  1.3 319.0  2.79 13.40 225.24  18.64  3  2.76 13.40 223.91  15.19  0.34 16.90 304.48  10.62  0.25 13.49 301.54  14.59
19830111 030000  1.7 279.6  2.68 13.31 225.94  19.16  3  2.65 13.29 224.41  15.27  0.36 16.68 305.02  10.16  0.24 13.47 302.48  14.85
19830111 060000  2.7 171.6  2.70 13.17 225.86  19.19  3  2.66 13.14 224.17  14.78  0.39 16.61 305.37  10.01  0.24 13.47 303.06  15.02
19830111 090000  3.5  98.2  2.72 12.95 225.53  19.69  3  2.68 12.90 223.78  15.20  0.40 16.57 305.56   9.49  0.24 13.44 304.62  15.22
19830111 120000  5.5 348.0  2.65 12.80 225.80  20.58  3  2.61 12.78 223.98  16.21  0.40 16.52 305.55   9.39  0.23 13.40 304.55  16.31
19830111 150000  5.6 325.5  2.54 12.73 226.74  22.67  4  2.50 12.71 224.89  18.91  0.39 16.39 304.71  10.53  0.19 13.18 305.10  11.11  0.09 10.82 330.06   7.57
19830111 180000  1.5 299.1  2.43 12.67 227.23  22.71  4  2.39 12.66 225.37  18.94  0.38 15.92 305.32  10.31  0.18 13.03 303.45  11.88  0.09 10.85 330.33   7.36
19830111 210000  4.7 262.3  2.35 12.61 227.57  22.27  4  2.31 12.60 225.57  18.05  0.38 15.63 305.79  10.08  0.17 12.82 302.78  11.71  0.10 10.86 330.53   7.22
19830112 000000  3.5 230.4  2.30 12.55 227.64  21.96  4  2.26 12.54 225.44  17.10  0.41 15.55 305.20  10.45  0.14 12.70 307.65   8.20  0.10 10.83 330.68   7.02
19830112 030000  4.2 254.1  2.28 12.50 227.50  21.54  5  2.23 12.49 225.16  16.10  0.42 15.50 305.20  10.36  0.13 12.61 306.99   8.42  0.10 10.74 330.43   7.42  0.05 21.82 215.69   7.99
19830112 060000  3.6 219.3  2.26 12.47 227.18  20.84  4  2.21 12.44 224.81  15.00  0.42 15.46 304.50  11.34  0.13 12.64 308.38   8.43  0.10 10.37 330.91   6.82
19830112 090000  3.6 267.6  2.22 12.45 227.04  20.17  4  2.18 12.42 224.77  14.23  0.40 15.40 304.59  11.24  0.13 12.63 308.56   8.64  0.10 10.28 330.99   6.69
19830112 120000  4.7 220.2  2.19 12.45 226.97  19.52  4  2.15 12.43 224.81  13.64  0.39 15.27 304.32  11.71  0.12 12.64 309.71   8.62  0.10 10.21 331.30   6.23
19830112 150000  2.6 190.5  2.16 12.50 227.05  19.01  3  2.12 12.48 225.01  13.24  0.39 14.89 305.13  11.58  0.09 10.14 331.63   6.22
19830112 180000  6.9 238.3  2.16 12.69 227.44  18.84  3  2.12 12.66 225.48  13.29  0.38 14.66 305.60  11.22  0.09 10.09 331.85   5.97
19830112 210000  8.5 233.2  2.29 14.24 228.41  20.07  4  0.89  4.22 233.83  29.78  2.07 13.38 225.54  11.24  0.38 14.57 305.86  10.68  0.09  9.99 331.79   5.73
19830113 000000  6.0 210.4  2.28 14.09 227.46  20.28  3  2.25 13.54 225.80  16.25  0.37 14.52 305.91  10.68  0.09  9.77 331.88   5.82
19830113 030000  5.4 207.7  2.26 13.65 227.05  20.05  3  2.23 13.45 225.45  16.07  0.36 14.48 305.96  10.76  0.08  9.63 332.14   5.56
19830113 060000  4.3 213.9  2.25 13.48 227.25  19.59  2  2.22 13.35 225.72  15.68  0.36 14.43 307.32  12.00
19830113 090000  3.1 179.4  2.22 13.33 227.66  19.05  2  2.19 13.17 226.19  15.16  0.35 14.38 307.47  12.09
19830113 120000  5.9 173.0  2.18 13.13 227.82  19.09  2  2.15 12.98 226.38  15.33  0.34 14.30 307.68  12.21
19830113 150000  7.4 202.1  2.15 13.14 227.93  19.06  2  2.12 12.97 226.56  15.48  0.33 14.18 308.17  12.10
19830113 180000 10.0 213.4  2.21 13.14 226.80  20.45  2  2.19 12.96 225.60  17.60  0.31 13.96 308.33  12.13
19830113 210000 12.9 208.2  2.60 13.00 223.72  23.19  2  2.58 12.84 222.89  21.50  0.30 13.78 308.38  12.00
19830114 000000  7.5 201.0  2.60 12.76 223.91  24.55  5  1.88  6.76 215.82  28.17  1.65 12.66 231.58  10.85  0.66  8.29 222.94  13.43  0.29 13.68 308.60  11.86  0.06 21.94 306.77   9.87
19830114 030000  6.9 190.7  2.38 12.57 226.06  23.77  4  1.73  7.44 218.28  26.75  1.62 12.50 232.27  11.12  0.29 13.61 308.73  11.85  0.07 21.90 307.83   9.61
19830114 060000  6.3 184.3  2.25 12.43 227.43  22.61  3  2.23 12.36 226.45  20.65  0.28 13.57 308.73  12.14  0.07 21.85 308.85   9.04
19830114 090000  7.0 189.4  2.20 12.28 227.75  22.02  4  1.50  8.22 220.36  24.54  1.58 12.20 232.13  12.45  0.27 13.55 309.02  12.13  0.08 21.57 308.88   9.41
19830114 120000  5.6 182.5  2.22 12.00 227.35  22.08  3  2.20 11.94 226.38  20.05  0.26 13.54 308.96  12.67  0.11 20.82 308.14  10.07
19830114 150000  6.9 203.5  2.25 11.68 227.11  21.61  3  2.23 11.64 226.16  19.54  0.25 13.54 309.48  12.60  0.13 20.57 308.39   9.91
19830114 180000 12.5 210.6  2.57 11.20 224.53  22.17  3  2.55 11.19 223.82  20.63  0.24 13.56 310.54  11.56  0.13 20.49 308.91   9.54
19830114 210000 11.2 205.8  2.95 10.85 222.48  23.41  4  2.93 10.85 221.99  22.39  0.26 15.73 217.32   7.52  0.23 13.54 310.61  11.45  0.14 20.40 310.01   9.09
19830115 000000  4.8 198.4  2.93  9.98 223.23  23.79  4  2.90  9.98 222.74  22.74  0.25 15.80 214.77   7.38  0.22 13.45 310.80  11.24  0.16 20.21 310.04   9.48
19830115 030000  6.6 188.7  2.82 10.07 224.30  23.08  4  2.78 10.07 223.78  21.96  0.43 14.69 219.31   8.68  0.22 13.29 311.24  10.93  0.19 19.74 309.32   9.98
19830115 060000  9.3 196.1  2.79 10.20 223.96  22.58  4  2.75 10.20 223.42  21.22  0.36 14.79 214.45   7.31  0.21 19.29 309.10   9.85  0.21 13.21 311.25  11.26
19830115 090000  7.8 190.0  2.84 10.26 223.02  22.37  3  2.83 10.26 222.37  20.91  0.21 19.17 309.31   9.64  0.20 13.17 311.78  11.06
19830115 120000  2.5 212.7  2.97 10.31 223.09  21.92  3  2.96 10.31 222.48  20.53  0.22 19.09 310.62   9.38  0.20 13.13 312.02  11.01
19830115 150000  7.4 224.0  2.96 10.34 224.19  21.50  3  2.94 10.34 223.52  19.94  0.24 18.97 310.93   9.45  0.19 13.04 312.09  11.01
19830115 180000  9.1 213.1  2.82 10.33 224.85  21.67  3  2.80 10.33 224.03  19.78  0.27 18.66 309.81  10.06  0.18 12.90 312.08  11.01
19830115 210000  7.8 216.8  2.70 10.36 224.90  22.17  4  2.39 10.10 222.00  21.12  1.21 11.89 231.09  12.38  0.30 18.08 308.94  10.11  0.18 12.78 312.08  11.13
19830116 000000  3.2 203.5  2.59 10.43 224.89  22.59  3  2.57 10.42 223.77  20.17  0.31 17.93 309.12  10.26  0.17 12.70 312.32  11.13
19830116 030000  3.6 220.0  2.45 10.49 225.15  22.89  4  2.43 10.47 223.90  20.17  0.29 17.88 309.72  10.86  0.17 12.67 312.53  11.18  0.10 20.35 315.33   1.79
19830116 060000  6.2 211.3  2.30 10.53 225.51  23.01  4  2.27 10.49 224.10  19.90  0.29 17.84 310.47  10.93  0.17 12.65 312.83  11.12  0.09 20.34 315.19   1.38
19830116 090000  2.1 359.8  2.20 10.31 225.99  23.09  3  2.17 10.30 224.33  19.47  0.33 17.79 309.92  10.85  0.16 12.63 312.92  11.09
19830116 120000  4.8 349.4  2.18 10.24 226.42  23.77  3  2.14 10.24 224.40  19.56  0.37 17.05 309.05  10.84  0.15 12.60 313.62  10.57
19830116 150000  4.1 312.3  2.20 10.19 226.13  24.01  5  2.16 10.18 223.92  19.42  0.30 16.70 305.02  11.86  0.25 18.93 314.74   6.62  0.14 12.50 314.16  10.14  0.12 17.63 224.41   7.96
19830116 180000  6.5 265.5  2.23 10.24 225.93  23.64  5  2.18 10.24 223.80  19.12  0.32 16.74 306.29  12.13  0.22 19.01 315.11   7.47  0.19 17.02 223.83   7.66  0.13 12.25 314.21  10.19
19830116 210000  2.4 266.5  2.21 10.37 225.13  22.95  5  2.16 10.36 223.16  18.67  0.35 16.80 308.12  12.68  0.28 16.43 224.11   8.30  0.13 12.04 313.59  10.74  0.12 19.02 315.21   1.59
19830117 000000  0.7 292.9  2.13 10.34 224.45  22.93  4  2.06 10.33 222.23  18.23  0.38 17.18 308.51  12.39  0.37 15.80 224.78   7.69  0.13 11.96 312.88  11.30
19830117 030000  0.6 192.0  1.99 10.18 224.74  24.21  4  1.87 10.18 221.54  18.15  0.52 15.25 225.19   7.73  0.41 17.56 308.51  12.18  0.13 11.93 312.90  11.50
19830117 060000  4.3 181.9  1.85  9.99 225.60  25.88  5  1.68  9.99 221.07  18.67  0.62 14.56 226.62   8.02  0.37 17.71 305.72  13.06  0.25 15.73 314.26   6.74  0.13 11.91 312.93  11.53
19830117 090000  2.9 165.7  1.73  9.81 226.84  26.25  5  1.49  9.81 221.25  19.08  0.75 14.29 227.53   8.03  0.35 15.73 304.12  13.31  0.27 17.77 314.32   7.45  0.12 11.89 312.54  12.73
19830117 120000  1.5 289.7  1.67  9.73 227.93  25.15  5  1.36  9.73 222.05  18.99  0.87 13.78 228.07   8.11  0.34 15.66 302.89  13.94  0.23 17.68 314.33   6.90  0.12 11.83 313.96  11.32
19830117 150000  3.8 272.8  1.70 15.93 228.95  24.11  4  1.30  9.74 222.75  19.44  1.01 13.54 229.18   8.05  0.41 16.14 305.50  13.79  0.11 11.76 314.73  11.12
19830117 180000  7.3 225.0  1.84 15.94 229.38  23.49  5  1.38  9.76 223.36  19.08  0.94 13.39 229.57   8.38  0.62 15.80 228.94   8.58  0.43 16.42 305.27  14.40  0.11 11.66 315.06  11.13
19830117 210000  5.7 227.5  1.95 15.64 229.34  23.28  5  1.45  9.82 222.63  19.21  0.94 12.86 230.96   8.22  0.79 15.36 229.76   8.11  0.45 16.47 305.85  14.21  0.10 11.56 315.01  11.24
19830118 000000  3.6 206.9  1.97 15.00 229.30  22.60  5  1.37  9.53 222.02  19.11  0.98 12.47 229.95   8.48  0.91 14.91 230.54   8.65  0.45 16.46 305.86  14.26  0.10 11.48 314.69  11.89
19830118 030000  1.3 171.2  1.93 14.57 229.25  21.50  6  1.28  9.46 221.41  18.51  1.04 12.43 230.54   8.49  0.91 14.66 230.41   8.71  0.39 16.35 302.84  14.64  0.15 14.49 318.05   4.68  0.10 11.44 314.84  13.27
19830118 060000  4.8 182.5  1.86 14.39 229.30  20.98  3  1.82 14.23 226.54  14.43  0.39 15.27 303.53  15.09  0.10 11.37 315.58  13.24
19830118 090000  3.9 171.7  1.80 14.18 229.65  21.91  3  1.75 13.74 226.46  14.77  0.41 15.33 303.13  15.39  0.09 11.34 315.38  13.50
19830118 120000  2.7 196.0  1.74 13.63 230.63  22.78  3  1.68 13.45 226.78  14.33  0.44 15.38 303.50  15.31  0.09 11.28 318.49  12.55
19830118 150000  2.5 229.8  1.69 13.43 231.20  23.25  3  1.62 13.32 226.92  13.87  0.45 15.39 304.06  15.73  0.08 10.97 317.35  10.74
19830118 180000  5.8 249.6  1.67 13.22 231.72  23.57  3  1.61 13.09 227.61  14.98  0.44 15.36 304.31  16.24  0.08 10.94 317.62  11.01
19830118 210000  5.8 220.7  1.70 12.86 230.72  23.49  3  1.65 12.78 227.13  16.05  0.42 15.22 304.33  17.57  0.07 10.81 317.09  11.59
19830119 000000  3.7 178.5  1.71 12.73 229.34  23.38  3  1.66 12.66 226.02  16.17  0.32 14.42 317.66   9.89  0.25 15.22 286.01   9.55
19830119 030000  3.8 199.2  1.72 12.61 228.60  23.72  2  1.67 12.54 225.09  15.90  0.42 14.47 306.37  18.64
19830119 060000  5.3 199.2  1.72 12.36 228.37  24.74  2  1.66 12.28 224.30  15.90  0.45 14.43 306.03  19.39
19830119 090000  2.6 208.4  1.69 12.03 228.62  25.81  2  1.63 11.99 224.02  16.10  0.47 14.39 306.91  18.89
19830119 120000  3.1 195.4  1.68 11.93 228.68  26.23  3  1.16  9.38 219.42  18.10  1.11 11.88 228.43  11.60  0.48 14.37 306.22  20.29
19830119 150000  3.7 256.7  1.73 11.83 227.97  25.74  2  1.67 11.75 223.51  16.10  0.48 14.29 306.75  20.92
19830119 180000  5.5 221.9  1.82 11.67 226.70  24.94  6  1.41  9.34 220.78  17.85  0.91 11.59 228.35  11.93  0.53 16.01 221.33   8.60  0.32 14.44 288.21  14.50  0.24 12.57 331.96   5.69  0.23 14.07 317.38   6.86
19830119 210000  5.0 233.7  1.83 11.62 226.06  24.89  6  1.37  9.17 219.73  18.54  0.90 11.52 228.55  11.75  0.67 15.26 222.48   9.08  0.28 13.73 312.55   9.38  0.26 14.53 282.12  10.07  0.25 12.53 331.97   5.45
19830120 000000  1.6 199.2  1.80 15.10 226.00  25.31  7  1.27  8.87 218.78  19.05  0.92 11.51 228.72  12.04  0.75 15.18 221.72   8.23  0.29 14.42 285.24  12.35  0.24 13.35 317.14   8.07  0.23 12.42 333.48   4.86  0.14 15.59 314.86   7.82
19830120 030000  3.1 237.0  1.79 14.59 225.83  25.55  6  1.26  8.68 218.86  19.15  0.90 14.77 222.04   8.49  0.77 11.37 228.96  12.28  0.33 14.71 290.93  15.65  0.24 12.02 333.01   5.78  0.23 13.39 318.11   7.52
19830120 060000  6.6 190.3  1.89 14.23 224.41  25.57  6  1.35  8.40 216.91  19.71  1.02 14.36 221.61   8.87  0.68 10.94 232.50  11.51  0.35 14.58 290.23  15.52  0.27 12.03 331.17   6.22  0.19 13.48 314.70   7.09
19830120 090000  2.0 172.6  1.97 14.18 223.97  24.92  5  1.41  8.51 216.85  19.87  1.30 14.24 224.65  10.79  0.35 14.49 290.64  15.75  0.27 11.90 331.26   6.31  0.18 13.47 314.33   6.97
19830120 120000  1.5 226.6  1.99 14.15 223.92  24.20  4  1.52  8.60 219.32  19.07  1.20 14.18 222.55   9.35  0.40 13.83 295.65  18.30  0.26 11.73 331.84   6.21
19830120 150000  2.6 269.8  1.95 13.93 224.05  23.84  5  1.35  8.59 218.37  18.77  1.32 13.90 223.04  10.36  0.36 14.10 292.94  17.86  0.28 11.87 329.85   7.48  0.12 16.65 287.76   8.18
19830120 180000  3.9 283.9  1.89 13.62 224.41  23.74  6  1.36 13.58 222.42  10.54  1.23  8.46 219.19  18.90  0.32 13.93 288.50  15.55  0.28 11.77 329.79   7.52  0.13 16.66 291.59  12.98  0.12 14.62 319.27   4.96
19830120 210000  3.6 261.1  1.87 13.50 224.64  23.65  4  1.42 13.47 221.84  10.30  1.12  8.26 220.08  19.93  0.36 14.32 291.57  16.37  0.29 11.56 329.51   7.67
19830121 000000  4.4 352.9  1.85 13.42 224.53  23.57  4  1.49 13.40 221.58  10.43  1.00  8.12 219.80  20.87  0.35 14.39 292.33  15.12  0.29 11.32 329.43   7.75
19830121 030000  2.0 279.6  1.85 13.42 224.48  23.28  4  1.56 13.41 221.06  10.02  0.88  8.07 220.48  21.92  0.37 14.41 293.23  15.46  0.27 11.10 330.36   7.14
19830121 060000  4.9 158.6  1.87 13.40 223.74  23.32  5  1.64 13.39 221.18   9.95  0.76  7.35 215.36  25.34  0.27 15.14 295.16  14.37  0.27 11.06 330.39   6.87  0.26 13.40 287.79  15.55
19830121 090000  2.2 147.7  1.89 13.29 223.58  22.56  5  1.70 13.26 221.18   9.68  0.69  6.96 213.52  25.58  0.27 11.68 329.52   7.34  0.27 13.45 286.62  14.20  0.25 15.44 294.14  13.43
19830121 120000  2.7 346.1  1.90 13.10 223.77  21.55  4  1.85 13.02 220.50  12.07  0.33 13.51 294.23  17.97  0.24 10.97 331.68   6.32  0.21 15.58 290.86  13.17
19830121 150000  5.1 322.9  1.89 12.98 224.95  23.89  5  1.73 12.90 221.30   9.34  0.62  6.52 225.16  41.04  0.31 13.46 291.16  17.51  0.25 11.40 330.23   7.57  0.23 15.50 291.07  13.14
19830121 180000  4.2 288.8  1.87 12.92 225.65  24.52  3  1.81 12.83 222.22  17.35  0.39 13.59 291.12  16.48  0.24 11.12 330.36   7.76
19830121 210000  5.0 297.6  1.82 13.01 226.44  25.27  3  1.77 12.88 222.75  18.10  0.40 13.79 291.29  16.01  0.24 11.05 330.21   7.85
19830122 000000  3.1 336.8  1.77 13.21 226.93  25.99  3  1.70 13.12 222.80  18.42  0.41 14.16 291.05  16.09  0.23 11.00 330.06   7.98
19830122 030000  5.0 348.0  1.69 13.18 228.04  28.49  4  1.52 13.12 221.44  11.31  0.55  6.69 246.18  50.94  0.43 14.30 290.11  16.70  0.23 10.94 330.03   8.09
19830122 060000  3.7 285.5  1.61 12.82 229.56  29.93  3  1.54 12.73 224.22  22.91  0.43 14.33 290.01  17.26  0.22 10.76 331.17   6.99
19830122 090000  1.9 301.1  1.52 12.60 230.85  30.76  4  1.44 12.55 224.84  23.63  0.40 14.40 294.81  14.81  0.20 10.46 331.36   7.23  0.19 12.92 260.09   5.10
19830122 120000  3.9 337.7  1.44 12.50 231.94  31.77  6  0.38  3.66 309.50  30.54  1.29 12.45 220.65  10.38  0.38 14.42 295.58  14.15  0.25 12.84 261.03   7.99  0.20 10.36 331.28   6.96  0.07 17.83 290.13  13.45
19830122 150000  4.2 300.6  1.38 12.39 233.99  33.43  7  0.39  3.65 308.89  31.88  1.21 12.33 220.58  10.66  0.38 14.37 298.32  14.54  0.30 12.74 262.20   8.53  0.18 10.22 332.15   6.45  0.06 20.33 295.44  12.63  0.06 17.75 294.12  11.52
19830122 180000  6.0 269.9  1.33 12.07 236.62  33.71  5  0.42  3.61 294.48  32.63  1.12 11.93 220.32  10.80  0.41 14.21 297.04  14.49  0.36 12.46 258.31  10.19  0.19 10.23 331.64   6.60
19830122 210000  4.2 255.9  1.29 11.84 239.52  34.41  6  0.44  3.51 288.49  33.70  1.04 11.75 220.38  11.24  0.41 12.24 257.76  11.05  0.40 13.98 297.61  14.47  0.19 10.16 331.62   6.54  0.13 16.71 290.56  10.21
19830123 000000  1.6 290.2  1.25 11.71 241.37  34.40  6  0.98 11.65 220.61  11.79  0.47 12.00 255.36  12.43  0.40 13.72 296.57  13.71  0.40  3.60 289.32  33.74  0.19  9.89 331.98   6.02  0.16 16.70 291.02  11.60
19830123 030000  1.5 281.0  1.22 11.57 243.57  33.87  8  0.91 11.56 221.12  12.27  0.54 11.38 252.95  13.38  0.39 13.61 295.98  13.57  0.38  3.70 288.70  32.37  0.15  9.60 331.30   6.92  0.14 16.64 287.77  10.65  0.12 11.00 332.99   4.01  0.11 19.11 300.24  10.74
19830123 060000  4.4 189.9  1.22 11.41 244.41  32.69  9  0.85 11.20 221.75  12.67  0.58 12.64 247.36  12.18  0.40 13.50 295.19  13.68  0.39  3.80 275.81  41.11  0.25 10.77 263.92   4.85  0.14  9.57 331.88   6.34  0.13 18.99 296.61  12.10  0.12 11.02 333.01   3.99  0.12 16.59 289.72  10.13
19830123 090000  5.0 179.9  1.28 11.35 243.67  31.33  6  0.90 11.02 226.37  27.19  0.78 12.08 247.30  12.27  0.38 13.50 293.47  12.14  0.21 10.97 330.38   6.95  0.13 19.08 296.98  12.88  0.12 16.70 295.97  11.64
19830123 120000  3.9 189.0  1.41 11.23 242.81  28.27  6  1.29 11.53 238.40  20.82  0.38 13.48 294.13  12.70  0.32 11.04 209.43   5.98  0.20 11.64 330.25   7.17  0.15 18.90 298.13  12.03  0.10 16.57 297.25  11.85
19830123 150000  5.6 228.7  1.69 11.25 240.67  24.04  4  1.62 11.22 236.37  17.59  0.39 13.45 294.31  12.62  0.20 11.63 330.10   7.22  0.19 18.71 298.47  11.91
19830123 180000  7.5 224.2  2.04 11.38 238.85  21.56  5  0.51  3.10 234.93  32.65  1.92 11.35 235.83  14.36  0.37 13.40 294.90  12.87  0.26 15.80 296.19  11.61  0.19 10.45 330.88   6.62
19830123 210000  6.5 217.5  2.21 11.26 238.48  20.98  5  2.15 11.24 235.66  16.07  0.36 13.33 294.27  12.50  0.24 17.71 299.30  11.38  0.19 10.80 330.20   7.18  0.19 15.52 289.80  10.45
19830124 000000  4.0 230.5  2.17 11.13 239.00  21.09  4  2.10 11.12 235.95  15.88  0.40 13.22 301.31  18.75  0.24 15.66 290.97  10.62  0.23 17.88 301.11  10.42
19830124 030000  6.0 196.9  2.05 11.04 239.18  21.95  4  1.98 11.03 235.75  16.33  0.39 13.05 301.18  18.67  0.26 17.79 299.21  11.47  0.23 15.64 294.36  12.22
19830124 060000  6.2 183.9  1.92 10.85 238.39  24.15  4  1.85 10.84 234.39  18.36  0.35 12.94 293.94  13.76  0.34 17.62 297.70  12.59  0.17 10.35 330.30   7.41
19830124 090000  4.6 192.9  1.80 10.47 238.28  25.47  5  1.72 10.46 233.64  19.01  0.35 12.81 295.20  13.77  0.34 17.49 298.97  12.33  0.16 10.20 331.03   6.52  0.06 24.94 299.19  10.10
19830124 120000  2.0  81.2  1.70 10.26 238.85  26.62  5  1.61 10.25 233.13  18.96  0.38 16.90 299.77  11.69  0.34 12.72 295.17  14.46  0.16 10.18 330.91   6.62  0.07 24.91 300.31  10.18
19830124 150000  5.4 273.0  1.63 10.02 240.27  28.37  6  1.52 10.02 233.41  19.78  0.43 16.65 299.66  11.53  0.32 12.66 295.53  13.94  0.16 10.17 330.18   7.22  0.13 14.52 203.70   3.51  0.07 24.70 300.27   9.56
19830124 180000  6.2 261.8  1.63  9.73 241.00  29.67  6  1.39  9.73 236.34  20.48  0.60 12.18 214.73  10.56  0.48 16.56 299.09  11.53  0.31 12.62 295.46  13.70  0.16 10.06 329.98   7.25  0.10 23.49 299.18   9.84
19830124 210000  2.5 261.2  1.61  9.63 240.52  30.71  7  1.30  9.63 236.10  20.59  0.70 12.17 214.50  11.04  0.50 16.51 297.85  11.84  0.29 12.57 293.42  13.65  0.16 19.14 308.92   6.14  0.15  9.77 329.98   7.27  0.13 23.32 298.53  10.35
19830125 000000  5.0 205.0  1.61 11.97 239.18  31.17  7  1.15  9.45 236.68  21.56  0.93 11.76 218.47  12.19  0.51 16.48 297.77  11.96  0.29 12.55 294.58  13.89  0.17 19.12 308.97   6.01  0.14  9.66 330.47   6.84  0.14 23.29 299.18  10.56
19830125 030000  7.1 190.6  1.66 12.06 236.41  32.35  5  1.52 11.84 226.44  21.39  0.55 16.41 299.30  12.13  0.29 12.54 295.58  14.09  0.14 23.24 300.73   9.87  0.14  9.61 330.40   6.87
19830125 060000 11.2 187.8  1.81 12.21 230.37  35.33  6  0.91  3.76 205.72  35.89  1.41 11.97 225.98  17.05  0.57 16.03 300.14  12.04  0.29 12.49 296.65  14.78  0.18 22.19 299.34   9.29  0.12  9.55 331.17   6.27
19830125 090000  9.4 182.8  1.99 12.18 226.52  36.70  7  1.19  4.64 205.43  36.95  1.43 12.03 224.51  15.42  0.55 15.66 300.22  11.55  0.28 12.43 297.15  14.80  0.26 21.79 299.86  10.26  0.19 18.07 306.70   3.76  0.11  9.48 331.04   6.39
19830125 120000  9.6 180.0  2.24 11.84 226.32  33.79  8  0.95  4.48 181.77  27.38  1.89 11.77 227.45  16.59  0.54 15.57 299.38  11.20  0.28 21.77 298.64  10.58  0.27 17.92 308.67   6.34  0.19 11.89 287.78   8.36  0.17 12.49 311.39   6.95  0.11  9.34 329.70   7.49
19830125 150000  9.1 200.8  2.47 11.62 228.01  29.95  6  2.37 11.54 222.62  22.80  0.51 15.45 298.35  11.64  0.35 17.68 306.61   7.75  0.26 21.76 299.88  10.72  0.23 11.92 297.71  12.34  0.09  9.18 330.95   6.18
19830125 180000 14.1 213.6  2.87 11.48 228.05  27.99  6  2.78 11.40 224.08  22.43  0.61 15.55 299.67  11.66  0.29 21.46 303.36   9.50  0.20 11.83 300.19  11.10  0.16 17.75 305.00   0.00  0.08  9.12 330.97   6.47
19830125 210000 13.4 206.6  3.20 11.49 226.96  28.78  4  3.10 11.40 223.32  23.99  0.64 15.61 299.93  11.82  0.38 20.39 300.92   9.78  0.20 11.79 302.73  14.40
19830126 000000 11.0 190.4  3.19 11.56 225.16  30.68  5  2.42  7.44 218.22  29.59  1.91 11.47 224.83  15.73  0.67 15.84 300.63  11.27  0.43 20.37 299.34  10.22  0.21 11.80 300.35  15.46
19830126 030000  9.8 195.9  3.04 11.54 224.92  31.17  5  2.93 11.46 220.11  25.15  0.50 16.56 301.79  10.20  0.46 14.48 299.83  12.18  0.43 20.35 299.29  10.87  0.20 11.80 301.29  15.38
19830126 060000 10.0 186.7  2.93 11.48 224.51  31.12  5  2.81 11.35 219.58  24.75  0.53 14.72 299.18  12.10  0.42 16.75 303.94   9.91  0.40 20.28 300.18  10.69  0.20 11.78 299.93  15.71
19830126 090000  8.5 184.2  2.82 11.32 224.63  31.25  5  2.70 11.14 219.38  24.38  0.53 14.71 299.83  11.80  0.48 19.37 301.45  10.64  0.31 16.59 304.99   7.80  0.19 11.79 300.27  15.29
19830126 120000  9.5 174.6  2.71 11.15 225.12  32.42  4  2.17  9.38 216.35  26.87  1.40 11.36 224.11  16.09  0.67 14.81 301.13  11.48  0.51 19.08 300.83  10.07
19830126 150000 10.4 197.5  2.71 18.99 224.43  32.91  4  2.12  8.84 214.21  26.62  1.43 11.24 223.78  14.92  0.66 15.11 300.92  11.84  0.58 19.03 299.85  10.38
19830126 180000 14.4 209.4  3.17  8.44 221.41  30.26  3  3.05  8.44 216.42  22.95  0.63 15.40 299.97  12.34  0.61 18.96 300.28  10.75
19830126 210000 13.4 207.4  3.69  8.83 220.23  29.11  3  3.59  8.83 216.87  24.09  0.62 15.49 300.28  11.70  0.57 18.87 300.90  11.05
19830127 000000  6.0 194.2  3.55  9.11 220.82  29.76  5  3.35  9.11 217.58  25.20  0.80 12.03 212.23  10.11  0.61 15.37 300.58  11.94  0.57 18.29 301.54  10.53  0.10 17.79 216.37   8.05
19830127 030000  8.5 200.5  3.08  9.12 222.91  30.75  4  2.78  9.12 218.55  24.91  1.01 11.73 213.11   9.64  0.61 15.27 300.93  11.91  0.60 17.84 301.21  10.40
19830127 060000 10.1 192.7  2.79 17.70 223.74  32.12  4  2.19  8.69 215.21  25.62  1.47 10.80 220.53  14.59  0.65 17.78 300.22  10.37  0.61 15.17 301.15  11.93
19830127 090000  6.9 186.9  2.70 17.66 224.63  32.20  3  1.95  8.27 215.32  25.74  1.62 10.89 219.16  13.30  0.92 17.70 300.27  11.33
19830127 120000  4.9 185.4  2.65 17.58 225.94  31.34  3  2.39 10.87 218.37  20.79  0.92 17.64 300.06  11.69  0.69 14.51 215.13   8.89
19830127 150000  6.0 217.1  2.59 10.98 226.40  30.50  3  2.19 10.82 219.38  20.34  1.06 13.32 215.76   8.99  0.89 17.48 300.27  11.72
19830127 180000  9.6 218.4  2.57 13.36 226.01  29.89  4  2.16 11.18 219.49  19.67  1.07 13.05 215.31   9.81  0.87 16.78 300.40  11.79  0.07 20.47 214.62   7.55
19830127 210000  8.5 215.7  2.57 16.34 225.39  30.11  3  2.42 12.42 218.19  18.89  0.86 16.57 300.41  11.59  0.07 20.43 215.64   7.93
19830128 000000  5.0 212.9  2.50 16.34 225.42  31.02  2  2.34 12.43 217.57  19.26  0.86 16.52 300.13  11.50
19830128 030000  5.0 198.7  2.38 16.33 226.22  32.06  4  2.21 12.49 217.07  18.84  0.88 16.48 299.64  11.72  0.10 19.32 215.50   7.95  0.06 21.79 302.52   9.14
19830128 060000  7.7 195.2  2.27 16.31 226.60  33.12  4  1.33  7.13 218.31  25.86  1.60 12.61 214.76  10.36  0.90 16.42 299.23  12.04  0.11 19.17 215.78   8.14
19830128 090000  5.1 187.4  2.15 13.22 227.01  33.98  4  1.58 12.70 214.50  10.57  1.15  7.03 217.45  26.95  0.88 16.33 298.99  12.29  0.11 19.14 216.33   7.58
19830128 120000  1.9 208.9  2.02 13.18 228.07  34.24  5  1.83 12.75 215.67  17.22  0.85 16.05 298.79  12.61  0.11 19.02 216.63   7.00  0.10 20.45 300.83   9.31  0.08 23.50 307.26   7.92
19830128 150000  6.1 232.8  1.94 13.16 228.99  34.35  5  1.74 12.73 216.13  16.76  0.83 15.57 298.77  12.73  0.13 18.41 214.69   7.52  0.11 20.44 301.93   9.58  0.10 23.38 306.08   8.31
19830128 180000  7.1 213.4  1.90 13.03 229.23  34.68  5  1.70 12.64 216.04  17.05  0.81 15.43 298.54  13.03  0.15 20.15 302.49   8.97  0.14 18.00 215.71   7.57  0.11 23.35 306.90   8.36
19830128 210000  7.6 206.2  1.89 12.77 229.28  35.38  5  1.69 12.51 215.56  17.90  0.81 15.35 298.10  13.41  0.18 19.37 302.19   9.38  0.15 17.93 216.13   7.45  0.14 23.15 306.17   8.31
19830129 000000  4.8 208.6  1.83 12.58 230.84  36.86  6  1.60 12.39 214.96  18.21  0.80 15.30 298.90  12.17  0.21 21.92 305.60   8.71  0.19 19.12 300.90   9.12  0.18 11.25 265.70   9.69  0.15 17.90 216.30   7.49
19830129 030000  5.7 213.9  1.75 12.42 233.22  37.78  6  1.50 12.25 214.92  17.37  0.80 15.25 298.46  12.28  0.24 21.85 306.32   7.78  0.22 19.11 300.49  10.04  0.21 11.03 261.97   9.42  0.17 17.59 214.59   7.10
19830129 060000  6.2 197.4  1.69 12.22 234.42  38.28  6  1.43 12.02 214.62  17.01  0.79 15.19 298.16  12.44  0.25 21.83 307.03   7.94  0.24 10.58 260.27   9.28  0.22 19.13 300.47   9.81  0.20 16.84 214.64   7.51
19830129 090000  5.0 185.5  1.64 12.00 236.22  39.31  6  1.35 11.87 214.20  17.24  0.76 15.07 297.86  12.49  0.33 21.40 305.41   8.44  0.28 10.43 259.54   9.18  0.22 17.98 303.49   8.33  0.20 16.74 212.96   6.38
19830129 120000  2.4 175.9  1.60 11.89 240.06  40.48  6  1.27 11.76 214.25  16.98  0.73 14.74 297.83  12.90  0.41 20.49 304.13   8.93  0.31 17.84 302.63   9.29  0.30 10.23 258.55   9.15  0.25 16.54 214.26   6.59
19830129 150000  3.3 203.1  1.56 20.36 243.92  41.02  6  1.19 11.67 214.95  16.38  0.72 14.52 297.95  13.00  0.45 20.42 304.70   9.03  0.34 17.83 302.05   9.10  0.32 10.08 258.74   9.31  0.30 15.76 213.67   7.49
19830129 180000  7.9 217.0  1.57 14.43 243.27  40.51  6  1.19 11.63 215.54  17.12  0.70 14.40 298.15  12.83  0.45 20.39 304.71   9.26  0.36  9.89 257.63   9.39  0.35 15.50 213.59   6.78  0.34 17.81 301.90   9.53
19830129 210000  4.2 223.9  1.58 14.38 244.06  40.26  6  1.17 11.58 216.53  18.68  0.69 14.33 297.82  13.36  0.58 20.15 303.40   9.35  0.40 14.92 211.97   6.79  0.37  9.93 256.86   9.01  0.15 11.06 249.05   4.91
19830130 000000  6.0 224.2  1.61 14.30 247.93  40.24  6  1.11 11.47 216.78  18.04  0.67 14.30 296.95  13.30  0.57 19.19 304.10   9.73  0.49  9.81 253.95   9.62  0.47 14.56 214.06   7.55  0.36 16.82 303.00   7.15
19830130 030000  4.3 196.3  1.67 19.04 251.40  40.12  6  1.05 11.34 217.19  17.71  0.69 19.04 302.76   9.92  0.66 14.28 296.84  13.31  0.58 10.13 252.54   9.88  0.57 13.81 213.44   8.82  0.37 16.59 304.55   7.65
19830130 060000  6.6 192.6  1.72 19.03 250.80  39.79  6  0.85  9.48 238.35  26.81  0.93 11.22 215.64  10.60  0.66 14.26 296.08  13.60  0.64 19.08 303.92   9.56  0.54 13.68 214.95   9.51  0.46 16.65 301.64   8.97
19830130 090000  6.4 186.1  1.73 18.97 249.02  39.36  6  0.94  9.47 237.82  27.92  0.80 11.04 214.00   8.88  0.69 13.23 216.89  10.52  0.66 14.26 296.39  13.58  0.62 19.04 302.56  10.72  0.43 16.66 303.91   6.99
19830130 120000  4.8 201.6  1.75 13.24 249.51  39.08  4  1.10 12.32 216.78  10.77  0.93  9.33 240.40  29.17  0.76 18.27 303.21   9.83  0.65 14.17 296.53  13.51
19830130 150000  6.3 215.0  1.79 17.79 252.45  38.68  4  1.12 11.90 217.75  11.34  0.91  8.90 244.12  26.32  0.84 17.80 303.13   9.59  0.63 13.82 297.13  13.63
19830130 180000  8.1 217.4  1.87 17.78 252.86  38.66  6  0.64  3.50 219.65  28.24  1.13 11.59 218.13  11.29  0.84 17.78 302.64   9.79  0.77  8.93 255.95  12.80  0.57 13.65 296.30  14.14  0.41 15.51 304.90   7.67
19830130 210000  8.8 216.9  1.93 17.77 251.19  38.60  6  1.12  8.60 239.39  28.71  1.13 11.47 218.45  11.63  0.84 17.77 301.76  10.25  0.55 13.60 297.04  14.46  0.45 15.51 304.52   7.68  0.09 17.90 233.77   7.91
19830131 000000  6.4 217.1  1.92 17.70 250.18  39.29  5  1.15  8.51 237.37  31.07  1.10 11.36 218.12  11.54  0.75 17.78 301.56  10.38  0.57 13.66 296.18  14.24  0.52 15.64 305.17   7.20
19830131 030000  5.7 186.4  1.85 17.35 251.63  40.23  3  1.04  8.55 237.26  33.58  1.09 11.25 218.58  11.91  1.07 17.36 300.89  11.64
19830131 060000  8.5 194.4  1.85 16.67 251.24  41.67  3  1.01  8.40 231.61  35.45  1.10 16.68 301.21  11.37  1.08 11.16 218.19  11.73
19830131 090000  5.9 176.9  1.88 16.62 250.63  42.55  8  0.84  4.70 209.41  31.85  1.09 16.62 300.79  11.43  1.07 10.98 217.72  11.76  0.55  8.28 265.09   9.97  0.28 14.43 309.29   6.23  0.23 13.73 220.31   8.20  0.17 16.50 231.44   8.66  0.06 26.75 305.11   8.58
19830131 120000  4.1 179.0  1.85 16.59 252.57  41.88  7  1.34 10.80 216.74  20.40  1.00 16.59 299.23  11.24  0.50  8.10 266.77   9.43  0.38 14.37 308.59   6.04  0.38 19.16 309.54   6.66  0.30 13.77 224.98   9.76  0.08 26.62 305.69   8.51
19830131 150000  4.8 215.4  1.83 16.53 253.20  41.39  7  1.07 16.54 300.25  11.26  1.07  8.33 218.16  22.08  0.79 10.73 218.02  12.01  0.43  7.97 268.40   8.44  0.39 19.15 309.13   7.38  0.31 13.80 224.63  10.47  0.11 26.06 305.32   8.53
19830131 180000  8.5 223.8  1.90 16.43 250.30  40.95  6  1.23  8.03 220.68  22.61  1.07 16.45 300.32  11.39  0.82 10.77 217.78  11.27  0.38 19.18 309.09   8.04  0.37  7.51 269.13   8.06  0.15 25.13 304.93   8.77
19830131 210000  8.3 215.2  1.98 16.16 247.61  41.33  5  1.33  7.65 220.33  24.94  1.13 16.22 301.53  11.35  0.86 10.78 218.36  11.37  0.31  8.17 270.48   7.06  0.19 24.98 305.75   8.64
19830201 000000  7.7 197.1  2.01 15.68 246.21  42.58  7  1.40  6.76 218.01  26.41  0.94 15.55 299.39  12.13  0.71 10.78 216.54  10.76  0.66 17.80 306.30   7.98  0.39 12.98 226.20   9.12  0.24  7.72 270.27   6.52  0.23 24.80 305.89   8.68
