Date     Time   Uabs UDir  hs    tp    th     sp     np hs(i) tp(i) th(i)  sp(i)
19950801 000000  7.6 190.8  2.29  7.31 212.81  25.69  3  2.17  7.31 210.05  25.69  0.70 14.40 237.30   9.82  0.27 11.99 216.36   8.22
19950801 030000  8.6 195.6  1.95 14.23 215.50  25.59  2  1.81  7.14 212.00  25.87  0.74 14.23 234.97  11.66
19950801 060000  9.4 194.5  1.77 13.78 216.11  25.44  2  1.61  6.73 211.89  25.81  0.74 13.78 235.03  11.51
19950801 090000  9.4 196.0  1.71 13.64 216.24  25.64  2  1.54  6.22 211.69  26.22  0.75 13.64 233.98  12.20
19950801 120000  8.0 196.2  1.63 13.58 217.45  25.85  3  1.35  6.01 212.38  28.20  0.70 13.58 236.52   9.92  0.56  9.00 214.14  11.51
19950801 150000  6.7 184.9  1.47 13.52 218.89  25.96  3  1.17  5.89 213.35  29.15  0.70 13.53 236.51   9.88  0.53  8.92 212.50  11.26
19950801 180000  9.5 208.7  1.40 13.42 219.77  24.73  2  1.21  5.57 213.88  25.84  0.70 13.42 235.81  10.17
19950801 210000  8.9 212.3  1.43 13.23 221.08  23.85  2  1.22  4.88 216.15  25.50  0.74 13.23 233.57  11.51
19950802 000000  8.1 213.6  1.42 12.98 222.41  22.82  2  1.02  4.80 218.87  28.53  1.00 12.98 225.73  13.95
19950802 030000  5.7 192.6  1.40 12.77 222.41  21.60  2  0.81  4.64 218.17  31.87  1.15 12.77 224.22  13.63
19950802 060000  5.8 187.3  1.41 12.60 222.34  19.30  3  0.60  4.39 217.18  34.45  1.02 10.42 218.96  12.98  0.78 12.74 230.76  11.75
19950802 090000  4.8 168.2  1.44 12.54 221.72  18.35  2  1.20 10.35 218.83  19.41  0.79 12.69 228.11  13.73
19950802 120000  6.3 180.3  1.45 12.52 220.36  19.22  3  0.36  2.69 180.96  31.92  1.15 10.34 221.68  15.48  0.82 12.63 223.95  15.43
19950802 150000  5.9 169.5  1.43 12.51 219.36  21.06  3  1.12 10.14 218.13  23.85  0.66 11.93 209.02   9.42  0.61 12.61 235.40   7.79
19950802 180000 10.5 197.6  1.52 12.49 217.81  22.24  3  1.24 10.21 216.50  24.74  0.65 12.08 208.41   8.48  0.58 12.60 235.57   7.99
19950802 210000 14.0 187.7  2.11 12.42 211.07  26.86  2  2.03 11.68 209.16  26.91  0.55 12.59 235.30   8.09
19950803 000000 13.2 182.6  2.78 12.14 208.33  27.27  2  2.72 11.57 206.99  27.34  0.61 12.68 233.01   6.87
19950803 030000 13.8 177.1  3.12 11.96 210.02  26.23  2  2.99 11.03 207.82  26.26  0.87 11.99 233.88   7.62
19950803 060000 13.8 175.9  3.30 12.04 211.02  25.58  1  3.30 12.04 211.02  25.58
19950803 090000 13.2 168.7  3.49 12.49 210.26  25.57  2  2.54  7.72 203.43  31.14  2.39 12.49 217.08  14.31
19950803 120000 12.2 172.8  3.51 13.02 209.84  24.86  1  3.51 13.02 209.84  24.86
19950803 150000 12.6 160.5  3.59 13.70 206.92  26.52  2  2.35  7.79 194.99  34.67  2.72 13.70 214.37  13.81
19950803 180000 12.7 178.0  3.57 14.09 207.72  23.85  1  3.57 14.09 207.72  23.85
19950803 210000 13.3 181.7  3.63 14.32 208.39  22.00  1  3.63 14.32 208.39  22.00
19950804 000000 10.5 182.7  3.70 14.44 208.50  22.40  1  3.70 14.44 208.50  22.40
19950804 030000 11.3 169.6  3.59 14.55 208.79  22.11  2  2.40  8.46 205.81  30.37  2.68 14.55 210.89  11.43
19950804 060000  9.6 170.2  3.42 14.68 209.53  21.19  1  3.42 14.68 209.53  21.19
19950804 090000  7.6 165.3  3.23 14.81 210.72  19.82  2  2.39 14.81 209.51  10.68  2.17  9.40 212.35  27.00
19950804 120000  7.0 175.8  3.08 14.77 211.41  18.93  2  2.29 14.77 209.77  11.30  2.06  9.41 213.59  25.20
19950804 150000  6.1 178.0  2.96 14.61 211.98  18.16  2  2.17 14.61 210.26  12.13  2.01  9.43 214.12  23.13
19950804 180000  9.9 203.7  2.84 14.45 212.01  17.93  2  2.01  9.43 214.11  22.12  2.01 14.45 210.00  12.03
19950804 210000  9.9 196.4  2.73 14.32 211.65  18.93  2  2.11  9.52 213.84  22.46  1.74 14.32 208.63  11.39
19950805 000000  8.6 203.6  2.53 14.17 211.48  19.90  2  1.84  8.79 213.74  24.94  1.73 14.17 209.13  11.36
19950805 030000  7.7 182.1  2.29 13.76 211.65  20.44  2  1.74  8.79 214.54  24.77  1.48 13.76 207.98  11.21
19950805 060000  7.0 177.5  2.05 13.48 211.96  20.48  2  1.47  8.23 215.37  25.73  1.42 13.48 208.61  11.72
19950805 090000  6.4 182.4  1.85 13.33 212.21  20.36  2  1.32  8.18 216.60  25.63  1.30 13.33 208.10  11.54
19950805 120000  4.3 177.9  1.68 13.15 212.57  20.26  1  1.68 13.15 212.57  20.26
19950805 150000  4.2 179.0  1.52 12.68 213.25  20.04  1  1.52 12.68 213.25  20.04
19950805 180000  7.7 210.4  1.42 12.51 213.76  20.03  1  1.42 12.51 213.76  20.03
19950805 210000  8.4 203.8  1.40 12.39 214.06  21.46  2  1.40 12.39 213.99  21.50  0.11 17.91 224.19   9.05
19950806 000000  7.9 207.1  1.41 12.01 215.06  23.49  4  0.99  4.60 217.53  29.68  0.98 11.93 211.65  14.15  0.18 17.36 226.13   8.94  0.17 13.65 242.46  11.66
19950806 030000  7.2 185.3  1.26 11.75 215.53  25.39  5  0.88  4.70 217.48  32.60  0.84 11.65 211.37  14.03  0.23 13.69 236.14  13.87  0.19 16.68 227.28   9.18  0.11 12.52 228.51   4.77
19950806 060000  7.5 181.1  1.11 11.65 214.72  27.05  4  0.75  4.49 212.91  35.92  0.73 11.54 211.16  13.60  0.32 13.34 237.37  12.31  0.20 16.57 226.43   8.46
19950806 090000  7.5 173.1  1.04 11.55 211.59  29.95  4  0.72  3.76 202.49  38.05  0.62 11.09 211.50  13.82  0.35 12.94 237.07  12.27  0.23 16.49 226.14   8.30
19950806 120000  7.0 172.0  1.03 12.53 210.07  31.97  4  0.75  3.81 197.01  37.65  0.52 10.94 212.42  14.18  0.40 12.79 236.65  10.88  0.25 16.25 226.00   8.15
19950806 150000  8.7 179.1  1.14 12.53 208.65  33.03  4  0.90  4.03 195.45  35.83  0.51 12.58 236.17   9.91  0.36 10.85 207.21   9.25  0.33 15.57 226.59   9.39
19950806 180000 11.7 203.1  1.54  4.93 217.09  27.82  3  1.44  4.93 214.76  28.82  0.42 12.37 235.64  10.89  0.35 15.52 225.74   8.61
19950806 210000 12.3 202.6  2.15  6.41 221.37  26.31  3  2.08  6.41 220.51  26.98  0.45 12.03 235.29  11.42  0.37 15.39 225.57   8.44
19950807 000000 10.3 177.0  2.36  7.45 221.18  28.47  3  2.27  7.45 220.25  29.19  0.44 11.90 237.54  11.14  0.44 14.71 226.70   9.68
19950807 030000  8.5 164.3  2.33  8.17 222.20  28.55  2  2.29  8.17 222.03  29.05  0.46 14.52 226.00   9.50
19950807 060000  9.4 160.7  2.33  8.87 220.71  29.32  2  2.28  8.87 220.47  29.92  0.49 14.33 225.29   9.14
19950807 090000  9.0 155.5  2.35  9.17 219.51  29.63  2  2.28  9.17 219.17  30.44  0.58 13.83 224.15  10.27
19950807 120000  6.0 162.1  2.31  9.66 220.69  27.63  3  2.13  9.66 220.39  29.68  0.67 13.65 225.36  11.64  0.60 12.17 218.19   6.75
19950807 150000  5.9 150.7  2.24 11.03 222.32  24.67  1  2.24 11.03 222.32  24.67
19950807 180000  7.0 196.1  2.21 12.72 222.95  21.22  1  2.21 12.72 222.95  21.22
19950807 210000  7.4 196.9  2.25 12.68 221.83  19.67  1  2.25 12.68 221.83  19.67
19950808 000000  4.8 186.8  2.28 12.62 221.42  18.94  1  2.28 12.62 221.42  18.94
19950808 030000  5.6 220.5  2.26 12.53 221.55  18.30  1  2.26 12.53 221.55  18.30
19950808 060000  2.7 205.4  2.22 12.38 221.64  18.06  1  2.22 12.38 221.64  18.06
19950808 090000  3.3 232.6  2.16 12.10 221.87  17.89  1  2.16 12.10 221.87  17.89
19950808 120000  1.6  48.8  2.07 11.92 222.12  17.75  1  2.07 11.92 222.12  17.75
19950808 150000  3.4 289.5  1.95 11.80 222.39  17.60  2  1.94 11.80 222.31  17.68  0.22 16.87 228.57   8.35
19950808 180000  6.3 242.1  1.87 11.69 223.20  18.04  2  1.85 11.69 223.20  18.14  0.21 16.80 223.36   5.41
19950808 210000  3.4 272.4  1.79 11.53 223.64  18.20  2  1.74 11.53 223.51  18.61  0.43 15.78 225.60   8.57
19950809 000000  6.3 358.4  1.73 11.25 224.73  19.71  2  1.64 11.25 224.68  20.54  0.55 15.43 225.23   9.65
19950809 030000  4.3 335.0  1.70 11.11 226.37  22.01  2  1.49 11.11 227.03  24.48  0.82 14.26 224.35   9.93
19950809 060000  1.4 276.4  1.69 11.02 227.16  20.73  3  1.28 11.16 224.68  22.89  0.97 14.14 223.86  11.11  0.50 10.21 256.58   7.95
19950809 090000  2.2 167.7  1.72 13.69 227.98  19.99  2  1.65 13.69 224.96  18.18  0.51  9.70 259.71   7.39
19950809 120000  1.4 148.2  1.79 13.45 228.82  20.08  2  1.69 13.46 224.64  16.26  0.59  9.48 265.09  12.94
19950809 150000  4.2 160.0  1.85 13.30 229.38  20.61  3  1.69 13.31 222.53  13.71  0.61  9.31 265.88  11.59  0.44 11.56 266.47   9.29
19950809 180000  5.7 193.1  1.90 13.06 228.68  21.82  2  1.74 13.12 221.56  14.51  0.76 10.96 268.48  10.92
19950809 210000  7.2 202.9  1.94 12.70 227.71  22.14  3  0.45  2.85 204.03  31.10  1.75 12.73 222.29  12.79  0.72 11.00 270.80  11.66
19950810 000000  7.8 199.3  2.00 12.58 225.86  23.23  3  0.73  3.81 208.31  29.73  1.75 12.60 222.45  12.66  0.65 10.05 275.55  12.90
19950810 030000  5.9 171.7  1.95 12.52 225.56  23.94  3  0.70  4.25 208.20  32.38  1.72 12.53 222.32  12.54  0.60  9.36 279.94  15.28
19950810 060000  5.4 178.4  1.87 12.44 225.73  23.70  3  0.57  4.21 207.20  33.97  1.69 12.44 222.31  12.55  0.56  9.01 284.08  16.76
19950810 090000  4.8 174.8  1.80 12.28 225.61  22.96  3  1.69 12.28 221.65  16.11  0.50  8.64 287.62  17.44  0.37 16.46 216.67   7.11
19950810 120000  3.3 202.9  1.74 11.99 225.46  21.57  3  1.61 12.00 222.49  14.98  0.49 15.94 215.40   7.74  0.45  8.30 289.95  17.41
19950810 150000  1.8 217.3  1.72 11.88 224.86  20.09  3  1.54 11.88 223.02  14.30  0.65 15.50 216.16   7.81  0.40  8.01 291.53  17.10
19950810 180000  7.9 231.1  1.76 11.82 224.32  19.48  3  1.56 11.82 223.82  15.42  0.74 15.08 215.14   8.32  0.35  7.73 293.08  16.22
19950810 210000  6.7 214.4  1.80 11.81 223.07  19.58  3  0.66  3.81 223.90  29.98  1.40 11.74 226.22  18.96  0.91 14.51 215.55   9.43
19950811 000000  1.0 238.5  1.75 14.06 222.08  19.11  2  1.73 14.06 221.68  19.26  0.30 11.83 235.00   0.02
19950811 030000  1.9 202.5  1.69 13.61 221.73  18.14  2  1.67 13.61 220.66  15.38  0.23  6.98 298.50  14.01
19950811 060000  0.7 122.9  1.64 13.51 221.87  17.11  2  1.63 13.51 220.96  14.62  0.21  6.80 298.86  14.18
19950811 090000  1.1 283.5  1.61 13.38 222.70  16.26  2  1.60 13.38 222.02  14.24  0.18  6.43 301.46  13.15
19950811 120000  3.9 350.1  1.61 13.12 224.21  15.67  2  1.60 13.12 223.68  14.07  0.16  6.24 302.33  12.75
19950811 150000  5.9 357.7  1.66 12.76 228.35  25.13  1  1.66 12.76 228.35  25.13
19950811 180000  5.9 298.4  1.69 12.67 231.89  25.40  1  1.69 12.67 231.89  25.40
19950811 210000  5.8 328.9  1.71 13.95 236.18  27.80  2  0.57  3.93 315.30  28.06  1.62 13.95 229.96  12.64
19950812 000000  9.8 355.4  1.77 13.75 246.37  39.13  2  0.84  4.82 326.06  31.58  1.55 13.75 231.91  12.11
19950812 030000  8.5 356.3  1.86 13.57 262.98  45.57  2  1.17  5.33 322.97  32.04  1.45 13.57 233.74  11.37
19950812 060000  7.5 356.6  1.81 13.39 267.63  44.00  2  1.22  5.86 316.58  31.76  1.34 13.39 235.13  10.77
19950812 090000  5.6 339.2  1.75 13.23 265.66  40.65  2  1.18  6.13 309.19  30.45  1.30 13.23 235.76  10.44
19950812 120000  8.4   3.6  1.92 12.85 261.21  38.43  1  1.92 12.85 261.21  38.43
19950812 150000  7.9 355.9  2.34 12.64 256.09  34.94  1  2.34 12.64 256.09  34.94
19950812 180000  7.6 336.9  2.77 12.50 252.90  32.44  1  2.77 12.50 252.90  32.44
19950812 210000  9.0 347.4  3.08 12.51 250.54  32.56  1  3.08 12.51 250.54  32.56
19950813 000000 12.8 356.5  3.43 12.73 252.98  38.44  1  3.43 12.73 252.98  38.44
19950813 030000  9.3 341.2  3.66 13.00 249.92  37.46  1  3.66 13.00 249.92  37.46
19950813 060000  9.1 346.9  3.91 14.54 243.79  34.02  1  3.91 14.54 243.79  34.02
19950813 090000 11.4 340.7  4.15 15.15 242.93  35.60  1  4.15 15.15 242.93  35.60
19950813 120000 15.7 337.0  4.46 15.06 250.83  43.52  2  2.40  6.40 325.75  33.29  3.76 15.06 231.10  13.82
19950813 150000 11.7 332.9  4.46 14.85 251.16  43.51  2  2.41  6.92 325.46  33.62  3.75 14.85 231.36  13.99
19950813 180000  8.1 314.1  4.40 14.72 246.24  39.39  2  1.92  6.79 332.55  32.01  3.96 14.72 234.17  17.69
19950813 210000  6.0 315.6  4.33 14.64 241.76  34.17  2  1.48  6.73 337.20  27.26  4.06 14.64 234.66  18.11
19950814 000000  6.3 305.5  4.18 14.60 239.26  30.25  1  4.18 14.60 239.26  30.25
19950814 030000  6.4 297.8  4.06 14.58 237.87  27.50  1  4.06 14.58 237.87  27.50
19950814 060000  5.4 286.0  3.99 14.56 236.88  25.61  1  3.99 14.56 236.88  25.61
19950814 090000  3.7 285.5  3.95 14.60 235.89  24.09  1  3.95 14.60 235.89  24.09
19950814 120000  3.4 248.0  3.93 14.68 234.89  22.64  1  3.93 14.68 234.89  22.64
19950814 150000  1.4 158.7  3.94 14.67 233.95  21.28  1  3.94 14.67 233.95  21.28
19950814 180000  1.7 225.0  3.91 14.53 233.30  20.32  1  3.91 14.53 233.30  20.32
19950814 210000  3.0 203.4  3.80 14.33 232.83  19.81  1  3.80 14.33 232.83  19.81
19950815 000000  7.9 209.8  3.66 14.09 232.01  19.61  1  3.66 14.09 232.01  19.61
19950815 030000  7.6 172.9  3.50 13.75 230.91  20.10  1  3.50 13.75 230.91  20.10
19950815 060000  7.5 166.3  3.32 13.55 229.78  20.83  1  3.32 13.55 229.78  20.83
19950815 090000  8.6 169.1  3.16 13.36 228.17  21.93  2  0.73  3.68 182.50  33.06  3.07 13.36 230.22  18.67
19950815 120000  8.3 169.2  2.99 13.14 227.00  22.49  2  2.98 13.14 227.03  22.52  0.19 19.27 219.89   6.82
19950815 150000  9.4 173.8  2.86 13.00 225.09  23.61  3  1.03  4.46 190.93  32.49  2.65 13.00 229.42  18.03  0.25 19.06 221.57   7.89
19950815 180000 11.9 193.0  2.82 12.80 222.82  23.61  3  1.36  5.15 200.12  28.39  2.45 12.80 229.19  17.67  0.34 18.21 221.21   8.36
19950815 210000 12.1 189.1  2.94 12.55 220.36  24.69  3  2.02  6.36 213.04  31.62  2.09 12.55 226.23  13.96  0.45 17.81 222.00   9.11
19950816 000000  9.6 187.0  2.85 12.52 220.50  24.72  3  2.08  7.06 215.37  30.76  1.87 12.52 225.98  13.50  0.52 17.63 221.75   8.16
19950816 030000 11.3 173.5  2.75 12.50 218.62  26.19  3  2.06  7.36 212.47  32.01  1.71 12.50 225.90  13.40  0.63 16.79 221.97   8.44
19950816 060000  9.0 162.0  2.56 12.39 218.65  26.57  3  1.88  7.55 211.52  32.87  1.60 12.39 226.46  13.97  0.71 16.58 222.02   8.02
19950816 090000  8.9 156.6  2.39 11.97 218.81  26.66  3  1.71  7.77 211.12  33.56  1.45 11.97 226.70  14.33  0.81 16.33 222.57   8.06
19950816 120000  9.7 164.8  2.27 15.73 217.55  27.63  3  1.61  7.95 207.52  34.82  1.38 11.85 226.92  13.91  0.82 15.78 223.28   8.01
19950816 150000  8.1 172.4  2.15 15.49 218.55  26.47  3  1.49  8.04 209.13  34.01  1.24 11.81 227.24  14.12  0.93 15.49 223.70   7.99
19950816 180000 11.3 192.1  2.21 15.32 217.58  24.70  2  2.00 11.75 215.95  26.84  0.94 15.32 224.16   7.91
19950816 210000 13.0 195.1  2.39 15.07 217.62  23.96  1  2.39 15.07 217.62  23.96
19950817 000000 11.6 188.7  2.50 14.70 216.92  25.67  2  2.10  6.62 212.97  29.00  1.35 14.70 225.42  10.71
19950817 030000 10.4 176.8  2.38 14.53 216.55  26.85  2  1.99  6.89 212.31  30.61  1.30 14.53 225.17  10.44
19950817 060000  9.0 177.5  2.20 14.48 217.61  26.31  2  1.78  6.94 212.79  30.80  1.29 14.48 225.57  10.29
19950817 090000  8.2 169.7  2.06 14.53 218.95  25.49  2  1.59  6.95 213.21  30.91  1.31 14.53 226.32  10.19
19950817 120000  6.8 169.9  1.95 14.58 220.85  23.58  2  1.39  6.88 214.50  30.51  1.37 14.58 226.56  10.09
19950817 150000  7.0 187.0  1.86 14.55 222.86  20.89  2  1.21  6.75 216.97  29.02  1.41 14.55 226.71   9.94
19950817 180000  9.2 205.0  1.89 14.47 222.86  19.55  2  1.21  6.57 216.07  26.85  1.46 14.47 227.06  10.24
19950817 210000 11.1 202.0  2.11 14.29 221.62  20.93  2  1.50  5.33 215.70  26.47  1.48 14.29 227.15  10.26
19950818 000000 10.7 192.5  2.25 13.94 219.73  23.02  2  1.67  5.90 213.06  28.08  1.50 13.94 227.12  10.40
19950818 030000  9.3 162.4  2.26 13.73 218.03  25.59  2  1.68  6.41 209.44  31.14  1.52 13.73 227.13  10.63
19950818 060000  9.2 153.5  2.23 13.60 217.63  26.36  2  1.64  6.84 208.38  32.52  1.52 13.60 226.81  10.34
19950818 090000  9.3 156.8  2.23 13.44 216.62  27.29  2  1.67  7.38 206.86  33.00  1.49 13.44 227.04  10.31
19950818 120000  8.0 163.9  2.20 13.33 217.22  26.61  2  1.62  7.84 207.40  32.41  1.49 13.33 227.14  10.58
19950818 150000  6.8 163.8  2.11 13.32 219.29  25.00  2  1.52  8.02 210.77  31.16  1.45 13.32 227.39  10.62
19950818 180000  9.7 194.9  2.08 13.32 220.39  22.32  2  1.52  8.29 213.54  27.35  1.43 13.32 227.42  10.91
19950818 210000 10.2 195.6  2.21 13.27 219.74  22.12  2  1.66  8.19 212.70  25.86  1.46 13.27 228.02  11.65
19950819 000000  6.6 193.1  2.18 13.12 220.97  22.12  2  1.69  8.55 216.35  26.02  1.37 13.12 227.36  11.71
19950819 030000  3.6 152.6  2.03 12.84 222.94  20.52  2  1.53  8.75 219.51  24.69  1.33 12.84 227.16  11.84
19950819 060000  2.2 120.8  1.90 12.82 223.95  18.73  2  1.45  8.89 221.54  21.98  1.22 12.82 227.18  12.10
19950819 090000  2.5 102.4  1.79 12.87 224.30  17.44  2  1.31  8.65 222.54  20.85  1.22 12.87 226.25  12.08
19950819 120000  3.3 156.2  1.73 12.95 224.23  16.52  4  1.29  8.56 223.27  19.41  0.88 12.65 228.98  11.40  0.76 14.95 220.30   9.22  0.05 12.68 316.18   8.60
19950819 150000  2.2 175.1  1.73 14.56 223.85  15.57  2  1.22 14.56 224.97  11.97  1.22  8.58 222.69  18.42
19950819 180000  6.7 226.0  1.78 14.32 223.35  15.02  2  1.19  8.58 221.98  18.25  1.32 14.32 224.44  11.64
19950819 210000  5.2 204.4  1.85 14.00 222.74  15.00  2  1.40 14.00 223.03  10.75  1.21  8.54 222.34  19.28
19950820 000000  4.2 180.1  1.89 13.67 222.20  14.49  2  1.51 13.67 223.15  11.17  1.13  8.46 220.45  18.87
19950820 030000  2.4 199.2  1.89 13.41 221.91  13.81  2  1.58 13.41 222.66  11.29  1.04  8.34 220.11  18.27
19950820 060000  2.2 191.1  1.88 13.19 221.69  13.32  2  1.65 13.19 222.56  11.56  0.89  8.08 218.61  17.79
19950820 090000  1.8  91.0  1.84 12.96 221.54  13.09  2  1.66 12.96 222.27  11.83  0.79  7.84 218.26  17.19
19950820 120000  2.6 195.4  1.79 12.76 221.43  13.04  2  1.66 12.76 222.13  12.13  0.68  7.63 217.22  16.89
19950820 150000  4.0 225.4  1.74 12.62 221.39  13.38  3  1.57 12.62 222.68  12.44  0.62  7.38 217.23  18.58  0.44 15.88 212.97   5.57
19950820 180000  7.2 223.7  1.73 12.50 221.63  14.94  3  0.72  7.37 220.67  23.09  1.57 12.51 221.68  11.94  0.08 11.79 316.34   8.37
19950820 210000  5.8 222.7  1.68 12.42 221.46  16.12  4  0.70  7.17 220.74  26.52  1.39 12.43 223.31  12.12  0.62 14.89 212.07   6.31  0.08 11.59 316.51   7.97
19950821 000000  1.4 131.0  1.59 12.56 221.20  16.20  3  1.44 12.56 222.19  16.31  0.67 14.66 215.76  10.14  0.08 11.25 316.37   8.02
19950821 030000  4.0 217.7  1.50 13.59 220.95  15.85  2  1.49 13.60 220.74  15.05  0.09 11.17 315.86   8.62
19950821 060000  4.7 198.5  1.42 13.47 220.57  15.78  2  1.42 13.48 220.31  14.79  0.09 11.15 315.74   8.62
19950821 090000  4.7 186.0  1.36 13.39 220.00  16.38  3  1.35 13.39 219.70  15.24  0.08 11.13 317.50   7.51  0.05 13.43 312.40   8.65
19950821 120000  8.4 207.0  1.34 13.28 219.36  17.68  4  0.47  2.76 213.27  32.17  1.25 13.27 219.73  12.71  0.08 11.12 317.71   7.18  0.06 13.43 312.59   8.53
19950821 150000  5.3 199.1  1.30 13.07 219.10  19.68  4  0.53  3.44 212.74  34.92  1.18 13.06 219.71  12.80  0.09 11.09 317.22   7.56  0.05 13.47 312.05   9.03
19950821 180000  9.0 216.8  1.36 12.90 220.76  20.65  3  0.77  3.73 221.75  29.11  1.12 12.89 219.83  13.00  0.11 11.02 315.81   8.20
19950821 210000  4.6 194.4  1.27 12.85 220.96  21.97  3  0.68  4.03 222.08  32.50  1.07 12.85 219.97  13.47  0.11 10.92 315.79   8.12
19950822 000000  4.3 198.6  1.15 12.83 221.34  21.57  3  0.52  3.95 222.98  34.24  1.02 12.83 220.27  14.15  0.11 12.71 315.78   7.99
19950822 030000  4.3 185.8  1.07 12.78 221.88  21.41  3  0.40  3.77 220.83  35.66  0.98 12.78 221.20  15.09  0.12 12.64 315.73   7.99
19950822 060000  4.8 172.0  1.02 12.66 222.67  22.37  3  1.01 12.67 221.83  20.26  0.09 10.58 317.52   7.20  0.08 12.60 313.54   8.41
19950822 090000  5.4 179.5  1.01 12.54 223.26  24.29  3  1.00 12.54 222.36  22.29  0.09 10.52 317.50   7.21  0.08 12.56 313.52   8.49
19950822 120000  7.1 187.3  1.06 12.43 223.51  26.95  4  0.45  2.85 193.85  33.62  0.95 12.43 228.06  18.80  0.09 10.46 317.49   7.18  0.08 12.52 313.57   8.54
19950822 150000  7.7 182.5  1.14 12.31 224.27  31.06  5  0.56  3.20 188.01  35.11  0.75 12.30 219.69  13.45  0.64  9.82 250.73  12.07  0.10 10.42 316.77   7.88  0.08 12.58 313.66   8.19
19950822 180000  8.6 206.3  1.28 12.29 229.01  29.77  5  0.66  3.46 200.79  35.26  0.77 12.34 222.21  13.82  0.77 10.06 251.67  12.75  0.09 12.35 312.86   9.36  0.09 10.34 317.44   7.37
19950822 210000  7.0 217.8  1.45 12.53 235.66  25.40  4  1.44 12.55 235.15  24.66  0.09 12.10 313.49   8.52  0.09 10.31 316.89   7.91  0.07 21.27 245.02   8.45
19950823 000000  0.6 252.5  1.63 12.31 238.81  21.69  3  1.62 12.32 238.40  21.02  0.13 11.89 315.17   8.27  0.10 20.63 244.42   9.32
19950823 030000  3.1 191.0  1.75 11.92 240.48  19.20  3  1.74 11.92 240.12  18.56  0.16 20.25 244.15   9.15  0.13 11.83 314.98   8.61
19950823 060000  3.5 114.5  1.79 11.70 241.14  19.73  3  1.78 11.70 240.76  19.20  0.21 19.54 244.70   8.68  0.13 11.79 315.35   8.21
19950823 090000  3.4   2.2  1.76 11.51 241.88  18.77  3  1.73 11.50 241.45  18.25  0.29 19.16 244.75   8.58  0.14 11.75 315.30   8.24
19950823 120000  4.1   6.0  1.74 11.24 243.67  23.02  3  1.69 11.23 243.23  22.97  0.39 18.86 244.59   8.87  0.14 11.71 315.35   8.27
19950823 150000  2.9   7.2  1.70 11.15 244.61  23.79  3  1.62 11.14 244.16  24.20  0.50 18.17 244.91   8.39  0.14 11.64 315.35   8.23
19950823 180000  8.3 333.7  1.75 11.09 250.79  32.18  3  1.63 11.08 251.40  33.90  0.62 17.87 244.74   8.68  0.13 11.50 314.86   9.13
19950823 210000  9.0 341.5  2.03 17.57 269.52  42.33  5  1.28  5.52 319.77  28.72  1.24 10.92 245.84  17.13  0.76 17.58 244.78   8.86  0.61 13.05 216.93  10.84  0.14 11.24 314.77   9.70
19950824 000000 12.3   8.9  2.35 17.03 282.29  47.37  6  1.74  6.61 322.34  34.63  1.03 10.30 248.62  12.50  0.88 17.06 244.47   9.02  0.77 13.36 214.76   8.98  0.16 13.69 248.27   5.34  0.14 11.11 316.24  10.35
19950824 030000  9.6 356.2  2.50 16.65 283.02  46.47  5  1.98  7.46 314.67  36.03  0.98 16.71 245.10   8.52  0.88 13.36 215.49  10.03  0.79 10.11 246.91  11.90  0.11 13.54 245.00   0.02
19950824 060000  6.9 351.5  2.53 16.37 276.31  43.04  3  2.07  8.28 299.81  36.44  1.10 16.44 245.29   8.37  0.93 12.89 214.70   9.50
19950824 090000  6.7 359.2  2.53 16.03 271.44  40.25  3  2.01  8.88 295.92  33.56  1.19 16.07 245.12   8.63  0.98 12.68 215.84  12.09
19950824 120000  4.0  28.2  2.49 15.57 267.97  38.13  3  1.91  8.89 293.82  31.06  1.28 15.64 245.53   8.63  0.97 12.38 214.39  10.70
19950824 150000  1.0 351.3  2.42 15.31 264.83  36.30  4  1.78  8.82 291.65  29.19  1.34 15.36 245.85   8.89  0.93 12.34 212.61  10.07  0.08 12.68 315.00   7.68
19950824 180000  4.0 231.3  2.35 15.14 261.74  34.99  4  1.65  8.66 290.14  27.92  1.36 15.21 246.59   8.84  0.95 12.39 212.71  10.86  0.08 12.67 315.66   7.37
19950824 210000  4.5 208.4  2.27 14.74 258.52  33.77  6  1.41  8.38 293.67  26.42  1.39 14.94 247.57   9.05  0.94 12.36 211.60  10.74  0.58  9.87 254.33   9.79  0.06 12.66 316.22   7.45  0.06 14.53 314.98   7.16
19950825 000000  1.7 129.5  2.19 14.39 256.29  32.82  4  1.59 14.51 250.56  10.85  1.19  8.34 297.78  25.19  0.92 12.50 210.27  10.23  0.06 14.51 315.01   7.25
19950825 030000  1.6  93.9  2.10 14.26 254.51  32.02  4  1.59 14.33 251.84  11.13  1.03  7.98 300.40  23.92  0.91 12.47 209.44   9.49  0.06 14.50 315.11   7.33
19950825 060000  2.7 151.1  2.02 14.13 252.96  31.37  6  1.58 14.24 253.08  12.22  0.90 12.42 208.79   9.33  0.85  8.24 304.48  21.36  0.14 10.45 314.25   9.24  0.06 14.48 315.17   7.37  0.05 20.42 223.99   8.31
19950825 090000  3.2 162.3  1.93 13.52 251.41  31.31  5  1.53 14.06 253.46  13.57  0.88 12.36 208.89   9.94  0.76  7.91 304.49  24.87  0.15 10.22 315.83   7.87  0.06 14.40 314.87   7.83
19950825 120000  4.4 183.7  1.85 13.29 250.81  30.89  7  1.51 13.55 256.01  15.08  0.86 12.23 208.43   9.65  0.62  7.77 306.34  29.40  0.12 10.25 315.35   8.17  0.09 19.14 225.46   8.13  0.08 11.84 317.18   7.20  0.07 13.85 315.35   7.05
19950825 150000  5.3 177.1  1.78 13.20 249.82  31.49  7  1.46 13.41 255.90  17.69  0.82 12.01 207.69   9.25  0.57  7.76 302.70  35.63  0.11 10.25 317.90   7.26  0.10 19.02 226.14   8.29  0.08 11.84 317.05   7.24  0.08 13.62 315.32   7.27
19950825 180000  9.4 206.5  1.76 12.80 247.28  31.56  7  0.56  2.98 215.60  35.38  1.45 13.30 262.38  20.53  0.80 11.85 208.05   9.43  0.12 18.84 227.82   8.18  0.10 10.24 318.51   7.27  0.09 13.58 313.68   8.71  0.08 11.84 317.04   7.16
19950825 210000  9.8 210.6  1.83 12.16 242.80  32.31  6  1.19 11.71 214.93  27.11  1.37 13.13 261.69  19.71  0.14 18.05 226.51   8.74  0.11 10.18 317.37   7.39  0.09 13.57 315.10   7.27  0.08 11.83 317.21   7.21
19950826 000000  6.5 200.3  1.78 12.05 241.66  32.79  7  0.99  4.54 221.60  34.19  1.29 12.61 261.75  18.90  0.71 11.56 207.32   9.19  0.15 17.93 226.95   8.83  0.11 10.20 317.32   6.90  0.09 13.56 315.06   7.33  0.07 11.84 317.43   7.15
19950826 030000  4.2 190.6  1.63 11.87 244.27  32.51  6  0.76  4.52 219.34  35.79  1.25 12.50 262.08  18.69  0.67 11.30 206.87   8.90  0.17 17.74 227.42   8.80  0.13 11.55 317.10   7.16  0.09 13.53 315.40   7.22
19950826 060000  3.0 176.0  1.51 11.39 246.46  31.55  5  1.33 12.41 256.30  27.26  0.67 11.12 207.61   9.38  0.21 16.95 227.33   8.82  0.14 11.08 317.02   7.37  0.08 13.51 315.03   6.67
19950826 090000  2.7 200.9  1.42 11.18 247.98  30.79  6  1.24 12.28 258.93  24.75  0.65 11.01 207.59   9.31  0.22 16.75 227.45   9.08  0.10 12.88 316.19   7.14  0.09 11.02 316.74   6.51  0.08  9.59 320.45   5.04
19950826 120000  1.0 271.9  1.36 11.04 249.23  30.23  7  1.18 11.70 260.03  23.00  0.60 10.88 206.54   8.56  0.20 16.65 227.51   9.79  0.11 19.85 228.30   8.11  0.10 11.03 317.87   6.81  0.10 12.72 315.98   7.00  0.08  9.58 317.41   6.87
19950826 150000  1.8  48.5  1.31 10.86 250.19  29.73  7  1.12 11.58 262.03  20.78  0.59 10.76 207.02   9.26  0.24 16.04 226.76   9.89  0.13 19.32 226.74   8.89  0.11 12.69 315.50   7.12  0.10 11.02 317.65   6.90  0.08  9.55 319.44   5.02
19950826 180000  1.9 267.8  1.27 10.51 250.98  29.13  8  1.07  9.98 263.35  18.80  0.57 10.49 207.54  10.05  0.23 15.66 225.75   9.03  0.17 19.01 229.91  11.04  0.14 13.41 218.42   4.74  0.12 12.68 315.06   7.28  0.10 11.01 317.59   6.89  0.08  9.56 319.41   5.00
19950826 210000  3.6 242.3  1.23 10.26 251.80  28.59  8  1.06  9.79 263.06  18.60  0.52 10.31 206.42   8.88  0.24 15.60 227.12   9.84  0.17 19.00 230.72  11.53  0.13 13.67 221.54   4.76  0.11 12.68 314.88   7.31  0.11 10.99 318.55   6.82  0.07  9.46 317.67   4.48
19950827 000000  0.5 109.9  1.18 10.12 252.60  28.07  6  1.01  9.66 263.81  17.45  0.47 10.21 205.51   8.08  0.29 15.26 226.27  10.99  0.22 18.53 230.53  11.63  0.13 10.95 317.18   6.90  0.10 12.68 314.35   7.54
19950827 030000  1.4  90.6  1.19 10.17 253.56  26.46  6  1.03 10.90 263.36  16.50  0.42 10.12 205.11   7.85  0.31 14.64 226.54  10.29  0.24 18.14 232.46  12.66  0.12 10.81 317.15   6.95  0.10 12.61 315.40   7.04
19950827 060000  0.9 137.1  1.39 10.79 255.10  22.56  6  1.26 10.92 261.11  15.11  0.39  9.90 205.79   8.42  0.30 14.52 225.31   8.35  0.28 17.90 235.76  14.50  0.11 12.35 316.27   7.50  0.11 10.23 316.82   6.37
19950827 090000  1.4 182.3  1.76 10.58 256.58  19.08  5  1.69 10.73 258.74  15.42  0.35  9.71 205.78   8.67  0.28 17.81 232.10  10.73  0.11 11.84 316.77   6.72  0.10 10.19 316.94   6.92
19950827 120000  2.6 165.6  2.17 12.79 256.68  17.27  3  2.14 12.85 257.39  15.49  0.30  9.61 204.52   7.53  0.14 11.83 317.18   6.80
19950827 150000  5.5 190.3  2.45 12.52 256.48  16.63  4  2.43 12.55 256.92  15.44  0.27  9.55 204.49   8.05  0.09 11.87 318.56   4.79  0.09 10.26 320.16   5.00
19950827 180000  9.2 205.0  2.60 12.03 254.88  19.47  3  0.63  3.07 212.42  30.32  2.52 12.03 257.00  15.64  0.08 10.23 319.66   5.00
19950827 210000 10.6 204.0  2.66 11.83 252.31  22.92  3  0.98  4.20 218.48  32.37  2.47 11.83 256.81  16.57  0.12 20.54 224.05   8.53
19950828 000000  5.1 179.6  2.56 11.64 251.37  24.70  3  2.55 11.64 251.75  24.47  0.20  9.21 202.60   7.39  0.14 20.34 224.13   7.61
19950828 030000  7.2 180.5  2.39 11.33 251.86  24.02  3  2.38 11.33 252.20  23.85  0.18 19.62 224.15   8.38  0.15  8.86 203.38   6.99
19950828 060000  9.4 177.7  2.31 11.12 248.38  27.72  2  2.30 11.12 248.59  27.74  0.20 19.22 223.78   8.27
19950828 090000  6.6 171.6  2.18 10.89 247.03  28.12  2  2.17 10.89 247.28  28.16  0.22 19.08 225.04   8.90
19950828 120000  6.0 164.7  2.02 10.50 247.22  26.42  4  1.99 10.50 248.15  25.93  0.26 18.68 224.03   8.71  0.24 10.33 202.99   6.81  0.10 11.12 315.86   6.99
19950828 150000  5.6 175.9  1.88 10.23 246.82  25.72  6  1.69 10.20 250.86  26.02  0.72 12.90 233.95  10.89  0.28 18.04 223.92   8.47  0.27 10.57 204.16   7.15  0.09 11.11 314.71   7.03  0.05  9.62 317.59   7.07
19950828 180000  8.4 189.2  1.84  9.82 242.06  28.29  7  0.74  3.87 197.16  30.61  1.41  9.78 256.04  17.59  0.66 12.31 237.99  12.37  0.47 14.21 235.15   9.94  0.29 17.89 224.33   8.19  0.29 10.50 205.17   7.26  0.09 11.09 314.91   7.21
19950828 210000  7.5 180.7  1.75  9.55 239.89  29.70  5  0.60  3.75 177.13  27.10  1.35  9.41 252.58  20.23  0.88 12.43 233.60  15.22  0.29 17.75 224.04   8.12  0.10 11.10 312.55   9.64
19950829 000000  3.5 125.2  1.62  9.18 237.86  33.47  6  0.54  3.63 155.79  29.62  1.11  8.81 247.35  23.14  0.88 12.20 235.24  17.05  0.47  9.77 267.82   7.89  0.31 17.12 223.71   8.47  0.10 11.08 311.61   9.76
19950829 030000  5.7 221.7  1.47  8.96 240.61  30.02  5  0.37  3.57 151.70  28.26  1.12  8.77 252.95  22.02  0.82 12.72 231.16  15.37  0.32 16.75 223.74   8.41  0.10 11.07 312.94   8.92
19950829 060000  9.2 205.1  1.46 12.68 238.37  29.73  5  0.85  9.49 214.22  31.89  0.94  8.37 258.77  19.42  0.66 12.74 234.87  11.51  0.31 16.67 224.38   8.36  0.10 11.01 312.50   9.21
19950829 090000  7.7 188.4  1.42 12.59 235.02  32.14  6  0.87  4.08 217.40  38.93  0.78  8.03 258.72  19.01  0.64 12.62 237.19  13.24  0.39  9.53 212.04   9.94  0.30 16.57 224.35   8.39  0.10 10.96 311.41  10.93
19950829 120000  7.1 183.9  1.43 12.00 235.27  31.33  5  0.77  4.03 207.88  38.31  1.10 12.02 249.56  18.72  0.37  9.46 211.78   9.26  0.33 15.92 223.96   8.30  0.09 10.56 314.55   7.53
19950829 150000  7.0 183.1  1.56 11.51 237.90  28.93  4  0.62  3.72 186.62  31.64  1.39 11.52 246.51  18.48  0.34 15.62 223.64   8.36  0.08 10.51 313.77   8.31
19950829 180000 10.7 199.7  1.81 10.58 235.97  28.46  4  1.05  4.22 208.07  31.32  1.44 10.61 249.02  15.19  0.33 15.56 223.84   8.44  0.08 10.46 312.89   8.98
19950829 210000  8.9 203.8  1.87 10.37 237.62  28.54  3  0.96  4.36 199.14  26.91  1.58 10.40 250.29  15.80  0.30 15.52 225.06   8.23
19950830 000000  6.8 200.3  1.81 10.45 239.18  28.22  5  0.75  4.34 192.94  27.10  1.43  9.59 254.28  16.02  0.72 11.94 228.55  10.97  0.30 15.16 223.96   8.41  0.25  8.57 208.36   8.45
19950830 030000  7.3 190.8  1.90 10.81 235.80  27.46  3  1.48  9.59 244.20  31.66  1.14 11.17 224.48  12.40  0.33 14.61 223.71   8.56
19950830 060000  8.1 207.9  2.00 10.43 232.48  25.90  4  1.32  9.53 244.94  32.71  1.46 10.70 224.10  13.57  0.31 14.55 222.29   7.92  0.05 10.40 317.46   5.85
19950830 090000  6.6 178.4  1.94 10.14 230.79  26.66  5  1.47 10.29 222.92  14.54  1.23  9.48 244.78  34.95  0.30 14.48 224.74   8.17  0.08 18.05 221.25   7.18  0.08 21.97 222.44   7.37
19950830 120000  7.9 187.1  1.77  9.71 230.72  28.12  5  1.47  9.79 216.94  20.52  0.94  9.45 265.68  12.99  0.27 14.40 224.72   8.14  0.10 17.83 224.83   9.02  0.09 21.90 222.79   7.47
19950830 150000  8.5 192.2  1.66  9.40 228.21  31.07  6  0.84  4.18 202.27  33.57  1.15  9.37 221.87  15.48  0.78  9.46 270.60  10.16  0.28 13.72 223.23   8.51  0.11 17.07 224.87   9.41  0.11 21.62 222.03   7.69
19950830 180000  9.6 203.9  1.69  8.98 227.01  30.55  6  1.50  8.87 217.83  26.42  0.70  9.46 270.16   9.62  0.28 13.61 222.77   8.59  0.13 20.90 221.86   7.31  0.11 11.46 197.79   4.83  0.10 17.05 223.55   9.36
19950830 210000 10.0 200.2  1.72  8.67 225.88  30.89  5  1.49  5.21 216.40  28.06  0.68  9.44 269.77   9.38  0.51 13.39 227.42  11.86  0.15 20.55 222.26   7.36  0.12 16.61 222.71  11.31
19950831 000000  8.7 196.3  1.70  5.54 224.69  31.77  6  1.49  5.54 216.45  29.52  0.62  9.33 270.67   8.83  0.47 13.25 227.74  12.18  0.16 20.39 222.03   7.93  0.13 10.52 198.46   5.45  0.12 16.43 220.98  13.15
19950831 030000  9.7 188.5  1.66  5.60 221.81  33.08  5  1.46  5.60 212.62  30.35  0.61  9.13 270.82   8.66  0.45 12.63 226.92  11.59  0.18 20.23 222.77   7.46  0.14 15.81 214.47  14.07
19950831 060000  8.7 184.9  1.56  5.59 221.05  34.02  5  1.36  5.59 211.45  31.47  0.57  8.96 271.23   8.36  0.44 12.34 226.49  13.62  0.20 19.66 222.95   8.17  0.15 15.56 203.93   8.68
19950831 090000  8.6 188.2  1.44  9.16 221.28  34.84  7  1.21  5.35 209.64  31.81  0.58  8.85 270.81   9.29  0.37 12.19 227.62  13.63  0.23 19.23 222.80   7.49  0.20 10.14 203.55   7.19  0.18 15.19 201.62   6.26  0.07 15.56 233.01   8.89
19950831 120000  8.3 175.0  1.34 19.09 220.31  36.07  7  1.11  4.96 207.74  33.35  0.55  8.79 271.23   8.82  0.31 11.98 232.17  11.53  0.25 14.69 201.60   6.16  0.24 19.10 223.17   7.49  0.21  9.75 204.52   7.04  0.08 15.30 231.49   8.62
19950831 150000  8.4 190.6  1.29 18.95 218.75  36.68  6  1.05  4.61 204.41  33.47  0.51  8.59 271.58   8.35  0.34 11.72 237.68  11.73  0.30 14.41 202.48   6.27  0.26 18.96 223.36   7.48  0.10 15.01 230.42   7.15
19950831 180000 12.4 203.1  1.60  4.80 218.90  31.86  3  1.51  4.80 213.82  29.50  0.46  8.52 271.61   7.47  0.28 18.56 223.45   7.49
19950831 210000 13.1 195.0  2.10  5.76 216.93  31.35  4  1.88  5.76 209.99  30.99  0.85 11.48 245.24  13.36  0.33 17.93 225.23   9.87  0.14  8.44 278.55   9.93
19950901 000000 11.9 183.7  2.38  6.03 218.43  32.14  4  1.92  6.03 205.63  32.88  1.30 11.72 244.33  11.91  0.45 13.40 204.87   6.72  0.33 17.95 224.01   9.43
