Date     Time   Uabs UDir  hs    tp    th     sp     np hs(i) tp(i) th(i)  sp(i)
20071201 000000  7.2 189.2  2.93 16.45 235.22  22.25  5  2.67 13.88 232.22  16.92  1.01 17.88 232.64  10.34  0.52 16.58 309.14   8.83  0.36 13.24 310.25  11.26  0.15 21.43 302.92   9.89
20071201 030000  8.3 184.1  3.23 16.39 234.78  21.02  4  3.17 16.26 232.37  15.75  0.53 16.52 309.68   8.92  0.35 13.17 310.63  11.10  0.17 20.48 303.60   9.48
20071201 060000 10.1 175.6  3.44 16.09 232.99  21.72  5  1.03  4.35 196.65  33.12  3.22 15.89 233.75  10.92  0.51 16.36 309.77   9.28  0.33 12.99 310.97  10.93  0.20 20.35 303.91   9.31
20071201 090000 10.3 178.8  3.53 15.45 231.48  22.37  4  3.47 15.37 229.68  18.81  0.47 15.86 309.08   9.61  0.31 12.79 310.99  10.93  0.24 20.31 303.75   9.45
20071201 120000  9.6 165.0  3.52 15.26 230.37  23.10  4  3.47 15.18 228.66  19.90  0.45 15.62 308.22   9.61  0.29 12.65 310.85  11.02  0.25 20.27 303.44   9.55
20071201 150000  9.5 206.9  3.45 15.10 231.22  21.24  4  3.40 14.90 229.47  17.56  0.46 15.54 307.86   9.38  0.27 12.56 310.68  11.16  0.25 20.15 303.31   9.88
20071201 180000 13.3 216.3  3.69 14.66 230.13  21.58  4  3.64 14.53 228.57  18.34  0.48 15.51 308.10   9.24  0.26 12.51 310.51  11.29  0.25 19.31 303.64   9.73
20071201 210000 12.0 206.3  3.83 14.46 229.51  22.68  5  2.33  7.03 220.42  26.94  2.98 14.38 232.16  11.63  0.47 15.47 308.74   9.21  0.29 19.04 303.66   9.88  0.25 12.48 310.49  11.33
20071202 000000  9.8 189.4  3.77 14.38 228.98  23.29  4  3.72 14.30 227.39  20.28  0.45 15.41 309.62   9.05  0.33 18.99 304.01   9.60  0.25 12.46 310.61  11.41
20071202 030000  9.3 198.2  3.69 14.30 228.42  22.97  4  3.64 14.19 226.86  19.91  0.41 15.24 309.86   9.29  0.36 18.95 304.14   9.62  0.24 12.45 310.81  11.44
20071202 060000  9.0 191.5  3.65 14.21 227.73  22.60  4  3.61 14.05 226.27  19.70  0.38 14.77 308.70  10.30  0.36 18.88 304.15   9.89  0.22 12.42 312.53   9.81
20071202 090000  6.6 175.5  3.57 14.17 227.66  22.10  4  3.53 14.01 226.27  19.29  0.36 14.59 307.74  10.32  0.35 18.64 303.93  10.13  0.20 12.34 312.62   9.78
20071202 120000  7.5 185.9  3.41 14.09 228.03  21.46  4  3.37 13.93 226.55  18.37  0.36 17.93 303.10  10.73  0.35 14.52 307.08  10.26  0.19 12.07 312.77   9.73
20071202 150000  7.3 218.8  3.25 13.83 228.53  21.20  4  3.20 13.72 226.79  17.44  0.40 17.77 303.81  10.08  0.35 14.49 306.94  10.22  0.17 11.84 313.43   9.34
20071202 180000 10.2 223.4  3.21 13.66 228.48  21.73  4  3.16 13.58 226.56  17.66  0.43 17.71 304.48   9.52  0.34 14.46 307.86  10.05  0.16 11.77 313.32   9.49
20071202 210000  9.8 202.5  3.22 13.53 227.42  23.03  5  2.20  8.57 223.01  24.44  2.29 13.45 227.50  11.78  0.46 17.66 304.55  10.16  0.33 14.41 309.00   9.98  0.15 11.73 313.40   9.65
20071203 000000  8.2 217.8  3.12 13.41 226.67  23.55  5  2.11  8.40 221.92  25.51  2.23 13.33 226.83  11.44  0.47 17.60 304.69  10.34  0.30 14.31 310.10   9.57  0.14 11.72 313.39   9.73
20071203 030000  5.6 192.8  2.95 13.37 226.42  23.14  5  2.16 13.29 225.72  11.08  1.94  8.33 222.50  25.41  0.45 17.45 304.45  10.61  0.28 14.02 309.63  10.16  0.14 11.72 312.03  11.44
20071203 060000  8.0 200.5  2.80 13.37 226.06  22.49  6  1.73  8.21 222.47  25.00  2.13 13.31 224.91  11.26  0.43 16.90 304.16  10.50  0.25 13.71 308.71  10.55  0.14 11.72 312.65  10.95  0.10 22.73 223.17   7.47
20071203 090000  6.2 185.8  2.69 13.36 225.63  22.46  6  2.09 13.30 224.25  10.78  1.61  8.16 221.85  25.20  0.44 16.62 304.11  10.18  0.24 13.61 307.27  10.81  0.19 21.66 221.92   7.98  0.12 11.67 315.14   8.71
20071203 120000  5.1 206.5  2.62 13.31 226.10  22.15  5  2.54 13.26 223.54  16.40  0.48 16.53 304.38   9.99  0.36 20.37 221.83   7.75  0.24 13.55 307.07  10.59  0.12 11.62 315.21   8.71
20071203 150000  6.2 219.7  2.64 13.27 226.11  21.74  3  2.58 13.20 223.28  14.92  0.51 16.49 304.81  10.06  0.26 13.52 308.83  10.85
20071203 180000  8.8 205.3  2.81 16.27 224.89  21.24  5  2.42 13.18 223.25  16.06  1.19 16.02 217.40   7.16  0.53 19.22 228.32   5.66  0.52 16.47 304.94  10.23  0.25 13.50 309.74  10.32
20071203 210000 10.5 205.6  3.07 16.03 223.21  20.83  4  2.42 13.16 221.54  18.19  1.79 15.53 220.43   8.65  0.52 16.43 304.86  10.57  0.23 13.44 310.40  10.54
20071204 000000  7.0 182.7  3.22 15.71 222.39  20.62  3  3.18 15.41 220.73  16.37  0.49 16.34 304.84  10.43  0.21 13.34 311.45   9.88
20071204 030000  8.7 198.1  3.25 15.65 222.26  19.64  3  1.64  7.27 216.72  26.67  2.76 15.48 222.12   9.00  0.50 15.89 305.65  10.56
20071204 060000 10.0 189.0  3.29 15.75 221.47  19.93  2  3.25 16.10 220.15  16.46  0.49 15.51 305.39  10.35
20071204 090000  8.4 184.7  3.26 15.53 221.56  20.35  3  3.22 15.65 220.17  16.83  0.47 15.42 304.77   9.91  0.16 12.67 310.08  11.09
20071204 120000  7.1 186.0  3.18 15.37 222.64  19.95  3  3.14 15.35 221.11  15.99  0.49 15.40 304.74  10.03  0.15 12.63 311.11   9.66
20071204 150000  8.7 211.8  3.19 15.28 223.27  19.61  3  3.14 15.24 221.71  15.49  0.49 15.39 304.80  10.12  0.15 12.61 311.12   9.50
20071204 180000 12.8 215.4  3.42 15.18 222.97  20.09  2  3.38 15.12 221.65  16.78  0.51 15.38 305.32  10.31
20071204 210000 12.3 204.7  3.63 14.82 221.86  21.49  2  3.59 14.63 220.75  18.98  0.49 15.35 305.38  10.34
20071205 000000  8.9 191.3  3.53 14.44 221.44  22.24  2  3.50 14.38 220.40  20.00  0.46 15.26 305.44  10.35
20071205 030000  7.9 204.9  3.31 14.30 221.87  21.54  3  3.28 14.27 220.86  19.29  0.42 14.82 305.33  10.38  0.10 19.13 304.68  11.50
20071205 060000  6.7 200.4  3.12 14.15 222.30  20.72  3  3.10 14.11 221.31  18.41  0.39 14.46 305.34  10.24  0.11 19.08 304.86  11.92
20071205 090000  3.7 173.4  2.97 13.72 222.73  20.10  3  2.94 13.61 221.69  17.57  0.38 14.38 305.21  10.16  0.11 19.03 305.61  12.02
20071205 120000  4.5 165.5  2.83 13.51 222.91  19.75  3  2.81 13.44 221.76  16.85  0.38 14.36 305.05  10.15  0.12 18.87 306.55  11.70
20071205 150000  7.4 220.9  2.70 13.41 222.93  19.75  3  2.67 13.35 221.60  16.33  0.38 14.36 304.93  10.25  0.15 18.20 307.01  11.31
20071205 180000  8.9 210.4  2.68 13.26 222.42  20.83  3  2.65 13.21 221.00  17.41  0.37 14.37 304.92  10.31  0.17 17.94 306.29  12.04
20071205 210000 11.7 203.1  2.77 12.88 220.51  21.92  3  2.74 12.83 219.18  18.87  0.36 14.36 305.05  10.31  0.18 17.86 305.97  12.51
20071206 000000  9.9 192.5  2.92 12.67 218.40  23.56  4  2.37  8.09 216.35  24.66  1.67 12.64 218.97  10.90  0.34 14.33 305.26  10.32  0.20 17.81 305.43  12.96
20071206 030000 10.0 192.5  2.86 12.55 217.88  23.92  4  2.28  8.32 215.39  25.42  1.68 12.52 219.19  11.58  0.32 14.22 305.46  10.39  0.21 17.75 304.94  13.56
20071206 060000 10.1 190.2  2.77 12.43 217.48  23.95  4  2.22  8.43 214.76  25.36  1.61 12.40 219.31  11.59  0.29 13.72 305.53  10.43  0.22 17.61 305.67  13.02
20071206 090000  8.3 181.7  2.63 12.19 217.86  24.21  5  2.11  8.45 215.25  25.50  1.53 12.13 219.20  11.42  0.26 13.49 305.52  10.39  0.23 17.21 306.60  13.18  0.09 20.40 301.67  10.98
20071206 120000  7.5 189.1  2.44 11.91 219.03  24.12  5  1.92  8.46 216.77  25.16  1.47 11.88 218.87  10.99  0.26 16.85 306.80  12.59  0.25 13.43 305.42  10.32  0.10 20.36 301.93  11.11
20071206 150000  9.4 210.2  2.30 11.78 219.71  24.06  5  1.71  8.17 216.92  24.93  1.49 11.76 219.25  11.75  0.28 16.74 306.36  12.44  0.24 13.42 305.18  10.26  0.10 20.35 301.83  11.32
20071206 180000 12.1 212.0  2.39 11.71 219.78  24.32  4  2.35 11.69 218.06  20.79  0.30 16.66 305.38  12.75  0.24 13.42 304.97  10.32  0.10 20.35 303.04  10.73
20071206 210000 11.5 201.9  2.46 11.66 218.65  26.02  3  2.43 11.63 216.91  22.78  0.33 16.57 304.49  12.88  0.24 13.42 304.78  10.35
20071207 000000  6.1 191.1  2.16 11.61 219.11  28.22  5  1.78  6.83 216.15  28.10  1.16 11.55 217.77   9.87  0.31 16.48 304.69  13.52  0.24 13.42 304.61  10.41  0.16 19.12 301.17  11.11
20071207 030000  6.3 197.6  1.81 11.41 222.17  29.02  5  1.31  6.56 218.78  29.46  1.17 11.35 218.06  10.26  0.32 16.36 304.59  13.75  0.24 13.40 304.56  10.48  0.18 19.06 301.12  11.18
20071207 060000  6.0 182.3  1.64 11.29 223.58  29.29  4  1.58 11.25 218.86  21.64  0.34 16.18 304.72  13.39  0.23 13.36 304.70  10.49  0.18 19.04 300.74  11.44
20071207 090000  4.6 171.2  1.62 11.19 224.67  28.26  4  1.56 11.15 219.69  19.63  0.37 15.92 304.74  12.75  0.21 13.08 304.49  10.73  0.17 19.03 300.32  11.76
20071207 120000  6.4 185.1  1.72 11.04 224.60  26.76  4  1.66 11.01 220.08  18.27  0.41 15.76 304.13  12.71  0.18 12.59 303.89  11.01  0.12 19.06 301.29   7.17
20071207 150000  6.3 219.0  1.86 10.86 225.26  25.47  4  1.80 10.83 221.21  17.55  0.40 15.62 303.95  13.08  0.20 18.17 301.18   8.61  0.17 12.57 305.25  10.38
20071207 180000  8.7 231.8  2.00 10.65 227.06  24.86  4  1.94 10.63 223.41  18.01  0.38 15.50 303.98  12.92  0.26 17.86 300.78  11.16  0.17 12.55 304.58  10.66
20071207 210000  8.2 208.1  2.11 10.60 227.03  25.27  4  2.05 10.58 223.70  19.41  0.37 15.38 303.30  13.67  0.29 17.78 300.94  10.88  0.17 12.55 304.86  10.28
20071208 000000  6.2 220.4  2.12 10.65 226.65  25.70  4  2.06 10.63 223.33  20.02  0.37 15.36 302.41  14.05  0.27 17.77 301.32  10.34  0.17 12.58 304.92  10.23
20071208 030000  4.4 194.6  2.05 10.69 226.91  25.71  4  1.99 10.67 223.36  19.62  0.38 15.31 302.65  14.20  0.27 17.69 300.56  10.03  0.16 12.52 304.00  10.61
20071208 060000  4.7 185.6  1.98 10.70 227.29  25.80  3  1.91 10.68 223.31  18.88  0.50 15.38 302.14  12.71  0.05 23.04 297.66  11.73
20071208 090000  5.1 189.3  1.93 10.71 227.65  26.09  5  1.85 10.69 223.09  18.29  0.39 16.38 296.57  12.38  0.34 14.49 309.06   9.30  0.18 16.41 230.61   8.78  0.06 23.02 296.48  12.08
20071208 120000  2.8 173.6  1.90 10.74 228.21  26.24  5  1.81 10.72 223.17  17.68  0.42 16.41 298.85  12.46  0.33 14.35 308.09   9.57  0.25 15.84 230.04   9.53  0.06 22.82 295.83  11.71
20071208 150000  4.6 244.6  1.89 10.74 228.71  25.93  6  1.77 10.73 223.36  16.91  0.44 16.48 298.28  12.55  0.31 14.20 310.26   8.50  0.30 15.65 234.01   7.84  0.20 18.31 220.56   6.81  0.08 21.99 296.19  11.15
20071208 180000  6.6 243.0  1.93 10.67 229.19  25.54  6  1.80 10.66 224.29  17.26  0.44 16.48 297.87  12.86  0.32 17.59 220.56   7.74  0.30 14.12 310.24   8.84  0.28 15.05 234.11   6.48  0.10 21.70 297.06  11.22
20071208 210000  5.2 208.7  1.97 10.59 228.63  24.94  6  1.80 10.58 223.98  17.19  0.49 16.74 222.02   9.83  0.41 16.50 296.33  12.41  0.33 14.78 234.77   8.14  0.32 14.12 310.79   8.41  0.11 21.60 297.08  11.68
20071209 000000  3.6 207.4  2.02 10.60 227.92  24.06  4  1.80 10.59 224.21  16.94  0.75 15.86 221.93  10.30  0.51 16.32 301.45  13.30  0.12 21.53 296.37  12.02
20071209 030000  3.5 180.5  2.08 15.50 227.05  23.26  4  1.76 10.75 224.38  16.57  0.99 15.53 219.94  10.96  0.51 14.87 301.04  13.73  0.13 21.35 295.61  11.73
20071209 060000  4.7 178.2  2.16 15.17 225.91  23.07  4  1.72 11.08 224.14  16.64  1.19 15.14 218.57  11.50  0.51 15.34 301.58  12.93  0.15 20.64 296.15  11.26
20071209 090000  4.0 185.2  2.20 14.78 225.21  23.35  5  1.59 11.49 223.50  16.86  1.41 14.66 218.96  12.88  0.52 15.41 301.74  12.86  0.18 20.34 296.91  11.31  0.10 21.28 227.75   8.36
20071209 120000  3.0 224.8  2.19 14.42 225.17  23.71  5  1.52 14.32 219.31  13.40  1.47 10.83 223.26  16.91  0.52 15.41 301.85  12.88  0.21 20.21 297.68  11.48  0.13 20.61 228.67   8.34
20071209 150000  5.4 231.5  2.15 13.98 225.67  24.09  5  2.06 13.90 221.45  15.46  0.52 15.38 301.88  12.91  0.22 20.13 297.08  11.68  0.15 20.43 229.17   7.97  0.05 25.06 309.48   7.55
20071209 180000  6.2 221.5  2.10 13.59 226.32  24.50  5  2.01 13.52 221.94  16.02  0.51 15.33 301.80  12.96  0.22 20.00 296.16  11.35  0.21 19.69 229.38   8.15  0.07 24.98 309.50   7.57
20071209 210000  6.5 213.4  2.05 13.31 226.96  25.09  5  1.96 13.23 222.35  16.77  0.50 15.25 301.57  13.00  0.25 19.25 229.96   8.30  0.24 19.45 295.61  10.94  0.08 24.78 309.63   7.29
20071210 000000  6.1 188.6  2.01 12.98 227.27  26.56  5  1.91 12.86 222.16  18.36  0.48 15.14 301.52  12.89  0.30 18.99 229.81   8.31  0.28 19.09 296.45  10.96  0.12 23.63 309.21   8.05
20071210 030000  6.9 183.8  1.95 12.73 228.27  28.22  5  1.82 12.64 222.19  19.59  0.48 14.90 301.71  12.67  0.36 18.17 230.11   8.27  0.32 18.95 297.15  10.98  0.15 23.41 309.43   7.87
20071210 060000 10.9 172.6  1.96 12.56 225.39  32.06  6  0.91  4.09 195.14  32.81  1.58 12.48 225.08  15.40  0.48 14.64 301.78  12.58  0.40 17.97 230.61   8.32  0.34 18.84 297.59  11.27  0.16 23.36 309.72   7.49
20071210 090000  8.7 174.6  2.01 12.40 224.06  33.33  6  1.15  4.92 200.27  32.51  1.46 12.33 225.73  14.85  0.47 14.54 301.73  12.54  0.45 17.78 230.39   8.46  0.35 18.72 297.30  11.37  0.19 22.96 309.13   7.79
20071210 120000  7.4 185.5  2.03 12.16 224.88  32.42  6  1.13  5.24 203.13  31.30  1.48 12.11 224.83  15.19  0.50 16.92 230.08   8.36  0.46 14.47 301.95  12.38  0.36 18.41 296.61  11.21  0.25 21.98 309.05   7.92
20071210 150000  9.8 203.6  2.15 11.95 224.34  30.68  6  1.26  5.37 208.53  28.20  1.53 11.92 223.17  15.30  0.52 16.77 230.30   8.65  0.44 14.41 302.15  12.49  0.37 17.98 296.34  10.69  0.30 21.86 308.94   8.06
20071210 180000 11.8 209.9  2.54 11.86 222.95  28.09  5  2.39 11.83 218.16  21.73  0.58 16.60 229.06   9.54  0.42 14.36 301.69  12.99  0.41 17.80 297.20  10.72  0.29 21.83 309.35   7.63
20071210 210000 11.7 204.1  2.90 11.89 221.62  27.46  5  2.74 11.86 217.60  22.04  0.67 15.80 226.99  10.55  0.42 17.69 297.13  10.93  0.41 14.32 301.90  12.98  0.34 21.22 308.51   7.86
20071211 000000  8.4 203.0  3.04 12.04 221.89  27.77  6  2.16  7.50 215.98  26.26  1.87 12.00 219.45  13.82  0.71 15.63 228.46   9.96  0.45 17.58 297.58  11.11  0.43 20.48 308.28   7.90  0.39 14.28 302.42  12.64
20071211 030000  8.5 192.5  3.00 12.24 222.71  27.44  6  1.95  7.99 215.53  26.45  2.06 12.20 220.16  13.56  0.65 15.64 231.25   8.96  0.47 20.41 307.90   8.29  0.45 17.45 297.66  11.34  0.38 14.21 303.04  12.27
20071211 060000  7.1 191.1  2.90 12.14 223.60  26.65  4  2.81 12.11 219.62  19.48  0.47 17.18 298.01  11.39  0.43 20.39 308.47   7.79  0.37 14.08 302.84  12.24
20071211 090000  4.8 176.6  2.81 12.01 224.90  26.09  5  2.70 11.99 220.73  18.26  0.48 19.78 307.62   7.95  0.44 16.84 296.70  11.11  0.33 13.76 303.57  12.46  0.26 17.94 212.99   5.13
20071211 120000  4.9 173.0  2.77 11.93 226.24  26.54  5  2.62 11.91 221.53  17.22  0.57 19.12 307.46   7.85  0.47 16.79 211.14   5.24  0.45 16.67 296.62  11.20  0.31 13.58 303.80  12.24
20071211 150000  7.6 220.9  2.79 11.88 226.55  26.69  5  2.51 11.87 221.98  16.89  0.90 15.89 214.83   9.63  0.62 19.06 306.94   8.39  0.45 16.56 297.11  10.72  0.28 13.48 304.33  12.44
20071211 180000 10.7 221.7  2.94 11.89 225.58  26.33  5  2.55 11.87 221.11  18.14  1.21 14.96 219.53  12.69  0.57 19.05 307.22   7.85  0.51 16.59 298.38  11.09  0.28 13.47 303.92  12.85
20071211 210000  9.4 207.3  3.05 14.02 224.39  26.66  4  2.56 11.74 220.50  20.51  1.45 14.15 218.66  11.29  0.75 18.76 303.17  10.43  0.28 13.48 303.26  13.58
20071212 000000  6.4 196.2  3.00 13.83 224.34  27.81  3  2.89 13.89 219.45  19.25  0.79 17.79 303.30  10.29  0.26 13.44 304.34  13.48
20071212 030000  6.4 197.1  2.87 13.52 225.16  28.90  3  2.74 13.51 219.28  18.85  0.74 17.78 305.62   8.41  0.45 15.54 298.70  12.82
20071212 060000  7.2 196.4  2.73 13.27 225.77  29.31  3  2.59 13.26 219.27  18.28  0.70 17.80 305.02   9.10  0.51 15.85 300.97  11.80
20071212 090000  4.4 180.1  2.63 12.86 226.38  29.09  2  2.49 12.85 219.77  17.79  0.84 17.67 303.38  10.33
20071212 120000  5.2 183.1  2.57 12.53 226.96  28.72  2  2.44 12.52 220.35  17.30  0.83 17.40 303.21  10.28
20071212 150000  6.3 226.0  2.52 12.37 227.89  29.17  3  2.38 12.36 220.73  17.07  0.82 16.71 302.99  10.04  0.16 12.49 310.62  11.76
20071212 180000  8.8 224.9  2.48 12.12 229.21  30.08  2  2.33 12.06 221.38  17.70  0.86 16.61 303.36  10.11
20071212 210000  7.1 209.3  2.41 16.55 229.96  31.41  3  2.25 11.80 221.33  18.85  0.87 16.56 303.29  10.12  0.07 20.18 218.79   8.11
20071213 000000  5.1 199.0  2.30 16.48 230.47  32.54  3  2.13 11.68 220.95  19.50  0.87 16.49 303.15  10.16  0.11 19.19 217.60   9.15
20071213 030000  4.9 208.0  2.16 16.35 231.24  33.32  3  1.98 11.60 220.82  19.58  0.85 16.35 302.96  10.20  0.16 18.83 218.08   9.10
20071213 060000  8.7 196.6  2.08 16.08 230.37  34.30  4  1.88 11.50 219.52  20.36  0.83 16.09 302.78  10.15  0.24 17.85 217.12   9.44  0.15 15.24 203.93   6.03
20071213 090000  7.1 185.1  2.01 15.79 229.73  35.56  5  1.38  7.69 215.07  25.90  1.14 11.22 222.74  12.25  0.82 15.77 302.57  10.25  0.32 17.56 216.25   9.38  0.25 14.84 206.02   5.95
20071213 120000  5.6 197.2  1.92 15.74 231.02  36.05  5  1.26  7.56 216.70  25.81  1.06 11.06 221.79  12.43  0.82 15.64 302.61  10.13  0.45 16.66 215.07   9.46  0.33 14.19 206.43   6.98
20071213 150000  6.9 219.1  1.89 15.65 231.58  35.95  5  1.16  7.33 218.37  24.86  0.99 11.02 221.54  12.84  0.82 15.54 302.69  10.00  0.59 15.16 209.40   7.26  0.46 16.70 215.56  10.29
20071213 180000  9.7 216.0  2.01 15.48 229.15  34.85  3  1.60 11.06 219.30  21.06  0.90 15.57 211.67   9.14  0.83 15.44 302.66   9.98
20071213 210000  8.8 202.0  2.12 15.36 226.39  34.24  4  1.30  5.47 216.42  26.90  1.07 15.37 212.60   9.00  0.99 10.91 219.61  13.13  0.82 15.35 302.49  10.03
20071214 000000  6.5 192.1  2.13 15.18 224.91  33.54  4  1.23  5.67 214.54  28.19  1.55 14.93 215.78  11.09  0.79 15.29 302.09  10.02  0.08 10.63 318.22   8.82
20071214 030000  9.6 191.4  2.17 14.75 222.67  32.50  3  1.19  5.38 209.98  28.89  1.64 14.50 216.23  10.87  0.77 15.23 302.08  10.15
20071214 060000  9.9 183.2  2.27 14.58 220.00  31.89  3  1.29  5.24 204.78  29.78  1.71 14.37 217.06  10.65  0.74 15.15 301.96  10.16
20071214 090000  9.3 179.1  2.37 14.44 219.48  30.43  3  1.36  5.60 205.24  29.89  1.81 14.06 217.76  10.38  0.71 15.01 301.99  10.12
20071214 120000  8.2 172.7  2.46 14.00 219.96  28.70  3  1.35  5.96 206.21  30.02  1.94 13.72 218.77  10.27  0.68 14.72 302.06  10.06
20071214 150000  9.6 208.3  2.56 13.95 221.53  25.96  3  1.32  6.17 210.72  27.92  2.09 13.67 219.79  10.52  0.66 14.56 302.07  10.06
20071214 180000 12.7 214.6  2.99 14.05 221.99  24.03  2  2.92 13.67 219.25  18.50  0.63 14.48 302.00  10.08
20071214 210000 12.5 206.2  3.43 13.82 221.04  24.28  2  3.37 13.52 219.10  20.62  0.61 14.44 301.89  10.16
20071215 000000  7.3 201.7  3.53 13.54 221.03  24.27  4  2.77  8.46 217.90  25.14  2.10 13.33 221.61  10.59  0.59 14.41 301.77  10.20  0.06 21.77 306.13   8.80
20071215 030000  8.3 198.4  3.40 13.23 222.11  23.53  4  2.55  8.99 218.52  24.68  2.17 13.04 222.78  11.34  0.56 14.38 301.62  10.29  0.08 21.75 306.23   8.63
20071215 060000  6.5 196.2  3.26 13.00 223.53  22.47  3  3.22 12.89 221.84  19.11  0.54 14.34 301.59  10.23  0.08 21.74 305.63   9.14
20071215 090000  3.9 189.4  3.21 12.99 224.85  21.15  3  3.16 12.84 223.28  17.84  0.52 14.27 301.77  10.02  0.08 21.73 305.52   9.01
20071215 120000  3.7 202.6  3.17 13.32 225.50  20.05  3  3.13 12.92 224.06  16.83  0.49 14.15 302.08   9.76  0.08 21.41 306.55   8.44
20071215 150000  4.3 239.5  3.08 13.65 225.92  19.36  3  3.04 13.50 224.49  15.98  0.47 13.85 302.17   9.91  0.10 20.39 307.52   8.51
20071215 180000  9.4 216.8  3.00 13.81 226.15  19.36  3  2.96 13.91 224.63  15.79  0.46 13.69 301.86  10.44  0.14 20.33 307.53   8.56
20071215 210000  5.8 221.3  2.91 14.07 226.01  19.72  4  2.87 14.29 224.44  16.04  0.45 13.61 301.97  10.41  0.15 20.32 307.08   8.86  0.08 24.05 215.02   7.14
20071216 000000  1.5 146.9  2.77 14.18 225.98  19.57  4  2.73 14.27 224.34  15.63  0.44 13.58 301.98  10.43  0.15 20.31 306.49   9.12  0.14 23.01 214.75   7.56
20071216 030000  1.6 225.2  2.65 14.15 225.66  19.21  4  2.60 14.23 224.05  15.04  0.43 13.56 301.99  10.47  0.24 21.92 213.47   7.27  0.14 20.20 306.40   9.07
20071216 060000  3.2 211.6  2.59 14.00 224.96  18.86  4  2.52 14.11 223.50  14.48  0.41 13.55 302.04  10.53  0.41 21.05 214.27   7.05  0.15 19.20 307.70   8.65
20071216 090000  1.6 286.6  2.62 13.70 223.90  18.61  3  2.59 13.74 222.21  13.92  0.40 13.55 302.12  10.58  0.20 19.02 308.50   8.41
20071216 120000  3.8 325.0  2.72 13.61 222.76  18.97  4  2.45 13.62 222.67  15.14  1.08 18.32 213.58   7.40  0.39 13.55 302.26  10.66  0.22 19.00 308.35   8.73
20071216 150000  4.1 325.5  2.79 13.61 221.59  18.41  4  2.37 13.61 222.03  15.33  1.40 18.10 214.81   7.75  0.38 13.55 302.33  10.76  0.23 18.99 307.91   9.18
20071216 180000  4.7 283.6  2.80 17.79 220.87  17.99  3  2.77 17.60 219.52  13.96  0.37 13.50 302.26  10.88  0.21 18.95 307.44   9.38
20071216 210000  3.1 260.1  2.80 17.36 220.31  17.37  3  2.77 17.31 219.05  13.38  0.36 13.10 302.20  11.03  0.20 18.74 307.59   9.31
20071217 000000  3.3 219.3  2.76 17.17 219.96  17.07  3  2.72 16.96 218.65  12.71  0.35 13.00 302.36  11.15  0.22 17.90 308.65   9.01
20071217 030000  2.7 192.0  2.73 16.60 219.60  16.99  4  2.42 16.52 217.18   8.84  1.17  8.87 222.59  19.80  0.34 13.01 302.94  11.01  0.26 17.78 309.06   9.03
20071217 060000  3.2 230.3  2.65 16.36 219.39  17.13  3  2.62 16.33 217.82  11.43  0.33 13.12 303.42  11.10  0.28 17.76 309.15   9.13
20071217 090000  3.4 227.2  2.56 16.22 219.36  17.44  3  2.53 16.20 217.70  11.43  0.33 13.36 303.70  11.28  0.28 17.74 308.97   9.25
20071217 120000  0.5 234.7  2.46 15.94 219.28  17.48  3  2.42 15.92 217.58  11.32  0.33 13.49 303.97  11.38  0.26 17.69 308.58   9.39
20071217 150000  3.2 265.8  2.35 15.61 219.36  17.90  3  2.31 15.60 217.60  11.72  0.32 13.52 304.30  11.59  0.25 17.53 308.57   9.42
20071217 180000  7.0 235.6  2.28 15.45 219.86  18.73  3  2.24 15.44 218.02  12.71  0.31 13.52 304.40  11.92  0.26 16.86 309.24   9.34
20071217 210000  6.5 219.1  2.22 15.33 219.99  19.56  3  2.19 15.31 218.02  13.39  0.30 13.49 304.84  12.08  0.27 16.67 309.70   9.18
20071218 000000  4.2 177.2  2.15 15.12 219.93  20.38  3  2.11 15.12 217.75  13.75  0.29 13.45 305.22  12.59  0.29 16.61 309.88   9.16
20071218 030000  6.5 189.0  2.06 14.67 219.78  21.10  3  2.02 14.68 217.36  13.84  0.30 16.58 309.82   9.21  0.29 13.39 306.65  11.87
20071218 060000  7.6 189.8  2.03 14.47 219.07  22.09  3  1.99 14.48 216.48  14.63  0.30 16.54 309.28   9.16  0.30 13.34 307.69  12.34
20071218 090000  7.3 187.1  2.01 14.33 218.87  22.97  3  1.97 14.34 216.21  15.72  0.30 16.46 309.39   9.47  0.30 13.28 308.14  12.23
20071218 120000  4.1 199.7  1.95 14.09 219.87  22.96  3  1.90 14.13 217.12  15.48  0.29 16.31 309.68   9.81  0.29 13.17 308.33  12.27
20071218 150000  6.6 226.9  1.89 13.68 221.05  22.47  3  1.84 13.73 218.26  14.69  0.29 15.86 310.05   9.84  0.29 12.99 308.32  12.95
20071218 180000  9.7 232.8  1.99 13.49 222.49  22.83  3  1.95 13.52 220.06  16.66  0.28 12.84 309.01  12.64  0.28 15.62 310.39   9.73
20071218 210000  8.0 212.7  2.18 13.32 221.58  23.94  4  1.57  6.22 220.25  24.43  1.46 13.36 218.76  10.18  0.28 15.52 310.45   9.31  0.28 12.76 309.65  12.84
20071219 000000  4.0 217.5  2.25 13.10 220.88  24.92  4  1.70  6.98 218.51  25.14  1.41 13.17 219.30  10.50  0.29 15.48 309.57   9.10  0.28 12.70 310.90  13.22
20071219 030000  5.7 198.4  2.18 12.79 221.11  25.55  5  1.66  7.26 218.39  25.09  1.35 12.84 219.38  10.60  0.30 15.43 309.23   9.00  0.29 12.66 312.15  12.75  0.06 20.00 303.93   9.41
20071219 060000  7.3 192.5  2.04 12.63 221.31  26.10  5  1.51  7.30 217.67  25.02  1.30 12.64 219.73  10.86  0.33 15.38 310.49   9.65  0.26 12.51 311.82  12.04  0.07 20.00 304.58   9.40
20071219 090000  6.0 189.9  1.90 12.51 221.96  26.51  5  1.37  7.22 218.04  24.98  1.24 12.51 219.81  10.88  0.31 15.34 310.07  10.03  0.27 12.47 312.62  11.31  0.08 19.92 305.18   9.65
20071219 120000  4.8 186.6  1.78 12.41 222.88  26.20  5  1.25  7.24 219.61  24.38  1.21 12.41 219.69  11.26  0.30 15.25 310.38   9.93  0.26 12.35 312.51  12.19  0.08 18.91 304.88   9.99
20071219 150000  6.3 233.6  1.72 12.34 223.89  25.58  6  1.18  7.45 221.61  23.63  1.17 13.05 219.32  10.56  0.28 14.91 310.58   9.95  0.26 12.22 312.96  12.01  0.16 10.38 248.23   6.17  0.09 18.74 304.27   9.74
20071219 180000  8.7 222.5  1.80 12.77 224.62  25.18  6  1.37  7.73 222.88  22.56  1.09 13.13 219.77  11.06  0.27 14.56 310.62   9.77  0.26 12.11 313.41  11.82  0.15 10.33 245.00   0.00  0.10 18.76 303.18  10.22
20071219 210000  7.8 209.8  1.96 12.68 223.51  25.72  5  1.63  7.60 221.14  23.29  1.03 12.74 220.82  11.23  0.26 14.44 310.39   9.73  0.26 12.08 313.89  11.54  0.12 18.73 303.22  10.07
20071220 000000  5.6 207.4  2.08 12.59 223.00  26.19  5  1.84  7.65 221.28  23.65  0.88 12.62 218.44   7.56  0.27 14.40 309.88   9.83  0.26 12.06 313.96  11.88  0.13 18.65 304.18  10.32
20071220 030000  7.0 203.6  2.11  7.91 223.02  26.30  5  1.91  7.91 221.28  23.47  0.80 12.50 218.16   7.63  0.28 14.39 308.56  10.96  0.25 11.94 315.91   8.87  0.13 18.40 304.88   9.99
20071220 060000  7.0 198.1  2.07  8.03 223.15  26.27  5  1.87  8.03 221.23  23.26  0.79 12.31 218.81   8.24  0.28 14.38 308.74  10.73  0.25 11.89 315.79   9.00  0.13 17.73 304.43  10.00
20071220 090000  3.4 203.4  2.00  8.09 223.75  25.87  6  1.78  8.09 221.42  22.63  0.78 12.14 220.48   9.45  0.28 14.38 309.20  10.01  0.22 18.07 225.58   7.61  0.22 11.71 316.42   9.67  0.15 17.66 303.83   9.82
20071220 120000  1.9 172.3  1.94  8.11 224.55  25.14  6  1.68  8.11 221.68  21.98  0.84 12.33 223.22  10.22  0.31 17.04 224.27   8.15  0.27 14.36 310.43  10.21  0.21 11.66 315.31   9.85  0.18 17.63 302.99  10.09
20071220 150000  4.5 256.1  1.92 12.09 225.47  24.25  6  1.59  8.13 221.91  21.33  0.91 12.19 226.13  11.41  0.44 17.19 223.79   7.81  0.24 14.30 309.65   9.64  0.22 11.68 315.93  10.34  0.19 17.56 302.58  10.58
20071220 180000  6.5 236.1  1.92 11.83 226.84  23.55  7  1.45  8.08 223.09  21.85  1.05 11.84 227.15  11.96  0.56 17.34 224.07   8.33  0.23 11.74 316.06   9.54  0.21 13.90 308.73  10.34  0.21 17.42 303.74  10.68  0.05 21.83 305.57   9.68
20071220 210000  7.4 211.5  1.95 11.56 227.24  23.48  7  1.36  7.94 221.95  23.22  1.13 11.53 229.55  12.94  0.73 16.53 224.20   8.24  0.24 11.74 316.50   9.56  0.21 16.93 306.59  11.11  0.18 13.58 304.18   9.12  0.06 21.78 306.12   9.15
20071221 000000  4.7 178.4  1.98 16.49 227.04  23.86  7  1.33  7.46 220.69  24.82  1.12 11.14 230.87  13.33  0.88 16.47 224.28   8.25  0.23 11.72 317.20   8.23  0.21 16.58 305.96  10.66  0.19 13.54 304.68   9.36  0.07 21.77 307.30   8.82
20071221 030000  5.8 200.0  2.01 16.41 227.36  23.85  6  1.29  7.02 220.23  25.21  1.06 10.91 233.05  14.04  1.05 16.37 224.17   8.25  0.30 13.48 311.75  11.13  0.22 16.55 304.81   9.80  0.06 21.74 309.32   8.95
20071221 060000  7.4 197.5  2.04 16.28 227.22  24.09  6  1.59 10.99 223.24  22.52  1.15 16.17 224.52   8.40  0.40 10.44 252.59   6.68  0.30 13.49 311.54  10.98  0.25 16.53 304.07  10.01  0.08 20.84 307.05   9.93
20071221 090000  5.0 191.1  2.03 16.08 227.71  24.09  8  1.27  7.12 221.01  25.56  1.23 15.75 224.81   8.40  0.70 10.03 243.11  12.19  0.59 11.08 219.88   7.51  0.26 16.47 303.34  10.44  0.23 13.51 308.18  10.92  0.19 11.22 316.53   8.43  0.11 20.39 305.37   9.67
20071221 120000  2.0 202.5  2.04 15.60 228.47  23.24  7  1.38  7.40 227.73  24.08  1.34 15.50 224.62   8.51  0.51 10.58 222.30   8.34  0.27 16.35 303.31  10.82  0.23 13.55 307.48  10.65  0.19 11.14 317.30   7.87  0.13 20.35 305.72   9.42
20071221 150000  4.8 250.2  2.07 15.36 228.45  22.12  7  1.49 15.31 224.50   8.85  1.31  7.86 225.47  22.45  0.43  9.85 252.86   7.96  0.28 15.96 303.99  11.04  0.19 13.44 310.66   9.66  0.18 11.07 317.44   7.43  0.13 20.34 306.77   9.23
20071221 180000  6.1 229.9  2.12 15.10 227.83  21.18  6  1.48 15.04 224.58   8.62  1.41  8.05 227.94  22.15  0.40 10.14 218.71   6.16  0.32 15.57 306.40  11.18  0.18 11.05 317.37   7.45  0.12 20.33 309.02   9.14
20071221 210000  5.8 216.5  2.15 14.60 226.97  20.91  6  1.55 14.54 224.42   8.78  1.40  8.06 224.26  21.24  0.31  9.75 258.16   5.21  0.31 15.49 306.57  10.90  0.18 11.07 316.75   7.76  0.13 19.93 307.98   9.69
20071222 000000  3.1 188.3  2.15 14.35 226.64  21.19  6  1.58 14.28 224.34   8.87  1.40  8.00 224.75  21.93  0.28 15.48 305.62  10.37  0.18 19.08 305.60   9.76  0.17 11.00 317.11   7.68  0.15 12.74 307.97  10.31
20071222 030000  4.0 202.7  2.14 14.13 226.70  21.44  5  1.66 14.07 224.33   9.16  1.29  7.90 224.19  22.37  0.30 15.46 305.15  10.35  0.22 12.58 312.99  10.09  0.21 19.02 305.49   9.53
20071222 060000  5.5 194.9  2.15 13.91 226.42  21.41  5  1.69 13.84 223.99   9.12  1.25  7.80 223.72  22.41  0.31 15.40 304.96  10.38  0.22 12.61 311.52  11.12  0.21 19.01 306.08   9.70
20071222 090000  4.7 183.0  2.15 13.75 225.98  21.11  4  1.74 13.70 223.79   9.41  1.19  7.71 223.07  22.70  0.39 15.29 307.05  11.25  0.19 19.01 307.88   9.90
20071222 120000  3.7 184.3  2.15 13.71 225.73  20.38  4  1.81 13.65 223.96  10.17  1.07  7.61 222.10  22.44  0.38 15.08 307.38  11.45  0.16 18.94 309.21   9.58
20071222 150000  6.3 235.3  2.16 13.73 225.85  20.16  4  1.04  7.49 222.33  21.32  1.85 13.66 223.99  10.67  0.37 14.71 308.10  11.40  0.20 17.96 306.65   9.80
20071222 180000  8.0 225.4  2.25 13.67 225.86  20.96  4  1.16  7.65 222.89  22.70  1.88 13.59 223.77  10.78  0.36 14.56 308.46  11.33  0.26 17.79 305.56   9.55
20071222 210000  7.2 207.4  2.33 13.49 225.02  21.75  5  1.28  7.69 220.94  24.21  1.90 13.44 223.56  10.99  0.33 14.50 307.03  10.93  0.28 17.77 305.75   9.76  0.12 10.34 317.50   7.32
20071223 000000  7.8 199.1  2.35 13.34 224.04  22.03  4  2.31 13.30 221.98  17.12  0.32 14.47 306.55  10.91  0.27 17.76 306.82  10.36  0.12 10.31 317.50   7.30
20071223 030000  8.5 190.7  2.38 13.21 222.38  22.52  4  2.35 13.18 220.63  18.45  0.32 14.43 306.20  11.12  0.22 17.77 308.56  10.57  0.12 10.33 316.98   7.57
20071223 060000  8.8 192.1  2.41 13.03 221.58  22.87  4  2.38 12.97 220.00  19.28  0.32 14.38 306.35  11.40  0.18 17.68 309.24   9.92  0.11 10.31 316.99   7.56
20071223 090000  7.6 188.4  2.41 12.74 221.95  23.42  4  2.38 12.70 220.18  19.54  0.33 14.31 307.12  11.95  0.23 16.72 306.56   9.79  0.09 10.07 316.98   7.77
20071223 120000  6.6 192.4  2.36 12.57 223.32  23.62  3  2.32 12.54 221.15  18.91  0.33 14.19 308.47  12.43  0.30 16.62 305.87   9.52
20071223 150000  6.6 227.5  2.33 12.47 224.49  23.16  3  2.29 12.45 222.20  18.04  0.32 16.61 306.30   9.91  0.32 13.89 309.16  12.73
20071223 180000  7.8 241.0  2.34 12.37 225.46  22.72  5  2.30 12.35 223.38  18.04  0.30 13.64 308.76  12.37  0.30 16.60 306.66  10.43  0.07 19.00 316.30   7.83  0.06 12.66 335.00   0.09
20071223 210000  5.8 214.3  2.36 12.03 225.24  22.35  5  2.32 11.95 223.56  18.49  0.28 13.54 307.77  12.08  0.26 16.62 308.86  10.83  0.08  9.85 317.48   7.36  0.07 12.66 335.00   0.00
20071224 000000  5.7 212.7  2.38 11.75 224.39  22.19  5  2.36 11.72 223.03  19.02  0.28 13.50 308.70  12.18  0.20 16.66 310.98  10.04  0.07 12.66 335.00   0.02  0.05 20.44 221.55   7.42
20071224 030000  4.9 189.7  2.36 11.66 223.96  22.64  5  2.04  9.89 220.90  20.79  1.13 11.65 227.51  11.89  0.29 13.46 311.00  13.17  0.22 15.81 309.80   9.79  0.06 20.28 221.82   7.50
20071224 060000  4.9 191.2  2.30 11.59 224.26  23.21  5  2.27 11.57 222.33  18.84  0.28 13.46 309.81  12.21  0.25 15.52 305.03   8.78  0.15 17.67 316.49   7.12  0.07 11.83 335.01   0.28
20071224 090000  4.0 192.5  2.22 11.51 224.78  23.70  8  1.90  9.80 220.61  19.43  1.06 11.50 227.63  12.04  0.31 15.52 305.80   9.35  0.27 13.45 309.02  12.07  0.14 17.71 316.53   6.75  0.10 19.70 221.87   7.50  0.08 11.83 335.00   0.06  0.07 10.10 318.89   6.43
20071224 120000  3.6 194.4  2.12  9.75 225.00  23.86  7  1.81  9.73 220.62  18.76  1.00 11.41 227.38  11.90  0.33 15.53 306.62   9.99  0.26 13.41 309.17  12.02  0.12 17.76 317.16   7.14  0.12 19.25 222.36   7.48  0.09 11.77 335.01   0.34
20071224 150000  4.8 239.1  2.00 10.99 224.98  23.70  6  1.72  9.65 220.72  18.30  0.93 11.33 227.10  11.69  0.33 15.57 308.76  10.61  0.25 13.33 308.97  12.41  0.13 18.99 222.41   7.74  0.09 11.62 335.01   0.35
20071224 180000  6.6 241.0  1.92 10.97 225.31  23.58  5  1.88 10.95 222.82  17.72  0.30 15.70 310.85  10.38  0.23 12.98 308.36  12.43  0.16 18.72 222.50   7.76  0.10 11.16 332.90   4.10
20071224 210000  4.9 217.4  1.86 10.95 225.23  23.81  6  1.53  9.36 221.64  20.49  0.99 10.93 225.80  11.64  0.27 16.27 313.06   9.54  0.22 12.69 308.89  13.10  0.19 18.35 222.42   7.60  0.10 11.03 331.43   4.81
20071225 000000  2.5 227.0  1.82 10.92 225.36  24.54  7  1.44  8.88 221.72  21.61  1.03 10.90 224.72  10.95  0.28 16.45 313.02   9.48  0.23 17.99 222.36   7.65  0.20 12.65 307.90  12.50  0.12 11.01 329.74   7.05  0.09 19.08 308.92   8.25
20071225 030000  2.1 213.6  1.76 10.85 226.07  25.75  8  1.36  8.83 221.14  21.73  1.01 10.84 225.44  11.06  0.28 17.72 221.84   7.65  0.23 14.53 305.35   8.43  0.22 16.48 317.70   6.65  0.20 12.63 308.59  12.41  0.12 10.89 329.91   6.95  0.10 19.04 308.70   8.02
20071225 060000  3.9 220.0  1.73 10.74 226.94  26.79  7  1.31  8.83 221.36  21.67  0.99 10.74 225.29  10.89  0.37 14.63 310.24  10.13  0.33 17.21 221.59   7.63  0.21 12.61 309.16  12.58  0.11 10.46 330.27   7.18  0.10 19.02 308.65   7.80
20071225 090000  2.3 169.6  1.71 10.46 227.60  27.14  6  1.60 10.45 223.11  18.12  0.41 16.75 220.80   7.70  0.39 14.68 310.14  10.41  0.20 12.60 309.12  12.27  0.11 10.37 330.12   7.11  0.08 19.02 310.97   5.73
20071225 120000  1.4 297.1  1.69 10.31 227.74  26.98  5  1.55 10.29 223.29  17.61  0.50 16.47 220.15   7.40  0.41 14.77 310.92  10.22  0.19 12.59 308.98  12.12  0.11 10.32 330.14   7.03
20071225 150000  3.9 303.0  1.69 10.20 227.59  26.62  6  1.51 10.19 223.68  17.63  0.61 15.78 219.28   7.52  0.37 14.89 312.02  10.50  0.18 12.57 308.94  12.15  0.14 17.86 311.46   6.13  0.11 10.26 330.21   6.97
20071225 180000  4.8 271.0  1.73 15.37 227.67  26.27  7  1.46 10.09 225.02  19.13  0.67 15.44 219.13   7.85  0.44 13.05 218.94   7.46  0.35 14.92 313.64  10.19  0.18 12.52 308.90  12.23  0.17 17.79 309.23   7.61  0.11 10.13 330.04   7.23
20071225 210000  2.7 244.8  1.77 15.06 226.83  25.20  5  1.48  9.99 224.76  18.30  0.89 15.14 218.90   8.51  0.37 14.74 313.93  10.12  0.19 17.73 308.32   7.44  0.11  9.89 329.62   7.32
20071226 000000  1.2 254.4  1.83 14.57 226.23  24.51  6  1.53  9.89 224.05  17.38  0.91 14.58 219.04   8.24  0.34 14.56 313.21   9.14  0.21 17.56 313.85   8.74  0.13 11.80 307.88  12.88  0.11  9.78 329.95   7.20
20071226 030000  3.9 191.8  1.90 14.32 225.42  24.31  7  1.45 10.02 223.35  17.67  1.07 14.27 218.61   8.68  0.43 11.46 225.00   0.03  0.36 14.47 312.99   9.45  0.22 17.00 313.58   8.27  0.14 11.83 312.01  11.46  0.10  9.73 329.85   7.24
20071226 060000  6.9 193.6  1.99 14.11 224.38  24.54  5  1.93 14.04 220.69  14.76  0.42 14.42 313.17   9.62  0.19 16.89 312.96   7.38  0.14 11.81 311.86  11.22  0.10  9.68 329.95   7.21
20071226 090000  4.8 172.2  2.05 13.76 223.52  25.27  5  1.99 13.60 219.69  15.41  0.42 14.33 313.97   9.77  0.24 16.65 310.35   7.24  0.14 11.81 311.86  10.95  0.09  9.59 330.49   6.59
20071226 120000  3.3 187.5  2.04 13.50 223.60  25.09  5  1.97 13.32 219.65  14.63  0.40 16.35 314.99   8.20  0.28 13.59 308.87  10.38  0.13 11.80 311.95  10.82  0.09  9.45 330.54   6.54
20071226 150000  5.8 218.8  2.02 13.39 223.54  24.75  5  1.95 13.23 219.63  14.10  0.37 16.32 314.38   9.08  0.31 13.65 311.27   9.52  0.13 11.79 312.25  11.00  0.09  9.28 331.12   6.13
20071226 180000  6.6 216.7  2.02 13.35 223.65  24.70  6  0.55  3.40 219.36  30.23  1.88 13.21 219.96  12.40  0.36 13.72 312.94   9.49  0.31 16.34 314.35   8.56  0.13 11.78 312.14  11.02  0.08  9.20 331.01   6.28
20071226 210000  6.5 217.0  2.02 13.30 224.01  25.34  4  1.95 13.14 220.17  15.40  0.38 13.75 314.52   9.05  0.31 15.76 313.54   8.58  0.08  9.17 330.83   6.21
20071227 000000  3.6 212.6  1.99 13.16 224.57  26.42  4  1.92 12.80 220.26  15.80  0.41 13.85 314.94   8.70  0.31 15.62 313.66   8.34  0.08  9.13 330.90   6.15
20071227 030000  6.0 190.2  1.94 12.82 225.00  27.46  3  1.87 12.65 220.08  15.76  0.53 15.21 314.44   8.51  0.08  9.07 330.92   6.16
20071227 060000  5.2 197.4  1.90 12.74 225.30  28.13  3  1.82 12.61 219.94  15.69  0.55 15.25 314.26   8.59  0.07  9.00 330.95   6.12
20071227 090000  4.8 194.2  1.85 12.70 226.11  28.21  4  1.77 12.59 220.46  15.10  0.54 15.25 314.12   8.67  0.09 11.08 314.34   9.83  0.07  8.92 330.95   6.11
20071227 120000  2.0 207.4  1.80 12.63 227.07  28.08  4  1.72 12.52 221.27  14.58  0.53 15.13 314.19   8.78  0.09 11.04 314.59   9.99  0.07  8.85 330.95   6.11
20071227 150000  5.5 241.9  1.76 12.54 228.40  28.06  3  1.67 12.42 222.43  14.30  0.52 14.57 314.50   8.69  0.11 11.08 320.34  11.09
20071227 180000  9.2 234.8  1.85 12.41 230.03  28.26  4  0.83  3.99 230.08  27.91  1.54 12.24 222.59  11.48  0.54 14.36 315.09   8.67  0.26 16.58 243.95   7.90
20071227 210000  8.0 215.4  1.93 12.16 229.71  29.21  4  1.06  4.93 225.88  28.46  1.48 11.97 222.85  11.55  0.55 14.37 315.22   8.47  0.32 16.25 242.27   8.44
20071228 000000  5.8 203.6  1.89 11.93 229.25  30.41  3  1.76 11.83 222.56  19.92  0.56 14.45 315.14   8.41  0.38 15.89 242.25   8.07
20071228 030000  6.4 198.7  1.83 11.81 229.15  31.02  4  1.69 11.73 221.74  20.16  0.55 14.46 314.85   8.35  0.44 15.59 240.93   8.18  0.05  8.44 331.19   5.82
20071228 060000  4.4 206.0  1.78 11.70 229.82  30.82  4  1.63 11.61 222.13  19.88  0.54 14.35 314.75   8.41  0.48 15.43 240.29   8.03  0.06 19.14 314.43   9.02
20071228 090000  3.3 194.8  1.76 11.51 230.86  30.10  4  1.59 11.36 223.04  19.06  0.53 14.27 314.87   8.42  0.52 15.03 240.74   8.56  0.06 19.08 316.21   8.01
20071228 120000  2.3 205.4  1.74 14.43 231.92  29.61  4  1.57 11.23 224.17  18.45  0.54 14.69 239.65   9.39  0.52 14.27 315.28   8.28  0.08 18.83 313.35  10.00
20071228 150000  4.0 258.5  1.75 14.34 232.76  29.08  5  1.22  7.96 221.84  20.60  0.96 11.25 229.55  11.12  0.62 14.43 238.40   9.49  0.52 14.28 315.72   8.19  0.09 18.58 313.67   9.68
20071228 180000  6.4 244.3  1.78 14.27 233.92  28.80  5  1.22  7.78 224.48  22.27  0.97 11.33 229.92  11.44  0.67 14.27 236.07   9.96  0.52 14.28 315.87   8.08  0.10 18.08 314.47   9.21
20071228 210000  7.6 210.2  1.82 14.26 232.67  28.38  5  1.27  7.58 223.47  22.46  0.94 11.28 230.31  11.38  0.73 14.37 234.12  10.33  0.50 14.25 315.75   8.08  0.11 17.90 315.11   8.76
20071229 000000  6.1 196.2  1.83 14.23 231.25  28.29  5  1.17  7.26 220.08  24.91  0.99 11.13 230.62  11.52  0.87 14.28 231.74   9.85  0.48 14.13 315.52   8.16  0.13 17.79 315.77   8.10
20071229 030000  7.2 194.2  1.86 13.76 230.16  28.08  5  1.12  6.84 217.09  26.66  1.09 13.79 231.75   9.79  0.89 10.81 229.05  11.47  0.47 13.64 315.47   8.18  0.14 17.65 315.61   8.23
20071229 060000  8.6 199.3  1.94 13.54 229.30  27.29  6  1.11  6.36 215.46  27.25  1.05 13.55 232.39   9.25  0.89 10.78 229.49  11.13  0.63 16.39 224.92   9.20  0.46 13.51 315.48   8.22  0.16 17.36 315.36   8.59
20071229 090000  6.6 185.5  2.04 13.41 229.07  26.58  6  1.12  5.77 215.19  28.05  1.01 13.28 231.67   9.60  0.92 15.62 227.01   8.81  0.90 10.75 230.26  11.72  0.45 13.47 315.59   8.20  0.18 16.88 314.86   8.85
20071229 120000  5.1 177.9  2.07 15.36 230.00  25.22  5  1.41 12.86 230.86  10.55  1.04 15.44 227.13   8.95  1.00  5.72 216.11  28.53  0.44 13.46 315.67   8.20  0.20 16.72 314.89   8.71
20071229 150000  6.8 218.1  2.08 14.94 230.71  23.81  5  0.88  5.63 218.60  27.98  1.38 12.60 231.56  10.47  1.19 14.98 226.03   8.80  0.43 13.44 315.71   8.13  0.22 16.62 315.10   8.56
20071229 180000 11.5 210.3  2.26 14.51 228.71  23.84  4  1.73 12.14 225.70  20.90  1.37 14.59 226.31   8.78  0.41 13.41 315.65   8.10  0.23 16.50 315.55   8.09
20071229 210000 10.4 210.0  2.43 14.26 226.94  24.74  4  1.52  5.56 217.58  27.00  1.84 14.35 228.99   9.95  0.39 13.32 315.46   8.09  0.25 16.30 315.81   8.05
20071230 000000  6.3 200.3  2.35 14.06 227.33  25.24  5  1.41  5.89 217.54  28.88  1.82 14.16 228.90  10.08  0.37 13.04 315.49   8.05  0.26 15.91 315.87   7.91  0.06 20.35 312.47   8.25
20071230 030000  6.7 193.7  2.18 13.75 228.18  24.96  4  2.13 13.85 225.51  19.11  0.35 12.75 315.49   8.08  0.27 15.69 315.62   8.16  0.07 20.34 312.75   8.36
20071230 060000  8.8 191.9  2.08 13.54 227.52  25.45  4  2.03 13.59 224.60  19.08  0.34 12.66 315.82   8.28  0.28 15.60 314.59   8.42  0.07 20.31 313.17   8.41
20071230 090000  7.7 179.7  2.02 13.40 226.69  26.82  5  0.97  4.92 207.10  32.39  1.72 13.46 227.89  10.52  0.33 12.62 315.48   8.13  0.31 15.47 314.96   8.63  0.07 20.15 313.53   8.02
20071230 120000  7.5 176.7  1.94 13.24 227.17  27.60  5  0.87  4.69 205.38  33.67  1.67 13.33 227.56  10.86  0.33 15.35 315.25   8.67  0.32 12.60 315.25   8.15  0.09 19.19 312.79   8.24
20071230 150000  8.6 207.5  1.93 12.93 227.28  27.15  5  0.91  4.46 209.69  30.85  1.64 13.09 227.07  11.08  0.34 15.17 315.44   8.47  0.31 12.58 315.23   8.18  0.11 19.04 312.60   8.19
20071230 180000 11.8 213.8  2.19 12.74 226.69  26.17  4  2.14 12.79 223.83  20.17  0.33 14.88 315.64   8.37  0.30 12.57 315.13   8.18  0.13 19.01 312.57   8.34
20071230 210000 12.5 204.5  2.50 12.63 224.08  26.82  4  2.46 12.64 222.06  22.80  0.31 14.73 315.43   8.25  0.30 12.56 315.40   8.25  0.13 18.99 312.83   8.45
20071231 000000  8.9 206.9  2.54 12.53 222.63  27.36  5  2.00  6.61 218.22  28.21  1.51 12.53 224.82  11.26  0.32 14.57 315.59   8.18  0.26 12.42 315.27   8.59  0.12 18.93 312.75   8.51
20071231 030000  9.0 191.3  2.40 12.39 222.57  27.40  6  1.77  6.83 217.03  28.74  1.56 12.40 224.45  11.82  0.36 14.47 315.14   8.39  0.19 11.78 316.20   8.82  0.12 18.56 312.77   8.36  0.06 21.75 315.83   7.64
20071231 060000  8.7 187.3  2.33 12.23 222.11  27.19  5  2.29 12.30 219.78  22.36  0.36 14.38 315.27   8.36  0.21 11.81 315.65   9.11  0.15 17.88 312.56   8.33  0.07 21.71 316.04   7.66
20071231 090000  6.9 182.5  2.39 13.42 221.97  25.79  5  1.36  6.55 212.87  29.78  1.91 12.51 222.77  12.61  0.36 14.28 314.97   8.55  0.21 11.79 316.38   8.95  0.19 17.80 312.86   8.46
20071231 120000  5.5 205.6  2.52 13.77 222.74  23.20  6  1.22  6.57 215.50  28.84  2.15 13.65 222.22  12.16  0.34 14.15 314.72   8.72  0.22 11.83 316.85   8.71  0.18 17.76 312.18   8.57  0.10 20.46 315.60   7.85
20071231 150000  7.4 216.9  2.67 13.68 223.58  21.00  5  2.63 13.64 221.87  15.96  0.34 13.96 315.27   8.56  0.21 11.76 316.47   9.30  0.16 17.76 311.77   8.57  0.13 20.36 315.83   7.80
20071231 180000 10.2 215.4  2.88 13.55 223.92  20.35  6  1.39  6.35 220.53  26.04  2.49 13.52 223.10  11.55  0.32 13.77 315.23   8.49  0.20 11.71 316.90   9.53  0.17 17.67 312.84   8.63  0.14 20.34 316.24   7.72
20071231 210000  9.3 209.9  3.06 13.42 223.98  21.02  5  1.71  6.61 220.34  26.28  2.50 13.40 223.82  11.45  0.36 13.64 315.83   8.79  0.19 17.34 312.64   8.45  0.14 20.28 316.18   7.50
20080101 000000  9.3 199.7  3.15 13.33 223.30  21.98  5  1.95  7.34 218.55  26.29  2.44 13.30 224.17  11.40  0.35 13.55 315.78   8.88  0.20 16.73 312.20   8.70  0.17 19.56 315.84   7.35
