Date     Time   Uabs UDir  hs    tp    th     sp     np hs(i) tp(i) th(i)  sp(i)
19890201 000000  6.9 196.6  3.05 14.29 220.74  20.29  4  3.02 14.33 219.59  16.89  0.34 13.81 311.34   8.56  0.18 11.80 318.30   9.42  0.17 19.06 313.00   8.46
19890201 030000  6.7 197.7  3.11 14.14 220.28  20.37  4  3.08 14.22 219.20  17.25  0.33 13.65 310.97   8.63  0.18 19.01 313.37   8.55  0.18 11.78 318.31   9.39
19890201 060000  8.8 199.4  3.16 13.91 220.02  20.44  3  3.14 14.05 219.01  17.54  0.36 13.58 312.55   9.21  0.19 18.95 312.52   9.30
19890201 090000  7.0 189.9  3.23 13.76 220.41  20.69  3  3.20 13.85 219.42  17.92  0.36 13.55 312.33   9.15  0.21 18.80 312.08   8.93
19890201 120000  4.8 192.6  3.26 13.66 221.37  20.71  3  3.23 13.71 220.30  17.76  0.37 13.54 312.27   8.86  0.24 18.03 311.57   8.97
19890201 150000  6.6 214.5  3.21 13.58 222.18  20.68  4  3.17 13.60 220.95  17.30  0.37 13.53 312.01   8.82  0.26 17.82 312.48   8.55  0.06 21.83 301.05   9.69
19890201 180000  9.4 216.3  3.14 13.50 222.43  20.82  4  3.10 13.50 221.14  17.29  0.37 13.50 311.89   8.84  0.27 17.76 312.75   8.72  0.07 21.79 300.30  10.73
19890201 210000  9.6 210.7  3.13 13.41 222.23  21.15  5  3.10 13.41 221.01  17.93  0.32 13.40 310.83   8.42  0.27 17.71 312.76   8.97  0.13 11.10 317.62   9.40  0.08 21.72 301.13  10.69
19890202 000000  6.3 191.0  3.15 13.29 221.94  21.39  5  3.13 13.30 220.84  18.58  0.29 13.04 310.51   8.55  0.27 17.58 312.46   8.84  0.13 11.08 317.26   9.53  0.09 21.51 301.43  10.57
19890202 030000  6.9 197.3  3.13 13.13 222.01  21.26  4  3.10 13.16 220.89  18.40  0.29 12.80 311.83   8.89  0.29 16.95 311.71   8.68  0.11 20.66 300.49  10.59
19890202 060000  7.6 191.4  3.09 12.83 221.72  21.32  4  3.06 12.87 220.46  18.03  0.32 16.67 311.84   8.58  0.29 12.73 311.55   8.77  0.13 20.43 300.05  10.52
19890202 090000  6.1 185.2  3.04 12.71 221.77  21.28  4  3.00 12.71 220.32  17.45  0.34 16.60 312.02   8.78  0.29 12.72 311.22   8.54  0.15 20.39 299.75  10.89
19890202 120000  5.2 172.1  3.04 12.64 221.98  20.92  5  2.92 12.62 220.66  17.08  0.67 17.20 216.46   7.27  0.34 16.55 312.15   8.92  0.30 12.73 310.84   8.55  0.16 20.31 301.37  11.49
19890202 150000  6.4 216.6  3.11 12.57 222.14  20.21  5  2.91 12.53 221.22  16.72  0.98 16.51 216.14   7.77  0.34 16.47 312.09   9.06  0.31 12.74 310.59   8.49  0.16 20.21 301.69  11.36
19890202 180000  9.0 222.7  3.26 12.51 221.95  19.98  5  3.02 12.46 221.37  17.09  1.14 16.16 215.79   8.10  0.33 16.25 311.68   8.90  0.29 12.73 310.48   8.63  0.18 19.68 301.10  10.98
19890202 210000  7.9 208.9  3.37 12.47 221.51  20.24  5  3.06 12.42 221.13  17.90  1.32 15.93 215.80   8.16  0.33 15.72 311.61   8.71  0.28 12.70 310.41   8.91  0.22 19.16 300.50  10.47
19890203 000000 10.3 193.8  3.48 15.51 220.64  20.75  5  3.02 12.27 220.16  19.37  1.66 15.50 217.07   8.48  0.35 15.57 311.95   8.56  0.25 12.63 310.42   9.17  0.25 19.07 300.14  10.56
19890203 030000  7.4 191.4  3.51 15.38 220.27  20.95  4  3.48 15.32 219.02  17.62  0.37 15.52 312.04   8.89  0.26 19.05 300.09  10.82  0.23 12.48 311.24   8.51
19890203 060000  7.2 201.7  3.45 15.25 220.24  20.79  5  2.53 10.17 218.51  20.87  2.29 15.15 219.38  11.10  0.38 15.47 312.20   9.11  0.26 19.00 300.98  11.20  0.22 12.31 310.69   8.40
19890203 090000  4.6 203.7  3.32 15.10 220.41  20.71  5  2.56 10.52 219.61  19.68  2.04 15.00 217.98  10.43  0.39 15.40 312.07   9.09  0.26 18.88 300.98  11.10  0.22 12.19 310.13   8.75
19890203 120000  0.9 299.9  3.15 14.83 220.83  20.72  5  2.30 10.24 219.49  19.61  2.09 14.75 218.85  10.88  0.37 15.25 311.65   9.07  0.29 18.17 300.93  10.97  0.23 12.17 309.65   8.73
19890203 150000  4.7 297.4  2.99 14.60 221.60  21.25  5  2.18 10.18 220.20  19.37  1.98 14.57 218.96  10.74  0.36 14.80 311.40   9.05  0.33 17.91 300.31  10.55  0.23 12.16 309.60   8.78
19890203 180000  4.7 277.2  2.90 14.45 222.44  21.97  5  2.03 10.08 221.26  19.81  1.99 14.42 218.94  10.90  0.38 17.83 300.48  10.55  0.36 14.61 311.85   8.86  0.22 12.12 309.61   9.22
19890203 210000  2.8 279.6  2.86 14.34 222.64  22.08  4  2.80 14.28 220.11  15.67  0.40 17.79 301.22  10.91  0.37 14.54 312.13   9.02  0.22 12.06 310.13   9.20
19890204 000000  1.9 246.4  2.85 14.24 222.19  21.90  6  2.07 10.77 220.96  17.89  1.88 14.14 218.10  10.78  0.39 14.50 312.39   8.94  0.38 17.77 301.35  11.12  0.20 11.88 310.95   9.64  0.06 24.88 299.27  10.36
19890204 030000  0.4 207.4  2.80 14.16 221.45  21.80  6  2.13 10.88 220.10  16.46  1.73 14.03 217.03  11.30  0.40 14.46 312.87   8.84  0.37 17.70 301.15  11.35  0.18 11.77 309.96   9.80  0.08 24.55 298.75  10.43
19890204 060000  1.9 172.2  2.71 14.07 220.98  22.14  6  2.05 10.88 219.93  16.15  1.67 13.90 215.53  10.83  0.39 14.41 312.26   8.92  0.39 17.33 300.68  11.60  0.17 11.76 311.61   9.89  0.09 23.67 298.72  10.49
19890204 090000  1.3 110.2  2.59 13.85 220.96  22.98  6  1.86 13.78 216.18  10.26  1.70 10.10 219.38  17.66  0.43 16.83 300.06  11.06  0.37 14.30 311.86   9.04  0.18 11.79 311.84   9.57  0.11 23.45 298.67  10.68
19890204 120000  2.3 344.9  2.47 13.68 221.38  24.17  6  1.73 13.65 215.60  10.44  1.64 10.09 219.26  17.02  0.48 16.72 300.06  10.84  0.36 13.92 311.99   9.06  0.17 11.73 311.47  10.03  0.13 23.37 298.40  10.67
19890204 150000  3.4 321.4  2.34 13.57 222.16  26.00  5  2.25 13.55 217.37  15.43  0.51 16.67 300.91  11.48  0.33 13.70 311.28   9.12  0.17 11.71 311.46  10.16  0.14 23.26 297.62  10.74
19890204 180000  4.2 280.4  2.25 13.49 222.60  26.53  5  2.15 13.45 217.35  15.08  0.50 16.65 300.50  11.39  0.38 13.62 311.81   9.40  0.17 22.90 297.10  10.78  0.07 20.50 217.99   8.42
19890204 210000  3.7 264.9  2.18 13.39 222.78  26.75  4  2.08 13.33 217.27  14.68  0.48 16.60 300.72  11.86  0.38 13.57 311.94   9.09  0.20 22.10 297.08  10.95
19890205 000000  4.8 230.6  2.12 13.29 222.96  26.92  5  2.01 13.19 217.14  14.13  0.47 16.52 300.37  11.85  0.38 13.55 312.17   9.06  0.23 21.92 297.21  10.97  0.13 19.50 219.77   9.34
19890205 030000  3.2 169.8  2.06 13.13 223.42  27.51  6  1.94 12.90 217.01  13.82  0.47 16.36 299.73  11.60  0.37 13.53 312.35   9.04  0.25 21.85 296.92  10.90  0.15 19.24 216.27   9.53  0.10 21.93 227.42   8.11
19890205 060000  3.0 197.6  2.01 12.80 224.35  28.34  5  1.88 12.68 217.05  13.54  0.50 16.05 299.41  11.25  0.36 13.50 312.43   9.03  0.28 21.75 296.15  10.79  0.23 19.42 221.28  10.22
19890205 090000  1.9 179.5  1.98 12.64 225.51  29.32  5  1.82 12.57 217.14  13.48  0.53 15.81 299.19  11.29  0.35 13.44 312.41   9.04  0.31 21.43 295.76  10.89  0.29 20.33 222.73   9.91
19890205 120000  2.2 219.8  1.94 12.58 226.84  30.29  5  1.76 12.52 217.29  13.59  0.56 15.68 299.56  11.59  0.36 20.16 224.04   9.70  0.36 20.69 295.73  11.10  0.32 13.19 312.63   9.47
19890205 150000  3.9 203.6  1.89 12.54 228.11  31.21  5  1.68 12.49 217.37  14.15  0.55 15.60 299.54  11.97  0.45 19.54 225.56   9.39  0.40 20.51 296.00  11.21  0.30 12.87 312.62   9.10
19890205 180000  5.6 229.4  1.87 12.47 229.73  31.56  5  1.62 12.42 218.16  14.94  0.55 18.99 226.47   8.89  0.54 15.54 299.46  11.94  0.43 20.45 295.93  11.18  0.29 12.70 313.29   9.19
19890205 210000  5.8 218.3  1.85 12.36 231.38  31.76  5  1.54 12.23 219.06  15.97  0.68 18.60 226.55   9.24  0.53 15.49 299.25  11.86  0.46 20.39 295.47  11.01  0.29 12.68 313.44   8.90
19890206 000000  3.7 216.9  1.83 18.34 233.12  32.10  5  1.46 11.95 219.53  16.55  0.78 17.89 227.23   9.09  0.53 15.44 299.05  11.75  0.50 20.20 295.04  10.90  0.29 12.66 313.41   8.93
19890206 030000  2.5 177.2  1.84 18.06 235.05  32.29  5  1.38 11.83 220.00  16.68  0.90 17.50 227.62   8.80  0.54 19.58 294.82  11.02  0.53 15.37 298.91  11.69  0.29 12.64 313.41   8.96
19890206 060000  3.3 202.6  1.86 16.72 236.42  32.28  5  1.32 11.76 220.45  16.63  1.00 16.90 227.46   9.16  0.59 19.28 294.95  11.23  0.53 15.28 298.70  11.67  0.28 12.61 313.33   9.11
19890206 090000  0.2 121.8  1.91 16.38 236.49  31.91  5  1.33 11.72 220.80  16.83  1.06 16.59 227.40   9.22  0.63 19.21 295.18  11.32  0.52 15.10 298.37  11.82  0.27 12.57 313.39   9.04
19890206 120000  1.7   8.9  2.01 15.91 235.44  30.73  6  1.13 16.21 227.39   9.23  1.10  7.50 220.92  19.47  0.90 11.68 222.32  12.24  0.65 19.17 295.17  11.29  0.51 14.78 298.38  12.07  0.24 12.43 314.04   8.73
19890206 150000  2.2 281.3  2.16 15.65 234.14  29.38  5  1.34  7.93 221.95  18.73  1.21 15.80 226.99   9.32  0.82 11.58 223.56  12.46  0.67 19.09 295.00  11.17  0.55 14.62 301.07  13.09
19890206 180000  6.5 225.7  2.31 15.44 233.39  28.60  4  1.59  8.24 223.64  18.63  1.42 15.56 225.24  10.04  0.70 18.90 294.77  11.06  0.54 14.55 300.99  13.10
19890206 210000  8.8 207.3  2.56 15.20 230.65  28.48  5  1.90  8.26 220.66  20.04  1.45 15.34 226.25   9.33  0.75 18.46 294.49  11.21  0.49 14.50 298.79  12.31  0.19 11.77 314.87   9.16
19890207 000000 11.1 199.0  3.09 14.82 225.55  28.33  5  2.51  8.28 217.41  22.44  1.54 15.02 225.94   9.38  0.78 18.17 294.53  11.19  0.48 14.46 298.42  12.57  0.18 11.76 314.67   9.13
19890207 030000  9.3 191.3  3.44 14.55 223.07  28.57  4  2.90  8.78 216.01  24.06  1.59 14.60 225.70   9.60  0.80 18.11 294.43  11.32  0.49 14.43 300.15  13.36
19890207 060000  8.7 191.9  3.41 14.40 223.04  28.49  4  2.86  9.05 215.83  24.00  1.61 14.40 225.66  10.05  0.81 18.05 294.04  11.92  0.47 14.39 299.75  13.46
19890207 090000  7.5 174.0  3.26 14.30 224.36  28.08  4  2.61  9.16 216.35  23.92  1.73 14.29 225.93  10.16  0.81 17.94 294.24  11.52  0.44 14.32 298.87  14.21
19890207 120000  6.1 188.5  3.09 14.12 226.22  27.62  4  2.48  9.25 218.62  22.42  1.60 14.11 225.97  10.89  0.81 17.80 294.16  11.44  0.42 14.21 298.80  14.30
19890207 150000  8.5 208.4  2.94 13.65 227.58  27.55  4  2.37  9.26 219.77  21.13  1.48 13.61 226.29  11.18  0.83 17.62 294.12  11.37  0.40 13.97 299.09  14.12
19890207 180000  9.8 214.9  2.93 13.47 227.92  27.71  4  2.31  9.16 219.69  21.36  1.54 13.44 226.39  11.63  0.85 17.45 293.83  11.59  0.38 13.73 299.08  14.10
19890207 210000  9.7 209.7  3.03 13.37 227.69  27.95  4  2.53  8.96 220.84  22.01  1.37 13.33 225.24  10.97  0.86 17.33 293.57  11.61  0.37 13.62 298.94  14.19
19890208 000000  7.1 203.7  3.08 13.26 227.70  28.10  5  2.50  9.04 219.60  22.95  1.22 13.19 223.57  11.10  0.96 10.70 236.24  10.38  0.86 17.20 293.31  11.88  0.36 13.56 298.28  14.15
19890208 030000  6.4 199.5  3.09  9.34 227.48  27.86  4  2.86  9.33 221.97  21.55  0.85 16.99 293.24  11.85  0.74 13.46 225.58   9.06  0.33 13.52 298.50  13.85
19890208 060000  6.8 207.9  3.08 10.15 227.12  27.40  5  2.90 10.14 221.98  20.99  0.83 16.80 293.19  11.83  0.56 12.95 224.92   6.39  0.30 13.48 298.44  12.73  0.09 10.93 315.02   8.86
19890208 090000  4.4 188.3  3.05 10.18 226.95  27.03  3  2.92 10.18 222.01  20.25  0.82 16.66 292.98  12.00  0.31 13.47 299.58  13.21
19890208 120000  3.4 216.9  2.92 10.12 227.44  26.87  3  2.80 10.12 222.31  19.76  0.81 16.55 292.87  12.10  0.29 13.45 299.37  13.25
19890208 150000  3.0 254.9  2.69  9.86 228.74  27.33  3  2.55  9.86 222.85  19.40  0.80 16.48 292.90  12.00  0.28 13.39 298.91  13.76
19890208 180000  4.5 269.8  2.44  9.62 230.65  28.14  4  2.28  9.62 223.57  19.20  0.79 16.42 292.85  11.92  0.26 13.30 299.41  13.62  0.20 15.70 229.00   9.33
19890208 210000  2.3 261.6  2.25 16.32 232.23  28.78  3  2.08  9.38 224.01  18.93  0.83 16.35 293.40  12.21  0.29 15.39 229.33   8.61
19890209 000000  2.1 189.3  2.13 16.18 232.99  29.04  4  1.93  9.20 224.00  18.69  0.78 16.22 292.74  11.93  0.40 14.74 229.12   8.46  0.21 12.65 298.81  14.73
19890209 030000  1.7 130.7  2.04 15.84 232.92  28.89  5  1.83  9.14 223.73  18.27  0.75 15.91 292.24  11.81  0.44 14.85 228.85   9.16  0.22 12.69 298.00  15.11  0.06 10.14 319.09   8.73
19890209 060000  3.1 234.5  2.03 15.61 231.99  28.21  4  1.77  9.12 223.00  18.23  0.72 15.66 292.07  11.86  0.63 14.84 229.73   9.27  0.22 12.65 300.62  13.87
19890209 090000  1.3  15.5  2.09 15.48 230.51  27.06  4  1.81  9.16 222.46  18.07  0.75 14.97 229.11   9.15  0.69 15.53 292.15  11.89  0.23 12.66 299.96  14.32
19890209 120000  2.4 344.3  2.19 15.40 229.41  25.80  4  1.85  9.24 221.86  17.95  0.93 14.81 229.44   9.00  0.66 15.46 292.43  11.87  0.22 12.66 300.16  14.34
19890209 150000  3.6 299.7  2.26 15.34 229.51  25.44  4  1.81  9.25 221.66  19.28  1.16 14.69 229.93   9.12  0.65 15.41 292.98  11.68  0.22 12.66 300.73  14.10
19890209 180000  3.0 277.2  2.29 15.32 230.29  24.44  3  1.69  9.14 221.97  19.38  1.39 14.74 229.71   8.97  0.68 15.37 293.69  12.41
19890209 210000  3.8 233.4  2.29 15.32 231.00  23.41  3  1.58 15.17 229.60   9.01  1.51  8.92 222.23  19.48  0.67 15.33 293.70  12.38
19890210 000000  4.6 191.6  2.29 15.29 231.07  22.37  3  1.71 15.38 229.35   9.03  1.37  8.56 222.23  19.72  0.65 15.26 293.46  12.53
19890210 030000  2.1 187.2  2.28 15.17 230.77  21.25  3  1.80 15.29 228.92   9.04  1.26  8.27 222.48  20.11  0.61 15.07 293.26  12.78
19890210 060000  5.2 206.8  2.29 14.88 230.16  20.23  3  1.89 15.15 228.71   9.11  1.16  7.92 221.61  20.69  0.56 14.68 293.33  13.07
19890210 090000  4.0 197.0  2.32 14.63 229.38  19.69  3  1.94 14.97 228.36   9.13  1.16  7.64 221.04  21.36  0.53 14.51 293.78  13.45
19890210 120000  2.0 226.1  2.38 14.56 228.85  19.32  3  1.99 14.76 227.96   9.20  1.21  7.68 221.33  20.98  0.52 14.45 294.74  13.45
19890210 150000  3.9 251.0  2.44 14.54 228.44  19.20  3  2.03 14.65 227.47   9.34  1.25  7.90 221.62  20.64  0.52 14.41 295.39  13.50
19890210 180000  4.7 243.9  2.47 14.48 228.12  19.18  3  2.08 14.53 227.07   9.57  1.22  7.99 221.29  20.86  0.52 14.39 295.81  13.47
19890210 210000  4.8 225.2  2.45 14.39 227.82  19.10  3  2.10 14.40 226.42   9.70  1.17  7.97 221.74  21.20  0.52 14.37 295.88  13.69
19890211 000000  4.2 194.4  2.41 14.30 227.38  19.06  2  2.36 14.28 224.97  13.52  0.50 14.34 295.91  13.92
19890211 030000  4.5 198.5  2.36 14.19 226.90  18.96  3  2.07 14.16 225.74  10.10  1.03  7.29 219.45  21.80  0.48 14.27 296.09  14.25
19890211 060000  5.8 192.3  2.32 14.06 226.16  19.07  3  0.99  6.96 218.05  22.73  2.05 14.05 225.17  10.00  0.47 14.12 296.18  14.89
19890211 090000  5.2 187.3  2.29 13.98 225.42  19.40  3  2.02 14.02 224.53  10.20  0.99  6.82 217.13  23.55  0.46 13.79 296.99  15.24
19890211 120000  3.7 178.8  2.27 13.87 224.92  19.66  4  1.98 13.93 223.76  10.26  1.02  6.91 218.17  23.21  0.41 13.64 298.62  16.07  0.20 20.03 294.36  11.56
19890211 150000  5.2 223.0  2.25 13.71 224.73  19.82  5  1.93 13.74 222.90  10.19  1.07  7.07 220.40  22.21  0.40 13.57 299.40  16.15  0.16 20.05 289.28  10.37  0.15 17.68 301.63  10.67
19890211 180000  7.6 220.3  2.27 13.57 224.35  20.49  3  2.22 13.58 221.90  14.72  0.41 13.53 299.99  15.89  0.23 18.09 294.38  12.75
19890211 210000  7.4 210.3  2.31 13.47 223.49  21.60  4  1.24  6.94 218.67  24.52  1.89 13.47 221.92  10.47  0.41 13.50 300.49  15.87  0.26 18.54 293.94  12.45
19890212 000000  5.7 196.1  2.36 13.42 222.67  22.65  4  1.37  6.49 217.77  25.32  1.85 13.41 221.23  10.29  0.41 13.47 301.24  15.67  0.28 18.74 292.83  11.49
19890212 030000  7.6 197.3  2.41 13.40 221.87  23.33  4  1.52  6.80 217.96  25.43  1.80 13.39 219.98   9.52  0.38 13.44 300.63  16.18  0.35 18.75 295.48  13.43
19890212 060000  9.0 189.2  2.50 13.42 220.23  23.96  4  1.65  7.02 215.39  25.83  1.80 13.42 219.39   9.28  0.37 18.69 296.34  13.28  0.36 13.41 300.92  16.28
19890212 090000  8.7 182.6  2.58 13.53 219.26  24.22  4  1.81  7.38 214.83  25.67  1.76 13.62 218.82   8.89  0.38 17.81 295.89  13.46  0.35 13.36 302.19  16.41
19890212 120000  8.7 178.0  2.62 13.68 219.12  24.21  4  1.87  7.73 215.22  25.72  1.76 13.82 218.41   8.66  0.40 17.46 296.08  14.97  0.32 13.25 302.13  16.38
19890212 150000  9.4 200.9  2.62 13.50 219.98  23.55  4  1.86  7.98 216.80  24.49  1.76 13.53 218.42   8.58  0.41 17.52 294.65  13.67  0.33 13.09 304.35  16.51
19890212 180000 13.8 215.5  3.07 13.32 219.83  23.53  3  3.02 13.33 217.99  20.00  0.44 17.55 293.62  12.38  0.32 12.87 306.94  16.27
19890212 210000 12.5 204.0  3.35 12.98 219.30  25.05  2  3.30 13.01 217.64  22.21  0.56 17.54 297.53  15.30
19890213 000000 11.2 203.3  3.25 12.67 219.49  25.69  3  2.76  8.21 217.17  25.75  1.61 12.68 219.02   8.53  0.56 17.44 297.53  14.78
19890213 030000  9.1 192.0  3.07 12.53 219.86  25.96  5  2.57  8.29 216.82  25.77  1.54 12.52 220.30   9.59  0.51 16.95 295.95  14.61  0.35 15.88 215.68   9.20  0.25 12.55 302.12  16.35
19890213 060000  8.4 196.2  2.84 12.41 220.96  26.05  5  2.35  8.34 218.02  25.35  1.44 12.39 219.73   9.35  0.51 16.54 294.20  14.27  0.35 15.76 215.55  10.07  0.27 12.64 305.56  16.57
19890213 090000  6.0 199.8  2.68 12.18 222.40  25.91  4  2.19  8.46 219.67  24.46  1.43 12.09 219.13  10.27  0.52 16.46 294.31  13.19  0.27 12.66 307.99  14.74
19890213 120000  4.6 226.1  2.62 11.87 223.78  25.30  5  2.19  8.88 222.03  22.50  1.12 11.85 218.03  10.45  0.69 14.62 214.68  10.91  0.54 16.45 293.92  12.56  0.26 12.69 310.34  12.72
19890213 150000  3.4 264.4  2.60  9.21 224.51  24.86  5  2.09  9.21 223.12  21.87  1.24 11.74 218.14  11.16  0.66 14.61 214.40  11.54  0.55 16.42 293.19  12.59  0.26 12.75 310.66  12.69
19890213 180000  4.8 263.4  2.54  9.27 225.04  24.75  4  2.00  9.27 223.84  21.40  1.44 11.56 217.60  12.59  0.55 16.36 292.49  11.68  0.26 12.74 313.36  11.33
19890213 210000  4.2 246.9  2.48 11.54 225.02  24.63  4  1.89  9.33 223.70  20.99  1.20 11.44 221.05  13.36  0.87 13.72 212.40  11.38  0.61 16.20 295.84  14.22
19890214 000000  2.8 227.6  2.43 12.17 224.34  24.55  3  2.35 11.97 220.68  18.13  0.60 15.75 296.16  13.76  0.07 23.62 219.48   7.12
19890214 030000  1.0 194.2  2.35 12.28 223.89  24.83  4  2.26 12.28 219.86  17.77  0.61 15.54 295.86  13.76  0.16 17.18 222.68   8.16  0.13 22.96 218.77   6.82
19890214 060000  3.7 202.4  2.26 12.01 224.06  25.30  5  2.15 12.00 219.56  17.60  0.61 15.45 295.45  13.73  0.24 21.99 218.76   6.93  0.15 17.03 222.71   7.74  0.07 19.25 295.42  11.75
19890214 090000  3.6 173.9  2.21 11.84 224.41  25.45  4  2.08 11.82 219.66  17.47  0.62 15.40 294.91  13.71  0.39 21.34 218.80   6.97  0.08 19.64 296.81  11.78
19890214 120000  1.1 208.9  2.21 11.70 224.70  25.07  5  2.04 11.68 220.03  17.27  0.59 15.37 292.72  12.19  0.57 20.52 218.75   7.04  0.20 12.09 311.58  13.35  0.08 20.21 300.84   9.23
19890214 150000  5.2 253.9  2.24 11.55 224.86  24.61  5  1.61  9.72 221.67  19.46  1.20 11.52 218.68  13.36  0.77 19.74 218.74   6.91  0.59 15.31 292.44  11.63  0.19 12.20 315.55   9.66
19890214 180000  4.9 254.2  2.30 19.08 224.56  23.97  6  1.57  9.54 222.31  20.07  1.24 11.37 218.35  12.87  0.95 19.09 218.76   6.97  0.56 15.21 292.04  11.99  0.19 12.12 313.79  11.43  0.14 17.99 295.99  10.63
19890214 210000  2.8 254.0  2.34 18.18 223.85  23.21  5  1.58  9.61 221.19  19.86  1.18 11.31 219.02  12.37  1.10 18.19 218.72   6.90  0.58 14.91 294.37  13.57  0.15 18.03 295.33  11.55
19890215 000000  5.0 225.3  2.35 17.78 223.11  22.59  4  1.92 10.88 219.68  17.28  1.22 17.77 218.84   7.12  0.57 14.64 294.46  13.52  0.16 18.34 295.75  11.85
19890215 030000  2.3 153.5  2.32 17.06 222.63  22.37  4  1.81 10.74 218.98  17.27  1.33 17.05 218.87   7.12  0.56 14.52 294.69  13.13  0.17 18.76 296.62  11.97
19890215 060000  5.8 183.2  2.28 16.64 222.17  22.46  4  1.67 10.00 218.12  17.76  1.44 16.65 218.71   7.37  0.55 14.45 294.27  13.40  0.17 18.80 298.12  11.61
19890215 090000  5.2 182.0  2.26 16.35 221.89  22.71  5  1.49 16.36 218.97   7.41  1.31  9.39 217.62  21.04  0.91 10.67 216.11  11.09  0.55 14.41 294.00  13.39  0.19 18.75 299.81   9.14
19890215 120000  3.9 194.9  2.23 15.87 222.35  22.50  5  1.57 15.92 218.98   7.59  1.25  9.31 217.96  20.48  0.78 10.66 216.50  10.99  0.54 14.38 293.91  13.71  0.22 16.98 297.96   9.87
19890215 150000  4.9 228.2  2.23 15.45 222.76  22.12  6  1.61 15.60 219.24   7.71  1.17  8.79 219.02  20.24  0.81 10.55 216.10  10.30  0.51 14.35 292.46  12.20  0.25 16.96 296.40  10.85  0.14 11.71 317.47  10.80
19890215 180000  5.5 231.9  2.24 15.26 223.07  21.87  5  1.67 15.45 219.31   7.88  1.37 10.27 218.93  18.16  0.49 14.29 292.25  12.31  0.27 17.32 296.35  11.18  0.14 11.77 318.90   9.57
19890215 210000  7.5 218.6  2.26 15.12 223.14  21.82  6  1.22  8.28 219.64  21.16  1.70 15.32 219.38   7.98  0.62 10.18 219.58  10.35  0.48 14.19 292.58  12.90  0.28 17.53 296.71  11.46  0.12 11.61 322.44   9.19
19890216 000000  4.9 197.3  2.24 14.92 222.62  22.01  5  1.81 15.15 219.58   8.32  1.20  7.87 218.21  23.03  0.45 13.90 292.56  13.11  0.28 17.57 296.96  11.69  0.12 11.46 323.97   8.98
19890216 030000  5.3 190.8  2.20 14.74 222.34  22.08  5  1.79 14.93 219.99   8.33  1.17  7.28 216.52  23.68  0.43 13.68 292.34  13.01  0.28 17.51 297.21  11.41  0.13 11.39 325.10   8.77
19890216 060000  6.9 205.1  2.17 14.58 222.30  22.37  4  1.13  6.72 215.01  24.22  1.78 14.69 220.38   8.51  0.50 13.56 294.03  12.91  0.13 11.51 326.20   9.00
19890216 090000  4.9 185.7  2.13 14.48 222.72  23.11  4  1.74 14.59 220.58   8.30  1.11  6.44 214.87  25.11  0.43 13.51 295.90  16.75  0.31 16.14 297.11  10.69
19890216 120000  3.4 206.4  2.09 14.50 223.97  23.30  4  1.74 14.57 221.06   8.48  1.02  6.26 216.05  24.84  0.43 13.47 297.04  16.43  0.34 16.17 296.76  10.98
19890216 150000  3.9 245.9  2.06 14.46 225.16  23.31  4  1.75 14.53 221.38   8.51  0.92  6.08 217.85  24.64  0.43 13.45 297.59  16.88  0.37 16.30 296.44  11.15
19890216 180000  5.7 249.0  2.05 14.29 226.27  23.18  4  0.84  5.93 221.21  25.62  1.77 14.45 221.82   8.60  0.43 13.44 298.26  17.30  0.38 16.35 295.94  11.40
19890216 210000  5.2 225.8  2.04 14.02 226.78  22.85  4  0.79  5.72 222.84  27.02  1.80 14.32 222.37   8.86  0.42 13.41 299.45  17.61  0.37 16.33 295.45  11.66
19890217 000000  7.1 192.8  2.06 14.04 225.92  22.44  4  0.76  5.53 216.69  27.76  1.84 14.28 222.79   8.98  0.42 13.36 300.10  18.15  0.34 16.03 295.20  12.07
19890217 030000  6.9 193.9  2.12 14.18 224.85  22.48  4  0.86  5.00 211.57  27.70  1.87 14.29 223.20   9.18  0.40 13.22 301.32  18.63  0.33 15.69 295.17  11.82
19890217 060000  8.3 188.7  2.19 14.32 224.15  22.82  4  0.97  5.19 209.83  27.66  1.90 14.26 223.58   9.41  0.37 12.82 302.39  19.48  0.35 15.39 296.43  11.30
19890217 090000  8.1 186.5  2.25 14.29 223.66  23.60  5  1.10  5.39 209.08  27.67  1.90 14.15 223.99   9.61  0.38 15.31 296.29  10.98  0.30 12.70 292.11  11.71  0.19 11.67 329.40   7.34
19890217 120000  8.8 176.4  2.29 14.22 222.93  25.16  4  2.23 14.10 219.73  19.35  0.41 15.34 295.50  11.11  0.27 12.60 293.35  11.45  0.19 11.59 330.41   6.49
19890217 150000  9.7 200.4  2.33 14.14 222.90  25.19  4  1.37  6.08 209.71  27.38  1.81 14.02 224.84   9.74  0.42 15.38 295.08  11.22  0.33 12.56 304.53  19.83
19890217 180000 13.8 210.0  2.79 13.88 221.11  25.14  4  2.74 13.75 218.96  21.43  0.42 15.38 294.56  11.54  0.28 12.59 293.47  11.73  0.18 11.06 330.89   6.17
19890217 210000 14.0 206.4  3.24 13.54 220.05  25.87  4  3.20 13.53 218.57  23.49  0.39 15.06 294.20  12.03  0.27 12.59 293.51  11.82  0.17 11.00 331.13   5.81
19890218 000000  9.4 200.5  3.16 13.38 219.47  26.57  5  2.76  7.92 215.81  26.71  1.45 13.40 225.40   9.26  0.36 14.77 294.40  12.67  0.28 12.59 292.99  12.95  0.16 10.93 331.79   5.34
19890218 030000  8.6 199.5  2.83 13.31 220.52  25.95  5  2.40  7.99 216.27  26.09  1.43 13.33 225.66   9.44  0.35 14.60 295.09  11.97  0.26 12.55 292.64  13.28  0.16 10.89 331.79   5.34
19890218 060000  7.3 202.2  2.61 13.25 221.75  25.11  4  2.17  7.91 217.45  24.87  1.37 13.25 225.49   9.66  0.43 14.53 294.40  12.33  0.16 10.80 332.05   5.12
19890218 090000  4.7 202.8  2.49 13.07 223.47  24.26  4  2.03  7.97 219.57  23.76  1.37 13.03 225.06   9.96  0.45 14.58 294.08  12.14  0.15 10.53 332.09   5.11
19890218 120000  5.7 185.8  2.44 12.79 224.64  23.48  4  1.95  8.15 221.10  22.66  1.39 12.75 224.78  10.24  0.46 14.75 293.65  12.14  0.15 10.40 332.11   5.12
19890218 150000  6.8 214.5  2.45 12.65 224.80  22.67  5  1.90  8.40 221.47  21.98  1.46 12.63 224.44  10.37  0.42 14.89 293.66  11.79  0.17 11.79 290.66  12.87  0.15 10.40 330.92   6.39
19890218 180000  9.4 217.7  2.59 12.60 223.81  22.15  5  1.99  8.45 220.54  22.19  1.60 12.59 224.21  11.09  0.40 14.93 293.41  12.19  0.17 11.79 296.12  11.62  0.14 10.32 332.09   5.15
19890218 210000  9.8 212.2  2.82 12.60 222.44  22.31  5  2.21  8.15 220.29  23.25  1.69 12.59 222.34  11.40  0.37 14.77 292.93  12.85  0.18 11.80 295.11  11.68  0.14 10.28 332.18   4.98
19890219 000000 10.1 198.7  3.00 12.66 220.56  22.84  5  2.34  8.14 218.56  24.74  1.83 12.61 220.86  11.79  0.34 14.44 292.78  13.30  0.18 11.77 292.32  12.97  0.13 10.12 332.02   5.08
19890219 030000  9.1 196.9  3.11 12.88 219.33  22.84  5  2.41  8.41 217.26  25.31  1.92 12.70 220.08  11.59  0.33 14.10 292.48  13.09  0.17 11.77 295.11  12.06  0.13 10.00 332.05   5.10
19890219 060000  7.2 191.4  3.15 13.16 219.53  22.35  3  3.13 12.85 218.63  20.64  0.37 14.08 292.74  13.10  0.12 10.08 332.47   4.97
19890219 090000  8.1 189.6  3.12 13.24 220.15  21.88  3  3.10 12.97 219.22  20.08  0.38 14.21 292.86  12.69  0.11 10.13 332.39   4.96
19890219 120000 10.2 185.6  3.13 13.24 219.98  22.05  3  3.10 12.98 219.01  20.23  0.39 14.26 292.16  12.70  0.11 10.15 332.08   5.09
19890219 150000 10.9 205.8  3.19 13.20 220.31  21.69  3  3.16 12.91 219.42  20.00  0.38 14.26 292.07  12.65  0.10 10.14 331.72   5.61
19890219 180000 11.8 217.6  3.35 13.18 221.13  21.67  3  3.33 12.95 220.40  20.34  0.36 14.23 292.58  12.11  0.10 10.02 332.00   5.25
19890219 210000 10.7 211.1  3.29 13.19 221.96  22.23  4  2.73  8.91 221.15  24.30  1.80 13.03 221.60  10.42  0.35 14.19 291.54  13.24  0.09  9.72 332.20   4.89
19890220 000000  9.9 204.2  3.08 13.19 221.67  22.69  4  2.61  8.62 220.84  24.61  1.60 13.08 221.60  10.41  0.31 14.01 290.70  13.76  0.08  9.61 332.17   4.99
19890220 030000  6.5 200.3  2.91 13.16 221.48  22.67  4  2.49  8.51 220.28  24.37  1.48 13.07 222.15   9.80  0.31 13.81 291.35  13.64  0.08  9.57 332.21   4.98
19890220 060000  6.8 203.4  2.84 13.05 222.02  22.11  4  2.46  8.72 220.83  23.36  1.39 12.93 222.85   9.96  0.30 13.69 291.90  13.27  0.08  9.52 332.17   5.08
19890220 090000  4.7 199.4  2.86  9.27 222.79  21.29  4  2.49  9.27 222.30  22.26  1.37 12.78 221.53   9.82  0.31 13.61 292.18  12.40  0.07  9.46 331.99   5.37
19890220 120000  8.7 189.1  2.89  9.66 222.30  21.04  3  2.51  9.66 222.01  21.72  1.40 12.66 220.36  11.37  0.32 13.53 293.10  14.98
19890220 150000  8.7 207.0  2.86 12.65 221.64  20.73  4  2.44  9.60 220.91  21.73  1.46 12.60 221.02  10.77  0.32 13.47 291.61  14.97  0.06 20.39 245.25   9.96
19890220 180000 11.2 216.7  2.98 12.60 221.30  20.76  4  2.56  9.24 220.42  21.89  1.48 12.56 221.47  10.54  0.31 13.48 291.67  14.41  0.07 20.33 244.89   9.89
19890220 210000 11.7 208.3  3.24 12.50 220.57  21.70  2  3.23 12.45 220.08  20.89  0.30 13.40 290.16  14.84
19890221 000000  7.8 202.3  3.24  8.69 219.66  22.68  5  2.74  8.69 218.46  24.87  1.70 12.37 220.95  11.11  0.27 13.37 291.63  13.39  0.12 19.07 245.01   7.91  0.06 16.68 299.81   9.77
19890221 030000  7.5 197.1  2.98 12.47 219.37  21.97  5  2.31  8.55 218.72  25.70  1.86 12.41 218.94  10.75  0.27 13.33 290.48  13.99  0.14 19.04 244.56   8.17  0.07 16.61 300.53   9.80
19890221 060000  9.0 198.5  2.76 12.60 218.50  20.88  6  1.89  8.17 217.11  26.05  1.71 12.54 221.40  11.32  1.01 14.96 210.43   8.51  0.26 13.19 290.12  14.27  0.14 19.03 243.72   9.07  0.06 16.62 300.43  10.33
19890221 090000  7.9 186.8  2.62 12.83 217.73  20.36  4  1.66  7.70 216.11  26.73  2.00 12.80 217.51  11.27  0.27 13.04 290.35  14.17  0.21 17.91 243.85   9.54
19890221 120000  7.4 186.7  2.49 13.46 217.91  19.72  4  1.50  7.43 217.44  26.46  1.96 13.64 216.70  10.97  0.27 12.91 290.15  13.97  0.26 17.80 244.27   9.30
19890221 150000  7.9 219.6  2.37 13.41 218.67  18.92  4  2.34 13.47 217.64  17.29  0.26 17.80 243.81   8.58  0.25 12.82 289.19  13.92  0.09 15.68 299.39   9.59
19890221 180000  6.5 221.1  2.29 13.27 219.59  19.01  4  2.26 13.32 218.49  17.32  0.27 17.69 243.58   9.24  0.25 12.74 289.20  13.59  0.10 15.58 297.02  12.22
19890221 210000  6.0 234.6  2.17 13.08 220.74  19.26  5  1.12  6.69 224.01  26.70  1.80 13.14 217.60  11.58  0.36 16.71 241.87   9.65  0.24 12.70 288.89  13.62  0.10 15.55 298.53  10.86
19890222 000000  4.0 157.7  2.07 12.85 221.44  19.66  3  2.01 12.88 219.58  17.67  0.42 16.65 242.38   9.37  0.26 12.67 290.54  13.60
19890222 030000  3.2 230.5  1.94 12.71 221.95  19.57  3  1.87 12.71 219.82  17.27  0.42 16.65 243.34   9.02  0.26 12.64 290.38  13.82
19890222 060000  6.2 187.5  1.83 12.57 221.70  19.96  3  1.77 12.57 219.52  17.54  0.40 16.66 242.59   9.86  0.26 12.59 290.21  14.09
19890222 090000  5.9 184.8  1.75 12.46 221.69  20.59  5  1.69 12.45 219.25  17.99  0.38 15.56 245.32   7.25  0.22 12.55 288.60  14.01  0.11 14.81 296.46  10.16  0.05 19.13 303.52  10.32
19890222 120000  9.2 181.1  1.75 15.47 220.29  22.45  5  1.67 12.34 217.01  19.81  0.47 15.53 245.15   7.38  0.21 12.49 288.11  14.09  0.12 14.63 294.44  12.37  0.06 19.12 303.38  10.47
19890222 150000  9.3 201.9  1.82 15.46 219.27  22.69  7  1.01  4.45 208.36  29.08  1.40 12.21 219.19  11.44  0.50 15.51 245.60   7.53  0.21 12.48 287.08  14.67  0.13 14.59 296.12  10.80  0.10 13.54 245.00   0.02  0.06 19.10 303.75  10.50
19890222 180000 13.8 210.3  2.26 15.32 218.58  23.82  5  2.19 12.08 216.45  22.43  0.50 15.54 244.87   7.75  0.20 12.51 288.11  14.19  0.12 14.58 296.07  11.07  0.07 19.09 303.87  10.60
19890222 210000 13.5 207.4  2.70  6.48 217.26  25.03  5  2.67  6.48 216.30  24.17  0.32 14.59 250.36   5.63  0.19 12.46 288.59  14.07  0.12 14.54 298.35   9.95  0.08 18.83 303.40  10.70
19890223 000000 13.7 198.8  2.91  7.02 214.51  25.17  7  2.72  7.02 212.66  25.23  0.91 14.53 219.37  11.30  0.35 14.49 248.99   5.27  0.20 12.71 245.81   8.52  0.18 12.17 284.86  16.00  0.14 14.35 297.18  10.86  0.09 18.03 302.63  11.13
19890223 030000 12.6 186.8  3.06  7.58 212.09  25.87  6  2.94  7.58 210.22  25.39  0.69 15.50 221.88  10.56  0.41 14.54 248.87   5.10  0.21 12.51 291.09  14.21  0.18 12.73 250.49   5.50  0.09 17.95 302.74  10.85
19890223 060000 10.9 177.8  3.04 14.59 212.76  25.36  6  2.59  7.98 209.07  27.35  1.54 14.86 218.91  11.40  0.38 14.49 249.88   6.25  0.19 11.97 294.52  12.31  0.07 17.92 305.17  10.13  0.06 20.36 299.21  11.32
19890223 090000  9.2 177.6  3.27 14.52 216.03  22.03  3  2.35  8.29 211.68  26.68  2.26 14.53 220.05  13.38  0.16 13.96 300.69  11.82
19890223 120000  7.7 181.8  3.60 14.33 218.89  19.41  1  3.60 14.33 218.89  19.41
19890223 150000  9.6 198.8  3.70 14.07 221.19  18.42  1  3.70 14.07 221.19  18.42
19890223 180000 11.3 214.0  3.72 13.77 223.00  18.36  2  3.72 13.77 222.92  18.16  0.14 18.95 303.50  10.35
19890223 210000 12.1 206.9  3.81 13.63 223.51  19.45  2  3.81 13.63 223.43  19.27  0.14 18.93 303.17  10.24
19890224 000000 10.2 199.3  3.80 13.53 223.40  20.63  4  2.41  8.09 217.75  26.76  2.94 13.53 226.61  13.36  0.14 18.88 303.37   9.96  0.14 13.48 298.87  10.93
19890224 030000  8.1 184.0  3.71 13.41 223.52  20.99  4  2.44  8.51 217.93  26.58  2.79 13.41 227.14  13.40  0.14 18.75 303.03  10.06  0.14 13.42 298.75  11.02
19890224 060000  7.3 198.2  3.53 13.24 224.35  20.46  3  3.52 13.24 224.15  20.07  0.15 18.10 301.88  10.17  0.14 13.37 298.52  11.02
19890224 090000  5.8 181.6  3.33 13.00 225.23  19.85  3  3.32 13.00 224.96  19.33  0.17 17.84 301.44   9.96  0.15 13.30 297.90  11.56
19890224 120000  7.9 184.5  3.15 12.86 225.89  19.44  3  3.14 12.86 225.54  18.74  0.20 17.78 300.55  10.91  0.15 13.21 297.86  12.46
19890224 150000  7.8 209.1  3.03 12.77 226.27  19.08  3  3.01 12.77 225.86  18.23  0.21 17.74 300.72  11.46  0.14 12.99 298.13  12.60
19890224 180000 10.4 217.2  3.03 12.72 226.14  19.17  3  3.02 12.72 225.72  18.30  0.22 17.71 301.31  11.24  0.14 12.87 295.69  14.26
19890224 210000  9.6 213.9  3.08 12.75 225.75  19.92  3  2.14  8.51 222.15  24.20  2.21 12.75 228.37  12.70  0.21 17.64 301.69  10.91
19890225 000000  9.9 211.8  3.14 12.93 224.91  20.66  3  2.23  8.22 221.75  25.21  2.20 12.93 227.39  12.40  0.21 17.40 301.04  11.04
19890225 030000  6.7 194.9  3.13 13.27 224.34  21.04  3  2.26  8.21 221.54  25.47  2.16 13.27 226.53  12.44  0.23 16.78 300.36  11.02
19890225 060000  7.3 191.3  3.05 13.50 224.52  20.50  3  2.09  8.35 222.03  25.43  2.21 13.50 225.78  12.26  0.26 16.65 300.00  11.07
19890225 090000  6.3 190.7  2.96 13.87 224.61  19.83  4  2.25 13.88 224.76  11.37  1.89  8.40 222.75  25.27  0.29 16.61 300.42  11.02  0.12 12.57 301.12  15.07
19890225 120000  5.0 184.6  2.87 14.21 224.87  18.98  4  2.30 14.20 224.92  11.62  1.68  8.23 222.53  24.58  0.30 16.59 300.70  11.21  0.13 12.43 300.64  16.44
19890225 150000  6.3 233.6  2.79 14.10 225.25  18.29  4  1.60  8.25 224.06  23.58  2.26 14.09 224.70  11.32  0.30 16.56 301.14  11.28  0.12 12.39 303.29  15.42
19890225 180000  7.5 230.7  2.73 13.84 225.59  18.11  2  2.71 13.81 224.90  16.43  0.30 16.51 302.39  11.72
19890225 210000  5.4 217.1  2.64 13.66 225.72  18.18  3  2.13 13.64 224.99  11.23  1.53  8.19 225.07  23.52  0.29 16.32 301.48  12.69
19890226 000000  5.4 142.9  2.55 13.56 225.51  18.77  5  2.07 13.55 224.92  10.93  1.46  8.05 223.91  24.43  0.29 15.72 299.10  12.57  0.12 11.91 305.08  16.61  0.07 21.84 297.43  10.07
19890226 030000  7.0 204.7  2.48 13.54 225.64  19.05  5  1.41  7.92 222.96  23.92  2.01 13.53 225.14  10.77  0.32 15.56 299.15  12.00  0.13 11.84 301.60  19.04  0.08 21.76 297.42  10.56
19890226 060000  9.1 191.4  2.47 13.63 224.69  20.64  5  1.41  7.67 218.35  25.74  1.99 13.60 225.51  10.81  0.36 15.53 299.17  12.18  0.12 11.77 304.49  18.45  0.09 21.62 297.65  10.27
19890226 090000  8.9 182.3  2.47 14.64 223.47  22.40  6  1.49  7.65 214.82  27.36  1.83 14.11 225.55  10.96  0.64 18.75 226.49   9.49  0.37 15.51 299.37  12.35  0.12 11.73 305.36  18.60  0.10 21.13 297.63  10.10
19890226 120000  9.7 185.6  2.47 14.63 223.30  22.62  6  1.51  7.48 214.68  27.61  1.75 14.27 225.22  10.68  0.78 18.52 228.09   9.88  0.36 15.49 299.53  12.55  0.12 20.53 297.43   9.99  0.12 11.70 306.29  18.76
19890226 150000  6.5 204.0  2.45 17.68 224.69  21.11  6  1.41  7.28 217.65  27.16  1.71 14.34 225.65  10.45  0.97 18.03 226.76   9.34  0.34 15.46 299.93  12.70  0.14 20.42 297.56  10.13  0.11 11.66 305.77  19.00
19890226 180000  8.5 220.2  2.51 17.43 226.06  19.14  4  1.43  7.16 222.19  24.64  2.03 17.44 226.13  10.11  0.32 15.37 301.00  13.54  0.15 20.35 297.84  10.33
19890226 210000  8.5 209.3  2.69 15.81 226.04  18.85  4  1.55  6.88 222.13  24.50  2.17 17.21 226.35  10.00  0.32 14.90 299.79  14.04  0.17 20.24 298.09  10.36
19890227 000000  9.7 201.2  2.94 14.83 225.19  20.03  4  1.83  6.94 220.15  25.19  2.27 16.25 226.55  10.08  0.34 14.60 299.64  13.71  0.19 19.86 297.65  10.16
19890227 030000  7.8 196.8  3.06 14.67 225.04  21.14  4  1.91  7.23 218.71  26.31  2.35 16.20 226.97  10.39  0.37 14.53 300.03  12.52  0.22 19.23 297.32  10.06
19890227 060000  8.4 197.8  3.03 14.63 225.53  21.32  4  1.83  7.32 218.29  26.44  2.37 14.83 227.34  10.73  0.39 14.51 299.89  12.59  0.25 19.10 297.58  10.01
19890227 090000  6.7 192.3  2.94 14.62 226.55  20.98  4  1.62  7.28 217.99  26.61  2.40 14.80 227.99  11.18  0.39 14.50 299.82  12.83  0.26 19.05 297.92  10.25
19890227 120000  5.8 192.2  2.86 14.73 227.82  20.11  4  2.42 15.08 228.53  11.68  1.44  7.34 219.48  25.88  0.37 14.49 300.51  12.92  0.28 18.98 298.18  10.17
19890227 150000  6.0 213.6  2.84 14.90 228.68  19.27  3  2.80 15.12 227.22  16.16  0.34 14.45 301.20  12.74  0.30 18.78 297.56  10.22
19890227 180000  7.4 221.8  2.89 14.82 229.25  18.87  3  2.85 15.03 227.81  15.77  0.34 18.18 297.31  10.02  0.32 14.36 301.81  12.51
19890227 210000  8.1 213.0  2.99 14.62 229.49  19.13  3  2.95 14.73 228.02  16.07  0.37 17.92 297.51  10.19  0.31 13.96 301.18  12.84
19890228 000000  5.5 203.2  3.06 14.49 229.49  19.56  3  3.02 14.58 228.03  16.60  0.38 17.85 297.71  10.46  0.31 13.70 301.47  12.31
19890228 030000  5.2 200.7  3.11 14.40 229.62  19.58  3  3.07 14.48 228.17  16.63  0.38 17.80 298.24  10.28  0.32 13.63 301.25  12.27
19890228 060000  4.8 194.7  3.11 14.29 229.60  19.51  3  3.07 14.37 228.12  16.49  0.39 17.72 298.28  10.10  0.32 13.61 301.17  12.22
19890228 090000  4.0 199.4  3.11 14.18 229.45  19.45  3  3.07 14.26 227.90  16.26  0.41 17.52 297.81  10.13  0.32 13.59 301.28  12.26
19890228 120000  2.9 215.9  3.13 14.10 229.29  19.37  3  3.08 14.17 227.66  15.97  0.43 17.02 297.89  10.27  0.30 13.56 301.53  12.46
19890228 150000  4.1 242.3  3.12 13.94 229.10  19.24  3  3.08 14.07 227.42  15.68  0.46 16.79 297.79  10.93  0.29 13.53 302.00  12.44
19890228 180000  7.0 233.0  3.10 13.82 228.80  19.06  3  3.06 13.90 227.16  15.46  0.46 16.72 298.15  11.00  0.27 13.49 302.70  12.34
19890228 210000  6.1 211.8  3.10 13.90 227.93  18.85  3  3.06 13.98 226.36  15.30  0.45 16.67 298.58  10.73  0.25 13.44 303.40  12.31
19890301 000000  6.0 198.7  3.18 14.56 226.67  18.40  3  3.14 14.51 225.20  14.90  0.45 16.60 297.99  11.49  0.24 13.33 303.81  12.67
