Date     Time   Uabs UDir  hs    tp    th     sp     np hs(i) tp(i) th(i)  sp(i)
20040401 000000  5.2 335.0  1.47 19.26 285.82  43.09  8  1.20  7.18 302.79  31.67  0.53 12.65 208.19  11.20  0.41 19.41 237.92   7.73  0.30 12.46 315.72   8.71  0.25 15.62 225.40   7.17  0.25 14.79 305.26  14.54  0.18 18.15 311.01   8.21  0.13  9.18 332.85   4.80
20040401 030000  3.3 341.6  1.53 18.89 279.28  40.33  8  1.21  7.31 296.43  29.79  0.53 19.05 237.56   7.92  0.46 12.44 207.01  10.37  0.38 14.75 225.88   8.02  0.28 12.36 315.89   8.47  0.28 14.52 304.97  14.54  0.22 17.87 311.20   8.23  0.16  9.29 331.13   6.25
20040401 060000  1.8   6.8  1.57 18.17 272.02  38.82  8  1.18  7.32 291.99  28.99  0.65 18.33 237.69   7.77  0.50 14.24 227.19   7.80  0.42 12.22 206.24   9.06  0.29 12.32 316.42   8.69  0.28 14.48 304.91  13.95  0.23 17.84 311.64   8.48  0.14  9.37 332.48   5.31
20040401 090000  1.8   1.1  1.62 17.98 265.24  37.15  8  1.14  7.34 288.39  28.66  0.77 18.03 237.45   7.82  0.60 13.52 227.48   8.37  0.36 12.31 204.85   8.07  0.28 12.26 316.04   8.59  0.27 14.46 304.97  13.69  0.22 17.81 311.65   8.53  0.13  9.39 331.12   6.73
20040401 120000  1.6 259.5  1.67 17.59 259.69  35.05  6  1.09  7.34 285.47  27.95  0.89 17.59 237.52   7.71  0.77 12.75 224.34  12.51  0.33 12.19 318.27  10.44  0.24 14.52 304.06  14.45  0.23 17.67 311.86   8.19
20040401 150000  4.3 220.7  1.74 16.96 255.03  32.93  6  1.06  7.33 280.91  29.12  1.01 16.98 237.26   7.81  0.81 12.31 227.07  12.45  0.31 12.16 318.16  10.85  0.27 16.86 311.80   8.18  0.24 14.44 306.15  13.77
20040401 180000  7.5 208.8  1.84 16.77 249.91  31.23  7  1.10 16.79 237.21   7.77  1.06  7.26 271.02  34.19  0.92 11.83 229.87  12.42  0.31 16.71 312.05   8.18  0.25 11.95 316.47   9.00  0.25 14.08 307.62  10.56  0.12  9.01 331.82   6.15
20040401 210000  8.0 199.8  1.99 16.44 244.72  29.69  6  1.07  7.17 257.47  39.62  1.20 16.34 237.01   7.92  1.06 11.43 232.68  12.31  0.35 13.52 311.52  11.28  0.33 16.68 312.19   8.24  0.12  9.03 331.81   5.67
20040402 000000  6.0 198.4  2.08 16.02 242.37  27.24  6  0.44  3.45 186.25  28.30  1.52 11.05 244.55  24.55  1.26 15.88 236.92   7.99  0.34 13.48 311.75  10.35  0.32 16.69 312.33   8.36  0.11  9.11 331.78   5.35
20040402 030000  6.3 188.0  2.13 15.76 241.38  25.24  4  1.62 10.83 239.90  26.09  1.31 15.70 236.70   8.13  0.33 13.47 313.71  11.00  0.32 16.64 311.72   8.94
20040402 060000  6.3 185.1  2.15 15.45 240.88  24.59  4  1.58 10.62 239.24  25.38  1.38 15.41 236.49   8.35  0.34 15.99 312.48   8.31  0.33 13.48 312.95  11.29
20040402 090000  5.0 179.8  2.12 15.22 241.18  24.21  4  1.52 10.42 239.52  24.11  1.39 15.09 236.19   8.45  0.38 15.69 312.58   8.29  0.31 13.47 312.90  11.13
20040402 120000  5.4 203.9  2.09 15.02 241.57  23.48  4  1.47 14.77 235.70   9.20  1.39 10.30 240.85  22.63  0.41 15.64 312.55   8.22  0.30 13.35 313.15  11.16
20040402 150000  6.3 211.4  2.08 14.74 240.71  23.20  4  1.50 14.57 234.99   9.79  1.35 10.21 240.14  21.99  0.41 15.64 312.64   8.24  0.29 13.18 312.96  10.89
20040402 180000  8.0 212.4  2.18 14.51 237.99  23.32  5  0.66  3.55 222.13  31.15  1.64 14.40 233.20  11.19  1.18 10.06 241.82  18.28  0.41 15.65 311.93   8.67  0.27 12.50 314.83   9.46
20040402 210000  8.3 207.7  2.37 14.30 234.46  23.36  5  0.85  4.20 223.10  31.89  1.78 14.22 230.15  11.94  1.22 10.11 239.09  17.13  0.41 15.61 311.93   8.99  0.27 12.56 313.56  10.34
20040403 000000  5.6 199.0  2.49 14.20 232.55  22.65  4  2.44 14.08 230.04  17.19  0.42 15.31 312.66   8.47  0.27 12.57 312.90  10.61  0.09 19.06 304.15   9.51
20040403 030000  4.4 187.1  2.55 14.18 231.83  21.85  4  2.49 14.01 229.34  15.99  0.44 14.81 312.76   8.37  0.26 12.57 312.35  10.72  0.09 19.03 304.60   9.49
20040403 060000  6.6 183.1  2.55 14.15 231.38  21.80  4  2.50 13.90 228.88  15.85  0.45 14.71 312.84   8.22  0.25 12.53 311.76  11.18  0.09 19.01 304.81   9.46
20040403 090000  6.0 180.7  2.56 14.03 230.94  21.96  3  2.51 13.72 228.49  16.18  0.51 14.68 312.49   9.05  0.09 18.98 305.33   9.42
20040403 120000  6.4 185.6  2.60 13.72 230.69  21.65  2  2.54 13.59 228.34  16.02  0.51 14.65 312.28   9.03
20040403 150000  6.3 194.6  2.64 13.50 230.81  21.39  2  2.59 13.43 228.53  15.86  0.51 14.61 312.08   9.12
20040403 180000  6.9 208.5  2.65 13.32 231.53  21.02  3  2.60 13.26 229.27  15.49  0.49 14.53 312.57   8.82  0.14 17.84 304.83   9.29
20040403 210000  7.0 210.9  2.69 13.22 232.09  20.73  4  2.64 13.11 229.95  15.52  0.45 14.38 312.37   8.69  0.19 11.72 313.43   9.19  0.14 17.81 305.04   9.41
20040404 000000  5.9 202.0  2.77 13.24 232.33  20.45  4  2.73 13.06 230.38  15.70  0.44 14.20 312.66   8.48  0.20 11.73 312.11   9.78  0.13 17.78 305.29   9.39
20040404 030000  5.8 189.0  2.84 13.25 232.59  20.33  4  2.80 13.06 230.77  15.92  0.43 13.99 312.90   8.51  0.21 11.81 311.12   9.41  0.13 17.77 305.86   9.31
20040404 060000  7.0 188.3  2.85 13.14 232.95  20.69  2  2.81 12.95 231.15  16.49  0.50 13.85 312.05   8.91
20040404 090000  4.8 169.4  2.78 12.96 234.00  20.94  2  2.73 12.81 232.07  16.62  0.50 13.77 311.74   9.08
20040404 120000  4.3 214.8  2.68 12.91 235.30  20.76  3  2.63 12.75 233.23  16.13  0.46 13.71 312.62   8.75  0.19 16.71 305.24   8.87
20040404 150000  2.5 207.0  2.60 12.94 236.30  20.57  3  2.55 12.75 234.14  15.74  0.46 13.67 312.67   8.72  0.19 16.67 305.26   9.22
20040404 180000  5.8 230.2  2.53 12.83 237.02  20.47  3  2.49 12.69 234.83  15.59  0.45 13.62 312.69   8.69  0.18 16.66 305.66   9.61
20040404 210000  5.4 215.3  2.47 12.72 237.47  20.67  3  2.43 12.62 235.28  15.91  0.45 13.56 312.74   8.69  0.16 16.64 306.36   9.60
20040405 000000  3.9 199.0  2.39 12.69 238.01  20.79  3  2.34 12.60 235.77  15.97  0.44 13.47 312.91   8.66  0.16 16.59 305.79   8.74
20040405 030000  2.6 265.1  2.30 12.70 238.80  20.86  3  2.25 12.59 236.38  15.70  0.44 13.38 312.79   8.57  0.16 16.58 304.55   9.55
20040405 060000  2.2 226.7  2.21 12.77 239.80  21.20  3  2.15 12.59 237.03  15.46  0.42 13.30 313.42   8.57  0.23 15.74 305.86   8.68
20040405 090000  0.8 223.0  2.12 13.04 240.88  21.69  3  2.06 12.78 237.71  15.30  0.43 13.30 313.41   8.50  0.23 15.64 305.98   8.93
20040405 120000  1.6 225.1  2.04 13.21 241.77  21.96  3  1.98 13.19 238.34  15.14  0.44 13.28 313.51   8.51  0.23 15.60 306.06   9.04
20040405 150000  2.4 217.1  1.99 13.21 242.27  21.85  3  1.93 13.21 238.82  15.01  0.43 13.24 313.43   8.51  0.22 15.58 306.59   9.27
20040405 180000  5.1 234.6  1.98 13.18 242.31  21.49  3  1.92 13.19 239.13  15.14  0.41 13.09 313.23   8.52  0.21 15.57 307.22   9.46
20040405 210000  3.7 225.6  2.00 13.13 242.34  21.04  3  1.95 13.17 239.49  15.34  0.40 12.86 313.06   8.52  0.19 15.55 307.63   9.46
20040406 000000  3.1 157.2  2.07 13.03 242.30  20.52  3  2.02 13.13 239.72  15.22  0.39 12.76 313.05   8.72  0.20 15.49 307.59   8.71
20040406 030000  4.6 181.6  2.20 13.09 241.75  20.67  2  2.15 13.27 239.34  15.84  0.45 12.73 311.73   9.20
20040406 060000  4.9 177.4  2.35 14.00 241.16  20.68  3  2.31 13.90 238.90  16.16  0.37 12.65 314.58   8.27  0.28 14.64 306.19   8.83
20040406 090000  6.2 166.5  2.60 14.00 239.51  20.94  3  2.55 13.91 237.60  17.18  0.35 14.40 308.73   9.34  0.31 12.49 315.05   8.20
20040406 120000  5.8 176.1  2.91 13.82 238.12  20.41  3  2.87 13.78 236.70  17.52  0.36 12.64 314.55   8.18  0.28 14.56 306.67   8.85
20040406 150000  6.9 195.2  3.10 13.67 238.06  19.41  3  3.07 13.65 236.95  17.05  0.31 12.50 313.33   8.43  0.30 14.46 309.61   9.44
20040406 180000 11.3 206.6  3.21 13.54 237.73  19.76  4  0.85  3.72 216.16  33.15  3.07 13.53 238.16  15.20  0.32 12.55 313.47   8.34  0.24 14.56 308.29   9.32
20040406 210000 13.0 202.5  3.37 13.42 234.72  22.94  4  1.47  4.97 213.38  32.10  3.01 13.42 238.14  15.06  0.32 12.47 313.32   8.31  0.23 14.54 308.61   9.48
20040407 000000 10.6 189.2  3.49 13.28 231.26  25.53  4  1.94  6.27 211.03  31.44  2.87 13.29 238.21  14.42  0.31 12.41 313.29   8.55  0.22 14.48 309.21   8.50
20040407 030000 11.6 186.3  3.38 13.09 230.48  26.27  3  3.36 13.10 229.67  25.01  0.29 12.32 313.71   8.30  0.26 14.26 308.89   9.19
20040407 060000 12.6 184.2  3.30 12.91 228.78  27.21  4  1.86  6.39 203.52  30.73  2.70 12.90 237.87  14.37  0.38 13.76 311.27   9.03  0.07 17.80 310.90   6.91
20040407 090000 10.2 177.9  3.17 12.81 228.52  27.22  4  1.87  6.99 207.07  32.36  2.54 12.79 237.14  13.54  0.37 13.60 310.98   9.13  0.08 17.70 309.52   7.63
20040407 120000 10.7 174.4  3.03 12.75 228.37  27.04  4  3.00 12.72 227.47  25.66  0.28 13.60 308.21   8.90  0.21 11.79 315.04   8.43  0.09 17.44 308.61   8.01
20040407 150000 10.5 187.4  2.95 12.68 227.00  26.85  4  2.93 12.66 226.11  25.45  0.27 13.55 309.13   9.59  0.20 11.74 313.94   8.14  0.12 16.93 306.83   9.21
20040407 180000 12.4 204.2  3.03 12.58 225.48  25.49  5  3.01 12.57 224.71  24.13  0.23 13.59 308.07   9.37  0.21 11.81 314.75   7.93  0.11 16.79 308.97   7.87  0.07 21.79 296.60  11.65
20040407 210000 14.7 203.9  3.42 12.47 223.89  25.11  5  3.40 12.46 223.32  24.07  0.22 13.57 308.66   9.07  0.20 11.78 314.52   8.03  0.11 16.74 308.88   8.12  0.08 21.77 296.50  12.40
20040408 000000 10.9 182.6  3.42 12.31 223.00  26.59  6  2.71  7.92 216.44  28.87  2.06 12.32 231.82  14.67  0.22 13.53 308.74   9.09  0.19 11.72 313.48   9.10  0.12 16.57 309.17   8.30  0.08 21.76 295.94  13.49
20040408 030000 12.6 189.3  3.14 12.09 221.28  27.31  6  2.40  7.85 212.92  29.95  2.00 12.09 230.46  14.57  0.21 13.50 308.83   8.66  0.18 11.72 312.72   9.51  0.14 16.10 308.08   9.20  0.08 21.70 295.86  12.63
20040408 060000 13.2 182.0  3.00 11.96 217.72  28.51  6  2.33  7.35 208.46  30.48  1.85 11.95 228.80  14.28  0.28 13.35 309.79   9.49  0.16 15.77 308.75   8.15  0.10 21.32 295.61  11.92  0.06 23.29 217.81   8.70
20040408 090000 11.5 176.4  2.83 11.90 216.29  29.36  6  2.24  7.28 208.14  31.80  1.70 11.88 226.20  13.18  0.27 12.93 309.57   9.62  0.18 15.69 307.99   8.28  0.12 20.47 295.67  11.75  0.07 23.17 217.74   8.27
20040408 120000 10.8 175.0  2.67 11.84 215.49  29.47  6  2.06  7.20 205.84  31.64  1.67 11.82 225.83  13.86  0.26 12.73 308.82  10.45  0.18 15.66 308.22   8.67  0.14 20.37 295.86  12.17  0.08 22.89 217.89   8.40
20040408 150000 10.4 187.9  2.53 11.71 216.07  28.42  6  1.90  7.01 207.14  31.37  1.64 11.69 224.03  12.84  0.25 12.69 308.74  10.37  0.18 15.60 308.51   8.79  0.15 20.35 295.85  12.74  0.10 22.01 217.80   8.38
20040408 180000 12.7 204.9  2.64 11.52 217.20  26.06  6  2.62 11.51 216.15  24.11  0.21 12.69 306.48   9.97  0.18 15.35 308.98   8.53  0.15 20.34 295.68  12.90  0.12 11.02 315.29   8.07  0.11 21.86 217.45   7.94
20040408 210000 12.3 203.7  2.83 11.27 218.97  25.82  5  2.81 11.27 218.03  24.11  0.23 12.68 308.89  10.09  0.21 14.79 308.58   8.41  0.15 20.28 294.98  13.36  0.13 21.85 217.72   8.05
20040409 000000  7.8 193.4  2.76 11.11 220.46  26.67  6  2.32  7.42 218.75  27.97  1.45 11.11 220.86  14.06  0.23 14.69 308.26   8.22  0.22 12.65 308.88  10.43  0.17 19.90 295.17  11.91  0.14 21.81 217.66   8.11
20040409 030000  8.0 195.3  2.49 11.03 221.98  26.94  7  2.02  7.67 220.70  28.13  1.38 11.03 219.88  14.31  0.24 14.69 308.31   8.56  0.21 19.16 295.26  11.55  0.21 12.59 308.10  10.75  0.17 20.86 217.44   8.01  0.14 16.73 242.59   6.81
20040409 060000  8.4 195.9  2.28 11.00 222.14  27.35  7  1.78  7.54 219.91  28.05  1.33 10.99 220.29  15.84  0.25 19.06 295.12  11.99  0.24 14.72 308.36   8.93  0.21 21.16 217.77   8.12  0.20 12.54 308.02  10.50  0.20 16.38 240.15   7.31
20040409 090000  6.2 176.3  2.10 10.95 222.97  27.98  6  1.63  7.36 220.49  28.31  1.23 10.93 220.15  16.16  0.31 14.66 308.27   9.72  0.26 19.03 295.00  12.62  0.24 15.80 240.62   6.93  0.23 21.53 217.86   8.11
20040409 120000  5.7 178.1  1.93 10.89 224.97  28.05  7  1.46  7.30 222.96  27.73  1.13 10.87 219.99  16.56  0.29 15.50 239.51   7.52  0.26 21.48 218.08   8.54  0.25 14.39 308.26   9.32  0.25 19.02 294.77  13.05  0.19 12.12 308.78   9.72
20040409 150000  6.7 211.1  1.79 10.80 226.73  27.97  8  1.30  7.27 226.18  27.55  1.04 10.77 217.47  14.51  0.33 15.18 239.95   6.89  0.31 20.53 217.63   8.31  0.29 13.91 307.86   9.32  0.25  8.82 240.28   4.99  0.24 18.99 294.86  13.03  0.17 11.75 309.76   9.86
20040409 180000  7.6 208.0  1.76 10.62 227.35  28.14  7  1.33  8.21 226.69  26.55  0.93 10.61 216.30  13.85  0.41 14.53 237.42   8.33  0.36 20.33 217.90   8.14  0.29 13.78 307.35   9.44  0.26 18.82 294.91  12.39  0.16 11.74 311.32   8.70
20040409 210000  9.4 210.0  1.81 10.46 227.45  28.74  8  1.34  6.79 223.58  27.11  0.87 10.53 215.41  12.28  0.42  8.59 247.45   8.87  0.42 14.44 238.50   7.79  0.38 20.30 218.57   8.34  0.30 18.06 294.64  12.01  0.29 13.77 307.21   9.46  0.16 11.74 311.06   8.83
20040410 000000  7.4 200.7  1.87 13.70 226.48  30.27  7  1.46  6.17 221.85  28.58  0.76 10.50 214.18  11.73  0.52 13.75 231.58  12.95  0.40 20.09 218.35   8.35  0.37  9.47 247.69   6.99  0.36 17.86 294.71  11.95  0.33 13.82 307.85   9.71
20040410 030000  6.8 193.9  1.83 18.21 227.87  30.66  7  1.39  6.42 222.68  28.81  0.76 10.34 214.15  11.23  0.48 19.20 217.81   8.38  0.47 13.52 236.88   8.09  0.38 17.81 294.47  12.32  0.38  8.99 250.10   5.60  0.33 13.87 307.90   9.96
20040410 060000  8.6 189.3  1.80 18.36 226.77  31.36  7  1.35  6.45 220.06  29.55  0.68 10.26 213.95  11.35  0.52 13.37 231.80  12.58  0.52 19.03 218.35   8.10  0.39  8.77 251.17   6.66  0.38 17.80 293.91  12.89  0.33 13.79 308.14  10.04
20040410 090000  8.1 180.0  1.77 18.22 225.07  32.24  8  1.36  6.35 216.82  30.26  0.57 10.22 214.09  11.11  0.53 13.02 230.07  13.52  0.52 18.91 219.13   8.47  0.40  8.88 250.53   6.31  0.36 17.79 293.56  13.46  0.33 13.59 308.26  10.15  0.11 15.51 215.00   0.00
20040410 120000  7.2 176.7  1.73 17.96 225.05  32.14  7  1.33  6.39 217.09  30.27  0.57 18.34 218.17   8.51  0.52 12.68 229.73  13.48  0.52  9.99 214.71  11.63  0.37  8.82 251.60   6.43  0.35 17.75 293.74  13.21  0.33 13.36 308.37   9.92
20040410 150000  5.8 200.5  1.67 17.76 227.24  31.25  8  1.22  6.44 218.69  29.02  0.60 17.84 218.38   8.22  0.56 12.53 228.86  15.05  0.46 10.77 214.48  10.85  0.42  8.68 251.99   6.83  0.36 17.59 294.20  12.53  0.32 13.19 308.29   9.98  0.13 14.49 215.00   0.00
20040410 180000  8.6 212.7  1.71 17.51 228.79  30.21  7  1.22  6.35 219.91  26.91  0.71 12.37 226.17  15.69  0.67 17.66 217.76   8.44  0.46  8.69 251.37   8.01  0.40 16.96 294.50  12.04  0.31 13.10 308.26  10.06  0.16 14.49 215.00   0.02
20040410 210000  9.7 205.3  1.92 16.92 227.89  30.22  6  1.44  5.76 218.87  26.99  0.87 11.84 236.54  16.32  0.66 17.26 218.86   8.32  0.45 16.73 294.77  12.10  0.34 14.37 212.63   8.05  0.31 13.06 308.25  10.15
20040411 000000  6.7 191.3  2.01 16.72 229.08  30.80  6  1.48  6.11 219.16  28.56  0.93 11.58 240.35  14.65  0.67 16.81 218.89   8.52  0.48 16.68 294.45  12.37  0.45 14.25 213.64   8.06  0.31 13.03 308.40  10.31
20040411 030000  7.1 191.3  2.00 16.61 230.73  30.61  6  1.37  6.35 218.64  28.91  1.02 11.46 243.29  13.79  0.72 16.56 218.50   9.05  0.48 16.66 293.99  12.70  0.47 13.80 213.91   7.35  0.32 13.01 308.61  10.32
20040411 060000  6.5 191.5  1.96 16.51 231.46  30.31  7  1.22  6.29 216.32  29.38  1.03 10.53 247.73  10.39  0.77 16.28 217.11   8.37  0.57 13.41 215.27   7.87  0.47 16.65 293.64  13.01  0.32 12.97 308.56  10.54  0.24 21.58 233.70   6.79
20040411 090000  7.3 179.9  1.92 16.38 231.99  30.29  6  1.51 10.25 231.58  28.85  0.72 15.81 217.04   7.80  0.65 13.36 215.92   9.36  0.45 16.63 293.35  13.14  0.42 20.36 231.53   7.46  0.31 12.88 308.60  10.57
20040411 120000  6.2 177.5  1.86 16.22 233.25  30.35  6  1.40 10.19 234.12  29.98  0.68 13.16 215.13   8.74  0.67 15.68 217.27   7.70  0.57 20.04 231.82   7.85  0.44 16.57 293.54  12.84  0.30 12.73 308.34  10.68
20040411 150000  3.0 191.7  1.83 19.66 236.20  28.78  6  1.26 10.10 239.91  27.94  0.81 19.71 230.91   8.02  0.70 12.86 214.89   8.03  0.55 15.53 215.83   7.92  0.46 16.43 294.38  12.55  0.29 12.58 308.21  11.26
20040411 180000  8.1 230.5  1.91 19.21 237.94  26.69  6  1.21 10.00 244.10  24.82  1.00 19.26 231.91   7.94  0.67 15.38 216.47   7.65  0.64 12.53 216.47   9.52  0.50 15.97 294.73  12.41  0.28 12.45 309.13  10.35
20040411 210000  6.2 226.5  2.03 18.78 238.31  25.73  6  0.72  4.17 226.47  31.55  1.40 18.83 228.86   9.88  0.95  9.90 254.72  11.89  0.60 12.47 214.78   8.37  0.53 15.70 294.90  12.16  0.27 12.36 309.44  10.31
20040412 000000  3.6 219.6  2.11 18.10 238.22  24.33  5  1.60 18.16 229.67   9.31  1.07  9.77 248.91  23.83  0.59 12.42 215.67   9.09  0.55 15.64 294.76  12.26  0.28 12.31 309.34  10.47
20040412 030000  1.0 178.2  2.23 17.62 237.42  22.54  4  1.89 17.67 228.68   9.79  1.00  9.57 251.18  21.36  0.55 15.61 294.85  12.31  0.27 12.30 309.29  10.57
20040412 060000  1.5 245.4  2.38 16.91 236.49  20.84  4  2.07 17.00 229.00   9.41  0.99  9.27 251.39  18.89  0.54 15.60 294.61  12.46  0.28 12.26 309.18  10.95
20040412 090000  1.2 254.6  2.54 16.47 235.98  19.62  4  2.23 16.57 229.29   9.24  1.04  9.02 250.92  17.54  0.53 15.61 294.56  12.59  0.28 12.22 309.18  10.69
20040412 120000  1.5 224.7  2.66 16.09 235.87  18.95  3  2.34 16.19 229.69   9.19  1.12  9.05 249.56  17.97  0.59 15.61 298.15  13.37
20040412 150000  1.1 206.3  2.74 15.69 235.94  18.67  3  2.42 15.71 229.95   9.19  1.14  8.90 250.18  18.04  0.59 15.59 298.32  13.18
20040412 180000  3.9 215.3  2.78 15.44 235.99  18.65  3  2.46 15.44 230.02   9.31  1.16  8.81 250.45  18.07  0.59 15.47 298.37  13.04
20040412 210000  4.2 210.5  2.79 15.22 236.09  18.96  3  2.47 15.22 230.10   9.58  1.15  8.76 251.11  18.87  0.59 15.25 298.45  12.93
20040413 000000  3.3 181.2  2.77 14.93 236.47  19.25  2  2.71 14.92 233.95  14.35  0.60 15.00 298.71  12.74
20040413 030000  1.2 207.8  2.76 14.64 236.71  19.51  2  2.69 14.58 234.12  14.55  0.61 14.96 298.89  12.78
20040413 060000  1.6 196.7  2.81 14.51 236.28  19.57  5  2.74 14.44 233.72  14.64  0.56 14.95 296.73  12.14  0.23 11.61 311.42   9.55  0.08 20.29 304.36   7.71  0.07 24.92 305.53   8.56
20040413 090000  3.6 182.7  2.96 14.45 234.89  19.44  4  2.90 14.36 232.67  15.07  0.58 14.96 299.53  12.30  0.09 20.29 302.16   9.68  0.08 24.76 305.68   8.36
20040413 120000  7.5 195.8  3.21 14.39 232.80  19.64  4  3.16 14.28 231.00  16.10  0.56 14.88 299.65  12.21  0.10 23.76 305.25   8.54  0.08 20.28 304.65   8.02
20040413 150000  8.6 153.1  3.45 14.34 230.83  21.67  4  0.82  4.00 179.67  32.92  3.31 14.20 231.61  13.91  0.55 14.74 299.78  12.12  0.14 23.39 304.88   8.97
20040413 180000  8.9 166.9  3.59 14.25 230.47  21.87  4  0.90  4.28 177.84  31.16  3.43 14.09 231.79  13.65  0.54 14.59 299.88  12.08  0.16 23.32 305.57   9.09
20040413 210000  9.0 179.3  3.69 14.29 230.29  21.34  6  0.98  4.49 183.55  29.66  3.51 14.14 231.76  13.36  0.50 14.50 298.31  11.37  0.17 11.48 314.09   7.95  0.16 23.23 305.39   8.97  0.12 18.99 301.73   9.54
20040414 000000  8.3 173.3  3.76 14.48 230.23  20.40  6  0.93  4.50 185.82  29.81  3.60 14.51 231.23  13.24  0.49 14.44 298.51  11.39  0.19 22.68 305.25   8.73  0.17 11.48 313.88   8.22  0.14 18.96 302.12   9.61
20040414 030000  7.3 183.3  3.77 14.67 230.24  19.15  5  3.72 14.82 228.95  16.42  0.47 14.41 298.69  11.40  0.23 21.90 304.93   8.73  0.16 11.46 313.85   8.21  0.14 18.95 304.11   8.46
20040414 060000 11.5 194.5  3.81 15.05 228.68  19.43  5  0.99  4.16 194.88  28.33  3.64 15.32 229.53  13.13  0.47 14.37 300.36  12.01  0.26 21.81 304.84   9.01  0.14 18.95 302.14  10.43
20040414 090000 12.0 196.4  3.93 15.20 226.27  20.62  4  1.57  5.44 206.52  29.36  3.56 15.29 228.39  12.94  0.45 14.30 300.99  11.56  0.29 21.76 304.93   9.34
20040414 120000 11.6 188.5  3.95 15.05 224.64  21.66  3  3.91 15.12 223.57  19.53  0.42 14.18 301.06  11.58  0.32 21.58 304.96   8.98
20040414 150000  9.6 193.1  3.82 14.76 224.08  22.03  4  3.78 14.82 222.80  19.47  0.40 13.94 301.04  11.52  0.35 20.60 304.80   8.75  0.15 17.75 302.75   9.43
20040414 180000  8.9 186.1  3.64 14.60 224.33  21.86  4  3.59 14.64 222.71  18.49  0.41 20.41 304.53   9.08  0.39 13.76 301.16  11.59  0.20 17.74 301.11  10.65
20040414 210000 12.0 205.1  3.59 14.48 223.38  22.22  4  3.54 14.52 221.66  18.63  0.43 20.37 304.41   9.30  0.38 13.66 301.14  11.61  0.22 17.75 301.05  10.79
20040415 000000  9.4 184.6  3.52 14.32 222.64  23.24  3  3.47 14.37 220.88  19.77  0.48 20.30 303.78   9.83  0.36 13.60 300.57  12.20
20040415 030000 10.5 198.2  3.37 14.13 222.19  23.70  3  3.31 14.18 220.25  19.87  0.49 20.04 304.09   9.65  0.34 13.55 300.50  12.39
20040415 060000 10.5 191.9  3.23 13.88 221.82  24.78  3  3.17 13.96 219.49  20.31  0.53 19.19 304.32   9.34  0.33 13.50 300.75  12.32
20040415 090000  8.7 194.3  3.04 13.59 222.50  25.75  4  2.97 13.61 219.57  20.35  0.57 19.06 304.32   9.32  0.31 13.46 300.34  12.96  0.12 16.59 304.74   8.18
20040415 120000  8.4 201.7  2.85 13.35 223.72  26.18  4  2.77 13.35 220.27  19.94  0.56 19.03 304.14   9.40  0.30 13.41 301.24  11.97  0.21 16.69 303.37   9.47
20040415 150000  8.3 200.3  2.68 13.16 224.57  26.92  3  2.59 13.13 220.52  19.85  0.62 18.96 303.80   9.59  0.28 13.36 301.44  11.83
20040415 180000  9.3 197.1  2.59 12.77 224.79  28.04  3  2.49 12.73 220.19  20.40  0.64 18.80 303.74   9.81  0.27 13.30 301.61  11.80
20040415 210000 10.0 205.9  2.53 12.52 225.29  29.27  3  2.43 12.49 220.09  21.10  0.67 18.11 304.03   9.88  0.26 13.22 301.85  11.91
20040416 000000  8.1 196.3  2.46 12.33 225.91  30.59  4  1.71  6.99 221.81  27.93  1.61 12.28 218.42  12.42  0.69 17.83 304.34   9.87  0.25 13.05 301.93  12.54
20040416 030000  9.6 196.8  2.34 17.77 225.52  31.84  4  1.65  6.94 219.58  28.62  1.49 11.91 218.73  12.87  0.68 17.77 304.37   9.84  0.23 12.86 302.15  12.69
20040416 060000 10.9 189.8  2.26 17.72 223.54  33.39  5  1.64  6.57 215.10  29.80  1.38 11.72 218.89  12.65  0.68 17.73 304.24   9.65  0.22 12.73 302.43  12.50  0.06 21.95 216.31   7.40
20040416 090000  9.2 187.0  2.14 17.65 223.17  35.29  5  1.54  6.17 211.83  30.86  1.30 11.58 219.67  13.64  0.69 17.65 304.13   9.59  0.21 12.64 302.49  12.28  0.09 21.60 216.43   8.17
20040416 120000  8.9 198.2  2.00 17.50 224.94  36.85  5  1.38  5.88 210.43  31.14  1.24 11.28 220.50  14.34  0.71 17.49 304.18   9.70  0.20 12.59 302.41  12.10  0.12 20.54 215.98   7.95
20040416 150000 10.2 188.2  2.01 16.99 223.67  37.75  5  1.44  5.51 208.30  30.27  1.16 11.03 220.46  14.19  0.73 16.96 304.38   9.85  0.19 12.57 302.57  11.89  0.17 20.14 215.55   7.91
20040416 180000 11.0 198.3  2.06 16.70 223.50  36.78  4  1.91 10.88 214.03  25.31  0.73 16.68 304.46   9.98  0.23 19.03 215.14   7.89  0.19 12.57 303.37  11.95
20040416 210000 11.8 199.8  2.20 16.61 222.72  35.06  4  2.05  6.04 214.99  25.30  0.71 16.59 304.41  10.03  0.31 18.87 214.93   7.74  0.18 12.57 303.87  12.21
20040417 000000  9.8 191.8  2.26 16.58 221.92  34.87  5  1.89  6.42 213.75  28.73  0.93 10.50 219.77  12.66  0.69 16.53 304.25   9.93  0.40 18.54 214.86   7.80  0.17 12.56 304.38  12.28
20040417 030000  9.9 180.7  2.17 16.59 221.70  35.76  5  1.74  6.46 212.57  30.62  0.97 10.36 219.48  12.08  0.68 16.48 304.20   9.82  0.51 17.67 214.81   7.88  0.16 12.53 304.54  12.44
20040417 060000 10.6 177.6  2.20 16.55 219.67  35.48  5  1.65  6.31 208.02  31.52  1.12 10.31 221.17  12.76  0.67 16.41 304.33   9.80  0.62 17.57 214.79   8.04  0.15 12.44 304.36  12.46
20040417 090000 10.0 177.6  2.29 16.40 219.19  34.05  5  1.62  6.35 206.26  31.61  1.29 10.37 222.08  12.71  0.72 16.64 215.24   8.20  0.67 16.30 304.50   9.86  0.13 12.08 303.88  12.67
20040417 120000  7.7 179.0  2.38 16.31 219.96  31.94  5  1.57  6.50 206.49  31.06  1.43 10.50 223.65  13.01  0.85 16.42 215.08   8.49  0.65 16.08 304.60   9.99  0.12 11.87 305.03  11.34
20040417 150000  8.4 190.2  2.39 15.99 221.86  29.43  4  2.11 10.60 217.90  23.80  0.94 16.25 214.96   8.31  0.62 15.68 304.57  10.15  0.11 11.78 305.83  11.29
20040417 180000 11.4 207.2  2.54 15.39 221.64  27.17  4  2.24 10.67 218.53  22.22  1.02 15.28 215.98   9.85  0.59 15.52 304.42  10.19  0.11 11.80 306.46  11.20
20040417 210000 11.5 203.5  2.77 15.28 220.98  26.38  4  2.43 10.90 218.61  23.30  1.21 15.17 216.85  10.20  0.57 15.44 304.21  10.14  0.11 11.79 306.79  11.54
20040418 000000  8.2 192.6  2.76 15.14 221.42  26.70  5  1.98  6.97 217.61  28.00  1.37 11.48 221.62  12.04  1.24 14.37 218.11  11.76  0.55 15.39 303.92  10.30  0.10 11.80 306.10  12.64
20040418 030000 10.7 189.8  2.67 14.47 220.76  27.20  4  1.77  7.08 213.83  29.47  1.92 14.15 221.29  13.24  0.54 15.37 303.93  10.14  0.09 11.79 308.51  11.11
20040418 060000  8.8 180.1  2.55 14.29 220.32  27.78  4  1.78  6.98 214.01  29.68  1.75 14.13 220.72  12.18  0.53 15.34 303.93  10.15  0.08 11.75 308.51  10.92
20040418 090000  9.8 175.1  2.44 14.16 219.36  28.60  5  1.68  6.89 210.62  30.77  1.68 13.89 221.41  12.42  0.51 15.30 303.78  10.47  0.28 17.40 225.95   7.45  0.08 11.71 308.20  10.83
20040418 120000  9.7 171.4  2.39 13.66 217.41  29.56  4  1.68  6.67 206.80  31.44  1.61 13.44 221.91  12.31  0.49 15.20 303.84  10.54  0.24 16.84 227.32   7.69
20040418 150000  9.3 179.0  2.32 13.42 217.44  29.18  3  1.70  6.82 208.44  30.67  1.52 13.30 221.95  12.03  0.46 14.88 303.83  10.55
20040418 180000 11.8 202.3  2.44 13.31 217.68  26.95  3  2.39 13.21 215.61  23.43  0.43 14.59 303.85  10.47  0.19 15.51 225.00   0.00
20040418 210000 13.4 198.4  2.80 13.18 217.86  25.63  3  2.74 13.01 216.38  23.28  0.41 14.47 303.76  10.56  0.36 15.70 223.56   9.13
20040419 000000 12.5 180.5  3.07  7.85 216.68  26.94  4  2.72  7.85 213.38  27.05  1.32 12.66 224.01  12.26  0.39 14.42 303.86  10.41  0.30 15.93 226.07   8.94
20040419 030000 12.8 169.1  3.11  8.48 213.78  29.19  4  2.82  8.48 210.36  29.36  1.26 12.49 223.90  12.45  0.37 14.39 304.00  10.25  0.10 19.39 238.63   8.76
20040419 060000 12.1 173.2  3.00 12.47 213.85  28.54  3  2.68  8.82 210.11  28.88  1.31 12.44 223.46  12.83  0.36 14.37 303.72  10.48
20040419 090000 11.9 172.9  2.94 12.46 213.22  27.97  4  2.46  8.91 207.92  29.20  1.56 12.42 221.89  13.71  0.35 14.36 303.73  10.39  0.18 18.23 235.64   9.28
20040419 120000  9.8 179.7  2.83 12.40 214.58  26.70  4  2.26  9.36 209.45  28.84  1.67 12.36 220.42  13.88  0.33 14.35 303.72  10.41  0.18 18.09 236.30   9.72
20040419 150000 10.2 183.4  2.77 12.17 216.01  25.06  3  2.75 12.12 215.12  23.49  0.32 14.31 303.78  10.46  0.15 18.65 236.89   6.58
20040419 180000 11.2 201.9  2.80 11.88 217.59  23.09  3  2.79 11.86 216.90  21.64  0.29 14.22 303.94  10.58  0.05 21.75 305.54   8.75
20040419 210000 12.1 201.1  2.99 11.73 218.23  22.52  4  2.97 11.72 217.57  21.42  0.27 13.88 303.91  10.92  0.24 17.47 237.97   8.12  0.06 21.75 304.94   9.07
20040420 000000  9.3 195.9  3.00 11.58 218.97  23.08  4  2.98 11.57 218.40  22.20  0.25 13.60 304.56  10.29  0.23 16.97 239.91   6.95  0.05 21.74 304.93   9.35
20040420 030000  9.7 187.9  2.87 11.27 219.76  23.17  4  2.85 11.26 219.17  22.32  0.24 16.82 240.76   5.67  0.24 13.51 304.44  10.27  0.05 21.13 306.69   8.68
20040420 060000  9.3 180.9  2.74 11.08 219.97  23.40  3  2.73 11.07 219.48  22.45  0.23 13.49 304.37  10.07  0.08 20.36 307.02   8.14
20040420 090000  6.3 177.1  2.58 10.99 221.48  22.73  4  2.43 10.98 220.52  22.38  0.80 13.52 223.88  10.43  0.24 13.48 303.69  10.67  0.11 20.33 306.35   8.44
20040420 120000  8.7 197.1  2.43 10.97 222.11  21.95  4  2.21 10.83 221.28  21.95  0.98 12.83 222.06  10.51  0.23 13.47 303.71  10.64  0.11 20.33 305.56   9.02
20040420 150000  9.1 191.3  2.34 11.05 220.76  22.64  3  2.33 11.03 220.06  21.21  0.23 13.46 303.46  11.16  0.10 20.32 305.14   9.53
20040420 180000  8.3 210.4  2.23 11.20 221.39  22.35  3  2.22 11.16 220.69  20.93  0.22 13.44 302.96  12.46  0.09 20.26 305.80   9.75
20040420 210000  6.2 205.5  2.02 11.29 223.25  22.02  3  2.00 11.24 222.40  20.26  0.21 13.38 303.37  12.62  0.11 19.12 307.32   8.52
20040421 000000  3.1 233.9  1.81 11.32 225.22  21.70  4  1.78 11.24 223.96  19.12  0.21 13.23 303.91  12.81  0.16 19.00 306.94   8.49  0.12 20.62 228.39   6.93
20040421 030000  0.5 329.0  1.64 14.14 227.07  21.38  4  1.45 11.31 225.05  19.00  0.72 14.63 226.62  10.78  0.20 12.85 304.37  13.22  0.19 18.99 306.44   8.92
20040421 060000  1.7 300.3  1.56 14.06 228.03  20.46  5  1.33 12.35 227.03  17.67  0.73 14.67 223.41  10.80  0.24 19.51 227.73   7.22  0.19 12.70 305.44  12.40  0.19 18.99 306.06   9.45
20040421 090000  0.9 281.6  1.68 13.56 227.09  18.51  4  1.31 11.53 226.36  17.32  1.03 13.79 224.77   9.87  0.19 12.65 305.84  12.60  0.17 18.99 305.59   9.79
20040421 120000  0.4  50.4  2.09 13.28 225.86  16.64  5  1.65 11.52 225.70  15.88  1.16 13.57 223.76  11.48  0.50 18.09 225.65   8.61  0.19 12.62 306.08  12.99  0.15 18.89 307.10  10.06
20040421 150000  2.5  47.4  2.57 12.96 226.02  16.33  3  2.56 13.12 225.43  14.55  0.19 12.61 307.06  12.51  0.18 17.84 307.98   9.00
20040421 180000  5.0 348.2  2.99 12.85 226.95  18.05  3  2.98 12.89 226.35  16.50  0.24 17.76 307.70   8.66  0.19 12.59 307.43  12.77
20040421 210000  5.7 306.3  3.37 12.96 227.48  18.72  3  3.35 12.99 226.91  17.34  0.27 17.75 307.37   9.12  0.18 12.57 307.88  12.97
20040422 000000  2.7 276.7  3.70 13.03 227.13  17.75  3  3.68 13.05 226.67  16.55  0.27 17.75 307.40   9.47  0.18 12.54 308.23  13.14
20040422 030000  4.5 237.3  3.83 12.96 226.66  17.74  3  3.82 12.97 226.31  16.81  0.25 17.74 307.55   9.98  0.16 12.48 311.03  11.61
20040422 060000  4.0 265.5  3.75 12.84 226.17  18.09  3  3.74 12.84 225.88  17.32  0.21 17.69 307.93  10.01  0.15 12.36 311.48  11.70
20040422 090000  2.8 276.9  3.57 12.71 225.85  18.54  3  3.56 12.71 225.52  17.70  0.22 16.84 308.12   9.62  0.14 12.10 311.68  11.90
20040422 120000  6.0 349.6  3.38 12.54 225.86  19.50  4  2.98 12.55 225.43  20.10  1.57 15.60 225.23   9.77  0.27 16.61 308.16   9.22  0.14 11.96 311.91  12.01
20040422 150000  3.8 342.5  3.17 12.30 225.94  20.25  5  2.55 12.27 226.33  21.91  1.86 14.69 223.37   9.83  0.30 16.59 308.58   9.30  0.13 11.90 312.01  12.05  0.10 19.03 302.50  10.21
20040422 180000  3.3 297.1  3.03 14.36 225.86  20.29  5  2.17 11.67 227.74  23.24  2.09 14.36 222.33  10.22  0.32 16.58 308.60   9.62  0.13 11.86 309.00  14.43  0.09 19.02 302.45  10.30
20040422 210000  3.9 210.9  2.96 14.22 225.38  19.69  4  2.94 14.21 224.57  17.67  0.31 16.58 308.65   9.82  0.13 11.85 310.10  13.48  0.09 19.02 302.38  10.49
20040423 000000  5.9 138.2  2.86 14.05 224.37  19.79  3  2.84 14.03 223.61  17.90  0.29 16.57 308.07  10.25  0.13 11.82 310.04  13.31
20040423 030000  2.5 130.4  2.68 13.82 224.13  19.66  4  2.66 13.79 223.35  17.69  0.28 16.49 307.74  10.42  0.12 11.80 310.38  13.10  0.09 24.80 226.76   8.27
20040423 060000  1.5  97.8  2.49 13.78 224.32  20.01  4  2.47 13.76 223.31  17.53  0.30 15.64 307.86  10.23  0.14 24.10 227.30   8.04  0.12 11.79 310.59  12.90
20040423 090000  1.8   9.4  2.32 15.13 224.79  20.95  5  2.29 13.82 223.40  17.71  0.29 15.51 310.20   9.06  0.20 23.42 227.16   8.06  0.16 17.76 301.80  10.68  0.12 11.77 310.10  13.13
20040423 120000  3.4  97.8  2.18 15.09 225.40  22.09  5  2.13 14.01 223.61  18.34  0.31 15.49 309.98   9.57  0.30 22.99 228.10   8.12  0.15 17.78 302.22  11.16  0.12 11.72 310.15  13.15
20040423 150000  2.1 148.5  2.08 14.63 225.56  23.77  5  2.00 14.27 223.39  20.12  0.43 22.03 228.86   8.44  0.32 15.49 310.02   9.52  0.14 17.78 301.67  12.93  0.11 11.69 310.49  13.08
20040423 180000  4.4 214.3  2.00 14.45 226.12  23.57  4  1.89 14.31 223.69  20.05  0.56 21.65 228.97   8.46  0.34 15.49 309.77  10.34  0.12 17.79 301.84  13.11
20040423 210000  4.3 241.3  1.95 14.38 226.57  23.19  3  1.78 14.30 223.89  20.07  0.71 20.94 228.61   8.38  0.35 15.50 308.61  10.97
20040424 000000  1.4 264.4  1.92 20.32 226.84  22.48  4  1.64 14.28 222.15  14.07  0.88 20.32 228.50   8.08  0.35 15.53 308.25  11.14  0.32  4.80 299.12  43.02
20040424 030000  2.7 181.7  1.92 19.90 226.97  21.68  4  1.57 14.22 223.44  19.22  1.04 19.90 228.08   8.26  0.25 16.33 303.47  10.74  0.25 14.45 312.97   9.57
20040424 060000  3.2  46.3  1.92 19.16 227.08  21.03  4  1.47 14.03 222.89  18.67  1.17 19.16 228.01   8.04  0.27 14.45 312.23   9.53  0.24 16.49 303.38  11.06
20040424 090000  2.7   6.4  1.91 18.77 227.25  20.91  4  1.39 13.67 222.85  18.94  1.26 18.78 227.55   8.13  0.31 14.48 311.42   9.59  0.21 16.62 303.08  11.60
20040424 120000  3.4  49.0  1.92 18.20 227.41  24.28  4  1.34 18.22 226.89   8.08  1.32 13.59 223.08  26.81  0.32 14.46 311.23   9.67  0.19 16.61 303.23  12.07
20040424 150000  1.7  36.3  1.90 17.77 227.90  23.38  3  1.37 17.79 227.14   7.99  1.26 13.58 223.57  25.84  0.37 14.48 309.14  10.87
20040424 180000  1.5   2.4  1.90 17.41 228.62  23.70  3  1.45 17.44 226.38   8.24  1.17 13.35 226.03  28.25  0.37 14.54 308.86  10.96
20040424 210000  3.6 254.8  1.89 16.99 229.33  24.64  2  1.85 17.02 226.85  20.03  0.38 14.73 308.49  11.15
20040425 000000  3.2 195.5  1.89 16.62 229.86  25.11  2  1.85 16.66 227.30  20.54  0.39 15.24 308.41  11.52
20040425 030000  5.5 179.7  1.86 16.34 229.28  25.08  3  1.82 16.39 226.63  20.22  0.30 15.46 306.69  12.62  0.25 13.55 311.13   9.27
20040425 060000  5.3 174.9  1.82 16.16 228.39  24.70  3  1.78 16.22 225.65  19.37  0.29 15.44 304.70  11.49  0.25 13.45 313.79   9.59
20040425 090000  2.8 139.1  1.75 15.80 228.45  23.83  4  1.57 15.89 226.06   9.00  0.66  8.59 221.90  40.05  0.28 13.47 313.54   8.99  0.26 15.50 304.00  11.88
20040425 120000  3.2 197.2  1.67 15.50 228.69  23.06  3  1.62 15.52 225.61  15.99  0.29 13.47 312.52   9.60  0.24 15.51 304.57  12.19
20040425 150000  1.6 166.3  1.59 15.37 229.02  22.80  3  1.44 15.38 226.33   9.31  0.54  8.17 219.98  33.36  0.37 15.10 309.56  11.04
20040425 180000  4.3 224.7  1.52 15.25 229.30  23.09  2  1.48 15.28 225.64  14.29  0.37 14.47 309.48  11.02
20040425 210000  6.3 212.0  1.49 14.88 229.48  23.81  2  1.44 14.98 225.56  14.84  0.38 14.43 309.34  11.01
20040426 000000  4.5 166.0  1.45 14.58 229.38  25.06  2  1.40 14.60 225.20  16.23  0.38 14.43 309.24  11.03
20040426 030000  4.8 183.6  1.41 14.48 229.93  25.62  2  1.36 14.49 225.51  16.65  0.38 14.42 309.21  11.07
20040426 060000  3.6 178.0  1.39 14.40 230.54  25.74  2  1.34 14.39 226.05  16.79  0.37 14.41 309.32  11.08
20040426 090000  3.8 189.6  1.38 14.23 231.00  25.42  3  1.14 14.19 229.12  10.79  0.70  5.44 219.58  25.48  0.37 14.37 309.64  10.95
20040426 120000  8.0 174.3  1.45 13.89 228.29  27.14  5  0.85  5.84 214.26  27.76  1.07 13.82 230.79  10.39  0.35 14.30 309.88  11.02  0.30  8.07 218.16  10.29  0.05 17.83 311.04   8.40
20040426 150000  5.4 167.3  1.54 13.80 227.37  27.32  4  1.06  6.30 215.91  26.71  1.06 13.75 231.78  10.42  0.34 14.18 310.09  11.01  0.06 17.77 312.33   8.57
20040426 180000  4.8 226.1  1.59 14.05 229.25  25.01  4  1.14  6.80 220.67  23.55  1.05 14.07 232.76  10.19  0.33 13.93 310.17  10.96  0.06 17.76 313.61   8.27
20040426 210000  6.8 196.5  1.66 14.20 229.52  24.40  4  1.23  6.97 221.60  22.77  1.06 14.25 233.80  10.18  0.33 13.75 309.99  11.05  0.06 17.76 314.68   7.29
20040427 000000  7.8 201.8  1.68 14.06 229.31  24.94  4  1.25  6.91 220.61  23.62  1.02 14.12 234.33  10.28  0.33 13.65 310.04  10.90  0.31 17.04 239.98   8.29
20040427 030000  6.0 217.0  1.69 13.70 229.72  25.25  4  1.25  6.68 220.61  24.54  1.09 13.72 235.56  10.33  0.32 13.57 309.85  11.25  0.09 16.79 309.45   9.04
20040427 060000  3.1 190.0  1.68 13.58 230.97  24.94  5  1.23  6.52 222.22  24.76  1.10 13.59 236.12  10.32  0.31 13.49 309.94  11.30  0.09 16.66 310.00   8.46  0.05 20.57 310.08   8.98
20040427 090000  0.7 140.2  1.70 13.51 232.12  24.25  6  1.24  6.77 224.10  23.98  1.06 13.52 236.57  10.43  0.34 15.62 235.18   9.05  0.31 13.43 310.06  11.37  0.09 16.61 311.23   8.94  0.08 20.51 309.27  10.64
20040427 120000  2.0 241.4  1.71 13.41 232.59  23.63  5  1.25  7.07 224.86  23.00  1.13 13.42 236.61  10.48  0.31 13.38 310.41  11.13  0.10 16.60 312.31   8.54  0.08 20.49 310.25   9.45
20040427 150000  3.3 185.8  1.71 13.15 232.53  23.38  5  1.23  7.17 224.45  22.30  1.13 13.10 236.66  10.68  0.31 13.34 310.49  11.17  0.10 16.60 312.66   8.39  0.07 20.43 310.84   9.66
20040427 180000  1.6 218.9  1.66 13.01 232.59  23.40  5  1.15  7.08 223.64  22.09  1.15 12.98 236.27  11.10  0.31 13.30 310.56  11.29  0.08 16.60 311.03   4.99  0.08 20.33 312.36   9.92
20040427 210000  5.1 226.6  1.60 13.11 233.05  23.59  5  1.18 13.09 235.71  11.54  1.03  6.94 222.92  22.37  0.30 13.25 310.28  11.53  0.12 15.96 311.01   6.86  0.11 20.10 312.24   9.38
20040428 000000  2.2 179.1  1.55 13.36 233.41  23.87  5  1.20 13.38 234.60  12.06  0.91  6.74 222.62  23.52  0.29 13.18 310.78  11.31  0.14 19.46 310.94   9.64  0.13 15.60 308.24   9.05
20040428 030000  3.4 188.2  1.51 13.41 233.49  23.64  5  1.24 13.44 233.36  12.61  0.79  6.43 222.48  24.17  0.27 13.13 310.93  11.40  0.16 19.16 310.10   9.80  0.13 15.50 308.84   9.00
20040428 060000  4.1 191.6  1.50 13.37 232.97  23.24  6  1.29 13.40 231.76  12.91  0.69  6.15 222.82  24.86  0.27 13.08 310.81  11.30  0.17 19.05 310.77   9.93  0.12 15.52 310.75   8.77  0.06 22.01 216.65   7.60
20040428 090000  4.0 196.0  1.52 13.20 232.16  23.09  7  1.10 13.77 224.38  10.98  0.77 12.50 242.32   7.42  0.61  5.89 222.39  25.41  0.27 13.12 310.46  11.94  0.18 19.01 313.14   9.26  0.12 15.52 311.39   8.58  0.08 21.90 216.93   7.72
20040428 120000  5.2 202.6  1.56 12.97 230.93  23.15  6  0.56  5.61 220.55  27.03  1.41 12.97 228.86  13.01  0.27 12.95 310.49  11.50  0.19 18.98 314.26   8.84  0.14 20.79 217.94   7.12  0.13 15.47 311.94   8.10
20040428 150000  3.2 177.7  1.62 12.95 229.68  23.14  6  1.48 12.95 227.43  13.03  0.51  5.44 219.10  28.94  0.29 12.81 310.48  11.44  0.21 18.82 312.74   9.57  0.20 20.48 216.65   8.06  0.10 15.51 310.70   4.95
20040428 180000  3.1 211.5  1.71 13.01 228.14  22.87  5  1.64 13.02 225.32  15.22  0.30 19.98 215.04   7.68  0.25 12.36 311.50  11.52  0.24 17.95 311.16   9.72  0.18 14.60 307.83   9.31
20040428 210000  5.8 225.2  1.89 12.98 226.10  22.50  5  1.77 12.99 223.62  14.98  0.52 18.98 217.23   9.09  0.30 17.79 311.71   9.73  0.22 12.25 313.40   9.47  0.19 14.25 305.67  11.47
20040429 000000  5.9 199.8  2.14 12.91 223.68  21.51  6  0.48  3.30 219.19  33.24  1.94 12.92 222.07  12.69  0.61 18.52 213.68   7.38  0.33 17.77 312.68  10.32  0.23 12.32 311.64  10.85  0.17 14.37 308.21   9.90
20040429 030000  6.2 188.2  2.38 17.49 221.76  19.77  6  0.58  3.66 211.63  31.01  2.09 12.91 220.95  11.90  0.89 17.96 217.44   9.49  0.31 17.76 313.94   9.23  0.21 12.33 312.38  10.46  0.17 14.33 307.36  10.52
20040429 060000  5.0 183.5  2.58 17.34 221.03  17.59  3  2.56 17.23 219.74  12.85  0.28 17.73 314.06   9.31  0.26 14.34 310.52  10.80
20040429 090000  4.9 181.7  2.73 16.57 221.04  16.63  3  2.71 16.50 219.89  12.13  0.28 17.19 313.13   9.80  0.26 14.32 310.66  10.39
20040429 120000  5.9 174.2  2.87 16.44 221.04  17.42  3  2.83 16.38 219.67  12.25  0.35 16.65 312.85   9.67  0.26 14.24 310.48  10.31
20040429 150000  8.9 186.4  3.00 16.34 220.28  18.72  3  2.96 16.24 218.75  13.36  0.41 16.61 313.02   9.53  0.25 13.78 310.22  10.26
20040429 180000 11.0 196.3  3.19 16.16 218.71  19.63  4  1.22  4.73 205.19  27.38  2.91 15.88 219.34  10.85  0.41 16.60 313.32   9.26  0.24 13.46 309.97  10.25
20040429 210000 11.7 196.7  3.36 15.68 217.45  20.15  4  1.65  5.61 208.40  27.86  2.90 15.57 218.85  10.70  0.36 16.59 313.17   9.59  0.22 13.41 309.87  10.32
20040430 000000 11.6 183.1  3.40 15.46 216.23  20.96  4  1.82  6.02 207.66  29.72  2.85 15.42 218.32  10.53  0.31 16.51 313.52   9.53  0.20 13.37 309.87  10.34
20040430 030000 10.3 179.6  3.32 15.33 216.25  21.16  4  1.74  6.31 207.75  30.67  2.80 15.30 218.14  10.62  0.31 15.76 314.10   9.05  0.19 13.36 310.08  10.19
20040430 060000 11.3 169.3  3.24 15.22 215.72  22.57  4  1.69  6.48 204.97  32.57  2.74 15.14 217.96  10.59  0.36 15.56 313.14   9.94  0.17 13.35 311.28   9.16
20040430 090000 10.0 170.2  3.20 15.05 215.47  23.24  4  1.73  6.76 205.85  32.86  2.67 14.83 217.44  10.22  0.39 15.53 312.96   9.84  0.17 13.34 309.61  10.16
20040430 120000  7.0 184.4  3.15 14.75 216.39  22.33  4  1.65  7.08 208.22  31.72  2.65 14.61 217.67  10.56  0.39 15.52 312.19  10.30  0.16 13.28 311.33   9.36
20040430 150000  8.6 178.1  3.06 14.57 217.09  21.14  2  3.04 14.49 216.12  18.34  0.39 15.50 311.74  10.23
20040430 180000  9.7 205.0  3.00 14.45 217.69  19.80  2  2.98 14.40 216.87  17.29  0.35 15.42 311.82  10.20
20040430 210000 10.5 197.2  3.07 14.37 217.47  19.98  2  3.05 14.33 216.81  17.98  0.32 15.04 312.61   9.61
20040501 000000 10.4 190.1  3.12 14.29 217.13  20.98  3  2.04  7.50 215.77  26.72  2.34 14.20 217.03  10.39  0.31 14.60 313.13   9.35
