Date     Time   Uabs UDir  hs    tp    th     sp     np hs(i) tp(i) th(i)  sp(i)
19920901 000000  5.5 204.5  1.96 10.17 223.70  27.63  4  1.89 10.32 222.29  26.62  0.39  9.57 270.01  10.88  0.32 16.61 204.35   7.15  0.06 15.33 309.42   9.28
19920901 030000  4.9 179.8  1.81  9.92 223.26  26.57  5  1.71 10.12 222.02  25.42  0.43 16.21 204.42   7.58  0.40  9.31 266.88   9.97  0.06 15.13 307.46   8.50  0.05 11.38 313.55   7.10
19920901 060000  4.5 183.2  1.69  9.72 222.41  25.61  7  1.54  9.81 221.60  24.71  0.55 15.48 204.91   7.82  0.34  8.89 267.70  10.14  0.26 13.64 243.55   8.71  0.11 17.05 252.32   9.56  0.07 14.57 304.73  10.51  0.06 11.62 313.12   7.93
19920901 090000  4.0 171.6  1.61  9.55 221.11  24.88  6  1.44  9.55 223.50  25.43  0.66 15.10 205.13   8.18  0.20 13.63 247.25   9.83  0.17 16.65 250.66   9.00  0.07 14.45 305.17  10.35  0.06 11.67 311.39   9.87
19920901 120000  4.3 167.1  1.55 14.52 220.11  24.16  5  1.32  9.32 223.35  25.00  0.78 14.45 208.05  13.30  0.22 16.30 250.55   9.26  0.08 14.43 305.07  10.78  0.06 11.72 311.88   9.71
19920901 150000  3.0 173.6  1.55 14.27 219.82  23.35  5  1.26  9.02 223.28  24.25  0.81 14.24 205.45   7.59  0.37 15.69 248.43   9.85  0.08 14.42 305.34  10.66  0.06 11.75 311.88   9.69
19920901 180000  7.0 217.7  1.64 14.02 220.27  22.59  4  1.31  8.75 223.18  23.08  0.87 13.81 205.49   7.27  0.46 15.19 249.15   9.48  0.09 14.42 307.90  10.82
19920901 210000  8.0 208.0  1.79 13.71 220.60  23.09  4  1.43  8.32 222.09  23.57  0.90 13.50 205.57   7.35  0.57 14.62 249.35   9.69  0.09 14.39 307.89  10.97
19920902 000000  6.3 192.3  1.82 13.51 221.30  24.04  4  1.45  8.07 220.53  24.48  0.88 13.30 206.21   7.72  0.68 14.30 249.89   9.86  0.08 14.31 309.92   9.06
19920902 030000  5.1 179.8  1.78 13.34 223.09  24.67  4  1.33  7.75 220.62  24.97  0.88 12.97 206.22   7.65  0.79 13.89 250.30  10.13  0.08 13.91 309.75   9.04
19920902 060000  5.5 167.4  1.73 13.00 225.32  25.37  4  1.19  7.49 220.17  25.76  0.90 13.79 250.72  10.62  0.87 12.67 206.66   7.71  0.09 13.66 307.71  10.76
19920902 090000  4.9 154.9  1.70 12.83 228.17  26.00  4  1.11  7.29 219.13  26.27  1.01 14.04 251.27  11.05  0.80 12.50 206.87   7.67  0.09 13.59 309.35   9.02
19920902 120000  7.5 173.5  1.72 12.83 229.79  27.32  4  1.08  7.02 215.90  28.10  1.11 14.11 251.66  11.68  0.75 12.35 207.09   7.90  0.09 13.56 309.62   9.09
19920902 150000  6.0 170.9  1.76 13.24 231.26  28.42  5  1.19 13.83 252.43  11.56  1.08  6.85 213.67  29.68  0.69 11.95 206.95   7.91  0.17 19.38 215.80   9.95  0.09 13.53 310.05   9.09
19920902 180000  8.9 209.1  1.83 13.33 233.08  26.64  5  1.16  6.75 217.15  26.09  1.24 13.46 253.05  11.98  0.64 11.76 207.16   8.29  0.24 18.85 217.13   9.95  0.08 13.51 310.20   9.45
19920902 210000 10.6 203.3  2.09 13.15 230.43  27.23  4  1.61  5.77 215.47  24.37  1.29 13.23 253.40  12.45  0.32 18.43 215.76   9.62  0.08 13.47 310.39   9.50
19920903 000000 10.1 187.0  2.18 12.77 228.52  29.17  4  1.70  6.16 213.27  26.59  1.29 12.83 254.74  11.23  0.43 17.98 214.57   9.51  0.08 13.41 310.29   9.57
19920903 030000  8.1 175.8  2.11 12.62 228.79  30.43  5  1.55  6.37 212.17  29.21  1.27 12.63 255.52  11.02  0.53 17.67 215.12   9.72  0.39 11.06 206.81   8.18  0.08 13.24 310.25   9.36
19920903 060000  6.5 163.0  1.99 12.52 231.08  29.87  5  1.39  6.44 212.88  29.00  1.25 12.52 256.35  10.73  0.61 17.01 215.20   9.89  0.29 11.27 209.16   9.31  0.08 12.92 310.34   9.29
19920903 090000  5.2 143.7  1.89 12.41 233.19  28.63  5  1.24  6.47 214.67  28.12  1.21 12.38 257.26  10.38  0.72 16.71 216.02   9.83  0.18 11.12 206.07   7.32  0.08 12.80 310.33   9.36
19920903 120000  6.1 171.6  1.84 16.40 233.75  27.65  5  1.18 12.20 257.90  10.30  1.12  6.52 215.52  27.71  0.84 16.43 216.63   9.90  0.18 11.02 211.77   8.83  0.08 12.74 310.43   9.47
19920903 150000  4.7 199.6  1.85 15.69 233.46  26.08  4  1.16 12.04 257.73  11.51  1.02  6.53 216.31  26.09  1.00 15.74 217.18   9.41  0.09 12.70 310.55   9.54
19920903 180000  8.0 206.5  1.95 15.47 231.30  24.97  4  1.09  6.47 216.67  24.26  1.15 15.50 217.93   9.19  1.13 12.00 258.32  10.89  0.09 12.67 310.64   9.59
19920903 210000  8.9 205.2  2.07 15.29 229.29  24.67  4  1.25  6.31 217.36  24.77  1.26 15.31 218.98   9.43  1.07 11.97 259.23  10.25  0.08 12.63 310.73   9.63
19920904 000000  9.8 197.8  2.20 14.73 227.37  24.94  4  1.41  6.07 216.90  26.14  1.34 14.79 220.03   9.52  1.01 11.95 260.11   9.74  0.08 12.59 313.94   7.34
19920904 030000  9.6 193.7  2.30 14.49 225.51  25.35  3  1.53  6.13 214.71  27.05  1.42 14.52 221.10   9.76  0.98 11.86 260.79  10.08
19920904 060000  9.1 187.0  2.31 14.32 225.11  25.47  3  1.51  6.44 215.13  28.75  1.48 14.35 221.66   9.77  0.91 11.81 261.44  10.23
19920904 090000  8.8 186.4  2.30 14.05 224.57  25.00  3  1.44  6.44 214.18  29.30  1.57 14.07 221.94  10.24  0.86 11.70 261.80  10.15
19920904 120000 11.8 189.8  2.41 13.82 221.85  25.05  4  1.52  6.04 209.72  29.06  1.68 13.90 221.58  10.25  0.82 11.61 261.62   9.33  0.09 15.81 302.67  13.32
19920904 150000 10.2 192.2  2.59 14.26 220.68  24.19  4  1.63  6.01 210.43  29.44  1.86 14.27 221.38  10.17  0.74 11.66 262.69   8.85  0.09 15.76 297.31  14.62
19920904 180000 10.6 201.6  2.78 14.52 221.22  21.94  3  1.70  6.13 213.82  28.41  2.10 14.51 221.54  10.02  0.67 11.59 263.98   9.67
19920904 210000 12.1 198.9  3.08 14.53 220.94  20.68  4  1.89  6.23 214.69  27.54  1.91 14.24 222.22  10.09  1.36 16.92 220.41   7.91  0.65 11.32 262.53  10.82
19920905 000000 10.7 192.4  3.27 16.31 220.65  20.35  3  1.91  6.40 213.79  29.18  2.60 16.31 222.09   9.32  0.56 11.28 263.30  10.77
19920905 030000  9.7 182.3  3.33 16.09 220.73  19.65  3  1.78  6.45 211.92  30.09  2.77 16.09 222.59   9.42  0.50 10.97 265.18  10.26
19920905 060000  8.9 173.1  3.36 15.56 221.06  18.98  3  1.69  6.75 211.48  30.64  2.88 15.56 223.30  10.00  0.34 10.97 271.00  10.61
19920905 090000  7.3 171.8  3.37 15.38 221.79  17.88  1  3.37 15.38 221.79  17.88
19920905 120000  7.8 181.1  3.38 15.32 222.25  16.89  1  3.38 15.32 222.25  16.89
19920905 150000  7.1 196.8  3.39 15.27 222.23  16.19  1  3.39 15.27 222.23  16.19
19920905 180000 10.4 206.6  3.46 15.14 221.86  16.11  1  3.46 15.14 221.86  16.11
19920905 210000  9.8 204.9  3.52 14.88 221.77  16.84  1  3.52 14.88 221.77  16.84
19920906 000000  7.9 200.1  3.44 14.81 221.92  17.15  1  3.44 14.81 221.92  17.15
19920906 030000  6.7 196.3  3.29 14.77 222.07  16.90  1  3.29 14.77 222.07  16.90
19920906 060000  5.3 174.8  3.11 14.57 222.21  16.44  1  3.11 14.57 222.21  16.44
19920906 090000  4.1 161.7  2.94 14.42 222.31  15.98  1  2.94 14.42 222.31  15.98
19920906 120000  5.5 183.3  2.81 14.29 222.27  15.69  1  2.81 14.29 222.27  15.69
19920906 150000  4.8 186.5  2.70 14.09 222.02  15.80  1  2.70 14.09 222.02  15.80
19920906 180000  6.5 215.3  2.60 13.72 221.90  15.95  1  2.60 13.72 221.90  15.95
19920906 210000  6.4 206.8  2.50 13.54 221.81  16.50  1  2.50 13.54 221.81  16.50
19920907 000000  4.8 198.5  2.37 13.43 221.73  17.01  2  2.35 13.43 221.23  16.86  0.36 16.74 242.89   7.47
19920907 030000  2.1 196.1  2.24 13.30 221.74  17.18  2  2.24 13.29 221.63  16.88  0.10 14.26 306.06  11.67
19920907 060000  2.1 156.2  2.12 13.06 221.45  17.27  2  2.12 13.06 221.33  16.94  0.10 14.31 305.94  11.88
19920907 090000  1.2  74.9  2.03 12.86 220.64  17.43  4  1.89 12.86 221.41  16.58  0.62 16.42 203.09   6.40  0.40 15.69 242.58   7.34  0.10 14.31 305.24  12.17
19920907 120000  1.1 208.9  1.99 12.79 219.30  17.55  4  1.81 12.78 220.98  16.79  0.73 16.84 202.88   5.24  0.37 15.68 241.06   7.42  0.10 14.26 304.63  12.23
19920907 150000  2.8 265.1  1.97 12.78 217.67  17.50  3  1.65 12.78 222.52  17.47  1.04 16.48 204.36   6.88  0.25 15.65 246.82   4.86
19920907 180000  4.6 246.5  1.96 15.39 216.49  17.79  2  1.96 15.40 216.29  17.21  0.11 12.83 305.17  12.25
19920907 210000  3.6 240.1  1.93 15.23 215.34  17.64  3  1.90 15.53 214.17  16.38  0.35 14.63 243.19   6.95  0.12 12.85 305.87  12.11
19920908 000000  4.8 333.8  1.88 14.99 214.63  17.82  3  1.85 15.28 213.25  16.25  0.36 14.54 244.62   7.80  0.12 12.91 306.39  11.85
19920908 030000  2.4   5.0  1.82 14.72 214.39  18.96  3  1.79 15.07 213.11  17.61  0.33 14.54 244.53   7.73  0.11 12.98 309.00   9.58
19920908 060000  2.1  39.0  1.75 14.56 214.31  18.34  3  1.65 14.76 210.70  14.99  0.56 14.21 244.04   7.72  0.12 13.20 306.79  11.31
19920908 090000  0.5 310.9  1.68 14.40 214.69  18.29  3  1.59 14.55 211.10  14.62  0.52 13.61 246.54   7.21  0.12 13.29 306.83  11.27
19920908 120000  0.9 175.3  1.61 14.25 215.48  18.92  3  1.52 14.42 211.22  14.63  0.54 13.34 247.78   7.97  0.12 13.34 307.96  10.75
19920908 150000  2.1 197.9  1.54 14.09 216.54  19.89  3  1.44 14.32 211.40  14.75  0.55 13.41 250.00   7.96  0.12 13.29 308.95  10.53
19920908 180000  6.4 236.3  1.50 13.86 218.54  21.61  4  1.37 14.20 211.99  15.48  0.46 11.67 254.35  13.64  0.39 13.39 247.24   7.70  0.12 12.08 310.30   9.66
19920908 210000  6.2 219.5  1.47 13.69 220.32  23.35  5  0.50  3.19 238.23  36.50  1.24 13.99 210.26   9.36  0.52 11.44 254.15   8.27  0.29 13.58 246.93   8.63  0.13 12.00 308.71  11.31
19920909 000000  5.8 209.8  1.40 13.56 220.56  24.17  4  0.53  3.45 225.58  37.73  1.14 13.73 210.18   9.00  0.61 12.89 252.55   8.97  0.13 11.98 308.15  11.53
19920909 030000  5.7 214.0  1.34 13.44 221.40  25.03  5  0.53  3.65 217.80  36.83  1.06 13.60 210.63   9.26  0.45 12.57 250.27   7.39  0.43 10.43 256.87   9.88  0.13 11.97 306.63  12.45
19920909 060000  7.0 181.0  1.32 13.27 220.98  26.88  5  0.60  3.68 204.67  34.97  0.98 13.52 211.25   9.52  0.54 12.56 251.42   8.05  0.37  9.96 259.96   8.86  0.12 11.98 308.84   9.52
19920909 090000  5.4 173.1  1.30 13.01 222.59  28.08  4  0.60  3.84 200.12  34.23  0.91 13.45 211.95   9.70  0.69 12.52 254.36   9.21  0.12 12.02 308.38   9.49
19920909 120000  5.2 189.5  1.26 12.80 226.33  27.69  4  0.53  3.96 201.12  33.70  0.86 13.36 212.65   9.68  0.74 12.44 254.56   9.53  0.11 12.09 308.76   9.58
19920909 150000  6.6 198.9  1.25 12.65 228.88  26.98  4  0.51  3.95 202.96  30.74  0.84 13.06 213.99  10.17  0.77 11.72 255.40   9.01  0.12 12.18 309.63   9.38
19920909 180000  9.9 200.9  1.50 12.54 223.24  28.70  5  0.96  4.19 205.18  27.81  0.82 12.87 214.64  10.08  0.80 11.34 255.53   8.85  0.16 18.17 215.17   8.19  0.12 12.14 310.35   9.36
19920909 210000  9.9 197.5  1.66 12.44 220.63  29.79  5  1.15  4.72 204.26  28.86  0.82 12.77 215.25  10.14  0.82 11.01 255.82   9.10  0.25 18.37 217.03   7.78  0.11 11.80 311.41   8.95
19920910 000000  8.9 187.0  1.71 12.35 220.36  29.71  5  1.14  4.88 202.87  29.62  0.83 10.79 256.27   9.64  0.81 12.66 215.87  10.17  0.51 17.16 216.38   8.14  0.11 11.25 312.29   8.38
19920910 030000  7.3 178.3  1.73 16.73 222.01  27.95  5  0.97  4.83 201.75  31.44  0.87 16.73 216.70   8.28  0.83 10.53 256.83  10.35  0.78 12.55 216.73  10.32  0.10 11.19 310.81   9.34
19920910 060000  7.0 165.8  1.89 16.36 222.10  24.92  5  0.83  4.64 199.32  32.78  1.30 16.36 217.42   8.49  0.86 10.54 255.79  12.62  0.67 12.42 215.59   9.56  0.09 11.13 312.57   7.89
19920910 090000  6.4 164.0  2.12 15.79 221.75  22.31  3  0.74  4.49 195.02  34.04  1.79 15.79 217.80   8.88  0.88 10.31 255.30  15.16
19920910 120000  7.9 175.7  2.35 15.39 221.18  20.76  2  0.74  4.33 190.65  32.47  2.23 15.39 223.96  16.50
19920910 150000  5.5 172.5  2.47 14.90 221.74  18.87  2  0.69  4.46 195.77  32.95  2.37 14.90 223.61  15.57
19920910 180000  8.5 213.5  2.54 14.48 222.06  17.36  2  0.80  4.28 207.83  28.15  2.41 14.48 223.46  15.05
19920910 210000 10.6 202.7  2.67 14.33 221.57  18.75  2  1.26  4.91 215.46  28.61  2.35 14.33 223.15  14.36
19920911 000000  9.8 180.2  2.69 14.32 220.31  21.19  2  1.49  5.66 215.20  32.62  2.24 14.32 222.25  12.77
19920911 030000  8.4 180.5  2.60 15.22 220.59  21.02  2  1.48  6.22 217.45  32.39  2.14 15.22 221.89  12.00
19920911 060000  8.0 173.4  2.53 15.42 220.96  20.35  2  1.49  6.75 219.79  31.34  2.05 15.42 221.49  10.69
19920911 090000  6.7 161.6  2.49 15.45 221.29  19.60  2  2.02 15.45 221.79  10.50  1.46  7.32 220.21  30.02
19920911 120000  6.8 169.1  2.48 15.41 221.91  18.33  2  2.00 15.41 221.92  10.07  1.47  7.84 221.89  27.70
19920911 150000  6.6 188.5  2.51 15.27 222.49  17.11  2  2.01 15.27 222.33   9.94  1.52  8.17 222.79  25.13
19920911 180000  9.8 205.7  2.64 14.91 222.29  16.99  2  1.66  8.35 220.91  23.70  2.06 14.91 223.12  10.39
19920911 210000 11.5 204.7  2.87 14.61 221.78  18.40  2  1.98  8.08 219.44  23.88  2.08 14.61 223.77  10.93
19920912 000000 11.6 198.2  2.99 14.46 221.06  20.46  2  2.17  7.39 217.83  25.71  2.07 14.46 224.33  11.46
19920912 030000  9.0 191.9  2.95 14.35 221.88  21.17  2  2.15  7.64 219.00  26.54  2.03 14.35 224.82  11.99
19920912 060000  8.3 198.0  2.84 14.22 223.34  20.30  3  2.03  8.03 221.75  25.56  1.93 14.39 223.69  11.49  0.44 13.59 248.10   4.74
19920912 090000  6.8 191.0  2.76 13.88 224.22  19.53  3  2.00  8.52 223.64  24.06  1.83 14.21 223.08  11.13  0.49 13.53 249.56   5.17
19920912 120000  6.8 199.0  2.67 13.63 224.86  18.61  3  1.94  8.79 224.93  22.57  1.79 13.75 223.20  11.60  0.46 13.57 249.20   5.65
19920912 150000  7.4 215.4  2.60 13.47 224.98  18.17  3  1.90  8.86 225.47  21.61  1.66 13.64 221.04   9.70  0.62 13.18 249.40   5.46
19920912 180000  8.2 225.0  2.54 13.20 225.13  18.13  3  1.82  8.93 226.28  21.96  1.73 13.40 222.68  11.83  0.41 12.78 248.15   5.04
19920912 210000  6.4 215.5  2.48 12.84 225.14  18.30  3  1.75  9.21 226.20  22.20  1.67 13.55 221.35  10.38  0.54 12.65 251.61   5.69
19920913 000000  5.8 214.7  2.41 12.71 224.81  18.29  3  1.69  9.41 225.82  22.30  1.64 14.49 221.44  10.60  0.49 12.62 251.71   5.91
19920913 030000  5.4 199.4  2.34 14.40 224.52  18.17  2  2.28 14.42 223.18  17.61  0.52 12.36 250.35   5.86
19920913 060000  7.1 170.4  2.29 14.28 223.32  19.06  2  2.24 14.29 222.03  18.49  0.48 12.12 251.02   6.39
19920913 090000  5.8 146.9  2.23 13.94 222.55  19.80  2  2.19 13.99 221.35  19.28  0.44 12.00 251.41   6.64
19920913 120000  5.7 167.0  2.17 13.67 222.45  19.31  2  2.12 13.75 221.27  18.76  0.43 11.90 251.56   6.05
19920913 150000  3.6 185.3  2.10 13.72 222.57  18.24  3  1.48 13.80 219.36   8.13  1.40  9.40 223.02  23.77  0.50 11.69 248.84   8.71
19920913 180000  8.2 206.6  2.08 14.22 222.20  17.86  3  1.44  9.37 222.43  22.65  1.45 14.23 219.72   8.55  0.41 11.59 252.06   7.05
19920913 210000  8.8 201.2  2.13 14.44 221.09  19.19  3  1.47  8.79 218.64  24.18  1.47 14.44 220.23   8.74  0.47 11.49 253.26   7.47
19920914 000000 10.3 192.4  2.16 14.48 219.34  20.94  3  1.54  8.69 215.34  26.25  1.46 14.49 220.33   8.55  0.45 11.33 253.63   7.60
19920914 030000  9.2 181.5  2.22 14.46 218.01  22.63  3  1.62  6.35 212.46  27.58  1.47 14.46 222.12  10.72  0.35 11.09 254.92   6.96
19920914 060000  7.1 169.7  2.13 14.38 219.06  22.78  3  1.53  6.89 214.23  28.66  1.41 14.38 221.04   8.56  0.44 10.98 252.54   8.79
19920914 090000  6.6 167.4  1.99 14.30 220.42  21.96  3  1.38 14.30 221.47   8.51  1.38  6.96 216.28  28.68  0.39 10.95 254.12   7.72
19920914 120000  7.8 167.1  1.88 14.21 220.38  22.37  3  1.24  6.89 213.92  29.94  1.36 14.21 222.09   8.80  0.41 10.58 255.29   7.25
19920914 150000  7.8 186.1  1.83 14.12 219.85  22.40  3  1.21  6.85 212.14  29.32  1.32 14.12 222.76   9.05  0.38 10.87 256.36   6.81
19920914 180000  9.7 208.4  1.91 14.04 219.89  21.44  3  1.37  6.64 214.10  26.43  1.29 14.04 223.15   9.14  0.36 10.73 256.35   7.10
19920914 210000 10.0 203.9  2.09 13.84 219.75  21.97  3  1.62  6.05 216.01  26.15  1.29 13.84 222.98   9.58  0.33 10.86 254.42   7.12
19920915 000000 10.6 194.8  2.16 13.61 218.58  23.09  3  1.67  6.28 214.96  27.91  1.36 13.61 222.56  10.29  0.21 10.27 258.13   5.94
19920915 030000  6.9 186.0  2.18 13.42 218.92  22.47  2  1.55  6.36 214.55  28.78  1.54 13.42 222.88  12.02
19920915 060000  6.5 179.3  2.17 13.19 220.17  20.18  2  1.34  6.31 216.13  28.72  1.70 13.19 222.41  11.61
19920915 090000  5.5 180.4  2.17 12.77 221.31  18.09  2  1.11  6.11 215.60  28.44  1.87 12.77 223.12  11.97
19920915 120000  7.2 175.1  2.17 12.60 221.92  17.40  2  0.95  5.91 213.60  30.02  1.95 12.60 223.66  11.98
19920915 150000  6.0 207.5  2.14 12.64 223.02  16.45  1  2.14 12.64 223.02  16.45
19920915 180000  8.8 216.5  2.16 12.81 223.68  16.61  1  2.16 12.81 223.68  16.61
19920915 210000  7.6 201.6  2.11 12.93 224.04  17.81  2  0.94  4.68 217.02  29.21  1.89 12.93 225.60  13.07
19920916 000000  5.1 177.4  1.97 12.78 224.77  18.19  1  1.97 12.78 224.77  18.19
19920916 030000  5.4 177.6  1.81 12.78 225.59  18.26  1  1.81 12.78 225.59  18.26
19920916 060000  2.8 155.6  1.68 12.97 226.58  17.81  1  1.68 12.97 226.58  17.81
19920916 090000  1.0 243.3  1.64 13.09 227.27  16.63  2  1.62 13.09 226.91  16.60  0.23 11.06 245.00   0.00
19920916 120000  1.0 260.2  1.71 12.85 227.88  15.49  1  1.71 12.85 227.88  15.49
19920916 150000  5.3 321.6  1.82 12.52 229.79  16.83  2  1.80 12.52 229.39  16.69  0.25 15.69 250.55   9.42
19920916 180000  9.2 316.1  2.02 12.28 238.15  27.82  2  0.75  3.72 301.59  30.69  1.87 12.28 230.92  14.21
19920916 210000  7.7 310.4  2.29 12.18 245.00  32.14  1  2.29 12.18 245.00  32.14
19920917 000000  4.8 259.6  2.55 12.35 241.29  26.31  1  2.55 12.35 241.29  26.31
19920917 030000  3.1 178.0  2.74 12.47 238.97  23.26  1  2.74 12.47 238.97  23.26
19920917 060000  1.0   0.6  2.94 12.43 237.21  21.64  1  2.94 12.43 237.21  21.64
19920917 090000  2.2 230.4  3.24 12.52 236.05  20.41  1  3.24 12.52 236.05  20.41
19920917 120000  2.9 161.0  3.58 13.14 235.30  19.20  1  3.58 13.14 235.30  19.20
19920917 150000  5.7 207.8  3.83 13.73 234.44  18.27  1  3.83 13.73 234.44  18.27
19920917 180000  9.3 208.3  4.02 13.74 233.14  18.04  1  4.02 13.74 233.14  18.04
19920917 210000  9.9 197.4  4.06 13.78 231.32  18.52  1  4.06 13.78 231.32  18.52
19920918 000000 11.7 199.5  4.00 13.82 229.06  19.45  1  4.00 13.82 229.06  19.45
19920918 030000 10.6 180.5  3.82 13.62 226.79  21.40  1  3.82 13.62 226.79  21.40
19920918 060000  8.0 165.8  3.44 13.34 226.41  21.69  1  3.44 13.34 226.41  21.69
19920918 090000  8.5 177.2  3.07 12.82 225.84  21.83  1  3.07 12.82 225.84  21.83
19920918 120000  9.1 181.8  2.79 12.51 224.18  23.22  1  2.79 12.51 224.18  23.22
19920918 150000  7.6 186.3  2.53 12.04 223.95  23.48  1  2.53 12.04 223.95  23.48
19920918 180000  8.3 208.5  2.31 11.73 225.00  22.97  3  2.05 11.71 219.93  23.00  1.05 11.76 244.05   8.85  0.19 17.76 203.81   6.12
19920918 210000 10.5 203.6  2.27 11.31 224.20  23.59  3  1.95 11.56 218.68  24.08  1.12 11.20 241.88  10.43  0.34 17.22 204.77   6.57
19920919 000000  9.7 193.2  2.24 11.02 222.60  25.35  5  1.57  5.99 218.52  30.48  1.07 10.95 242.52   9.78  1.07 11.04 214.13  10.51  0.49 16.41 204.62   6.59  0.08 15.45 309.85   9.92
19920919 030000  8.8 183.4  2.14 10.77 221.27  26.38  6  1.52  6.18 217.08  31.57  1.10 10.90 239.04  11.78  0.79 10.57 210.29   9.03  0.63 15.83 205.17   6.95  0.11 17.91 245.01  10.57  0.08 15.45 306.85  11.58
19920919 060000  8.2 187.2  1.99 10.40 221.01  26.32  7  1.37  6.26 216.97  32.12  0.92 10.67 242.73   9.10  0.77 10.37 212.99   9.88  0.77 15.27 207.17   8.36  0.14 14.68 242.93   8.04  0.13 17.87 245.01  10.07  0.09 15.47 306.07  13.27
19920919 090000  8.3 181.5  1.89 10.24 220.04  26.54  7  1.28  6.16 215.06  32.71  0.85 10.49 243.61   9.21  0.82 14.80 207.74   8.03  0.70 10.15 213.93   9.73  0.17 17.56 244.43   9.88  0.14 14.79 242.99   7.85  0.09 15.48 304.76  13.23
19920919 120000  7.3 176.9  1.80 14.54 219.52  26.73  4  1.21  6.04 213.74  32.94  1.00  9.92 233.10  17.02  0.88 14.53 211.37  12.94  0.08 15.48 306.11  12.27
19920919 150000  7.1 201.4  1.74 14.27 221.01  24.59  4  1.07  6.01 217.75  32.32  1.02 14.27 214.11  13.00  0.91  9.71 233.21  16.79  0.09 15.45 305.92  12.73
19920919 180000 10.3 207.4  1.97 13.83 221.01  21.92  3  1.37  9.04 220.55  27.12  1.42 13.83 221.21  14.89  0.08 15.32 310.71   9.88
19920919 210000 10.8 199.6  2.30 13.45 221.33  21.91  2  1.44  5.33 216.86  29.05  1.79 13.45 223.95  15.04
19920920 000000 10.5 191.3  2.44 13.21 221.70  22.78  3  1.51  5.62 214.63  30.51  1.91 13.20 225.39  14.42  0.10 14.45 307.32  12.12
19920920 030000 10.8 187.8  2.51 12.87 221.76  23.84  5  1.53  5.81 210.88  31.32  1.44 11.17 233.42  12.60  1.33 13.57 218.94  12.41  0.28 18.53 250.62  10.04  0.11 14.46 306.82  12.40
19920920 060000 10.5 180.5  2.49 12.85 222.74  24.82  4  2.16 11.56 223.77  27.06  1.17 13.55 216.14  10.55  0.40 18.00 248.89   9.49  0.12 14.47 302.94  15.41
19920920 090000 10.5 180.2  2.54 13.16 223.32  25.73  4  1.43  5.62 203.15  32.96  1.69 11.56 237.09  13.30  1.16 14.05 216.09   9.62  0.46 17.89 248.60   9.61
19920920 120000 10.9 188.4  2.67 13.34 225.01  25.12  5  1.41  5.52 201.06  31.83  1.79 13.47 238.96  11.74  1.22 12.74 215.56   8.31  0.69 17.59 244.03  10.72  0.10 14.52 309.99  11.11
19920920 150000  8.1 188.8  2.82 13.76 229.23  22.72  3  2.57 13.75 226.53  23.49  1.15 16.67 241.53  11.04  0.09 14.49 314.05   7.92
19920920 180000 11.8 207.7  3.10 15.13 231.34  20.65  1  3.10 15.13 231.34  20.65
19920920 210000 11.6 199.9  3.39 15.09 232.15  20.93  2  1.60  5.66 213.08  29.36  2.98 15.09 237.00  14.21
19920921 000000 11.3 190.5  3.44 14.61 232.49  21.79  1  3.44 14.61 232.49  21.79
19920921 030000 11.5 185.8  3.43 14.35 231.75  23.52  2  1.37  5.30 191.21  27.38  3.14 14.35 238.25  14.48
19920921 060000  2.5 326.9  3.29 14.15 233.52  22.37  1  3.29 14.15 233.52  22.37
19920921 090000  6.7 183.9  3.07 14.04 235.76  20.12  1  3.07 14.04 235.76  20.12
19920921 120000 14.8 180.2  3.24 14.08 229.00  26.46  4  1.63  5.21 197.68  31.74  2.68 14.07 239.77  14.57  0.83 17.13 216.24   8.60  0.11 13.59 313.07   8.79
19920921 150000 14.7 182.7  3.93 14.38 221.20  28.11  4  2.58  6.87 204.00  32.81  2.66 14.15 235.97  15.27  1.30 16.69 217.45   9.77  0.11 13.63 312.77   9.23
19920921 180000 13.0 191.1  4.47 14.45 221.62  24.55  1  4.47 14.45 221.62  24.55
19920921 210000 15.1 196.8  4.80 14.37 222.29  22.62  1  4.80 14.37 222.29  22.62
19920922 000000 14.9 186.4  5.00 14.40 221.41  23.38  1  5.00 14.40 221.41  23.38
19920922 030000 14.1 177.0  5.05 14.53 220.76  23.71  1  5.05 14.53 220.76  23.71
19920922 060000 14.3 178.2  5.08 14.75 220.10  23.30  1  5.08 14.75 220.10  23.30
19920922 090000 14.0 173.8  5.11 15.38 219.08  23.19  1  5.11 15.38 219.08  23.19
19920922 120000 13.2 175.8  5.01 16.05 218.37  22.90  1  5.01 16.05 218.37  22.90
19920922 150000 13.3 183.1  4.84 16.17 217.94  22.24  1  4.84 16.17 217.94  22.24
19920922 180000 15.6 196.8  4.86 15.98 217.62  21.39  1  4.86 15.98 217.62  21.39
19920922 210000 17.0 194.3  5.09 15.69 216.79  22.93  1  5.09 15.69 216.79  22.93
19920923 000000 16.9 188.1  5.04 15.50 215.05  24.53  1  5.04 15.50 215.05  24.53
19920923 030000 14.2 179.2  4.64 15.37 214.96  24.67  2  3.40  8.78 209.84  31.09  3.16 15.37 220.13  11.92
19920923 060000 12.1 177.3  4.20 15.25 215.46  23.56  2  2.82  8.48 209.44  31.38  3.11 15.25 219.76  12.60
19920923 090000 12.9 176.2  4.00 15.14 214.21  23.31  2  2.51  8.06 205.68  32.00  3.12 15.14 218.97  13.11
19920923 120000 11.6 175.8  3.87 15.08 213.92  22.37  2  2.27  7.76 205.60  32.58  3.14 15.08 217.64  12.80
19920923 150000 11.0 194.9  3.77 15.07 214.85  20.31  1  3.77 15.07 214.85  20.31
19920923 180000 11.8 206.3  3.83 15.09 215.91  19.07  1  3.83 15.09 215.91  19.07
19920923 210000 13.3 202.3  3.93 15.10 216.30  19.69  1  3.93 15.10 216.30  19.69
19920924 000000 12.9 192.3  3.89 15.10 215.37  20.82  2  2.46  7.36 215.26  29.06  3.02 15.10 215.43  12.70
19920924 030000 12.2 187.7  3.73 15.07 214.51  21.39  2  2.39  7.45 213.34  29.69  2.87 15.07 215.22  12.77
19920924 060000 11.6 187.7  3.54 15.02 213.85  21.85  2  2.28  7.39 211.50  29.98  2.71 15.02 215.33  13.11
19920924 090000  9.8 179.3  3.25 14.93 214.21  21.95  1  3.25 14.93 214.21  21.95
19920924 120000  7.6 168.5  2.95 14.77 215.02  21.16  2  2.95 14.77 214.92  20.91  0.12 16.68 309.83  11.00
19920924 150000  9.0 197.1  2.82 14.57 215.70  19.79  2  2.82 14.57 215.59  19.47  0.12 16.63 309.16  11.38
19920924 180000 11.7 205.9  2.98 14.40 216.10  19.68  2  2.98 14.39 216.00  19.42  0.12 16.61 307.99  11.57
19920924 210000 12.8 201.7  3.19 14.25 216.94  20.60  1  3.19 14.25 216.94  20.60
19920925 000000 12.3 187.5  3.30 14.11 215.58  22.72  2  2.26  7.04 213.12  29.51  2.41 14.11 217.51  14.01
19920925 030000 10.8 175.6  3.19 13.81 215.70  23.67  3  2.19  7.59 212.03  30.55  2.31 13.81 218.42  13.68  0.13 15.62 308.26  11.77
19920925 060000 10.9 171.6  3.04 13.59 215.90  24.37  3  2.10  8.15 211.77  31.23  2.19 13.59 219.04  13.97  0.13 15.58 308.92  11.50
19920925 090000 11.1 164.7  2.95 13.45 214.52  26.24  3  2.13  8.45 209.09  32.78  2.04 13.45 219.41  13.93  0.12 15.56 308.28  11.68
19920925 120000  7.3 161.8  2.78 13.30 215.61  25.95  3  2.00  8.49 210.76  32.29  1.92 13.30 220.00  14.45  0.11 15.52 307.23  11.76
19920925 150000 11.3 185.5  2.65 13.03 216.08  24.94  3  1.90  8.55 210.92  30.56  1.85 13.03 220.67  15.02  0.12 15.23 306.61  11.71
19920925 180000 12.5 197.6  2.73 12.77 216.16  23.79  2  2.73 12.77 216.02  23.52  0.12 14.66 306.99  11.51
19920925 210000 12.9 199.3  2.82 12.63 217.27  23.76  5  2.74 12.76 215.76  23.39  0.64 11.86 241.11   6.80  0.11 14.58 307.01  12.23  0.05 22.49 223.36   7.60  0.05 23.25 293.08  10.72
19920926 000000 13.1 190.3  2.90 12.53 216.44  25.02  6  2.87 12.65 215.91  24.83  0.38 11.73 237.92   4.55  0.11 14.56 307.75  11.63  0.06 22.19 223.39   7.45  0.06 23.18 293.13  11.30  0.05 16.60 300.57  10.66
19920926 030000 12.5 180.9  2.87 12.42 214.54  26.68  7  2.49  7.53 213.36  29.03  1.31 12.65 212.98  12.69  0.55 11.86 242.27   6.98  0.09 14.46 308.13  11.36  0.07 21.64 223.10   7.59  0.07 16.44 299.27  12.91  0.06 22.80 293.88  10.94
19920926 060000 11.5 175.0  2.73 12.26 213.37  27.57  7  2.36  7.78 211.93  30.07  1.26 12.38 212.72  12.92  0.49 11.22 244.41   7.22  0.09 20.80 223.15   7.52  0.09 14.43 307.18  11.41  0.07 21.89 293.82  10.57  0.05 16.52 304.45  11.34
19920926 090000 12.1 173.3  2.59 12.02 211.52  28.45  6  2.26  7.87 209.76  30.83  1.18 12.36 212.52  13.51  0.42 11.19 243.70   7.28  0.10 14.26 306.04  11.86  0.10 20.88 223.42   7.82  0.09 21.77 293.34  10.48
19920926 120000 12.1 178.8  2.54 11.89 210.02  28.62  4  2.53 11.89 209.80  28.33  0.11 21.65 223.29   7.74  0.10 21.74 292.78  10.91  0.10 13.71 306.20  11.86
19920926 150000 11.5 188.4  2.55 11.77 211.68  27.26  5  2.55 11.77 211.43  26.94  0.11 21.69 292.54  11.50  0.10 13.63 304.41  13.07  0.09 19.07 222.78   7.16  0.09 22.03 223.60   8.16
19920926 180000 12.4 202.6  2.65  8.38 215.20  24.87  7  2.64  8.38 214.86  24.54  0.15 12.66 245.00   0.00  0.11 21.52 292.89  11.57  0.11 19.19 222.19   7.24  0.09 21.96 224.76   8.10  0.08 13.56 307.92  11.02  0.05 15.48 292.05  12.11
19920926 210000 13.3 199.8  2.87  8.15 216.24  24.44  7  2.85  8.15 215.94  24.14  0.15 12.66 245.00   0.02  0.14 21.48 225.08   7.63  0.12 20.64 293.32  11.06  0.09 17.79 217.86   6.18  0.08 13.55 306.97  11.10  0.06 15.46 289.77  12.98
19920927 000000 12.1 195.1  2.89  8.30 216.76  25.41  6  2.88  8.30 216.52  25.12  0.15 21.12 224.53   7.58  0.14 20.39 293.40  10.67  0.09 17.80 218.81   6.32  0.07 13.52 306.96  10.69  0.07 15.48 292.42  11.84
19920927 030000 10.1 183.8  2.68  8.36 217.34  26.30  9  2.58  8.36 217.06  26.50  0.56 11.48 206.42   8.54  0.39 13.64 231.89  12.19  0.18 20.58 223.36   7.82  0.17 11.83 245.00   0.00  0.16 20.33 292.95  11.10  0.07 13.39 309.60   8.91  0.07 15.47 292.26  11.95  0.06 17.75 225.00   0.02
19920927 060000  8.9 175.6  2.41  8.31 217.93  26.39  8  2.26  8.31 216.91  26.68  0.57 11.42 207.00   8.11  0.48 12.98 232.99  10.34  0.28 11.73 248.60   5.85  0.20 20.35 224.62   7.73  0.17 20.30 292.60  11.62  0.07 13.07 306.33  11.84  0.07 15.42 292.52  13.55
19920927 090000  7.4 179.6  2.22  8.43 219.00  25.37  6  2.05  8.43 217.93  25.67  0.60 12.15 234.11  11.96  0.53 11.21 205.74   6.82  0.22 20.11 224.09   7.67  0.18 20.23 292.45  12.01  0.09 12.84 301.28  14.26
19920927 120000  7.8 181.2  2.19  8.80 219.59  24.32  6  1.98  8.80 217.68  24.53  0.73 12.27 234.07  12.06  0.47 11.27 205.43   7.44  0.24 19.47 223.83   7.94  0.18 19.98 292.58  11.86  0.09 12.77 301.76  13.79
19920927 150000  7.6 185.3  2.23  9.08 220.11  23.69  5  2.14  9.08 220.37  23.25  0.50 10.51 204.16   7.65  0.28 19.14 223.93   7.86  0.20 19.21 293.04  11.30  0.07 12.74 304.74  11.60
19920927 180000  8.9 214.7  2.29  9.43 221.73  22.49  4  2.26  9.43 221.06  21.63  0.30 18.93 223.75   7.73  0.23 19.06 293.10  11.15  0.07 12.68 304.63  11.03
19920927 210000  7.5 205.1  2.32  9.73 222.86  22.29  4  2.28  9.73 222.11  21.31  0.33 18.38 223.52   7.75  0.25 19.01 293.09  11.31  0.07 12.61 304.49  11.27
19920928 000000  8.5 204.6  2.29  9.73 223.55  22.19  4  2.25  9.73 222.74  21.13  0.34 17.97 223.73   7.72  0.26 18.97 292.93  11.74  0.06 12.52 303.96  11.84
19920928 030000  6.7 190.4  2.25  9.60 223.65  22.33  4  2.21  9.60 222.83  21.30  0.37 17.76 223.33   7.74  0.26 18.92 292.72  12.03  0.06 12.45 304.23  11.58
19920928 060000  5.9 191.6  2.21  9.42 223.94  22.08  4  2.16  9.42 223.14  21.10  0.40 17.30 222.94   7.76  0.26 18.75 292.61  11.92  0.05 11.96 310.33   7.87
19920928 090000  5.3 172.0  2.15  9.30 223.93  22.13  4  2.09  9.30 222.96  20.92  0.42 16.80 223.03   7.73  0.27 18.07 292.58  11.59  0.06 11.91 309.57   8.00
19920928 120000  2.9 162.5  2.03  9.19 224.36  22.31  3  1.96  9.19 223.02  20.60  0.43 16.62 222.90   7.82  0.31 17.84 292.73  11.37
19920928 150000  3.5 262.5  1.87  9.05 225.23  22.92  3  1.78  9.05 223.26  20.40  0.46 16.35 223.33   8.43  0.35 17.79 292.74  11.51
19920928 180000  4.9 236.5  1.73  8.85 226.34  23.55  3  1.62  8.85 223.86  20.49  0.50 15.75 223.36   9.27  0.36 17.76 292.79  11.50
19920928 210000  2.6 211.2  1.61  8.62 227.12  23.99  3  1.48  8.62 224.24  20.67  0.53 15.59 224.47  10.66  0.36 17.73 293.03  11.55
19920929 000000  1.6 239.8  1.50  8.47 227.70  24.10  5  1.34  8.47 224.10  20.28  0.57 15.46 226.02  11.72  0.35 17.68 292.86  11.77  0.10 13.38 294.63  12.98  0.07 22.02 223.80   8.47
19920929 030000  2.8 217.8  1.43 15.34 228.29  24.18  5  1.23  8.30 224.27  20.33  0.65 15.19 226.72  13.23  0.33 17.50 293.53  10.88  0.11 13.40 296.28  11.81  0.07 21.90 224.96   7.79
19920929 060000  4.1 200.4  1.43 14.78 228.75  24.39  5  1.13  8.06 224.20  20.49  0.79 14.75 225.85  13.22  0.36 16.89 293.47  10.54  0.11 13.43 295.91  11.74  0.10 21.49 223.85   7.76
19920929 090000  4.0 200.8  1.49 14.52 229.05  24.57  4  1.03  7.90 223.82  20.99  0.99 14.50 225.90  15.12  0.40 16.70 293.15  10.60  0.13 20.58 225.27   7.60
19920929 120000  3.5 185.5  1.56 14.22 229.57  24.25  4  1.17 14.20 225.74  14.45  0.93  7.75 223.89  21.34  0.44 16.64 293.23  10.57  0.14 20.42 225.30   8.07
19920929 150000  4.1 233.6  1.61 13.72 230.29  23.69  4  1.26 13.72 226.35  14.06  0.86  7.60 223.99  20.75  0.46 16.61 292.46  11.58  0.18 19.85 225.42   8.66
19920929 180000  6.0 218.7  1.63 13.43 230.93  23.54  3  1.55 13.43 226.55  16.97  0.46 16.59 292.39  12.16  0.21 19.25 225.63   8.40
19920929 210000  5.4 206.7  1.60 13.25 231.25  23.82  3  1.52 13.24 227.04  17.79  0.44 16.56 292.53  12.53  0.24 19.08 225.94   7.99
19920930 000000  5.3 197.9  1.55 13.14 231.83  24.30  3  1.47 13.14 227.82  18.99  0.42 16.47 292.60  12.01  0.25 18.98 226.31   7.67
19920930 030000  4.6 200.6  1.51 12.83 232.84  24.89  4  1.36 12.83 229.50  20.30  0.42 16.24 292.79  11.62  0.38 15.21 220.05   8.17  0.33 17.98 225.14   9.15
19920930 060000  5.6 203.6  1.50 15.52 233.73  25.73  5  1.10 10.87 226.29  20.17  0.70 13.36 223.17   9.89  0.46 12.13 261.49  11.65  0.43 15.78 292.77  11.21  0.37 17.85 224.84   9.71
19920930 090000  4.3 194.2  1.51 15.42 233.99  26.86  6  0.97  7.71 223.43  22.66  0.64 11.07 252.06  16.45  0.57 14.49 218.49   9.48  0.52 12.52 226.55  11.12  0.46 15.64 292.72  10.94  0.37 17.77 227.09   7.59
19920930 120000  2.7 185.0  1.54 15.32 233.91  27.07  5  0.93 14.31 221.70  12.39  0.91  7.50 223.95  23.13  0.56 11.22 259.09  12.52  0.48 15.57 291.58  11.85  0.38 17.05 229.58   6.02
19920930 150000  3.7 240.6  1.61 14.95 233.09  26.30  5  1.39 14.22 223.27  17.84  0.49 15.54 290.77  12.71  0.48 11.26 263.89  11.20  0.43 16.76 229.00   6.55  0.17 12.66 255.00   0.00
19920930 180000  3.4 247.9  1.71 13.76 232.15  25.55  4  1.47 13.69 223.19  17.53  0.55 11.26 263.06  10.71  0.48 16.66 227.16   8.20  0.47 15.51 291.71  11.99
19920930 210000  3.0 252.4  1.78 13.32 231.35  25.11  4  1.57 13.37 222.68  17.41  0.58 11.67 260.50   9.55  0.47 15.47 291.94  12.16  0.39 16.68 231.26   6.78
19921001 000000  0.9 295.5  1.81 13.26 230.81  24.69  4  1.55 13.29 221.73  17.06  0.63 11.43 259.40  10.29  0.50 15.81 229.58   7.56  0.46 15.40 291.63  12.50
