Date     Time   Uabs UDir  hs    tp    th     sp     np hs(i) tp(i) th(i)  sp(i)
20041001 000000  8.8 194.5  2.19  7.22 219.64  26.57  4  2.10  7.22 217.71  26.69  0.47 11.58 235.88   9.56  0.42 15.82 241.34  10.11  0.09 12.50 316.43   8.61
20041001 030000  7.5 187.5  2.08  7.32 221.30  26.51  4  1.92  7.32 217.93  26.96  0.62 11.22 237.06   9.24  0.48 15.63 242.00   9.88  0.09 12.40 317.44   7.69
20041001 060000  6.9 177.6  1.94  7.33 223.02  26.18  4  1.74  7.33 218.43  26.84  0.65 10.85 237.95  10.04  0.54 15.49 242.65   9.05  0.09 12.26 317.08   8.23
20041001 090000  4.8 152.8  1.81  7.27 225.53  25.41  4  1.55  7.27 219.39  26.53  0.70 10.36 238.83  10.29  0.61 15.03 242.84   8.82  0.09 12.10 316.99   8.39
20041001 120000  5.3 184.1  1.71 14.58 228.67  23.90  4  1.35  7.24 220.20  25.98  0.76 10.06 240.13   9.73  0.72 14.58 241.92   9.48  0.10 11.99 315.94   8.54
20041001 150000  6.2 202.9  1.64 14.44 230.86  22.73  3  1.42  7.23 226.87  24.01  0.81 14.44 241.59   9.43  0.10 11.91 316.03   8.57
20041001 180000  9.4 222.0  1.73 14.20 231.25  22.30  3  1.49  7.20 227.11  23.75  0.88 14.19 241.50   9.44  0.10 11.83 316.14   8.62
20041001 210000  7.4 207.5  1.85 13.62 231.42  23.17  4  1.57  6.92 226.90  25.09  0.96 13.62 241.59   9.33  0.15 17.96 244.54   6.07  0.10 11.76 316.94   7.94
20041002 000000  8.0 191.7  1.88 13.47 230.90  24.40  4  1.56  6.79 225.46  26.82  0.99 13.47 241.50   9.33  0.29 17.19 242.53   7.53  0.10 11.70 316.73   7.91
20041002 030000  8.6 193.8  1.95 13.38 229.39  25.37  5  1.60  6.66 222.68  28.02  1.07 13.38 240.72   8.99  0.29 16.71 247.99   5.29  0.09 11.63 317.84   7.31  0.06 14.52 305.18  10.64
20041002 060000  6.7 177.7  1.96 13.23 230.04  25.05  5  1.58  6.79 223.26  28.06  1.12 13.22 240.78   8.99  0.24 16.66 246.06   3.65  0.09 11.57 317.97   7.02  0.06 14.53 304.55  11.36
20041002 090000  5.8 175.6  1.94 12.96 231.01  23.83  5  1.54  6.96 224.19  27.01  1.18 12.96 240.96   8.96  0.09 11.48 317.77   7.15  0.09 21.14 244.29   8.01  0.06 14.51 304.46  11.37
20041002 120000  7.6 190.6  1.94 12.97 230.67  23.30  6  1.52  7.10 223.26  26.38  1.14 12.97 240.31   9.07  0.33 15.64 246.08   3.11  0.22 20.14 243.63   8.69  0.09 11.31 317.50   7.35  0.06 14.45 302.07  11.72
20041002 150000  7.2 202.4  1.95 12.92 230.49  22.95  4  1.49  7.11 222.23  26.18  1.18 12.92 240.37   8.85  0.42 19.09 243.42   7.98  0.10 11.19 314.95   9.10
20041002 180000  9.4 221.1  2.08 18.00 231.71  21.77  4  1.54  6.93 222.87  25.20  1.20 12.86 240.41   9.02  0.72 18.05 243.29   8.14  0.10 11.11 315.33   8.72
20041002 210000  8.4 212.3  2.36 17.34 232.60  21.62  4  1.69  6.73 223.04  25.68  1.21 12.86 240.12   9.15  1.12 17.34 243.26   8.43  0.10 11.06 315.01   8.78
20041003 000000  8.5 189.5  2.63 16.59 233.81  21.55  2  1.73  6.92 222.06  27.39  1.98 16.59 241.90   9.32
20041003 030000  7.5 189.3  2.81 15.86 235.94  20.05  2  1.61  7.02 221.70  27.92  2.30 15.86 242.10   9.67
20041003 060000  7.3 176.6  2.91 15.51 237.63  19.22  2  1.41  6.96 218.70  29.57  2.55 15.51 242.61   9.91
20041003 090000  7.0 185.0  2.95 15.61 239.83  17.38  1  2.95 15.61 239.83  17.38
20041003 120000  7.8 201.6  2.92 15.75 241.14  16.33  1  2.92 15.75 241.14  16.33
20041003 150000  5.9 196.8  2.85 15.39 242.28  15.37  1  2.85 15.39 242.28  15.37
20041003 180000  6.6 211.3  2.75 15.22 242.90  14.82  1  2.75 15.22 242.90  14.82
20041003 210000  8.0 199.8  2.66 14.67 242.39  16.20  1  2.66 14.67 242.39  16.20
20041004 000000  6.9 186.2  2.55 14.41 241.95  17.46  1  2.55 14.41 241.95  17.46
20041004 030000  6.6 193.0  2.42 14.23 241.84  17.74  1  2.42 14.23 241.84  17.74
20041004 060000  8.3 184.1  2.31 13.70 240.46  19.86  2  0.95  5.66 213.24  30.15  2.10 13.70 245.19  11.79
20041004 090000  7.6 179.6  2.22 13.50 239.07  21.56  2  0.98  5.54 210.38  30.61  1.99 13.50 244.96  12.15
20041004 120000  6.2 172.6  2.13 13.37 238.61  21.73  5  0.97  5.64 211.95  30.96  1.87 13.37 244.44  12.07  0.25 21.55 240.58   8.04  0.10 12.75 312.19   9.35  0.10 18.99 235.00   0.00
20041004 150000  4.9 206.8  2.04 13.01 239.58  19.69  3  1.98 13.01 239.47  19.86  0.48 20.55 238.88   9.06  0.10 12.79 312.33   9.32
20041004 180000  5.8 213.8  2.02 12.76 240.15  17.65  4  0.82  5.90 220.05  26.34  1.70 12.76 244.21  12.34  0.73 20.16 239.84   8.48  0.10 12.90 312.43   9.23
20041004 210000  6.3 217.4  2.10 12.67 240.17  16.40  2  1.81 12.67 240.43  18.30  1.07 19.23 239.43   8.83
20041005 000000  4.3 182.3  2.24 18.83 240.07  15.47  2  1.75 12.56 240.29  18.59  1.40 18.83 239.75   8.51
20041005 030000  3.5 188.1  2.39 17.99 240.09  14.20  2  1.74 17.99 239.59   8.55  1.65 12.36 240.68  18.57
20041005 060000  4.8 183.7  2.53 17.56 239.99  13.26  2  2.02 17.56 239.68   8.93  1.52 12.08 240.56  18.54
20041005 090000  3.7 209.1  2.63 16.97 240.07  12.56  2  2.20 16.97 239.61   8.99  1.44 11.99 241.20  18.36
20041005 120000  1.8 200.5  2.67 16.44 240.22  11.92  1  2.67 16.44 240.22  11.92
20041005 150000  2.2 245.5  2.65 16.18 240.34  11.58  1  2.65 16.18 240.34  11.58
20041005 180000  1.6 224.6  2.58 15.87 240.39  11.69  1  2.58 15.87 240.39  11.69
20041005 210000  3.6 247.3  2.47 15.43 240.38  11.74  1  2.47 15.43 240.38  11.74
20041006 000000  2.2 120.5  2.34 15.26 240.39  11.87  2  2.33 15.27 240.17  11.12  0.15 14.50 313.08   8.56
20041006 030000  3.2 245.9  2.21 15.15 240.33  12.02  2  2.21 15.15 240.10  11.22  0.14 14.48 313.28   8.54
20041006 060000  3.2 179.0  2.10 14.73 240.35  12.29  2  2.10 14.74 240.10  11.45  0.14 14.45 313.64   8.39
20041006 090000  2.7 192.0  2.01 14.41 240.30  13.71  2  2.01 14.42 240.04  12.90  0.14 14.35 314.95   7.22
20041006 120000  2.4 205.1  1.93 14.30 240.93  13.96  2  1.92 14.31 240.58  12.91  0.15 13.74 314.00   7.94
20041006 150000  2.0 215.4  1.85 14.19 241.79  14.67  3  1.84 14.19 241.30  13.28  0.13 11.45 312.40   9.18  0.12 13.65 314.35   7.98
20041006 180000  1.1 184.9  1.77 13.71 242.94  16.04  3  1.76 13.72 242.21  14.47  0.19 13.56 313.16   8.76  0.12 15.51 265.00   0.00
20041006 210000  2.9 257.7  1.69 13.47 244.45  17.05  2  1.68 13.47 243.73  15.45  0.19 13.56 312.97   8.81
20041007 000000  0.9  72.2  1.65 13.39 246.00  17.73  3  1.64 13.38 245.26  16.23  0.14 13.57 313.43   8.27  0.13 11.58 313.59   8.40
20041007 030000  2.9 143.7  1.65 13.28 247.40  17.97  3  1.64 13.27 246.74  16.69  0.13 13.55 312.74   8.32  0.12 11.68 314.96   7.70
20041007 060000  6.1 124.0  1.71 12.87 247.29  23.75  3  1.70 12.85 246.70  22.99  0.12 13.51 312.43   7.83  0.12 11.72 315.62   7.78
20041007 090000  5.5 167.1  1.80 12.63 246.68  23.40  2  1.79 12.63 246.14  22.67  0.18 13.25 313.79   8.41
20041007 120000  5.7 192.5  1.91 12.56 245.65  22.02  2  1.90 12.56 245.15  21.26  0.18 12.79 314.08   8.34
20041007 150000  3.8 199.0  2.00 12.49 244.91  20.41  2  1.99 12.49 244.42  19.57  0.19 12.72 314.26   8.22
20041007 180000  5.2 215.5  2.04 12.33 244.17  18.95  2  2.04 12.31 243.67  18.00  0.19 12.69 313.39   8.87
20041007 210000  6.6 219.6  2.07 11.93 242.83  18.99  2  2.06 11.91 242.36  18.06  0.19 12.68 313.86   8.29
20041008 000000  6.9 208.8  2.05 11.70 241.37  19.76  5  0.57  3.50 217.54  31.63  1.95 11.69 242.87  16.04  0.23 18.09 219.95   7.40  0.17 12.66 313.46   8.32  0.06 15.80 313.90   7.23
20041008 030000  6.2 179.2  2.01 11.54 239.51  21.31  4  1.97 11.54 239.79  20.41  0.36 15.88 217.73   8.00  0.17 12.63 313.41   8.20  0.07 15.64 314.00   7.23
20041008 060000  2.4 171.1  1.95 11.30 238.71  20.96  5  1.88 11.30 239.61  20.00  0.36 14.89 217.93   8.87  0.33 17.01 219.72   7.51  0.16 12.56 312.49   8.94  0.08 15.49 312.85   8.70
20041008 090000  3.1 189.7  1.90 10.98 237.81  20.31  4  1.78 10.97 239.72  19.16  0.62 14.84 218.51   8.12  0.15 12.45 312.76   8.94  0.08 15.45 312.99   8.70
20041008 120000  6.5 167.2  1.87 10.76 235.50  21.49  4  1.70 10.75 238.38  20.83  0.75 15.36 218.80   8.40  0.14 12.20 313.11   8.91  0.08 15.42 312.99   8.52
20041008 150000  5.7 195.1  1.86 10.45 233.38  21.67  5  1.63 10.43 237.21  21.60  0.85 15.34 218.41   7.89  0.23 19.04 228.83   5.86  0.14 11.98 313.44   8.80  0.08 15.31 312.71   8.42
20041008 180000 10.0 218.1  2.02 14.95 230.40  21.67  5  1.70  9.91 234.31  22.95  0.95 14.96 219.16   8.07  0.49 18.14 223.11   7.90  0.13 11.93 313.82   8.42  0.09 14.91 312.38   8.40
20041008 210000 10.0 211.3  2.25 14.59 228.78  22.72  5  1.89  9.68 232.00  25.03  1.09 14.59 219.50   8.02  0.52 18.03 225.65   7.43  0.13 11.91 313.85   8.49  0.09 14.68 311.54   8.56
20041009 000000  8.9 192.2  2.28 14.43 227.14  23.13  6  1.39  5.75 225.00  32.63  1.18  9.32 236.45  14.22  1.14 14.43 220.16   8.20  0.75 17.45 224.65   7.78  0.12 11.89 313.60   8.67  0.10 14.57 311.18   8.83
20041009 030000  8.6 187.1  2.29 16.52 225.44  22.68  5  1.68  9.10 227.74  28.99  1.20 14.06 221.81   8.82  0.99 16.67 223.74   7.93  0.10 11.87 313.02   8.42  0.10 14.49 311.37   9.30
20041009 060000  8.6 184.1  2.32 16.16 224.56  21.62  5  1.59  9.02 225.46  29.34  1.20 16.17 222.95   8.66  1.19 13.57 224.03   9.11  0.10 14.45 310.58   9.87  0.10 11.81 312.62   8.58
20041009 090000  7.9 189.3  2.37 15.47 225.07  20.04  3  2.01 13.43 225.13  22.60  1.26 15.64 224.41   8.44  0.12 14.41 312.21   8.28
20041009 120000  8.4 187.1  2.44 15.31 225.22  19.36  3  0.99  4.85 210.46  34.32  2.23 15.32 227.49  12.60  0.12 14.31 311.38   8.55
20041009 150000  8.7 196.2  2.49 14.63 225.25  19.19  2  2.49 14.64 225.12  18.85  0.12 14.02 311.46   8.61
20041009 180000 10.0 209.8  2.61 14.45 225.80  18.66  3  1.19  4.77 218.67  31.20  2.32 14.46 227.29  12.43  0.12 13.73 311.36   8.63
20041009 210000 10.3 204.6  2.80 14.40 225.63  18.66  2  1.31  5.19 220.60  30.80  2.47 14.40 226.86  13.16
20041010 000000  7.1 184.8  3.14 14.18 224.84  18.24  1  3.14 14.18 224.84  18.24
20041010 030000  8.8 184.4  3.42 13.79 224.66  17.78  1  3.42 13.79 224.66  17.78
20041010 060000  7.3 175.3  3.45 13.44 224.71  18.00  1  3.45 13.44 224.71  18.00
20041010 090000  7.4 171.9  3.34 13.22 224.91  18.08  1  3.34 13.22 224.91  18.08
20041010 120000  7.4 187.5  3.19 13.05 224.98  18.04  1  3.19 13.05 224.98  18.04
20041010 150000  8.2 202.3  3.05 12.73 224.81  18.04  1  3.05 12.73 224.81  18.04
20041010 180000  6.2 213.4  2.89 12.45 225.26  17.98  1  2.89 12.45 225.26  17.98
20041010 210000  8.0 210.2  2.71 12.35 225.49  18.15  1  2.71 12.35 225.49  18.15
20041011 000000  2.0 264.8  2.49 12.31 225.78  18.45  1  2.49 12.31 225.78  18.45
20041011 030000  0.9 283.3  2.24 12.04 226.43  18.48  2  2.24 12.03 226.35  18.28  0.08 12.67 310.68   9.20
20041011 060000  1.5  40.9  1.97 11.83 227.22  18.83  2  1.96 11.83 227.12  18.59  0.08 12.64 309.75  10.38
20041011 090000  4.0 355.2  1.73 11.77 228.84  21.66  2  1.73 11.77 228.72  21.42  0.08 12.62 310.12  10.17
20041011 120000  4.6 265.7  1.67 11.69 230.99  21.81  2  1.66 11.69 230.83  21.52  0.07 12.59 309.77  10.36
20041011 150000  5.2 243.9  1.95 11.55 233.77  20.81  3  1.94 11.55 233.59  20.64  0.16 19.18 244.08   9.92  0.07 12.52 310.75   9.39
20041011 180000  3.0 260.1  2.58 11.67 236.31  18.88  2  2.53 11.67 235.90  19.06  0.51 17.49 246.06   9.53
20041011 210000  3.6 281.7  3.33 14.11 238.27  17.06  2  2.94 12.63 236.97  18.24  1.56 15.34 242.72  10.91
20041012 000000  3.6 315.5  3.73 14.12 239.47  16.04  1  3.73 14.12 239.47  16.04
20041012 030000  1.8 304.3  3.80 13.98 239.87  15.70  1  3.80 13.98 239.87  15.70
20041012 060000  2.3 346.3  3.76 13.80 239.78  15.84  1  3.76 13.80 239.78  15.84
20041012 090000  0.5 331.0  3.66 13.56 239.60  16.17  1  3.66 13.56 239.60  16.17
20041012 120000  3.7 146.7  3.47 13.31 239.33  16.56  1  3.47 13.31 239.33  16.56
20041012 150000  3.3 198.3  3.24 12.91 238.74  17.19  1  3.24 12.91 238.74  17.19
20041012 180000  9.5 234.6  3.06 12.59 238.20  17.78  2  3.06 12.59 238.16  17.68  0.09 16.67 307.83   7.99
20041012 210000  9.7 222.3  2.93 12.36 236.98  19.24  3  2.92 12.36 237.05  19.15  0.26 20.05 221.58   8.01  0.09 16.63 307.97   7.81
20041013 000000  6.3 195.8  2.72 11.94 235.10  20.47  4  2.67 11.94 235.57  20.42  0.39 16.53 216.64   6.00  0.27 20.34 223.78   7.54  0.09 16.56 307.85   7.78
20041013 030000  7.0 176.3  2.50 11.75 233.53  21.07  4  2.41 11.75 234.54  21.18  0.57 15.58 217.49   6.89  0.30 20.25 224.33   7.44  0.10 16.43 307.97   7.94
20041013 060000  5.7 141.9  2.32 11.58 231.87  21.77  4  2.17 11.58 233.47  22.25  0.69 15.15 218.34   7.59  0.38 19.30 223.17   8.55  0.11 15.98 306.60   9.11
20041013 090000  4.0 142.7  2.17 11.29 230.95  20.90  4  1.96 11.29 233.30  21.67  0.75 14.78 218.52   7.59  0.49 18.89 222.14   8.26  0.11 15.68 306.68   9.07
20041013 120000  2.4 158.9  2.05 11.17 230.09  19.73  4  1.79 11.17 233.26  20.76  0.80 14.49 218.68   7.84  0.60 18.58 221.97   7.87  0.11 15.61 307.12   8.63
20041013 150000  1.6 217.2  1.97 11.10 229.18  18.58  4  1.60 10.99 234.12  19.80  0.97 14.31 218.02   8.10  0.60 17.93 223.27   8.05  0.11 15.57 307.13   8.87
20041013 180000  9.2 230.5  1.98 14.04 228.62  18.81  5  1.44 10.32 234.40  21.37  1.05 14.04 219.26   8.67  0.78 17.55 221.08   8.39  0.38 11.84 249.03   5.19  0.11 15.52 306.30  10.55
20041013 210000  7.2 218.2  2.00 13.73 227.61  19.86  5  0.88  4.52 230.02  31.41  1.62 13.72 227.24  15.57  0.70 17.19 221.70   9.46  0.28 11.10 246.89   4.17  0.11 15.43 307.79   9.00
20041014 000000  2.7 187.9  1.92 13.58 226.50  19.91  5  1.29  9.62 232.10  25.53  1.13 13.56 220.62   8.87  0.81 16.48 221.65   9.14  0.25 11.08 246.61   4.09  0.12 15.19 307.80   8.94
20041014 030000  3.0 182.9  1.82 16.36 225.86  19.22  4  1.59 13.44 225.63  20.07  0.82 16.37 222.24  10.02  0.32 10.94 247.09   4.29  0.12 14.73 307.74   8.87
20041014 060000  4.2 219.4  1.74 16.28 225.58  18.53  4  1.48 13.34 225.01  19.07  0.84 16.29 222.96  11.22  0.31 10.73 248.06   4.74  0.13 14.62 308.08   8.54
20041014 090000  2.6 206.4  1.67 15.74 225.72  18.00  3  1.65 15.77 224.88  16.85  0.23 10.37 249.26   5.15  0.12 14.58 307.78   8.31
20041014 120000  3.3 262.7  1.63 15.51 226.64  17.99  4  1.61 15.53 225.84  16.79  0.21 10.35 248.99   5.10  0.12 14.55 308.07   8.26  0.06 20.33 316.64   7.34
20041014 150000  2.6 273.8  1.61 15.43 227.64  17.53  4  1.57 15.44 226.42  16.05  0.29 10.12 250.44   5.51  0.12 14.51 308.32   8.14  0.07 20.31 316.61   7.51
20041014 180000  1.4  48.0  1.62 15.17 229.29  17.44  4  1.58 15.18 228.03  15.96  0.30  9.88 251.03   6.36  0.12 14.43 308.16   8.31  0.07 20.25 316.82   7.52
20041014 210000  3.7 290.8  1.65 14.63 230.98  17.44  4  1.61 14.64 229.39  15.68  0.36  9.57 253.43   9.12  0.12 14.19 308.30   7.82  0.08 19.60 316.73   7.43
20041015 000000  4.9  11.3  1.70 14.42 233.19  20.78  4  1.61 14.43 230.46  14.10  0.52  8.64 260.46  39.63  0.13 13.78 307.92   8.28  0.10 19.05 316.34   7.81
20041015 030000  3.2 338.3  1.72 14.23 235.23  21.38  3  1.71 14.24 234.54  20.06  0.13 13.68 308.00   8.30  0.13 19.00 316.10   7.83
20041015 060000  4.4  25.1  1.75 13.95 237.08  22.18  3  1.74 13.97 236.38  20.94  0.14 18.97 316.28   7.71  0.13 13.63 308.24   8.47
20041015 090000  5.0  10.8  1.84 13.68 240.56  26.49  4  1.79 13.68 241.42  25.49  0.39 17.68 211.07   6.75  0.14 18.87 316.27   7.65  0.12 13.60 308.81   8.08
20041015 120000  7.1 354.6  1.99 13.50 245.20  31.31  4  1.89 13.50 248.21  30.38  0.59 16.80 211.49   7.16  0.15 18.08 316.26   7.58  0.11 13.58 309.17   7.72
20041015 150000  6.8 333.9  2.15 13.47 251.05  35.94  4  2.03 13.47 255.03  35.00  0.66 16.58 211.32   6.76  0.19 17.81 316.12   7.59  0.11 13.53 309.05   7.61
20041015 180000  6.7 308.9  2.29 13.52 252.91  36.61  4  1.98 13.13 265.83  33.46  1.12 15.52 213.97   7.79  0.21 17.76 315.96   7.69  0.11 13.42 308.89   7.74
20041015 210000  5.3 304.2  2.38 13.48 250.37  34.60  4  1.98 13.04 265.79  30.62  1.29 14.86 215.54   8.69  0.22 17.72 315.74   7.95  0.12 13.15 308.62   7.89
20041016 000000  5.9 322.8  2.43 13.15 247.59  32.36  4  1.99 12.74 263.00  28.00  1.37 14.66 215.51   8.85  0.21 17.61 315.54   7.99  0.12 12.89 308.76   8.02
20041016 030000  2.8 325.7  2.43 12.94 245.36  30.83  4  1.88 12.56 263.54  25.79  1.52 14.23 217.78  10.53  0.22 16.93 315.64   7.96  0.13 12.80 308.37   8.49
20041016 060000  0.4 304.3  2.37 12.90 243.25  29.82  4  1.76 12.05 263.07  23.91  1.56 14.06 217.80  10.30  0.25 16.66 315.71   7.90  0.12 12.75 308.74   8.65
20041016 090000  1.5  93.9  2.28 13.25 241.10  29.19  4  1.61 11.82 263.29  22.41  1.59 13.76 218.02  10.32  0.27 16.60 315.84   7.91  0.11 12.72 308.78   8.73
20041016 120000  1.3 156.7  2.18 13.37 239.05  28.67  4  1.64 13.56 219.32  11.45  1.41 11.79 264.69  21.54  0.27 16.56 315.70   8.07  0.10 12.69 308.83   8.69
20041016 150000  3.7 196.0  2.10 13.35 236.87  28.03  6  1.60 13.44 218.51  10.51  1.31 11.28 263.69  20.61  0.26 16.48 315.23   8.46  0.16 19.58 203.68   4.41  0.09 12.66 308.81   8.45  0.07 19.03 317.14   7.08
20041016 180000  9.7 217.3  2.13 13.30 233.43  27.35  7  0.64  3.22 228.11  31.35  1.64 13.32 220.01  11.85  1.12 10.98 264.68  19.23  0.33 18.32 204.74   5.93  0.26 16.16 315.07   8.63  0.09 12.60 309.07   8.18  0.08 19.02 317.35   7.07
20041016 210000 10.9 206.3  2.28 13.20 228.14  27.64  5  1.09  4.38 218.79  32.44  1.92 13.21 231.24  23.00  0.52 17.71 204.78   5.31  0.27 15.64 315.68   8.03  0.10 12.52 309.55   8.07
20041017 000000 10.0 196.3  2.43 13.00 222.98  27.87  5  1.38  5.14 214.85  34.23  1.81 13.01 228.57  20.28  0.79 16.88 207.49   7.00  0.29 15.54 315.52   8.47  0.09 12.40 312.31   6.30
20041017 030000  9.6 187.4  2.46 12.90 220.16  27.30  6  1.26  5.16 202.65  29.89  1.82 12.91 229.74  21.37  1.04 16.30 209.78   9.13  0.28 15.50 315.54   8.43  0.11 17.87 316.58   7.29  0.08 12.27 311.90   7.25
20041017 060000  9.2 184.5  2.44 15.51 219.00  26.14  5  2.11 13.01 220.79  26.40  1.19 15.79 209.89   9.32  0.28 15.45 315.33   8.59  0.13 17.81 316.50   7.51  0.08 11.99 311.10   8.22
20041017 090000  7.2 178.6  2.42 15.17 218.39  24.72  3  2.40 15.13 217.35  22.25  0.28 15.37 314.93   8.35  0.13 17.79 316.61   7.61
20041017 120000  8.0 190.8  2.40 14.67 218.21  23.15  3  2.38 14.62 217.20  20.48  0.28 15.07 314.73   8.42  0.13 17.78 317.05   7.21
20041017 150000  9.5 199.3  2.46 14.35 217.32  22.67  2  2.44 14.31 216.36  20.05  0.31 14.64 315.11   8.25
20041017 180000 12.0 206.4  2.65 14.18 218.32  22.88  3  2.63 14.13 217.46  20.64  0.25 14.50 314.92   8.55  0.19 16.70 315.49   7.62
20041017 210000 11.7 209.2  2.77 14.01 218.79  23.38  3  2.75 13.88 217.96  21.31  0.25 14.47 314.95   8.50  0.19 16.66 315.74   7.59
20041018 000000  8.8 194.6  2.65 13.67 218.61  23.97  4  1.75  6.42 218.21  29.36  1.96 13.62 217.29  12.35  0.26 14.44 314.98   8.50  0.20 16.63 315.88   7.50
20041018 030000 10.1 186.4  2.50 13.50 217.60  24.60  4  1.59  6.31 213.46  30.67  1.91 13.47 218.38  12.58  0.28 14.47 314.73   8.52  0.18 16.66 316.38   7.43
20041018 060000 10.3 171.9  2.39 13.40 216.32  26.15  4  1.48  6.10 207.23  32.83  1.84 13.37 219.53  12.40  0.27 14.42 313.83   8.12  0.19 16.58 317.74   7.59
20041018 090000  8.6 163.6  2.29 13.29 216.32  26.90  5  1.38  6.06 203.29  33.69  1.80 13.25 220.93  12.54  0.25 15.75 315.25   7.58  0.20 13.68 314.89   8.96  0.06 20.34 306.36   8.25
20041018 120000  8.6 177.8  2.22 13.03 217.17  26.38  5  1.34  6.18 205.27  33.42  1.74 12.97 221.17  11.87  0.24 15.62 316.17   7.75  0.19 13.55 313.16   8.90  0.07 20.33 305.61   8.76
20041018 150000 11.2 193.4  2.37 12.81 215.91  25.43  5  1.60  5.86 206.06  29.29  1.72 12.78 221.52  11.55  0.22 15.66 315.76   7.86  0.21 13.63 314.40   8.59  0.07 20.34 305.14   9.22
20041018 180000 12.5 203.1  2.66 12.71 217.79  24.24  4  2.64 12.69 216.95  22.23  0.23 15.56 316.36   7.48  0.20 13.51 313.27   8.91  0.06 20.34 304.96   9.59
20041018 210000 13.6 205.8  2.93 12.66 218.84  24.15  3  2.91 12.63 218.15  22.52  0.26 15.39 315.80   8.61  0.16 13.40 312.05   7.15
20041019 000000 10.2 199.5  2.99 12.60 218.33  24.94  4  2.48  7.38 215.19  26.75  1.64 12.57 222.75  11.39  0.30 15.12 314.92   8.35  0.08 19.08 306.93   8.71
20041019 030000 10.1 190.2  2.85 12.51 218.52  24.79  4  2.30  7.65 214.74  26.71  1.64 12.46 223.13  11.49  0.29 14.69 314.96   8.39  0.11 19.02 306.31   8.51
20041019 060000  7.5 171.4  2.67 12.35 219.33  24.32  4  2.02  7.75 214.94  27.15  1.71 12.27 222.96  11.67  0.29 14.62 315.09   8.38  0.13 19.02 305.42   9.02
20041019 090000  5.4 164.0  2.49 12.27 220.99  23.00  4  1.80  7.84 217.19  26.11  1.70 12.22 223.03  11.71  0.28 14.58 315.21   8.28  0.12 19.01 304.70   9.61
20041019 120000  6.0 184.2  2.37 12.37 222.16  21.72  3  2.35 12.30 221.23  19.30  0.28 14.54 315.24   8.14  0.10 19.01 304.37   9.92
20041019 150000  8.7 198.9  2.34 12.44 221.83  21.50  3  2.32 12.40 220.92  19.09  0.27 14.45 315.13   8.18  0.09 18.86 306.51   9.07
20041019 180000 10.8 215.8  2.51 12.39 222.07  21.48  3  2.49 12.37 221.25  19.36  0.26 14.32 315.02   8.25  0.12 17.92 307.61   8.04
20041019 210000 11.1 208.3  2.76 12.28 222.13  22.73  3  2.75 12.25 221.38  21.00  0.26 14.16 314.95   8.38  0.17 17.81 306.83   8.46
20041020 000000  9.2 194.6  2.78 12.06 221.91  24.00  4  2.28  7.89 219.82  25.87  1.55 12.04 223.81  11.24  0.25 13.98 315.00   8.42  0.18 17.79 305.90   8.95
20041020 030000  8.1 198.4  2.64 11.88 222.44  23.86  4  2.24  8.13 220.46  25.03  1.37 11.87 224.62  10.97  0.24 13.83 315.13   8.35  0.17 17.78 305.21   9.39
20041020 060000  9.3 192.9  2.51 11.72 222.63  23.62  4  2.05  8.43 220.39  25.36  1.43 11.71 224.62  11.79  0.24 13.74 315.20   8.31  0.14 17.77 304.86   9.76
20041020 090000  7.1 192.2  2.39 11.58 223.33  23.14  4  1.94  8.59 221.39  24.87  1.37 11.56 224.72  11.48  0.24 13.66 315.24   8.28  0.13 17.73 306.05   9.73
20041020 120000  6.5 195.3  2.29 11.28 224.47  22.50  6  1.85  8.69 222.52  23.97  1.20 11.32 225.21  11.42  0.57 14.36 226.94   7.91  0.23 13.58 315.25   8.25  0.15 17.37 307.84   8.66  0.08 19.22 224.20   6.70
20041020 150000  7.1 214.7  2.23 10.95 225.18  22.16  5  1.78  8.75 223.17  23.03  1.19 10.97 225.99  11.54  0.55 14.59 224.95   9.62  0.22 13.52 315.31   8.19  0.19 16.75 307.73   8.39
20041020 180000  9.7 202.9  2.31  8.88 224.36  22.68  5  1.90  8.77 221.38  23.10  1.06 10.98 227.38  11.04  0.70 14.26 226.59   9.67  0.22 16.66 306.95   8.74  0.22 13.46 315.32   8.31
20041020 210000 10.0 208.8  2.38 10.79 223.45  22.89  5  1.96  8.69 220.40  23.53  0.98 10.96 227.82  11.33  0.86 14.02 225.34   9.30  0.22 16.63 306.12   9.23  0.21 13.41 315.44   8.15
20041021 000000  6.9 191.5  2.39 13.73 223.08  23.04  5  1.96  8.37 220.30  24.23  1.00 13.86 225.38   9.67  0.91 10.87 226.32  12.47  0.21 13.35 315.46   8.10  0.20 16.62 305.60   9.72
20041021 030000  8.0 200.2  2.34 13.63 223.26  22.23  5  1.74  8.05 220.03  25.22  1.21 13.67 224.30   9.76  0.97 10.79 226.66  12.04  0.21 13.28 315.34   8.22  0.18 16.60 305.82  10.08
20041021 060000  9.0 182.8  2.34 13.44 222.10  22.50  4  1.66  7.92 217.54  26.57  1.63 13.46 224.86  10.70  0.20 13.17 315.29   8.22  0.17 16.56 307.04   9.89
20041021 090000  8.2 189.6  2.33 13.07 222.19  21.98  3  2.31 13.08 221.37  19.99  0.19 12.92 315.26   8.21  0.19 16.38 307.92   9.19
20041021 120000  7.2 189.9  2.30 12.75 223.19  21.07  5  2.08 12.75 222.03  20.07  0.94 15.67 223.19   9.19  0.21 15.74 308.02   8.71  0.19 12.76 315.26   8.20  0.05 19.22 302.21   9.31
20041021 150000  8.5 192.7  2.32 12.61 223.15  20.78  5  2.01 12.60 222.09  20.13  1.11 15.40 222.17   9.18  0.24 15.59 307.29   9.03  0.18 12.67 315.33   8.18  0.06 19.13 301.80   9.47
20041021 180000  9.6 207.6  2.52 15.50 222.62  20.61  5  2.11 12.34 221.11  20.99  1.34 15.42 223.20   9.01  0.24 15.54 306.65   9.47  0.17 12.63 315.46   8.13  0.06 19.10 300.93  10.07
20041021 210000 11.1 203.4  2.69 15.45 221.88  20.80  5  1.68  6.03 215.28  26.39  2.08 15.42 224.61  10.37  0.24 15.52 306.44   9.85  0.17 12.60 315.60   8.07  0.06 19.09 301.40   9.53
20041022 000000  7.0 187.8  2.75 15.40 221.72  20.83  4  1.63  6.24 214.41  27.91  2.19 15.37 224.34  10.36  0.24 15.51 306.40  10.09  0.17 12.58 315.72   8.03
20041022 030000 11.7 188.3  2.83 15.27 220.13  21.28  5  1.61  6.06 208.89  28.98  2.31 15.23 224.07  10.34  0.21 15.49 307.68   9.95  0.16 12.55 315.76   8.02  0.09 18.34 303.13   8.88
20041022 060000 11.2 178.4  2.89 15.05 218.87  22.35  5  1.62  5.93 204.62  30.56  2.37 14.98 223.86  10.28  0.20 15.44 308.59   9.41  0.16 12.51 315.70   8.03  0.10 17.99 302.35   9.39
20041022 090000  9.3 184.5  2.85 14.67 219.92  21.49  5  1.44  5.84 203.32  31.24  2.44 14.65 224.12  10.28  0.21 15.22 308.50   9.11  0.15 12.41 315.92   7.72  0.11 17.92 301.98   9.44
20041022 120000  8.4 185.4  2.79 14.47 221.25  20.35  5  1.30  5.70 205.13  31.17  2.45 14.45 224.36  10.34  0.22 14.66 308.06   9.16  0.14 12.10 315.75   7.82  0.12 17.87 302.09   9.42
20041022 150000 11.1 205.8  2.85 14.35 221.84  19.82  5  1.47  5.56 210.87  28.64  2.42 14.31 224.55  10.26  0.23 14.54 307.65   9.27  0.13 11.90 315.73   7.86  0.12 17.82 301.45   9.18
20041022 180000 14.4 211.1  3.27 14.28 222.40  21.37  4  3.26 14.22 221.88  20.20  0.24 14.51 307.09   9.80  0.14 17.63 302.41   9.38  0.12 11.83 315.68   7.93
20041022 210000 14.4 202.0  3.66 14.25 220.62  23.32  4  3.64 14.18 220.18  22.42  0.24 14.49 307.11  10.06  0.16 17.32 302.58   9.41  0.12 11.80 315.75   7.90
20041023 000000  8.6 190.1  3.54 14.22 220.23  24.17  5  2.72  8.07 215.59  28.35  2.24 14.16 225.25  10.08  0.23 14.48 307.23  10.31  0.17 16.95 302.55   9.47  0.12 11.79 315.67   8.04
20041023 030000  9.8 192.4  3.20 14.17 222.27  22.92  5  2.24  8.17 216.92  28.19  2.26 14.13 225.96  11.22  0.22 14.47 307.88   9.93  0.18 16.85 301.41  10.52  0.12 11.78 315.98   7.96
20041023 060000 11.0 185.0  3.00 14.04 221.88  23.20  4  2.99 13.95 221.32  22.08  0.20 14.43 308.45   9.65  0.18 16.81 301.17  10.58  0.11 11.77 315.73   8.55
20041023 090000 10.3 176.0  2.88 13.68 220.82  24.27  4  2.87 13.66 220.23  23.16  0.19 16.75 301.23  10.33  0.18 14.29 308.66   9.54  0.11 11.81 315.95   7.78
20041023 120000  8.6 180.6  2.71 13.51 221.68  24.12  4  2.70 13.50 221.00  22.82  0.20 16.62 301.99  10.31  0.18 13.74 308.88   9.67  0.09 11.66 316.24   7.62
20041023 150000  9.7 196.8  2.64 13.43 222.38  22.97  3  2.62 13.41 221.62  21.44  0.22 16.47 302.05  10.30  0.20 13.59 310.32   9.48
20041023 180000 13.9 212.4  3.07 13.37 221.61  22.16  3  3.05 13.35 221.03  20.94  0.23 16.26 301.79  10.39  0.20 13.54 309.96   9.63
20041023 210000 13.6 205.2  3.64 13.31 221.05  22.72  3  3.62 13.28 220.65  21.90  0.22 16.04 301.63  10.56  0.20 13.54 309.32   9.98
20041024 000000 11.0 193.3  3.65 13.22 220.40  23.05  4  2.59  8.06 216.32  28.02  2.56 13.19 223.42  13.35  0.22 15.95 301.40  10.75  0.19 13.54 309.03  10.11
20041024 030000 10.8 202.4  3.54 13.12 221.24  21.84  3  3.52 13.07 220.84  21.01  0.22 15.93 301.48  10.65  0.18 13.53 309.16  10.37
20041024 060000 10.8 197.1  3.51 13.01 221.65  21.14  3  3.50 12.98 221.25  20.27  0.23 15.87 302.06   9.86  0.17 13.53 309.63  10.29
20041024 090000  8.9 190.6  3.43 12.97 222.31  20.60  3  3.12 12.96 221.46  21.13  1.41 15.84 223.83   9.15  0.29 15.64 303.98  11.40
20041024 120000  7.5 195.2  3.29 13.02 223.13  19.71  2  3.28 13.02 222.67  18.64  0.29 15.46 304.58  10.32
20041024 150000  7.4 201.8  3.12 14.31 223.97  18.61  3  3.11 14.16 223.49  17.41  0.26 15.34 302.88   9.81  0.12 12.65 311.26  10.26
20041024 180000 11.9 210.8  3.10 14.21 223.87  18.47  3  3.09 14.13 223.41  17.32  0.25 15.30 301.77  10.50  0.12 12.66 311.50  10.04
20041024 210000 12.4 209.6  3.29 14.14 223.13  20.03  3  3.28 14.09 222.73  19.15  0.24 15.27 301.61  10.59  0.12 12.65 310.70  10.00
20041025 000000  8.4 202.4  3.15 14.06 223.15  20.94  4  2.07  7.10 219.44  27.62  2.36 14.00 224.98  10.55  0.24 15.26 301.85  10.68  0.11 12.63 310.48   9.71
20041025 030000  8.7 180.6  2.90 13.89 223.17  21.04  2  2.88 13.80 222.65  19.94  0.27 15.21 303.36  10.80
20041025 060000  8.3 175.5  2.68 13.61 223.09  21.13  2  2.67 13.53 222.46  19.82  0.28 15.01 303.37  10.67
20041025 090000  8.6 172.1  2.54 13.30 222.49  21.92  2  2.53 13.23 221.79  20.50  0.27 14.60 303.33  10.64
20041025 120000  8.4 188.6  2.43 13.21 222.69  21.62  2  2.41 13.16 221.96  20.10  0.27 14.46 303.17  10.69
20041025 150000  9.3 202.5  2.38 13.20 223.09  20.80  2  2.36 13.16 222.36  19.25  0.26 14.42 302.91  10.83
20041025 180000  8.2 213.6  2.30 13.16 224.37  20.47  2  2.28 13.13 223.64  18.92  0.26 14.40 302.76  10.86
20041025 210000  7.7 210.7  2.14 12.80 225.51  20.25  2  2.13 12.70 224.69  18.52  0.25 14.39 302.69  10.78
20041026 000000  7.7 208.9  2.01 12.50 225.90  19.97  2  2.00 12.45 224.98  17.99  0.25 14.36 302.71  10.68
20041026 030000  6.4 184.6  1.98 12.40 225.59  19.96  2  1.96 12.36 224.65  17.91  0.25 14.29 302.77  10.61
20041026 060000  6.2 165.4  2.03 12.33 225.31  19.43  4  2.00 12.28 224.47  17.51  0.25 14.10 302.79  10.62  0.15 17.89 219.00   5.39  0.11 21.03 227.48   6.75
20041026 090000  5.2 158.9  2.12 12.30 224.84  19.01  3  2.09 12.23 224.11  17.40  0.28 20.00 223.85   7.48  0.24 13.68 303.26  10.18
20041026 120000  4.7 176.0  2.23 12.28 224.86  17.78  3  2.15 12.15 224.38  16.55  0.55 18.91 222.08   8.64  0.23 13.56 303.39  10.23
20041026 150000  6.7 193.3  2.40 12.34 224.15  17.31  3  2.25 12.30 223.57  16.69  0.81 18.02 224.10   8.44  0.23 13.52 303.51  10.10
20041026 180000 10.9 211.7  2.71 17.43 223.61  17.35  3  2.39 12.39 223.03  17.82  1.26 17.44 223.85   9.04  0.22 13.52 302.65  10.85
20041026 210000  9.7 202.8  2.97 16.57 223.21  17.94  3  2.56 12.46 222.24  19.16  1.50 16.58 224.73   8.66  0.22 13.51 302.26  11.10
20041027 000000  7.2 205.3  3.03 16.15 223.73  17.47  3  2.47 12.76 222.58  19.22  1.73 16.15 225.11   9.71  0.21 13.50 303.06  10.26
20041027 030000  8.0 196.3  2.99 15.49 224.43  16.87  2  2.99 15.50 224.15  16.13  0.21 13.47 302.83  10.50
20041027 060000  8.6 184.9  2.95 15.16 224.32  17.50  2  2.95 15.16 224.05  16.84  0.20 13.41 302.28  11.09
20041027 090000  8.4 187.5  2.87 14.64 224.66  17.85  2  2.87 14.65 224.42  17.25  0.19 13.27 302.60  10.82
20041027 120000  7.4 187.2  2.79 14.36 225.03  18.30  2  2.78 14.36 224.80  17.76  0.18 12.91 303.21  10.29
20041027 150000  9.5 196.2  2.71 14.20 225.25  18.73  2  2.70 14.20 225.02  18.22  0.17 12.77 303.30  10.37
20041027 180000 12.3 208.3  2.83 13.80 224.48  19.74  2  2.82 13.81 224.28  19.31  0.16 12.73 303.39  10.44
20041027 210000 12.4 200.6  3.04 13.52 222.63  22.34  2  3.04 13.53 222.46  22.02  0.16 12.71 303.44  10.58
20041028 000000  9.4 189.9  3.10 13.40 221.91  23.77  3  2.40  7.69 215.45  27.34  1.95 13.41 230.39  11.39  0.16 12.69 303.54  10.71
20041028 030000 10.0 187.8  2.93 13.26 222.17  24.01  2  2.92 13.27 221.99  23.71  0.16 12.67 303.84  10.71
20041028 060000  9.1 192.9  2.75 12.91 222.31  23.86  5  2.27  8.08 217.48  26.35  1.53 12.93 231.25  11.89  0.22 16.99 224.96   9.46  0.19 19.50 235.16   8.00  0.15 12.64 303.19  10.47
20041028 090000  7.2 181.5  2.58 12.72 223.50  23.49  6  2.15  8.09 219.42  25.75  1.40 12.73 231.40  12.10  0.25 18.94 235.33   8.19  0.16 16.64 219.94   5.28  0.14 12.62 302.63  10.29  0.07 18.92 316.10   7.83
20041028 120000  5.5 192.4  2.40 12.62 225.77  22.27  5  1.96  8.13 222.18  24.67  1.35 12.62 231.72  12.25  0.29 18.66 233.58   9.30  0.13 12.59 302.44  10.38  0.08 18.84 315.59   8.52
20041028 150000  8.4 213.3  2.30 12.50 226.95  21.14  5  1.77  8.14 223.63  24.28  1.43 12.50 230.63  12.60  0.34 18.07 233.48   9.30  0.13 12.57 300.87  11.74  0.09 18.73 315.71   8.06
20041028 180000 10.0 215.1  2.41 12.33 226.53  20.83  6  1.86  8.11 223.73  23.52  1.43 12.32 229.82  13.64  0.42 18.09 230.71  10.57  0.26 15.90 230.00   5.00  0.12 12.46 300.80  11.75  0.10 18.13 315.71   8.01
20041028 210000  8.5 204.8  2.59 12.07 225.92  21.01  4  2.47 12.07 225.42  21.19  0.75 17.61 228.14   9.00  0.12 17.75 316.14   7.82  0.12 12.18 301.02  11.95
20041029 000000  7.6 202.5  2.80 11.95 225.63  20.04  4  2.50 11.95 225.05  21.27  1.26 16.71 226.61   8.81  0.15 17.65 315.87   8.58  0.11 12.02 303.10  10.54
20041029 030000  7.8 198.2  3.04 16.24 225.82  18.56  3  2.48 11.92 225.32  21.20  1.76 16.23 226.23   9.15  0.17 17.54 315.36   8.76
20041029 060000  8.4 195.0  3.24 15.59 226.00  17.75  2  3.23 15.57 225.83  17.25  0.17 17.10 315.57   8.33
20041029 090000  7.6 186.9  3.34 15.34 226.45  17.45  2  3.34 15.32 226.26  16.88  0.19 16.65 315.81   8.23
20041029 120000  8.4 201.1  3.37 15.25 227.06  16.95  2  3.36 15.23 226.81  16.15  0.22 16.55 315.10   8.42
20041029 150000  8.2 199.7  3.37 15.17 227.13  17.00  2  3.37 15.16 226.85  16.12  0.23 16.47 315.64   8.24
20041029 180000 11.2 208.8  3.42 14.88 226.64  17.51  2  3.41 14.86 226.36  16.64  0.24 16.29 315.46   8.33
20041029 210000 11.4 204.1  3.55 14.70 225.53  18.99  2  3.54 14.69 225.23  18.16  0.25 15.65 315.01   8.53
20041030 000000  9.0 198.8  3.55 14.66 225.13  19.85  2  3.54 14.64 224.79  18.95  0.27 15.49 315.55   8.25
20041030 030000  9.6 192.0  3.46 14.56 224.96  20.10  2  3.45 14.53 224.57  19.03  0.28 15.44 316.00   8.04
20041030 060000 10.2 187.4  3.39 14.32 224.19  20.73  3  1.81  7.65 213.17  28.25  2.85 14.29 227.56  12.83  0.29 15.39 315.98   8.14
20041030 090000  9.1 179.5  3.31 14.06 223.75  21.22  2  3.30 14.03 223.31  20.09  0.28 15.24 315.74   8.08
20041030 120000  8.9 194.7  3.22 13.95 224.29  20.32  2  3.21 13.92 223.83  19.10  0.28 14.63 315.66   8.09
20041030 150000  9.6 197.2  3.21 13.93 224.06  19.92  2  3.19 13.88 223.56  18.54  0.29 14.45 315.70   8.08
20041030 180000 13.6 213.5  3.43 13.87 223.19  20.33  2  3.41 13.82 222.72  19.04  0.30 14.41 315.96   8.00
20041030 210000 12.4 203.7  3.68 13.80 222.09  21.60  3  2.52  7.33 218.41  26.58  2.66 13.76 224.35  12.25  0.30 14.38 316.04   8.16
20041031 000000  9.0 192.0  3.59 13.78 221.54  21.74  3  2.40  7.72 217.71  27.47  2.65 13.75 223.70  12.10  0.29 14.32 315.99   8.15
20041031 030000 10.1 188.2  3.39 13.86 221.01  21.16  3  2.10  7.73 216.44  28.17  2.64 13.84 223.00  11.88  0.27 14.07 315.92   8.08
20041031 060000 10.9 183.1  3.24 14.30 219.61  21.54  3  1.91  7.34 211.95  29.41  2.61 14.40 222.66  12.02  0.26 13.61 315.94   8.05
20041031 090000  9.6 175.4  3.11 14.47 218.87  22.16  3  1.84  7.06 210.80  30.23  2.49 14.52 222.12  11.90  0.26 13.49 316.05   7.99
20041031 120000  9.0 187.2  2.92 14.41 219.15  21.99  3  1.67  7.07 210.84  30.30  2.38 14.44 222.03  12.17  0.26 13.45 316.15   7.96
20041031 150000 10.5 197.1  2.80 14.30 219.05  21.65  3  1.66  6.90 213.31  29.30  2.24 14.34 221.09  11.88  0.26 13.41 316.02   8.16
20041031 180000 13.0 207.3  2.97 14.16 219.14  21.90  2  2.96 14.19 218.73  20.79  0.25 13.36 315.64   8.67
20041031 210000 12.4 204.1  3.05 13.73 219.33  23.17  3  3.04 13.76 219.00  22.36  0.23 13.23 315.61   8.42  0.07 22.00 220.62   7.23
20041101 000000 11.5 195.1  2.94 13.47 218.46  24.17  5  2.38  7.31 217.33  27.76  1.71 13.48 219.49  10.89  0.21 12.86 315.54   8.54  0.09 21.61 220.55   7.43  0.07 21.84 287.43  11.41
