Date     Time   Uabs UDir  hs    tp    th     sp     np hs(i) tp(i) th(i)  sp(i)
20051201 000000 11.1 193.6  3.01  8.16 216.68  27.19  3  2.98  8.16 215.69  26.00  0.34 13.56 299.78  14.14  0.30 16.67 234.14   8.37
20051201 030000 11.5 191.1  2.77  8.21 216.99  27.51  4  2.72  8.21 215.74  26.17  0.35 16.60 234.26   8.67  0.33 13.51 299.04  13.20  0.06  9.76 328.21   8.34
20051201 060000  9.9 188.2  2.56  8.14 218.01  27.39  5  2.48  8.14 216.36  26.15  0.38 16.43 234.16   8.53  0.37 11.24 222.81   5.60  0.33 13.49 299.71  12.46  0.06  9.72 327.95   8.41
20051201 090000  6.9 181.6  2.33  8.16 220.97  26.63  4  2.27  8.16 219.16  24.93  0.43 15.69 233.94   8.44  0.32 13.48 300.22  12.07  0.05  9.63 329.55   6.88
20051201 120000  6.8 195.0  2.14  8.33 223.62  25.07  5  2.06  8.33 221.51  23.13  0.49 15.54 234.33   8.60  0.32 13.47 300.81  11.87  0.05 18.12 306.57   8.70  0.05  9.56 329.34   7.26
20051201 150000  6.8 210.5  2.03  8.46 224.44  23.84  4  1.94  8.46 222.15  21.68  0.52 15.46 234.04   8.76  0.31 13.45 301.98  12.57  0.07 17.84 306.34   8.75
20051201 180000 11.3 205.3  2.12  8.50 222.62  23.96  4  2.02  8.50 220.41  22.06  0.54 15.27 234.03   8.38  0.29 13.40 302.51  12.67  0.08 17.79 306.46   8.60
20051201 210000  9.8 210.7  2.17  8.42 221.78  24.48  4  2.08  8.42 219.62  22.90  0.56 14.64 234.10   8.40  0.28 13.29 301.93  13.65  0.07 17.74 306.65   8.41
20051202 000000  7.0 200.1  2.10  8.33 221.61  24.98  4  2.00  8.33 219.22  23.50  0.59 14.49 234.00   8.50  0.27 12.93 301.51  14.32  0.07 17.67 306.59   8.33
20051202 030000  6.5 192.0  1.96 14.37 221.78  24.96  4  1.84  8.43 218.90  23.24  0.61 14.41 234.06   8.59  0.27 12.74 301.96  13.42  0.10 17.17 306.11   8.78
20051202 060000  6.9 192.6  1.83 14.24 221.98  24.84  4  1.70  8.65 218.50  22.61  0.62 14.28 234.10   8.58  0.27 12.68 302.12  13.14  0.12 16.68 305.68   8.92
20051202 090000  5.7 190.7  1.74 13.57 222.37  24.86  5  1.60  8.77 218.33  22.01  0.62 13.79 234.14   8.56  0.27 12.66 302.37  12.91  0.11 16.60 305.18   8.65  0.08 19.09 306.40   9.42
20051202 120000  4.5 196.4  1.66 13.39 223.33  24.45  5  1.50  8.77 218.78  21.11  0.64 13.52 233.84   8.57  0.27 12.64 302.77  12.56  0.12 16.60 305.11   8.81  0.09 19.05 306.47   9.50
20051202 150000  5.4 219.8  1.59 13.34 223.98  24.03  5  1.42  8.69 219.05  20.31  0.65 13.44 233.90   8.64  0.27 12.62 302.88  12.45  0.13 16.66 305.87   8.80  0.09 19.09 305.59   9.72
20051202 180000  7.0 230.0  1.56 13.27 224.89  24.13  4  1.39  8.60 219.93  20.54  0.65 13.38 233.85   8.61  0.26 12.60 303.08  12.50  0.17 17.03 305.73   9.10
20051202 210000  5.6 223.4  1.50 13.01 225.60  25.03  5  1.32  8.54 220.25  21.23  0.64 13.24 233.77   8.60  0.25 12.58 303.45  12.35  0.16 17.83 305.55   9.57  0.10 15.48 304.26   8.91
20051203 000000  2.6 204.0  1.41 12.65 226.35  25.86  5  1.21  8.77 219.87  21.29  0.65 12.72 233.13   8.55  0.24 12.53 303.50  12.69  0.17 17.87 304.96   9.85  0.15 15.57 305.08   8.68
20051203 030000  2.8 205.2  1.34 12.54 227.37  26.31  5  1.11  9.02 219.64  20.92  0.67 12.56 233.16   8.67  0.23 12.44 303.70  12.77  0.18 15.58 305.05   8.70  0.17 17.86 305.19   9.89
20051203 060000  6.0 188.0  1.29 12.49 227.09  27.09  5  1.06  9.15 218.53  21.27  0.66 12.51 233.11   8.67  0.22 12.27 304.00  12.63  0.19 15.71 304.80   9.06  0.17 17.86 305.57  10.06
20051203 090000  5.2 163.1  1.27 12.43 226.39  28.87  5  0.86  7.76 215.55  26.56  0.63 12.47 232.90   8.88  0.59  9.32 220.57  12.25  0.27 16.84 305.30   9.51  0.22 12.02 304.18  12.47
20051203 120000  5.4 162.4  1.24 12.32 226.78  30.19  4  1.01  9.31 216.41  23.60  0.62 12.40 232.89   8.83  0.29 16.71 305.11   9.67  0.21 11.91 304.16  12.31
20051203 150000  6.5 213.6  1.22 11.96 227.89  30.48  6  0.40  2.91 198.45  33.29  0.91  9.22 220.21  17.88  0.60 12.10 232.68   9.19  0.29 16.72 304.67  10.15  0.21 11.86 303.91  12.11  0.14 14.64 306.56   7.22
20051203 180000  9.7 220.4  1.43 11.83 228.14  29.32  6  1.25  9.09 221.35  23.62  0.57 11.83 231.98   9.53  0.29 16.71 304.47  10.50  0.21 11.82 303.50  12.00  0.17 14.62 306.63   7.18  0.08 15.66 208.64   9.00
20051203 210000  9.0 216.4  1.52 11.79 226.24  29.96  5  1.34  9.01 219.78  25.02  0.59 11.78 231.95  10.38  0.34 16.60 305.06   9.93  0.20 11.80 303.57  12.07  0.12 15.57 211.09  10.06
20051204 000000  5.4 201.1  1.40 11.78 226.22  32.15  6  1.01  5.06 218.55  30.15  0.63  8.95 217.14  13.47  0.54 11.73 234.33   7.47  0.36 16.23 305.16  10.09  0.28 14.56 210.28   9.83  0.20 11.79 303.79  12.30
20051204 030000  6.2 187.6  1.28 11.77 227.34  34.06  6  0.83  5.01 215.86  32.15  0.59  8.84 217.53  13.41  0.53 11.71 234.60   7.22  0.38 15.73 305.16  10.16  0.38 14.17 211.45  10.40  0.19 11.77 304.17  12.47
20051204 060000  5.5 184.1  1.22 15.57 228.31  35.18  5  0.69  4.87 213.55  34.03  0.75 11.69 225.52  14.31  0.50 13.50 213.76  11.39  0.40 15.69 305.12  10.28  0.18 11.76 304.77  12.39
20051204 090000  5.8 184.3  1.20 15.53 228.52  34.72  4  0.95 11.58 221.36  25.52  0.58 13.62 213.68  11.02  0.41 15.69 305.07  10.50  0.18 11.73 305.11  12.50
20051204 120000  3.1 177.2  1.20 15.39 229.24  33.34  3  1.12 12.32 220.47  21.55  0.40 15.68 304.97  10.73  0.17 11.69 305.01  12.52
20051204 150000  4.7 218.8  1.21 14.50 231.37  31.16  5  1.04 12.24 221.16  18.80  0.41 14.67 226.67   9.48  0.40 15.62 304.77  10.96  0.20  6.13 273.46  12.17  0.15 11.51 304.85  12.64
20051204 180000  9.5 202.2  1.37 14.17 230.36  30.70  5  0.69  3.38 219.45  32.00  1.08 13.53 223.43  12.62  0.41 15.33 304.76  10.98  0.24  5.94 274.81  11.85  0.14 11.21 304.18  12.44
20051204 210000  9.2 207.5  1.58 13.54 228.38  31.08  4  1.03  4.37 220.78  33.00  1.11 13.32 224.93  11.99  0.43 15.06 304.90  11.06  0.13 11.07 303.02  12.24
20051205 000000  8.2 193.7  1.65 12.66 228.20  31.20  4  1.02  4.61 219.66  35.28  1.21 12.57 225.23  11.60  0.44 15.00 304.99  11.29  0.13 11.06 303.82  12.04
20051205 030000  8.0 188.0  1.74 12.26 227.72  29.89  4  0.97  4.57 218.39  37.41  1.37 12.19 225.40  11.57  0.43 14.98 305.16  11.52  0.12 11.04 303.72  11.95
20051205 060000 10.5 196.1  1.96 11.68 225.32  28.25  3  1.91 11.71 222.22  23.48  0.42 14.95 305.04  11.85  0.12 11.03 304.76  11.72
20051205 090000 10.7 191.9  2.19 11.48 223.44  28.12  3  2.16 11.51 221.19  24.68  0.40 14.93 304.82  11.93  0.12 11.04 306.00  10.57
20051205 120000  8.6 170.7  2.23 11.20 223.64  28.95  3  2.19 11.22 221.48  25.85  0.40 14.71 304.48  12.09  0.11 11.01 305.72  11.06
20051205 150000  9.9 211.9  2.19 11.01 225.93  27.40  3  2.15 11.01 223.64  23.92  0.41 14.47 304.18  12.25  0.08 11.00 312.33   6.91
20051205 180000 16.9 212.2  2.92  6.67 223.50  26.49  2  2.89  6.67 222.19  24.39  0.42 14.38 304.66  12.32
20051205 210000 12.9 206.6  3.18  7.95 221.60  27.48  2  3.15  7.95 220.53  25.83  0.41 14.33 305.02  12.35
20051206 000000 12.3 195.6  3.06  8.29 219.95  27.54  2  3.03  8.29 218.91  25.87  0.39 14.30 305.08  12.81
20051206 030000 10.9 193.6  2.92  8.44 219.01  27.32  2  2.90  8.44 218.01  25.65  0.37 14.26 305.38  12.70
20051206 060000  8.6 178.8  2.70 10.21 220.04  26.77  2  2.68 10.21 218.97  24.96  0.35 14.19 305.29  12.73
20051206 090000  6.6 163.4  2.48 10.74 221.62  25.93  2  2.45 10.75 220.40  23.81  0.35 13.98 305.37  12.51
20051206 120000  6.3 172.3  2.31 10.81 222.76  25.06  2  2.28 10.81 221.37  22.54  0.35 13.70 305.37  12.67
20051206 150000  7.7 211.0  2.20 10.78 223.36  24.10  2  2.17 10.78 221.83  21.16  0.35 13.60 305.08  13.48
20051206 180000 11.1 215.7  2.32 10.74 222.58  23.69  2  2.29 10.73 221.27  21.09  0.34 13.55 305.37  13.58
20051206 210000 10.2 208.5  2.43 10.63 221.46  24.82  2  2.41 10.63 220.35  22.72  0.33 13.50 306.27  12.99
20051207 000000  8.2 205.4  2.30 10.51 221.11  25.78  3  1.84  7.32 218.72  27.06  1.34 10.51 222.02  15.09  0.32 13.46 306.79  12.97
20051207 030000  7.6 204.2  2.09 10.42 221.00  26.00  3  1.63  7.25 218.94  27.44  1.27 10.42 220.68  14.81  0.31 13.41 306.70  13.56
20051207 060000  6.6 192.7  1.87 10.35 221.19  26.17  3  1.38  7.01 218.83  28.01  1.23 10.35 220.44  15.19  0.30 13.31 306.81  13.43
20051207 090000  5.8 188.7  1.70 10.28 221.55  26.29  3  1.23  6.82 220.25  27.95  1.14 10.28 219.12  14.98  0.29 13.13 306.74  13.43
20051207 120000  5.3 185.7  1.55 10.22 222.10  26.60  3  1.10 10.22 218.39  15.17  1.05  6.60 221.87  28.77  0.29 12.88 306.49  13.54
20051207 150000  5.4 219.9  1.41 10.14 222.92  26.76  4  0.95  6.50 223.25  27.93  1.00 10.14 218.17  15.46  0.27 12.77 305.93  14.16  0.06 16.35 309.04  10.23
20051207 180000  7.9 227.7  1.37  9.96 224.76  27.15  6  0.99  6.39 226.87  26.88  0.74 10.09 208.68   9.94  0.52  9.83 234.02   9.88  0.27 12.71 305.56  15.05  0.08 16.11 224.29   7.74  0.06 16.24 308.01   9.86
20051207 210000  8.2 200.2  1.39  9.73 223.27  28.77  5  1.08  5.05 222.85  28.87  0.83  9.73 217.73  16.24  0.26 12.67 306.23  14.79  0.10 15.86 223.31   8.56  0.06 16.05 308.62   9.80
20051208 000000  4.9 188.7  1.21  9.64 223.04  31.82  6  0.93  5.37 221.33  32.22  0.71  9.64 217.15  16.61  0.26 12.62 306.71  14.76  0.12 15.58 224.09   8.11  0.11 12.66 227.28   8.11  0.07 15.75 310.30   9.94
20051208 030000  5.3 187.1  1.09  9.65 226.42  31.58  4  1.05  9.65 222.53  26.52  0.25 12.57 307.49  14.60  0.13 15.65 224.19   7.34  0.07 15.64 309.29  10.18
20051208 060000  5.3 176.0  1.17  9.78 228.45  28.33  4  1.14  9.78 225.41  23.81  0.24 12.51 307.51  15.18  0.14 15.50 225.01   7.49  0.09 15.45 310.49   9.98
20051208 090000  3.6 186.8  1.33  9.67 231.48  23.69  4  1.29  9.66 229.42  19.82  0.24 12.42 306.79  16.25  0.16 15.14 223.83   8.02  0.10 15.36 309.87   9.90
20051208 120000  6.2 207.9  1.43  9.40 233.63  21.69  4  1.40  9.40 232.09  18.46  0.22 12.33 307.32  15.79  0.18 14.89 224.20   8.21  0.10 15.26 310.33   9.70
20051208 150000  6.7 201.8  1.47  9.13 235.21  22.23  5  0.46  3.07 208.93  30.26  1.36  9.13 236.33  15.97  0.22 12.04 304.07  18.22  0.20 14.72 223.98   7.98  0.10 15.07 311.64   9.69
20051208 180000 11.0 204.2  1.55  8.94 233.80  25.32  4  1.51  8.94 232.65  23.49  0.21 14.57 224.90   8.02  0.20 11.97 308.09  14.35  0.10 14.73 312.23   9.68
20051208 210000 11.2 201.7  1.79  8.76 229.68  28.73  5  1.76  8.76 228.78  27.64  0.22 14.14 224.54   9.56  0.20 11.93 309.98  13.39  0.11 18.58 226.74   8.30  0.11 14.61 310.98   9.85
20051209 000000 10.7 200.4  2.01  6.33 226.50  30.11  5  1.98  6.33 225.73  29.29  0.22 13.86 223.90   8.41  0.19 11.87 309.53  13.66  0.15 17.90 225.23   8.31  0.12 14.46 310.96  10.03
20051209 030000 10.5 191.8  2.12  6.89 223.92  30.87  5  2.08  6.89 223.18  30.26  0.26 13.76 224.84   9.13  0.20 17.64 225.02   8.50  0.18 11.82 311.90  12.02  0.12 14.41 311.09   9.78
20051209 060000  6.8 186.0  1.97  7.12 224.94  31.04  5  1.92  7.12 224.15  30.53  0.29 13.76 224.24   9.53  0.24 17.10 225.24   8.13  0.17 11.80 312.64  12.45  0.13 14.35 311.37   9.80
20051209 090000  5.5 137.1  1.73  7.15 227.41  30.87  7  1.65  7.15 226.87  30.63  0.33 13.00 226.37   9.16  0.30 16.70 225.57   7.33  0.17  9.11 201.44   8.82  0.15 11.71 313.03  11.48  0.14 14.22 313.17   9.41  0.09 15.41 199.06   5.23
20051209 120000  5.4 169.9  1.58  7.17 229.24  29.37  7  1.45  7.16 229.03  29.52  0.40 12.65 228.91  10.52  0.38 16.53 225.44   7.45  0.19  8.84 200.79   7.42  0.15 11.66 312.19  12.35  0.14 13.86 313.80   9.03  0.13 14.70 198.13   5.03
20051209 150000  7.2 209.0  1.62  7.54 228.89  26.28  7  1.46  7.54 228.24  26.37  0.46 12.13 231.01  11.66  0.43 16.03 225.41   7.42  0.17 14.35 197.98   5.01  0.14 11.60 312.97  11.46  0.14 13.64 313.52   9.22  0.06 22.78 218.83   7.11
20051209 180000 12.3 211.0  2.14  7.89 224.05  24.61  6  2.06  7.89 223.71  24.22  0.52 15.60 224.82   7.68  0.21 13.72 197.86   5.10  0.19 13.54 313.44   9.86  0.10 21.81 218.42   6.84  0.05 20.91 292.11  10.20
20051209 210000 10.0 205.2  2.53  8.03 222.66  24.73  6  2.45  8.03 222.38  24.59  0.56 15.45 225.07   7.42  0.24 13.38 197.95   5.21  0.19 13.50 313.59   9.67  0.15 21.05 218.66   7.38  0.07 20.42 290.92  10.65
20051210 000000  8.4 203.6  2.61  8.34 222.19  24.71  7  2.51  8.34 221.96  24.72  0.61 15.06 224.33   8.39  0.24 12.61 196.84   5.18  0.24 20.37 218.68   7.03  0.15 13.47 313.08   9.81  0.10 10.94 314.85   9.41  0.08 20.36 290.85  10.64
20051210 030000  7.1 199.9  2.53  8.44 222.43  24.08  6  2.39  8.44 222.33  24.39  0.67 14.61 224.81   7.57  0.35 19.56 218.86   7.46  0.34 12.36 202.77   8.74  0.18 13.41 313.80   9.83  0.08 20.34 291.20  11.17
20051210 060000  4.2 163.7  2.43  8.53 223.02  22.95  6  2.24  8.53 223.23  23.45  0.70 14.43 224.23   8.03  0.48 19.01 219.52   7.50  0.38 11.81 202.76   9.04  0.18 13.31 314.27   9.61  0.08 20.31 291.32  11.47
20051210 090000  3.7 131.2  2.35  8.71 223.38  21.59  6  2.10  8.71 223.90  22.26  0.71 14.13 223.60   8.03  0.62 18.25 220.17   7.97  0.41 11.38 203.48   9.20  0.18 13.01 314.49   9.33  0.09 20.14 291.32  12.23
20051210 120000  4.4 181.1  2.31 17.77 223.12  20.29  5  2.05  9.02 222.87  21.09  0.75 17.79 219.89   7.47  0.73 13.73 223.94   8.27  0.18 12.75 313.86   9.96  0.10 19.26 291.35  11.24
20051210 150000  6.3 213.3  2.31 17.24 222.45  19.27  5  2.01  9.14 221.95  20.10  0.88 17.24 220.56   7.97  0.70 13.61 224.06   7.51  0.18 12.68 313.64  10.06  0.12 19.05 291.08  10.89
20051210 180000 10.1 208.5  2.41 16.63 221.32  19.44  5  2.03  9.16 220.32  20.85  0.97 16.67 220.76   7.78  0.83 13.32 223.93   8.73  0.17 12.65 313.79   9.94  0.14 19.02 291.10  10.92
20051210 210000  8.8 210.7  2.54 16.38 220.70  20.11  5  2.10  9.10 219.09  22.03  1.08 16.38 221.77   8.21  0.89 12.92 224.24   9.81  0.16 12.62 313.95  10.07  0.14 19.00 291.91  11.47
20051211 000000  7.9 200.1  2.58 15.75 220.60  20.47  5  2.15  8.96 218.95  22.61  1.20 15.75 222.22   8.34  0.76 12.56 224.51   8.79  0.16 12.59 314.37   9.76  0.14 18.96 291.88  11.60
20051211 030000  6.6 199.2  2.57 15.50 220.95  20.24  5  2.09  9.07 219.41  22.66  1.22 15.50 222.71   8.32  0.84 12.49 222.46   9.93  0.16 12.54 314.56   9.64  0.15 18.78 292.02  11.90
20051211 060000  5.1 196.7  2.54 15.32 221.79  19.53  4  2.03  9.55 220.32  21.91  1.52 15.32 222.95   8.95  0.17 17.98 291.27  11.76  0.16 12.43 314.35   9.71
20051211 090000  3.0 165.2  2.51 14.97 222.55  18.83  4  1.97  9.75 221.17  20.92  1.54 14.99 223.20   9.05  0.19 17.81 291.17  11.63  0.17 12.11 313.69  10.30
20051211 120000  2.2 197.4  2.49 14.69 223.05  18.28  4  1.90  9.83 221.59  20.33  1.59 14.70 223.46   8.93  0.21 17.77 291.52  11.71  0.17 11.95 313.81   9.94
20051211 150000  3.6 259.4  2.49 14.51 223.37  17.83  4  1.89  9.85 221.93  19.64  1.60 14.52 223.71   9.09  0.22 17.75 291.66  12.30  0.16 11.88 313.61  10.25
20051211 180000  4.5 209.2  2.50 14.35 223.65  17.54  4  1.91  9.88 222.39  19.16  1.60 14.35 223.86   9.38  0.21 17.73 292.72  11.89  0.16 11.85 314.44  10.06
20051211 210000  3.3 235.3  2.48 14.22 223.69  17.43  4  1.90  9.87 222.39  18.83  1.57 14.23 223.97   9.53  0.22 17.65 292.92  12.47  0.15 11.84 314.49   9.81
20051212 000000  3.1 243.0  2.42 14.11 223.60  17.61  4  1.82  9.71 221.79  18.74  1.57 14.12 224.26  10.22  0.23 17.23 292.86  12.40  0.16 11.82 313.93  10.08
20051212 030000  0.2 303.2  2.36 13.74 223.28  17.96  4  2.31 13.76 222.70  15.70  0.39 16.81 210.50   6.28  0.26 16.70 291.59  13.68  0.16 11.81 313.22  10.64
20051212 060000  1.9 236.6  2.34 13.56 222.73  18.34  3  2.32 13.57 221.62  15.60  0.28 16.62 291.87  13.37  0.17 11.77 313.32  10.45
20051212 090000  0.7 198.7  2.35 13.61 221.97  18.43  5  2.23 13.62 221.55  15.65  0.64 15.89 211.43   6.93  0.30 16.59 292.44  12.90  0.16 11.68 315.33   8.49  0.06 21.78 297.00   9.99
20051212 120000  1.7 321.0  2.31 13.76 221.25  18.22  3  2.29 13.77 220.00  14.99  0.34 16.58 297.50  14.93  0.06 21.76 297.80  10.21
20051212 150000  3.5 268.6  2.26 13.86 221.01  18.29  4  1.58  9.68 220.23  18.21  1.58 13.85 219.24  10.65  0.33 16.56 297.98  14.64  0.06 21.71 298.63   9.87
20051212 180000  2.9 187.6  2.20 13.83 220.89  18.12  6  1.58 13.81 218.99  10.43  1.49  9.48 220.09  17.70  0.28 16.50 291.98  10.63  0.15 11.20 313.65  10.02  0.09 14.61 319.69   4.99  0.08 20.68 297.34   9.54
20051212 210000  5.7 234.3  2.17 13.93 221.26  18.30  5  1.72 13.86 219.21  10.22  1.27  8.84 220.57  19.04  0.31 16.22 295.20  13.50  0.15 11.18 313.78  10.29  0.10 20.39 296.49   9.83
20051213 000000  5.6 202.0  2.17 13.89 221.61  18.87  5  1.72 13.81 219.56  10.15  1.27  8.82 220.40  19.74  0.32 15.62 294.43  14.05  0.16 12.61 311.76  11.23  0.11 20.35 296.59  10.32
20051213 030000  4.8 173.5  2.14 13.56 221.70  19.12  4  1.73 13.54 220.00  10.25  1.20  8.79 219.30  20.13  0.38 15.52 297.13  15.05  0.11 20.34 297.40  10.65
20051213 060000  6.9 184.8  2.11 13.39 221.53  19.68  3  2.07 13.39 219.51  14.72  0.38 15.50 296.78  14.73  0.11 20.25 298.31  10.02
20051213 090000  7.1 182.9  2.08 13.19 221.38  20.85  3  2.04 13.19 219.14  15.82  0.38 15.49 296.14  15.26  0.14 19.26 297.09  10.15
20051213 120000  6.0 181.8  2.01 12.85 221.88  22.11  4  1.96 12.84 219.34  16.79  0.33 15.49 290.75  10.93  0.20 13.49 313.98  10.79  0.17 19.06 296.30  10.33
20051213 150000  6.6 204.5  1.94 12.65 223.01  21.99  4  1.89 12.64 220.25  16.12  0.33 15.46 291.10  11.02  0.19 13.52 316.48   8.66  0.18 19.03 296.38  10.71
20051213 180000 10.1 209.0  2.02 12.48 223.21  22.23  5  1.33  8.28 218.36  22.91  1.47 12.47 222.60  10.25  0.35 15.37 293.55  13.51  0.17 19.02 297.07  11.08  0.14 13.56 320.96   4.91
20051213 210000  9.6 208.2  2.20 12.23 221.85  23.32  5  1.64  8.23 217.39  24.03  1.41 12.22 222.99  10.38  0.32 15.09 290.59  12.09  0.19 13.49 317.09   8.37  0.16 18.98 298.17  10.66
20051214 000000  6.4 202.8  2.23 11.98 221.87  24.11  4  2.15 11.97 220.02  21.00  0.45 14.65 216.72   7.79  0.37 14.59 296.69  16.23  0.18 18.36 298.05   9.72
20051214 030000  5.6 198.8  2.18 11.88 222.70  24.23  4  2.08 11.86 220.59  20.66  0.47 14.59 216.72   7.95  0.36 14.51 296.39  16.41  0.23 17.86 297.35   9.62
20051214 060000  5.4 198.5  2.10 11.87 223.46  24.05  5  1.65  8.04 219.30  22.88  1.01 11.68 225.51  10.74  0.70 13.89 219.04   7.45  0.37 14.48 296.57  16.45  0.25 17.80 296.93  10.16
20051214 090000  2.5 156.5  2.03 13.50 224.12  23.59  5  1.60  8.26 220.06  21.53  1.17 13.31 223.57  10.45  0.31 14.49 289.10  11.98  0.25 17.79 297.12  10.73  0.20 12.70 315.01  10.18
20051214 120000  0.5 207.3  1.99 13.33 224.76  22.85  5  1.52  8.58 220.83  20.77  1.20 13.26 223.81  10.34  0.31 14.47 289.55  11.70  0.22 17.77 297.62  11.14  0.20 12.64 315.34   9.94
20051214 150000  4.0 285.0  1.98 12.63 225.50  22.37  5  1.51  8.76 221.78  20.08  1.22 12.40 224.31  10.65  0.31 14.45 290.43  11.45  0.22 17.69 298.35  10.51  0.19 12.60 317.24   8.17
20051214 180000  5.0 225.8  1.99 12.47 226.37  22.47  5  1.53  8.90 222.64  19.51  1.19 12.41 224.76  10.87  0.30 14.40 289.86  11.50  0.26 17.07 298.14   9.78  0.20 12.56 316.17   9.12
20051214 210000  4.4 226.7  1.96 12.45 226.90  22.78  5  1.49  8.97 222.60  19.20  1.18 12.41 225.19  10.66  0.31 16.71 297.76   9.80  0.29 14.32 289.04  12.20  0.20 12.51 316.60   8.55
20051215 000000  2.2 277.1  1.91 12.41 227.27  22.88  4  1.85 12.37 223.80  16.19  0.33 16.65 297.60  10.20  0.27 13.97 289.42  12.22  0.19 12.43 317.08   8.11
20051215 030000  1.4 211.5  1.85 12.10 227.35  22.67  3  1.79 12.04 223.90  15.86  0.32 16.63 297.80  10.56  0.32 13.60 298.60  17.79
20051215 060000  2.2 172.7  1.83 11.81 227.13  22.10  3  1.78 11.78 223.95  15.51  0.31 13.52 299.67  17.32  0.30 16.62 298.24  10.79
20051215 090000  1.5 125.0  1.86 11.74 226.87  21.55  5  1.81 11.72 223.86  15.02  0.29 16.56 298.20  10.70  0.24 13.54 289.04  11.76  0.19 11.95 316.86   8.82  0.05 24.91 297.39  11.32
20051215 120000  1.9 269.7  1.89 11.72 226.89  21.57  5  1.83 11.70 223.69  14.58  0.31 16.36 298.16  10.40  0.24 13.53 289.34  11.54  0.19 11.84 316.77   8.87  0.06 24.90 298.20  11.61
20051215 150000  3.7 266.9  1.89 13.60 227.57  22.33  6  1.61 11.57 223.36  15.92  0.86 13.94 225.81   9.35  0.35 15.78 298.12  10.18  0.25 13.51 289.62  11.29  0.19 11.75 316.87   8.81  0.06 24.80 295.32  12.01
20051215 180000  0.6 170.0  1.86 13.59 228.18  22.73  6  1.55 11.55 223.69  15.82  0.91 13.89 225.37   9.45  0.37 15.62 298.07  10.21  0.25 13.48 290.68  12.20  0.18 11.63 317.23   8.98  0.09 23.58 297.45  11.40
20051215 210000  4.3 265.3  1.86 13.57 228.38  22.36  6  1.40 13.68 225.82   9.71  1.12  8.78 221.93  18.49  0.37 15.57 298.11  10.48  0.24 13.48 289.36  11.47  0.18 11.66 317.62   7.79  0.11 23.28 297.07  11.43
20051216 000000  2.4 186.5  1.90 13.50 227.86  21.40  5  1.84 13.53 224.25  13.33  0.35 15.55 298.32  10.54  0.23 13.44 288.66  11.95  0.18 11.65 317.77   7.68  0.13 23.26 297.48  11.70
20051216 030000  2.4 167.1  1.93 13.40 227.03  20.64  5  1.87 13.41 223.79  12.95  0.33 15.53 298.65  10.61  0.23 13.42 288.93  12.10  0.18 11.64 317.85   7.64  0.14 23.24 298.46  11.85
20051216 060000  4.9 171.6  1.91 13.29 226.14  21.30  6  1.85 13.29 222.92  13.87  0.35 15.44 297.32  11.35  0.19 11.70 315.96   8.32  0.15 12.82 284.76  10.02  0.12 23.13 297.48  12.00  0.08 20.19 303.37   9.03
20051216 090000  5.6 174.4  1.87 12.98 225.62  22.57  4  1.81 13.04 222.06  14.94  0.35 15.31 297.89  10.92  0.23 12.59 303.62  18.02  0.18 21.97 298.01  11.62
20051216 120000  3.3 161.3  1.83 12.72 225.89  23.29  4  1.76 12.74 221.88  14.95  0.36 15.02 298.20  10.56  0.22 21.75 297.07  11.73  0.22 12.55 304.61  17.33
20051216 150000  5.8 225.7  1.82 12.60 226.20  23.21  4  1.75 12.61 221.95  14.19  0.35 14.73 298.20  10.83  0.25 21.73 297.16  11.97  0.22 12.55 303.76  17.72
20051216 180000  7.7 204.8  1.88 12.50 225.41  23.85  6  1.31  8.97 220.04  19.65  1.26 12.50 222.83   9.94  0.34 14.63 298.31  10.98  0.22 12.55 303.10  17.73  0.22 21.78 296.42  12.09  0.15 19.20 301.85  11.32
20051216 210000  7.5 211.0  1.92 12.38 224.49  24.33  6  1.36  8.87 218.93  20.78  1.26 12.36 222.50   9.89  0.33 14.58 298.75  10.59  0.28 21.60 299.53  11.75  0.17 12.63 289.75  11.70  0.15 11.00 318.96   7.48
20051217 000000  7.3 196.3  1.96 12.06 223.60  25.16  6  1.45  8.99 217.51  21.16  1.21 12.01 222.41  10.07  0.32 14.54 299.14  10.64  0.31 20.59 298.98  11.57  0.19 12.67 291.39  12.71  0.14 10.91 319.63   7.87
20051217 030000  6.7 187.8  1.96 11.82 223.33  26.23  4  1.89 11.80 218.74  18.01  0.37 20.34 297.23  11.85  0.37 14.47 297.27  11.66  0.13 10.95 320.06   7.72
20051217 060000  6.1 179.8  1.94 11.68 223.74  26.88  4  1.86 11.67 218.46  17.67  0.42 20.31 296.66  12.20  0.36 14.40 297.19  11.69  0.13 10.97 320.18   7.88
20051217 090000  3.7 170.0  1.90 11.58 224.30  27.04  4  1.81 11.57 218.60  16.91  0.44 20.29 297.33  12.45  0.34 14.32 297.13  11.73  0.13 11.03 320.19   8.04
20051217 120000  5.3 180.4  1.86 11.38 224.57  27.26  4  1.77 11.36 218.65  16.55  0.46 20.20 298.95  12.28  0.32 14.19 296.90  11.79  0.13 11.07 319.54   8.96
20051217 150000  6.2 231.5  1.87 10.99 225.29  27.34  5  1.77 10.97 219.29  16.45  0.48 19.75 300.00  11.68  0.30 13.97 297.28  11.97  0.14 11.16 317.73  11.44  0.08 18.10 216.72   6.88
20051217 180000  7.5 232.3  1.95 10.81 226.76  27.67  5  1.85 10.80 220.74  17.61  0.52 19.01 299.16  11.58  0.28 13.79 298.77  11.46  0.15 11.47 312.06  16.82  0.13 17.77 216.04   7.03
20051217 210000  7.6 209.1  2.04 18.96 226.75  28.64  7  1.70  9.44 220.09  20.36  0.89 11.02 221.29  11.40  0.57 18.98 297.48  12.15  0.28 13.70 299.66  11.13  0.19 16.88 216.15   7.01  0.12 10.83 322.71   8.55  0.08 11.78 291.43  10.06
20051218 000000  6.5 198.8  2.08 18.95 226.04  29.67  5  1.70  8.99 218.04  21.74  0.94 10.66 222.97  10.45  0.61 18.97 296.72  12.68  0.31 13.62 302.87  13.49  0.25 16.59 215.48   6.94
20051218 030000  7.3 199.2  2.11 18.92 225.62  30.27  6  1.73  8.82 217.54  22.37  0.93 10.50 222.53  10.37  0.63 18.93 297.30  12.95  0.33 15.77 215.48   7.09  0.28 13.56 299.79  11.06  0.11 10.45 323.95   8.86
20051218 060000  7.0 194.9  2.14  8.91 225.59  30.46  5  1.99  8.89 218.83  20.75  0.64 18.79 299.01  12.75  0.39 15.49 214.81   7.11  0.27 13.48 298.40  11.09  0.11 10.36 324.35   8.97
20051218 090000  5.4 179.6  2.19  8.88 225.97  30.01  5  2.02  8.86 219.58  20.54  0.65 18.13 299.95  12.25  0.45 14.73 214.69   7.34  0.26 13.45 298.76  11.46  0.10 10.25 325.29   9.01
20051218 120000  6.2 174.6  2.20  8.95 226.50  29.77  5  2.02  8.93 220.16  20.28  0.66 17.75 299.65  12.26  0.52 14.46 214.47   7.46  0.25 13.41 298.36  11.75  0.10 10.17 325.59   9.03
20051218 150000  6.5 214.0  2.18 17.72 227.17  29.81  5  1.98  8.87 220.46  19.84  0.69 17.73 298.35  12.71  0.56 13.84 214.16   7.75  0.23 13.33 298.70  11.67  0.09 10.09 325.53   8.98
20051218 180000 12.5 224.3  2.41 17.72 226.85  29.02  4  2.29  8.63 220.75  20.31  0.71 17.72 297.32  13.00  0.23 13.24 299.12  11.43  0.09  9.93 325.79   9.02
20051218 210000  9.1 205.7  2.63 17.69 224.49  29.86  5  2.44  8.20 219.37  23.10  0.73 17.69 297.15  13.28  0.62 13.22 215.08   8.95  0.22 13.04 300.15  11.73  0.09  9.79 326.02   9.06
20051219 000000  8.0 204.6  2.54  8.13 224.56  31.12  5  2.34  8.13 218.73  23.90  0.74 17.61 297.90  13.35  0.60 12.73 215.96   9.41  0.21 12.88 300.20  11.69  0.08  9.66 327.01   8.53
20051219 030000  7.6 195.9  2.40  8.06 225.06  31.91  5  2.18  8.06 218.43  23.85  0.74 17.45 298.93  13.05  0.62 12.50 216.61  10.64  0.21 12.78 300.47  11.63  0.08  9.57 327.20   8.47
20051219 060000  5.6 190.6  2.29  8.02 225.72  32.20  6  2.06  8.02 218.43  23.44  0.74 16.96 299.63  12.90  0.59 12.10 216.13   8.48  0.18 12.63 299.09  11.94  0.18 14.29 243.26   9.18  0.07  9.46 327.40   8.40
20051219 090000  4.6 166.1  2.21  8.10 226.73  31.98  5  2.00  8.10 218.98  22.45  0.73 16.66 299.34  13.06  0.57 11.92 219.62  12.82  0.19 12.68 301.00  10.93  0.07  9.26 328.64   7.57
20051219 120000  6.3 182.3  2.14 16.58 227.61  32.04  5  1.92  8.27 219.04  21.76  0.74 16.59 298.48  13.37  0.55 11.90 222.09  13.71  0.19 12.63 299.05  11.32  0.07  9.14 328.78   7.58
20051219 150000  8.2 209.8  2.08 16.54 228.25  32.42  5  1.84  8.23 218.56  21.56  0.76 16.55 297.59  13.51  0.60 11.79 224.29  12.48  0.17 12.56 299.92  11.01  0.06  9.06 328.83   7.59
20051219 180000 11.1 215.7  2.24 16.51 226.85  31.60  4  2.10  7.90 218.88  21.27  0.77 16.51 297.25  13.37  0.16 12.51 300.61  10.93  0.06  9.00 328.78   7.63
20051219 210000  9.6 202.5  2.38 16.47 225.09  32.27  5  2.13  7.43 217.25  24.14  0.77 16.47 297.35  13.38  0.72 11.19 222.85  13.58  0.17 12.44 299.61  12.98  0.06  8.94 328.87   7.80
20051220 000000  8.1 207.9  2.29 16.41 225.27  33.31  4  2.01  7.43 216.84  25.04  0.78 16.41 297.87  13.60  0.75 11.08 221.52  13.96  0.05  8.82 329.90   6.79
20051220 030000  7.5 196.5  2.15 16.32 225.59  33.99  5  1.86  7.41 215.98  24.86  0.76 16.32 298.46  14.05  0.75 10.89 222.88  14.69  0.12 11.84 295.26   9.91  0.05  8.65 329.14   7.37
20051220 060000  7.0 194.3  2.00 16.12 226.82  34.43  5  1.70  7.39 216.05  24.48  0.75 10.70 223.46  15.05  0.74 16.12 298.35  14.38  0.15 12.02 302.19  12.25  0.05  8.54 329.79   6.88
20051220 090000  3.1 162.4  1.87 15.64 229.14  34.64  4  1.56  7.36 217.23  23.88  0.73 10.43 224.59  15.95  0.73 15.65 297.86  15.07  0.14 11.94 303.00  10.29
20051220 120000  4.0 177.4  1.78 15.50 232.17  34.66  4  1.51  7.38 218.39  22.43  0.73 15.51 297.12  15.42  0.57 10.63 233.92  13.17  0.15 11.89 306.76  12.02
20051220 150000  4.6 240.6  1.73 15.45 235.01  34.49  3  1.55  7.62 222.16  21.26  0.76 15.45 297.90  13.20  0.10 16.32 232.21   9.82
20051220 180000  7.5 222.5  1.75 15.43 236.51  33.85  4  1.47  8.06 222.12  21.67  0.76 15.43 297.60  13.25  0.55 10.99 236.98  12.44  0.12 16.21 233.27   9.67
20051220 210000  5.8 211.8  1.78 15.41 235.60  33.71  4  1.50  8.12 221.55  22.02  0.76 15.41 297.51  13.52  0.57 10.90 238.15  12.25  0.15 15.50 231.19   9.79
20051221 000000  2.9 208.4  1.79 15.39 234.84  33.46  4  1.51  7.98 221.36  22.22  0.74 15.39 297.60  13.84  0.57 10.79 238.39  12.35  0.16 15.20 232.60   9.25
20051221 030000  4.4 220.1  1.75 15.34 234.77  33.39  3  1.45  7.93 220.96  22.61  0.74 15.34 294.24  20.64  0.64 10.59 237.05  12.50
20051221 060000  3.5 191.9  1.66 15.23 235.59  33.63  4  1.34  7.92 220.73  22.78  0.69 15.22 298.68  13.33  0.66 10.48 237.21  12.19  0.22 15.35 235.36  11.24
20051221 090000  3.0 204.3  1.57 14.88 237.38  34.01  4  1.17  7.70 220.05  23.29  0.74 10.36 235.69  11.99  0.68 14.86 298.38  13.90  0.23 15.17 233.28   9.81
20051221 120000  2.1 343.8  1.49 14.59 239.27  34.22  6  1.09  7.80 220.83  22.62  0.71 10.22 235.92  13.14  0.66 14.58 298.58  12.89  0.25 15.24 235.20  10.98  0.10 11.04 311.67  13.28  0.05 20.38 305.19   9.39
20051221 150000  2.8 271.7  1.44 14.50 240.50  34.23  5  1.25 10.08 225.83  20.79  0.66 14.51 298.23  12.88  0.27 13.88 235.20  10.76  0.11 11.10 311.97  12.39  0.06 20.34 306.23   9.04
20051221 180000  3.9 222.7  1.42 14.47 241.12  34.21  4  1.21  9.73 225.83  20.38  0.67 14.47 298.28  12.79  0.29 13.91 236.92  11.05  0.06 20.30 307.38   8.26
20051221 210000  4.8 227.3  1.39 14.44 241.61  34.29  5  1.00  7.98 221.04  20.69  0.66 14.45 297.99  12.96  0.62  9.83 237.69  12.86  0.32 14.08 236.17  11.70  0.07 20.01 307.53   8.44
20051222 000000  3.1 192.7  1.34 14.42 242.58  34.47  5  0.98  8.23 222.07  20.40  0.65 14.43 297.89  13.10  0.55  9.76 237.41  13.85  0.33 12.98 237.07  11.23  0.09 19.16 305.59   9.24
20051222 030000  5.5 189.8  1.31 14.38 242.61  35.20  6  0.89  7.90 219.34  21.30  0.65 14.40 297.02  14.39  0.59  9.53 236.42  14.21  0.25 14.15 238.84   7.46  0.25 12.63 233.59  10.67  0.11 19.03 305.37   9.34
20051222 060000  5.5 192.6  1.28 14.33 242.19  35.95  6  0.88  7.87 218.00  22.39  0.63 14.35 297.16  14.49  0.56  9.47 236.56  14.51  0.34 12.83 236.79   9.65  0.18 14.94 239.95   8.98  0.13 18.99 306.15   9.06
20051222 090000  5.0 193.4  1.25 14.24 243.21  36.04  5  0.82  7.75 217.60  22.90  0.61 14.26 298.61  12.98  0.55  9.30 236.73  14.70  0.44 12.23 238.22  11.16  0.13 18.94 307.04   8.46
20051222 120000  2.4 195.3  1.20 14.07 244.73  35.86  6  0.75  7.48 217.23  22.69  0.59 14.10 298.68  13.10  0.52  9.15 237.62  14.41  0.39 13.74 239.99   9.29  0.29 11.81 235.56  11.70  0.14 18.69 307.69   8.16
20051222 150000  4.3 223.4  1.16 13.81 246.62  35.37  6  0.71  7.58 218.79  21.72  0.58 13.85 298.89  13.02  0.47  9.05 238.54  15.04  0.38 12.03 238.93  10.56  0.36 13.90 237.85   9.73  0.16 17.91 306.75   8.66
20051222 180000  9.0 205.3  1.27 13.68 241.97  35.80  6  0.87  7.42 218.35  24.48  0.56 13.70 299.82  11.98  0.47 13.67 238.08   9.88  0.43  9.00 239.44  15.16  0.32 11.56 240.86  12.55  0.20 17.79 305.88   8.91
20051222 210000  8.5 217.6  1.40 13.58 237.20  35.83  4  1.11  8.88 220.16  25.96  0.62 13.28 238.68  10.65  0.55 13.63 299.74  11.99  0.23 17.74 306.19   8.77
20051223 000000  5.5 193.9  1.42 13.50 236.48  36.26  6  0.94  4.92 215.71  29.50  0.65 13.15 238.80  10.25  0.54 13.58 299.70  11.99  0.44  6.86 216.89  13.27  0.39  8.70 239.15  16.42  0.24 17.69 306.62   8.51
20051223 030000  5.1 199.4  1.39 13.45 237.24  35.57  4  1.06  8.32 219.08  26.40  0.69 12.94 238.60  10.26  0.53 13.54 299.64  11.97  0.24 17.53 307.70   8.35
20051223 060000  4.8 182.9  1.39 13.39 237.42  34.37  4  1.05  8.21 219.32  24.39  0.71 12.60 238.38   9.85  0.53 13.51 299.05  12.68  0.24 16.82 307.78   8.18
20051223 090000  3.6 182.0  1.41 13.30 237.62  33.48  5  1.05  8.20 219.43  22.42  0.74 12.44 238.68   9.80  0.51 13.47 299.80  11.95  0.28 16.65 306.52   8.46  0.08 21.64 307.23   8.88
20051223 120000  2.7 181.5  1.46 13.26 237.25  32.43  5  1.10  8.35 220.20  20.18  0.76 12.15 238.63   9.64  0.49 13.43 299.88  12.27  0.33 16.58 305.97   8.55  0.10 21.64 307.19   8.81
20051223 150000  4.8 250.5  1.56 13.29 235.46  30.90  5  1.24  8.85 221.08  18.40  0.74 11.83 239.15   9.14  0.47 13.37 299.04  13.03  0.36 16.54 306.19   8.48  0.11 21.64 306.64   9.03
20051223 180000  6.8 215.7  1.70 13.29 232.91  29.62  6  1.41  9.17 221.46  18.81  0.57 11.54 238.99   9.28  0.47 13.29 298.70  14.07  0.46 13.29 237.53   8.99  0.35 16.47 306.61   8.51  0.13 21.55 306.45   9.08
20051223 210000  6.2 216.1  1.77  9.35 230.64  29.11  6  1.51  9.34 220.34  18.85  0.65 11.74 238.54   9.26  0.45 13.20 300.23  12.31  0.32 16.19 307.22   8.53  0.32 13.65 240.13   9.87  0.16 20.50 306.08   8.64
20051224 000000  5.2 205.4  1.80  9.48 229.37  29.42  5  1.55  9.43 219.28  19.18  0.71 11.74 238.78   9.21  0.45 13.04 300.85  12.00  0.31 15.65 306.81   8.39  0.21 20.28 306.12   8.87
20051224 030000  5.7 193.1  1.80  9.49 228.91  30.29  5  1.56  9.42 218.49  19.49  0.68 11.79 238.46   9.25  0.44 12.87 301.24  11.80  0.34 15.54 305.73   8.60  0.22 20.25 306.16   9.23
20051224 060000  5.5 180.1  1.80  9.35 228.79  31.26  5  1.56  9.33 217.69  19.80  0.67 11.83 238.38   9.01  0.42 12.77 300.75  11.81  0.39 15.49 306.02   8.38  0.23 20.19 305.58   9.26
20051224 090000  5.1 174.8  1.80  9.29 229.18  31.80  6  1.54  9.28 217.74  19.91  0.66 11.72 236.96   8.89  0.41 12.71 300.38  12.07  0.40 15.46 305.86   8.35  0.27 19.52 305.95   9.09  0.05 17.03 222.85   6.21
20051224 120000  3.4 162.4  1.75  9.22 230.63  32.39  6  1.52  9.21 219.36  19.51  0.56 11.94 235.05   9.49  0.41 15.40 305.51   8.56  0.38 12.66 300.93  12.03  0.34 19.02 305.61   8.96  0.06 16.76 222.80   4.88
20051224 150000  6.1 240.8  1.69  9.20 232.15  32.57  5  1.44  9.19 219.78  18.94  0.60 11.72 235.42  10.27  0.38 18.96 305.06   9.16  0.37 12.64 301.00  12.02  0.37 15.26 306.04   8.57
20051224 180000  7.4 219.7  1.70  9.23 231.93  32.07  6  1.46  9.23 220.81  20.19  0.60 11.74 234.33  10.24  0.39 18.92 304.80   9.44  0.36 12.60 300.46  11.83  0.35 14.70 306.73   8.66  0.12 15.73 221.84   5.98
20051224 210000  6.3 216.1  1.72  9.33 230.86  32.15  5  1.41  9.32 219.54  21.48  0.76 11.54 230.02  10.03  0.38 18.81 304.90   9.46  0.36 12.60 300.31  12.08  0.35 14.53 306.63   8.55
20051225 000000  3.7 209.2  1.71 14.36 231.86  33.29  5  1.39  9.36 218.88  20.84  0.75 11.29 230.13   9.89  0.44 17.99 305.00   9.43  0.37 14.44 306.07   8.02  0.34 12.54 300.47  12.19
20051225 030000  3.7 195.5  1.71 17.76 234.49  35.16  4  1.33  9.32 218.35  20.24  0.78 11.24 229.67   9.83  0.53 14.41 303.69  10.32  0.52 17.76 305.01   9.09
20051225 060000  5.0 205.0  1.70 17.71 236.44  36.12  6  1.28  9.27 218.27  19.88  0.65 11.23 229.79   9.64  0.57 17.71 304.60   9.24  0.54 14.40 303.54  10.67  0.46 13.58 227.81   9.30  0.07 17.88 221.47   7.64
20051225 090000  4.0 191.7  1.68 17.67 236.50  35.87  5  1.16  8.88 217.67  20.75  0.80 10.94 227.30  10.27  0.57 17.68 304.10   9.53  0.52 14.36 303.60  10.71  0.47 13.51 227.55   9.32
20051225 120000  2.1 227.0  1.65 17.58 236.03  34.85  6  1.17  8.94 218.30  20.07  0.89 10.97 228.69   9.68  0.55 17.61 303.69   9.87  0.45 14.23 302.99  10.41  0.19 11.72 308.89   7.62  0.13 16.76 219.72   6.54
20051225 150000  5.3 259.7  1.63 17.03 236.80  34.42  6  1.18  9.37 220.01  20.10  0.85 12.40 229.45   9.87  0.55 17.17 304.19   9.63  0.42 13.69 301.69  10.66  0.22 11.78 308.97   8.66  0.19 16.21 220.84   6.71
20051225 180000  5.4 246.9  1.65 16.60 239.67  35.37  4  1.44 12.26 224.71  18.73  0.63 16.66 303.83   9.62  0.44 13.47 304.27  10.51  0.26 15.57 222.07   8.08
20051225 210000  4.6 223.6  1.66 16.51 242.27  36.59  4  1.41 11.62 224.70  18.57  0.70 16.57 303.85   9.71  0.45 13.44 303.96  10.18  0.30 15.35 223.48   8.29
20051226 000000  2.2 216.8  1.66 16.48 243.35  36.99  4  1.38 11.56 224.58  18.31  0.72 16.53 303.46   9.85  0.47 13.44 303.95   9.99  0.37 14.66 223.18   8.00
20051226 030000  1.1 260.7  1.65 16.47 243.14  36.78  4  1.37 11.47 224.43  17.95  0.70 16.50 302.99  10.10  0.48 13.43 303.84   9.89  0.39 14.51 223.50   7.81
20051226 060000  2.6 209.2  1.63 16.41 242.48  36.42  4  1.32 10.85 224.19  17.92  0.68 16.44 302.59  10.32  0.48 13.42 303.67   9.87  0.48 13.99 224.51   8.54
20051226 090000  1.8 209.2  1.60 16.15 242.77  36.52  5  1.28 10.86 223.80  17.72  0.69 16.18 302.42  10.33  0.49 13.58 226.34   8.35  0.45 13.33 303.85   9.99  0.08 23.37 306.23   8.07
20051226 120000  1.4 294.2  1.56 15.63 244.87  37.30  5  1.25 10.89 223.99  17.19  0.74 15.66 302.32  10.29  0.41 13.61 225.78   8.86  0.39 12.71 304.72   9.98  0.09 23.33 306.75   8.22
20051226 150000  3.2 268.5  1.54 15.50 248.20  38.18  5  1.13 10.81 224.11  18.81  0.78 15.52 302.32  10.19  0.57 13.09 227.65   8.65  0.37 12.60 304.45  10.91  0.12 22.61 306.30   7.85
20051226 180000  0.5 174.0  1.50 15.44 250.69  38.81  6  0.83  8.39 220.60  21.14  0.79 15.47 302.20  10.36  0.69 10.86 228.94  10.99  0.53 12.80 226.91   9.04  0.36 12.56 304.05  10.13  0.16 21.91 305.78   8.25
20051226 210000  5.9 250.3  1.48 15.41 252.65  38.83  6  0.84  8.60 222.58  22.89  0.79 15.44 301.72  10.53  0.60 10.78 229.18  10.96  0.57 12.63 228.35   9.72  0.37 12.54 304.42   9.90  0.18 21.83 306.09   8.33
20051227 000000  2.8 222.2  1.45 15.36 253.54  39.04  5  0.81  8.51 222.03  23.15  0.80 12.59 229.07  10.17  0.78 15.41 301.25  10.70  0.38 12.54 304.65  10.08  0.20 21.74 306.29   7.85
20051227 030000  3.8 200.1  1.41 15.28 254.93  39.35  5  0.81 12.54 228.84  10.51  0.76 15.33 300.94  10.83  0.75  8.34 220.69  22.76  0.38 12.53 304.80  10.31  0.27 20.68 305.75   7.92
20051227 060000  5.7 181.1  1.42 15.06 254.67  40.72  5  0.82 12.39 229.08  10.54  0.76 15.12 301.06  11.03  0.73  7.92 215.30  24.88  0.36 12.50 303.65  10.83  0.33 20.44 305.14   8.57
20051227 090000  6.1 187.7  1.43 14.69 254.01  41.68  5  0.44  2.93 206.81  38.84  0.85 14.76 301.30  11.11  0.83 12.05 228.62  11.17  0.57  7.83 213.90  15.24  0.33 20.40 305.29   8.79
20051227 120000  4.3 181.0  1.41 14.56 255.14  41.80  5  0.82 14.61 300.56  11.05  0.82 11.84 229.07  11.50  0.71  7.80 211.07  27.70  0.34 20.30 305.49   7.98  0.20 11.53 307.52  11.77
20051227 150000  7.2 208.6  1.43 14.50 256.64  41.53  5  0.71  7.76 212.53  27.21  0.81 11.74 229.19  11.77  0.78 14.54 299.89  10.98  0.45 19.23 304.42   8.77  0.27 11.81 305.90  12.41
20051227 180000  8.3 205.0  1.52 19.00 254.71  41.42  5  0.84  7.67 216.46  28.07  0.82 11.65 228.90  12.48  0.78 14.51 299.68  11.15  0.51 19.10 304.16   8.83  0.27 11.78 306.03  12.51
20051227 210000 10.1 209.7  1.68 18.95 247.45  41.74  4  1.36 11.50 221.10  24.54  0.80 14.49 299.75  11.27  0.50 19.08 303.93   9.02  0.26 11.76 306.23  12.55
20051228 000000  8.1 196.1  1.76 14.47 242.19  43.26  5  1.24  5.03 211.96  29.56  0.79 11.22 229.59  13.01  0.74 14.50 299.02  11.78  0.58 18.74 303.73   8.80  0.27 11.80 306.84  11.76
20051228 030000  9.2 191.3  1.79 17.82 241.61  44.24  4  1.27  5.27 210.00  29.74  0.81 14.54 300.08  11.94  0.77 11.11 229.98  13.23  0.59 18.01 303.43   9.11
20051228 060000  8.0 180.9  1.82 17.74 241.97  44.84  5  1.30  5.55 209.31  29.99  0.78 14.61 299.26  11.97  0.75 11.04 230.42  13.33  0.67 17.84 303.31   8.80  0.07  9.87 332.71   5.09
20051228 090000  6.3 179.1  1.74 17.70 246.37  44.30  5  1.19  5.70 211.65  30.29  0.80 17.70 301.11  10.41  0.75 10.97 230.54  13.34  0.64 14.25 300.14  11.61  0.08 10.21 330.85   6.80
20051228 120000  5.7 171.6  1.65 17.58 250.80  43.30  4  1.07  5.70 214.44  30.03  1.01 17.59 300.47  10.97  0.74 10.87 230.37  13.61  0.07 10.04 332.77   4.78
20051228 150000  6.3 226.7  1.59 16.96 255.10  41.60  4  0.97  5.64 218.71  28.70  1.01 16.98 300.45  11.19  0.67 10.64 232.12  13.74  0.34 13.51 220.66   9.97
20051228 180000 10.3 216.7  1.79 16.66 249.49  40.06  4  1.40 10.47 224.39  24.47  1.04 16.67 300.25  10.98  0.41 13.20 220.45   9.55  0.07 10.10 333.42   4.51
20051228 210000  9.4 213.9  2.04 16.61 242.92  39.56  5  1.57  5.93 221.37  26.59  1.07 16.61 300.19  10.88  0.61 10.39 231.94  14.77  0.44 12.92 220.57   9.66  0.07  9.93 331.32   5.57
20051229 000000  7.2 200.8  2.07 16.56 241.65  40.16  5  1.59  6.42 220.23  27.75  1.07 16.56 299.95  11.06  0.57 10.34 232.17  14.24  0.51 12.57 220.02   9.31  0.07  9.71 331.39   5.32
20051229 030000  7.6 200.0  2.00 16.45 241.93  40.54  4  1.51  6.55 219.22  27.59  1.06 16.45 299.82  11.12  0.77 12.38 225.83  13.35  0.07  9.59 331.91   5.18
20051229 060000  6.3 193.3  1.95 16.11 242.13  40.59  4  1.44  6.54 218.78  27.35  1.04 16.11 299.70  11.17  0.78 11.92 225.06  12.86  0.07  9.56 331.86   5.18
20051229 090000  4.6 194.8  1.87 15.72 244.97  40.20  4  1.35  6.55 220.46  26.64  1.04 15.73 299.66  11.11  0.78 11.70 225.28  12.88  0.07  9.51 331.87   5.14
20051229 120000  5.1 189.0  1.81 15.65 248.19  39.91  4  1.25  6.59 222.05  25.65  1.05 15.65 299.72  11.17  0.77 11.53 225.19  12.66  0.06 24.88 297.14  10.49
20051229 150000  7.5 222.4  1.77 15.60 250.19  39.76  4  1.20  6.61 222.69  24.75  1.06 15.61 299.59  11.23  0.75 11.13 225.33  13.05  0.08 24.64 297.17  10.76
20051229 180000 10.1 203.4  1.88 15.55 244.53  40.29  3  1.55 10.93 220.73  23.19  1.05 15.55 299.46  11.29  0.10 24.31 297.28  10.74
20051229 210000  8.9 211.7  1.98 15.47 240.62  40.09  5  1.54  6.29 218.49  25.94  1.01 15.47 298.80  11.29  0.68 10.82 226.13  13.08  0.21 19.06 311.44   6.12  0.12 23.76 296.96  12.84
20051230 000000  8.2 200.3  1.97 15.35 240.04  40.00  4  1.57  6.49 219.22  26.46  1.01 15.35 299.18  11.49  0.61 10.66 224.79  10.86  0.14 23.49 296.79  11.93
20051230 030000  8.1 197.6  1.95 15.20 239.24  40.35  4  1.57  6.68 218.45  26.65  0.99 15.21 299.18  11.43  0.55 10.37 224.84  10.19  0.16 23.30 297.23  11.24
20051230 060000  6.8 183.3  1.91 15.11 239.46  40.65  5  1.55  6.85 218.12  26.68  0.96 15.12 298.53  11.18  0.52 10.18 225.71  10.47  0.20 17.77 315.82   2.80  0.19 23.10 297.65  10.74
20051230 090000  7.0 187.0  1.85 15.06 241.37  41.06  5  1.46  6.92 217.74  26.80  0.92 15.07 298.09  11.28  0.55 10.13 229.33  11.28  0.31 17.83 310.88   5.69  0.22 22.82 297.85  10.95
20051230 120000  5.0 186.0  1.78 14.97 244.98  40.78  5  1.36  6.93 219.15  26.19  0.92 14.98 298.25  11.24  0.56 10.74 231.66  11.51  0.30 17.80 310.58   5.57  0.25 22.24 297.07  10.77
20051230 150000  6.0 220.5  1.72 14.84 248.95  39.66  4  1.19  6.93 218.97  25.35  0.96 14.85 299.42  11.43  0.74 10.54 236.07  12.08  0.28 21.94 297.10  10.91
20051230 180000  9.0 221.2  1.76 14.75 248.94  38.33  5  1.22  6.96 221.20  24.68  0.95 14.75 299.36  11.49  0.77 10.34 237.15  12.01  0.32 21.77 297.10  10.95  0.05 17.98 221.94   7.61
20051230 210000  8.5 211.7  1.87 14.69 245.44  38.22  6  1.33  6.58 219.78  25.91  0.90 14.70 298.28  11.26  0.85 10.21 238.16  12.19  0.37 21.60 296.95  11.02  0.23 16.59 315.00   0.02  0.05 17.91 222.45   7.57
20051231 000000  7.8 197.0  1.94 14.68 243.27  38.79  7  1.42  6.41 218.14  26.86  0.83 14.69 297.16  11.49  0.73  9.64 240.68  12.99  0.43 11.11 237.68   9.60  0.42 21.29 297.08  11.19  0.37 16.66 310.30   5.34  0.05 17.89 223.09   8.09
20051231 030000  8.5 197.4  1.96 14.68 242.67  39.47  6  1.42  6.58 215.88  27.56  0.89  9.97 240.81  12.22  0.78 14.50 296.69  11.71  0.46 20.72 296.68  11.08  0.44 16.49 308.41   5.41  0.05 17.74 222.52   7.75
20051231 060000  8.8 195.1  1.97 14.68 242.09  40.31  6  1.42  6.55 213.93  28.29  0.90  9.98 240.66  11.99  0.85 14.70 298.67  12.20  0.51 20.48 297.44  11.19  0.26 16.63 306.01   3.01  0.06 17.03 221.78   7.48
20051231 090000  6.7 196.0  1.93 20.35 244.97  40.21  5  1.43  6.51 218.29  28.43  0.88 14.72 299.74  11.68  0.77  9.96 240.46  12.17  0.54 20.36 297.06  11.04  0.07 16.80 220.89   7.39
20051231 120000  4.7 194.9  1.85 20.21 250.13  39.15  5  1.29  6.52 221.10  27.89  0.87 14.74 299.86  11.72  0.80  9.93 240.26  12.47  0.60 20.22 296.79  11.06  0.09 16.58 220.10   6.98
20051231 150000  5.8 225.7  1.79 19.92 254.49  37.68  6  1.14  6.52 223.86  27.24  0.86 10.00 239.75  12.10  0.84 14.76 299.98  11.59  0.66 19.92 296.65  11.30  0.15 15.73 218.88   7.06  0.06 28.44 300.31  10.84
20051231 180000 10.3 223.3  1.89 19.35 252.65  36.84  5  1.52 10.28 230.42  23.24  0.83 14.79 300.27  11.61  0.70 19.36 296.09  11.36  0.23 14.78 219.68   6.79  0.09 27.93 299.95  10.48
20051231 210000  8.6 209.5  2.01 19.15 248.93  37.73  6  1.34  5.82 222.57  27.86  0.95 10.29 238.78  11.97  0.82 14.80 300.28  11.66  0.73 19.15 296.48  11.41  0.35 14.13 219.31   6.53  0.13 26.84 300.21  10.45
20060101 000000  6.8 195.1  1.98 19.05 250.54  38.33  6  1.17  5.87 219.77  29.38  0.99 10.25 239.45  12.34  0.81 14.77 300.43  11.55  0.77 19.06 296.90  11.34  0.54 13.59 219.87   6.41  0.17 26.71 300.66  10.57
