Date     Time   Uabs UDir  hs    tp    th     sp     np hs(i) tp(i) th(i)  sp(i)
19810701 000000  6.6 188.5  3.42 14.83 218.42  17.53  2  1.20  5.20 205.57  30.88  3.21 14.83 220.00  13.92
19810701 030000  7.5 174.3  3.38 14.73 218.96  17.09  1  3.38 14.73 218.96  17.09
19810701 060000  9.8 174.5  3.34 14.58 218.75  17.70  1  3.34 14.58 218.75  17.70
19810701 090000 10.4 169.3  3.36 14.36 217.32  19.79  1  3.36 14.36 217.32  19.79
19810701 120000  9.3 170.0  3.32 14.15 217.04  20.43  1  3.32 14.15 217.04  20.43
19810701 150000  9.4 168.0  3.24 13.98 216.81  20.98  1  3.24 13.98 216.81  20.98
19810701 180000  9.1 189.9  3.14 13.84 217.46  19.75  1  3.14 13.84 217.46  19.75
19810701 210000 10.5 189.7  3.13 13.72 217.40  19.42  1  3.13 13.72 217.40  19.42
19810702 000000  5.6 187.7  3.01 13.61 218.21  19.05  1  3.01 13.61 218.21  19.05
19810702 030000  5.1 161.8  2.84 13.54 219.40  17.48  1  2.84 13.54 219.40  17.48
19810702 060000  5.4 139.9  2.70 13.51 219.59  16.53  1  2.70 13.51 219.59  16.53
19810702 090000  3.7 128.9  2.61 13.50 219.46  15.63  1  2.61 13.50 219.46  15.63
19810702 120000  2.8 163.2  2.54 13.55 219.23  14.91  1  2.54 13.55 219.23  14.91
19810702 150000  1.5 156.3  2.46 13.76 219.04  14.31  2  2.22 13.76 220.55  15.02  1.07 16.63 212.70   8.13
19810702 180000  3.3 232.1  2.39 14.87 218.98  14.07  1  2.39 14.87 218.98  14.07
19810702 210000  3.5 211.3  2.31 15.20 218.88  13.95  1  2.31 15.20 218.88  13.95
19810703 000000  1.7 287.8  2.22 15.15 218.82  13.85  1  2.22 15.15 218.82  13.85
19810703 030000  2.9 222.7  2.13 14.87 218.78  13.74  2  2.13 14.88 218.64  13.09  0.11 12.57 314.56   8.06
19810703 060000  3.7 190.5  2.05 14.42 218.59  13.88  2  2.04 14.42 218.44  13.21  0.10 12.58 314.75   8.08
19810703 090000  2.1 136.1  1.97 14.33 218.32  13.77  2  1.97 14.33 218.17  13.08  0.10 12.59 314.85   8.08
19810703 120000  1.9 340.7  1.93 14.35 217.82  13.52  1  1.93 14.35 217.82  13.52
19810703 150000  0.9 166.3  1.93 14.47 217.16  13.14  1  1.93 14.47 217.16  13.14
19810703 180000  4.7 196.6  2.00 14.75 216.31  13.01  1  2.00 14.75 216.31  13.01
19810703 210000  6.2 193.2  2.09 14.91 215.72  13.20  1  2.09 14.91 215.72  13.20
19810704 000000  5.6 172.7  2.14 14.79 215.57  13.81  1  2.14 14.79 215.57  13.81
19810704 030000  4.5 179.8  2.12 14.70 216.22  13.58  1  2.12 14.70 216.22  13.58
19810704 060000  3.9 154.9  2.05 14.72 217.02  13.25  1  2.05 14.72 217.02  13.25
19810704 090000  3.4 122.6  1.95 14.84 217.92  13.06  1  1.95 14.84 217.92  13.06
19810704 120000  2.4 126.0  1.83 14.93 218.93  12.86  2  1.83 14.93 218.73  11.86  0.11 12.52 314.72   8.21
19810704 150000  0.8  80.0  1.74 15.14 220.07  12.86  2  1.73 15.14 219.85  11.77  0.11 12.58 314.91   8.19
19810704 180000  3.7 212.9  1.69 15.27 221.48  12.96  3  1.67 15.28 220.87  11.70  0.25 19.08 238.29   5.51  0.11 12.60 315.05   8.28
19810704 210000  3.9 212.1  1.72 15.21 223.31  13.67  3  1.67 15.21 222.29  12.55  0.40 19.33 237.14   6.18  0.10 12.59 315.28   8.12
19810705 000000  1.4 208.4  1.82 15.03 225.79  13.73  3  1.70 15.03 224.22  13.01  0.64 18.92 235.30   6.63  0.11 12.52 315.31   8.13
19810705 030000  1.5 214.6  1.98 14.77 228.04  13.53  2  1.78 14.77 226.46  14.12  0.88 18.14 234.41   8.12
19810705 060000  1.3 193.4  2.16 14.82 229.51  13.34  3  1.84 14.82 227.73  13.65  1.13 17.96 233.51   8.44  0.11 11.67 314.91   8.29
19810705 090000  0.4  13.1  2.33 16.26 230.24  13.11  3  1.76 14.59 228.82  14.46  1.53 17.16 231.73   9.14  0.12 11.73 314.76   8.37
19810705 120000  2.3  72.6  2.51 17.59 230.37  12.83  2  2.51 17.59 230.24  12.32  0.12 11.74 314.77   8.46
19810705 150000  2.3 118.9  2.68 17.54 230.27  12.71  1  2.68 17.54 230.27  12.71
19810705 180000  2.2  18.7  2.81 17.25 230.17  12.88  1  2.81 17.25 230.17  12.88
19810705 210000  4.9 332.0  2.92 16.68 230.53  15.32  1  2.92 16.68 230.53  15.32
19810706 000000  4.3  10.4  2.98 16.39 230.82  16.65  1  2.98 16.39 230.82  16.65
19810706 030000  4.9  35.9  2.94 15.98 231.46  19.20  1  2.94 15.98 231.46  19.20
19810706 060000  4.1  36.6  2.84 15.62 232.52  21.58  1  2.84 15.62 232.52  21.58
19810706 090000  5.6  52.5  2.71 15.40 233.84  23.80  1  2.71 15.40 233.84  23.80
19810706 120000  4.3  20.4  2.57 15.14 235.34  25.19  1  2.57 15.14 235.34  25.19
19810706 150000  4.4  40.3  2.46 14.85 236.44  25.75  2  2.46 14.85 236.27  25.50  0.13 10.95 315.85   8.56
19810706 180000  2.2 304.5  2.42 14.70 236.81  24.60  3  2.42 14.70 236.57  24.23  0.11 10.90 314.98   8.56  0.10 15.66 316.58   7.75
19810706 210000  3.2 299.4  2.48 14.70 237.41  24.16  2  2.47 14.69 237.28  23.95  0.12 15.51 316.89   7.58
19810707 000000  4.7  16.5  2.59 14.95 238.33  24.91  2  2.58 14.95 238.18  24.68  0.13 15.38 316.60   7.73
19810707 030000  2.4  64.7  2.66 15.12 238.98  26.09  3  2.42 15.12 230.09  11.64  1.10  7.89 290.69  24.36  0.14 15.23 316.91   7.53
19810707 060000  2.4 105.6  2.64 15.08 238.74  26.81  3  2.41 15.08 229.80  12.31  1.06  7.50 294.91  21.77  0.15 15.10 316.50   7.96
19810707 090000  3.1  67.3  2.52 15.02 237.88  28.64  3  2.30 15.02 228.82  12.47  1.02  7.55 297.49  28.83  0.16 14.95 316.98   7.72
19810707 120000  2.8  28.7  2.35 15.05 237.26  29.53  3  2.15 15.06 228.48  13.41  0.91  7.17 302.36  28.76  0.17 14.74 316.96   7.57
19810707 150000  2.1  25.2  2.17 14.88 237.70  30.70  2  2.16 14.88 237.27  30.22  0.18 14.54 316.98   7.55
19810707 180000  3.4 268.7  2.15 14.51 242.10  29.25  3  2.14 14.51 241.55  28.64  0.18 14.36 316.90   7.55  0.09 10.16 316.97   7.63
19810707 210000  2.8 280.1  2.34 14.15 249.63  26.81  5  1.73 12.65 267.62  20.52  1.54 14.49 226.19  11.80  0.24 17.98 261.53   7.15  0.18 14.24 317.10   7.14  0.09 10.13 317.00   7.61
19810708 000000  3.7  41.4  2.57 13.26 255.45  24.94  3  2.23 12.65 265.69  18.43  1.27 14.45 222.59   9.19  0.19 14.16 316.83   7.32
19810708 030000  2.5  58.4  2.76 13.20 258.30  23.66  3  2.49 12.82 265.83  18.15  1.19 14.65 223.50  10.11  0.19 14.08 316.62   7.37
19810708 060000  2.0  92.0  2.89 13.30 259.04  22.16  1  2.89 13.30 259.04  22.16
19810708 090000  2.5  45.7  2.96 13.22 258.96  21.68  2  2.76 13.10 264.12  17.79  1.05 14.18 222.34   8.61
19810708 120000  2.8   6.1  3.03 13.13 258.71  21.58  2  2.85 13.03 263.28  18.34  1.03 14.09 222.87   8.89
19810708 150000  3.9 321.2  3.21 13.26 257.82  20.58  1  3.21 13.26 257.82  20.58
19810708 180000  5.9 222.7  3.38 13.30 256.77  19.82  1  3.38 13.30 256.77  19.82
19810708 210000  6.7 200.0  3.46 13.22 254.95  20.13  1  3.46 13.22 254.95  20.13
19810709 000000  3.7 155.2  3.48 13.20 253.98  19.78  2  3.06 13.20 255.86  20.80  1.64 15.85 247.65  14.02
19810709 030000  5.7 191.5  3.46 13.49 253.06  19.40  2  3.14 13.32 255.39  19.80  1.47 15.82 242.74  13.32
19810709 060000  5.5 193.4  3.42 14.06 252.05  19.17  2  3.42 14.07 251.95  19.00  0.14 12.70 318.87   5.83
19810709 090000  6.0 203.7  3.40 14.12 250.62  19.08  2  3.39 14.13 250.54  18.93  0.13 12.59 317.94   6.78
19810709 120000  3.9 207.9  3.43 14.04 249.01  18.66  2  3.42 14.05 248.93  18.52  0.12 12.53 318.06   6.74
19810709 150000  4.3 192.3  3.48 14.13 247.59  17.95  1  3.48 14.13 247.59  17.95
19810709 180000  6.4 187.9  3.50 14.36 245.97  17.84  1  3.50 14.36 245.97  17.84
19810709 210000  7.1 190.7  3.47 14.21 244.11  18.19  1  3.47 14.21 244.11  18.19
19810710 000000  6.1 181.5  3.38 13.96 242.34  18.76  1  3.38 13.96 242.34  18.76
19810710 030000  7.6 170.3  3.25 13.62 240.48  19.93  1  3.25 13.62 240.48  19.93
19810710 060000  8.3 164.5  3.11 13.37 238.05  22.07  1  3.11 13.37 238.05  22.07
19810710 090000  8.4 168.6  2.97 13.17 235.49  23.56  2  0.85  4.04 182.88  34.73  2.85 13.17 238.94  17.31
19810710 120000  8.2 168.9  2.85 12.89 233.56  23.79  1  2.85 12.89 233.56  23.79
19810710 150000  6.6 193.6  2.71 12.71 232.74  22.56  1  2.71 12.71 232.74  22.56
19810710 180000  8.3 203.9  2.63 12.59 231.16  21.91  1  2.63 12.59 231.16  21.91
19810710 210000  8.7 204.1  2.60 12.52 229.29  21.99  2  0.96  4.52 211.63  29.38  2.41 12.52 231.82  19.36
19810711 000000  4.4 187.8  2.53 12.48 227.96  22.17  1  2.53 12.48 227.96  22.17
19810711 030000  5.7 196.4  2.43 12.48 227.02  21.59  1  2.43 12.48 227.02  21.59
19810711 060000  5.7 191.5  2.40 12.63 225.53  20.76  1  2.40 12.63 225.53  20.76
19810711 090000  5.2 180.0  2.45 12.98 223.79  19.74  1  2.45 12.98 223.79  19.74
19810711 120000  3.8 195.6  2.54 13.27 222.61  18.37  1  2.54 13.27 222.61  18.37
19810711 150000  3.5 181.5  2.62 13.45 221.78  17.29  1  2.62 13.45 221.78  17.29
19810711 180000  5.6 211.5  2.67 14.01 221.12  16.72  1  2.67 14.01 221.12  16.72
19810711 210000  4.9 207.8  2.66 14.38 220.73  16.62  1  2.66 14.38 220.73  16.62
19810712 000000  2.6 156.0  2.62 14.56 220.38  16.62  1  2.62 14.56 220.38  16.62
19810712 030000  2.1 197.0  2.57 14.67 219.92  16.66  1  2.57 14.67 219.92  16.66
19810712 060000  3.4 182.4  2.55 14.75 219.07  17.00  1  2.55 14.75 219.07  17.00
19810712 090000  2.4 183.4  2.59 14.73 218.52  16.76  1  2.59 14.73 218.52  16.76
19810712 120000  2.4 131.8  2.66 14.67 218.28  16.53  1  2.66 14.67 218.28  16.53
19810712 150000  3.2 182.0  2.67 14.64 218.35  16.62  1  2.67 14.64 218.35  16.62
19810712 180000  4.9 210.7  2.66 14.68 218.55  17.34  1  2.66 14.68 218.55  17.34
19810712 210000  5.2 210.5  2.62 14.73 219.05  18.32  1  2.62 14.73 219.05  18.32
19810713 000000  2.1 176.4  2.57 14.72 219.52  19.27  2  2.32 14.72 213.05  10.23  1.12  7.88 250.57  21.70
19810713 030000  2.0 145.3  2.50 14.67 219.84  19.91  2  2.23 14.67 212.41  10.10  1.12  8.89 252.06  19.77
19810713 060000  2.4 194.0  2.42 14.66 219.95  20.45  2  2.17 14.66 212.19  10.43  1.07  8.47 254.87  17.92
19810713 090000  2.2  52.6  2.31 14.68 219.97  20.90  2  2.06 14.68 211.63  10.48  1.06 10.00 254.51  17.72
19810713 120000  3.7 341.9  2.19 14.62 220.14  21.28  2  1.96 14.62 212.03  11.32  0.97  9.06 256.28  17.47
19810713 150000  0.9 354.3  2.05 14.51 220.75  22.80  2  1.84 14.51 212.41  11.98  0.91  9.05 259.11  21.38
19810713 180000  2.7 291.8  1.90 14.39 221.30  22.72  3  1.69 14.35 212.57  12.16  0.84  9.03 258.64  20.79  0.24 14.53 248.83   5.67
19810713 210000  7.5 342.3  1.80 14.24 225.80  31.28  3  1.53 14.24 212.40  11.81  0.90  8.88 273.83  34.46  0.33 14.25 248.00   5.23
19810714 000000 10.7 349.4  1.92 13.99 248.23  48.30  3  1.30  4.76 301.95  39.42  1.33 14.14 211.45  10.10  0.46 13.61 246.26   6.73
19810714 030000  8.3   5.0  1.99 13.66 253.48  47.13  3  1.43  6.19 297.42  40.04  1.26 13.73 212.45  10.52  0.59 13.21 246.11   6.86
19810714 060000  6.0 346.2  2.21 13.44 249.95  40.86  3  1.75 10.25 274.65  37.66  1.29 13.48 212.68  10.18  0.40 13.41 247.88   5.69
19810714 090000  6.7 344.3  2.39 13.20 247.50  35.33  3  1.90 10.27 266.73  32.55  1.36 13.28 214.03  10.64  0.51 12.91 249.09   6.15
19810714 120000  6.3 352.2  2.52 12.70 244.62  31.53  2  2.12 11.87 258.42  28.75  1.37 13.30 214.09  10.13
19810714 150000  4.6 346.5  2.60 12.41 242.39  29.08  2  2.25 12.02 252.78  26.99  1.30 13.33 213.22   9.35
19810714 180000  2.8 247.0  2.58 12.18 241.06  26.90  2  2.28 11.47 249.34  25.12  1.22 13.12 213.71  10.38
19810714 210000  5.2 178.3  2.59 12.37 238.77  25.09  1  2.59 12.37 238.77  25.09
19810715 000000  2.5 163.4  2.60 12.17 235.38  24.38  1  2.60 12.17 235.38  24.38
19810715 030000  3.5 157.0  2.49 11.72 233.21  24.30  2  2.49 11.72 233.31  24.31  0.17 17.53 213.46   5.57
19810715 060000  5.2 183.3  2.31 11.33 231.80  25.14  2  2.30 11.33 232.03  25.17  0.23 16.79 210.93   5.98
19810715 090000  5.1 194.8  2.14 10.91 231.12  26.16  3  1.80 11.08 219.32  14.34  1.13 10.09 265.63  22.69  0.28 16.51 213.44   5.88
19810715 120000  3.8 186.5  2.01 10.58 231.24  26.80  3  1.62 11.14 216.43  14.20  1.13 10.25 265.94  16.14  0.37 15.81 212.24   7.08
19810715 150000  6.0 173.8  1.92 10.72 230.72  27.59  4  1.46 10.99 213.54  12.83  1.16  9.70 262.13  20.20  0.41 15.60 213.39   7.99  0.16 14.73 254.72   8.81
19810715 180000  9.6 194.1  1.94 10.82 227.64  28.54  4  1.53 11.04 212.25  18.13  1.04  9.74 265.06  14.74  0.53 15.05 214.02   8.48  0.20 14.27 258.07   8.41
19810715 210000  9.2 197.5  2.00 10.82 224.63  29.00  5  1.08  4.58 209.74  31.24  1.24 11.00 212.98  10.08  0.99  9.68 263.27  14.49  0.54 14.91 213.73   8.09  0.20 14.09 253.81   7.25
19810716 000000  9.7 189.0  2.08 10.75 222.12  28.90  3  1.75 10.95 212.77  25.34  0.89  9.70 262.82  12.08  0.68 14.51 214.82   7.13
19810716 030000 10.6 191.0  2.14 10.53 219.09  28.97  3  1.85 10.90 211.48  26.39  0.82  9.77 261.86  11.43  0.68 14.36 214.66   7.84
19810716 060000  8.9 174.6  2.12 14.20 217.27  29.09  4  1.57  6.25 208.28  30.37  0.93 10.84 211.28   9.43  0.80  9.83 260.91  11.68  0.73 14.24 215.87   7.25
19810716 090000  8.5 185.0  2.05 13.70 217.34  27.91  4  1.51  6.55 208.78  29.08  0.83 10.72 211.93   9.09  0.81 13.74 215.67   7.92  0.75  9.89 261.03  11.05
19810716 120000 10.5 172.3  2.00 13.48 215.23  28.70  4  1.47  6.57 204.80  30.00  1.16 13.50 214.07   8.97  0.63  9.61 262.62  10.81  0.35 11.11 253.49   8.24
19810716 150000  6.7 177.7  1.87 13.29 217.07  27.24  3  1.32  6.43 208.03  30.10  1.15 13.29 215.05   9.05  0.65 10.09 259.86  10.68
19810716 180000  9.1 188.5  1.79 12.87 217.78  25.60  4  1.21  6.28 208.20  28.39  1.15 12.88 216.06   9.22  0.62 10.11 259.64  10.49  0.13 18.56 211.98   5.71
19810716 210000 11.1 192.1  1.93 12.69 215.34  25.08  4  1.44  5.52 207.68  27.16  1.14 12.70 216.74   9.15  0.57 10.09 258.76  10.79  0.23 17.56 212.39   6.08
19810717 000000  8.6 168.6  2.00 12.57 214.20  26.82  4  1.54  5.85 208.05  30.72  1.12 12.57 217.15   9.29  0.48 10.10 256.90   9.92  0.36 16.75 214.71   7.13
19810717 030000 10.7 164.7  1.94 12.40 211.45  29.56  4  1.46  5.90 202.08  34.73  1.12 12.40 218.19   9.44  0.44  9.73 257.15   9.44  0.43 16.51 212.71   6.26
19810717 060000 12.7 160.2  2.06 12.16 203.62  33.22  4  1.62  5.53 190.39  36.39  1.06 12.16 218.55   9.57  0.58 15.76 215.04   7.27  0.40  9.57 257.08   9.74
19810717 090000 12.5 165.7  2.20 11.96 201.08  32.51  4  1.82  5.88 190.51  34.89  1.04 11.97 219.82   9.19  0.60 15.66 213.76   6.88  0.30  9.48 254.54   8.97
19810717 120000 10.9 174.0  2.21 11.85 202.30  30.71  4  1.86  6.17 193.30  32.65  0.98 11.85 220.65   8.90  0.61 15.55 214.71   7.48  0.30  9.40 252.89   8.31
19810717 150000 11.7 175.2  2.23 11.77 202.97  29.45  3  1.92  6.30 196.19  31.78  0.90 11.77 220.52   9.13  0.70 15.10 218.12   8.58
19810717 180000 10.9 178.2  2.16 15.90 206.77  27.58  3  1.82  6.42 200.27  30.44  0.84 11.69 221.46   9.35  0.81 15.92 219.64   8.67
19810717 210000 10.9 180.2  2.26 16.11 209.91  25.74  3  1.85  6.70 203.50  29.00  1.10 16.11 221.72   8.95  0.66 11.50 221.70   9.30
19810718 000000 11.3 162.6  2.57 15.60 211.17  26.12  2  2.09  7.44 204.22  29.59  1.50 15.60 223.12   9.19
19810718 030000 12.5 177.3  2.93 15.33 212.87  24.44  2  2.36  7.97 206.06  27.61  1.73 15.33 224.23   9.44
19810718 060000 11.4 178.5  3.12 14.92 215.26  23.11  2  2.38  8.30 207.19  26.87  2.02 14.92 225.34   9.74
19810718 090000  9.8 170.9  3.15 14.56 217.83  22.30  2  2.31  8.53 209.50  26.61  2.14 14.56 226.61  10.27
19810718 120000  7.0 174.3  3.08 14.40 221.21  20.13  2  2.31 14.40 227.76  10.41  2.03  8.71 211.94  25.63
19810718 150000  5.2 172.7  3.01 14.25 223.63  17.74  1  3.01 14.25 223.63  17.74
19810718 180000  6.7 185.7  2.97 14.13 224.74  16.11  1  2.97 14.13 224.74  16.11
19810718 210000  7.3 201.4  2.95 14.11 225.02  15.38  2  2.68 14.08 225.84  16.36  1.23 16.92 221.25   8.51
19810719 000000  4.5 191.6  2.93 14.12 225.11  15.14  1  2.93 14.12 225.11  15.14
19810719 030000  1.5 159.7  2.87 14.03 225.60  14.37  1  2.87 14.03 225.60  14.37
19810719 060000  2.5 186.3  2.82 15.16 225.95  13.80  1  2.82 15.16 225.95  13.80
19810719 090000  2.9 146.8  2.76 15.24 226.20  13.40  1  2.76 15.24 226.20  13.40
19810719 120000  1.1 153.8  2.72 15.30 226.42  13.00  1  2.72 15.30 226.42  13.00
19810719 150000  1.6 138.5  2.71 15.35 226.64  12.69  1  2.71 15.35 226.64  12.69
19810719 180000  3.9 230.7  2.70 15.24 226.85  12.76  1  2.70 15.24 226.85  12.76
19810719 210000  5.0 204.6  2.66 15.08 227.13  13.04  2  2.31 15.08 227.22  10.52  1.31  8.78 226.85  18.81
19810720 000000  2.9 198.4  2.59 14.79 227.56  13.48  1  2.59 14.79 227.56  13.48
19810720 030000  4.2 190.8  2.51 14.51 228.29  13.62  2  2.19 14.51 228.94  11.15  1.22  8.76 226.10  19.40
19810720 060000  4.9 171.1  2.42 14.29 228.80  14.19  1  2.42 14.29 228.80  14.19
19810720 090000  4.0 137.0  2.32 14.07 229.38  14.78  3  2.03 14.07 230.67  11.85  1.11  8.37 224.85  21.33  0.06 21.89 229.00   8.06
19810720 120000  4.0 170.0  2.23 13.89 230.03  14.98  1  2.23 13.89 230.03  14.98
19810720 150000  3.8 204.0  2.18 13.72 230.57  14.93  1  2.18 13.72 230.57  14.93
19810720 180000  7.9 205.1  2.21 13.47 230.09  16.08  2  2.19 13.47 230.03  16.17  0.29 19.32 232.90   9.76
19810720 210000  7.5 195.5  2.25 13.13 229.32  17.59  3  1.77 12.59 232.25  20.56  1.27 13.76 223.60   8.91  0.54 18.07 230.96   9.77
19810721 000000  4.9 205.4  2.28 12.84 229.30  17.56  3  2.04 13.49 227.02  17.83  0.78 17.69 230.19   9.24  0.63 12.63 251.17   5.28
19810721 030000  8.9 200.6  2.41 16.68 228.53  17.47  3  2.04 13.80 226.78  18.70  1.16 16.89 228.16   9.93  0.57 11.98 251.60   5.78
19810721 060000 10.4 181.8  2.66 16.43 225.78  20.31  1  2.66 16.43 225.78  20.31
19810721 090000  7.9 172.2  2.75 16.11 225.81  20.41  1  2.75 16.11 225.81  20.41
19810721 120000  5.5 198.4  2.70 15.49 227.23  18.01  1  2.70 15.49 227.23  18.01
19810721 150000  6.8 195.5  2.64 15.23 228.04  16.10  1  2.64 15.23 228.04  16.10
19810721 180000 10.3 198.8  2.72 14.74 226.43  17.55  1  2.72 14.74 226.43  17.55
19810721 210000  9.3 195.4  2.83 14.52 226.08  18.22  1  2.83 14.52 226.08  18.22
19810722 000000  8.2 194.0  2.90 14.38 226.09  17.97  1  2.90 14.38 226.09  17.97
19810722 030000  6.5 173.2  2.86 14.25 225.64  17.94  1  2.86 14.25 225.64  17.94
19810722 060000  6.7 172.5  2.76 14.11 225.08  17.26  1  2.76 14.11 225.08  17.26
19810722 090000  6.3 146.4  2.68 13.92 223.85  17.89  1  2.68 13.92 223.85  17.89
19810722 120000  2.4 161.1  2.62 13.79 223.38  16.50  1  2.62 13.79 223.38  16.50
19810722 150000  4.6 165.8  2.62 13.80 222.68  15.08  2  2.42 13.80 223.81  15.45  1.02 16.87 216.53  10.96
19810722 180000  4.6 189.2  2.62 15.40 221.86  14.21  1  2.62 15.40 221.86  14.21
19810722 210000  7.7 199.3  2.62 15.22 220.82  14.24  1  2.62 15.22 220.82  14.24
19810723 000000  6.5 188.1  2.60 14.95 219.81  15.11  1  2.60 14.95 219.81  15.11
19810723 030000  6.0 166.1  2.49 14.59 219.12  15.87  1  2.49 14.59 219.12  15.87
19810723 060000  5.5 156.3  2.35 14.40 219.06  15.45  1  2.35 14.40 219.06  15.45
19810723 090000  4.0 147.2  2.19 14.28 219.23  14.68  1  2.19 14.28 219.23  14.68
19810723 120000  2.9 158.5  2.03 14.17 219.50  13.89  1  2.03 14.17 219.50  13.89
19810723 150000  2.1 162.1  1.88 13.95 219.71  13.52  1  1.88 13.95 219.71  13.52
19810723 180000  4.3 205.0  1.73 13.64 220.03  13.20  1  1.73 13.64 220.03  13.20
19810723 210000  5.5 205.0  1.62 13.50 220.16  13.69  1  1.62 13.50 220.16  13.69
19810724 000000  3.1 204.6  1.55 13.50 220.29  14.83  1  1.55 13.50 220.29  14.83
19810724 030000  2.9 199.3  1.48 13.70 221.34  14.67  1  1.48 13.70 221.34  14.67
19810724 060000  3.7 154.0  1.45 14.19 222.48  14.67  1  1.45 14.19 222.48  14.67
19810724 090000  3.3 114.2  1.44 14.13 223.62  15.45  1  1.44 14.13 223.62  15.45
19810724 120000  1.9 166.2  1.44 13.84 225.17  15.23  1  1.44 13.84 225.17  15.23
19810724 150000  1.8 149.9  1.44 13.70 226.77  15.27  2  1.37 13.70 228.47  14.88  0.43 15.73 209.69   5.91
19810724 180000  5.1 210.6  1.46 13.63 228.25  16.08  2  1.22 14.46 221.49  14.15  0.80 13.48 243.87   7.17
19810724 210000  5.1 188.3  1.50 13.62 229.73  17.40  3  0.54  6.50 215.75  24.59  1.02 13.11 242.06  10.80  0.95 14.39 219.77   9.71
19810725 000000  5.0 177.5  1.52 13.51 231.65  18.25  3  0.53  6.14 213.08  26.29  1.17 12.97 242.00  10.69  0.81 13.69 216.95   8.53
19810725 030000  2.9 164.4  1.53 13.34 233.74  18.44  2  1.26 12.64 240.73  17.85  0.88 13.48 219.82   9.96
19810725 060000  1.9 188.4  1.54 13.18 235.93  17.88  3  1.19 12.70 246.75   9.29  0.87 13.40 220.18  10.35  0.45  5.85 215.16  25.79
19810725 090000  2.3 108.1  1.55 12.98 237.89  17.60  2  1.30 12.59 245.57  14.28  0.84 13.32 219.71  10.14
19810725 120000  1.9 180.5  1.56 12.81 239.57  17.57  2  1.34 12.51 246.77  13.82  0.80 13.18 219.55  10.22
19810725 150000  1.6 223.7  1.60 12.70 240.88  17.49  4  1.35 12.59 249.64   9.75  0.70 12.73 220.43   9.76  0.37 15.13 211.59   5.12  0.33  4.57 219.56  23.72
19810725 180000  5.1 223.7  1.66 12.56 241.67  17.74  4  0.37  4.41 222.94  25.20  1.41 12.25 250.32   9.81  0.65 12.75 219.61   8.45  0.47 15.30 214.51   8.57
19810725 210000  5.7 205.3  1.72 12.25 241.65  18.80  5  0.47  3.07 219.66  27.00  1.43 11.99 249.01  11.80  0.62 12.96 217.05   7.54  0.43 15.62 253.22   8.03  0.36 14.54 212.16   7.38
19810726 000000  5.3 200.7  1.74 11.98 242.11  19.38  4  0.48  3.75 218.05  28.73  1.31 11.74 252.48   9.87  0.87 13.87 220.56  10.12  0.55 15.28 252.78   7.56
19810726 030000  3.8 194.0  1.74 11.87 242.86  19.36  4  0.47  3.97 218.79  28.80  1.28 11.53 252.85  10.19  0.86 13.67 220.18   9.96  0.65 14.71 253.53   7.22
19810726 060000  6.4 186.9  1.77 14.18 242.60  20.52  4  0.53  4.06 213.07  29.27  1.24 11.35 254.34  10.12  0.88 13.54 220.89  10.19  0.75 14.40 252.35   7.22
19810726 090000  4.1 152.9  1.81 14.09 243.04  20.98  3  1.29 11.23 248.52  22.36  0.92 14.35 252.51   7.43  0.88 13.41 221.09  10.25
19810726 120000  3.1 164.8  1.87 13.78 244.37  19.15  3  1.23 11.23 250.81  20.50  1.18 14.22 248.64   9.67  0.78 12.85 219.02   9.79
19810726 150000  2.3 193.4  1.96 13.63 245.26  17.43  2  1.92 13.63 246.35  15.80  0.40  4.36 216.32  28.46
19810726 180000  6.3 202.5  2.07 13.49 245.14  17.14  1  2.07 13.49 245.14  17.14
19810726 210000  5.3 203.3  2.13 13.34 244.91  17.27  1  2.13 13.34 244.91  17.27
19810727 000000  3.1 169.9  2.12 13.19 245.03  16.97  1  2.12 13.19 245.03  16.97
19810727 030000  1.5 102.0  2.06 13.04 245.03  16.40  1  2.06 13.04 245.03  16.40
19810727 060000  1.0 170.6  2.00 12.98 244.83  15.55  1  2.00 12.98 244.83  15.55
19810727 090000  1.0  13.4  1.93 12.87 244.38  15.12  2  1.92 12.87 244.47  15.09  0.13 19.20 226.84   7.96
19810727 120000  3.5 325.5  1.84 12.68 243.84  14.99  2  1.83 12.68 244.01  14.93  0.18 18.99 225.60   8.19
19810727 150000  3.9 291.8  1.75 12.53 243.86  17.03  3  1.73 12.53 244.23  16.97  0.23 18.11 226.30   7.89  0.09 23.64 224.17   8.06
19810727 180000  2.7 296.0  1.64 12.32 243.36  17.17  3  1.61 12.32 243.89  17.14  0.27 17.99 226.98   7.99  0.08 24.01 226.63   6.10
19810727 210000  2.1 358.8  1.53 11.98 243.30  18.06  3  1.49 11.98 244.28  18.06  0.32 17.92 227.86   7.23  0.17 22.20 225.54   8.16
19810728 000000  3.2  35.7  1.48 11.83 244.31  19.58  3  1.40 11.83 246.28  19.59  0.43 17.34 227.79   7.98  0.19 22.28 225.21   7.77
19810728 030000  4.3 231.4  1.54 11.71 245.95  20.80  3  1.42 11.71 249.36  20.68  0.50 16.95 227.73   7.62  0.33 20.84 226.61   8.35
19810728 060000  7.5 184.5  1.69 11.52 245.73  23.05  5  0.35  2.44 200.77  32.93  1.48 11.51 252.44  19.94  0.58 16.79 226.79   7.76  0.46 20.34 228.15   8.15  0.06 11.75 312.70   9.08
19810728 090000  7.5 174.5  1.84 11.13 243.22  27.60  4  0.55  3.21 182.65  33.27  1.52 11.13 254.56  19.58  0.71 16.46 227.69   7.55  0.53 20.21 226.81   8.84
19810728 120000  8.6 184.8  1.94 19.00 241.32  29.12  6  0.66  3.47 184.06  32.08  1.24  9.64 264.58  16.34  0.78 15.85 226.98   7.63  0.69 11.35 229.64   8.89  0.65 19.28 228.37   9.02  0.53 11.15 255.76   8.17
19810728 150000  8.7 190.6  2.00 18.84 239.39  29.82  6  0.76  3.77 188.53  32.35  1.15  9.54 268.00  14.72  0.90 18.84 227.74   8.89  0.71 10.81 231.88  10.18  0.71 15.45 228.59   8.40  0.53 11.17 257.99  10.01
19810728 180000 10.3 200.9  2.12 18.01 238.12  28.97  5  0.97  4.14 204.15  32.48  1.32 10.84 264.58  15.34  0.99 18.07 229.80   9.09  0.76 15.19 226.75   8.53  0.51 10.53 224.35   7.31
19810728 210000  8.6 194.4  2.16 17.69 239.20  28.89  5  0.91  4.24 200.30  31.87  1.36 10.79 265.45  14.98  1.20 17.70 230.38   9.69  0.53 14.37 223.98   7.08  0.50 10.47 225.48   8.89
19810729 000000  3.6 209.8  2.19 17.37 242.27  27.13  4  1.44 17.37 231.60  10.81  1.42 10.74 265.34  15.76  0.80  4.27 202.08  32.72  0.32 10.32 219.97   5.84
19810729 030000  6.7 176.9  2.28 16.46 244.95  24.81  3  1.59 16.46 234.95  12.23  1.58 10.59 258.11  29.22  0.42 10.26 224.93   8.33
19810729 060000  6.6 169.3  2.46 15.88 244.75  23.90  3  0.59  3.62 182.75  30.87  1.90 15.88 238.43  12.62  1.44 10.62 263.88  17.67
19810729 090000  8.3 155.1  2.66 15.19 242.66  24.64  2  0.69  3.68 173.39  31.27  2.57 15.19 246.12  17.54
19810729 120000  7.1 171.0  2.79 14.66 241.88  22.70  3  0.65  3.74 171.97  32.36  2.69 14.66 244.59  16.48  0.31 21.01 245.56   5.75
19810729 150000  7.1 181.5  2.87 14.35 240.89  21.09  3  0.71  3.93 184.71  31.01  2.75 14.35 243.64  15.66  0.45 20.47 244.25   8.99
19810729 180000  7.7 200.9  2.92 13.99 241.04  19.00  3  0.72  3.99 198.21  29.99  2.74 13.99 243.33  15.20  0.70 19.39 243.10   9.06
19810729 210000  7.5 222.3  2.97 13.91 241.47  17.59  3  0.75  4.10 209.41  30.36  2.71 13.91 243.22  14.82  0.97 19.08 244.18   9.15
19810730 000000  4.6 214.1  3.08 14.10 241.83  16.41  3  0.76  4.24 216.29  31.21  2.76 14.10 243.49  14.28  1.14 19.13 241.66   9.04
19810730 030000  4.8 214.9  3.24 18.22 241.84  14.92  2  2.73 14.65 242.24  16.45  1.74 18.31 240.89  10.14
19810730 060000  4.7 188.8  3.42 17.77 241.06  13.85  1  3.42 17.77 241.06  13.85
19810730 090000  2.6 189.2  3.54 17.46 240.09  13.13  1  3.54 17.46 240.09  13.13
19810730 120000  1.5 319.6  3.56 16.84 239.19  12.70  1  3.56 16.84 239.19  12.70
19810730 150000  2.5 329.7  3.47 16.50 238.41  12.54  1  3.47 16.50 238.41  12.54
19810730 180000  4.8 247.8  3.34 16.27 237.76  12.80  1  3.34 16.27 237.76  12.80
19810730 210000  2.2 196.2  3.20 15.96 237.00  12.84  1  3.20 15.96 237.00  12.84
19810731 000000  0.5 179.4  3.10 15.57 236.45  12.91  1  3.10 15.57 236.45  12.91
19810731 030000  1.1 157.7  3.04 15.34 236.35  13.24  1  3.04 15.34 236.35  13.24
19810731 060000  4.8 143.0  2.96 15.08 236.60  13.88  1  2.96 15.08 236.60  13.88
19810731 090000  4.1 121.6  2.86 14.60 236.80  15.80  1  2.86 14.60 236.80  15.80
19810731 120000  3.9 150.7  2.74 14.37 237.30  16.93  1  2.74 14.37 237.30  16.93
19810731 150000  3.0 117.0  2.61 14.22 237.84  17.58  1  2.61 14.22 237.84  17.58
19810731 180000  4.2 223.1  2.48 14.03 238.30  17.98  1  2.48 14.03 238.30  17.98
19810731 210000  5.3 218.3  2.37 13.60 238.67  18.69  2  2.36 13.60 238.71  18.74  0.19 20.33 232.44   7.56
19810801 000000  5.3 196.7  2.25 13.42 238.87  19.61  2  2.24 13.42 238.95  19.70  0.25 20.00 232.46   8.00
