Date     Time   Uabs UDir  hs    tp    th     sp     np hs(i) tp(i) th(i)  sp(i)
19791101 000000  6.0 188.7  2.97 12.97 219.88  28.45  6  2.08  6.98 214.99  28.00  1.71 12.82 216.11  10.24  1.05 15.01 222.02  10.86  0.47 16.20 314.57   8.35  0.37 20.34 299.80  12.17  0.35 13.40 314.08   8.67
19791101 030000  8.0 184.3  2.75 14.27 220.91  28.34  6  1.70  7.06 215.03  28.64  1.71 12.53 217.28  11.06  1.14 14.70 220.01  11.29  0.47 15.87 314.49   8.39  0.37 20.33 301.34  11.10  0.34 13.36 313.89   8.71
19791101 060000  7.5 175.7  2.59 14.15 221.06  27.94  4  2.50 14.17 216.94  19.15  0.47 15.75 314.39   8.43  0.33 20.32 301.16  10.90  0.32 13.26 313.86   8.89
19791101 090000  8.0 173.4  2.52 13.56 220.42  27.78  4  2.44 13.59 216.31  18.81  0.48 15.65 314.05   8.89  0.31 20.19 298.54  11.75  0.28 12.69 314.27   8.90
19791101 120000  7.6 180.4  2.52 13.42 220.41  27.85  4  2.43 13.41 216.05  18.41  0.50 15.54 314.29   8.90  0.35 19.26 296.59  12.23  0.25 12.53 313.32   8.99
19791101 150000  8.1 209.9  2.55 13.36 221.41  27.61  4  2.45 13.35 216.59  17.13  0.50 15.41 313.93   9.15  0.43 19.05 297.58  12.29  0.25 12.55 313.89   8.79
19791101 180000 11.0 211.5  2.73 13.31 222.00  27.32  4  2.62 13.31 217.34  17.40  0.50 19.01 299.48  12.04  0.49 15.25 313.88   8.99  0.25 12.55 313.55   8.86
19791101 210000 11.7 205.1  2.92 13.23 220.85  27.44  4  2.83 13.25 216.83  19.22  0.51 19.00 300.62  11.55  0.47 15.00 313.85   8.91  0.25 12.56 313.30   9.13
19791102 000000  6.9 183.8  2.97 13.08 219.60  27.64  5  2.00  7.06 215.19  27.21  2.08 13.14 216.89  11.57  0.46 19.00 301.26  11.04  0.45 14.82 313.77   8.97  0.26 12.61 313.48   8.97
19791102 030000  9.4 190.0  2.83 12.94 219.35  27.11  4  1.92  7.47 214.98  26.71  1.98 12.94 217.12  11.42  0.51 14.68 313.71   8.95  0.38 18.98 301.08  11.17
19791102 060000 10.3 184.1  2.71 12.87 218.35  27.61  4  1.84  7.42 212.34  27.40  1.90 12.83 217.51  11.34  0.50 14.57 313.54   9.27  0.35 18.75 299.87  11.95
19791102 090000  8.1 175.2  2.56 12.81 219.35  28.88  4  1.63  7.18 211.17  28.89  1.86 12.75 218.16  11.38  0.49 14.49 313.37   9.44  0.42 17.88 299.12  12.37
19791102 120000 10.7 175.8  2.45 12.71 219.99  31.22  5  1.56  6.99 208.82  29.92  1.75 12.66 218.56  11.33  0.52 17.79 299.55  12.27  0.44 14.42 313.14   9.76  0.16 11.76 313.62   9.33
19791102 150000 10.7 203.2  2.47 12.59 221.06  31.11  5  1.65  6.53 210.40  27.00  1.67 12.56 219.29  11.42  0.59 17.76 300.21  12.07  0.41 14.36 313.10  10.19  0.17 11.85 312.95   9.22
19791102 180000 14.0 210.9  2.84 12.44 220.87  28.91  4  2.75 12.42 216.66  21.53  0.59 17.76 300.56  11.98  0.39 14.29 313.12  10.01  0.16 11.80 312.92   9.84
19791102 210000 12.6 206.3  3.13 12.19 219.87  28.22  4  3.05  7.47 216.90  23.02  0.53 17.75 301.32  11.66  0.41 14.17 313.65   8.81  0.13 20.33 222.35   7.50
19791103 000000  7.5 193.1  3.07 11.88 218.60  28.04  5  2.61  8.08 215.11  26.11  1.48 11.86 218.98  12.46  0.45 17.73 302.30  11.54  0.40 13.96 313.49   8.93  0.19 19.92 222.31   7.83
19791103 030000  8.4 193.1  2.84 11.73 218.84  27.45  5  2.31  8.43 215.12  25.70  1.53 11.71 218.59  12.54  0.41 17.53 303.14  11.44  0.40 13.76 312.99   9.56  0.22 19.21 221.92   7.84
19791103 060000  9.2 195.5  2.63 11.66 219.65  27.86  5  1.95  8.22 214.37  25.72  1.64 11.65 218.70  13.41  0.47 16.73 302.88  11.39  0.38 13.65 312.74   9.88  0.26 19.01 221.29   7.50
19791103 090000  7.5 190.1  2.48 11.59 221.48  29.20  5  1.78  8.08 215.24  25.60  1.57 11.57 218.33  12.40  0.56 16.62 302.11  11.74  0.37 13.58 312.51  10.18  0.32 18.72 220.86   7.69
19791103 120000  5.3 197.7  2.34 16.65 224.30  30.03  5  1.62 11.38 218.54  12.44  1.48  7.67 217.25  25.96  0.63 16.60 301.68  12.45  0.37 18.03 221.21   7.68  0.35 13.53 312.16  10.62
19791103 150000  7.2 217.0  2.23 16.66 226.12  29.88  4  2.07 11.13 219.20  18.62  0.65 16.59 301.50  12.62  0.41 17.81 221.15   7.39  0.33 13.45 312.54  10.57
19791103 180000 10.6 214.3  2.28 16.66 225.57  28.92  4  2.12 11.02 219.61  19.02  0.61 16.58 301.89  12.33  0.47 17.53 220.81   7.53  0.33 13.42 312.61   9.87
19791103 210000  9.9 207.8  2.39 16.63 223.61  28.27  4  2.24 10.95 218.99  20.68  0.55 16.56 302.88  12.06  0.52 16.90 221.02   7.62  0.32 13.37 313.00   8.92
19791104 000000  6.1 207.8  2.36 16.53 223.03  28.43  5  1.73  7.09 218.61  26.27  1.40 10.88 219.06  11.37  0.54 16.67 221.00   7.38  0.51 16.45 304.47  11.15  0.32 13.28 313.32   8.93
19791104 030000  6.5 193.3  2.28 16.08 224.06  28.89  6  1.65  7.45 219.30  25.67  1.33 10.75 219.45  12.17  0.58 16.38 220.73   7.55  0.53 15.80 306.09  10.54  0.30 13.17 312.49   9.61  0.06 20.25 315.00   8.29
19791104 060000  7.6 191.7  2.19 15.64 225.00  29.83  6  1.49  7.63 218.51  26.11  1.33 10.51 220.02  11.83  0.63 15.80 220.88   7.89  0.57 15.56 305.84  10.68  0.29 12.99 311.99  10.21  0.07 20.12 315.34   8.14
19791104 090000  7.1 187.8  2.11 15.53 225.46  30.95  6  1.30  7.23 216.96  27.32  1.36 10.41 219.95  12.46  0.67 15.57 220.06   8.40  0.63 15.51 305.37  11.21  0.22 12.50 311.51  11.82  0.08 19.79 315.48   8.01
19791104 120000  5.4 177.9  2.01 15.45 226.24  31.40  6  1.28 10.36 219.81  12.19  1.19  7.23 217.44  27.05  0.74 15.31 218.22   9.39  0.64 15.49 304.10  11.93  0.21 12.41 314.24   8.55  0.09 19.23 315.57   7.93
19791104 150000  7.0 219.6  1.98 15.33 226.25  31.02  7  1.17  7.64 218.91  24.77  1.14 10.38 219.29  11.68  0.87 14.75 216.22  10.06  0.64 15.48 303.62  12.28  0.21 12.42 313.47   9.62  0.11 19.08 315.78   7.89  0.08 21.87 221.75   5.79
19791104 180000  9.3 212.4  2.10 15.17 224.44  29.92  5  1.66 10.53 219.26  19.86  1.08 14.50 214.08   9.80  0.66 15.45 304.84  12.46  0.13 18.95 315.39   7.79  0.09 21.72 221.53   6.42
19791104 210000  8.3 208.1  2.22 14.74 222.39  29.26  3  2.12 14.33 216.54  17.95  0.65 15.38 305.84  12.19  0.15 18.81 315.31   8.02
19791105 000000  2.0 213.7  2.26 14.44 221.19  28.75  4  2.16 14.17 215.70  17.37  0.64 15.19 307.19  11.26  0.16 18.46 315.30   8.00  0.11 21.45 223.21   5.53
19791105 030000  5.5 212.2  2.27 14.33 220.89  28.00  4  1.08  6.28 219.43  26.80  1.89 14.06 214.43   9.95  0.63 14.71 308.03  10.57  0.18 17.97 315.37   7.98
19791105 060000  5.5 187.6  2.26 14.27 220.55  27.58  4  0.98  6.27 219.36  26.57  1.94 13.93 214.32   9.91  0.62 14.54 308.23  10.29  0.20 17.85 316.01   7.48
19791105 090000  5.6 187.4  2.25 14.20 220.39  27.53  3  2.15 13.80 214.97  14.29  0.62 14.47 308.11  10.57  0.22 17.82 315.44   7.94
19791105 120000  2.7 206.8  2.24 14.12 220.66  27.54  3  2.14 13.69 214.98  13.44  0.62 14.43 307.36  11.11  0.26 17.62 315.35   7.80
19791105 150000  5.5 216.0  2.24 14.05 221.04  27.39  3  2.14 13.62 215.19  12.62  0.62 14.40 306.74  11.59  0.27 17.38 315.55   7.76
19791105 180000  6.0 221.6  2.29 14.06 221.22  27.28  3  2.18 13.66 215.43  12.68  0.63 14.36 306.52  11.89  0.29 16.89 315.20   8.14
19791105 210000  5.8 216.2  2.33 14.15 221.63  27.18  3  2.22 13.86 215.83  12.50  0.63 14.31 306.54  11.95  0.31 16.74 315.41   8.12
19791106 000000  1.0 211.7  2.33 14.15 221.92  27.17  3  2.21 14.07 216.02  11.87  0.64 14.25 307.15  11.83  0.31 16.70 315.68   7.50
19791106 030000  3.8 189.8  2.30 14.01 222.51  27.05  3  2.19 13.97 216.49  10.95  0.63 14.08 307.70  11.60  0.33 16.60 315.60   6.90
19791106 060000  6.2 173.4  2.28 13.77 222.38  27.00  3  2.17 13.77 216.56  11.49  0.62 13.74 308.39  10.75  0.31 16.59 316.47   8.34
19791106 090000  4.8 173.7  2.24 13.66 222.63  26.94  3  2.13 13.69 216.95  11.92  0.58 13.57 308.40  10.55  0.34 16.29 316.50   7.24
19791106 120000  2.4 196.3  2.19 13.65 223.43  26.74  3  2.09 13.74 217.66  11.12  0.54 13.47 308.60  10.53  0.38 15.79 315.56   7.77
19791106 150000  4.7 229.1  2.16 13.70 224.39  26.87  3  2.05 13.85 218.31  10.24  0.53 13.41 308.58  11.07  0.40 15.65 315.27   7.11
19791106 180000  6.4 224.3  2.14 13.70 225.20  27.29  3  2.03 13.81 218.82  10.49  0.54 13.41 308.24  11.54  0.41 15.58 315.33   6.96
19791106 210000  4.2 207.6  2.09 13.67 226.09  27.95  2  1.97 13.72 219.26  10.98  0.68 15.34 310.43  11.09
19791107 000000  2.7 149.9  2.01 13.67 226.92  28.65  2  1.89 13.68 219.49  10.85  0.68 13.63 309.88  11.83
19791107 030000  3.0 202.8  1.94 13.78 227.93  29.23  2  1.82 13.81 219.92  10.61  0.68 13.73 309.74  12.03
19791107 060000  4.8 202.7  1.94 14.01 228.38  29.40  2  1.81 14.08 220.33  11.21  0.68 13.87 309.83  12.17
19791107 090000  4.6 181.8  1.98 13.99 228.38  29.12  2  1.86 13.93 220.81  12.30  0.68 14.08 310.44  11.49
19791107 120000  6.2 178.9  2.03 14.06 228.15  28.88  2  1.92 13.91 221.32  14.37  0.66 14.19 310.94  11.14
19791107 150000  2.1 144.9  2.10 14.05 228.34  27.79  2  2.00 13.78 222.43  15.06  0.64 14.22 311.58  10.33
19791107 180000  6.5 237.2  2.26 13.72 227.36  25.95  2  2.18 13.40 222.71  15.24  0.61 14.19 311.93   9.92
19791107 210000  7.9 232.8  2.48 13.50 227.10  25.34  2  2.41 13.22 223.45  17.26  0.60 14.13 312.10   9.74
19791108 000000  4.8 211.5  2.51 13.43 226.13  25.26  2  2.43 13.22 222.66  17.47  0.59 14.03 312.11   9.86
19791108 030000  5.7 187.1  2.46 13.32 225.24  25.31  2  2.39 13.14 221.73  17.27  0.58 13.80 311.99  10.13
19791108 060000  5.1 179.1  2.41 13.13 224.26  25.14  2  2.34 12.81 220.79  16.93  0.57 13.59 311.80  10.42
19791108 090000  3.4 178.8  2.38 12.90 223.56  24.44  3  2.31 12.63 220.23  16.15  0.55 13.39 311.53  10.70  0.05 21.76 305.17   9.22
19791108 120000  2.1 208.8  2.34 12.80 223.01  23.75  3  2.28 12.56 219.86  15.55  0.53 13.23 311.30  10.90  0.06 21.75 304.33   9.72
19791108 150000  5.5 239.1  2.24 12.77 222.73  23.75  4  2.18 12.55 219.14  14.75  0.50 13.16 311.08  11.33  0.21  7.14 274.25   8.78  0.07 21.75 305.86   9.75
19791108 180000  8.3 223.5  2.20 12.72 222.86  24.45  4  2.14 12.50 219.83  17.05  0.48 13.18 311.42  10.86  0.05 17.77 307.88   9.73  0.05 21.57 304.64   9.43
19791108 210000  7.5 222.4  2.19 12.60 221.83  25.02  4  2.14 12.34 218.97  18.24  0.46 13.21 311.78  10.54  0.07 20.44 305.87   9.14  0.05 17.73 307.68   9.64
19791109 000000  4.0 213.0  2.10 12.43 220.71  25.31  4  2.05 12.13 217.75  18.20  0.45 13.23 312.06  10.44  0.09 20.34 305.45   9.38  0.05 17.71 308.09   9.75
19791109 030000  6.0 191.2  2.00 12.26 219.65  25.39  3  1.95 12.04 216.57  17.74  0.43 13.23 312.43  10.01  0.11 20.33 304.17   9.87
19791109 060000  6.7 180.3  1.91 12.10 218.54  25.81  4  1.86 11.96 215.37  17.89  0.41 13.20 312.72   9.58  0.11 20.33 303.97  10.39  0.06 16.79 308.67   9.23
19791109 090000  6.3 129.4  1.80 11.97 216.95  28.40  4  1.76 11.84 213.60  21.08  0.40 13.04 312.68   9.68  0.10 20.31 303.80  10.52  0.08 16.65 307.31   9.62
19791109 120000  3.8 133.2  1.68 11.83 217.27  29.49  5  1.63 11.71 213.36  21.52  0.38 12.66 312.43  10.06  0.10 19.94 304.76   9.59  0.09 16.60 308.05   9.98  0.09  6.70 278.09   9.10
19791109 150000  2.7 165.1  1.56 11.69 218.96  28.51  4  1.51 11.53 214.60  18.87  0.37 12.50 312.09  10.54  0.13 19.07 305.23   9.17  0.10 16.60 308.19  10.21
19791109 180000  7.9 224.3  1.52 11.50 220.96  27.94  4  1.46 11.30 216.22  17.34  0.36 12.45 311.66  11.11  0.18 19.01 305.11   9.57  0.09 16.57 308.08  10.65
19791109 210000  9.1 215.3  1.67 11.28 221.64  28.13  4  1.62 11.14 217.73  20.37  0.36 12.42 311.26  11.63  0.19 19.00 304.29  10.18  0.09 16.57 309.20  10.40
19791110 000000  1.1 229.9  1.61 11.13 221.38  29.39  5  1.11 11.01 214.07   8.85  1.10  5.22 221.00  29.29  0.35 12.41 311.02  12.22  0.18 18.99 304.17  10.80  0.09 16.29 308.00   9.87
19791110 030000  3.0 203.8  1.47 11.01 222.24  30.03  6  1.04 10.87 214.12   8.85  0.96  5.37 222.13  29.75  0.34 12.40 311.10  12.38  0.16 18.97 303.92  11.32  0.11 15.65 307.99   9.59  0.09 15.93 217.18   7.06
19791110 060000  2.0 185.7  1.34 10.83 223.40  31.10  5  0.98 10.65 213.81   8.91  0.82  5.37 223.42  29.31  0.34 12.39 311.30  12.29  0.17 18.60 305.00   9.95  0.13 15.52 308.25  10.08
19791110 090000  1.0 116.8  1.22 10.57 225.56  33.10  6  0.90 10.44 213.86   8.94  0.70  5.31 224.54  28.95  0.33 12.37 311.75  11.92  0.21 17.84 304.98  10.43  0.16 15.55 307.60  10.08  0.12 14.58 212.06   7.59
19791110 120000  2.1 309.7  1.13 10.43 228.47  35.41  7  0.84 10.31 213.69   9.20  0.60  5.25 226.39  28.45  0.32 12.32 312.19  11.46  0.27 17.77 305.17   9.63  0.15 15.51 307.03  10.47  0.11 14.79 210.51   7.01  0.10 17.90 220.83   8.52
19791110 150000  5.1 266.5  1.07 17.74 232.12  37.36  6  0.56  5.19 231.95  30.32  0.78 10.19 213.43   9.22  0.31 12.14 312.61  10.83  0.29 17.76 304.51  10.32  0.15 15.54 307.99  10.45  0.08 18.24 221.84   7.50
19791110 180000  4.5 221.2  1.01 17.74 233.26  37.97  7  0.54  5.10 232.21  30.30  0.68 10.03 213.49   9.54  0.30 11.87 312.96  10.33  0.29 17.76 304.44  10.92  0.25 13.65 213.44  10.71  0.13 15.59 308.08  10.07  0.09 18.07 221.26   7.71
19791110 210000  3.7 226.4  0.95 17.71 233.41  38.51  7  0.60  9.72 213.15   9.66  0.50  5.00 230.45  29.96  0.31 13.38 214.52  12.71  0.29 11.73 313.15  10.01  0.27 17.72 305.00  10.97  0.12 17.60 221.31   7.02  0.12 15.30 309.88  11.03
19791111 000000  4.6 215.9  0.91 17.49 234.87  39.51  8  0.49  4.89 228.43  30.45  0.51  9.57 213.00   9.95  0.35 13.11 213.03  10.27  0.29 11.66 313.05  10.21  0.27 17.53 305.61  10.85  0.14 17.36 221.70   7.10  0.12 12.94 250.35   7.75  0.12 14.66 311.51   4.77
19791111 030000  8.0 201.4  1.01 16.67 232.01  40.25  7  0.80  9.43 215.71  25.41  0.36 12.81 214.74  10.44  0.29 16.71 306.11  10.25  0.28 11.64 312.82  10.63  0.19 14.54 309.20   7.96  0.19 12.27 252.13   7.53  0.15 17.10 222.36   7.37
19791111 060000  7.4 179.6  1.07 16.59 233.27  43.55  8  0.71  3.82 210.11  33.48  0.40  9.18 214.17  11.13  0.36 16.61 306.31   9.71  0.35 12.80 214.90   9.68  0.28 11.11 252.10   8.45  0.27 11.65 313.61   9.65  0.21 14.49 307.34  10.00  0.20 16.46 221.10   8.18
19791111 090000  3.7 156.1  1.04 16.57 242.10  44.43  8  0.61  3.97 210.57  36.64  0.40 16.60 305.73  10.21  0.38 12.89 215.65   9.15  0.38 10.55 251.29   9.41  0.31  8.87 213.25  10.45  0.27 11.66 313.41   9.95  0.23 14.55 307.99   9.85  0.22 16.33 223.20   8.91
19791111 120000  2.4 209.4  1.01 16.55 248.66  42.44  7  0.49  3.96 212.67  39.07  0.48 12.93 215.88   9.91  0.46 10.00 252.38   9.42  0.41 16.60 304.98  11.63  0.27 11.67 313.36   9.97  0.24 16.22 223.72   7.93  0.22 14.58 308.11   9.92
19791111 150000  4.8 245.7  1.04 16.50 251.68  37.82  7  0.45  3.88 225.06  36.85  0.56 10.08 253.18   9.55  0.44 12.67 216.94  10.00  0.40 16.58 303.52  12.56  0.31 15.58 223.89   9.03  0.27 11.67 313.31   9.92  0.18 14.66 313.36   6.35
19791111 180000  4.8 267.1  1.10 16.30 252.67  33.98  8  0.44  3.67 238.26  36.54  0.67 10.01 253.48  10.91  0.41 16.46 307.08  10.56  0.40 12.49 217.87   8.82  0.38 15.19 225.21   8.56  0.26 11.71 313.86   9.09  0.13  7.28 212.03   9.52  0.11 16.63 265.22   7.31
19791111 210000  2.6 318.3  1.18 15.41 253.73  31.80  6  0.88  9.77 252.41  19.96  0.44 14.69 226.04   9.14  0.42 12.46 218.96   8.87  0.42 15.74 308.21   9.93  0.26 11.71 313.32   9.59  0.13 16.25 266.72   7.33
19791112 000000  3.3  18.3  1.28 15.32 255.17  31.39  5  0.92  9.59 256.14  19.29  0.69 14.26 223.87   9.85  0.49 15.52 308.73   9.78  0.22 11.01 314.13   8.55  0.16 15.91 267.02   7.54
19791112 030000  3.1  12.2  1.37 15.33 255.49  31.67  6  0.95  9.39 258.83  19.39  0.79 13.59 224.34   9.87  0.48 15.49 307.49   9.55  0.24 13.39 311.63   9.11  0.20 10.89 314.88   9.29  0.19 14.83 267.59   7.73
19791112 060000  3.5  23.4  1.46 15.34 254.31  31.23  6  0.97  9.06 261.00  17.94  0.90 13.29 224.75  10.33  0.49 15.49 307.09   9.83  0.25 13.47 308.50  10.09  0.22 10.95 315.25   9.28  0.20 15.31 268.73   5.87
19791112 090000  2.7 349.3  1.59 13.03 252.32  30.79  6  1.04  8.77 262.59  17.79  1.03 12.72 224.64  10.61  0.51 15.48 302.13  14.20  0.27 13.66 312.89   6.99  0.21 10.93 315.05   9.70  0.15 13.35 266.66   4.91
19791112 120000  0.9 213.6  1.69 12.45 250.40  30.31  5  1.13 12.37 224.54  11.19  1.08  8.42 263.16  17.06  0.55 15.41 306.05  12.00  0.23 11.01 314.53   9.54  0.19 12.99 266.15   3.19
19791112 150000 11.3 197.4  1.92 12.00 243.17  32.45  6  0.81  3.72 214.09  30.71  1.19 12.02 224.15  11.19  1.11  8.03 263.22  16.53  0.52 15.26 307.67  10.99  0.25 12.11 267.29   8.15  0.23 11.16 313.94  10.71
19791112 180000 14.4 203.5  2.46 11.80 229.68  35.59  5  2.32 11.81 223.21  31.32  0.52  9.16 269.16   8.10  0.50 14.70 308.12  11.10  0.28 11.82 266.90   7.89  0.23 11.37 313.16  11.15
19791112 210000 12.9 202.7  2.69 11.58 225.92  34.83  7  2.60 11.59 221.65  31.37  0.48 14.52 308.52  10.57  0.39  9.71 271.03   8.61  0.26 11.37 268.11   5.18  0.22 11.65 313.60  10.34  0.08 17.92 217.68   7.33  0.06 21.14 313.51   8.08
19791113 000000 10.8 194.9  2.58 11.22 226.34  34.41  7  2.16  6.70 219.41  33.83  1.18 11.25 225.55  12.39  0.51 14.47 309.66  10.17  0.47  9.09 270.99  10.58  0.34 10.96 266.48   6.77  0.10 17.66 218.11   7.15  0.08 20.40 313.37   8.01
19791113 030000 12.0 193.3  2.46 11.05 226.10  34.88  6  2.31 11.07 218.90  29.36  0.59  8.77 275.65  10.22  0.51 14.44 309.16  10.32  0.30 10.59 268.43   4.97  0.11 17.35 217.81   7.00  0.09 20.34 313.57   8.27
19791113 060000 12.6 184.8  2.55 10.85 221.68  35.57  7  2.13  6.39 212.11  33.85  1.20 10.92 229.02  14.60  0.51 14.40 308.97  10.32  0.43  8.95 277.43   9.10  0.21 10.41 269.21   6.25  0.14 16.80 218.51   6.99  0.10 20.33 313.79   8.60
19791113 090000 11.2 178.0  2.51 10.49 220.23  35.95  5  2.08  6.77 209.42  33.88  1.30 10.48 235.59  20.51  0.50 14.34 309.17  10.33  0.17 16.60 218.10   7.07  0.10 20.25 313.50   8.50
19791113 120000  7.5 179.2  2.29 10.28 223.92  35.04  5  1.77  7.18 210.27  33.11  1.36 10.27 236.42  20.07  0.49 14.23 309.24  10.47  0.19 16.48 218.18   6.92  0.12 19.30 312.83   8.07
19791113 150000  8.9 199.5  2.14 10.10 226.92  32.96  5  2.07 10.10 223.42  28.69  0.45 14.02 308.69  10.36  0.22 16.17 218.48   6.77  0.16 19.05 312.77   8.00  0.13 10.93 316.58   9.84
19791113 180000 12.1 214.8  2.29  9.84 225.95  29.74  5  2.23  9.83 223.25  25.75  0.42 13.75 308.73  10.43  0.25 15.69 218.29   6.81  0.18 19.01 312.94   8.37  0.13 10.94 316.07  10.06
19791113 210000 12.1 208.9  2.60  9.55 224.20  28.31  5  2.54  9.54 222.35  25.36  0.39 13.62 308.91  10.39  0.29 15.52 218.16   6.80  0.17 19.00 313.58   8.57  0.13 10.97 316.02   9.86
19791114 000000  7.6 191.8  2.62  8.92 222.80  28.55  6  2.11  7.69 217.87  28.55  1.47  9.15 227.43  18.16  0.38 13.53 309.39  10.36  0.32 15.42 217.99   6.96  0.16 18.93 313.35   8.52  0.10 10.81 317.97   7.92
19791114 030000  6.7 194.7  2.39  8.89 222.98  28.54  4  2.33  8.89 221.04  25.41  0.38 13.44 310.29  10.36  0.35 15.25 217.93   7.21  0.19 18.03 312.58   8.09
19791114 060000  4.3 160.5  2.12  8.87 224.27  28.67  4  2.04  8.86 221.64  24.34  0.39 14.85 217.66   7.46  0.37 13.36 310.42  10.31  0.24 17.80 312.18   8.12
19791114 090000  3.8 125.0  1.90  8.81 225.51  28.94  4  1.79  8.81 222.23  23.40  0.43 14.60 217.43   7.80  0.36 13.29 310.38  10.46  0.27 17.77 312.18   8.42
19791114 120000  5.3 162.1  1.77  8.76 225.41  29.25  5  1.64  8.75 221.96  23.26  0.49 14.39 216.35   8.27  0.35 13.24 310.34  10.65  0.24 17.76 312.89   8.49  0.09 20.37 305.33   8.81
19791114 150000  8.1 204.7  1.78  8.76 223.02  28.11  5  1.66  8.75 219.82  22.37  0.50 14.15 216.98   8.90  0.34 13.22 310.30  10.74  0.21 17.72 312.85   8.58  0.10 20.35 304.75   9.13
19791114 180000 11.3 212.8  2.10  8.81 221.17  26.46  5  1.99  8.80 218.96  22.33  0.53 13.96 216.96   9.43  0.33 13.22 310.18  10.89  0.22 17.23 312.34   8.30  0.10 20.35 304.89   9.64
19791114 210000 11.6 208.3  2.41  7.33 219.42  26.54  5  2.31  7.33 217.52  23.16  0.55 13.90 217.23   9.90  0.32 13.20 310.07  11.08  0.27 16.67 312.08   8.11  0.08 20.34 304.33   9.81
19791115 000000  6.7 193.4  2.48  7.63 217.98  27.65  6  2.26  7.63 216.62  25.27  0.76 11.31 209.66   9.04  0.52 14.28 218.27   7.41  0.32 16.61 311.46   8.55  0.30 13.10 310.11  11.26  0.06 17.84 251.38   5.59
19791115 030000  8.1 199.2  2.32  7.82 217.91  27.85  7  2.05  7.82 216.45  25.34  0.85 11.01 210.01  10.40  0.50 14.19 218.42   7.30  0.31 16.60 312.33   8.41  0.28 12.84 309.22  13.89  0.13 19.13 304.58   9.13  0.07 17.75 251.76   5.45
19791115 060000  6.2 186.3  2.15  7.82 218.30  27.56  7  1.87  7.81 216.83  24.85  0.80 10.99 209.24  10.12  0.55 13.83 218.76   9.50  0.28 16.59 312.43   8.47  0.27 12.62 310.69  11.65  0.16 19.06 304.27   9.41  0.11 17.12 249.46   6.32
19791115 090000  3.8 169.1  2.03  8.01 219.39  26.66  8  1.75  8.00 218.33  23.71  0.74 11.12 208.01   9.58  0.56 13.74 217.58   7.71  0.25 16.50 312.22   8.46  0.25 12.54 311.31  11.28  0.16 19.04 303.97   9.71  0.13 16.78 250.26   6.47  0.13 12.67 250.22   5.18
19791115 120000  2.9 194.0  1.96  8.47 220.67  26.03  8  1.65  8.47 219.25  22.67  0.77 10.65 211.17  11.14  0.53 13.66 217.55   7.51  0.26 15.80 312.06   8.28  0.25 12.50 311.56  11.21  0.18 16.54 248.33   7.42  0.16 12.26 249.99   5.37  0.15 19.03 303.62  10.07
19791115 150000  5.4 232.3  1.90  8.77 221.96  26.35  8  1.63  8.77 219.77  21.36  0.67 11.09 210.71  11.08  0.51 13.58 217.83   7.61  0.30 15.56 311.97   8.17  0.24 12.48 311.57  11.10  0.20 15.92 249.58   6.04  0.16 11.88 250.73   5.33  0.14 19.02 302.50  10.60
19791115 180000  6.9 228.7  1.85  8.78 223.54  27.53  7  1.70  8.77 219.10  20.54  0.48 13.53 216.87   8.56  0.33 15.52 312.06   8.27  0.24 12.46 311.32  11.19  0.24 15.64 249.34   6.58  0.21 11.82 250.65   5.07  0.16 18.75 303.09  10.11
19791115 210000  5.8 222.2  1.75 15.42 224.81  29.18  8  1.43  8.55 220.43  22.52  0.64 10.61 211.01   9.89  0.49 13.30 217.05   8.35  0.34 15.51 312.08   8.46  0.30 15.46 247.75   7.34  0.26 11.45 250.50   5.47  0.24 12.44 311.15  11.28  0.20 18.01 303.39   9.87
19791116 000000  5.6 215.9  1.63 15.33 226.30  30.47  8  1.29  8.27 219.75  22.86  0.59 10.62 211.12  10.45  0.47 13.31 218.41   9.18  0.34 10.84 247.45   7.79  0.33 15.49 311.99   8.51  0.31 14.96 249.73   5.50  0.24 12.41 310.98  11.42  0.23 17.87 303.26  10.20
19791116 030000  2.7 223.1  1.52 15.02 227.77  31.16  8  1.12  8.01 220.26  23.51  0.62 10.33 211.77  11.72  0.48 13.31 218.71   9.04  0.35 14.64 249.98   5.84  0.32 10.84 251.39   6.23  0.31 15.41 311.83   8.50  0.24 12.34 310.88  11.52  0.24 17.82 303.45  10.08
19791116 060000  3.3 201.9  1.43 14.48 229.38  31.83  8  1.01  7.87 219.75  23.68  0.57 10.31 210.44  10.00  0.41 13.20 217.56   8.61  0.41 14.48 246.73   8.71  0.39 10.79 249.55   7.55  0.30 14.97 311.81   8.42  0.24 12.14 310.96  11.58  0.23 17.81 302.53  10.93
19791116 090000  2.3 189.1  1.36 14.34 231.54  32.81  8  0.87  7.64 220.45  24.50  0.62 10.17 210.43  10.01  0.47 14.14 243.58  10.41  0.40 10.40 250.80   7.01  0.33 12.73 214.00   5.58  0.32 14.58 311.87   8.35  0.23 11.95 311.20  11.57  0.22 17.78 302.07  11.03
19791116 120000  3.5 214.9  1.30 14.27 234.20  34.06  8  0.81  7.62 219.86  24.09  0.55 10.02 209.79   9.97  0.48 13.81 244.74   9.70  0.41  9.92 251.02   7.17  0.34 14.52 311.89   8.33  0.32 12.85 215.47   6.29  0.24 17.69 302.04  10.88  0.23 11.84 311.43  11.56
19791116 150000  4.0 215.4  1.25 14.23 237.43  35.19  8  0.73  7.67 219.40  23.61  0.52  9.85 210.80  10.96  0.50 13.59 243.72  10.23  0.42  9.63 252.12   6.65  0.36 14.50 311.73   8.37  0.28 12.56 213.56   6.10  0.27 17.38 302.53  10.50  0.22 11.77 311.96  11.67
19791116 180000  5.2 206.5  1.22 14.19 239.96  36.24  8  0.70  7.59 218.73  23.77  0.51 13.40 242.29  11.06  0.49  9.76 210.52  10.32  0.42  9.32 252.49   6.83  0.36 14.47 311.41   8.69  0.31 16.84 302.74  10.62  0.21 11.70 312.87  11.13  0.20 12.72 210.87   5.07
19791116 210000  1.4 157.9  1.16 14.12 243.13  37.59  7  0.76  9.68 215.05  21.75  0.49 13.21 243.30  10.58  0.41  9.13 252.99   6.97  0.36 14.42 311.57   8.65  0.33 16.72 302.84  10.74  0.24 12.64 215.63   7.04  0.21 11.67 312.49  11.06
19791117 000000  4.3 270.8  1.10 13.70 246.67  37.81  7  0.70  9.57 216.31  23.42  0.49 12.90 242.51  11.28  0.41  8.98 252.30   8.02  0.35 14.30 311.58   8.61  0.34 16.67 302.50  11.05  0.21 11.64 312.37  10.88  0.19 13.13 215.39   5.80
19791117 030000  5.0 337.5  1.07 13.56 251.67  38.43  6  0.64  9.38 221.71  33.79  0.56 13.11 240.35  14.85  0.39  8.79 253.00   7.77  0.34 13.89 311.67   8.54  0.33 16.64 301.96  11.38  0.21 11.59 312.10  10.94
19791117 060000  6.7 341.3  1.16 13.40 263.45  40.62  7  0.72  9.17 256.63  53.11  0.66 12.96 246.38  13.48  0.36  8.69 253.11   8.12  0.34 13.64 311.59   8.38  0.33 16.60 301.44  11.59  0.20 11.51 311.29  10.57  0.08 17.94 221.22   7.42
19791117 090000  8.8 354.9  1.45 12.97 279.64  43.36  8  0.90  4.29 321.38  36.83  0.84 12.65 250.10  12.25  0.40  9.07 208.23   9.87  0.37  8.64 253.91   8.27  0.35 16.51 301.05  11.73  0.34 13.57 311.67   8.11  0.20 11.41 312.05  11.38  0.08 17.90 222.57   7.09
19791117 120000 10.0 345.1  1.83 12.40 283.95  39.78  6  1.16  5.20 324.53  30.49  1.27 12.31 254.71  12.34  0.38 13.53 309.82   9.71  0.37 16.31 302.03  10.96  0.31  9.01 207.15   8.83  0.15 10.91 317.97   8.55
19791117 150000 10.3 331.4  2.33 11.93 287.95  38.30  7  1.52  5.64 326.78  27.45  1.66 11.89 258.50  13.17  0.40 15.81 302.72  10.33  0.37 13.50 310.95   8.69  0.22  8.88 205.98   8.08  0.13 16.85 221.80   7.90  0.06 21.90 217.26   7.46
19791117 180000  6.9 317.9  2.41 13.36 276.99  33.74  7  2.14 11.59 280.31  34.74  0.94 13.81 252.29  12.36  0.40 15.63 303.54   9.63  0.39 13.44 310.16   9.83  0.16 11.05 314.46  10.35  0.15 16.79 222.27   7.79  0.08 21.64 217.46   7.19
19791117 210000  6.5 311.0  2.55 13.21 269.37  29.38  7  2.48 13.04 267.74  28.48  0.42 15.60 302.15  10.61  0.36 13.41 312.16   8.05  0.17 16.71 223.95   8.71  0.15 10.92 316.26   8.16  0.14  8.64 205.43   7.51  0.10 20.84 217.58   7.19
19791118 000000  3.9 302.0  2.63 12.59 265.25  26.27  5  2.57 12.49 263.64  25.12  0.42 15.57 301.29  10.88  0.35 13.22 313.80   7.26  0.13 20.38 218.05   7.41  0.13  8.44 203.77   6.83
19791118 030000  1.8   2.5  2.60 12.30 263.13  24.45  6  2.51 12.12 261.81  22.75  0.45 15.54 299.89  11.85  0.33 12.88 313.73   7.18  0.26 15.66 224.39  10.04  0.15 20.21 218.43   6.90  0.12  8.42 203.45   7.18
19791118 060000  0.6  55.8  2.49 11.76 261.70  23.68  7  2.41 11.70 260.31  21.53  0.43 15.47 300.01  11.61  0.33 12.74 313.65   7.22  0.24 15.61 222.86   8.58  0.18 19.35 217.90   7.08  0.14  8.61 202.96   6.92  0.10 19.33 300.50  10.18
19791118 090000  2.4 162.4  2.37 11.36 260.56  23.50  7  2.28 11.33 258.82  21.07  0.42 15.41 302.09  10.48  0.34 12.68 311.64   9.97  0.24 15.50 223.18   8.50  0.21 19.04 218.26   7.34  0.09 19.17 297.91  11.23  0.08 21.98 302.21   9.82
19791118 120000  2.1 118.0  2.23 10.99 259.58  23.83  7  2.13 10.97 257.56  20.78  0.44 15.21 300.61  11.76  0.34 12.65 312.47   8.20  0.26 14.87 222.27   8.91  0.24 18.79 218.21   7.26  0.10 21.80 301.00  10.19  0.09 19.04 299.20  11.43
19791118 150000  2.9 221.0  2.09 10.62 258.83  24.63  7  1.97 10.62 256.38  21.04  0.44 14.85 301.43  11.21  0.34 12.62 312.41   8.19  0.26 18.01 218.15   7.05  0.24 14.73 222.40   7.78  0.11 21.79 301.07  10.47  0.11 19.01 299.46  10.99
19791118 180000  9.3 215.4  2.01 10.31 255.43  27.25  7  1.89 10.30 252.31  23.61  0.44 14.67 300.78  11.90  0.34 12.56 311.95   8.57  0.32 17.76 219.69   8.08  0.18 14.49 220.58   4.96  0.14 18.90 300.03  11.48  0.11 21.78 300.95  10.55
19791118 210000  8.0 163.4  1.93 10.08 249.66  34.40  8  1.77 10.04 246.72  31.26  0.43 14.60 301.04  11.39  0.34 12.51 311.65   8.68  0.33 17.61 218.30   7.15  0.29 10.47 201.02   7.19  0.21 14.50 224.34   6.92  0.15 18.67 300.06  10.81  0.13 21.55 301.87  10.02
19791119 000000  8.5 171.9  1.81  9.69 245.16  39.31  8  0.81  4.04 181.89  32.47  1.41  9.64 256.13  18.58  0.42 14.57 300.62  11.03  0.34 16.94 218.55   7.04  0.34 12.44 311.74   8.84  0.30 11.03 201.46   7.79  0.27 13.81 215.85  11.87  0.22 18.31 300.49  10.56
19791119 030000  7.0 159.8  1.71  9.47 241.79  42.27  9  0.85  4.32 180.04  32.94  1.25  9.42 256.09  18.62  0.43 14.52 301.13  11.21  0.36 16.66 218.72   7.32  0.32 12.32 312.13   8.76  0.31 11.69 200.35   7.03  0.25 13.69 219.46   8.73  0.18 18.04 299.52  10.86  0.18 20.46 300.93  10.33
19791119 060000  5.1 148.0  1.55 14.46 246.58  41.23  9  0.65  4.25 175.84  33.21  1.14  8.99 255.79  18.90  0.42 14.50 300.47  11.04  0.38 16.54 218.17   7.24  0.33 12.20 312.44   8.55  0.32 11.01 201.34   7.56  0.22 13.59 222.97   6.70  0.20 20.39 300.61  10.51  0.19 17.92 299.28  11.02
19791119 090000  4.5 154.7  1.42 14.48 251.56  39.58 10  0.48  3.98 171.82  33.83  1.02  8.67 257.20  19.16  0.46 14.43 302.25  10.99  0.39 16.33 218.58   7.66  0.30 10.56 201.58   8.93  0.28 11.24 235.02   9.85  0.27 11.78 313.31   9.24  0.23 13.46 219.98   7.77  0.22 20.36 299.79  10.96  0.21 17.83 300.39  10.44
19791119 120000  3.9 192.1  1.33 14.49 255.60  37.92 10  0.35  3.79 168.41  32.37  0.94  8.30 257.13  19.55  0.45 14.35 301.14  10.84  0.38 15.74 218.60   7.95  0.31 13.22 220.64   9.49  0.29 11.83 313.09   8.79  0.25 10.31 199.13   6.86  0.25 20.20 300.49  10.89  0.23 17.62 300.71  10.62  0.22 11.00 243.83   5.97
19791119 150000  4.0 214.3  1.27 14.46 258.51  36.58 10  0.29  3.53 178.81  34.91  0.89  8.03 256.72  19.71  0.45 14.25 300.73  11.01  0.40 15.55 218.48   7.89  0.29 17.62 300.87  10.15  0.29 11.77 312.43   9.06  0.27 12.50 219.03  10.16  0.23 20.19 300.46  11.30  0.23  9.87 198.84   6.32  0.18 10.95 242.02   4.57
19791119 180000  7.7 216.3  1.29 14.34 257.17  36.56 10  0.47  2.88 215.63  33.34  0.82  7.82 256.96  19.55  0.44 14.09 300.43  10.93  0.41 18.72 300.25  10.70  0.38 15.44 217.74   7.32  0.29 11.75 311.54   9.39  0.27 12.62 219.53   8.12  0.22  9.70 199.59   6.87  0.19 10.80 241.73   6.14  0.05 15.16 252.10   8.17
19791119 210000  7.3 211.5  1.34 14.16 254.61  37.27 11  0.66  3.52 222.82  34.22  0.78  7.69 256.13  18.43  0.44 13.85 300.17  11.01  0.38 15.29 217.54   7.36  0.33 19.08 299.58  10.24  0.29 11.73 311.61   8.94  0.28 16.84 300.88  11.03  0.27 12.63 218.02   9.06  0.19 10.58 241.44   5.87  0.18  9.48 199.43   7.17  0.06 14.60 250.06   9.67
19791120 000000 11.1 205.9  1.48 18.91 247.67  38.67  8  1.22  7.78 235.05  31.97  0.43 13.71 299.85  11.09  0.40 18.97 298.32  10.95  0.36 14.92 217.48   7.64  0.29 11.71 311.67   8.99  0.28 12.86 217.57   8.08  0.23 16.66 305.16   8.26  0.07 14.29 251.82   6.84
19791120 030000  4.8 187.1  1.48 18.89 249.69  38.80  9  0.85  4.52 217.91  36.70  0.85  7.99 254.21  14.84  0.46 14.58 217.31   7.81  0.43 13.61 299.88  11.57  0.41 18.95 298.62  10.99  0.28 11.68 311.68   9.43  0.25 16.65 305.09   8.08  0.15  9.04 199.26   6.54  0.08 13.73 252.61   6.69
19791120 060000  6.2 203.7  1.42 13.69 256.11  36.78  7  1.12  8.71 245.03  30.10  0.48 14.44 215.85   9.15  0.41 13.56 300.04  11.49  0.41 18.90 297.82  11.49  0.31 16.54 305.20   8.00  0.27 11.63 311.77   9.76  0.08 13.67 252.35   7.17
19791120 090000  5.8 195.3  1.42 13.61 259.86  35.45  8  1.11  8.78 249.77  28.35  0.47 14.32 216.91   8.04  0.44 18.67 299.15  10.80  0.41 13.52 300.40  11.55  0.33 16.34 301.95  11.15  0.27 11.59 313.28   7.74  0.12  8.83 200.03   7.28  0.06 21.00 219.26   7.69
19791120 120000  7.8 195.2  1.46 13.54 260.71  35.99  7  0.52  3.28 197.96  30.70  1.01  8.80 260.44  13.83  0.59 17.69 299.88  11.18  0.50 13.48 303.20  12.45  0.47 14.07 215.21   8.68  0.16 16.76 221.09   8.14  0.07 20.64 219.97   8.23
19791120 150000  7.1 207.0  1.50 13.47 261.17  35.70  7  0.57  3.47 203.75  31.24  1.02  8.86 262.11  13.35  0.62 17.69 299.26  11.91  0.50 13.65 215.93   8.87  0.45 13.43 301.03  12.53  0.20 10.96 314.52   7.51  0.09 20.50 220.25   8.23
19791120 180000  9.3 213.1  1.62 17.66 257.64  35.78  9  0.82  3.83 221.17  33.38  1.00  8.95 262.24  12.22  0.55 17.79 295.30  15.06  0.44 13.46 214.63   8.85  0.44 13.37 300.98  12.88  0.34 15.74 305.35   7.22  0.24 15.68 218.21   7.39  0.22 11.02 312.55   8.24  0.14 19.94 220.81   7.83
19791120 210000  8.2 208.6  1.67 17.66 256.75  35.81 11  0.76  3.87 208.83  29.20  1.12  9.05 262.19  13.47  0.56 17.73 298.97  10.94  0.42 13.28 215.01   8.90  0.42 13.25 300.78  11.94  0.31 15.57 305.21   8.12  0.28 15.48 216.65   7.76  0.23 15.52 258.12  10.77  0.22 11.00 312.58   8.31  0.15 19.42 220.18   8.03  0.07 12.66 335.00   0.05
19791121 000000 10.5 199.5  1.73 17.63 252.73  37.56 10  0.86  3.95 204.88  29.31  1.09  9.22 262.20  13.09  0.55 17.69 298.90  11.10  0.54 13.09 216.71   9.45  0.42 12.95 299.59  12.90  0.35 15.00 256.83   9.15  0.31 15.57 305.21   8.12  0.21 10.96 312.63   9.33  0.18 19.18 220.50   8.18  0.08 12.66 335.00   0.00
19791121 030000  7.8 189.6  1.86 17.56 249.53  37.36 11  0.87  4.48 196.10  28.48  1.10  9.77 260.05  14.82  0.72 14.26 253.68   9.05  0.59 17.59 299.20  10.78  0.45 13.17 217.66  10.59  0.36 12.78 299.79  11.89  0.33 14.78 217.71   8.76  0.30 15.30 307.00   6.36  0.24 18.85 221.17   7.71  0.21 11.01 314.54   9.70  0.08 12.68 335.00   0.05
19791121 060000  9.1 180.7  2.00 12.88 249.10  35.89  8  0.86  4.33 191.47  29.24  1.49 13.29 256.18  13.13  0.68 17.44 300.46  10.48  0.59 14.32 218.35   9.66  0.32 12.69 300.12   9.46  0.27 18.40 220.78   8.20  0.20 10.99 313.55   8.48  0.13 12.59 329.49   7.65
19791121 090000  9.6 185.2  2.22 12.86 246.21  35.34  8  1.01  4.49 192.55  30.14  1.69 13.20 254.47  12.64  0.70 16.90 300.27  10.50  0.58 14.18 218.22   8.47  0.31 17.93 220.33   7.86  0.30 12.65 300.94   9.42  0.20 10.94 315.00   8.54  0.11 11.97 335.00   0.08
19791121 120000 10.1 173.8  2.38 12.77 244.05  35.81  7  1.15  4.59 192.37  33.50  1.80 13.05 253.03  12.23  0.72 16.61 299.41  11.18  0.56 14.47 217.94   9.27  0.37 17.71 220.98   7.67  0.35 12.62 304.03  10.89  0.13 11.96 331.43   4.79
19791121 150000 10.7 199.3  2.47 12.63 243.68  33.41  8  1.23  4.85 201.88  31.97  1.86 12.65 252.45  11.88  0.73 16.55 299.50  11.22  0.57 14.48 217.69   8.19  0.41 17.45 221.44   8.68  0.32 12.59 302.60  10.00  0.13 11.70 332.21   4.51  0.12 10.24 314.21   7.50
19791121 180000 14.7 210.0  2.78 12.53 240.15  31.66  5  2.63 12.53 235.46  27.76  0.73 16.53 298.51  12.48  0.42 16.94 220.74   7.89  0.33 12.57 303.76  10.41  0.13 11.61 330.13   7.87
19791121 210000 13.4 206.5  2.97 12.44 237.64  31.81  6  2.82 12.43 233.61  28.48  0.71 16.49 297.90  13.15  0.46 16.66 221.79   7.81  0.32 12.50 302.01  11.05  0.12 10.33 314.79   7.81  0.11 11.30 335.02   0.49
19791122 000000 13.5 197.5  2.91 12.35 234.54  32.94  6  2.76 12.33 230.34  29.55  0.70 16.47 298.22  12.31  0.52 16.44 221.87   8.04  0.31 12.47 301.50  10.25  0.13 10.37 317.07   8.42  0.11 11.42 333.58   3.54
19791122 030000 10.1 196.9  2.79 12.22 234.65  33.11  6  1.98  6.76 216.07  31.66  1.72 12.23 246.61  14.96  0.76 16.39 298.54  12.24  0.54 15.94 221.38   8.29  0.12 10.36 316.47   7.79  0.12 11.35 333.79   3.38
19791122 060000 11.2 188.9  2.71 11.99 234.10  33.46  6  2.53 12.01 229.46  29.82  0.71 16.25 298.84  11.56  0.58 15.61 221.91   7.99  0.22 11.90 302.27  10.18  0.12 11.41 333.82   3.35  0.12 10.32 316.79   7.93
19791122 090000 10.5 187.1  2.68 11.82 232.94  33.57  5  2.48 11.80 228.29  29.94  0.71 15.78 299.02  11.57  0.65 15.30 221.52   8.46  0.20 11.84 301.37   9.62  0.16 10.53 326.15   9.29
19791122 120000  8.8 193.0  2.54 11.72 234.65  32.62  5  2.29 11.61 230.48  29.26  0.83 14.82 221.34   8.36  0.70 15.57 299.07  11.91  0.21 11.83 302.73  10.31  0.13 10.64 329.87   6.39
19791122 150000 10.3 206.7  2.49 15.22 234.96  31.10  5  2.24 11.59 230.87  27.27  0.81 14.48 222.10   8.33  0.68 15.49 299.09  11.96  0.20 11.79 302.74   9.99  0.13 10.43 329.75   7.06
19791122 180000 13.8 208.2  2.73 15.17 230.90  30.40  5  2.63 11.51 226.77  25.93  0.66 15.45 299.05  11.91  0.19 11.78 302.43   9.72  0.18 18.15 228.83  10.14  0.13 10.33 327.80   8.53
19791122 210000 13.0 208.5  3.04  7.20 228.72  29.84  4  2.96  7.20 225.57  26.23  0.65 15.43 298.84  12.23  0.18 11.76 301.78   9.45  0.13 10.35 327.03   9.73
19791123 000000 14.2 201.1  3.16  7.64 225.61  30.49  5  3.07  7.64 222.63  27.24  0.67 15.41 298.71  12.55  0.32 17.13 227.90  10.15  0.11 10.12 328.21   9.41  0.05 20.57 309.01   8.49
19791123 030000  8.0 200.3  3.05  8.07 226.06  30.32  6  2.78  8.07 223.27  28.52  1.06 13.82 221.96   8.58  0.65 15.37 299.23  11.84  0.11 10.04 327.63  10.30  0.06 20.43 308.72   8.44  0.06 23.15 217.72   7.44
19791123 060000  4.4 186.6  2.76  8.35 228.77  29.21  5  2.42  8.35 225.90  27.36  1.14 13.79 223.14   9.08  0.64 15.30 300.11  12.63  0.08 22.15 217.81   7.35  0.07 20.28 308.81   8.22
19791123 090000  3.4 156.2  2.54 14.74 230.39  27.95  5  2.17  8.46 227.80  25.73  1.16 14.34 223.16   9.12  0.62 15.16 300.13  12.75  0.10 21.88 218.07   7.21  0.08 19.59 309.54   8.13
19791123 120000  7.9 177.1  2.47 14.42 229.55  27.33  5  2.08  8.66 227.00  25.07  1.17 14.28 223.00   9.24  0.59 14.79 300.29  12.79  0.14 21.40 218.00   7.20  0.10 19.19 309.69   8.37
19791123 150000  8.3 217.0  2.48 14.22 228.37  25.77  5  2.13  8.87 225.75  23.08  1.13 13.97 223.35   9.11  0.56 14.58 299.96  13.22  0.17 20.56 218.33   7.21  0.12 19.08 309.62   8.41
19791123 180000 11.5 218.0  2.67 13.76 226.76  24.61  6  2.32  8.94 224.23  22.33  1.18 13.58 224.15   9.26  0.53 14.48 298.77  12.63  0.20 20.42 219.60   8.16  0.13 19.05 309.40   8.20  0.08 10.33 333.45   3.65
19791123 210000 11.0 212.0  2.89 13.57 225.27  24.77  6  2.58  8.70 222.97  22.98  1.16 13.43 224.13   9.34  0.52 14.45 298.92  12.49  0.25 19.82 219.55   7.94  0.13 18.93 309.13   7.73  0.08 10.88 333.58   3.53
19791124 000000 11.4 205.4  3.08  8.65 223.69  25.34  6  2.77  8.65 221.16  23.86  1.18 13.22 225.05   9.37  0.52 14.44 298.50  12.75  0.30 19.19 219.74   7.71  0.16 18.09 309.58   8.12  0.08 11.00 332.42   4.39
19791124 030000  8.2 194.2  3.19  8.96 223.13  25.58  6  2.89  8.96 220.60  24.21  1.17 12.83 225.52   9.32  0.51 14.43 298.89  12.40  0.33 19.09 221.54   8.85  0.18 17.87 310.23   8.14  0.08 10.98 332.07   4.57
19791124 060000  6.6 171.4  3.13  9.19 223.76  25.21  6  2.86  9.19 221.43  23.52  1.06 12.85 225.38   9.74  0.50 14.41 298.39  13.29  0.39 18.61 221.94   8.50  0.20 17.80 309.93   8.41  0.07 10.54 332.41   5.02
19791124 090000  4.8 162.9  2.93  9.28 224.85  24.34  7  2.71  9.28 222.70  22.20  0.79 14.56 224.80   9.03  0.47 14.40 299.26  11.89  0.47 17.95 224.10   8.19  0.38 12.66 225.00   0.02  0.20 17.79 310.35   8.18  0.07 10.38 332.34   5.00
19791124 120000  5.2 168.1  2.70  9.20 225.64  23.56  6  2.36  9.20 222.85  21.71  1.06 13.01 227.03   9.44  0.58 17.78 223.75   8.38  0.45 14.35 298.32  12.93  0.22 17.65 309.69   8.12  0.07 10.34 331.93   5.20
19791124 150000  6.8 215.4  2.52  9.06 226.23  22.84  6  2.08  9.06 223.62  21.31  1.10 13.03 224.62   8.86  0.76 17.16 225.73   9.49  0.42 14.26 297.82  13.58  0.24 16.90 309.59   8.11  0.06 10.30 331.60   5.59
19791124 180000  7.8 223.9  2.47 16.63 226.29  22.72  5  1.98  8.79 223.24  21.44  1.06 12.83 225.98   8.81  0.91 16.63 225.14   8.92  0.40 13.98 298.98  14.01  0.27 16.69 310.04   8.28
19791124 210000  9.6 205.3  2.51 16.47 225.44  23.21  5  1.99  8.51 221.94  22.49  1.07 16.45 224.78   8.53  0.98 12.71 226.57   8.45  0.39 13.73 299.37  13.99  0.28 16.65 310.30   8.39
19791125 000000  7.0 195.4  2.52 15.84 224.84  23.77  6  1.93  8.15 220.51  24.08  1.22 15.74 225.04   8.55  0.94 12.38 226.12   8.33  0.37 13.65 299.07  13.70  0.30 16.57 310.19   8.10  0.27 19.37 236.82   4.25
19791125 030000  7.0 177.4  2.46 15.42 225.19  23.70  5  1.81  7.92 220.58  24.58  1.56 15.41 225.14   8.21  0.37 13.63 299.30  13.48  0.36 19.19 238.11   6.69  0.29 16.49 309.94   7.93
19791125 060000  5.6 183.6  2.37 15.16 226.03  23.31  6  1.63  7.83 220.95  24.68  1.58 15.13 225.17   8.28  0.50 18.71 234.28   8.14  0.36 13.61 299.49  13.47  0.30 15.94 309.24   8.27  0.06 20.37 314.22   7.38
19791125 090000  6.0 173.9  2.29 14.65 227.00  23.08  6  1.57 14.60 225.72   8.22  1.47  7.74 221.20  24.56  0.62 17.94 231.44   9.47  0.37 13.60 299.59  12.94  0.31 15.65 310.57   7.64  0.07 20.35 312.67   8.33
19791125 120000  2.8 178.5  2.22 14.38 228.13  22.67  5  1.72 14.36 227.11   8.75  1.32  7.69 221.69  24.22  0.34 15.54 310.46   8.06  0.34 13.53 298.74  12.86  0.07 20.34 312.44   8.68
19791125 150000  5.1 201.4  2.20 14.30 228.95  21.84  6  1.41 14.16 227.01   8.62  1.27  7.79 223.00  22.49  0.99 16.44 228.60   8.72  0.35 13.64 300.33  13.01  0.33 15.55 310.25   8.48  0.07 20.32 313.07   9.25
19791125 180000  7.2 235.0  2.25 14.41 229.38  21.27  5  1.33  7.99 223.94  21.96  1.63 14.33 228.30   9.02  0.64 17.32 227.57   6.64  0.47 15.39 305.09  12.16  0.10 19.22 313.33   8.42
19791125 210000  8.7 217.3  2.34 15.05 229.23  21.26  4  1.49  8.21 223.84  21.96  1.74 14.69 228.93   8.71  0.45 15.25 304.86  12.24  0.14 18.95 312.44   8.52
19791126 000000  7.8 201.7  2.39 15.05 228.39  21.99  4  1.53  8.25 221.33  23.36  1.77 15.13 229.46   8.88  0.44 14.60 305.07  12.03  0.16 18.99 312.78   8.13
19791126 030000  6.9 194.4  2.40 14.63 228.16  22.49  4  1.52  7.92 219.93  24.09  1.79 14.99 229.90   9.09  0.44 14.46 305.91  11.40  0.15 19.01 311.95   8.91
19791126 060000  7.6 187.0  2.41 14.55 227.95  23.03  4  1.56  7.57 219.51  24.55  1.77 14.71 230.08   9.23  0.45 14.42 306.54  11.21  0.14 19.00 310.89   9.14
19791126 090000  5.1 183.3  2.42 14.48 228.56  22.87  4  1.76 14.56 230.12   9.34  1.59  7.59 221.12  24.13  0.43 14.40 306.97  11.01  0.19 17.07 310.78   8.67
19791126 120000  2.8 181.6  2.44 14.37 229.45  22.21  4  1.72 14.37 229.90   9.50  1.66  7.93 224.01  22.40  0.42 14.36 307.19  10.68  0.22 17.68 312.37   9.05
19791126 150000  5.4 233.7  2.45 14.29 229.90  21.68  4  1.72 14.29 229.85   9.69  1.68  8.22 225.18  21.30  0.41 14.29 307.11  10.62  0.24 17.74 313.15   8.36
19791126 180000  6.5 226.9  2.42 14.16 230.13  21.44  4  1.62  8.34 224.87  21.11  1.74 14.18 230.41  10.27  0.39 14.07 307.02  10.81  0.25 17.77 312.53   8.40
19791126 210000  7.8 208.2  2.35 13.81 229.72  21.70  4  1.53  8.22 223.74  22.13  1.73 13.85 230.32  10.25  0.38 13.66 307.04  10.71  0.24 17.77 311.99   8.52
19791127 000000  8.3 194.1  2.32 13.61 228.56  22.83  4  1.47  7.98 220.16  24.28  1.74 13.63 230.46  10.53  0.37 13.54 307.16  10.62  0.23 17.74 311.78   8.69
19791127 030000  6.3 198.9  2.28 13.52 228.78  23.45  4  1.41  7.64 219.34  24.89  1.73 13.53 230.79  10.93  0.36 13.49 307.31  10.55  0.26 17.34 312.10   8.62
19791127 060000  4.9 202.6  2.22 13.46 229.83  23.79  4  1.70 13.46 230.54  11.17  1.35  7.35 221.35  24.94  0.35 13.46 308.52   9.55  0.30 16.65 312.11   9.06
19791127 090000  4.7 201.9  2.15 13.38 230.81  24.03  5  1.69 13.37 230.58  11.41  1.24  7.29 222.15  24.79  0.34 13.43 308.45   9.55  0.32 16.60 312.49   9.20  0.09 19.08 315.22   3.54
19791127 120000  3.1 215.3  2.07 13.22 231.59  23.98  5  1.64 13.17 230.49  11.63  1.17  7.34 223.64  24.12  0.34 13.40 308.63   9.54  0.32 16.62 311.89   8.90  0.12 19.02 318.86   5.38
19791127 150000  4.4 259.8  2.02 12.90 232.03  23.66  3  1.96 12.85 228.72  16.67  0.34 16.65 312.53   8.96  0.32 13.34 308.75   9.77
19791127 180000  6.2 228.7  2.01 12.79 232.30  23.54  3  1.96 12.76 229.11  16.86  0.34 16.68 312.37   8.93  0.30 13.20 309.09   9.45
19791127 210000  5.5 210.4  1.98 12.73 232.00  23.90  3  1.93 12.72 228.68  16.95  0.36 16.70 312.52   8.98  0.28 12.84 309.05   9.61
19791128 000000  7.2 184.9  1.96 12.68 231.38  25.21  6  1.05  7.30 221.65  25.82  1.58 12.68 230.14  12.10  0.28 17.51 313.58   9.62  0.27 12.68 308.71  10.02  0.27 15.58 312.24   8.24  0.05 21.77 314.76   7.52
19791128 030000  5.0 206.3  1.93 12.62 231.73  25.76  5  1.03  7.19 221.28  25.77  1.56 12.62 230.32  12.26  0.36 15.68 311.50   9.33  0.26 12.62 309.18   9.30  0.20 17.79 318.65   5.67
19791128 060000  4.7 196.7  1.92 12.53 232.56  25.73  5  1.85 12.52 228.39  17.51  0.39 15.67 313.06   9.59  0.26 12.60 309.37   9.25  0.15 17.80 314.73   3.51  0.06 24.87 315.98   7.71
19791128 090000  1.5 237.3  1.89 12.42 233.49  25.53  5  1.57 12.38 230.58  12.39  0.93  6.67 224.71  25.15  0.42 15.74 313.21   8.93  0.26 12.58 309.72   9.26  0.08 24.59 315.95   7.63
19791128 120000  3.0 221.5  1.88 12.25 234.08  25.48  5  1.81 12.17 229.47  16.15  0.43 15.90 313.21   8.88  0.25 12.57 310.07   9.26  0.10 23.56 315.05   8.00  0.08 20.36 313.85   8.00
19791128 150000  5.5 258.5  1.89 12.11 234.37  25.71  6  1.58 12.05 229.68  12.11  0.91  6.94 229.07  23.95  0.44 16.15 313.26   8.90  0.25 12.55 310.34   9.33  0.12 23.33 315.63   7.86  0.09 20.32 314.29   8.33
19791128 180000  4.6 246.5  1.93 12.04 234.14  26.14  7  1.38 12.00 230.06  12.68  0.91  7.15 228.85  24.82  0.84 14.66 226.97   9.80  0.46 16.21 313.36   9.02  0.23 12.50 310.37   9.34  0.14 23.25 316.13   7.41  0.10 20.30 313.65   8.32
19791128 210000  2.5 277.3  1.95 14.33 233.32  26.31  6  1.29 12.03 229.87  12.55  1.01 14.15 226.21  10.28  0.89  7.22 226.78  23.99  0.48 16.16 313.37   9.19  0.22 12.36 310.32   9.31  0.18 22.96 315.20   7.66
19791129 000000  2.5 225.3  1.95 14.10 232.69  26.26  5  1.87 13.60 227.37  14.84  0.48 15.44 313.48   9.13  0.20 22.03 315.20   8.05  0.20 11.96 309.93   9.64  0.13 19.06 312.38   7.85
19791129 030000  2.4 332.3  1.94 13.48 232.41  26.41  5  1.85 13.37 226.89  14.29  0.47 15.28 313.57   9.02  0.22 21.82 315.43   7.96  0.19 11.83 309.54  10.23  0.15 19.01 313.73   8.38
19791129 060000  2.1 295.4  1.91 13.20 233.06  27.65  5  1.81 13.16 226.97  15.22  0.47 15.30 313.58   8.95  0.25 21.75 315.37   8.00  0.18 11.79 310.41   9.77  0.17 19.10 314.34   8.25
19791129 090000  1.0 352.8  1.87 12.72 233.64  28.64  4  1.76 12.71 226.63  14.55  0.48 15.30 313.61   8.87  0.33 21.46 314.68   8.13  0.19 11.78 310.97   9.64
19791129 120000  2.6   0.9  1.83 12.55 234.37  29.77  5  1.71 12.55 226.33  14.12  0.50 15.27 313.80   9.15  0.34 20.64 313.70   8.08  0.19 11.76 311.74   9.26  0.10 17.75 315.00   0.03
19791129 150000  5.1 297.4  1.79 12.43 235.94  32.05  5  1.67 12.44 226.83  17.23  0.51 15.14 313.85   9.14  0.34 20.41 314.45   8.54  0.19 11.77 312.02   9.23  0.17 17.75 311.15   4.86
19791129 180000  5.3 256.0  1.76 12.22 237.11  32.93  6  1.49 12.28 226.62  12.41  0.66  7.35 230.20  32.71  0.49 14.73 313.28   9.26  0.33 20.34 314.87   8.32  0.26 17.78 314.09   7.62  0.18 11.77 312.27   9.23
19791129 210000  3.3 235.7  1.73 12.01 237.56  33.74  4  1.58 12.02 226.44  16.62  0.48 14.52 313.27   9.27  0.47 20.06 314.09   8.25  0.18 11.76 312.62   9.01
19791130 000000  5.4 187.8  1.70 11.90 237.25  34.29  3  1.55 11.90 225.41  15.88  0.52 14.46 312.95   9.38  0.48 19.30 314.03   7.98
19791130 030000  5.3 187.2  1.68 11.82 235.85  34.80  4  1.53 11.81 224.00  16.36  0.52 14.44 313.11   9.44  0.44 19.15 313.89   8.24  0.13 16.59 315.00   0.03
19791130 060000  6.1 177.3  1.66 11.74 235.03  35.78  5  1.51 11.73 222.75  17.22  0.48 14.43 313.49   9.71  0.42 19.06 314.72   8.32  0.24 16.67 311.86   4.64  0.12 11.00 311.45   9.31
19791130 090000  5.0 186.7  1.65 11.64 235.56  37.13  7  0.43  3.23 199.26  34.74  1.43 11.64 223.60  13.55  0.50 14.39 312.94   9.59  0.46 18.86 314.52   8.09  0.19 16.59 315.00   0.02  0.13 11.05 313.09   9.22  0.06 19.30 217.61   7.48
19791130 120000  4.6 186.9  1.64 11.52 237.29  38.07  5  1.46 11.54 221.84  16.43  0.61 18.15 313.54   8.09  0.42 14.20 313.55   9.52  0.14 11.04 313.87   9.15  0.08 18.88 216.91   7.90
19791130 150000  5.2 239.7  1.64 11.39 237.69  38.02  5  1.44 11.42 221.84  15.39  0.59 17.86 313.59   7.99  0.46 14.09 312.90   9.54  0.14 11.05 314.39   9.01  0.10 18.69 217.25   7.72
19791130 180000  8.5 223.6  1.73 11.34 235.26  36.68  5  1.56 11.36 221.95  17.11  0.58 17.79 313.69   8.35  0.45 13.81 312.81   9.09  0.13 10.98 313.65   9.18  0.12 18.27 217.51   7.50
19791130 210000  5.5 218.9  1.74 11.35 233.91  37.24  5  1.56 11.36 220.74  18.18  0.66 17.73 312.97   8.41  0.31 13.35 315.85   9.31  0.14 17.96 217.59   7.17  0.12 10.98 313.86   9.11
19791201 000000  4.1 197.9  1.70 11.38 234.66  38.46  4  1.51 11.38 219.84  17.49  0.70 17.57 313.53   8.56  0.30 13.10 313.62   8.87  0.18 17.72 217.38   7.72
