Date     Time   Uabs UDir  hs    tp    th     sp     np hs(i) tp(i) th(i)  sp(i)
19850101 000000 10.6 202.1  2.62  8.24 222.86  25.88  6  2.42  8.24 220.40  23.51  0.89 13.19 223.49   9.32  0.34 16.59 301.00  10.66  0.22 18.99 303.09  11.14  0.18 14.47 302.36  11.60  0.17 11.23 314.94   9.51
19850101 030000  7.5 203.3  2.59  8.26 222.53  25.65  6  2.36  8.26 220.19  23.69  0.98 12.86 222.72   9.72  0.33 16.59 301.47  11.30  0.21 18.99 304.23  11.24  0.19 14.45 302.87  11.27  0.15 11.12 316.77   8.41
19850101 060000  8.3 194.5  2.51  8.35 222.68  24.58  6  2.21  8.35 220.24  23.37  1.10 12.70 223.86   9.98  0.28 16.60 302.65  11.96  0.19 14.41 303.02  12.33  0.19 18.96 304.51  10.99  0.14 11.05 317.00   8.37
19850101 090000  6.8 186.9  2.44 12.61 222.73  23.48  6  1.86  8.27 218.33  24.65  1.15 12.60 223.91  10.22  1.03  9.96 227.09  13.62  0.29 16.75 302.06  12.87  0.19 14.27 302.66  12.53  0.13 11.02 317.07   8.43
19850101 120000  2.3 225.1  2.37 12.53 223.82  22.37  5  2.34 12.51 222.36  19.39  0.26 17.70 301.60  12.32  0.19 13.72 304.10  11.22  0.13 15.51 297.25   7.39  0.12 10.98 317.78   8.27
19850101 150000  7.0 232.9  2.29 12.46 225.33  22.06  5  2.25 12.44 223.49  18.28  0.26 17.78 300.51  11.33  0.23 15.53 300.28  10.88  0.17 13.55 304.06  11.21  0.12 10.97 317.23   8.57
19850101 180000  5.1 222.5  2.21 12.40 226.62  22.52  5  2.16 12.38 224.24  17.76  0.28 15.51 299.14  10.94  0.27 17.76 301.95  12.25  0.18 13.53 304.40  11.06  0.11 10.85 318.09   8.59
19850101 210000  5.7 219.8  2.10 12.31 227.37  22.82  5  2.05 12.30 224.56  17.16  0.31 15.51 300.42  10.72  0.26 17.76 303.37  12.39  0.18 13.52 304.31  11.27  0.11 10.67 318.09   8.47
19850102 000000  7.1 195.8  2.02 12.13 226.65  23.13  5  1.97 12.13 223.76  17.22  0.32 15.51 300.84  11.01  0.23 17.74 304.35  11.96  0.18 13.52 304.85  11.34  0.10 10.46 317.80   9.11
19850102 030000  6.4 188.1  1.96 11.96 225.49  23.15  5  1.92 11.96 222.72  17.44  0.33 15.56 299.61  12.27  0.18 13.51 305.13  11.77  0.17 17.77 307.86   9.18  0.09 10.38 318.48   9.05
19850102 060000  9.7 183.4  1.99 11.87 222.48  24.36  5  1.94 11.86 219.99  19.52  0.35 15.83 300.55  12.46  0.17 13.48 305.35  12.17  0.09 10.34 318.75   8.89  0.06 19.59 220.30   6.94
19850102 090000  7.7 180.3  2.00 11.80 221.25  25.17  5  1.96 11.79 218.85  20.75  0.35 16.51 299.95  12.55  0.17 13.44 304.82  13.01  0.09 19.05 219.76   6.58  0.09 10.32 318.78   8.86
19850102 120000  3.4 173.7  1.91 11.73 223.05  24.34  5  1.87 11.72 220.41  19.30  0.32 16.61 299.30  12.70  0.23 14.48 304.08  12.40  0.14 18.34 220.22   6.74  0.08 10.31 318.81   8.89
19850102 150000  5.2 219.6  1.82 11.63 225.09  23.22  6  1.76 11.62 222.12  17.08  0.31 16.60 301.63  12.84  0.21 14.48 298.98  10.24  0.19 17.86 219.82   6.38  0.14 12.67 306.35  14.30  0.08 10.29 318.94   9.00
19850102 180000  7.3 218.2  1.79 11.48 226.40  23.00  5  1.73 11.48 223.33  16.54  0.29 16.61 302.89  12.79  0.24 14.50 299.07  11.78  0.24 17.41 219.61   6.36  0.16 12.65 309.01  13.71
19850102 210000  7.4 214.5  1.77 11.27 226.60  23.58  6  0.69  4.04 215.64  29.94  1.55 11.27 224.85  12.98  0.30 16.75 220.09   6.76  0.27 16.60 303.58  12.63  0.26 14.49 299.43  12.13  0.17 12.64 308.67  13.71
19850103 000000  3.8 221.6  1.70 11.17 226.87  24.18  5  1.61 11.16 223.61  17.83  0.37 16.44 219.49   6.72  0.30 14.55 297.50  12.47  0.22 16.62 307.56   9.40  0.17 12.63 308.78  13.62
19850103 030000  4.2 203.8  1.62 11.12 227.71  24.14  4  1.50 11.12 224.18  17.08  0.43 15.78 219.46   6.95  0.37 14.74 300.11  12.22  0.17 12.63 309.18  13.45
19850103 060000  4.6 161.1  1.57 15.33 227.93  24.17  5  1.39 11.10 224.31  16.85  0.60 15.35 220.49   7.99  0.38 15.36 299.37  12.38  0.17 12.64 307.51  12.82  0.07  9.97 321.18   9.53
19850103 090000  3.1 204.1  1.60 15.12 227.99  23.05  4  1.26 11.15 224.69  16.20  0.89 14.70 222.29   8.77  0.39 15.47 299.08  13.16  0.16 12.56 312.20  12.26
19850103 120000  5.2 185.8  1.69 14.59 227.86  21.45  2  1.64 14.33 224.38  13.13  0.41 15.51 302.20  13.07
19850103 150000  6.0 216.6  1.84 13.81 228.68  19.84  3  1.79 13.89 225.90  12.72  0.34 15.54 301.67  12.26  0.21 13.48 306.52  13.96
19850103 180000  7.6 215.7  2.08 13.51 229.95  18.99  5  0.64  3.51 219.91  28.75  1.94 13.49 228.66  10.87  0.32 15.56 302.43  12.17  0.19 13.55 300.23  11.58  0.13 11.84 317.13  11.64
19850103 210000  5.5 210.6  2.28 13.31 232.38  18.24  4  2.25 13.11 230.79  14.46  0.30 15.57 302.98  12.09  0.20 13.57 299.79  11.26  0.13 11.83 314.91  13.35
19850104 000000  4.1 200.4  2.48 13.38 234.79  17.53  4  2.45 13.26 233.52  14.60  0.28 15.57 302.43  12.27  0.22 13.63 301.28   9.38  0.13 11.78 314.39  14.07
19850104 030000  3.9 173.1  2.66 13.37 236.44  17.55  3  2.63 13.29 235.35  15.19  0.36 15.19 300.75  11.63  0.13 11.77 315.68  12.54
19850104 060000  6.3 178.3  2.78 13.28 237.16  18.60  3  2.75 13.19 236.07  16.54  0.37 14.54 299.14  12.47  0.14 11.77 315.19  12.46
19850104 090000  6.1 174.1  2.81 13.23 237.36  20.13  3  2.78 13.15 236.23  18.22  0.38 14.57 299.48  12.40  0.14 11.78 314.75  12.53
19850104 120000  5.5 186.4  2.76 13.30 237.85  20.68  2  2.74 13.23 236.73  18.81  0.39 14.58 304.02  11.42
19850104 150000  5.9 195.7  2.70 13.31 237.95  21.10  2  2.67 13.26 236.82  19.23  0.38 14.61 304.70  11.28
19850104 180000  9.2 217.8  2.68 13.23 237.49  21.35  4  0.64  3.31 218.92  29.92  2.57 13.22 237.38  18.27  0.34 14.67 302.97  10.93  0.15 12.49 311.87  12.56
19850104 210000  6.1 217.6  2.60 13.14 237.58  21.57  3  2.58 13.16 236.53  19.89  0.32 14.65 304.65  10.32  0.16 12.57 307.23  13.42
19850105 000000  8.0 200.2  2.52 13.02 236.43  22.18  3  0.65  3.66 212.95  30.14  2.41 13.03 236.79  18.70  0.35 14.69 303.52  12.59
19850105 030000  8.1 190.7  2.47 12.86 234.34  23.75  2  2.45 12.84 233.15  22.01  0.35 14.67 303.82  12.26
19850105 060000  9.1 188.0  2.45 12.72 232.02  25.01  3  1.11  4.99 210.63  30.51  2.15 12.68 235.42  17.90  0.36 14.58 304.03  12.01
19850105 090000  7.6 194.0  2.42 12.62 231.08  25.26  3  1.36  6.19 218.82  30.63  1.96 12.57 234.27  16.54  0.38 14.50 304.05  12.54
19850105 120000  7.7 184.8  2.35 12.53 230.54  25.25  3  2.32 12.49 228.99  22.89  0.37 14.45 304.30  12.27  0.08 11.00 319.21  10.77
19850105 150000  8.9 212.0  2.32 12.42 229.48  24.93  3  2.28 12.40 227.92  22.43  0.36 14.42 304.62  12.72  0.09 11.04 314.13  13.29
19850105 180000 11.3 214.3  2.56 12.16 226.88  24.44  2  2.54 12.14 225.68  22.39  0.36 14.39 305.15  13.76
19850105 210000 10.7 209.1  2.82 11.84 225.18  25.17  3  2.43  7.79 222.38  26.18  1.39 11.85 229.47  11.25  0.35 14.34 305.90  13.62
19850106 000000 10.9 204.9  2.90  8.12 223.47  25.76  3  2.57  8.12 221.26  26.55  1.28 11.77 227.58   9.98  0.34 14.15 306.28  13.42
19850106 030000  8.7 191.7  2.86  8.34 222.14  25.96  3  2.57  8.34 220.11  26.55  1.22 11.65 225.93   9.59  0.34 13.73 306.50  13.22
19850106 060000  8.3 191.2  2.70  8.44 222.75  25.59  4  2.27  8.44 219.39  26.75  1.41 11.23 227.23  11.51  0.34 13.61 306.69  13.23  0.06 21.71 310.90   8.76
19850106 090000  6.1 206.2  2.54 10.95 224.50  24.70  5  1.97  8.25 218.77  26.08  1.52 10.95 229.82  12.66  0.35 13.57 306.68  14.08  0.34 14.90 233.96  10.11  0.07 21.51 310.72   9.14
19850106 120000  4.9 200.7  2.45 10.73 226.17  23.39  4  2.38 10.73 224.70  21.21  0.44 14.95 232.86  12.00  0.33 13.54 308.90  11.26  0.08 20.93 309.89   9.37
19850106 150000  5.6 225.9  2.40 10.41 227.06  22.22  3  2.37 10.40 225.89  19.73  0.32 13.52 309.54  10.97  0.09 20.53 309.75   8.90
19850106 180000  4.3 240.6  2.36 10.34 227.60  21.30  3  2.34 10.34 226.46  18.75  0.31 13.47 309.89  10.87  0.10 20.40 310.22   8.70
19850106 210000  4.2 243.8  2.35 13.18 227.89  20.51  3  2.32 10.35 226.80  17.93  0.30 13.28 310.18  10.69  0.11 20.30 310.59   9.01
19850107 000000  3.8 208.6  2.38 12.79 227.76  19.86  3  2.35 12.77 226.68  17.19  0.29 12.82 310.13  11.05  0.13 20.14 310.41   9.35
19850107 030000  6.2 208.4  2.47 12.59 226.80  19.52  4  2.23 11.52 226.74  18.00  1.02 13.95 221.40   8.96  0.29 12.71 310.67  10.52  0.14 19.65 309.80   9.40
19850107 060000  4.7 207.2  2.68 11.37 225.55  19.32  4  2.45 11.33 225.66  17.92  1.03 14.02 219.21   8.14  0.28 12.67 310.92  10.53  0.16 19.21 309.38   9.11
19850107 090000  1.9 325.3  2.87 10.91 224.37  19.60  4  2.85 10.89 223.58  17.51  0.27 12.65 311.49  10.16  0.17 19.08 309.58   9.08  0.08 14.62 308.80  11.83
19850107 120000  7.1   0.3  2.88 10.62 224.20  21.12  4  2.86 10.62 223.40  19.19  0.27 12.62 311.37  10.28  0.18 18.99 309.91   9.29  0.07 14.59 312.46   9.17
19850107 150000  5.7 320.9  2.79 10.53 225.15  22.60  4  2.77 10.53 224.30  20.76  0.26 12.56 311.41  10.21  0.20 18.86 309.83   9.60  0.06 14.57 314.74   7.56
19850107 180000  5.8 340.3  2.63 12.26 225.77  22.46  4  2.61 12.10 224.81  20.39  0.24 12.43 311.66  10.14  0.21 18.49 309.15   9.82  0.06 14.54 314.85   7.57
19850107 210000  4.3 330.5  2.45 12.13 226.19  22.34  4  2.43 12.15 225.09  19.94  0.23 12.10 311.97  10.15  0.23 17.98 308.59   9.58  0.06 14.52 314.69   7.53
19850108 000000  3.9 352.5  2.30 12.01 225.91  21.35  4  2.28 12.05 224.65  18.38  0.24 17.85 308.64   9.69  0.23 11.94 312.42  10.14  0.06 14.51 314.45   7.53
19850108 030000  0.6  55.3  2.20 11.90 225.32  20.46  3  2.18 11.91 223.95  16.88  0.24 17.78 309.02   9.88  0.23 11.87 312.95   9.95
19850108 060000  1.8 106.6  2.17 11.83 224.79  19.58  3  2.14 11.84 223.34  15.43  0.25 17.69 308.99  10.31  0.23 11.82 313.21   9.93
19850108 090000  3.5  82.1  2.19 11.89 224.68  18.74  4  2.16 11.93 223.19  14.20  0.27 17.51 308.56  10.35  0.20 11.78 313.24  10.00  0.09 13.67 314.14   9.15
19850108 120000  3.5  36.1  2.26 13.92 224.85  19.67  4  2.23 14.02 223.40  15.66  0.28 16.95 307.95  10.08  0.19 11.73 313.17  10.13  0.08 13.62 314.58   9.09
19850108 150000  2.1 283.9  2.35 14.08 225.23  17.83  4  2.32 14.12 223.91  13.71  0.29 16.73 307.81   9.93  0.19 11.66 312.98  10.42  0.07 13.59 316.25   7.52
19850108 180000  3.5 251.0  2.41 14.04 225.83  16.92  4  2.38 14.07 224.62  12.90  0.29 16.65 308.21  10.16  0.18 11.53 313.17  10.43  0.07 13.57 316.12   7.54
19850108 210000  5.0 232.1  2.40 13.93 226.41  16.62  4  2.38 13.95 225.21  12.54  0.29 16.60 308.60  10.43  0.18 11.31 313.80  10.14  0.06 13.54 315.99   7.54
19850109 000000  3.4 207.7  2.35 13.77 227.01  16.79  3  2.32 13.78 225.71  12.47  0.30 16.52 308.38  10.78  0.19 11.19 314.45   9.78
19850109 030000  3.7 144.6  2.27 13.68 227.54  17.22  3  2.24 13.68 226.07  12.48  0.31 16.37 307.64  10.91  0.18 11.12 315.09   9.66
19850109 060000  4.4 186.2  2.20 13.60 227.94  17.51  3  2.17 13.60 226.32  12.41  0.32 15.91 307.06  10.75  0.18 11.08 315.17   9.61
19850109 090000  3.4 185.6  2.16 13.56 227.98  17.65  4  2.13 13.56 226.32  12.49  0.32 15.66 306.96  10.61  0.15 11.04 315.10  10.06  0.08 12.77 316.92   7.36
19850109 120000  0.5  66.3  2.17 13.59 227.59  17.54  4  2.14 13.59 226.01  12.56  0.32 15.58 307.33  10.70  0.14 11.00 315.40  10.11  0.08 12.72 316.91   7.36
19850109 150000  3.2 271.5  2.22 13.67 226.97  17.47  3  2.19 13.65 225.49  12.74  0.32 15.53 307.71  10.88  0.16 10.93 316.01   9.68
19850109 180000  5.2 282.6  2.28 13.75 226.96  18.27  3  2.25 13.70 225.49  13.95  0.33 15.49 307.55  11.29  0.15 10.69 316.82   8.80
19850109 210000  3.3 272.2  2.29 13.87 226.63  18.40  3  2.26 13.74 225.09  13.86  0.34 15.41 307.39  11.47  0.15 10.55 316.80   9.13
19850110 000000  5.0 213.7  2.29 14.25 226.13  18.02  3  2.26 13.96 224.55  13.12  0.35 15.18 307.36  11.71  0.15 10.49 317.21   8.63
19850110 030000  3.1 196.5  2.28 14.20 225.70  17.83  4  2.25 14.07 224.12  12.75  0.35 14.77 307.80  12.04  0.12 10.48 316.81   9.21  0.07 11.91 319.17   4.93
19850110 060000  4.7 206.7  2.28 13.90 225.34  17.80  4  2.25 13.73 223.77  12.65  0.34 14.62 308.37  12.20  0.12 10.51 317.23   9.24  0.08 11.97 320.17   5.08
19850110 090000  1.9 202.3  2.33 13.54 224.94  18.03  2  2.30 13.47 223.41  13.04  0.38 14.56 309.97  12.67
19850110 120000  3.2 173.5  2.42 13.40 224.33  18.69  3  2.38 13.35 222.77  13.83  0.38 14.54 309.10  13.42  0.12 10.74 318.16   8.14
19850110 150000  5.6 224.2  2.54 13.32 224.02  18.80  4  2.39 13.26 223.58  14.16  0.75 16.32 211.81   6.49  0.40 14.52 310.29  13.76  0.07 20.28 303.46   9.25
19850110 180000  7.4 221.8  2.69 13.26 223.63  19.36  5  2.45 13.08 223.25  15.54  1.04 15.73 216.56  10.91  0.38 14.42 308.05  12.98  0.17 12.55 325.20  10.26  0.07 20.34 303.06   9.20
19850110 210000  7.2 218.1  2.77 13.85 223.19  19.95  4  2.37 12.54 222.94  17.46  1.37 14.73 218.72  10.21  0.38 14.14 307.98  12.69  0.18 12.48 326.87   9.80
19850111 000000  7.9 208.3  2.85 13.74 222.64  20.64  3  2.82 13.71 221.40  17.15  0.36 13.88 307.66  12.44  0.19 12.24 327.93   9.22
19850111 030000  4.3 212.2  2.90 13.61 222.39  21.30  4  2.87 13.58 221.18  18.08  0.32 13.84 306.37  12.22  0.22 12.17 328.43   7.89  0.14 18.91 303.21   9.91
19850111 060000  4.3 218.6  2.90 13.47 222.50  21.46  5  2.04  8.66 219.39  22.59  2.01 13.42 223.05  11.66  0.33 13.85 305.98  12.36  0.22 11.88 329.20   7.94  0.15 18.93 302.06   9.77
19850111 090000  1.4 222.7  2.86 13.30 222.81  21.32  6  2.08  9.22 220.23  21.61  1.91 13.25 222.83  11.44  0.33 13.94 304.62  12.46  0.22 11.81 329.59   7.48  0.14 18.96 302.98   9.62  0.10 16.59 304.75   7.76
19850111 120000  1.1 257.0  2.83 13.08 223.25  21.12  5  2.79 12.99 221.81  17.23  0.33 14.04 304.61  12.20  0.23 11.69 329.98   7.13  0.13 18.94 302.62   9.42  0.13 16.68 302.94   9.68
19850111 150000  4.4 264.7  2.78 12.76 223.92  21.13  4  2.74 12.73 222.35  16.90  0.32 14.10 304.23  11.59  0.24 11.52 329.69   6.92  0.20 17.50 302.77   9.48
19850111 180000  4.0 265.1  2.69 12.61 224.76  21.39  4  2.65 12.59 222.97  16.67  0.33 13.94 304.93  12.18  0.24 11.29 330.10   6.93  0.23 17.68 302.76   9.19
19850111 210000  1.5 262.7  2.56 12.51 225.34  21.72  4  2.52 12.49 223.26  16.29  0.34 13.43 306.62  13.11  0.24 17.72 301.35   9.18  0.23 11.07 330.40   7.22
19850112 000000  3.2 264.2  2.46 12.39 225.51  21.89  6  2.41 12.35 223.23  15.91  0.28 13.27 308.47  13.40  0.26 17.68 301.64   9.86  0.23 10.97 330.50   7.04  0.18 15.41 301.54   8.72  0.06 26.45 303.77   8.83
19850112 030000  1.3 175.0  2.39 12.11 225.24  21.99  6  2.34 12.05 222.82  15.58  0.29 13.36 306.82  13.33  0.23 10.83 330.53   6.91  0.22 17.72 300.46  10.06  0.20 15.61 303.70   9.16  0.08 25.21 303.05   9.12
19850112 060000  1.1 285.8  2.33 11.85 224.77  22.26  6  2.28 11.83 222.15  15.31  0.28 13.36 306.80  13.48  0.23 10.66 330.58   6.84  0.23 17.29 302.15   9.65  0.20 15.45 300.86  10.08  0.11 24.98 303.07   9.09
19850112 090000  2.3 279.6  2.32 11.70 224.31  22.91  5  2.27 11.69 221.39  15.36  0.32 16.42 302.19   9.55  0.30 13.44 305.35  13.31  0.24 10.55 330.68   6.73  0.12 24.93 303.75   8.90
19850112 120000  5.4 353.6  2.27 11.57 224.68  25.34  5  2.21 11.56 221.08  17.44  0.36 16.50 302.19   9.58  0.31 13.50 304.85  13.21  0.24 10.46 330.81   6.62  0.14 24.77 303.94   8.88
19850112 150000  6.5 321.9  2.16 11.46 227.15  30.14  5  2.08 11.40 222.37  22.76  0.41 16.51 301.74   9.75  0.30 13.46 305.32  13.35  0.24 10.36 331.11   6.25  0.19 23.60 302.86   9.16
19850112 180000  7.3 344.2  2.04 11.22 230.28  34.31  7  0.51  3.07 328.93  32.75  1.40  9.49 220.57  16.92  1.26 11.31 220.89  11.10  0.39 16.53 299.88   9.69  0.32 13.70 306.91  12.31  0.24 10.29 331.00   6.35  0.24 23.36 302.46   9.28
19850112 210000  5.7 329.2  1.94 11.08 232.61  36.36  5  1.84 11.06 225.96  30.07  0.36 14.48 300.92  12.24  0.33 16.53 303.36   9.69  0.26 23.31 303.02   9.22  0.25 10.20 330.63   6.29
19850113 000000  3.8 323.8  1.85 10.97 232.77  35.51  5  1.75 10.95 225.80  28.40  0.42 14.88 300.76  10.41  0.27 23.24 303.93   9.00  0.25  9.99 330.68   6.28  0.21 12.60 306.26  12.73
19850113 030000  3.6 303.1  1.81 10.95 234.05  35.56  5  1.70 10.93 225.70  27.02  0.43 15.29 301.25   9.95  0.34 22.22 303.18   9.05  0.25  9.92 330.69   6.30  0.21 12.60 304.39  12.61
19850113 060000  2.4 315.5  1.81 11.02 236.12  36.34  5  1.66 10.99 225.31  25.72  0.47 15.40 301.56   9.75  0.42 21.84 302.33   9.39  0.24 10.84 330.96   6.36  0.23 12.59 303.76  12.33
19850113 090000  4.8 325.5  1.79 11.07 238.58  37.63  6  0.43  3.81 321.58  31.81  1.56 11.05 221.96  13.63  0.51 15.43 301.39  10.06  0.45 21.79 302.38   9.57  0.25 12.68 304.66  10.49  0.24 10.79 331.28   6.01
19850113 120000  4.3 320.1  1.75 11.04 241.00  39.08  6  0.48  3.74 324.19  32.09  1.50 11.02 222.53  13.64  0.57 15.42 301.39  10.34  0.42 21.78 303.20   9.52  0.24 10.77 331.36   5.85  0.13 17.80 309.91   5.49
19850113 150000  5.4 317.5  1.70 10.96 243.92  39.90  7  0.49  3.72 323.68  31.22  1.43 10.95 223.36  13.88  0.56 15.39 301.03  10.53  0.45 21.51 303.76   9.15  0.24 10.50 331.13   6.06  0.12 17.75 309.72   4.99  0.11 15.60 226.84   9.63
19850113 180000  4.7 326.5  1.69 20.46 250.85  41.64  5  0.55  3.85 320.12  30.61  1.36 10.86 224.28  13.97  0.59 20.46 302.77   9.23  0.55 15.28 301.25  10.34  0.24 10.40 330.95   5.92
19850113 210000  5.1 306.9  1.67 20.37 256.89  41.97  5  0.59  4.25 315.41  30.25  1.28 10.76 225.24  14.18  0.68 20.37 302.37   9.56  0.53 14.37 301.20  10.30  0.24 10.33 330.89   6.08
19850114 000000  3.0 322.1  1.62 20.35 260.50  41.87  7  1.19 10.70 226.21  14.60  0.66 20.35 302.38   9.78  0.62  4.61 313.04  29.68  0.52 14.36 300.71  10.31  0.24 10.28 330.93   6.12  0.20 14.62 229.96  10.76  0.15 16.81 307.69   5.44
19850114 030000  2.4 312.6  1.56 20.33 263.12  41.65  7  1.12 10.66 227.45  15.23  0.63  4.84 312.10  28.59  0.58 20.33 303.38   9.74  0.53 14.39 300.46  10.37  0.25 16.59 306.66   8.18  0.23 10.15 331.40   6.02  0.22 14.58 230.80  10.87
19850114 060000  1.1 245.1  1.53 19.84 266.54  40.58  7  1.05 10.65 228.51  15.79  0.62 19.84 303.68   9.27  0.60  4.91 308.21  28.70  0.56 14.42 300.50  10.25  0.25 14.58 232.89  11.15  0.24 16.56 306.39   7.94  0.22 10.10 331.30   6.14
19850114 090000  2.0 210.0  1.56 19.08 271.40  39.29  7  0.99 10.65 229.64  16.38  0.79 19.08 302.93   9.29  0.59 14.43 300.27  10.06  0.57  4.88 301.16  35.27  0.30 13.91 232.28  11.34  0.22 10.06 330.59   6.55  0.19 16.59 309.77   4.99
19850114 120000  0.9 117.0  1.57 19.03 274.50  38.31  6  0.94 10.49 230.64  16.95  0.88 19.03 302.67   9.56  0.62 14.43 301.21  10.48  0.52  4.83 301.73  36.58  0.35 13.67 232.80  11.36  0.21  9.96 331.02   6.33
19850114 150000  2.4 294.2  1.51 19.01 274.77  37.77  6  0.88 10.31 231.68  17.48  0.85 19.01 302.58   9.80  0.59 14.43 301.15  10.46  0.47  4.71 306.34  32.88  0.41 13.60 234.36  11.08  0.20  9.82 330.91   6.47
19850114 180000  5.9 264.5  1.45 18.99 272.11  37.26  7  0.49  4.62 294.84  33.71  0.84 10.17 232.76  17.73  0.76 18.99 303.38   9.86  0.50 13.67 297.67   9.56  0.46 13.50 234.39  11.11  0.26 15.40 310.74   4.94  0.19  9.66 331.10   6.01
19850114 210000  4.9 224.4  1.45 18.72 270.98  36.94  7  0.51  4.52 281.12  38.97  0.79 10.09 233.48  18.05  0.75 18.73 303.71   9.49  0.53 12.86 235.11  11.04  0.47 13.49 298.70  10.78  0.35 15.47 303.86   8.25  0.19  9.63 330.72   6.39
19850115 000000  6.6 184.9  1.52 17.88 271.11  38.60  6  0.91 10.05 236.92  33.66  0.85 17.89 303.25   9.30  0.60 12.67 235.00  11.04  0.50 13.56 299.43  10.46  0.34 15.56 304.21   9.20  0.18  9.54 331.24   6.90
19850115 030000  7.4 182.4  1.63 17.78 269.15  41.18  7  0.93 10.01 226.46  35.75  0.97 17.79 302.96   9.39  0.62 12.54 232.35  10.95  0.51 13.53 299.21  10.11  0.33 15.50 305.90   9.91  0.28 14.65 243.92   8.12  0.17  9.50 331.21   6.20
19850115 060000 10.4 188.0  1.76 17.76 258.48  44.96  5  0.89  3.90 199.91  34.23  0.99 12.07 236.13  15.50  0.97 17.77 302.68   9.59  0.60 13.61 301.28  10.53  0.16  9.45 330.86   6.47
19850115 090000  8.4 174.3  1.83 17.74 250.30  45.54  5  1.05  4.60 200.90  33.29  1.01 13.39 236.10  13.59  0.92 17.74 302.81   9.68  0.58 13.70 300.91  10.54  0.15  9.35 331.12   6.05
19850115 120000  7.0 179.8  1.81 17.66 248.76  43.83  6  1.05  5.15 204.35  32.82  1.04 13.34 236.17  12.95  0.87 17.66 303.08   9.56  0.55 13.98 300.92  10.76  0.14  9.14 331.39   5.67  0.09 23.23 302.86  10.12
19850115 150000  9.1 202.6  1.88 17.22 246.54  41.44  6  1.12  5.41 209.21  29.23  1.10 13.12 236.10  12.62  0.87 17.24 303.42   9.37  0.53 14.19 300.65  10.58  0.13  9.09 330.95   6.17  0.10 23.19 302.35  10.11
19850115 180000 11.5 215.5  2.27 16.69 238.86  37.53  5  2.02 12.62 223.75  23.93  0.88 16.72 303.02   9.43  0.55 14.35 301.94  10.39  0.11  9.01 331.36   5.74  0.11 23.07 302.07  10.21
19850115 210000 11.8 215.4  2.65 16.60 235.50  34.70  5  2.44 12.52 224.94  23.95  0.89 16.61 303.08   9.45  0.51 14.27 301.03  10.59  0.17 20.88 302.52  10.03  0.10  8.97 331.29   5.74
19850116 000000 12.0 208.2  2.87 16.57 232.52  33.80  3  2.67 12.38 223.80  24.35  1.02 16.58 302.58  10.14  0.19 21.55 302.33   9.96
19850116 030000  9.2 203.0  3.02 16.53 230.53  33.08  5  2.36  7.78 219.65  27.60  1.58 11.98 229.26  12.26  0.91 16.55 302.66   9.67  0.42 13.30 301.12  12.01  0.21 21.62 302.15  10.10
19850116 060000 11.0 191.0  3.07 16.47 228.98  33.13  5  2.89 11.68 221.62  24.52  0.90 16.48 302.68   9.57  0.37 12.81 300.33  11.87  0.22 21.56 302.26  10.31  0.17 18.90 307.55   8.84
19850116 090000  9.1 186.3  3.06 11.59 228.88  32.92  3  2.90 11.53 221.73  24.46  0.95 16.31 302.56   9.93  0.31 19.35 303.25  10.08
19850116 120000  9.7 193.8  2.98 11.22 230.30  32.11  4  2.81 11.08 223.24  23.56  0.91 15.77 302.85   9.77  0.34 19.91 302.86   9.92  0.06 18.58 222.14   7.61
19850116 150000  9.6 208.0  2.89 11.03 231.07  31.30  4  2.73 10.98 224.15  22.67  0.86 15.55 302.94   9.70  0.38 20.14 302.34   9.87  0.08 17.87 221.00   8.21
19850116 180000 11.3 219.7  2.93 10.96 230.82  30.48  4  2.78 10.93 224.39  22.15  0.83 15.47 302.64   9.86  0.41 20.16 302.59  10.06  0.11 17.71 222.35   8.18
19850116 210000 10.5 213.1  3.00 10.87 230.61  30.89  4  2.84  8.67 224.29  22.99  0.80 15.42 302.43   9.71  0.48 20.03 302.94  10.36  0.14 17.63 223.91   8.54
19850117 000000  6.9 213.0  2.88  8.48 231.57  32.36  5  2.41  8.47 221.32  25.32  1.23 10.79 234.02  12.53  0.81 15.38 302.28   9.95  0.52 18.68 302.71  10.12  0.18 17.09 223.63   8.26
19850117 030000  6.8 200.6  2.63  8.40 234.22  33.79  5  2.16  8.40 222.00  25.22  1.11 10.68 233.96  12.35  0.82 15.33 302.33   9.96  0.56 18.70 302.57  10.03  0.22 16.93 224.01   8.05
19850117 060000  7.9 194.8  2.40 15.28 236.51  35.18  5  1.81  8.19 220.69  25.95  1.17 10.35 233.22  12.21  0.81 15.24 302.50   9.93  0.59 18.79 302.33  10.01  0.27 17.11 224.45   7.95
19850117 090000  5.9 189.9  2.23 18.73 238.23  35.99  4  1.97 10.21 224.63  23.17  0.77 14.93 302.73  10.00  0.62 18.82 302.22  10.14  0.33 16.86 224.62   7.88
19850117 120000  1.3 198.2  2.12 18.58 240.11  35.83  4  1.84 10.07 225.52  22.15  0.74 14.52 303.06  10.10  0.64 18.71 301.89  10.16  0.43 16.40 224.39   7.94
19850117 150000  4.9 263.0  2.09 14.49 241.15  35.23  4  1.76  9.61 226.44  21.19  0.72 18.00 302.82  10.29  0.66 14.38 302.11  10.14  0.58 16.23 224.39   8.13
19850117 180000  5.4 231.5  2.10 17.07 241.24  34.52  4  1.69  9.46 227.13  20.91  0.79 15.61 224.75   8.21  0.74 17.61 302.23  10.47  0.64 14.35 302.60   9.93
19850117 210000  5.4 223.4  2.10 14.57 240.99  34.07  5  1.34  8.10 225.58  22.88  0.99 15.35 225.36   8.38  0.81  9.63 230.39  12.34  0.73 17.56 302.04  10.54  0.65 14.34 302.44  10.13
19850118 000000  8.1 200.4  2.14 14.55 239.78  34.09  6  1.24  7.73 222.96  24.54  1.12 14.83 224.85   8.47  0.83  9.46 229.92  11.09  0.74 17.58 302.04  10.58  0.65 14.34 302.52   9.86  0.34 12.64 237.80   5.69
19850118 030000  6.4 194.4  2.20 14.47 238.91  34.03  4  1.38 14.51 223.28   9.51  0.90 12.62 234.54   7.55  0.81 14.36 285.69  27.98  0.74 17.56 301.57  10.56
19850118 060000  8.8 192.6  2.29 14.30 237.58  33.72  2  2.06 14.27 224.67  18.57  1.00 17.39 302.25  10.42
19850118 090000  6.8 186.7  2.37 13.69 236.07  32.91  4  1.30  6.69 216.12  27.23  1.72 13.67 229.05  10.02  0.85 16.91 302.33  10.58  0.50 13.48 301.57  10.16
19850118 120000  5.4 188.0  2.37 13.46 235.97  31.50  4  1.75 13.44 229.45  10.20  1.29  6.91 217.96  26.33  0.82 16.67 301.49  11.13  0.48 13.44 302.76   9.93
19850118 150000  6.3 211.1  2.33 13.31 236.37  30.77  4  1.88 11.98 227.05  19.60  1.03 13.60 224.57   8.62  0.79 16.60 301.48  11.27  0.46 13.42 302.77   9.84
19850118 180000  8.0 228.4  2.30 13.07 237.15  30.74  3  2.11 12.79 227.17  17.80  0.77 16.56 301.40  11.13  0.48 13.48 303.48   9.80
19850118 210000  8.6 219.3  2.31 12.75 237.29  31.53  3  2.12 12.57 227.07  19.09  0.78 16.47 301.18  11.17  0.48 13.52 304.08   9.72
19850119 000000  7.6 191.9  2.30 12.55 236.53  33.26  2  2.11 12.36 225.72  21.39  0.93 16.33 301.78  10.94
19850119 030000  8.3 197.9  2.26 12.47 235.82  34.40  2  2.06 12.31 224.51  22.67  0.93 16.22 301.51  10.95
19850119 060000  8.4 191.2  2.22 12.49 234.71  35.30  2  2.03 12.39 223.22  23.83  0.91 16.23 301.31  11.05
19850119 090000  6.9 187.8  2.10 12.41 236.14  35.95  2  1.91 12.32 223.73  24.24  0.89 16.28 301.37  11.12
19850119 120000  7.8 184.2  1.97 16.22 238.73  36.26  4  1.74 12.00 224.90  24.28  0.85 16.29 301.43  11.09  0.32 16.01 228.63   7.38  0.23 12.01 303.81   8.87
19850119 150000  7.1 211.6  1.92 16.09 240.41  35.64  3  1.64 11.91 226.35  23.51  0.87 16.26 301.75  11.06  0.48 15.47 226.17   8.32
19850119 180000  9.5 222.7  2.07 15.50 238.49  33.40  3  1.18  5.22 217.66  27.71  1.46 12.07 232.49  12.76  0.86 16.11 301.92  10.80
19850119 210000  8.1 211.5  2.21 15.21 237.31  31.99  4  1.29  5.66 220.09  28.43  1.39 12.02 233.23  12.55  0.86 15.51 301.68  10.86  0.74 15.38 227.88   9.96
19850120 000000 10.5 196.9  2.38 15.01 234.33  31.42  4  1.29  5.74 212.02  28.95  1.48 11.89 233.72  13.19  1.04 14.80 229.57   9.77  0.86 15.43 301.41  11.04
19850120 030000  8.8 195.4  2.57 14.70 233.31  29.95  4  1.36  5.81 212.01  29.45  1.48 11.96 233.20  12.78  1.35 14.36 230.94  10.35  0.85 15.46 301.41  10.82
19850120 060000 11.3 193.3  2.78 14.32 231.92  28.92  3  1.50  5.81 211.35  29.20  2.18 14.05 232.23  11.39  0.85 15.51 301.48  10.74
19850120 090000 12.4 188.1  3.09 13.79 228.08  29.49  3  1.93  6.24 209.31  28.94  2.26 13.65 232.44  11.09  0.84 15.58 301.55  10.75
19850120 120000 11.3 185.5  3.18 13.53 227.34  29.38  3  2.03  6.84 209.08  29.25  2.31 13.44 232.75  11.14  0.81 15.65 301.63  10.75
19850120 150000 12.7 200.9  3.31 13.38 226.23  28.33  2  3.21 13.28 222.69  23.34  0.78 15.72 301.60  10.79
19850120 180000 13.1 213.7  3.48 13.22 227.20  26.59  2  3.40 13.10 224.32  22.28  0.75 15.78 301.53  10.75
19850120 210000 13.6 208.6  3.60 13.01 227.39  26.20  2  3.53 12.93 224.83  22.38  0.74 15.79 301.53  10.66
19850121 000000 12.2 195.2  3.55 12.89 225.88  27.41  3  2.62  7.96 215.41  27.48  2.28 12.83 232.64  12.00  0.73 15.50 301.60  10.51
19850121 030000  9.9 190.5  3.37 12.79 225.88  27.73  2  3.29 12.74 222.98  23.60  0.73 15.13 301.55  10.49
19850121 060000  7.7 182.7  3.13 12.68 227.00  27.49  2  3.05 12.64 223.67  22.70  0.72 15.16 301.37  10.62
19850121 090000  5.8 167.8  2.92 12.59 228.32  26.94  2  2.83 12.55 224.60  21.43  0.72 15.13 301.32  10.61
19850121 120000  4.7 177.1  2.74 12.56 229.26  26.25  2  2.65 12.52 225.22  20.00  0.70 15.12 301.16  10.65
19850121 150000  6.6 221.6  2.61 12.54 229.74  25.62  2  2.52 12.50 225.45  18.65  0.70 15.19 300.79  10.86
19850121 180000  8.9 210.1  2.57 12.45 228.88  25.87  2  2.48 12.42 224.58  18.89  0.68 15.27 300.75  10.72
19850121 210000  9.6 213.1  2.56 12.23 227.68  26.73  2  2.47 12.21 223.30  19.87  0.68 15.27 300.41  10.93
19850122 000000  7.8 186.9  2.48 11.93 226.50  28.54  3  2.38 11.92 221.62  21.46  0.69 15.24 300.35  10.92  0.05 23.49 296.64   8.51
19850122 030000  7.3 189.1  2.34 11.77 226.25  29.83  3  2.23 11.76 220.54  21.89  0.70 15.16 300.15  11.03  0.06 23.36 296.51   9.38
19850122 060000 10.1 191.4  2.25 11.59 225.41  30.73  4  2.14 11.58 219.09  22.11  0.50 16.47 297.41   9.63  0.49 14.36 302.12  12.35  0.07 23.28 296.30   9.08
19850122 090000  8.7 187.0  2.26 11.26 223.38  31.64  5  1.65  7.31 214.63  27.91  1.37 11.25 220.45  13.69  0.58 16.02 298.72  11.05  0.37 13.68 301.50  11.19  0.09 22.45 295.85   9.49
19850122 120000  5.4 186.7  2.20 11.08 224.57  31.30  4  1.56  7.68 215.91  27.23  1.39 11.07 220.49  14.43  0.68 14.95 299.26  11.20  0.12 21.93 295.51   9.85
19850122 150000  7.2 204.3  2.12 10.93 225.84  31.09  3  2.00 10.92 218.72  21.47  0.69 15.39 299.16  11.18  0.13 21.84 295.84   9.68
19850122 180000  9.0 225.1  2.12 10.70 226.69  31.12  3  2.00 10.69 219.32  21.28  0.70 15.44 299.10  11.28  0.14 21.76 296.53   9.18
19850122 210000  8.9 208.9  2.09 10.50 226.97  31.95  3  1.96 10.49 219.04  21.78  0.70 15.46 299.17  11.17  0.18 20.89 296.44   9.07
19850123 000000  9.9 232.9  2.07 10.45 227.60  32.60  4  1.93 10.44 219.31  22.54  0.70 15.47 299.17  11.14  0.22 20.49 295.49   9.54  0.07 18.66 212.10   6.21
19850123 030000  3.6 178.2  1.96 10.42 228.16  33.49  5  1.43  6.71 219.82  26.94  1.11 10.41 217.53  12.61  0.69 15.47 299.07  11.06  0.22 20.43 295.78   9.57  0.10 17.71 214.37   6.84
19850123 060000  5.8 194.4  1.85 10.39 229.20  34.01  5  1.31  6.70 220.40  26.34  1.08 10.37 216.44  12.19  0.70 15.39 299.01  10.97  0.22 20.38 295.46   9.65  0.10 17.86 212.91   7.03
19850123 090000  4.9 197.1  1.78 10.33 230.66  34.79  5  1.20  6.73 220.82  26.07  1.07 10.31 216.02  11.60  0.69 14.88 299.10  10.98  0.29 19.54 296.03   9.32  0.17 16.10 212.39   7.04
19850123 120000  3.2 208.6  1.72 14.68 232.69  35.47  5  1.11  6.80 221.92  25.29  1.05 10.26 215.57  11.08  0.70 14.74 299.17  11.04  0.34 19.16 295.76   9.27  0.19 16.54 213.29   6.74
19850123 150000  4.6 236.1  1.67 14.65 234.02  35.62  6  0.97  6.88 222.31  25.22  0.94 10.31 218.50  12.99  0.70 14.71 299.15  11.14  0.58 12.11 212.41   7.40  0.35 19.09 295.44   9.47  0.17 16.68 212.35   7.28
19850123 180000  5.2 236.8  1.62 14.67 234.60  35.48  4  1.10 10.57 216.39  11.74  0.92  6.95 223.85  24.58  0.69 14.72 299.14  11.14  0.33 19.05 294.94   9.82
19850123 210000  5.4 224.2  1.60 14.81 235.15  35.60  5  0.83  6.69 225.61  25.33  1.07 11.54 216.99  12.49  0.68 14.78 298.56  11.47  0.38 15.12 211.99   7.26  0.35 18.85 296.91   8.80
19850124 000000  4.6 199.5  1.58 15.04 236.18  36.32  4  1.29 11.55 219.73  18.53  0.66 14.88 298.87  11.36  0.47 15.18 212.34   6.99  0.43 18.02 295.82   8.89
19850124 030000  3.9 205.1  1.56 14.91 237.34  36.77  5  1.23 11.52 217.95  16.66  0.65 15.04 298.93  11.40  0.47 17.88 295.51   8.99  0.45 14.93 212.65   7.24  0.26  9.06 250.74   5.80
19850124 060000  3.1 176.6  1.54 14.57 237.63  36.77  5  1.10 11.34 218.07  16.03  0.66 14.37 212.95   7.14  0.65 15.09 299.13  11.31  0.46 17.83 295.15   9.27  0.29  8.96 252.31   6.36
19850124 090000  3.1 211.3  1.51 14.40 237.59  36.56  6  1.07 11.19 217.41  14.27  0.65 15.07 299.34  11.14  0.63 14.28 213.02   7.14  0.44 17.80 294.51   9.70  0.31  8.86 253.50   6.86  0.13 17.93 227.07   7.12
19850124 120000  3.0 233.1  1.50 14.23 238.44  36.65  6  0.93 11.03 217.63  13.65  0.77 14.13 213.46   7.43  0.63 14.72 298.79  11.55  0.47 17.63 296.13   9.19  0.34  8.75 253.30   7.27  0.18 18.12 226.53   7.12
19850124 150000  3.1 286.0  1.49 13.97 240.27  36.97  5  1.20 13.64 216.35  10.85  0.59 17.11 296.13   8.94  0.56 14.21 299.30  12.18  0.34  8.54 254.39   7.73  0.05 26.61 299.78   9.54
19850124 180000  5.0 277.3  1.50 16.70 242.62  37.05  6  1.10 13.41 215.74   8.64  0.58 14.29 299.62  11.65  0.58 16.82 295.21   8.93  0.48  8.40 253.91  24.59  0.36 16.89 222.87   8.27  0.07 26.37 299.91   9.64
19850124 210000  3.7 219.5  1.50 16.59 242.69  36.18  6  1.04 13.27 216.59   8.93  0.57 14.29 299.56  11.31  0.56 16.72 295.22   9.10  0.52  8.26 251.46  24.60  0.49 16.31 221.96   7.57  0.09 25.63 300.08   9.95
19850125 000000  4.9 185.4  1.52 16.48 241.82  35.37  6  0.99 13.10 218.13   9.08  0.62 15.75 219.77   8.41  0.57  7.98 247.91  27.37  0.55 14.24 300.07  11.38  0.55 16.64 294.76   9.20  0.10 25.11 300.10   9.86
19850125 030000  5.0 185.7  1.57 16.37 241.84  35.21  5  1.18 15.34 219.39   8.80  0.70 16.52 294.62   9.64  0.66  7.37 244.05  30.86  0.35 14.42 307.92   7.01  0.13 24.93 300.35   9.88
19850125 060000  5.5 190.3  1.63 16.20 242.30  34.91  4  1.21 15.11 219.83   8.52  0.81 16.42 297.20  10.45  0.73  7.57 244.00  30.61  0.15 24.77 300.36   9.89
19850125 090000  5.9 181.5  1.74 15.51 240.21  34.25  4  1.32 14.87 220.17   8.38  0.81 16.26 297.17  10.28  0.77  7.36 242.93  32.67  0.18 24.41 300.21   9.88
19850125 120000  7.5 196.4  1.92 15.25 235.60  32.23  4  1.74 14.64 224.15  19.50  0.64 15.91 294.84   9.21  0.44 13.58 302.45  10.59  0.22 23.62 300.21   9.84
19850125 150000  5.7 203.8  2.17 15.18 232.11  28.75  4  2.02 14.55 224.03  17.44  0.63 15.62 296.37  10.12  0.38 13.39 300.42  10.87  0.25 23.38 300.24   9.93
19850125 180000  8.5 231.6  2.52 15.07 230.05  25.66  4  0.67  3.57 230.53  32.10  2.30 14.41 223.87  13.92  0.72 15.51 297.46  10.47  0.28 23.24 300.30  10.02
19850125 210000  8.2 221.4  2.86 14.53 229.01  24.49  3  2.74 14.29 224.33  16.43  0.73 15.45 297.24  10.26  0.32 23.04 300.22  10.04
19850126 000000  4.9 203.9  2.97 14.37 227.89  24.13  3  2.85 14.20 223.24  15.65  0.74 15.40 297.09   9.86  0.37 22.34 300.12   9.97
19850126 030000  6.4 197.7  2.96 14.28 227.34  24.28  3  2.84 14.12 222.47  15.16  0.72 15.35 297.06   9.80  0.43 21.92 300.12   9.97
19850126 060000  8.4 186.7  2.92 14.16 226.26  25.08  3  2.80 13.99 221.30  15.95  0.68 15.29 297.51   9.98  0.48 21.78 300.17  10.00
19850126 090000  6.1 164.8  2.81 13.95 225.73  25.97  4  0.71  4.18 201.14  34.62  2.60 13.80 221.82  13.81  0.63 15.11 298.07  10.16  0.51 21.66 300.18  10.10
19850126 120000  4.3 188.4  2.67 13.71 226.65  26.42  3  2.54 13.61 220.92  16.29  0.59 14.67 298.32  10.17  0.55 21.38 300.11  10.13
19850126 150000  5.0 223.2  2.55 13.54 228.43  27.68  3  2.40 13.47 221.34  15.80  0.62 20.64 300.16  10.01  0.59 14.50 298.07   9.99
19850126 180000  7.6 233.5  2.48 13.40 230.89  29.42  3  2.30 13.31 222.14  16.32  0.69 20.42 300.16   9.97  0.60 14.44 297.44  10.07
19850126 210000  6.8 223.1  2.42 13.04 232.80  31.00  3  2.22 12.94 222.70  17.55  0.74 20.32 300.17  10.03  0.61 14.42 297.41  10.00
19850127 000000  6.4 198.3  2.32 12.72 233.86  32.33  3  2.11 12.67 222.50  18.16  0.76 20.20 300.15  10.14  0.59 14.40 298.04   9.87
19850127 030000  6.1 201.6  2.24 12.55 234.65  33.25  3  2.03 12.52 222.33  18.51  0.79 19.94 300.21  10.15  0.56 14.37 298.64  10.04
19850127 060000  6.6 189.7  2.20 12.35 235.72  34.21  3  1.97 12.32 222.26  18.90  0.84 19.30 300.33  10.13  0.51 14.31 299.10  10.08
19850127 090000  7.0 191.1  2.22 19.05 236.28  35.11  4  1.87 11.98 222.42  20.26  0.90 19.09 300.40  10.08  0.63 15.36 217.13   7.30  0.47 14.10 299.35   9.98
19850127 120000  3.3 167.0  2.26 18.94 236.84  34.86  5  1.81 11.86 223.40  20.24  0.94 18.99 300.37  10.14  0.87 15.29 217.34   7.55  0.46 13.67 299.31   9.72  0.06 24.97 296.73  10.29
19850127 150000  3.1 254.6  2.34 18.82 236.62  33.65  4  2.08 11.87 222.78  16.99  0.96 18.90 300.36  10.16  0.45 13.55 299.07   9.73  0.06 24.96 298.03  10.40
19850127 180000  7.2 244.8  2.48 18.64 235.87  32.25  3  2.24 14.57 223.61  16.49  0.97 18.77 300.42  10.16  0.46 13.51 299.05   9.96
19850127 210000  6.5 222.3  2.62 18.04 234.73  31.44  5  1.22  7.97 225.39  24.03  2.04 14.36 222.90  12.10  0.98 18.49 300.60  10.16  0.45 13.50 299.62  10.02  0.11 23.52 297.03  10.62
19850128 000000  8.8 192.0  2.71 17.71 233.09  31.63  4  2.48 14.29 222.18  16.43  1.01 18.00 300.62  10.23  0.44 13.49 300.28  10.15  0.12 23.42 297.21  10.59
19850128 030000  7.5 198.8  2.78 17.61 232.35  31.86  5  1.30  7.65 216.25  26.00  2.19 14.31 223.32  11.87  1.04 17.82 300.68  10.22  0.41 13.47 300.80  10.29  0.13 23.35 297.39  10.92
19850128 060000  9.7 191.1  2.87 17.54 231.21  32.21  5  1.46  7.15 214.06  26.40  2.19 14.28 223.57  11.99  1.06 17.72 300.63  10.26  0.38 13.43 301.45  10.63  0.14 23.27 296.92  11.35
19850128 090000  7.5 187.7  2.92 17.49 230.91  32.09  5  1.63  7.19 216.49  26.50  2.14 14.19 223.47  11.97  1.06 17.66 300.59  10.27  0.34 13.31 302.11  10.85  0.20 22.27 297.13  10.34
19850128 120000  2.5 173.9  2.88 17.43 232.17  31.56  6  2.13 14.12 223.84  12.22  1.58  7.43 219.24  25.81  1.05 17.59 300.51  10.27  0.32 12.88 301.68   9.96  0.22 21.97 296.57  10.26  0.05 12.70 335.01   0.26
19850128 150000  6.4 223.4  2.79 14.04 234.09  31.32  6  1.45  7.46 222.11  24.59  2.11 14.06 224.33  12.50  1.05 17.46 300.46  10.24  0.30 12.70 301.54  10.06  0.25 21.86 297.22  10.77  0.06 12.59 335.01   0.32
19850128 180000  9.4 218.0  2.78 14.01 234.72  31.48  5  1.39  7.28 221.31  24.89  2.12 13.93 225.15  13.07  1.05 17.08 300.37  10.36  0.31 12.65 302.77  12.08  0.27 21.80 297.38  10.68
19850128 210000 10.7 213.3  2.92 13.88 233.14  31.85  6  1.73  6.22 220.30  25.51  2.06 13.77 225.16  13.12  1.05 16.74 300.32  10.48  0.30 12.64 300.93  10.24  0.30 21.58 298.38  10.05  0.08 11.91 332.57   4.32
19850129 000000 12.0 198.1  3.06 13.76 230.50  33.09  6  2.03  6.68 216.97  27.55  1.99 13.64 225.16  13.05  1.04 16.61 300.32  10.52  0.37 20.70 297.78  10.35  0.30 12.64 301.70   9.87  0.09 11.86 332.49   4.38
19850129 030000  9.9 198.3  3.07 16.36 229.77  33.57  6  2.12  7.03 216.08  27.87  1.91 13.55 225.39  12.99  1.02 16.55 300.17  10.48  0.41 20.49 297.43  10.42  0.28 12.63 301.78   9.69  0.10 11.83 331.71   4.74
19850129 060000 10.9 191.9  3.00 13.54 229.86  33.95  6  2.05  7.24 215.20  27.98  1.87 13.45 225.55  12.83  1.00 16.51 299.77  10.47  0.46 20.38 298.15  10.91  0.25 12.59 302.34   9.68  0.10 11.66 331.25   5.39
19850129 090000  7.4 191.4  2.84 13.42 231.96  33.96  6  1.86  7.26 216.48  27.81  1.83 13.35 226.10  13.08  0.99 16.46 299.74  10.48  0.47 20.32 297.33  10.57  0.24 12.55 303.87  10.78  0.09 11.35 334.00   4.09
19850129 120000  4.8 172.2  2.65 13.25 235.55  33.64  5  1.77 13.20 226.47  13.02  1.62  7.23 220.03  27.10  1.00 16.40 299.57  10.67  0.49 20.22 297.97  10.18  0.10 11.14 332.31   5.11
19850129 150000  5.0 223.2  2.50 13.08 238.57  33.37  4  1.74 13.01 226.72  13.25  1.40  7.32 223.31  25.96  0.97 16.25 299.88  11.21  0.56 19.50 297.97   9.96
19850129 180000  9.7 228.5  2.52 13.11 239.11  32.85  5  1.55  7.68 225.30  24.15  1.65 12.95 227.24  13.06  0.91 15.92 299.80  10.67  0.61 19.17 297.39  10.40  0.20 11.75 310.20  15.57
19850129 210000 10.0 211.2  2.71 13.16 235.77  32.71  5  1.88  7.35 222.51  24.42  1.60 12.91 227.78  13.23  0.85 15.71 299.89  10.66  0.68 19.04 297.89  10.64  0.20 11.76 309.61  15.39
19850130 000000 11.7 204.5  2.88 13.10 231.76  33.07  6  2.20  7.57 219.32  25.23  1.51 12.81 227.87  12.71  0.84 15.61 300.06  10.81  0.68 19.02 297.45  10.53  0.17 11.79 302.34   9.66  0.09 10.85 331.56   4.99
19850130 030000  9.6 195.6  3.07 12.83 228.77  32.89  6  2.47  8.08 218.04  25.73  1.45 12.69 226.88  11.97  0.82 15.56 299.71  11.04  0.69 18.95 297.49  10.35  0.17 11.80 301.84  10.46  0.09 10.69 331.70   4.95
19850130 060000  8.7 201.1  3.09 12.69 229.26  32.14  6  2.55  8.68 219.54  24.90  1.39 12.62 226.70  11.68  0.77 15.45 299.34  11.29  0.73 18.72 297.69  10.05  0.17 11.78 303.12  10.25  0.08 10.40 332.58   4.62
19850130 090000  5.9 190.3  3.03 12.63 231.27  31.27  6  2.41  9.13 221.00  23.78  1.48 12.55 228.27  12.31  0.77 15.45 299.08  11.07  0.74 18.12 297.37  10.54  0.15 11.78 303.16  10.25  0.08 10.33 332.42   4.70
19850130 120000  2.8 202.7  2.92 12.56 233.36  30.54  5  2.17  9.39 222.77  22.94  1.63 12.45 227.87  12.20  0.80 17.89 297.51  10.72  0.73 15.34 299.28  10.99  0.07 10.26 332.04   5.15
19850130 150000  5.4 250.3  2.81 17.80 234.82  30.23  4  2.59 12.36 225.58  18.68  0.79 17.86 297.41  11.13  0.73 15.36 299.55  10.64  0.07 10.20 331.92   5.19
19850130 180000  6.7 228.7  2.70 17.76 235.82  30.23  4  2.48 12.27 226.08  18.07  0.82 17.78 297.50  10.81  0.68 15.29 299.63  11.23  0.07 10.17 331.77   4.99
19850130 210000  6.9 215.2  2.61 17.69 236.02  30.41  4  2.39 12.12 225.88  17.73  0.97 17.71 296.91  11.03  0.38 15.41 307.53   5.18  0.07 10.08 331.80   5.00
19850131 000000  9.1 209.8  2.60 12.17 234.75  30.57  2  2.38 12.05 224.78  17.93  1.03 17.58 298.38  11.16
19850131 030000  6.0 200.3  2.62 12.14 233.51  30.81  2  2.42 12.01 223.89  18.68  1.02 17.27 298.38  10.98
19850131 060000  5.2 214.5  2.60 12.10 233.50  30.83  2  2.39 11.98 223.75  18.51  1.02 16.87 298.21  11.11
19850131 090000  3.6 200.9  2.53 16.73 234.05  30.95  3  2.32 11.91 223.89  18.16  0.88 16.77 297.58  10.83  0.49 14.33 300.11  11.50
19850131 120000  4.1 207.0  2.44 16.68 234.90  31.13  3  2.22 11.79 224.10  17.61  0.89 16.70 296.68  11.24  0.47 14.30 302.69   9.81
19850131 150000  4.5 247.0  2.36 16.61 235.70  31.31  2  2.14 11.68 224.27  17.07  1.00 16.64 297.94  11.21
19850131 180000  7.8 244.9  2.33 16.54 236.96  31.52  2  2.10 11.63 225.33  17.80  0.99 16.57 298.04  11.07
19850131 210000  6.3 224.3  2.27 16.45 237.33  32.09  2  2.04 11.61 225.07  18.05  0.99 16.49 297.96  11.29
19850201 000000  5.9 196.1  2.19 16.35 237.04  32.79  2  1.95 11.61 223.87  17.64  0.98 16.41 298.03  11.28
