Date     Time   Uabs UDir  hs    tp    th     sp     np hs(i) tp(i) th(i)  sp(i)
19870501 000000  8.5 202.5  2.43 12.37 229.87  24.47  3  2.37 12.36 227.11  18.77  0.43 15.51 312.38   8.37  0.27 12.71 312.61  10.18
19870501 030000  6.7 199.1  2.38 12.20 228.61  24.29  3  2.34 12.15 226.11  19.04  0.41 15.48 312.49   8.27  0.25 12.55 312.36  10.55
19870501 060000  6.9 177.6  2.30 11.99 227.64  24.61  4  0.60  3.54 198.18  34.00  2.18 11.96 226.92  16.65  0.38 15.37 312.64   8.31  0.25 12.57 312.72  10.02
19870501 090000  5.9 166.1  2.24 11.90 226.96  25.22  4  0.56  3.46 188.50  35.72  2.12 11.86 226.38  16.26  0.39 15.04 312.82   8.13  0.23 12.48 312.56  10.30
19870501 120000  7.1 153.5  2.20 11.90 226.12  26.65  4  0.52  3.14 166.56  34.16  2.09 11.83 225.89  15.75  0.40 14.71 312.60   8.10  0.23 12.47 312.87  10.19
19870501 150000  5.4 160.4  2.17 14.35 226.02  26.29  4  0.51  3.33 168.75  36.17  2.06 12.59 225.48  15.13  0.40 14.62 312.02   8.17  0.23 12.52 313.77   9.87
19870501 180000  8.1 202.9  2.17 14.29 225.88  24.33  4  0.60  3.34 194.11  31.30  2.04 12.80 225.33  14.60  0.39 14.56 311.67   8.17  0.22 12.47 314.03  10.17
19870501 210000 11.2 200.0  2.36 14.25 224.12  24.43  2  2.32 12.74 222.05  19.89  0.43 14.51 312.07   8.82
19870502 000000 13.1 193.3  2.61 14.17 220.18  26.41  4  2.57 12.66 218.54  23.37  0.41 14.47 312.07   8.81  0.20 21.83 232.71   8.26  0.12 19.06 223.60   3.48
19870502 030000 10.2 176.6  2.66 12.65 219.55  27.33  4  1.79  6.23 209.86  32.85  1.92 12.53 224.17  11.03  0.39 14.41 312.16   8.72  0.22 22.04 233.48   8.65
19870502 060000  9.3 168.5  2.57 13.16 220.74  27.00  5  1.57  6.49 207.24  33.60  1.94 12.26 225.52  12.27  0.38 14.33 312.20   8.64  0.36 20.85 233.28   8.34  0.31 17.95 220.74   5.42
19870502 090000  7.2 164.8  2.46 13.31 222.85  25.45  4  2.32 12.07 220.70  23.36  0.58 17.34 225.46   8.36  0.43 20.62 233.34   8.75  0.37 14.21 312.10   8.62
19870502 120000  5.9 184.8  2.40 13.35 224.88  23.16  6  1.93 11.55 220.73  23.24  1.00 13.54 228.47   9.43  0.78 16.74 226.00   9.68  0.54 20.45 233.96   8.24  0.33 13.98 311.63   8.67  0.14 11.73 312.30  10.61
19870502 150000  7.5 190.7  2.43 16.21 225.83  21.26  4  2.08 12.23 223.26  20.25  1.00 16.22 226.67   9.69  0.68 19.71 232.03   8.59  0.34 13.76 311.66   8.78
19870502 180000  9.1 209.4  2.56 15.55 226.19  20.07  3  2.41 15.59 224.25  18.02  0.79 19.35 233.76   8.28  0.33 13.64 311.46   8.89
19870502 210000  9.2 211.5  2.68 15.03 227.00  19.48  3  2.47 15.10 225.25  18.19  1.00 18.90 231.60   8.87  0.32 13.57 311.35   8.90
19870503 000000  6.9 203.0  2.76 14.46 227.38  19.63  3  2.52 14.58 225.58  18.74  1.09 18.22 232.00   9.19  0.31 13.52 311.39   8.85
19870503 030000  7.7 194.1  2.74 17.82 227.82  19.46  3  2.30 13.99 225.87  19.86  1.46 17.82 229.91   9.32  0.31 13.48 311.53   8.71
19870503 060000  6.2 184.2  2.66 17.46 228.49  18.90  4  1.57 13.73 230.54  10.12  1.50 17.46 230.44   9.21  1.50  8.74 221.36  25.25  0.30 13.44 311.61   8.73
19870503 090000  3.0 167.1  2.55 16.73 229.60  17.50  3  1.98 13.23 227.57  18.08  1.57 16.73 230.72   9.04  0.29 13.41 311.73   8.56
19870503 120000  4.6 189.9  2.48 16.57 230.27  16.25  2  2.46 16.57 229.51  13.93  0.28 13.35 311.75   8.56
19870503 150000  1.8 214.1  2.45 15.85 230.53  15.37  3  2.13 15.86 230.94   9.70  1.18  8.21 226.06  20.30  0.27 13.26 311.67   8.66
19870503 180000  5.0 244.4  2.44 15.59 230.60  14.92  3  2.14 15.59 230.80   9.89  1.14  8.21 226.89  19.69  0.25 13.01 311.58   8.71
19870503 210000  5.6 239.3  2.42 15.61 230.57  15.05  3  2.16 15.61 230.43  10.15  1.05  7.83 227.99  21.44  0.24 12.79 311.51   8.69
19870504 000000  3.1 233.6  2.38 16.14 230.15  14.95  2  2.37 16.14 229.58  13.01  0.24 12.68 311.40   8.71
19870504 030000  1.3 238.1  2.33 16.00 229.79  14.72  3  2.11 15.07 230.41  12.93  0.98 16.83 223.66   9.97  0.23 12.62 311.39   8.69
19870504 060000  2.1 205.2  2.27 15.46 229.49  14.57  3  2.11 15.46 229.18  10.39  0.82  7.67 226.95  21.53  0.23 12.60 311.48   8.59
19870504 090000  0.5 230.0  2.22 15.33 229.22  14.42  2  2.20 15.33 228.62  12.23  0.23 12.58 311.55   8.60
19870504 120000  1.6 203.0  2.17 15.17 228.96  14.25  2  2.16 15.17 228.35  12.01  0.22 12.57 311.63   8.62
19870504 150000  3.5 270.9  2.14 14.87 228.73  14.09  2  2.13 14.87 228.14  11.89  0.22 12.55 311.77   8.65
19870504 180000  5.2 276.9  2.11 14.64 229.02  14.88  2  2.10 14.64 228.47  12.98  0.21 12.52 311.90   8.62
19870504 210000  3.0 277.5  2.08 14.52 228.92  14.91  2  2.07 14.52 228.41  13.13  0.20 12.44 311.92   8.69
19870505 000000  3.0 334.4  2.04 14.44 228.75  14.60  2  2.03 14.44 228.25  12.84  0.19 12.24 311.53   9.00
19870505 030000  3.8 343.3  1.99 14.41 228.89  15.26  2  1.98 14.40 228.42  13.70  0.18 11.92 312.01   8.88
19870505 060000  2.9 338.4  1.95 14.58 229.30  16.56  2  1.94 14.58 228.84  15.18  0.17 11.82 311.93   9.29
19870505 090000  5.8 358.3  1.94 14.59 230.34  20.62  3  1.91 14.59 229.65  19.84  0.32 19.07 237.67   5.38  0.17 11.78 312.49   9.04
19870505 120000  7.2  11.2  2.01 14.45 234.36  30.33  4  0.66  4.34 326.73  35.55  1.88 14.44 228.00  10.70  0.17 11.77 312.81   9.07  0.07 15.57 287.32   9.95
19870505 150000  7.6   2.6  2.13 14.25 241.42  38.19  5  0.99  5.47 320.79  36.08  1.66 14.24 227.40  10.66  0.87 17.97 230.29   9.08  0.16 11.76 312.94   9.19  0.09 15.58 283.24  15.57
19870505 180000  4.9 330.9  2.25 13.88 244.30  37.89  4  1.10  5.93 315.38  31.76  1.72 13.88 228.22  10.95  0.92 17.90 230.92  10.66  0.16 11.76 312.87   9.20
19870505 210000  5.4 349.6  2.45 13.71 243.04  35.31  4  1.10  6.09 316.12  28.62  1.95 13.72 230.03  12.07  0.98 17.83 230.41   9.37  0.16 11.75 313.16   9.06
19870506 000000  8.5 336.2  2.68 13.61 242.00  33.92  4  1.11  6.18 319.64  27.59  2.20 13.61 231.99  12.65  1.05 17.80 227.36   9.31  0.15 11.73 313.25   9.14
19870506 030000  4.7 348.8  2.86 13.54 241.54  33.47  4  2.36 13.54 232.63  13.08  1.14  6.08 322.12  27.47  1.14 17.66 227.17   9.11  0.14 11.69 313.76   8.94
19870506 060000  6.4 352.8  2.97 16.65 242.90  35.53  3  1.23  6.24 326.38  26.66  2.70 16.65 231.81  12.85  0.13 11.59 314.47   7.72
19870506 090000  9.2 349.3  3.06 16.36 246.49  39.91  2  1.42  6.45 330.68  26.54  2.71 16.36 231.86  13.17
19870506 120000 12.7 347.3  3.21 16.15 255.21  47.04  2  1.78  6.39 335.65  27.37  2.67 16.15 231.63  12.91
19870506 150000 11.7 351.5  3.32 15.69 263.75  50.92  2  2.06  6.68 336.84  28.00  2.60 15.69 231.14  12.17
19870506 180000 10.3 330.7  3.24 15.45 262.44  50.10  2  1.99  6.80 335.09  28.07  2.56 15.45 231.00  12.36
19870506 210000 11.7 331.8  3.20 15.29 263.04  49.83  2  2.01  6.77 331.46  28.31  2.49 15.29 229.90  12.63
19870507 000000 10.5 347.2  3.20 15.23 255.58  49.98  2  1.92  6.71 331.61  30.40  2.56 15.23 226.70  13.38
19870507 030000 10.3 324.8  3.51 15.16 242.02  45.68  2  1.80  6.50 330.04  30.88  3.01 15.16 223.50  14.73
19870507 060000  6.5 288.6  3.87 15.05 233.10  38.55  2  1.62  6.45 325.81  32.98  3.52 15.05 222.58  15.97
19870507 090000 10.2 192.6  4.05 14.92 226.76  31.02  2  3.86 14.92 221.88  16.99  1.23  6.37 325.25  35.64
19870507 120000  6.3 183.5  4.11 14.84 223.86  25.79  1  4.11 14.84 223.86  25.79
19870507 150000  6.0 187.0  4.09 14.77 223.42  22.48  1  4.09 14.77 223.42  22.48
19870507 180000  7.9 198.8  4.01 14.68 223.15  20.22  1  4.01 14.68 223.15  20.22
19870507 210000  7.1 199.1  3.92 14.59 222.96  18.71  1  3.92 14.59 222.96  18.71
19870508 000000  9.7 188.0  3.85 14.53 222.22  18.37  1  3.85 14.53 222.22  18.37
19870508 030000  9.2 178.5  3.80 14.50 220.97  19.04  1  3.80 14.50 220.97  19.04
19870508 060000  8.0 167.2  3.68 14.45 220.58  19.14  1  3.68 14.45 220.58  19.14
19870508 090000  7.7 152.1  3.50 14.34 220.54  19.15  1  3.50 14.34 220.54  19.15
19870508 120000  7.4 163.4  3.32 14.17 220.34  19.34  2  3.32 14.17 220.25  19.11  0.12 20.41 310.38   8.61
19870508 150000  6.4 164.0  3.14 13.95 220.54  18.65  2  3.14 13.95 220.43  18.32  0.14 20.37 310.75   8.68
19870508 180000  7.7 190.5  3.03 13.83 220.73  17.88  2  3.02 13.83 220.60  17.50  0.14 20.35 311.29   8.91
19870508 210000  9.8 182.7  3.01 13.74 219.82  19.11  2  3.00 13.74 219.69  18.74  0.14 20.31 311.33   9.11
19870509 000000  7.0 174.2  2.91 13.64 219.53  20.60  2  2.91 13.64 219.32  20.07  0.17 19.74 310.45   8.48
19870509 030000  6.4 159.7  2.71 13.47 220.76  20.50  3  2.24 13.47 222.45  12.39  1.50  8.19 215.20  29.27  0.21 19.07 309.68   8.60
19870509 060000  6.3 170.5  2.52 13.23 221.75  20.11  3  2.10 13.23 222.59  12.34  1.38  8.19 217.84  28.35  0.23 19.02 309.74   8.69
19870509 090000  5.7 159.6  2.39 13.04 222.12  20.04  2  2.38 13.04 221.60  18.69  0.22 19.01 309.99   9.46
19870509 120000  4.3 176.4  2.27 12.95 222.98  19.31  3  1.82 12.94 223.42  12.71  1.34  8.19 220.65  24.87  0.21 19.00 310.67   9.65
19870509 150000  3.2 152.9  2.14 12.88 223.77  19.43  3  1.70 12.88 224.18  12.92  1.29  8.19 221.23  23.89  0.22 18.81 310.23   9.54
19870509 180000  5.9 213.8  2.04 12.84 225.09  19.81  3  1.59 12.84 224.90  13.04  1.25  8.20 222.49  21.95  0.27 17.89 309.55   9.18
19870509 210000  6.1 193.5  1.97 12.83 225.67  21.37  3  1.50 12.83 225.58  13.02  1.24  8.20 221.71  22.27  0.32 17.78 309.28   9.22
19870510 000000  5.1 196.9  1.88 12.77 226.10  22.12  3  1.41 12.77 226.10  13.06  1.20  8.19 221.55  22.55  0.33 17.76 309.56   9.23
19870510 030000  2.7 189.7  1.79 12.65 226.48  21.82  6  1.24 12.89 228.32  11.88  1.15  8.12 222.36  22.02  0.41 16.72 219.42   8.85  0.30 17.75 309.85   9.64  0.29 11.81 201.45   4.84  0.07 12.58 308.95  10.92
19870510 060000  3.7 169.4  1.72 12.55 226.35  21.05  7  1.11 12.81 228.46  12.05  1.10  7.97 223.18  21.46  0.60 15.87 221.26   9.22  0.27 17.72 310.48   9.75  0.27 11.81 201.32   4.88  0.06 12.60 313.70   7.25  0.06 11.88 284.66  13.11
19870510 090000  2.6 130.7  1.68 15.31 226.20  21.03  6  1.04  7.79 223.32  21.10  1.04 12.75 229.39  11.72  0.73 15.51 219.15   9.43  0.28 17.48 310.64   9.29  0.25 11.80 201.41   4.84  0.08 11.97 299.48  17.26
19870510 120000  1.8 180.0  1.69 14.50 226.68  22.07  4  1.33 14.47 224.58  12.59  0.99  7.55 223.34  20.49  0.34 16.72 310.25   8.83  0.07 11.91 297.12  17.03
19870510 150000  1.9 256.3  1.73 14.03 227.32  23.18  4  1.40 14.03 224.15  12.20  0.93  7.32 223.55  20.21  0.40 16.61 309.93   8.85  0.07 11.89 297.16  16.98
19870510 180000  5.6 224.1  1.81 13.57 227.41  22.93  3  0.89  7.10 224.85  21.14  1.52 13.57 223.91  12.10  0.42 16.59 309.84   9.17
19870510 210000  5.4 203.1  1.89 13.25 226.89  21.92  3  0.87  6.98 223.33  22.38  1.63 13.25 224.30  11.72  0.41 16.57 309.97   9.46
19870511 000000  4.6 200.3  1.93 12.94 226.69  20.74  2  1.90 12.94 224.46  14.78  0.37 16.54 310.26   9.70
19870511 030000  6.2 204.6  1.93 12.76 227.15  20.22  2  1.90 12.76 225.19  14.89  0.35 16.40 310.68   9.51
19870511 060000  9.0 186.8  1.96 12.59 226.35  22.60  2  1.93 12.59 224.25  17.69  0.36 15.77 311.05   8.82
19870511 090000  7.8 182.8  1.99 12.39 226.31  25.20  3  0.93  4.54 207.03  31.19  1.71 12.40 228.05  12.02  0.40 15.57 310.85   8.83
19870511 120000 10.1 185.8  2.01 12.06 225.86  27.09  3  1.01  4.57 203.70  31.47  1.68 12.06 228.86  12.14  0.43 15.52 310.56   9.07
19870511 150000  9.7 190.5  2.08 11.88 225.10  27.68  5  1.13  4.77 203.92  30.71  1.31 11.66 233.65  11.73  0.81 13.76 220.47   9.60  0.70 17.09 226.35   9.94  0.43 15.49 310.29   9.42
19870511 180000 12.0 198.1  2.31 15.68 223.46  27.17  5  1.91 11.33 219.80  26.64  0.91 14.19 223.29   8.34  0.81 16.75 226.06  11.56  0.42 15.47 310.04   9.68  0.06 19.07 316.07   7.95
19870511 210000 12.5 200.8  2.65 15.85 222.98  26.03  4  1.91  6.07 213.66  27.70  1.79 16.32 229.57  12.23  0.40 15.41 310.19   9.59  0.08 18.99 315.61   8.05
19870512 000000 10.9 183.6  2.91 15.58 223.13  25.88  4  2.18  6.98 216.22  28.67  1.89 15.68 228.92  11.93  0.38 15.24 310.58   9.41  0.09 18.97 315.91   8.02
19870512 030000 13.5 193.2  3.27 15.39 221.76  25.53  4  2.54  7.40 216.17  28.43  2.03 15.44 227.62  11.80  0.36 14.77 311.17   9.02  0.08 18.94 316.40   7.58
19870512 060000 13.4 183.8  3.65 15.07 221.05  25.57  4  2.73  7.89 214.61  29.58  2.39 15.14 227.18  12.15  0.35 14.60 311.47   8.81  0.09 18.26 316.09   7.29
19870512 090000 11.6 185.0  3.82 14.69 222.15  24.53  4  2.66  8.46 215.15  29.40  2.71 14.73 227.14  13.37  0.34 14.54 311.38   8.84  0.12 17.75 315.30   7.76
19870512 120000 11.6 184.6  3.84 14.50 222.84  23.76  3  3.82 14.50 222.28  22.61  0.34 14.50 311.17   8.96  0.13 17.75 315.59   8.07
19870512 150000 10.9 192.8  3.81 14.30 223.02  23.04  3  3.79 14.28 222.47  21.86  0.34 14.46 311.01   9.06  0.13 17.72 315.71   8.11
19870512 180000 11.8 199.4  3.78 14.00 223.31  22.34  3  3.77 13.94 222.78  21.15  0.33 14.41 310.97   9.23  0.11 17.71 315.92   7.57
19870512 210000 13.4 203.9  3.88 13.68 222.69  22.51  2  3.87 13.66 222.21  21.44  0.34 14.34 311.61   9.17
19870513 000000 10.8 191.0  3.83 13.50 222.37  23.29  4  2.82  8.49 218.22  27.08  2.57 13.48 225.96  13.27  0.30 14.21 311.31   9.22  0.15 16.67 315.10   7.79
19870513 030000 10.5 192.6  3.57 13.32 222.39  23.27  4  2.63  8.65 218.33  26.81  2.39 13.29 225.81  13.66  0.28 13.90 311.48   9.03  0.17 16.61 315.70   8.06
19870513 060000  8.9 182.1  3.30 12.97 222.10  23.36  3  3.28 12.93 221.57  22.19  0.26 13.73 311.90   8.83  0.15 16.59 315.85   8.19
19870513 090000  8.4 174.0  3.04 12.71 222.13  23.23  4  2.13  8.77 217.32  27.28  2.15 12.69 225.41  14.08  0.26 13.64 312.11   8.63  0.13 16.58 316.30   8.23
19870513 120000 10.9 177.9  2.87 12.57 220.37  24.64  3  2.08  8.86 215.22  28.42  1.95 12.55 224.45  14.29  0.28 13.59 312.90   8.60
19870513 150000 11.0 174.9  2.86 12.41 216.67  26.68  5  2.18  8.57 209.43  29.51  1.83 12.39 224.29  14.20  0.23 13.48 311.21   8.80  0.18 15.49 315.58   7.42  0.07 23.14 222.00   8.13
19870513 180000 10.3 197.8  2.75 12.04 217.56  25.58  5  2.19  8.32 213.70  27.80  1.62 12.01 221.96  13.28  0.24 13.49 311.61   8.44  0.18 15.52 314.98   8.60  0.10 22.83 223.31   8.30
19870513 210000 11.9 200.1  2.68 11.86 218.21  24.56  4  2.66 11.84 217.46  22.92  0.23 13.47 311.51   8.54  0.17 15.51 315.04   8.70  0.13 22.06 223.49   8.13
19870514 000000 10.1 187.1  2.57 11.78 217.40  25.29  5  2.08  7.52 214.46  27.37  1.48 11.76 220.65  13.65  0.23 13.47 312.07   8.80  0.17 21.44 224.33   7.98  0.14 15.52 314.21   8.77
19870514 030000 10.4 175.7  2.43 11.73 215.58  26.36  4  1.89  7.24 211.47  29.56  1.48 11.70 219.68  13.67  0.25 13.47 312.69   8.87  0.24 20.88 224.45   8.08
19870514 060000  8.8 164.6  2.23 11.69 215.59  26.77  3  2.19 11.65 214.64  25.44  0.31 20.08 224.59   7.98  0.24 13.63 312.96   8.67
19870514 090000  6.8 161.2  2.07 11.69 217.67  25.04  3  2.00 11.64 216.39  23.56  0.45 19.45 224.27   8.39  0.24 14.27 313.20   8.48
19870514 120000  8.3 179.5  2.06 11.73 218.57  23.18  3  1.95 11.68 217.09  21.72  0.59 18.69 223.95   8.12  0.25 14.35 313.29   8.41
19870514 150000  6.1 176.7  2.14 11.81 219.57  20.99  3  2.00 11.75 218.11  19.78  0.73 18.18 223.76   7.94  0.24 14.35 313.24   8.44
19870514 180000  7.1 199.7  2.25 11.97 221.02  18.16  3  2.01 11.89 219.58  17.38  0.99 17.63 223.65   8.96  0.23 14.28 313.08   8.51
19870514 210000  8.1 201.3  2.43 16.97 221.23  17.01  4  2.00 12.05 219.86  17.68  1.29 16.96 222.41   8.69  0.42 14.49 225.00   0.00  0.22 13.06 312.88   8.56
19870515 000000  8.1 191.1  2.55 16.81 221.06  17.15  2  2.54 16.80 220.68  15.88  0.21 13.22 312.70   8.59
19870515 030000  7.0 160.0  2.61 16.60 220.78  18.01  2  2.60 16.59 220.43  16.91  0.20 13.32 312.56   8.65
19870515 060000  4.8 163.6  2.57 16.20 221.61  16.84  2  2.56 16.19 221.26  15.64  0.20 13.37 312.50   8.62
19870515 090000  5.2 137.6  2.55 16.10 221.99  15.90  2  2.54 16.09 221.63  14.62  0.20 13.39 312.44   8.62
19870515 120000  4.5 165.2  2.57 16.07 221.93  15.14  2  2.57 16.07 221.60  13.91  0.19 13.38 312.34   8.66
19870515 150000  4.0 210.9  2.69 15.87 221.69  13.84  2  2.68 15.86 221.42  12.73  0.18 13.32 312.33   8.63
19870515 180000  5.9 216.8  2.85 15.61 221.62  13.31  2  2.84 15.61 221.41  12.42  0.17 13.07 312.27   8.68
19870515 210000  7.2 212.1  2.96 15.35 221.94  13.54  2  2.96 15.35 221.78  12.85  0.16 12.70 312.18   8.62
19870516 000000  5.3 188.6  2.97 15.12 222.69  13.67  2  2.97 15.11 222.54  13.04  0.15 12.62 311.84   8.55
19870516 030000  3.7 208.2  2.91 14.86 223.77  13.53  2  2.91 14.85 223.60  12.86  0.16 12.59 311.59   8.32
19870516 060000  3.8 189.8  2.82 14.56 224.90  13.33  4  2.81 14.56 224.68  12.60  0.21 21.90 228.98   6.81  0.13 12.58 312.12   8.67  0.09 15.55 308.48   7.61
19870516 090000  0.7 109.2  2.69 14.34 225.94  13.18  4  2.67 14.34 225.72  12.40  0.30 21.41 226.20   6.91  0.13 12.57 312.10   8.73  0.09 15.51 308.21   8.21
19870516 120000  2.4 320.3  2.54 14.18 226.91  13.09  4  2.49 14.18 226.73  12.30  0.50 20.38 225.31   8.84  0.13 12.55 312.19   8.79  0.09 15.46 308.20   8.39
19870516 150000  1.9 316.7  2.40 14.03 227.74  13.21  4  2.28 14.02 227.77  12.53  0.72 19.51 224.76   8.89  0.12 12.51 312.33   8.88  0.09 15.34 308.01   8.37
19870516 180000  4.0 324.6  2.34 13.75 228.61  14.73  4  2.06 13.74 229.37  14.93  1.08 18.86 224.80   8.58  0.11 12.42 312.35   8.92  0.10 14.85 307.99   8.29
19870516 210000  4.2 347.6  2.39 18.64 228.97  16.45  4  2.06 13.56 230.22  17.40  1.21 18.64 224.63   8.53  0.11 14.61 307.45   8.22  0.10 12.07 313.09   8.34
19870517 000000  8.8   0.1  2.68 17.52 230.05  21.75  2  2.68 17.52 229.85  21.38  0.15 14.54 309.59   8.70
19870517 030000  5.0   6.9  3.13 15.34 231.24  22.77  3  0.70  4.64 326.01  31.00  3.05 15.40 228.45  12.43  0.15 14.50 309.81   8.28
19870517 060000  3.5  16.2  3.47 14.70 232.29  20.73  2  3.47 14.73 232.18  20.51  0.15 14.46 310.16   8.16
19870517 090000  5.8  22.3  3.64 14.73 233.80  20.97  3  3.29 14.31 235.82  21.78  1.54 17.35 224.56  11.76  0.15 14.39 309.99   8.12
19870517 120000  3.2  41.5  3.77 14.95 234.40  20.96  1  3.77 14.95 234.40  20.96
19870517 150000  3.2  11.0  3.80 14.76 233.86  20.12  1  3.80 14.76 233.86  20.12
19870517 180000  3.9 328.3  3.67 14.48 233.24  19.85  2  3.66 14.49 233.13  19.64  0.15 13.67 309.21   8.11
19870517 210000  5.8  13.9  3.41 14.07 232.93  21.17  3  0.58  5.25 330.67  29.22  3.36 14.09 231.27  15.12  0.16 13.60 309.07   8.13
19870518 000000  9.8  42.0  3.12 13.73 232.85  26.67  2  3.12 13.74 232.70  26.47  0.16 13.56 308.92   8.23
19870518 030000  6.1  40.9  2.82 13.52 233.18  29.80  2  2.82 13.52 232.99  29.59  0.15 13.52 308.87   8.23
19870518 060000  6.1  63.1  2.58 13.05 233.25  31.39  2  2.57 13.03 233.01  31.15  0.16 13.48 307.61   9.26
19870518 090000  6.6  53.7  2.40 14.23 233.24  33.75  3  2.39 14.25 232.92  33.49  0.14 13.39 308.57   9.04  0.09 15.56 301.10   8.16
19870518 120000  8.7  49.6  2.27 14.26 233.15  38.85  6  0.59  3.25  46.42  30.88  2.13 14.27 229.23  17.99  0.50  5.19 333.70  18.22  0.14 13.24 308.48   8.85  0.08 15.51 300.54   8.30  0.06 17.76 300.52   8.28
19870518 150000  4.5  51.6  2.13 14.21 232.94  37.82  4  0.71  4.97   6.34  40.62  2.00 14.22 228.44  18.06  0.16 12.94 306.44   9.58  0.06 17.75 299.75   8.32
19870518 180000  1.0 141.1  2.00 14.14 231.57  33.09  4  1.91 14.14 227.62  18.14  0.57  4.95 354.24  37.53  0.16 12.80 306.50   9.57  0.06 17.57 300.55   8.84
19870518 210000  1.8 263.9  1.91 14.10 230.16  29.39  4  1.91 14.09 229.64  28.79  0.16 12.73 306.93   9.44  0.07 16.81 300.90   9.19  0.06 23.94 221.94   8.36
19870519 000000  2.9 114.6  1.85 14.12 228.81  26.90  4  1.85 14.10 228.18  26.04  0.15 12.69 309.34   8.73  0.09 16.64 301.36   8.74  0.07 14.49 298.40   6.84
19870519 030000  2.8 142.0  1.81 14.11 227.49  25.09  6  1.77 14.08 225.36  18.27  0.30  4.53 340.40  25.70  0.14 12.66 309.18   9.42  0.10 16.59 300.87   9.38  0.09 23.43 224.81   7.90  0.09 14.46 299.75   8.18
19870519 060000  4.2 152.0  1.78 14.12 225.68  24.54  5  1.74 14.11 224.27  18.65  0.28  4.36 346.23  55.06  0.17 12.69 306.60   9.81  0.12 22.62 224.18   8.18  0.09 16.59 299.32   9.47
19870519 090000  3.6 164.0  1.75 14.13 224.76  23.31  5  1.63 14.13 219.97  10.50  0.59  7.21 270.85  41.72  0.16 12.74 306.13  10.06  0.14 22.20 225.40   8.06  0.10 16.37 299.33  12.00
19870519 120000  3.3 174.3  1.72 14.08 224.32  22.63  4  1.71 14.10 223.59  21.36  0.16 22.06 226.10   8.79  0.14 12.92 307.05   9.78  0.12 15.65 300.90   9.23
19870519 150000  0.6 152.9  1.69 13.91 224.41  22.57  5  1.58 13.96 219.62  10.32  0.55  6.52 270.86  39.15  0.23 20.92 223.89   8.95  0.15 13.26 306.30  10.14  0.12 15.55 301.12   9.50
19870519 180000  2.5 241.1  1.66 13.73 224.78  22.83  6  1.54 13.78 219.60  10.23  0.55  6.49 272.75  37.67  0.22 21.50 227.39   7.29  0.12 15.54 301.16   9.14  0.11 13.47 299.67   8.72  0.10 11.95 312.78   7.76
19870519 210000  5.4 232.3  1.65 13.63 225.17  22.99  5  0.57  6.25 266.84  39.37  1.54 13.66 220.16  10.50  0.12 15.52 300.58   9.27  0.11 13.47 299.66   8.66  0.10 11.91 312.92   7.30
19870520 000000  5.8 211.9  1.63 13.58 224.79  22.79  6  0.59  6.23 258.22  42.53  1.47 13.60 219.92  10.42  0.36 19.59 227.94   7.77  0.12 13.42 302.36   9.24  0.10 15.52 299.52   9.31  0.09 11.80 312.53   7.78
19870520 030000  3.0 149.2  1.61 13.63 224.43  22.58  6  1.44 13.61 220.35  10.56  0.44  3.42 211.49  30.25  0.41 19.30 229.80   7.25  0.39  6.23 293.57  20.32  0.15 15.07 300.65   8.94  0.10 11.86 312.81   7.23
19870520 060000  2.8 147.8  1.59 13.88 224.79  21.86  6  1.35 13.78 221.48  11.00  0.62 17.98 222.76  10.23  0.39  3.57 211.97  30.36  0.35  5.95 295.76  19.59  0.14 14.54 302.27   9.15  0.13 12.33 307.17  10.50
19870520 090000  3.2 101.3  1.57 14.91 225.25  20.99  7  1.18 13.44 219.72  10.97  0.65 15.60 230.65   8.18  0.64 17.87 223.20  10.28  0.33  3.62 212.42  29.25  0.32  5.82 297.91  19.96  0.14 14.54 301.87   9.30  0.13 12.47 306.52  10.30
19870520 120000  4.1 154.0  1.54 14.61 225.18  22.91  3  1.53 14.65 224.31  21.31  0.13 14.52 301.55   9.24  0.13 12.50 306.37  10.15
19870520 150000  3.5 192.6  1.51 14.50 225.83  21.14  5  1.24 14.27 223.04  13.76  0.77 16.90 225.22   9.24  0.35  5.57 272.47  54.68  0.13 12.54 305.70  10.46  0.12 14.51 300.95   9.33
19870520 180000  4.3 207.5  1.49 14.40 225.94  20.24  5  0.39  5.58 243.38  51.66  1.26 14.40 223.94  13.37  0.68 16.89 225.87  10.25  0.13 12.62 305.19  10.33  0.11 14.51 300.08   9.51
19870520 210000  7.4 219.3  1.52 14.26 226.14  20.06  5  0.58  3.29 217.63  28.31  1.28 14.28 225.12  12.49  0.53 17.47 227.68  10.30  0.20  5.56 303.71  18.07  0.17 14.13 303.27  10.16
19870521 000000  6.8 184.4  1.53 13.93 225.58  21.68  4  0.68  3.89 214.73  32.13  1.35 13.97 226.32  12.51  0.17 13.57 303.26  10.11  0.16  5.48 306.69  15.63
19870521 030000  5.2 177.5  1.48 13.77 226.16  21.65  4  0.66  4.10 216.62  36.23  1.06 13.53 227.35  14.18  0.78 15.79 226.86   9.75  0.17 13.55 303.25  10.14
19870521 060000  5.7 166.1  1.45 13.70 226.65  21.44  4  0.63  4.30 215.05  36.00  1.23 13.72 228.60  13.12  0.41 15.58 222.14   8.31  0.16 13.55 303.08  10.17
19870521 090000  4.7 142.1  1.43 13.62 227.08  21.51  4  1.34 13.63 225.78  21.04  0.47 15.86 230.80   9.38  0.12 13.55 301.91   9.24  0.10 11.77 305.45  10.73
19870521 120000  5.0 155.2  1.41 13.38 227.47  21.50  3  1.40 13.35 226.79  20.24  0.12 13.50 301.73   9.37  0.09 11.75 305.91  10.58
19870521 150000  3.9 156.0  1.43 12.95 227.69  20.49  3  1.21 12.93 230.56  12.38  0.74  8.72 216.40  28.84  0.15 13.38 303.21  10.08
19870521 180000  6.5 205.9  1.50 12.81 227.27  19.03  3  0.88  7.51 218.65  23.09  1.20 12.80 230.81  12.45  0.14 12.83 303.17  10.04
19870521 210000  8.2 196.5  1.67 12.65 224.87  20.15  3  1.17  7.56 217.56  22.65  1.19 12.64 230.79  12.37  0.14 12.67 303.05   9.88
19870522 000000  6.8 200.7  1.79 12.11 223.52  21.41  3  1.32  7.41 216.53  24.00  1.21 12.08 230.67  12.42  0.13 12.64 302.77   9.82
19870522 030000  5.5 173.8  1.86 11.97 223.81  21.00  5  1.42  7.45 218.29  23.52  1.08 11.94 230.96  12.82  0.45 17.88 228.99   9.62  0.23 15.51 225.00   0.02  0.12 12.64 302.55   9.89
19870522 060000  4.6 167.9  1.85 11.75 224.49  20.16  5  1.41  8.23 219.96  22.94  1.07 11.70 230.03  12.60  0.51 18.00 229.63   9.93  0.23 15.51 225.00   0.03  0.12 12.62 302.57   9.99
19870522 090000  3.1 134.6  1.80 17.73 225.22  19.17  5  1.30  8.31 220.15  22.36  0.93 11.26 230.81  12.48  0.60 17.90 228.59   9.80  0.58 14.77 229.03  11.33  0.11 12.58 302.84  10.05
19870522 120000  1.0 155.2  1.76 17.52 225.93  18.06  4  1.19  8.37 220.89  21.73  1.05 14.42 230.24  12.16  0.75 17.52 228.19  10.18  0.11 12.47 303.43   9.91
19870522 150000  1.0 188.0  1.77 17.06 226.21  16.92  4  1.13  8.78 221.50  20.66  1.08 14.45 229.20  12.42  0.83 17.13 228.50  10.19  0.11 12.25 303.74  10.01
19870522 180000  3.0 209.8  1.84 16.74 225.86  15.93  4  1.15 14.17 228.10  12.22  1.08  8.81 221.12  20.27  0.95 16.90 227.68  10.12  0.11 11.99 303.89  10.11
19870522 210000  4.6 188.5  1.94 16.62 224.89  15.58  4  1.22  9.66 220.16  18.76  1.21 16.63 226.60  10.03  0.91 13.36 229.36  13.11  0.10 11.90 304.47  10.00
19870523 000000  5.5 193.0  2.05 16.73 223.83  15.56  4  1.24  9.53 218.20  19.70  1.23 16.74 226.00  10.09  1.08 13.39 227.67  11.45  0.09 11.85 304.52  10.13
19870523 030000  5.1 146.9  2.15 17.33 222.94  16.14  3  1.83 13.61 220.59  17.31  1.12 17.33 228.67   8.81  0.09 11.81 305.91   8.89
19870523 060000  4.8 147.1  2.19 16.69 222.64  16.35  2  1.80 13.34 220.20  18.31  1.24 16.69 227.66   9.23
19870523 090000  4.9 107.8  2.18 16.63 222.64  17.21  3  1.43 16.63 227.16   8.99  1.27  9.58 214.61  23.75  1.05 12.50 225.11  13.29
19870523 120000  2.7 185.2  2.17 16.52 223.22  16.14  2  1.61 12.45 220.47  19.66  1.45 16.52 226.49   9.17
19870523 150000  1.7 125.8  2.17 16.27 223.74  14.51  2  1.62 12.40 221.31  17.33  1.45 16.27 226.66   9.14
19870523 180000  4.8 239.6  2.19 15.73 224.01  13.51  1  2.19 15.73 224.01  13.51
19870523 210000  4.0 213.1  2.20 15.49 224.06  13.22  1  2.20 15.49 224.06  13.22
19870524 000000  2.4 277.5  2.19 15.30 223.93  12.97  1  2.19 15.30 223.93  12.97
19870524 030000  1.7 187.5  2.17 15.14 223.80  12.67  2  2.10 15.14 223.42  12.72  0.55 18.19 229.45  10.41
19870524 060000  2.4 158.9  2.13 14.96 223.71  12.39  2  1.80 14.30 222.98  13.37  1.14 17.16 225.49   9.32
19870524 090000  3.2 104.3  2.11 16.49 223.64  12.27  1  2.11 16.49 223.64  12.27
19870524 120000  1.8  68.6  2.08 16.31 223.39  14.27  2  1.77 16.31 226.14   9.98  1.10  9.73 216.02  19.99
19870524 150000  1.6  56.4  2.03 15.72 223.65  13.33  2  1.75 15.72 226.10  10.22  1.02  9.57 216.12  17.98
19870524 180000  3.7 255.8  1.96 15.37 223.98  12.77  2  1.96 15.37 223.81  12.05  0.11 15.51 310.05  10.06
19870524 210000  4.5 214.0  1.93 15.07 224.43  13.06  2  1.92 15.06 224.25  12.31  0.11 15.50 309.70  10.31
19870525 000000  2.8 187.1  1.90 14.75 224.26  13.24  2  1.90 14.74 224.07  12.50  0.11 15.49 310.13  10.44
19870525 030000  3.2 152.3  1.86 14.55 224.13  13.13  2  1.86 14.54 223.94  12.35  0.11 15.38 311.67  10.17
19870525 060000  2.0 165.4  1.81 14.38 223.75  13.83  2  1.81 14.38 223.53  12.92  0.11 14.75 312.72   9.82
19870525 090000  1.1 299.1  1.75 14.32 223.83  13.98  3  1.75 14.31 223.53  12.78  0.10 14.56 312.91   8.98  0.08 12.61 312.24  10.56
19870525 120000  1.4 347.5  1.71 14.33 223.73  13.71  3  1.70 14.32 223.34  12.09  0.11 14.51 310.79   9.50  0.08 12.60 313.76   9.97
19870525 150000  3.2  42.5  1.66 14.34 223.57  13.63  3  1.65 14.32 223.09  11.59  0.13 14.50 309.55   9.80  0.08 12.60 313.59   9.95
19870525 180000  1.1 274.1  1.62 14.27 223.37  13.62  3  1.62 14.22 222.82  11.27  0.13 14.48 309.34  10.26  0.08 12.57 313.10  10.00
19870525 210000  2.0 175.2  1.59 13.99 223.15  13.65  2  1.58 13.96 222.55  11.06  0.16 14.43 310.91  10.44
19870526 000000  1.9 201.2  1.55 13.93 222.89  13.70  2  1.55 13.92 222.26  10.88  0.16 14.23 312.12  10.20
19870526 030000  2.2 160.5  1.52 13.99 222.60  13.84  4  1.50 14.00 221.59  10.15  0.15 16.45 259.54   5.07  0.14 13.79 313.56   9.58  0.08 11.69 311.92  10.36
19870526 060000  2.5 181.2  1.48 14.11 222.26  14.30  4  1.46 14.14 221.14  10.22  0.15 15.88 259.98   5.13  0.15 13.67 313.59   9.01  0.08 11.71 313.38  10.38
19870526 090000  2.6 215.9  1.44 14.15 221.95  15.03  4  1.42 14.17 220.63  10.41  0.16 13.63 312.48   9.28  0.15 15.57 259.84   5.09  0.09 11.74 314.76   9.35
19870526 120000  4.0 208.6  1.42 14.01 221.64  16.24  3  1.40 14.04 220.11  11.22  0.19 13.60 312.21   9.60  0.15 14.88 259.76   5.11
19870526 150000  5.5 201.9  1.39 13.88 221.28  17.38  3  1.36 13.92 219.47  11.77  0.21 13.56 311.77   9.93  0.16 14.66 259.49   5.11
19870526 180000  7.3 195.8  1.39 13.82 219.87  20.04  4  0.47  2.89 203.58  31.59  1.28 13.88 219.45   9.62  0.22 13.48 311.91  10.12  0.16 14.45 259.17   5.09
19870526 210000  8.5 209.8  1.43 13.76 219.47  21.85  4  0.67  3.48 210.68  30.79  1.23 13.81 219.20   9.62  0.22 13.37 312.41  10.17  0.17 13.80 259.24   5.07
19870527 000000  8.3 206.1  1.45 13.68 219.10  23.29  4  0.80  3.96 212.31  30.65  1.19 13.72 219.53  10.58  0.22 13.21 313.15   9.92  0.11 15.89 259.95   5.16
19870527 030000  7.6 203.8  1.40 13.61 218.39  24.41  4  0.80  4.15 209.58  31.12  1.12 13.66 219.04   9.69  0.22 13.08 313.76   9.56  0.18 15.34 259.29   5.21
19870527 060000  7.5 200.8  1.33 13.57 218.14  25.49  5  0.75  4.13 207.07  31.83  1.06 13.63 219.24  10.06  0.22 13.04 313.88   9.43  0.13 12.47 260.06   5.31  0.12 14.90 259.77   5.16
19870527 090000  5.1 206.9  1.21 13.52 220.14  26.29  5  0.60  4.01 207.88  35.06  1.01 13.60 219.30  10.24  0.23 12.96 313.81   9.24  0.14 14.28 259.89   5.20  0.13 12.23 259.81   5.47
19870527 120000  2.5 166.7  1.11 13.39 222.62  27.02  5  0.96 13.49 219.51  10.43  0.46  3.76 209.64  38.66  0.24 12.84 313.49   9.39  0.16 13.74 258.94   5.11  0.14 11.77 260.59   5.26
19870527 150000  2.0 174.1  1.03 13.26 225.61  27.67  5  0.91 13.39 219.99  11.19  0.34  3.57 216.10  42.28  0.25 12.71 313.41   9.42  0.17 11.77 261.06   5.79  0.16 13.54 258.64   5.02
19870527 180000  2.8 214.9  0.98 13.14 228.38  28.32  4  0.89 13.35 220.14  17.15  0.26 12.60 313.40   9.57  0.26 12.13 259.02   6.69  0.18 16.98 238.47   6.86
19870527 210000  5.4 235.3  0.98 13.00 231.22  28.90  4  0.87 13.34 222.54  19.10  0.27 12.41 259.79   6.56  0.27 12.53 313.57   9.62  0.23 16.57 237.14   7.00
19870528 000000  4.3 214.5  0.96 12.88 233.50  29.76  5  0.29  2.67 222.00  33.05  0.80 13.28 222.15  12.55  0.29 11.96 259.62   6.53  0.26 12.48 313.87   9.58  0.23  4.21 274.81  20.08
19870528 030000  3.9 162.4  0.94 12.74 237.17  30.50  5  0.70 13.15 220.80  12.14  0.38  5.83 253.97  36.62  0.31 15.53 236.44   7.41  0.31 11.76 260.43   6.04  0.26 12.44 314.26   9.33
19870528 060000  5.0 152.0  0.95 12.64 240.06  32.68  5  0.73 12.93 225.12  13.52  0.45  5.80 255.23  41.87  0.31 11.58 260.81   6.11  0.25 12.40 314.46   9.15  0.05 19.24 223.23   8.17
19870528 090000  3.5 148.0  0.96 12.62 243.39  33.40  6  0.58 12.66 221.08  14.39  0.50  5.82 259.05  40.47  0.38 14.50 236.69   6.79  0.34 11.17 259.15   7.42  0.25 12.30 314.53   8.97  0.07 18.99 221.33   8.75
19870528 120000  4.5 207.1  0.95 12.76 247.22  31.85  5  0.67 13.05 227.22  14.26  0.52  5.83 264.79  33.36  0.35 11.02 259.16   7.80  0.25 12.09 314.47   8.97  0.09 18.78 222.59   8.70
19870528 150000  4.4 200.7  0.95 12.95 248.43  31.60  6  0.61 13.15 231.10  11.75  0.54  5.81 262.47  33.64  0.34 10.91 259.00   8.32  0.26 11.92 314.40   9.00  0.20  8.76 207.16  13.39  0.11 18.42 223.29   8.21
19870528 180000  5.0 197.9  0.92 12.82 249.34  31.62  6  0.25  2.32 196.41  32.87  0.60 12.93 229.51  13.28  0.48  5.78 272.79  14.67  0.34 10.83 258.68   8.47  0.26 11.81 314.40   9.01  0.13 18.00 223.82   8.38
19870528 210000  4.9 207.3  0.89 12.62 249.86  31.92  6  0.27  2.45 200.86  33.76  0.57 12.72 230.97  13.41  0.47  5.74 271.97  14.07  0.30 10.39 261.31   7.54  0.26 11.75 314.44   9.02  0.15 17.76 223.88   8.53
19870529 000000  3.9 228.1  0.84 12.39 252.19  31.32  7  0.22  2.45 196.55  32.59  0.50 12.53 231.74  14.02  0.48  5.71 269.69  14.58  0.27 10.17 261.47   8.15  0.25 11.70 314.50   9.06  0.19 17.48 228.15  10.37  0.08 15.56 246.41   3.49
19870529 030000  2.7 220.7  0.81 12.10 255.00  29.45  6  0.50  5.70 264.60  25.19  0.42 12.40 231.18  14.35  0.28 10.19 258.79   8.57  0.25 11.68 314.46   9.38  0.20 15.19 246.26   6.55  0.20 17.29 225.20   8.34
19870529 060000  2.1 258.4  0.99 12.05 256.38  23.45  5  0.71 12.32 244.18  14.19  0.50  5.79 268.33  19.70  0.39  9.59 260.87   9.60  0.25 11.65 315.06   8.55  0.10  7.56 204.43   9.72
19870529 090000  3.0 322.1  1.49 11.87 258.55  19.66  3  1.24 11.55 263.20  16.65  0.79 13.10 242.82  10.72  0.24 11.57 315.65   7.99
19870529 120000  3.6 355.0  1.89 11.49 259.60  18.53  2  1.87 11.49 258.75  17.28  0.25 11.47 314.97   8.50
19870529 150000  8.0 354.2  2.13 11.04 263.26  24.22  2  2.11 10.97 262.63  23.68  0.24 11.43 315.55   8.13
19870529 180000  9.6 325.2  2.38 10.73 268.34  29.06  4  2.06 10.62 276.51  28.35  1.17 12.85 243.45  11.89  0.21 11.17 315.20   8.48  0.09 14.00 318.56   6.54
19870529 210000  8.1 291.2  2.56 13.39 265.70  27.50  1  2.56 13.39 265.70  27.50
19870530 000000  5.1 349.4  2.61 13.37 260.51  26.02  1  2.61 13.37 260.51  26.02
19870530 030000  6.3  34.5  2.62 13.09 257.63  26.53  2  2.61 13.09 257.24  26.20  0.22 10.94 315.67   7.72
19870530 060000  0.7 292.8  2.59 13.03 255.44  24.46  2  2.59 13.03 255.08  24.07  0.21 10.95 316.11   7.63
19870530 090000  1.8 186.1  2.60 13.12 253.24  22.73  3  2.43 12.72 256.76  21.09  0.91 14.33 225.79   7.72  0.20 10.96 316.62   7.49
19870530 120000  0.7 124.0  2.68 13.30 251.00  21.91  2  2.33 12.93 259.05  19.05  1.32 13.87 226.38   7.97
19870530 150000  2.0 150.2  2.82 13.19 249.59  21.48  2  2.38 12.72 258.97  18.02  1.52 13.71 226.96   9.64
19870530 180000  4.3 200.4  2.91 12.90 248.93  21.36  2  2.47 12.73 258.63  17.13  1.54 13.13 224.45   7.69
19870530 210000  6.0 205.7  2.90 12.68 248.06  21.78  3  2.34 12.59 259.57  16.96  1.71 12.77 226.21   9.32  0.16 11.08 319.22   5.43
19870531 000000  5.5 192.5  2.79 12.52 247.09  22.39  3  2.41 12.44 255.88  18.48  1.41 12.61 221.25   7.27  0.16 11.14 318.65   6.00
19870531 030000  6.3 181.6  2.64 12.31 245.90  23.25  4  2.23 12.25 255.71  19.75  1.41 12.47 221.59   8.18  0.15 11.17 318.13   6.52  0.07 21.43 221.98   9.15
19870531 060000  7.2 174.3  2.48 11.97 244.09  24.91  5  0.49  3.03 182.20  33.15  1.99 12.00 257.69  15.64  1.40 11.90 221.77   8.87  0.14 11.42 318.27   6.45  0.08 20.95 219.72   8.22
19870531 090000  4.7 158.4  2.30 11.80 243.12  25.27  4  1.84 11.64 254.92  23.53  1.36 11.91 222.28   9.64  0.14 10.51 317.05   7.26  0.09 20.72 219.00   7.18
19870531 120000  6.9 179.2  2.13 11.66 242.07  25.33  4  1.65 11.44 255.66  22.52  1.33 11.83 221.54  11.63  0.14 10.50 317.38   7.05  0.11 20.45 219.59   7.41
19870531 150000  6.9 197.9  1.99 11.43 240.21  25.80  4  1.50 11.48 254.65  25.86  1.22 11.33 222.81  11.45  0.45 14.97 223.53   9.38  0.14 20.24 219.63   7.74
19870531 180000  7.4 194.7  1.89 11.26 238.56  26.19  6  1.45 11.18 250.73  26.66  0.92 11.31 218.89  10.41  0.76 14.26 226.02  11.65  0.15 19.47 217.90   6.96  0.13 10.52 316.08   8.03  0.08 22.02 227.61   4.59
19870531 210000  9.4 198.8  2.00 11.98 236.42  26.27  6  0.92  4.21 213.98  31.01  1.58 13.03 247.76  18.98  0.76 11.19 216.74   8.98  0.18 19.34 218.39   6.90  0.13 10.63 315.43   8.54  0.11 22.02 226.90   6.22
19870601 000000  8.0 187.0  2.14 13.01 237.72  25.74  4  0.93  4.48 209.43  32.78  1.91 13.00 243.53  19.05  0.27 19.99 221.50   7.88  0.13 13.35 315.61   8.36
