Date     Time   Uabs UDir  hs    tp    th     sp     np hs(i) tp(i) th(i)  sp(i)
19990101 000000  7.7 213.0  2.62 12.41 225.01  23.31  4  2.11  8.43 219.81  24.55  1.53 12.34 231.68  11.70  0.25 13.37 305.50  13.07  0.22 16.69 292.79  13.12
19990101 030000  6.1 197.0  2.56 12.32 225.33  23.33  4  2.11  8.51 220.42  24.09  1.41 12.26 232.81  11.89  0.23 13.18 305.78  13.63  0.22 16.66 292.52  13.80
19990101 060000  5.3 217.6  2.44 11.87 226.33  22.62  4  1.95  8.73 221.02  23.61  1.42 11.80 233.20  11.58  0.22 12.86 307.23  12.91  0.21 16.60 292.34  14.16
19990101 090000  3.7 201.0  2.34 11.51 227.20  21.77  4  1.82  8.81 222.58  23.02  1.45 11.49 231.72  12.31  0.22 16.51 292.76  13.80  0.21 12.72 306.74  13.73
19990101 120000  7.5 188.8  2.32 11.11 226.83  21.68  4  1.75  8.86 221.19  22.78  1.49 11.10 231.88  12.73  0.23 16.33 293.08  13.50  0.20 12.66 306.41  14.16
19990101 150000  7.5 219.6  2.30 10.91 226.74  21.50  4  2.27 10.89 225.70  19.63  0.24 15.95 293.42  13.52  0.21 15.00 223.71   7.61  0.20 12.61 306.56  14.05
19990101 180000  9.9 220.4  2.38 10.81 226.45  21.89  4  2.34 10.80 225.51  20.21  0.29 14.54 220.16   8.25  0.25 15.74 293.76  13.71  0.19 12.58 306.33  14.13
19990101 210000  9.4 212.5  2.46 10.51 225.42  23.08  5  2.07  8.86 221.19  23.46  1.24 10.68 233.33  12.28  0.38 13.95 221.94   8.62  0.25 15.66 294.37  13.83  0.18 12.55 306.33  14.35
19990102 000000  9.8 195.8  2.64  8.92 223.52  24.02  5  2.34  8.87 219.61  23.79  1.12 10.64 235.67  13.05  0.43 13.67 222.46   8.24  0.25 15.60 294.19  14.20  0.18 12.51 306.74  14.80
19990102 030000  8.0 199.6  2.80  9.16 222.60  24.06  4  2.75  9.16 221.96  23.22  0.43 13.66 221.48   9.20  0.24 15.55 293.85  14.52  0.17 12.42 308.77  14.23
19990102 060000  8.0 196.3  2.86  9.52 221.97  23.63  4  2.84  9.52 221.39  22.64  0.24 15.50 294.31  14.17  0.11 11.84 322.12   6.74  0.10 12.54 298.31   7.38
19990102 090000  5.7 192.1  2.78  9.65 222.03  23.11  2  2.77  9.65 221.61  22.44  0.24 15.43 294.74  14.00
19990102 120000  8.7 177.8  2.70  9.66 221.58  23.27  3  2.68  9.66 220.94  22.14  0.24 15.32 294.86  14.42  0.14 11.89 311.90  15.47
19990102 150000  8.9 214.3  2.63  9.55 222.04  22.83  3  2.61  9.54 221.39  21.64  0.24 15.16 295.62  14.63  0.13 11.80 313.89  14.49
19990102 180000  9.2 217.5  2.62  9.23 222.69  22.87  3  2.61  9.23 222.05  21.71  0.24 14.90 295.51  15.64  0.13 11.73 314.49  14.60
19990102 210000  7.4 217.3  2.55  8.92 223.41  23.23  3  2.44  8.92 222.64  23.17  0.70 13.06 226.04   9.76  0.24 14.70 296.48  15.31
19990103 000000  9.0 205.5  2.45  8.61 223.53  23.11  5  2.24  8.61 222.52  23.45  0.96 12.59 224.52  10.28  0.23 14.61 296.15  15.79  0.12 11.56 317.70  12.88  0.10 19.45 233.94  11.46
19990103 030000  5.2 193.7  2.34 11.63 224.03  22.44  5  1.90  8.58 221.52  24.20  1.33 11.64 226.75  12.20  0.22 14.55 296.47  15.65  0.13 19.22 232.31  11.75  0.12 11.58 316.31  14.72
19990103 060000  5.8 208.5  2.31 11.13 224.73  21.22  4  2.28 11.11 223.96  19.87  0.23 18.18 231.42  11.49  0.22 14.50 296.35  15.69  0.12 11.57 317.40  14.43
19990103 090000  3.6 207.9  2.31 10.86 225.28  20.35  4  2.28 10.85 224.48  18.96  0.29 17.99 230.99  10.13  0.22 14.46 296.43  15.76  0.12 11.57 318.49  14.10
19990103 120000  8.0 235.6  2.32 10.60 226.07  19.87  4  2.26 10.59 225.19  18.59  0.44 17.48 230.28  10.04  0.22 14.42 296.97  15.88  0.12 11.55 321.01  12.04
19990103 150000  3.2 218.9  2.32 10.31 226.55  19.44  5  2.21 10.30 225.69  18.35  0.63 16.70 228.06  10.87  0.21 14.37 297.96  15.69  0.11 11.51 322.28  11.95  0.06 18.01 304.73  12.38
19990103 180000  6.8 233.2  2.33 16.38 227.22  18.76  5  2.14 10.20 226.51  18.08  0.88 16.38 226.88  10.68  0.22 14.29 295.60  18.51  0.11 10.50 323.52  10.68  0.06 17.99 308.37   9.53
19990103 210000  8.2 205.9  2.42 15.61 226.58  19.09  4  2.17 10.28 226.09  19.08  1.05 15.64 225.80  10.67  0.23 13.97 303.73  18.56  0.07 17.77 308.26   9.51
19990104 000000  8.6 202.3  2.52 15.41 225.17  20.21  5  2.15 12.32 224.17  21.31  1.29 15.42 225.96  10.61  0.22 13.78 303.86  19.16  0.07 17.62 308.35   9.53  0.06 23.61 298.19   9.99
19990104 030000 11.0 193.2  2.66 15.13 221.97  22.79  4  2.65 15.14 221.50  21.85  0.21 13.67 303.61  19.23  0.09 17.38 304.57  12.23  0.08 23.36 297.84  10.48
19990104 060000 10.5 193.2  2.73 14.54 221.08  23.42  5  1.92  7.34 211.15  27.00  1.92 14.56 229.23  11.44  0.20 13.61 304.22  19.35  0.10 17.30 304.27  12.52  0.09 23.31 298.46  10.79
19990104 090000  8.4 194.0  2.65 14.38 222.43  22.79  4  2.64 14.40 221.94  21.83  0.20 13.58 303.89  19.26  0.10 17.08 304.17  12.54  0.10 23.28 299.43  10.70
19990104 120000  6.6 197.9  2.60 14.24 223.33  20.99  4  2.58 14.26 222.81  19.85  0.19 13.55 307.03  16.52  0.11 23.05 299.09  10.08  0.11 16.81 305.92  12.21
19990104 150000  5.4 227.1  2.74 13.99 222.09  19.25  4  2.72 14.04 221.59  17.98  0.18 13.53 309.00  14.29  0.14 22.02 297.62  10.10  0.11 16.62 306.53  11.94
19990104 180000  8.4 227.7  2.95 13.82 221.13  18.45  4  2.94 13.85 220.61  17.07  0.19 13.48 306.34  17.66  0.17 21.84 297.25  10.87  0.12 16.51 306.79  11.85
19990104 210000  9.0 211.2  3.10 13.77 220.51  18.45  4  3.08 13.78 220.05  17.21  0.18 21.80 297.77  11.62  0.17 13.46 310.17  14.03  0.13 16.50 309.36   9.49
19990105 000000 10.6 206.9  3.15 13.77 219.89  18.89  4  3.14 13.78 219.47  17.74  0.17 21.77 299.33  10.97  0.15 13.42 314.01  11.30  0.14 16.36 305.92  11.84
19990105 030000  7.3 195.2  3.09 13.87 220.22  19.49  4  3.07 13.88 219.73  18.25  0.19 21.56 299.12  10.29  0.15 16.21 304.58  12.00  0.14 13.33 315.74  10.37
19990105 060000  7.0 203.6  2.99 13.87 221.29  19.67  4  2.97 13.88 220.61  18.03  0.24 20.57 297.58  10.22  0.15 15.85 304.71  11.77  0.15 13.30 316.36  10.43
19990105 090000  5.2 202.9  2.93 13.68 222.55  19.68  4  2.91 13.68 221.70  17.68  0.29 20.41 297.26  10.68  0.16 15.59 306.85  12.05  0.13 13.15 315.75  10.89
19990105 120000  7.3 205.9  2.94 13.50 223.37  19.48  3  2.92 13.50 222.55  17.61  0.29 20.38 297.71  11.49  0.19 15.50 309.50  11.53
19990105 150000  7.6 215.8  2.97 13.38 223.75  19.38  3  2.95 13.38 223.03  17.70  0.27 20.36 298.82  12.06  0.19 15.45 309.38  11.50
19990105 180000 10.3 217.3  3.03 13.31 224.03  20.05  4  3.01 13.31 223.32  18.43  0.26 20.25 299.50  11.10  0.17 15.41 307.50  11.84  0.11 12.73 317.73   9.27
19990105 210000  8.7 214.6  3.00 13.21 224.27  21.57  4  2.98 13.22 223.29  19.62  0.32 19.30 298.50  10.24  0.18 15.35 306.27  11.71  0.11 12.74 317.88   8.86
19990106 000000  7.8 200.3  2.87 12.90 224.41  23.07  3  2.83 12.90 222.94  20.41  0.40 19.08 297.57  10.49  0.21 15.15 310.12  11.82
19990106 030000  7.1 190.8  2.72 12.65 224.19  23.92  3  2.68 12.65 222.39  20.77  0.42 19.04 297.57  11.23  0.22 14.70 310.10  11.81
19990106 060000  8.8 194.2  2.63 12.53 223.43  24.09  3  2.59 12.52 221.64  20.88  0.39 19.03 298.21  11.79  0.22 14.54 310.25  11.67
19990106 090000  6.7 186.5  2.59 12.37 222.82  23.69  3  2.56 12.37 221.27  20.76  0.35 19.01 299.43  11.99  0.22 14.49 309.73  12.09
19990106 120000  8.4 183.9  2.57 11.95 222.76  23.63  3  2.53 11.95 221.14  20.57  0.36 18.79 299.81  11.15  0.22 14.46 309.33  12.33
19990106 150000  7.5 215.3  2.53 11.79 223.80  23.90  3  2.49 11.78 221.58  19.85  0.44 17.91 298.68  10.47  0.21 14.44 308.96  12.18
19990106 180000  9.2 216.8  2.54 11.75 224.78  24.82  3  2.48 11.75 221.86  19.80  0.51 17.80 297.67  10.57  0.22 14.41 309.71  12.02
19990106 210000  9.4 211.3  2.52 11.73 224.59  25.88  4  1.89  8.75 219.92  24.07  1.56 11.72 223.32  13.79  0.53 17.78 297.42  11.21  0.23 14.35 309.92  12.00
19990107 000000  7.7 205.7  2.47 11.66 223.72  26.45  4  1.93  7.74 219.36  24.64  1.44 11.65 222.52  13.12  0.51 17.78 297.64  11.71  0.24 14.02 308.77  13.40
19990107 030000  5.8 201.4  2.36 11.57 223.34  26.26  4  1.74  7.50 218.51  25.60  1.51 11.55 222.60  13.01  0.46 17.76 298.73  11.91  0.24 13.67 308.77  13.08
19990107 060000  8.3 194.7  2.25 11.49 223.05  26.33  4  1.61  7.38 218.20  25.77  1.48 11.47 221.60  12.23  0.46 17.63 300.13  11.57  0.23 13.59 307.03  13.70
19990107 090000  7.2 194.6  2.17 11.51 223.39  27.30  4  1.43  7.17 215.89  26.57  1.54 11.48 221.91  12.41  0.51 16.84 299.02  10.50  0.24 13.56 306.79  15.16
19990107 120000 10.6 178.6  2.19 16.53 222.14  29.88  4  1.45  6.92 211.89  28.76  1.51 11.55 220.99  11.94  0.57 16.66 297.77  10.37  0.25 13.57 307.29  15.08
19990107 150000  8.5 214.4  2.18 16.52 223.88  29.77  4  1.43  6.62 214.49  27.46  1.51 13.44 220.60  11.71  0.62 16.62 297.14  10.81  0.26 13.60 307.75  14.84
19990107 180000 10.8 216.0  2.25 16.52 224.40  28.67  3  2.15 13.50 218.78  19.99  0.62 16.61 296.94  11.20  0.27 13.63 308.03  14.51
19990107 210000 11.0 211.3  2.47 13.43 222.84  27.95  3  2.38 13.41 218.56  21.24  0.58 16.60 297.17  11.47  0.27 13.63 308.00  14.15
19990108 000000  9.9 193.8  2.37 13.27 221.05  29.14  4  1.75  6.40 214.91  27.93  1.48 13.25 219.09  11.34  0.61 16.56 299.88  12.40  0.05 23.43 298.36   9.74
19990108 030000 11.7 185.4  2.32 13.05 217.73  30.83  5  1.72  6.15 208.70  29.20  1.43 13.03 219.00  11.08  0.56 16.39 298.67  11.00  0.24 13.18 307.15  15.09  0.06 23.34 298.23   9.88
19990108 060000 12.7 178.0  2.42 12.87 213.59  32.48  5  1.89  6.21 203.42  29.88  1.37 12.85 218.77  10.86  0.57 15.78 298.56  10.79  0.24 13.10 307.36  14.37  0.07 23.24 298.27   9.84
19990108 090000 11.3 179.4  2.47 12.78 214.50  32.24  5  1.95  6.51 205.03  29.76  1.37 12.75 219.05  10.45  0.58 15.60 297.85  10.66  0.24 13.06 308.03  14.72  0.08 22.94 298.22   9.79
19990108 120000 10.0 180.0  2.60 12.68 216.64  30.58  5  2.02  6.95 208.76  29.53  1.50 12.66 219.05   9.79  0.58 15.55 297.03  10.93  0.25 13.08 307.81  15.04  0.10 22.07 297.87   9.77
19990108 150000 11.1 197.2  2.81 12.56 219.43  27.49  5  2.08  7.61 213.30  27.81  1.78 12.54 220.11  11.22  0.56 15.53 296.54  11.19  0.24 13.07 308.41  13.53  0.12 21.88 297.82  10.09
19990108 180000 14.9 209.2  3.59 12.38 219.70  25.15  3  3.54 12.35 217.99  22.24  0.59 15.51 298.70  11.91  0.13 21.81 297.80  10.34
19990108 210000 13.9 206.0  4.07  9.47 220.41  25.08  3  4.03  9.47 219.14  23.00  0.57 15.47 298.68  12.26  0.14 21.72 298.11  10.21
19990109 000000  9.7 199.4  4.03 10.56 221.08  25.29  5  3.06  9.00 215.51  26.62  2.56 10.99 225.58  15.78  0.52 15.40 298.06  10.51  0.19 12.67 313.21   8.91  0.16 21.41 297.79  10.07
19990109 030000  9.6 189.6  3.75 10.82 222.01  25.01  4  3.71 10.81 220.61  22.73  0.51 15.24 298.05  10.79  0.19 20.61 297.51  10.01  0.18 12.64 313.46   8.83
19990109 060000  9.7 190.7  3.51 10.89 222.49  24.67  4  3.46 10.88 220.97  22.14  0.48 14.87 298.14  10.89  0.21 20.45 297.32  10.27  0.18 12.59 312.53   9.65
19990109 090000  7.1 192.7  3.34 10.84 223.43  23.91  4  3.30 10.83 221.90  21.29  0.45 14.63 298.21  10.81  0.23 20.39 297.62  10.48  0.17 12.54 312.14  10.38
19990109 120000  8.0 183.8  3.21 10.80 224.13  23.20  4  3.17 10.79 222.56  20.44  0.43 14.55 297.45  10.96  0.24 20.31 297.60  10.54  0.16 12.50 313.10   8.70
19990109 150000  7.2 228.0  3.05 10.77 225.02  22.47  3  3.01 10.76 223.26  19.27  0.45 14.50 298.84  11.83  0.27 20.04 297.60  10.28
19990109 180000  7.1 222.4  2.93 10.73 225.82  22.47  3  2.87 10.73 223.72  18.67  0.46 14.46 298.41  11.86  0.31 19.31 297.50  10.15
19990109 210000  6.2 227.0  2.79 10.75 226.11  22.88  4  2.73 10.73 223.62  18.38  0.45 14.43 297.62  11.02  0.34 19.13 297.51  10.23  0.12 11.78 315.25   7.51
19990110 000000  5.0 191.2  2.64 10.72 226.05  23.29  4  2.58 10.70 223.19  18.12  0.45 14.39 297.80  10.91  0.35 19.07 297.68  10.37  0.12 11.78 315.32   7.53
19990110 030000  3.3 200.9  2.48 10.68 226.06  23.63  4  2.41 10.67 222.85  17.81  0.43 14.33 297.59  11.23  0.37 19.01 297.69  10.35  0.12 11.78 315.17   7.53
19990110 060000  5.0 200.5  2.33 10.69 226.35  24.13  4  2.26 10.66 222.70  17.62  0.40 18.85 297.73  10.23  0.40 14.21 297.39  11.44  0.13 11.78 312.59   9.73
19990110 090000  4.3 193.3  2.20 11.55 226.69  25.06  5  1.61  9.49 222.15  21.53  1.39 11.50 222.79  10.73  0.44 18.29 297.69  10.13  0.36 13.89 297.14  11.49  0.13 11.79 312.34   9.37
19990110 120000  5.7 196.0  2.10 11.65 227.37  25.92  5  1.53  9.46 222.18  21.41  1.30 11.61 222.72  10.58  0.48 17.94 297.72  10.18  0.34 13.67 297.04  11.26  0.12 11.79 314.42   7.17
19990110 150000  5.8 224.3  2.02 11.68 228.03  26.50  3  1.92 11.64 222.52  17.58  0.49 17.85 297.83  10.32  0.36 13.56 298.83  12.17
19990110 180000  6.6 211.5  1.98 11.69 228.48  27.01  4  1.38  8.88 223.32  22.60  1.29 11.63 222.07  10.62  0.49 17.80 297.83  10.37  0.36 13.51 298.42  12.23
19990110 210000  7.7 211.9  1.95 11.68 228.35  28.02  3  1.85 11.60 222.04  18.70  0.50 17.72 297.67  10.20  0.36 13.48 297.87  12.61
19990111 000000  9.1 186.4  1.94 11.60 226.83  30.37  4  0.81  4.03 204.58  30.93  1.64 11.54 222.91  15.66  0.54 17.56 297.55  10.04  0.36 13.46 297.73  12.73
19990111 030000  8.1 196.4  1.91 11.41 226.80  31.80  4  1.79 11.40 218.56  21.32  0.58 17.14 297.58  10.11  0.35 13.44 296.41  12.13  0.09 11.03 316.41   8.41
19990111 060000  8.5 189.3  1.89 16.81 226.39  32.75  4  1.76 11.23 217.54  21.76  0.60 16.82 297.64  10.24  0.33 13.41 296.55  12.38  0.08 11.00 315.99   8.51
19990111 090000  7.2 195.5  1.82 16.70 227.28  32.97  3  1.69 11.12 217.92  21.50  0.60 16.71 297.59  10.50  0.33 13.34 298.01  13.41
19990111 120000  7.2 191.1  1.74 16.63 228.17  32.97  3  1.61 11.03 218.40  21.03  0.59 16.63 297.43  10.54  0.31 13.15 298.52  14.13
19990111 150000  6.9 212.4  1.66 16.55 229.84  33.11  3  1.52 10.88 219.25  20.39  0.60 16.56 297.16  10.38  0.29 12.81 299.26  15.38
19990111 180000  8.3 219.1  1.67 16.46 231.24  32.89  4  1.52 10.68 220.40  20.06  0.61 16.47 297.05  10.17  0.28 12.68 300.10  16.05  0.06 21.54 232.43   7.30
19990111 210000  9.1 209.4  1.75 16.31 230.51  33.04  5  1.61 10.57 220.23  21.28  0.63 16.33 296.94  10.16  0.28 12.61 300.09  14.99  0.12 20.39 232.69   7.81  0.05 13.43 335.00   0.03
19990112 000000  9.4 190.3  1.82 16.04 227.81  34.18  5  1.36  5.78 216.41  27.92  0.97 10.50 219.94   9.64  0.63 16.07 296.87  10.24  0.28 12.60 301.99  16.49  0.25 19.18 233.44   8.03
19990112 030000  8.3 196.4  1.89 15.82 226.44  33.61  6  1.45  6.36 214.70  27.29  0.88 10.48 220.51   9.18  0.62 15.78 296.80  10.41  0.48 18.16 233.84   8.02  0.28 12.56 300.45  15.50  0.07 12.80 335.00   0.05
19990112 060000  8.7 187.9  2.04 17.04 226.29  31.72  6  1.54  6.75 214.11  26.58  0.82 12.33 221.46   9.13  0.81 17.50 234.02   8.05  0.61 15.63 296.60  10.37  0.26 12.55 297.90  13.63  0.12 12.64 331.13   5.82
19990112 090000  5.8 192.2  2.19 16.49 228.69  28.84  5  1.57  7.02 215.98  25.22  1.18 16.68 234.05   8.30  0.72 12.16 224.00   9.31  0.60 15.53 296.54  10.26  0.28 12.54 304.13  18.04
19990112 120000  6.7 198.2  2.37 15.92 230.99  25.54  5  1.53  7.38 218.54  23.64  1.69 16.16 232.36   9.28  0.60 15.46 296.62  10.11  0.24 12.51 298.15  14.37  0.12 11.96 332.23   4.49
19990112 150000  7.0 213.5  2.57 15.51 231.99  22.98  5  1.60  7.99 221.04  21.64  1.90 15.53 233.11   9.11  0.60 15.41 296.74  10.07  0.21 12.41 298.76  13.13  0.13 11.94 331.65   4.73
19990112 180000 10.0 218.9  2.81 15.22 231.73  21.65  5  1.77  8.38 222.28  21.56  2.08 15.18 233.39   9.08  0.58 15.36 296.84  10.08  0.19 12.05 301.19  12.08  0.13 11.83 331.89   4.64
19990112 210000  8.7 211.4  2.95 14.69 231.05  21.63  5  1.95  8.40 222.56  22.42  2.13 14.61 233.58   9.35  0.56 15.29 296.81  10.14  0.17 11.87 301.46  11.18  0.14 11.72 331.57   4.76
19990113 000000  7.6 192.1  2.96 14.41 230.47  21.98  5  1.95  8.28 221.97  23.91  2.15 14.36 233.30   9.57  0.52 15.17 296.82  10.09  0.15 11.77 299.73  11.14  0.15 11.52 330.45   6.13
19990113 030000  8.2 191.2  2.88 14.20 229.80  22.43  5  1.91  8.26 220.68  24.50  2.09 14.13 233.32   9.92  0.49 14.88 296.78  10.03  0.14 11.21 330.57   6.06  0.14 11.73 300.82  10.19
19990113 060000  6.5 189.3  2.77 13.67 229.58  22.52  5  2.03 13.60 232.83  10.08  1.81  8.43 220.48  24.80  0.47 14.65 296.85   9.91  0.14 11.10 330.39   6.26  0.14 11.73 300.88  10.16
19990113 090000  5.8 194.3  2.68 13.48 229.86  21.85  4  2.63 13.44 227.85  18.21  0.46 14.54 297.09   9.83  0.14 11.01 330.64   6.12  0.13 11.73 301.55  10.50
19990113 120000  9.3 179.3  2.62 13.28 228.56  22.75  4  2.57 13.22 226.53  19.20  0.45 14.47 297.11  10.12  0.14 10.86 330.44   6.44  0.12 11.71 300.95  10.11
19990113 150000  7.2 216.7  2.49 12.76 228.72  22.28  4  2.45 12.73 226.64  18.49  0.44 14.43 297.39  10.03  0.14 10.56 329.96   7.21  0.11 11.68 300.77  10.25
19990113 180000  8.5 215.1  2.42 12.61 228.64  22.12  4  2.37 12.59 226.58  18.32  0.42 14.40 297.18  10.45  0.13 10.45 329.86   7.33  0.10 11.62 300.63  10.34
19990113 210000  7.3 219.4  2.33 12.47 228.55  22.71  3  2.28 12.45 226.50  19.06  0.42 14.37 297.24  10.43  0.14 10.49 328.80   8.08
19990114 000000  6.9 185.8  2.22 12.05 227.84  23.44  3  2.18 12.05 225.75  19.84  0.40 14.32 296.95  10.48  0.14 10.68 325.05  12.22
19990114 030000  6.1 203.4  2.12 11.87 227.47  23.25  4  2.08 11.87 225.36  19.54  0.38 14.22 296.84  10.47  0.13 10.38 329.77   6.98  0.06 10.90 303.33   7.14
19990114 060000  7.0 208.2  2.04 11.78 226.97  22.96  4  2.00 11.77 224.87  19.15  0.36 14.03 296.70  10.48  0.12 10.22 330.13   6.66  0.06 11.01 304.24   7.54
19990114 090000  6.3 204.0  1.97 11.64 226.59  22.88  3  1.93 11.63 224.52  19.08  0.34 13.74 296.86  10.42  0.14 10.44 323.52  14.12
19990114 120000  6.4 190.9  1.89 11.34 226.47  22.79  4  1.86 11.35 224.39  18.90  0.33 13.61 297.08  10.24  0.13 10.30 323.47  14.13  0.06 16.75 297.91  11.61
19990114 150000  5.8 233.2  1.83 11.17 226.82  22.33  4  1.80 11.18 224.72  18.27  0.32 13.55 297.14  10.54  0.13 10.15 323.91  14.04  0.07 16.66 298.78  11.43
19990114 180000  6.2 223.0  1.82 11.08 227.23  22.20  5  1.79 11.08 225.17  18.24  0.32 13.51 297.38  10.88  0.10  9.71 330.75   6.25  0.08 16.64 299.12  11.69  0.06 19.13 219.75   7.30
19990114 210000  5.6 230.3  1.81 11.01 227.21  22.21  7  1.63 11.01 225.19  19.49  0.70 13.10 225.24   9.92  0.31 13.47 297.51  10.47  0.11  9.73 328.56   8.55  0.08 16.63 299.76  11.83  0.07 23.55 219.13   6.96  0.07 19.05 218.55   7.95
19990115 000000  7.1 208.4  1.81 10.95 226.60  22.16  8  1.61 10.95 224.45  19.65  0.73 13.06 225.66   9.73  0.30 13.45 297.87  10.25  0.13 22.81 218.13   6.87  0.10  9.62 329.90   7.10  0.10 18.25 220.10   8.28  0.08 16.61 298.76  12.10  0.05 23.51 302.26   9.84
19990115 030000  4.3 191.5  1.79 10.87 226.31  21.91  7  1.74 10.87 224.53  18.24  0.29 13.42 297.83  10.20  0.23 21.74 218.02   7.15  0.11 17.91 219.26   6.40  0.10  9.57 329.82   7.19  0.08 16.57 299.54  12.16  0.06 23.39 302.58   9.90
19990115 060000  5.1 189.6  1.78 12.70 225.99  21.27  6  1.71 10.70 224.48  17.84  0.40 20.57 218.65   7.41  0.28 13.37 297.57  10.49  0.09  9.52 329.75   7.29  0.09 16.33 298.87  12.11  0.07 23.28 302.56   9.84
19990115 090000  4.8 194.9  1.80 12.62 225.48  20.54  6  1.67 12.49 224.46  17.54  0.59 19.92 218.46   7.38  0.26 13.28 297.64  10.55  0.10 15.76 299.23  11.78  0.09 23.04 302.05  10.12  0.09  9.43 330.45   6.84
19990115 120000  4.7 205.7  1.85 18.98 225.11  19.55  5  1.64 12.49 224.70  17.08  0.81 18.98 218.96   7.48  0.26 13.04 300.96  13.98  0.11 22.26 301.88  10.16  0.11 15.62 299.13  11.72
19990115 150000  4.5 243.9  1.93 18.03 224.90  18.59  5  1.61 12.44 225.11  16.45  1.01 18.03 219.19   7.67  0.25 12.79 301.30  14.12  0.14 21.97 301.91  10.32  0.13 15.59 299.51  11.87
19990115 180000  4.4 243.9  2.01 17.52 224.74  18.06  5  1.59 12.36 225.34  16.38  1.20 17.52 219.75   8.00  0.24 12.68 301.50  14.05  0.16 21.89 302.15  10.14  0.14 15.57 296.73  15.07
19990115 210000  4.3 243.3  2.09 16.69 224.57  17.74  5  1.57 12.36 225.55  16.18  1.34 16.70 219.83   8.28  0.24 12.63 301.67  13.89  0.19 21.81 301.96  10.18  0.14 15.54 297.93  14.40
19990116 000000  4.0 258.8  2.14 16.28 224.50  17.66  5  1.55 12.41 225.45  16.03  1.43 16.29 220.12   8.40  0.24 12.60 301.69  13.69  0.22 21.64 301.58  10.24  0.14 15.52 298.54  14.43
19990116 030000  2.8 221.0  2.16 15.63 224.59  17.71  5  1.54 15.64 221.30   9.07  1.47 12.35 224.76  16.03  0.25 21.03 301.26  10.53  0.23 12.59 301.49  13.63  0.14 15.47 301.06  12.28
19990116 060000  1.9  97.2  2.15 15.33 224.86  17.98  4  2.11 15.33 222.97  12.64  0.28 20.65 301.53  10.09  0.23 12.57 301.58  13.45  0.14 15.30 301.77  12.22
19990116 090000  1.6 342.3  2.13 14.92 225.34  18.52  5  2.09 14.92 223.15  12.41  0.30 20.56 301.90   9.93  0.21 12.55 301.64  13.49  0.16 14.80 301.19  12.38  0.07 17.86 298.87  10.57
19990116 120000  5.3 314.7  2.11 14.49 226.64  20.93  4  2.06 14.49 223.98  14.85  0.36 20.48 301.43  10.06  0.21 12.52 301.62  13.56  0.18 14.65 301.66  12.26
19990116 150000  4.3 310.5  2.09 14.32 227.70  22.14  4  2.03 14.31 224.51  15.45  0.40 20.36 300.90  10.38  0.20 12.46 301.63  13.57  0.19 14.60 301.62  12.31
19990116 180000  4.1 315.4  2.07 14.18 228.63  22.83  4  2.00 14.15 224.99  15.53  0.43 20.10 300.52  10.48  0.20 14.57 302.03  12.40  0.19 12.20 301.65  13.55
19990116 210000  4.1 284.5  2.03 13.76 229.48  23.16  3  1.96 13.70 225.42  15.10  0.45 19.58 300.67  10.29  0.27 14.52 301.35  13.90
19990117 000000  7.1 283.1  2.01 13.55 231.13  24.43  4  1.93 13.53 226.60  16.38  0.48 19.38 300.81  10.33  0.21 14.49 301.41  14.17  0.17 11.83 302.61  13.85
19990117 030000  3.5 204.5  1.98 13.49 231.89  25.08  4  1.89 13.46 226.57  15.68  0.53 19.27 300.73  10.21  0.21 14.43 303.82  12.87  0.16 11.79 303.12  13.43
19990117 060000  4.4 163.1  1.96 13.42 232.19  25.83  4  1.85 13.40 225.87  14.64  0.57 19.15 300.26  10.32  0.20 14.31 304.54  13.15  0.16 11.78 302.89  13.51
19990117 090000  3.7 181.9  1.93 13.33 232.54  26.58  4  1.81 13.28 225.39  14.15  0.60 18.99 299.82  10.47  0.21 13.96 304.86  13.73  0.17 11.79 302.75  13.03
19990117 120000  9.6 207.8  1.94 13.07 231.78  27.45  4  1.82 12.99 224.36  15.12  0.61 18.72 299.63  10.71  0.23 13.71 302.56  14.08  0.16 11.77 303.30  13.17
19990117 150000  8.5 194.0  2.03 12.88 228.78  29.14  5  0.88  4.12 207.66  30.09  1.70 12.83 225.15  11.70  0.61 18.38 299.91  10.63  0.24 13.62 302.23  13.82  0.15 11.76 303.36  13.27
19990117 180000  8.1 206.5  2.06 12.83 229.05  29.54  6  1.01  4.69 211.31  28.59  1.65 12.77 225.28  11.55  0.63 18.18 300.07  10.64  0.25 13.59 301.76  13.25  0.15 11.76 305.63  13.72  0.06 12.58 335.00   0.12
19990117 210000  9.5 205.2  2.12 12.83 229.23  30.09  4  1.13  4.94 213.64  27.32  1.63 12.76 225.05  11.73  0.67 18.06 299.93  10.67  0.29 13.54 305.04  14.86
19990118 000000 10.5 211.0  2.21 12.87 227.82  31.33  4  2.07 12.76 220.00  20.65  0.71 17.92 299.55  10.67  0.27 13.53 304.55  13.95  0.07 11.83 332.31   4.44
19990118 030000  8.7 171.4  2.19 12.89 226.51  33.42  4  2.05 12.75 218.13  23.10  0.72 17.75 299.28  10.70  0.26 13.51 304.95  14.54  0.07 11.81 335.00   0.22
19990118 060000  8.1 180.5  2.10 12.80 227.64  33.07  4  1.96 12.69 218.86  22.03  0.72 17.54 299.18  10.89  0.24 13.46 304.18  14.40  0.10 11.76 328.12  11.15
19990118 090000  7.0 182.5  2.09 12.68 227.97  32.13  5  1.95 12.62 219.40  20.63  0.71 17.33 299.42  11.00  0.23 13.32 304.18  14.60  0.10 11.36 331.05   7.16  0.05 19.37 218.82   7.37
19990118 120000  7.7 173.1  2.09 12.59 228.31  32.02  5  1.95 12.56 219.58  20.11  0.72 17.17 299.72  10.93  0.22 12.96 303.03  14.46  0.12 11.33 330.24   6.96  0.06 19.35 219.91   7.66
19990118 150000  7.5 205.0  2.10 12.51 229.24  32.02  6  1.49  9.35 215.11  22.08  1.24 12.48 226.48  10.95  0.75 17.06 299.67  10.81  0.22 12.70 304.58  14.32  0.11 11.19 333.38   3.71  0.08 19.27 219.73   7.57
19990118 180000  8.2 210.9  2.12 12.43 230.32  32.10  6  1.53  8.82 216.55  21.58  1.22 12.39 226.32  10.87  0.78 16.94 299.34  10.82  0.22 12.66 304.44  13.63  0.11 18.64 220.78   7.33  0.11 11.13 333.22   4.03
19990118 210000  8.8 209.1  2.14 16.77 230.51  32.82  6  1.56  8.77 216.35  22.43  1.18 12.29 226.38  10.36  0.81 16.78 298.93  11.08  0.22 12.66 303.59  13.49  0.14 18.26 221.71   8.08  0.12 11.02 332.65   4.52
19990119 000000  7.9 209.9  2.11 16.60 230.50  33.51  6  1.53  8.74 215.62  23.28  1.16 12.06 226.44  10.61  0.81 16.62 298.82  11.09  0.22 12.65 303.53  13.59  0.16 18.36 221.32   7.56  0.12 10.90 332.50   4.59
19990119 030000  6.2 183.8  2.04 16.47 231.24  33.87  6  1.47  8.74 215.80  23.45  1.13 11.89 226.61  10.56  0.80 16.48 298.90  11.24  0.22 17.70 221.62   7.65  0.20 12.61 304.76  12.90  0.12 10.78 332.34   4.71
19990119 060000  3.5 190.9  1.97 16.39 232.82  33.76  6  1.39  8.75 217.03  22.35  1.07 11.75 226.39  10.68  0.80 16.39 299.09  11.36  0.36 16.24 224.73   8.75  0.19 12.58 305.50  13.77  0.12 10.66 332.03   4.89
19990119 090000  4.1 221.0  1.95 16.33 233.95  33.43  5  1.71 11.61 221.24  17.92  0.82 16.34 299.11  11.37  0.41 15.81 224.54   8.61  0.17 12.51 307.92  11.66  0.12 10.53 332.03   4.92
19990119 120000  5.6 269.9  1.95 16.25 234.56  33.34  4  1.68 11.51 221.54  17.59  0.85 16.29 299.40  11.38  0.51 14.97 224.02   9.30  0.12 10.38 331.72   5.72
19990119 150000  4.6 286.5  1.92 16.14 235.18  33.63  6  1.34  9.13 219.44  19.60  0.92 11.44 225.74  11.17  0.84 16.21 298.81  11.30  0.55 14.91 223.51   8.29  0.13 11.89 312.30   9.71  0.12 10.19 332.10   5.76
19990119 180000  3.6 293.9  1.86 15.92 236.36  34.04  5  1.53 11.19 221.81  18.04  0.84 16.07 298.51  11.41  0.62 14.71 223.79   8.67  0.14 11.81 309.10  10.74  0.12 10.10 331.94   5.92
19990119 210000  3.2 276.7  1.80 15.68 237.22  34.21  6  1.07  8.44 220.08  21.04  0.93 11.04 224.34  11.28  0.83 15.78 298.21  11.57  0.72 14.29 222.77   8.71  0.14 11.79 308.40  10.46  0.12 10.00 331.83   6.06
19990120 000000  4.6 258.7  1.76 15.54 237.79  34.24  6  1.01  8.39 220.40  20.31  0.92 10.96 223.45  11.43  0.83 15.61 298.09  11.68  0.72 13.98 223.44   8.90  0.14 11.78 308.07  10.41  0.12  9.90 331.73   6.21
19990120 030000  1.7 207.8  1.73 15.46 238.02  34.33  5  1.31 10.94 221.68  16.51  0.82 15.52 298.07  11.75  0.74 13.86 223.04   8.28  0.14 11.78 307.56  10.23  0.12  9.80 331.34   6.38
19990120 060000  2.1 194.6  1.70 15.41 238.26  34.40  5  1.26 10.96 221.20  15.88  0.82 15.46 298.13  11.73  0.76 13.72 223.75   8.41  0.12 11.79 311.67   8.34  0.11  9.78 330.76   7.21
19990120 090000  2.3 196.8  1.66 15.37 238.56  34.45  5  1.18 10.86 221.05  15.69  0.82 15.42 298.48  12.05  0.68 13.27 224.45   8.19  0.47 15.56 221.51   8.98  0.10  9.62 332.21   5.44
19990120 120000  6.2 273.4  1.63 15.31 239.58  34.61  5  1.16 10.83 222.72  18.22  0.80 15.36 298.38  12.14  0.63 13.08 223.81   8.34  0.52 15.08 223.08   8.70  0.10  9.57 332.10   5.57
19990120 150000  3.0 305.1  1.58 15.21 239.98  34.70  4  1.37 12.80 223.06  15.44  0.78 15.31 298.46  11.94  0.10  9.50 331.98   5.70  0.06 21.45 308.27  12.23
19990120 180000  5.0 272.3  1.54 15.03 240.89  34.89  6  1.22 12.46 224.07  17.73  0.76 15.24 298.18  12.00  0.54 14.49 222.79   9.46  0.10 11.08 310.05  10.53  0.09  9.41 331.81   5.87  0.07 21.15 304.46  14.21
19990120 210000  4.8 254.9  1.50 14.69 241.18  34.96  6  1.21 12.56 223.95  17.77  0.74 15.13 298.15  12.01  0.47 14.54 224.60   9.39  0.10 11.04 309.50  10.41  0.09  9.28 332.24   4.99  0.08 20.41 303.51  14.40
19990121 000000  7.8 234.9  1.50 14.53 240.53  34.58  5  1.30 13.67 224.05  16.79  0.73 14.95 298.07  12.06  0.10 20.17 302.79  15.39  0.10 11.02 311.43   8.69  0.08  9.24 332.08   5.13
19990121 030000  5.6 177.7  1.49 14.37 237.66  35.42  4  1.30 13.49 221.60  18.10  0.71 14.72 298.21  12.19  0.12 20.09 304.72  14.91  0.08  9.19 331.72   5.79
19990121 060000  4.5 175.7  1.46 14.17 236.46  35.26  4  1.28 13.35 220.77  17.56  0.68 14.58 298.16  12.28  0.13 19.92 304.95  14.31  0.08  9.14 331.91   5.19
19990121 090000  3.6 203.1  1.44 13.90 235.73  34.24  6  1.27 13.15 220.91  15.90  0.65 14.48 298.28  12.30  0.14 19.44 304.63  14.19  0.07  9.00 332.68   4.54  0.06 17.92 213.66   5.69  0.05 23.55 298.59  11.62
19990121 120000  9.7 197.4  1.50 13.58 231.73  33.94  6  1.35 12.74 219.02  17.64  0.63 14.41 298.42  12.36  0.15 19.12 305.08  14.11  0.07 17.82 218.73   5.69  0.07  8.94 332.50   4.68  0.06 23.41 297.91  11.12
19990121 150000  7.2 200.9  1.57 12.86 229.62  33.86  6  0.78  4.08 210.67  30.83  1.20 12.54 221.26  10.72  0.61 14.37 298.49  12.66  0.17 18.99 305.66  14.37  0.08 23.28 298.26  10.96  0.06  8.90 332.33   4.79
19990121 180000  7.6 222.6  1.60 12.61 231.27  32.59  7  0.85  4.40 218.05  29.15  1.19 12.32 222.28  10.84  0.59 14.34 299.12  11.95  0.20 18.89 306.33  14.06  0.17 16.61 217.18   8.18  0.10 22.95 299.55  11.51  0.06  8.87 331.87   4.98
19990121 210000  7.6 230.3  1.64 12.07 232.85  31.72  7  0.92  4.66 223.70  28.51  1.18 11.94 223.12  10.88  0.58 14.31 299.16  12.26  0.22 18.71 305.18  14.48  0.19 16.58 217.03   7.90  0.11 22.30 299.29  11.57  0.06  8.80 332.08   4.94
19990122 000000  7.1 227.2  1.65 11.86 232.92  31.42  8  0.94  4.99 223.34  28.60  1.18 11.74 224.04  11.19  0.56 14.26 298.93  12.39  0.24 18.17 304.63  13.67  0.22 15.97 218.77   7.76  0.13 22.00 298.87  11.59  0.06 10.30 309.26  11.21  0.06  8.66 331.57   5.10
19990122 030000  0.1 109.2  1.65 11.39 232.40  30.84  6  1.50 11.33 224.02  19.66  0.53 14.17 299.33  11.85  0.33 15.43 217.67   8.33  0.26 17.88 304.53  13.65  0.15 21.87 297.91  11.44  0.05  8.51 331.37   5.18
19990122 060000  2.6 228.8  1.68 11.14 231.67  30.00  6  1.48 11.11 224.33  19.82  0.49 13.87 299.14  12.05  0.41 13.22 220.55   8.94  0.33 15.50 217.99   8.76  0.29 17.81 305.49  13.44  0.16 21.79 297.26  11.68
19990122 090000  1.6 278.8  1.75 10.93 230.51  29.10  5  1.57 10.90 223.98  19.35  0.53 13.58 219.33   9.02  0.46 13.62 299.03  12.09  0.30 17.76 306.19  13.84  0.20 21.30 300.23  11.61
19990122 120000  0.7  94.6  1.86 10.24 229.34  28.24  5  1.70 10.23 223.34  18.77  0.48 14.44 219.39   8.48  0.44 13.52 299.09  12.09  0.32 17.68 306.55  13.55  0.23 20.71 299.54  11.76
19990122 150000  4.1 241.6  1.92  9.20 229.05  28.03  5  1.76  9.19 223.16  18.54  0.48 14.52 219.23   8.94  0.43 13.47 299.90  11.95  0.34 17.41 305.76  13.33  0.25 20.54 298.72  11.94
19990122 180000  4.9 224.0  1.90  9.03 230.08  28.59  5  1.69  9.03 223.97  19.21  0.63 14.32 219.84   8.76  0.42 13.44 300.33  11.54  0.36 16.86 305.37  13.19  0.28 20.38 298.48  11.96
19990122 210000  4.1 265.0  1.83 13.50 231.76  29.43  5  1.57  8.85 224.82  19.31  0.71 13.68 220.77   8.91  0.41 13.43 300.65  11.52  0.38 16.73 304.52  13.49  0.32 20.14 300.05  12.36
19990123 000000  5.1 223.4  1.79 13.45 233.21  30.06  5  1.47  8.64 225.69  19.06  0.78 13.48 220.66   8.78  0.40 13.41 300.16  12.38  0.39 19.63 303.03  12.55  0.36 16.57 302.50  14.19
19990123 030000  3.3 180.6  1.76 13.38 234.07  30.59  5  1.38  8.57 225.89  19.15  0.85 13.37 221.50   8.81  0.40 19.27 301.11  13.73  0.39 16.62 304.57  12.83  0.38 13.38 300.31  12.20
19990123 060000  4.7 186.2  1.75 13.17 234.37  30.90  5  1.34  8.55 225.69  19.28  0.89 13.04 221.97   8.85  0.44 19.11 301.02  12.70  0.39 16.50 304.62  14.26  0.35 13.31 300.14  12.31
19990123 090000  3.7 202.0  1.77 12.70 234.40  30.99  5  1.33  8.48 225.86  19.35  0.93 12.64 221.61   8.93  0.44 19.07 298.42  12.46  0.43 16.44 306.71  13.55  0.33 13.10 299.78  12.43
19990123 120000  4.4 230.9  1.79 12.54 234.44  31.29  6  1.33  8.35 225.51  19.59  0.83 12.43 221.87   8.64  0.55 17.27 307.48  11.92  0.51 14.52 221.38   8.96  0.34 19.09 289.28   8.95  0.31 12.75 299.57  12.33
19990123 150000  5.1 219.1  1.81 12.46 234.57  32.08  6  1.31  8.20 224.58  20.21  0.84 12.31 222.46   8.96  0.55 18.33 301.67  13.36  0.54 14.36 220.39   8.01  0.43 15.70 303.15  14.60  0.28 12.61 298.36  12.99
19990123 180000  7.5 220.0  1.85 17.87 234.65  32.92  4  1.34  8.10 224.12  21.68  1.02 12.16 221.47   8.69  0.73 17.93 301.71  13.79  0.27 12.57 298.47  13.44
19990123 210000  8.5 219.0  1.88 17.79 235.16  33.59  5  1.35  7.99 223.84  23.03  0.75 17.83 301.24  13.84  0.73 11.64 223.82   8.57  0.72 13.45 220.04   8.08  0.27 12.57 298.08  14.96
19990124 000000 10.7 189.8  1.96 17.71 231.05  35.64  4  1.47  7.83 217.87  26.48  1.02 13.30 221.92   8.53  0.77 17.75 301.16  14.14  0.26 12.57 299.55  13.44
19990124 030000  7.7 176.2  1.94 17.57 230.82  37.15  4  1.42  7.42 216.14  29.06  1.05 13.00 221.87   8.47  0.78 17.62 301.43  14.44  0.25 12.56 300.20  12.50
19990124 060000  8.4 184.7  1.91 12.65 231.75  37.26  5  1.31  6.89 215.08  29.45  1.12 12.68 222.90   9.12  0.57 17.67 292.58  11.90  0.55 15.72 311.31  10.22  0.25 12.56 300.18  12.33
19990124 090000  8.0 184.7  1.92 12.57 232.21  36.98  4  1.31  6.61 215.62  28.97  1.13 12.56 222.94   8.79  0.80 16.99 301.42  14.42  0.24 12.56 300.31  12.36
19990124 120000  7.9 170.7  1.95 16.74 232.73  36.57  3  1.35  6.89 216.84  28.44  1.13 12.47 223.26   8.87  0.84 16.82 301.05  13.96
19990124 150000  9.6 210.3  2.07 16.70 231.93  34.43  3  1.49  7.60 218.60  25.47  1.16 12.40 223.59   9.29  0.85 16.75 300.66  14.08
19990124 180000 12.2 206.8  2.51 16.65 226.88  31.54  5  2.36 12.18 219.52  21.53  0.83 16.70 300.41  14.19  0.15 11.78 298.48  13.75  0.13 17.96 220.95   6.84  0.05 23.26 315.16   8.02
19990124 210000 12.3 207.6  2.95  7.61 223.86  30.38  4  2.83  7.61 218.68  23.12  0.82 16.65 299.86  14.84  0.15 11.78 299.79  12.70  0.07 22.98 314.20   7.86
19990125 000000  9.8 202.5  2.98  8.08 224.07  30.79  6  2.65  8.08 218.19  25.53  0.87 12.13 223.12   8.07  0.82 16.58 300.15  15.01  0.65 14.79 224.69  10.59  0.14 11.78 302.62  10.84  0.09 21.89 314.13   8.11
19990125 030000  8.0 200.1  2.88  8.23 225.93  30.29  6  2.42  8.23 219.51  25.23  1.32 14.21 223.55   9.32  0.63 17.26 293.74  14.99  0.52 15.50 311.05   6.59  0.15 11.87 304.45  10.33  0.11 21.77 314.43   8.22
19990125 060000  7.3 198.2  2.83 15.18 227.32  28.92  6  2.18  8.29 220.97  24.35  1.60 13.86 223.21   9.80  0.77 16.11 298.85  13.79  0.28 17.77 319.23   4.94  0.14 11.79 302.92  11.18  0.13 21.71 315.08   7.90
19990125 090000  6.0 202.5  2.86 15.15 227.87  27.12  4  1.97  8.53 221.73  23.50  1.89 13.79 223.69  10.20  0.82 16.04 301.17  14.17  0.14 21.48 314.44   7.31
19990125 120000  7.0 262.5  2.88 15.12 228.60  25.94  3  2.76 13.75 223.67  17.19  0.80 16.13 300.46  14.34  0.19 20.46 313.98   7.99
19990125 150000  3.4 251.7  2.86 15.17 229.31  25.58  3  2.73 13.64 224.27  16.38  0.80 16.24 300.36  14.75  0.21 20.36 314.43   8.21
19990125 180000  4.0 232.6  2.82 15.08 230.10  25.54  3  2.69 13.64 224.87  15.82  0.80 16.30 300.83  14.95  0.22 20.34 315.20   8.25
19990125 210000  5.7 225.8  2.78 14.38 230.70  25.50  3  2.65 13.86 225.29  15.37  0.80 16.27 300.72  15.41  0.25 20.07 313.61   8.06
19990126 000000  9.7 190.3  2.78 14.27 229.41  26.22  4  2.65 14.07 224.09  16.54  0.71 15.46 297.43  14.20  0.30 19.15 313.43   7.98  0.29 16.58 319.22   4.94
19990126 030000  7.9 195.8  2.77 14.10 228.37  26.60  3  2.65 13.69 223.26  17.46  0.74 15.58 300.36  15.18  0.32 19.05 314.05   8.22
19990126 060000  7.7 188.3  2.76 13.70 227.70  26.53  3  2.65 13.47 222.83  17.77  0.71 15.42 300.22  15.50  0.32 19.01 314.39   8.42
19990126 090000  6.6 194.6  2.71 13.51 227.64  26.72  3  2.60 13.36 222.75  17.94  0.69 15.39 300.59  15.68  0.32 18.84 313.49   8.46
19990126 120000  9.5 195.3  2.64 13.37 227.42  27.69  4  2.52 13.23 222.17  18.54  0.68 15.38 300.76  15.73  0.36 18.00 313.31   8.18  0.06 23.23 305.86   8.95
19990126 150000  7.3 213.8  2.53 13.19 228.52  28.26  4  2.41 12.99 222.72  18.35  0.66 15.37 300.11  16.46  0.40 17.81 313.67   8.01  0.06 23.09 305.85   9.02
19990126 180000  8.3 216.9  2.48 12.97 229.26  27.93  4  2.37 12.79 223.56  18.15  0.64 15.34 300.03  16.43  0.40 17.79 314.35   8.22  0.07 22.07 305.61   9.29
19990126 210000  8.9 213.5  2.46 12.83 228.93  27.64  5  2.35 12.65 223.65  18.60  0.62 15.26 300.21  16.20  0.35 17.77 315.88   7.41  0.10 21.80 305.24   9.32  0.08 21.28 223.14   7.66
19990127 000000  8.9 193.9  2.47 12.67 227.22  28.22  5  2.37 12.47 222.22  19.90  0.54 14.53 298.03  17.77  0.43 17.38 312.42   7.83  0.12 21.75 305.23   9.01  0.12 20.51 222.66   7.41
19990127 030000  8.5 188.9  2.52 12.46 225.93  28.84  5  2.41 12.29 220.98  20.64  0.56 14.57 299.85  16.93  0.41 16.72 314.14   7.30  0.18 19.93 223.63   7.68  0.13 21.69 304.83   9.33
19990127 060000  8.1 182.8  2.60  9.20 224.75  28.84  6  2.04  8.89 217.63  23.70  1.42 11.73 224.69  11.72  0.54 14.50 301.37  15.93  0.43 16.64 314.49   7.26  0.27 19.18 223.14   7.46  0.13 21.45 304.46   9.66
19990127 090000  6.5 192.1  2.62  9.29 224.55  27.90  5  2.49  9.29 220.13  20.09  0.51 14.47 300.80  17.50  0.43 16.61 314.25   8.22  0.40 18.81 222.72   7.62  0.16 20.49 304.52   9.56
19990127 120000  8.5 187.1  2.63  9.47 223.76  26.98  5  2.49  9.47 219.68  19.80  0.54 18.02 223.17   7.77  0.51 14.47 300.34  17.86  0.37 16.60 315.74   7.37  0.20 20.36 304.55   9.29
19990127 150000  7.6 219.0  2.65  9.66 224.24  25.65  4  2.46  9.66 220.45  18.98  0.74 17.79 222.59   7.74  0.61 14.64 305.11  17.46  0.22 20.31 304.16   9.48
19990127 180000  8.2 209.0  2.72  9.65 224.78  25.05  4  2.49  9.65 221.23  18.95  0.92 17.47 222.74   7.81  0.60 15.35 307.43  13.75  0.22 20.25 303.55   9.80
19990127 210000  8.3 218.5  2.74 16.52 225.34  24.86  6  2.18  9.46 221.86  20.56  1.16 16.96 222.53   8.06  1.01 11.96 221.60  11.09  0.60 15.40 307.72  13.63  0.21 19.90 303.78   9.83  0.07 23.31 298.74  10.32
19990128 000000  6.1 189.2  2.76 16.47 225.31  24.52  5  2.31  9.33 221.65  19.41  1.36 16.77 222.65   7.88  0.60 15.40 306.62  16.29  0.24 19.13 304.10   9.79  0.08 23.22 298.08  10.22
19990128 030000  5.4 203.5  2.85 16.27 225.08  23.40  4  2.33  9.84 221.76  18.67  1.51 16.55 222.57   7.95  0.57 15.38 307.93  14.88  0.30 19.03 303.78   9.71
19990128 060000  5.8 193.7  3.05 15.87 224.14  22.06  4  2.50 10.55 221.27  18.05  1.63 16.13 222.52   8.05  0.53 15.30 310.37  11.53  0.32 18.99 303.37   9.91
19990128 090000  4.6 198.1  3.16 15.61 223.31  21.28  5  2.52 10.45 220.56  17.88  1.81 15.71 222.05   8.26  0.51 14.72 310.37  11.71  0.30 18.92 303.34  10.21  0.14 21.83 299.02  10.54
19990128 120000  5.9 202.4  3.09 15.38 223.12  21.11  5  2.38 10.34 219.70  17.61  1.87 15.50 222.63   8.51  0.51 14.49 310.13  12.08  0.29 18.63 303.07  10.12  0.14 21.79 299.16  10.63
19990128 150000  4.6 237.9  2.94 15.10 223.71  21.32  5  2.16 10.04 220.17  17.87  1.90 15.27 222.48   8.28  0.50 14.45 310.48  11.21  0.31 17.92 302.84  10.25  0.14 21.78 299.37  10.99
19990128 180000  4.4 243.4  2.83 14.89 224.75  21.87  5  2.00  9.77 221.30  18.29  1.90 15.12 222.62   8.89  0.48 14.42 310.44  11.11  0.31 17.81 303.60  10.07  0.21 20.68 299.69  10.44
19990128 210000  4.4 243.1  2.71 14.68 225.45  22.40  5  1.95 14.90 222.98   9.24  1.77  9.48 221.37  18.96  0.46 14.39 310.49  11.16  0.34 17.77 303.86  10.02  0.23 20.47 298.82  11.01
19990129 000000  3.7 232.0  2.58 14.45 225.91  22.93  5  1.89 14.49 222.50   9.04  1.64  9.39 222.15  19.03  0.45 14.32 310.71  11.19  0.36 17.73 303.69  10.22  0.24 20.40 298.56  11.17
19990129 030000  2.8 160.9  2.43 14.28 226.33  23.55  5  1.90 14.30 222.32   9.14  1.39  8.88 222.39  20.08  0.44 14.14 311.06  11.04  0.36 17.68 303.35  10.05  0.25 20.37 298.66  11.45
19990129 060000  0.8 185.2  2.29 14.14 226.98  24.37  5  1.77 14.19 222.38   9.03  1.31  8.85 222.43  19.70  0.43 13.72 311.08  11.10  0.35 16.95 301.14  10.57  0.29 20.19 301.73  11.25
19990129 090000  1.0 291.0  2.15 13.78 227.89  25.48  5  1.65 13.94 222.61   8.84  1.22  8.82 222.12  19.55  0.42 13.57 310.37  12.21  0.35 19.42 299.40  10.94  0.34 16.70 302.53  10.98
19990129 120000  7.0 341.8  2.06 13.49 229.58  28.78  4  1.95 13.48 223.24  18.34  0.40 13.51 310.95  11.04  0.39 19.10 299.82  11.05  0.33 16.58 302.28  10.61
19990129 150000  4.6 329.5  2.00 13.38 230.82  30.72  4  1.89 13.35 223.64  20.44  0.39 19.02 300.19  11.31  0.39 13.48 310.77  10.72  0.37 16.57 302.91  10.77
19990129 180000  4.6 334.3  1.94 13.32 231.45  31.52  5  1.36 13.27 222.42   9.00  1.20  8.85 224.36  28.28  0.45 16.70 304.79  10.24  0.39 13.45 310.88  10.65  0.34 19.06 296.16  10.82
19990129 210000  4.7 298.0  1.86 13.20 232.94  32.73  4  1.26 13.12 222.54   8.95  1.17  8.84 224.38  27.85  0.59 18.68 301.48  11.16  0.38 13.42 311.45  10.49
19990130 000000  5.2 219.9  1.76 12.74 234.11  33.16  4  1.16 12.61 222.83   8.81  1.11  8.82 223.19  24.71  0.61 18.44 301.12  11.13  0.37 13.37 311.91  10.35
19990130 030000  5.2 180.8  1.68 12.60 234.48  33.58  6  1.10 12.53 223.40   9.20  1.05  8.78 220.98  22.39  0.54 18.07 300.33  11.12  0.36 13.22 312.67  10.62  0.29 15.51 302.73   9.51  0.07 20.46 230.46   7.63
19990130 060000  5.5 188.7  1.65 12.57 234.23  34.10  6  1.05 12.53 223.16   8.75  1.04  8.79 219.51  21.85  0.47 17.97 299.05  11.33  0.41 15.72 303.99  11.11  0.34 12.86 312.44  10.72  0.13 19.30 226.35  10.12
19990130 090000  6.3 189.6  1.65 12.54 234.00  34.51  6  0.40  2.81 198.21  32.55  1.42 12.50 222.26  13.77  0.48 17.83 297.26  11.77  0.42 15.72 308.04   7.72  0.32 12.71 311.44  11.79  0.18 18.96 231.15   7.49
19990130 120000  6.6 204.4  1.70 12.41 233.91  34.50  6  1.02  8.37 216.57  22.81  1.10 12.32 223.83   8.87  0.58 17.53 299.39  11.56  0.34 15.43 310.32   7.75  0.31 12.66 311.45  10.91  0.29 17.97 229.55   8.83
19990130 150000  5.9 219.4  1.75 17.40 234.64  33.64  5  0.99  8.25 218.62  23.07  1.15 11.95 223.41   9.01  0.69 17.42 301.65  11.23  0.45 17.44 229.55   9.38  0.32 12.66 312.60  11.92
19990130 180000  6.7 211.8  1.85 16.74 234.69  32.30  5  1.05  8.22 220.56  22.36  1.20 11.85 223.59   9.15  0.70 17.38 301.52  11.41  0.53 16.71 232.28   7.02  0.32 12.68 312.90  11.82
19990130 210000  8.5 211.5  2.05 16.35 232.49  30.73  5  1.23  7.76 220.02  22.61  1.23 11.80 224.82   9.60  0.75 16.15 228.15  10.90  0.70 17.29 301.60  11.63  0.32 12.68 314.26  11.17
19990131 000000 10.6 183.7  2.31 15.60 227.45  31.03  4  1.96 11.74 218.88  22.05  0.96 15.49 226.67  10.71  0.69 16.86 301.93  11.79  0.31 12.67 315.02  11.25
19990131 030000  9.4 195.8  2.52 15.30 225.88  29.38  5  1.86  7.95 215.13  24.27  1.14 11.64 227.26   9.62  1.03 15.22 228.03  10.10  0.68 16.54 301.87  12.20  0.29 12.60 316.59  10.89
19990131 060000  9.5 188.1  2.70 14.65 224.40  28.39  4  2.09  8.72 214.98  23.72  1.55 14.56 228.40  10.48  0.66 16.43 301.85  11.79  0.27 12.53 317.29  11.05
19990131 090000  5.0 171.1  2.66 14.44 225.60  27.67  5  2.01  9.08 216.30  23.04  1.19 14.36 227.45  10.13  1.06 10.98 229.59  10.85  0.71 16.39 303.90  12.89  0.05 23.13 311.30   8.64
19990131 120000  9.9 186.5  2.63 14.25 225.58  27.99  5  2.07  9.22 217.21  22.42  1.41 14.13 227.86  10.53  0.72 16.37 303.91  12.99  0.36 11.06 225.00   0.02  0.07 22.22 310.07   8.99
19990131 150000  7.1 212.6  2.57 13.73 226.35  28.15  4  1.91  9.28 216.77  22.23  1.56 13.57 227.56  11.50  0.73 16.36 304.05  13.05  0.09 21.92 309.93   9.00
19990131 180000 10.0 220.6  2.62 13.48 227.38  27.42  5  2.01  9.26 219.42  21.53  1.52 13.39 227.51  11.53  0.72 16.32 303.57  12.45  0.11 11.66 335.05   0.77  0.09 21.84 310.78   8.96
19990131 210000  9.4 215.4  2.64 13.32 227.38  27.60  5  1.99  8.88 219.83  23.03  1.58 13.25 227.07  11.57  0.68 16.20 302.37  11.99  0.21 11.69 324.51   8.96  0.10 21.80 311.93   8.74
19990201 000000  9.1 195.7  2.60 12.96 226.28  28.22  5  1.98  9.12 218.55  23.99  1.54 12.86 226.66  12.00  0.65 15.68 302.37  12.09  0.23 11.71 321.68  11.58  0.11 21.66 311.89   8.79
