Date     Time   Uabs UDir  hs    tp    th     sp     np hs(i) tp(i) th(i)  sp(i)
19810501 000000  4.2 180.9  2.63 11.68 233.21  25.62  4  2.56 11.68 230.77  21.90  0.48 16.83 307.10  10.16  0.26 19.18 226.42  10.80  0.22 14.38 306.23  11.07
19810501 030000  6.6 215.7  2.69 13.35 235.50  23.88  3  2.20 11.52 234.04  21.93  1.42 13.78 229.75  10.61  0.58 16.65 305.21  11.56
19810501 060000  5.3 199.9  2.88 14.41 236.20  21.85  2  2.81 14.39 233.56  17.08  0.62 16.60 304.38  11.86
19810501 090000  3.9 177.1  3.06 14.34 236.86  20.26  3  3.00 14.33 234.60  15.78  0.58 16.58 304.73  11.01  0.18 13.53 309.41   9.38
19810501 120000  2.3 161.2  3.14 14.14 238.10  19.18  3  3.08 14.14 236.13  15.06  0.55 16.56 305.43  10.91  0.21 13.58 307.91  10.01
19810501 150000  2.3 205.8  3.16 13.83 239.30  18.30  3  3.11 13.83 237.58  14.57  0.53 16.49 306.15  10.70  0.18 13.52 312.60   6.95
19810501 180000  5.7 234.7  3.22 16.38 239.91  17.65  4  2.69 13.75 238.30  14.90  1.70 16.74 238.68  12.36  0.50 16.28 307.43  10.12  0.18 13.51 312.38   7.32
19810501 210000  4.9 218.3  3.34 16.24 239.75  17.15  3  2.42 13.40 237.87  15.06  2.24 16.35 238.95  12.39  0.53 15.67 308.09   9.85
19810502 000000  2.3 210.1  3.46 15.85 239.01  16.68  2  3.42 16.02 237.70  13.51  0.53 15.55 306.86  10.53
19810502 030000  5.0 266.6  3.55 15.73 238.22  16.29  2  3.51 15.85 236.93  13.12  0.55 15.51 304.59  12.26
19810502 060000  4.9 236.3  3.59 15.69 237.37  16.11  2  3.55 15.82 236.10  12.93  0.55 15.48 303.77  12.61
19810502 090000  2.3 228.9  3.58 15.62 236.51  16.00  2  3.53 15.72 235.22  12.69  0.55 15.46 303.69  12.72
19810502 120000  4.0  37.6  3.51 15.60 235.65  15.86  2  3.47 15.69 234.37  12.42  0.54 15.42 304.35  12.61
19810502 150000  5.9 334.4  3.46 15.79 235.13  18.17  2  3.42 15.99 233.87  15.34  0.52 15.33 305.45  12.20
19810502 180000  5.6 325.9  3.53 16.27 234.00  17.42  2  3.50 16.53 232.89  14.67  0.50 15.09 306.41  11.63
19810502 210000  7.4 319.1  3.73 16.46 234.14  19.89  2  3.70 16.57 233.20  18.01  0.48 14.65 306.37  11.68
19810503 000000 12.1 351.6  3.99 16.61 234.86  23.96  2  3.96 16.68 234.07  22.79  0.47 14.53 305.85  11.85
19810503 030000 10.0 339.6  4.18 17.20 236.69  27.67  2  4.16 17.20 235.96  26.88  0.47 14.49 304.39  13.12
19810503 060000  6.0 338.1  4.13 17.02 235.44  25.09  3  0.70  4.49 351.52  29.61  4.04 17.03 233.30  17.98  0.47 14.45 304.55  12.32
19810503 090000  4.3 355.9  3.98 16.63 234.22  22.39  2  3.95 16.63 233.42  21.11  0.47 14.43 304.43  12.37
19810503 120000  4.9  11.2  3.88 16.48 232.91  20.40  2  3.85 16.48 232.09  18.86  0.46 14.40 304.60  12.33
19810503 150000  3.1  11.5  3.94 16.41 231.22  18.67  2  3.92 16.41 230.50  17.05  0.44 14.35 306.17  10.94
19810503 180000  3.9 230.6  4.22 16.41 229.40  16.64  2  4.20 16.42 228.85  15.15  0.41 14.30 307.06  10.51
19810503 210000  4.7 197.6  4.57 17.22 228.36  15.29  2  4.55 17.22 227.95  14.03  0.39 14.11 307.04  10.83
19810504 000000  0.5  73.5  4.79 17.36 228.32  14.67  2  4.77 17.36 227.99  13.60  0.37 13.73 307.32  10.84
19810504 030000  3.4  34.1  4.81 17.12 228.79  14.39  2  4.80 17.12 228.48  13.38  0.36 13.58 307.27  10.90
19810504 060000  4.9 338.9  4.72 16.72 229.37  15.09  2  4.70 16.72 229.05  14.13  0.35 13.52 306.93  10.91
19810504 090000  5.2 323.8  4.58 16.57 229.88  16.06  2  4.56 16.57 229.53  15.09  0.36 13.49 306.39  11.04
19810504 120000  3.6 347.2  4.39 16.50 229.99  16.53  2  4.37 16.50 229.59  15.50  0.37 13.48 304.68  12.56
19810504 150000  2.3 322.8  4.16 16.43 229.85  16.43  2  4.14 16.43 229.42  15.30  0.36 13.47 304.57  12.58
19810504 180000  4.5 319.8  3.94 16.27 229.81  16.41  2  3.92 16.27 229.36  15.24  0.35 13.45 304.65  12.75
19810504 210000  5.6 329.0  3.78 15.99 230.28  17.32  2  3.76 15.99 229.84  16.27  0.33 13.41 304.84  13.05
19810505 000000  5.2   1.8  3.71 15.64 230.90  18.14  2  3.70 15.64 230.53  17.27  0.30 13.31 307.18  11.03
19810505 030000  7.5 358.2  3.73 15.40 231.91  20.20  2  3.72 15.40 231.58  19.54  0.28 12.96 307.13  11.23
19810505 060000  5.0 298.3  3.81 15.21 232.70  19.86  2  3.80 15.21 232.41  19.28  0.27 12.73 307.21  11.24
19810505 090000  2.0 184.8  3.80 14.78 233.05  18.57  2  3.79 14.78 232.76  17.97  0.27 12.65 306.64  11.33
19810505 120000  1.9 129.2  3.61 14.44 233.36  18.13  1  3.61 14.44 233.36  18.13
19810505 150000  5.3 148.0  3.41 14.25 233.10  18.55  2  3.40 14.26 232.78  17.87  0.25 12.60 307.82   9.97
19810505 180000  4.6 167.1  3.24 14.04 232.62  19.08  2  3.23 14.04 232.29  18.37  0.24 12.60 308.40   9.39
19810505 210000  5.1 168.4  3.09 13.55 232.49  18.84  2  3.09 13.57 232.15  18.12  0.23 12.58 308.58   9.44
19810506 000000  1.1 142.5  2.94 13.38 232.34  18.92  2  2.93 13.40 232.02  18.21  0.22 12.57 309.81   8.90
19810506 030000  1.4 112.6  2.78 13.26 232.48  18.66  1  2.78 13.26 232.48  18.66
19810506 060000  1.5 330.9  2.64 13.05 232.57  18.59  2  2.64 13.05 232.45  18.38  0.12 15.80 301.05  10.00
19810506 090000  4.7  28.1  2.51 12.74 232.75  20.75  3  2.50 12.75 232.23  19.78  0.20 12.02 309.12   9.44  0.14 15.62 301.38  10.03
19810506 120000  4.9  24.4  2.38 12.60 232.84  21.69  4  2.37 12.62 232.27  20.67  0.19 11.91 309.08   9.41  0.14 15.59 301.99  10.21  0.06 25.01 221.10   8.38
19810506 150000  5.4   8.5  2.27 12.51 233.20  24.33  4  2.25 12.53 232.60  23.42  0.18 11.85 310.07   8.91  0.14 15.58 302.40  10.31  0.08 24.44 221.24   8.43
19810506 180000  6.7 329.3  2.18 12.39 234.72  26.59  4  2.17 12.42 234.06  25.75  0.19 11.83 307.74  10.62  0.14 15.58 303.15  10.28  0.10 23.68 221.64   8.43
19810506 210000  5.8 333.2  2.12 12.20 237.08  29.46  4  2.10 12.27 236.41  28.78  0.19 11.81 307.62  10.63  0.14 15.58 303.40  10.44  0.12 23.35 221.96   8.69
19810507 000000  6.7  10.3  2.07 12.08 239.69  32.94  4  2.05 12.14 239.01  32.43  0.18 11.79 307.36  10.68  0.15 22.89 222.06   8.67  0.14 15.53 303.65  10.49
19810507 030000  8.0  10.8  2.05 12.07 244.23  39.34  4  2.03 12.14 243.55  39.11  0.18 11.77 307.18  10.91  0.17 22.14 222.53   8.65  0.16 15.33 301.27  11.36
19810507 060000  7.1 352.5  2.01 12.02 249.68  41.79  4  1.99 12.08 249.10  41.70  0.20 21.83 222.70   8.80  0.18 11.75 307.14  11.01  0.16 14.78 302.12  10.22
19810507 090000  9.0 353.9  2.02 11.89 257.88  44.98  5  1.99 11.91 257.60  45.20  0.23 21.40 222.76   8.73  0.18 14.65 302.38  10.20  0.17 11.71 307.00  11.20  0.15 14.59 258.48   5.48
19810507 120000 12.0 357.0  2.19 11.77 276.81  50.40  7  1.32  5.12 341.90  27.79  1.24  8.55 267.36  17.59  1.17 11.85 220.10  12.83  0.26 20.69 223.03   8.70  0.18 14.61 303.03  10.29  0.17 11.65 306.28  11.43  0.13 13.63 262.05   7.32
19810507 150000 12.1   1.9  2.42 11.59 292.46  52.90  6  1.66  5.53 346.79  30.68  1.32  9.68 266.86  15.83  1.10 11.77 221.65  14.48  0.29 20.40 222.87   8.74  0.19 14.59 301.64  11.96  0.12 13.65 258.15   5.25
19810507 180000 13.9 324.4  2.88 10.33 287.65  44.80  4  2.70  9.75 296.84  40.52  0.93 11.93 217.13  12.20  0.32 19.90 222.64   8.61  0.19 14.58 303.78  10.58
19810507 210000  9.0 293.6  3.10 10.13 274.58  37.11  3  3.07 10.13 275.18  36.93  0.35 19.27 223.68   9.73  0.18 14.61 303.70  11.21
19810508 000000  8.6 329.7  3.28 11.24 264.51  32.63  3  3.22 10.87 266.37  31.72  0.46 12.46 204.45   6.80  0.39 19.03 223.62   8.97
19810508 030000  3.9 344.0  3.82 12.45 258.08  26.72  3  3.76 12.52 259.69  25.74  0.57 11.75 206.37   7.27  0.43 18.37 222.09   8.43
19810508 060000  0.7 122.6  3.94 12.56 257.55  23.86  3  3.88 12.63 258.92  22.86  0.52 11.50 205.77   7.31  0.46 17.93 222.98   8.66
19810508 090000  2.9 197.5  3.73 12.82 256.98  23.01  3  3.68 12.91 258.09  22.13  0.45 11.67 204.48   6.92  0.39 17.91 222.37   8.13
19810508 120000  1.6 148.9  3.42 12.68 254.28  23.66  3  3.37 12.70 255.25  23.12  0.44 17.48 222.04   8.78  0.32 11.21 205.14   8.09
19810508 150000  3.8 160.0  3.06 12.02 250.29  25.30  3  2.62 12.44 259.71  23.12  1.51 11.69 225.70  10.30  0.45 16.79 221.73   8.58
19810508 180000  6.2 201.9  2.74 11.35 246.46  26.90  4  2.56 11.00 244.97  27.36  0.82 11.82 263.32   6.74  0.44 16.68 222.28   8.44  0.21 14.18 305.75  10.46
19810508 210000  8.9 200.1  2.54 10.84 242.03  28.73  3  2.07 10.78 227.53  19.85  1.43 10.98 275.27  18.13  0.41 16.61 222.56   8.79
19810509 000000  5.6 194.8  2.38 10.39 238.76  30.35  4  1.83 10.46 219.99  20.52  1.46 10.29 268.82  18.07  0.41 16.04 221.51   8.79  0.22 13.68 305.52  11.70
19810509 030000  7.3 183.0  2.19 10.16 238.53  30.62  4  1.69 10.11 220.39  21.19  1.30 10.76 270.11  17.20  0.45 15.62 220.97   8.54  0.22 13.56 306.12  11.55
19810509 060000  8.0 185.7  2.05  9.87 236.99  31.51  4  1.54 10.03 217.09  22.36  1.25  9.70 267.38  17.45  0.45 15.55 220.69   9.09  0.23 13.53 306.76  11.09
19810509 090000  4.9 178.7  1.90  9.65 237.56  31.16  5  1.39  9.68 216.97  21.87  1.18  9.60 266.60  16.85  0.46 15.43 219.88   9.35  0.22 13.50 305.05  11.60  0.07 11.01 315.53   7.08
19810509 120000  4.3 170.3  1.78  9.51 238.09  30.04  6  1.19  9.25 218.24  21.00  1.04  9.85 267.45  17.22  0.67 14.69 218.00  10.64  0.39 12.01 254.18   8.05  0.22 13.50 305.08  11.00  0.09 11.10 315.51   7.24
19810509 150000  4.0 223.7  1.74  9.38 236.89  28.88  6  1.08  9.54 219.55  19.10  0.98  9.09 267.73  16.38  0.82 14.44 215.93   9.73  0.42 11.90 251.60   9.62  0.21 13.50 306.76   9.91  0.10 11.08 316.06   7.07
19810509 180000  5.3 227.2  1.74 14.23 234.72  27.77  6  0.99  9.60 219.17  17.75  0.99 14.31 217.15  10.15  0.92  9.01 267.17  16.63  0.41 11.64 253.33   7.04  0.22 13.46 306.64  10.87  0.09 10.96 315.68   7.40
19810509 210000  4.0 203.9  1.75 12.05 232.28  26.88  5  1.46 14.05 218.06  13.89  0.83  9.05 267.52  16.43  0.42 11.37 254.46   7.69  0.24 13.39 307.95  11.20  0.05 17.76 311.40  10.31
19810510 000000  2.2 143.3  1.75 11.94 229.98  25.89  4  1.45 13.19 217.29  11.09  0.94 11.19 259.11  22.82  0.24 13.12 308.05  11.11  0.05 17.76 313.17   9.94
19810510 030000  3.7 144.4  1.74 11.84 228.17  25.00  3  1.50 11.97 217.21  10.96  0.83 11.02 261.70  20.54  0.25 12.79 307.53  11.54
19810510 060000  3.7 142.2  1.69 11.74 226.63  25.04  4  1.49 11.88 217.33  10.99  0.76 11.00 260.14  26.34  0.25 12.72 307.13  11.75  0.06 17.25 315.83   7.63
19810510 090000  1.9  43.1  1.62 11.68 225.82  25.16  5  1.42 11.85 216.65  10.92  0.71 10.97 259.31  26.10  0.26 12.69 306.98  11.60  0.07 16.67 313.65   8.74  0.07 17.83 213.16   5.83
19810510 120000  5.2   9.0  1.54 11.57 226.72  29.09  5  1.36 11.87 216.57  10.41  0.68 10.94 267.99  36.01  0.27 12.69 306.18  12.38  0.09 16.61 312.15   9.40  0.08 17.84 217.50   8.24
19810510 150000  4.5  29.3  1.50 12.33 229.86  34.77  6  1.28 11.97 216.07   9.99  0.73 10.70 280.38  40.94  0.27 12.69 306.30  12.24  0.10 16.59 311.84   9.74  0.10 16.84 215.02   7.55  0.07 18.10 249.73   6.81
19810510 180000  3.3 313.0  1.46 12.33 234.47  36.46  8  1.20 11.90 216.08  10.22  0.63  6.77 300.05  33.01  0.43 10.38 258.91   8.31  0.25 12.68 305.19  12.19  0.13 16.65 216.89   8.66  0.10 16.58 312.36   9.75  0.10 10.30 314.67   9.06  0.10 17.77 247.94   7.48
19810510 210000  2.9 345.3  1.42 12.04 240.26  38.99  7  1.11 11.74 215.78  10.14  0.74  6.62 296.09  27.72  0.33 10.26 256.06   6.98  0.27 12.66 306.75  12.32  0.12 17.30 247.18   7.77  0.12 16.64 216.20   7.71  0.10 16.51 313.70   9.32
19810511 000000  7.2  21.5  1.38 11.66 246.32  43.85  7  1.02 11.61 215.48  10.13  0.80  6.63 303.32  32.64  0.32 10.21 256.56   7.10  0.26 12.63 307.24  12.14  0.14 16.83 247.03   7.58  0.13 16.35 215.11   7.69  0.10 16.09 315.22   8.41
19810511 030000  8.1  46.3  1.43 11.58 262.33  54.74  7  0.99  6.39 321.04  42.13  0.93 11.52 214.89  10.07  0.27 10.15 255.98   7.48  0.25 12.53 308.26  11.11  0.17 16.72 243.03  12.62  0.14 15.62 214.63   7.21  0.12 15.60 315.62   7.86
19810511 060000 12.1 348.7  2.06  6.61 315.61  47.54  8  1.84  6.58 331.14  29.18  0.84 11.46 214.06  10.12  0.24 10.09 256.36   7.57  0.22 12.32 307.08  10.91  0.18 15.97 247.03   7.61  0.15 15.56 214.97   6.90  0.13 15.53 314.65   8.21  0.08 18.51 221.10   9.42
19810511 090000 10.4 351.5  2.83  8.18 320.32  36.43  7  2.70  8.14 326.04  26.60  0.73 11.31 212.85   9.56  0.31 10.59 259.71   7.95  0.21 15.64 244.61   9.63  0.15 15.52 313.37   8.66  0.12 15.59 213.87   6.68  0.07 18.65 215.97   7.31
19810511 120000 13.2   1.4  2.94  8.66 320.70  36.68  6  2.85  8.63 324.60  30.08  0.65 11.21 211.85   8.67  0.22 15.56 245.89   8.62  0.16 15.49 313.03   9.06  0.15 15.11 215.69   7.60  0.08 18.02 215.10   6.87
19810511 150000  9.4   6.6  2.94  8.93 318.76  36.62  7  2.76  8.83 326.14  28.57  0.74  9.87 269.93   8.96  0.61 11.12 211.40   8.33  0.24 14.86 245.17   9.06  0.16 15.42 313.08   9.18  0.14 14.66 213.47   6.74  0.13 17.62 220.10   9.13
19810511 180000  6.5 332.0  2.81  9.15 312.42  34.75  7  2.62  8.93 320.12  26.14  0.73 10.02 269.14   8.53  0.61 11.04 211.02   8.04  0.27 14.61 244.45   9.49  0.17 15.19 313.87   8.99  0.14 14.55 212.65   5.91  0.13 17.78 219.32   7.42
19810511 210000  6.4 336.1  2.72  9.32 308.00  33.50  7  2.47  9.12 317.50  23.63  0.88  9.47 272.94   9.76  0.62 10.97 210.80   8.22  0.28 14.54 245.07   9.44  0.17 14.69 314.89   8.50  0.15 17.04 218.00   8.28  0.13 14.56 214.94   9.31
19810512 000000 13.2 356.1  2.76  9.30 311.03  35.78  5  2.66  9.23 315.62  29.06  0.63 10.87 209.90   7.70  0.30 14.36 244.97   9.33  0.18 16.68 217.69   7.82  0.17 14.57 315.68   7.88
19810512 030000  8.8 350.6  2.77  9.20 311.32  35.87  6  2.67  9.13 315.73  29.50  0.59 10.77 209.28   7.77  0.30 13.84 246.19   8.07  0.19 16.66 218.55   7.96  0.18 14.53 315.68   7.70  0.14 14.17 215.58   6.56
19810512 060000  4.5 329.0  2.62  9.24 305.98  34.87  6  2.51  9.16 310.91  28.03  0.58 10.67 209.27   8.03  0.31 13.66 246.66   8.06  0.21 16.57 218.62   8.82  0.18 14.51 315.10   7.58  0.16 13.78 216.08   8.54
19810512 090000  5.7  21.1  2.50  9.32 302.00  34.60  6  2.38  9.24 307.43  27.40  0.57 10.56 208.90   7.86  0.32 13.47 245.46   9.10  0.26 15.55 218.94   9.81  0.21 14.41 314.77   8.57  0.10 13.54 215.00   0.00
19810512 120000 13.0  17.1  2.52  9.29 307.24  39.55  5  2.40  9.22 312.95  33.41  0.59 10.44 209.73   8.89  0.32 13.40 246.87   7.80  0.25 15.65 217.42   8.27  0.22 14.31 316.00   7.30
19810512 150000  8.4 352.8  2.54  9.12 309.58  37.92  5  2.43  9.07 314.69  31.75  0.55 10.33 208.59   8.05  0.32 13.23 245.75   7.90  0.26 15.68 218.39   8.53  0.24 13.99 314.25   8.51
19810512 180000  7.3 325.5  2.42  8.97 306.97  36.04  5  2.31  8.93 312.19  29.39  0.52 10.21 208.54   8.52  0.33 12.90 246.85   8.52  0.28 15.80 218.16   9.45  0.23 13.75 314.69   8.39
19810512 210000  7.2 323.7  2.27  8.87 304.62  35.86  6  2.16  8.82 310.39  28.57  0.52 10.12 209.65  10.54  0.30 12.72 247.42   7.53  0.25 16.37 220.11  10.01  0.23 13.65 315.21   8.18  0.14 14.49 219.01   4.90
19810513 000000  4.4 345.0  2.15  8.81 301.58  36.35  6  2.02  8.75 308.42  28.21  0.50 10.04 208.63   9.65  0.33 12.60 247.36   8.57  0.25 16.62 222.27  10.14  0.22 13.60 315.60   8.00  0.21 14.49 214.17   8.65
19810513 030000  3.8  20.0  2.06  8.78 298.32  36.50  5  1.92  8.72 306.22  27.46  0.50  9.94 207.22   8.82  0.36 14.77 220.85  10.65  0.35 12.53 246.93   8.64  0.23 13.53 315.41   7.50
19810513 060000  4.4  54.6  1.98  8.75 295.89  36.83  5  1.83  8.68 304.74  27.08  0.48  9.82 206.67   9.20  0.42 16.25 221.48  12.70  0.34 12.41 247.26   8.70  0.25 13.41 316.51   7.42
19810513 090000  4.4  69.5  1.92  8.67 294.02  36.80  5  1.75  8.61 303.78  26.35  0.48  9.68 206.10   9.09  0.43 16.00 224.18  12.94  0.35 12.19 246.66   8.70  0.27 13.20 314.63   8.91
19810513 120000  2.5  85.9  1.86  8.59 292.56  37.33  7  1.67  8.54 303.48  26.52  0.38 15.74 230.76  12.56  0.37 11.84 244.63  12.17  0.37  9.55 205.53   8.16  0.31 13.66 218.23  10.96  0.28 12.98 314.74   8.45  0.23 11.84 199.85   5.32
19810513 150000  3.3  60.0  1.79  8.52 290.45  37.10  7  1.59  8.48 302.84  25.20  0.43 15.51 231.81  12.62  0.41 11.96 243.42  11.25  0.33  9.40 206.04   9.29  0.27 12.87 314.96   8.23  0.27 11.66 202.13   6.36  0.26 13.68 216.63   9.71
19810513 180000  1.0 280.4  1.70  8.47 287.78  37.19  6  1.48  8.43 302.24  24.12  0.57 14.70 230.00  12.88  0.39 11.76 244.21  10.81  0.30  9.32 205.38   9.17  0.26 11.39 201.65   5.51  0.26 12.81 315.26   8.13
19810513 210000  3.1 228.2  1.61  8.38 284.55  37.62  5  1.36  8.35 301.88  23.61  0.59 14.46 232.24  12.52  0.42 11.79 206.08   9.35  0.39 11.69 247.21   8.66  0.25 12.77 315.57   8.00
19810514 000000  1.2 357.4  1.51  8.27 281.20  38.02  5  1.23  8.23 300.98  23.84  0.66 14.23 232.83  13.13  0.36 11.01 204.94   8.79  0.36 11.49 246.88   6.99  0.28 12.64 315.28   7.90
19810514 030000  2.3  61.4  1.42 13.39 278.20  38.25  4  1.11  8.05 300.47  24.38  0.76 13.58 237.21  13.57  0.33 10.83 204.28   8.01  0.29 12.53 314.14   9.19
19810514 060000  3.7  99.5  1.33 13.29 275.45  40.43  4  1.02  7.89 299.72  30.53  0.74 13.45 237.26  13.19  0.31 10.55 204.58   8.18  0.28 12.36 315.06   8.08
19810514 090000  2.3  78.0  1.26 13.18 271.79  39.73  5  0.93  7.75 298.13  29.84  0.65 13.40 239.25  12.14  0.37 15.77 227.46   9.93  0.29 12.11 314.28   8.79  0.28 10.31 204.43   7.40
19810514 120000  1.4  90.3  1.36 14.47 259.83  37.14  4  0.98 14.49 235.06  10.82  0.86  7.55 296.62  28.78  0.29 12.02 314.64   8.48  0.26 10.10 205.18   7.71
19810514 150000  2.1  44.7  1.79 13.91 247.14  28.62  4  1.56 13.92 236.23   9.98  0.79  7.36 294.52  28.22  0.29 11.98 314.48   9.08  0.20  9.89 203.80   6.40
19810514 180000  4.5 286.2  2.35 13.54 243.31  21.54  4  2.19 13.56 238.08  10.16  0.77  7.23 290.15  28.24  0.28 11.96 314.63   9.22  0.16  9.71 203.63   6.42
19810514 210000  4.2 292.8  2.83 13.42 242.84  18.40  2  2.82 13.44 242.30  17.25  0.28 11.92 315.17   8.45
19810515 000000  0.5  24.2  3.23 13.71 242.53  16.55  2  3.22 13.73 242.14  15.59  0.27 11.85 315.50   8.09
19810515 030000  1.3 343.2  3.64 15.76 242.26  15.18  2  3.64 15.76 241.97  14.40  0.26 11.72 316.23   7.53
19810515 060000  2.4 339.2  4.04 15.97 242.35  14.47  2  4.04 15.97 242.13  13.84  0.25 11.57 316.24   7.50
19810515 090000  3.2   1.8  4.34 15.97 242.64  14.44  2  4.33 15.97 242.46  13.93  0.25 11.44 316.13   7.50
19810515 120000  3.0  18.9  4.58 16.24 242.50  15.07  1  4.58 16.24 242.50  15.07
19810515 150000  0.8 323.0  4.81 16.88 241.64  15.00  2  4.28 16.88 243.22  15.25  2.19 19.31 235.65  12.29
19810515 180000  4.4 201.7  4.95 17.61 240.61  14.84  1  4.95 17.61 240.61  14.84
19810515 210000  5.4 157.9  4.97 17.39 239.42  15.03  1  4.97 17.39 239.42  15.03
19810516 000000  3.4 184.1  4.90 16.98 238.50  15.15  1  4.90 16.98 238.50  15.15
19810516 030000  3.3 206.8  4.76 16.64 237.90  15.25  1  4.76 16.64 237.90  15.25
19810516 060000  5.7 190.7  4.55 16.40 237.31  15.73  1  4.55 16.40 237.31  15.73
19810516 090000  5.2 170.1  4.32 16.07 236.66  16.42  1  4.32 16.07 236.66  16.42
19810516 120000  3.1 148.0  4.09 15.59 236.29  16.73  1  4.09 15.59 236.29  16.73
19810516 150000  4.1 184.0  3.87 15.38 235.99  16.90  1  3.87 15.38 235.99  16.90
19810516 180000  6.9 201.0  3.69 15.17 235.32  17.42  1  3.69 15.17 235.32  17.42
19810516 210000  8.0 199.0  3.53 14.81 234.41  18.14  1  3.53 14.81 234.41  18.14
19810517 000000  5.9 190.2  3.35 14.56 233.66  18.74  1  3.35 14.56 233.66  18.74
19810517 030000  4.7 188.6  3.11 14.37 233.57  18.73  2  3.11 14.37 233.38  18.26  0.18 11.59 316.05   7.47
19810517 060000  3.1 185.6  2.88 14.20 233.57  18.64  2  2.87 14.20 233.34  18.07  0.18 11.67 316.08   7.24
19810517 090000  3.7 193.7  2.65 13.89 233.65  18.73  2  2.65 13.89 233.36  18.03  0.18 11.71 315.01   8.25
19810517 120000  1.9 121.2  2.47 13.61 233.83  18.73  2  2.46 13.61 233.50  17.93  0.18 11.73 314.99   8.21
19810517 150000  1.8 210.8  2.36 13.45 234.02  18.43  2  2.35 13.45 233.66  17.56  0.18 11.73 315.03   8.15
19810517 180000  3.5 203.7  2.32 13.28 234.10  18.28  2  2.31 13.28 233.75  17.40  0.18 11.71 315.20   8.08
19810517 210000  3.2 199.8  2.34 13.01 234.57  17.84  2  2.34 13.01 234.24  16.99  0.18 11.65 315.19   8.06
19810518 000000  1.0  54.2  2.47 12.88 234.52  17.13  2  2.46 12.89 234.23  16.35  0.17 11.56 315.41   7.79
19810518 030000  1.6 163.4  2.75 13.02 233.46  16.09  3  2.07 12.75 238.02  17.07  1.80 14.83 227.11  10.08  0.17 11.20 315.57   7.58
19810518 060000  4.2 150.2  3.25 16.50 231.49  15.63  2  3.24 16.50 231.34  15.16  0.16 11.10 315.78   7.49
19810518 090000  3.9 134.9  3.92 16.23 230.28  14.41  1  3.92 16.23 230.28  14.41
19810518 120000  3.0 121.4  4.41 16.07 229.94  14.18  1  4.41 16.07 229.94  14.18
19810518 150000  4.4 125.8  4.67 16.76 229.93  14.24  1  4.67 16.76 229.93  14.24
19810518 180000  6.2 207.3  4.78 17.48 229.80  13.94  1  4.78 17.48 229.80  13.94
19810518 210000  5.4 206.8  4.77 17.29 229.48  13.84  1  4.77 17.29 229.48  13.84
19810519 000000  0.3 278.6  4.67 16.88 229.03  13.88  1  4.67 16.88 229.03  13.88
19810519 030000  2.9 156.5  4.51 16.54 228.53  13.94  1  4.51 16.54 228.53  13.94
19810519 060000  9.9 184.3  4.43 16.29 227.41  15.01  1  4.43 16.29 227.41  15.01
19810519 090000 10.7 173.1  4.42 16.02 225.38  17.63  2  1.13  4.48 190.56  31.79  4.27 16.02 227.37  13.72
19810519 120000  9.9 162.5  4.35 15.59 224.06  19.28  1  4.35 15.59 224.06  19.28
19810519 150000  9.7 166.6  4.19 15.38 223.49  19.49  1  4.19 15.38 223.49  19.49
19810519 180000 11.1 176.4  4.06 15.23 222.51  19.69  1  4.06 15.23 222.51  19.69
19810519 210000 12.1 183.1  4.03 15.06 221.11  19.92  1  4.03 15.06 221.11  19.92
19810520 000000  7.3 189.5  4.00 14.79 220.44  20.33  1  4.00 14.79 220.44  20.33
19810520 030000  6.5 152.7  3.77 14.67 221.68  18.63  1  3.77 14.67 221.68  18.63
19810520 060000  5.7 187.8  3.56 14.59 222.28  16.55  1  3.56 14.59 222.28  16.55
19810520 090000  7.0 179.9  3.39 14.49 221.95  15.77  1  3.39 14.49 221.95  15.77
19810520 120000  4.8 192.6  3.20 14.37 221.76  15.38  1  3.20 14.37 221.76  15.38
19810520 150000  4.6 205.2  2.99 14.23 221.85  14.92  1  2.99 14.23 221.85  14.92
19810520 180000  6.0 215.9  2.78 14.01 221.87  14.84  1  2.78 14.01 221.87  14.84
19810520 210000  5.6 205.8  2.58 13.63 221.77  15.25  1  2.58 13.63 221.77  15.25
19810521 000000  5.1 203.7  2.38 13.41 221.69  15.59  1  2.38 13.41 221.69  15.59
19810521 030000  5.5 199.6  2.19 13.21 221.51  16.09  1  2.19 13.21 221.51  16.09
19810521 060000  7.0 186.2  2.03 12.80 220.81  17.28  2  2.02 12.80 220.60  16.58  0.12 12.72 311.96   9.14
19810521 090000  3.3 169.3  1.85 12.58 220.86  17.85  2  1.85 12.58 220.58  16.98  0.13 13.30 311.80   9.55
19810521 120000  3.6 220.9  1.69 12.43 221.21  17.80  3  1.69 12.43 220.87  16.72  0.10 11.89 309.35   9.10  0.09 13.61 316.18   7.69
19810521 150000  4.6 220.8  1.55 12.10 221.42  17.92  2  1.55 12.11 221.01  16.63  0.13 13.47 312.37   9.55
19810521 180000  4.8 215.1  1.44 11.85 221.51  18.42  2  1.43 11.85 221.03  16.95  0.13 13.44 312.51   9.59
19810521 210000  2.7 232.8  1.32 11.75 221.66  18.88  3  1.32 11.74 221.08  17.16  0.11 12.00 310.92   9.70  0.07 13.60 316.95   7.54
19810522 000000  1.5 246.9  1.21 11.68 222.00  19.28  2  1.21 11.66 221.28  17.16  0.13 12.21 312.95   9.44
19810522 030000  1.6 241.2  1.11 11.55 223.01  20.09  4  0.91 11.45 222.83  18.50  0.61 13.35 218.66  12.82  0.14 10.91 258.73   4.94  0.14 12.49 313.15   9.41
19810522 060000  0.5  67.9  1.03 13.13 224.85  24.12  2  1.02 13.27 223.75  21.79  0.14 12.53 313.34   9.42
19810522 090000  1.7  61.3  1.02 13.92 230.48  29.78  3  0.88 13.32 221.74  29.26  0.51 14.36 249.79   7.58  0.14 12.53 313.47   9.47
19810522 120000  0.2 138.1  1.21 13.48 238.51  25.62  2  1.21 13.53 237.78  24.58  0.13 12.51 313.62   9.44
19810522 150000  1.0   4.0  1.64 12.93 243.41  19.77  2  1.63 12.95 243.06  19.12  0.13 12.44 314.13   8.94
19810522 180000  1.5 248.4  2.14 12.75 245.37  16.02  2  2.13 12.77 245.17  15.57  0.13 12.13 314.46   8.79
19810522 210000  0.9 268.0  2.62 13.42 245.79  14.80  2  2.62 13.44 245.66  14.48  0.12 11.91 315.86   7.42
19810523 000000  2.6  15.1  3.09 15.55 245.68  14.44  1  3.09 15.55 245.68  14.44
19810523 030000  3.8  39.8  3.37 15.37 245.65  15.51  1  3.37 15.37 245.65  15.51
19810523 060000  3.4  27.2  3.49 14.97 245.84  14.98  1  3.49 14.97 245.84  14.98
19810523 090000  4.3  34.0  3.49 14.61 246.27  15.08  1  3.49 14.61 246.27  15.08
19810523 120000  2.9  20.0  3.41 14.49 246.86  15.61  1  3.41 14.49 246.86  15.61
19810523 150000  3.8  14.2  3.27 14.52 247.51  16.19  1  3.27 14.52 247.51  16.19
19810523 180000  2.5 331.0  3.15 14.46 247.75  16.60  1  3.15 14.46 247.75  16.60
19810523 210000  4.0 313.5  3.19 14.15 247.22  16.71  1  3.19 14.15 247.22  16.71
19810524 000000  3.6 303.3  3.17 13.55 247.18  16.95  1  3.17 13.55 247.18  16.95
19810524 030000  5.0 216.2  2.98 13.27 247.57  17.97  1  2.98 13.27 247.57  17.97
19810524 060000  8.1 183.9  2.77 12.80 246.74  20.66  2  2.76 12.80 246.65  20.51  0.11 11.03 315.97   7.58
19810524 090000  9.4 185.1  2.73 12.53 243.18  24.87  3  2.56 12.49 246.87  24.19  0.94 13.66 216.89   7.53  0.09 11.08 318.47   6.04
19810524 120000  5.9 169.0  2.75 12.33 241.46  25.82  3  2.66 11.90 243.43  25.29  0.66 12.74 210.25   5.75  0.08 10.94 319.41   4.97
19810524 150000 10.8 182.0  2.81 11.87 238.43  27.59  2  2.54 11.45 243.89  27.95  1.20 12.52 216.23   8.61
19810524 180000 14.4 183.5  3.01 11.68 231.01  31.39  2  2.03 12.84 205.16  27.22  2.22 11.53 250.92  18.14
19810524 210000 12.6 184.2  3.06 11.51 226.67  32.29  3  1.71  5.69 192.33  29.24  2.05 11.30 253.11  16.47  1.50 12.35 217.60  10.89
19810525 000000  9.3 182.9  2.97 11.23 224.78  31.35  4  2.01  6.86 209.66  34.91  1.53 11.03 256.11  12.44  1.23 11.51 219.33  11.36  0.96 13.82 212.86   9.24
19810525 030000 10.9 177.3  2.88 11.12 222.64  30.69  3  1.89  6.79 205.37  31.77  1.58 13.17 215.22  10.62  1.49 10.96 257.07  13.60
19810525 060000  9.4 172.1  2.75 11.06 221.63  29.89  3  1.74  6.90 204.12  30.82  1.65 12.73 215.27  10.84  1.35 10.80 258.75  12.72
19810525 090000  7.6 163.6  2.56 10.96 221.91  28.82  3  1.52  6.97 205.76  31.43  1.65 12.34 215.18  11.41  1.21 10.55 259.01  12.56
19810525 120000  6.6 184.6  2.34 10.65 222.49  27.46  2  2.05 12.49 211.65  21.21  1.13 10.32 258.74  12.55
19810525 150000  8.3 186.9  2.22 10.45 221.14  26.83  2  1.97 12.60 211.14  20.49  1.03 10.24 258.54  12.49
19810525 180000  8.0 198.8  2.13 10.34 220.89  26.03  3  1.93 12.64 212.64  20.44  0.90 10.06 259.82  11.32  0.07 14.36 299.03  15.16
19810525 210000  9.3 204.0  2.09 12.62 220.78  25.30  2  1.92 12.63 213.84  20.58  0.82  9.74 259.50  12.50
19810526 000000  8.7 197.5  2.08 12.58 220.10  25.67  4  1.41  6.34 214.92  28.02  1.32 12.59 213.15  10.52  0.76  9.62 259.58  11.09  0.07 13.29 312.17   9.14
19810526 030000  7.7 196.6  1.99 12.54 220.33  26.04  5  1.38  6.67 216.76  29.16  1.24 12.53 212.20   9.35  0.70  9.50 259.10  10.77  0.15 17.10 252.59  10.71  0.08 13.20 309.52  11.54
19810526 060000  9.3 198.7  1.92 12.48 219.85  26.15  5  1.34  6.28 216.04  29.23  1.19 12.47 211.85   9.36  0.67  9.22 258.19  11.24  0.16 16.82 252.55   7.59  0.07 13.07 312.35   9.50
19810526 090000  6.3 178.8  1.79 12.43 220.15  26.82  5  1.21  6.18 217.05  31.35  1.17 12.42 212.16   9.76  0.60  9.12 259.69  10.44  0.18 16.53 252.75   7.95  0.09 13.36 300.68  18.23
19810526 120000  4.8 214.7  1.64 12.38 221.60  26.20  5  0.98  5.83 217.83  30.78  1.13 12.37 211.77   9.49  0.63  8.98 259.45  11.88  0.21 16.37 252.89   7.33  0.09 13.41 300.89  16.82
19810526 150000  5.6 218.5  1.51 12.33 222.63  25.52  3  1.00  8.88 236.06  31.36  1.11 12.32 211.57   9.57  0.25 16.27 257.28  17.56
19810526 180000  7.4 215.0  1.45 12.26 222.94  25.31  3  0.93  8.74 237.60  30.71  1.08 12.26 211.33   9.64  0.28 15.60 256.70  16.07
19810526 210000  5.4 212.2  1.38 12.05 223.70  25.87  3  0.82  8.50 241.36  30.75  1.04 12.03 210.63   9.86  0.36 15.24 255.10  14.49
19810527 000000  4.0 210.8  1.34 12.42 225.93  26.17  6  0.60  4.57 222.55  31.48  0.96 11.85 210.54   9.38  0.52 14.17 252.61  11.78  0.48  8.40 262.46  11.86  0.06 17.44 314.18   8.09  0.05 19.41 209.62   6.54
19810527 030000  5.4 196.5  1.38 12.31 230.95  26.01  5  0.66  8.33 243.28  32.13  0.93 11.74 210.14   9.43  0.78 12.86 251.60   7.30  0.08 12.05 312.33   8.79  0.06 16.78 314.02   8.17
19810527 060000  4.7 158.0  1.49 11.90 236.74  25.61  5  1.05 12.01 252.22   8.18  0.85 11.55 209.43   9.03  0.61  8.32 241.09  35.45  0.08 12.03 311.88   9.15  0.07 16.64 313.67   8.44
19810527 090000  3.0 126.8  1.56 11.52 242.05  24.00  5  1.34 11.49 252.51  15.88  0.76 11.53 208.72   9.48  0.14 17.85 212.79   8.31  0.08 12.00 311.28   9.47  0.08 16.60 313.58   8.68
19810527 120000  0.4 215.6  1.57 11.19 246.03  22.10  4  1.40 11.14 254.60  13.08  0.68 11.50 208.55   9.96  0.18 17.04 210.43   7.57  0.09 16.56 314.45   8.15
19810527 150000  1.3 266.1  1.55 11.07 248.84  20.63  4  1.42 11.00 255.76  11.74  0.58 11.52 208.94   9.56  0.22 16.57 209.74   7.35  0.10 16.46 314.32   7.94
19810527 180000  3.4 207.7  1.53 11.13 250.49  19.90  4  1.43 11.02 256.01  12.30  0.48 11.58 208.42   8.70  0.27 16.17 211.80   8.20  0.11 15.93 314.64   7.29
19810527 210000  1.3 179.5  1.53 11.24 251.87  18.90  4  1.43 11.20 256.42  11.79  0.38 11.32 209.10   9.18  0.34 15.62 210.35   7.61  0.12 15.59 313.87   8.06
19810528 000000  1.0 324.8  1.59 12.54 252.49  18.09  4  1.51 12.52 256.33  11.87  0.38 15.32 211.38   8.16  0.32 11.58 210.93   9.86  0.13 15.53 314.02   8.20
19810528 030000  0.5  42.4  1.75 12.40 252.45  17.56  4  1.67 12.36 255.63  12.58  0.49 14.76 211.82   8.79  0.16 20.49 219.64   5.73  0.13 15.50 314.19   8.38
19810528 060000  1.9 172.3  1.93 12.27 252.28  17.35  4  1.84 12.02 255.33  12.92  0.54 14.41 214.06   9.13  0.15 20.45 220.93   7.89  0.14 15.46 314.45   8.31
19810528 090000  2.9 119.2  2.07 11.91 252.25  17.40  4  1.98 11.50 254.80  13.78  0.52 14.18 214.38   8.35  0.23 19.50 220.08   7.95  0.15 15.33 313.97   8.15
19810528 120000  1.8 114.6  2.14 11.57 252.55  17.69  5  2.04 11.45 255.69  13.33  0.51 13.63 214.96   8.47  0.32 18.96 219.82   8.04  0.21 16.48 208.47   6.07  0.16 14.73 314.83   7.13
19810528 150000  2.5 114.2  2.16 11.37 253.05  19.66  4  2.04 11.26 256.48  15.71  0.52 13.48 214.49   9.34  0.42 18.83 219.14   8.09  0.17 14.54 314.54   7.19
19810528 180000  4.2 210.4  2.14 11.26 253.66  19.77  4  2.01 11.15 257.49  15.33  0.50 13.49 213.90   9.16  0.49 17.96 219.54   7.84  0.17 14.49 314.92   7.20
19810528 210000  5.2 193.0  2.11 11.21 254.03  20.75  4  1.98 11.10 258.32  16.25  0.57 17.76 219.03   8.50  0.44 13.21 214.23   8.74  0.18 14.47 315.00   7.34
19810529 000000  3.3 169.3  2.07 11.20 254.48  21.33  4  1.92 11.09 259.26  16.64  0.60 17.58 219.94   8.09  0.43 13.18 213.56   8.57  0.17 14.46 315.54   7.26
19810529 030000  3.9 168.9  2.05 11.32 254.20  21.54  3  1.93 11.32 257.77  18.52  0.66 16.74 219.97   8.02  0.17 14.39 316.03   6.96
19810529 060000  5.8 166.8  2.08 11.48 252.30  23.41  3  1.95 11.48 255.82  21.16  0.69 16.57 220.52   8.15  0.18 13.83 314.89   7.22
19810529 090000  6.2 154.2  2.15 11.49 250.17  24.80  3  2.00 11.48 253.94  23.18  0.76 16.35 221.66   8.68  0.19 13.58 315.45   6.91
19810529 120000  5.8 165.1  2.27 12.03 248.56  24.23  3  2.09 11.95 252.60  22.83  0.86 15.52 223.06   8.66  0.20 13.55 315.15   6.99
19810529 150000  5.8 178.8  2.42 13.13 247.64  22.20  4  2.21 12.65 251.59  20.59  0.96 15.41 224.45   9.43  0.20 13.54 315.14   7.13  0.06 10.38 319.07   5.12
19810529 180000  8.2 197.4  2.55 13.36 246.64  21.53  4  0.57  3.12 200.20  32.46  2.36 13.02 251.03  16.08  0.75 15.54 220.09   7.99  0.19 13.53 315.26   7.30
19810529 210000  7.0 193.3  2.59 14.19 246.64  21.20  5  0.65  3.60 208.40  33.56  2.35 13.17 251.80  15.24  0.71 15.14 221.97   7.91  0.47 18.68 222.25   9.03  0.19 13.50 314.79   7.68
19810530 000000  2.4 169.5  2.57 14.20 247.27  20.24  5  2.32 12.98 252.68  14.23  0.79 14.80 222.15   8.30  0.53  3.72 207.77  34.85  0.52 18.19 221.25   8.65  0.20 13.37 313.38   8.97
19810530 030000  2.6  77.2  2.54 14.11 247.38  19.28  3  2.45 14.14 248.71  18.03  0.63 18.06 222.04   7.99  0.20 12.87 314.01   8.25
19810530 060000  0.8  18.7  2.56 13.98 246.74  18.54  3  2.45 14.02 248.35  16.90  0.70 17.97 221.81   8.15  0.22 12.71 313.27   8.80
19810530 090000  4.1 351.7  2.66 13.84 246.31  19.13  3  2.53 13.86 248.38  17.41  0.79 17.96 221.23   8.32  0.22 12.67 313.64   8.36
19810530 120000  6.9 356.8  2.81 13.66 247.01  21.81  3  2.66 13.68 249.30  20.73  0.88 17.16 223.20   9.35  0.22 12.65 313.30   8.78
19810530 150000  5.3 304.5  2.90 13.54 247.33  21.83  3  2.72 13.57 250.05  20.67  0.97 17.13 223.55   9.80  0.21 12.64 313.46   8.75
19810530 180000  3.6 239.5  2.90 13.52 246.94  20.63  3  2.69 13.55 250.24  19.12  1.06 16.62 224.13  10.17  0.21 12.62 313.85   8.77
19810530 210000  3.0 150.9  2.84 13.59 246.43  19.92  3  2.59 13.41 250.30  18.35  1.15 16.39 225.72  10.03  0.20 12.57 313.69   9.03
19810531 000000  5.3  89.1  2.75 13.73 245.40  20.82  3  2.46 13.43 249.41  19.85  1.20 16.39 227.69  11.70  0.19 12.44 313.84   8.97
19810531 030000  4.8  66.2  2.64 15.05 244.55  22.40  3  2.44 14.16 248.45  20.99  0.99 15.85 219.73   7.27  0.19 12.04 313.71   8.89
19810531 060000  5.2 348.4  2.52 14.89 244.98  22.44  3  2.50 14.88 244.82  21.97  0.19 22.10 220.20   7.44  0.18 11.89 313.80   9.06
19810531 090000  9.5 322.6  2.50 14.44 251.08  30.25  3  2.47 14.43 251.33  30.06  0.34 21.00 224.78   8.84  0.18 11.84 313.85   8.71
19810531 120000  7.9 292.7  2.68 14.26 256.84  32.57  3  2.62 14.26 258.10  32.37  0.53 20.27 223.69   8.31  0.18 11.82 313.39   8.86
19810531 150000  5.9 308.2  2.88 13.98 252.93  29.28  3  2.79 13.98 254.50  29.10  0.68 19.96 225.00   9.04  0.17 11.80 313.79   8.81
19810531 180000  6.1 294.0  3.14 13.45 250.81  26.58  3  3.02 13.45 252.78  26.26  0.83 19.20 224.21   8.95  0.16 11.80 315.79   7.37
19810531 210000  5.2 306.0  3.30 13.25 251.12  25.07  3  3.12 13.25 254.04  24.54  1.07 18.87 226.23  10.57  0.16 11.73 315.37   7.67
19810601 000000  4.5 321.5  3.47 13.14 250.92  23.87  2  3.22 13.14 255.02  23.11  1.29 18.44 226.36  10.59
