Date     Time   Uabs UDir  hs    tp    th     sp     np hs(i) tp(i) th(i)  sp(i)
19950201 000000  9.5 186.5  0.88  3.96 191.89  29.77  1  0.88  3.96 191.89  29.77
19950201 030000  9.5 186.5  0.88  3.96 191.89  29.77  1  0.88  3.96 191.89  29.77
19950201 060000  6.4 192.7  1.02  4.87 198.46  29.14  1  1.02  4.87 198.46  29.14
19950201 090000  6.8 169.4  1.15  5.85 202.23  27.61  1  1.15  5.85 202.23  27.61
19950201 120000  5.7 187.9  1.26  6.51 205.15  25.66  1  1.26  6.51 205.15  25.66
19950201 150000  7.4 209.4  1.35  6.92 207.84  23.41  1  1.35  6.92 207.84  23.41
19950201 180000 10.2 216.6  1.63  7.04 211.43  22.77  1  1.63  7.04 211.43  22.77
19950201 210000 11.3 204.5  2.08  6.95 211.47  24.08  1  2.08  6.95 211.47  24.08
19950202 000000 10.5 201.3  2.23  7.40 211.27  25.08  1  2.23  7.40 211.27  25.08
19950202 030000  9.1 197.4  2.18  7.74 211.68  24.99  1  2.18  7.74 211.68  24.99
19950202 060000  6.7 200.3  2.03  7.88 212.75  24.21  1  2.03  7.88 212.75  24.21
19950202 090000  5.3 196.2  1.90  8.01 214.08  23.01  1  1.90  8.01 214.08  23.01
19950202 120000  7.6 197.7  1.81  8.16 214.72  22.06  1  1.81  8.16 214.72  22.06
19950202 150000  6.7 210.5  1.75  8.15 215.04  21.76  1  1.75  8.15 215.04  21.76
19950202 180000  9.2 222.2  1.79  7.98 216.42  21.83  1  1.79  7.98 216.42  21.83
19950202 210000  9.6 204.4  1.89  7.72 215.18  23.38  1  1.89  7.72 215.18  23.38
19950203 000000  7.0 213.7  1.82  7.37 215.18  24.55  1  1.82  7.37 215.18  24.55
19950203 030000  4.5 208.5  1.62  7.28 216.18  24.82  1  1.62  7.28 216.18  24.82
19950203 060000  6.3 206.5  1.43  7.23 216.85  24.50  1  1.43  7.23 216.85  24.50
19950203 090000  5.4 199.8  1.35  7.34 217.04  23.80  1  1.35  7.34 217.04  23.80
19950203 120000  4.3 213.4  1.34  7.87 217.85  21.97  1  1.34  7.87 217.85  21.97
19950203 150000  6.0 233.7  1.40  8.28 218.24  20.44  1  1.40  8.28 218.24  20.44
19950203 180000  7.5 227.2  1.53  8.49 219.28  20.36  1  1.53  8.49 219.28  20.36
19950203 210000  8.3 209.7  1.67  8.66 218.42  20.65  1  1.67  8.66 218.42  20.65
19950204 000000  7.4 207.0  1.73  8.76 217.36  21.21  1  1.73  8.76 217.36  21.21
19950204 030000  6.2 196.5  1.74  8.69 217.06  21.56  1  1.74  8.69 217.06  21.56
19950204 060000  4.4 190.8  1.77  8.61 217.37  21.30  1  1.77  8.61 217.37  21.30
19950204 090000  4.3 164.6  1.79  8.64 217.58  20.78  1  1.79  8.64 217.58  20.78
19950204 120000  6.1 166.5  1.74  8.69 216.76  21.04  1  1.74  8.69 216.76  21.04
19950204 150000  6.5 211.2  1.66  8.63 216.48  20.62  1  1.66  8.63 216.48  20.62
19950204 180000 10.1 216.2  1.87  8.47 216.81  21.73  1  1.87  8.47 216.81  21.73
19950204 210000 11.0 206.9  2.17  7.83 215.53  23.24  1  2.17  7.83 215.54  23.24
19950205 000000  8.9 209.1  2.15  7.69 216.04  24.68  2  2.15  7.69 216.12  24.69  0.13 18.98 196.03   4.66
19950205 030000  5.7 205.6  1.97  7.68 217.47  24.79  2  1.95  7.68 217.83  24.85  0.25 17.88 196.70   4.85
19950205 060000  5.9 208.9  1.81  7.76 218.39  23.80  2  1.76  7.76 219.48  23.90  0.39 16.91 197.55   5.15
19950205 090000  4.2 201.3  1.78  8.26 218.17  22.23  2  1.70  8.26 220.22  22.34  0.53 16.25 198.61   5.42
19950205 120000  5.1 193.9  1.86  8.76 217.27  20.71  2  1.74  8.76 219.99  20.85  0.66 15.46 199.48   5.56
19950205 150000  5.1 233.6  1.98  8.93 216.75  19.86  2  1.82  8.93 219.82  20.05  0.77 14.83 200.21   5.73
19950205 180000  5.3 230.1  2.06  8.99 217.07  19.98  3  1.88  8.99 220.51  20.22  0.84 14.32 200.69   5.61  0.07 17.48 225.62   6.83
19950205 210000  3.8 251.1  2.05  9.12 217.10  19.93  2  1.85  9.12 220.74  20.32  0.88 13.79 201.67   6.17
19950206 000000  1.6 326.2  2.00  9.66 216.84  19.63  2  1.83  9.66 219.57  20.21  0.80 13.39 203.26   6.69
19950206 030000  1.1 275.3  1.94  9.94 216.61  19.26  2  1.80  9.94 218.95  19.86  0.74 13.07 203.54   5.71
19950206 060000  2.4 195.6  1.91  9.95 216.58  18.82  2  1.78  9.95 218.50  19.39  0.68 12.76 204.21   5.82
19950206 090000  1.6 198.5  1.88  9.94 216.55  18.42  2  1.77  9.94 218.38  18.83  0.65 12.54 203.66   6.18
19950206 120000  2.7 139.9  1.86  9.86 216.33  18.04  2  1.76  9.86 217.79  18.40  0.60 12.41 204.15   7.00
19950206 150000  4.2 252.1  1.82  9.75 216.44  18.06  2  1.71  9.75 217.41  18.79  0.61 12.12 209.22   7.64
19950206 180000  4.3 246.0  1.76  9.66 216.89  18.42  1  1.76  9.66 216.89  18.42
19950206 210000  2.6 245.6  1.69  9.54 216.56  18.09  2  1.68  9.54 216.62  18.12  0.13 17.68 208.00   7.08
19950207 000000  2.7 224.6  1.62  9.31 215.99  17.61  3  1.39  9.31 217.85  19.30  0.78 11.19 211.10   9.81  0.23 17.21 207.49   6.61
19950207 030000  2.7 193.1  1.56  9.15 215.37  17.02  3  1.49  9.15 216.05  17.56  0.43 16.65 208.90   6.60  0.16 13.54 205.00   0.02
19950207 060000  2.3 190.9  1.53 10.83 214.71  16.19  3  1.22  8.98 217.27  18.89  0.68 11.10 212.17   8.83  0.62 16.18 208.30   6.52
19950207 090000  3.2 189.6  1.54 15.70 214.11  15.09  3  1.00  8.43 218.93  20.29  0.88 15.70 209.18   6.56  0.77 10.70 212.84   9.33
19950207 120000  3.9 196.1  1.58 15.34 213.70  13.94  3  1.07 15.34 209.90   6.74  0.93  8.40 219.50  20.09  0.70 10.46 212.82   8.89
19950207 150000  5.6 238.9  1.63 14.80 213.96  13.55  3  1.24 14.80 210.51   6.89  0.83  8.00 221.79  21.50  0.66 10.19 214.56   9.39
19950207 180000  4.8 229.4  1.68 14.50 215.01  14.78  2  1.29 14.50 211.16   7.11  1.07 10.20 220.99  20.24
19950207 210000  4.8 219.6  1.67 14.24 214.94  13.79  2  1.31 14.24 211.65   7.38  1.05 10.39 220.31  18.90
19950208 000000  3.4 182.3  1.67 13.88 215.03  13.07  1  1.67 13.88 215.03  13.07
19950208 030000  6.5 203.1  1.68 13.67 215.21  12.84  2  1.68 13.67 215.19  12.83  0.07 20.69 229.47   7.86
19950208 060000  9.6 185.0  1.76 13.47 214.57  16.15  3  0.70  3.46 209.37  33.85  1.61 13.47 215.30   9.39  0.13 19.98 228.29   7.22
19950208 090000  8.6 185.1  1.84 13.22 214.11  19.25  3  0.93  4.29 206.54  33.47  1.57 13.22 216.09   9.56  0.20 19.38 229.06   6.91
19950208 120000  9.1 180.8  1.91 13.03 215.04  20.25  3  1.12  5.10 208.57  30.94  1.51 13.03 217.41   9.83  0.35 18.40 227.92   7.37
19950208 150000  7.5 207.1  1.95 13.03 218.41  19.06  3  1.15  5.74 214.97  28.80  1.47 13.03 218.86  10.11  0.56 17.88 228.24   6.96
19950208 180000  8.2 221.1  2.07 13.05 221.95  17.61  3  1.24  5.86 220.92  26.08  1.43 13.05 220.96  10.54  0.85 17.27 226.71   7.66
19950208 210000  8.2 210.9  2.22 16.53 223.90  17.20  3  1.31  5.94 222.43  25.84  1.41 12.92 222.97  10.60  1.12 16.54 227.16   8.07
19950209 000000  7.3 195.6  2.41 16.26 224.46  17.28  3  1.40  6.28 221.25  26.07  1.46 16.26 226.64   8.55  1.29 12.68 225.10  11.06
19950209 030000  7.2 203.1  2.57 15.59 224.79  17.02  2  1.47  6.71 219.49  25.63  2.10 15.59 227.17   9.53
19950209 060000  7.2 198.1  2.68 15.30 224.95  16.75  2  1.50  6.97 218.07  25.19  2.22 15.30 227.82   9.56
19950209 090000  6.2 196.0  2.71 15.08 225.61  16.21  2  1.45  7.08 218.29  24.68  2.29 15.08 228.29   9.93
19950209 120000  6.0 197.2  2.67 14.43 226.58  15.69  1  2.67 14.43 226.58  15.69
19950209 150000  5.8 212.9  2.58 14.30 227.46  15.48  1  2.58 14.30 227.46  15.48
19950209 180000  7.8 224.2  2.51 13.94 228.26  15.76  1  2.51 13.94 228.26  15.76
19950209 210000  7.8 216.9  2.45 13.53 228.52  16.72  1  2.45 13.53 228.52  16.72
19950210 000000  8.3 198.2  2.40 13.40 227.79  18.28  1  2.40 13.40 227.79  18.28
19950210 030000  7.5 197.1  2.36 13.19 227.02  19.50  2  1.54  7.70 221.94  25.87  1.78 13.19 230.47  11.68
19950210 060000  7.3 198.5  2.30 12.74 226.54  20.09  2  1.58  7.66 222.38  25.97  1.67 12.74 229.96  11.58
19950210 090000  6.3 194.4  2.23 12.59 226.61  20.03  2  1.58  7.72 223.00  25.42  1.57 12.59 229.96  11.44
19950210 120000  6.7 192.2  2.18 12.46 226.51  19.59  3  1.52  7.97 222.40  24.72  1.56 12.46 230.18  11.91  0.12 23.03 217.24   7.06
19950210 150000  6.7 216.3  2.17 12.23 226.24  18.80  2  2.16 12.23 226.39  18.88  0.26 21.65 216.73   7.11
19950210 180000  7.7 221.4  2.21 12.01 225.78  18.01  2  2.15 12.01 226.36  18.33  0.54 20.35 217.19   7.86
19950210 210000  8.3 217.1  2.35 11.90 224.75  17.51  2  2.16 11.90 226.11  18.46  0.92 19.17 217.62   7.65
19950211 000000  5.1 192.1  2.51 18.46 223.42  16.66  2  2.08 11.86 225.55  18.95  1.42 18.46 219.05   8.64
19950211 030000  5.4 192.7  2.66 17.54 222.74  15.11  2  1.99 12.04 225.80  18.38  1.78 17.54 219.06   8.18
19950211 060000  7.2 192.1  2.80 16.81 222.22  14.09  1  2.80 16.81 222.22  14.09
19950211 090000  6.5 182.3  2.86 16.39 221.96  13.70  1  2.86 16.39 221.96  13.70
19950211 120000  8.3 177.4  2.87 16.08 221.60  14.16  1  2.87 16.08 221.60  14.16
19950211 150000  6.1 211.1  2.79 15.60 222.02  13.66  2  2.78 15.60 221.95  13.29  0.10 12.80 331.60   5.19
19950211 180000  7.2 219.6  2.66 15.29 222.63  13.51  2  2.66 15.29 222.55  13.06  0.10 12.69 331.64   5.17
19950211 210000  7.7 221.9  2.54 15.10 223.07  14.48  2  2.53 15.10 222.97  13.98  0.10 12.59 331.62   5.17
19950212 000000  6.1 196.3  2.40 14.74 223.05  15.95  3  1.04  5.46 220.28  27.97  2.16 14.74 223.49  10.39  0.11 12.31 331.69   5.13
19950212 030000  6.3 200.4  2.23 14.42 222.98  17.02  3  2.23 14.42 222.75  16.14  0.11 11.94 331.78   5.12  0.08 21.92 305.02   8.66
19950212 060000  6.9 190.2  2.08 14.26 222.90  17.92  3  2.08 14.26 222.59  16.82  0.11 11.85 331.72   5.21  0.10 21.82 305.25   8.64
19950212 090000  5.7 187.2  1.94 14.13 222.87  19.04  4  0.93  5.87 214.58  29.65  1.69 14.13 224.52  10.83  0.12 21.66 305.31   8.72  0.12 11.76 331.77   5.07
19950212 120000  4.6 172.6  1.82 13.81 223.69  19.10  4  1.61 13.81 224.65  10.78  0.84  5.83 216.20  29.87  0.15 21.13 305.17   8.75  0.12 11.52 331.87   4.98
19950212 150000  6.1 226.1  1.77 13.58 224.96  18.42  3  1.76 13.58 224.08  15.67  0.18 20.61 305.21   8.75  0.12 11.18 331.92   4.97
19950212 180000  6.0 235.2  1.84 13.43 226.14  18.74  3  1.82 13.43 225.13  15.78  0.21 20.47 305.33   8.68  0.12 11.09 331.84   5.08
19950212 210000  6.6 211.4  1.87 13.22 227.18  19.05  3  1.85 13.22 225.92  15.54  0.25 20.32 305.30   8.78  0.12 11.02 331.89   4.97
19950213 000000  3.8 181.5  1.88 12.80 228.16  19.78  3  1.86 12.81 226.50  15.43  0.29 19.98 305.02   8.93  0.13 10.86 331.96   4.94
19950213 030000  4.6 197.6  1.86 12.55 229.63  20.23  3  1.82 12.55 227.47  14.79  0.33 19.39 304.98   8.96  0.13 10.51 332.01   4.91
19950213 060000  5.8 187.4  1.85 12.43 230.07  21.46  3  1.81 12.43 227.50  15.50  0.36 19.22 305.14   8.91  0.12 10.40 331.98   4.92
19950213 090000  7.0 181.8  1.87 12.37 230.22  23.36  4  0.62  3.68 203.44  31.22  1.71 12.37 229.85  11.61  0.40 19.09 305.13   8.88  0.12 10.34 331.92   5.00
19950213 120000  6.3 171.3  1.90 12.22 231.39  25.13  4  0.64  3.92 200.34  32.28  1.72 12.22 230.80  12.02  0.46 18.82 304.82   8.94  0.12 10.27 332.00   4.92
19950213 150000  6.2 214.5  1.91 11.87 234.10  24.98  3  1.83 11.88 229.62  17.08  0.51 18.23 304.53   9.07  0.11 10.12 332.05   4.91
19950213 180000  7.5 213.3  1.97 11.72 235.14  25.13  4  0.75  4.09 217.55  28.42  1.74 11.72 232.76  13.19  0.53 18.04 304.53   9.15  0.11  9.84 331.83   5.22
19950213 210000  8.2 213.4  2.01 11.65 235.91  25.93  4  0.92  4.53 223.52  28.83  1.70 11.65 233.33  13.75  0.55 17.95 304.55   9.20  0.11  9.73 332.03   4.87
19950214 000000  5.4 189.2  2.02 11.59 236.60  27.42  4  1.02  5.10 224.48  29.86  1.65 11.59 233.87  14.39  0.58 17.80 304.46   9.14  0.10  9.67 332.01   4.93
19950214 030000  5.7 197.0  2.01 11.50 237.72  28.68  4  1.88 11.66 230.89  20.76  0.62 17.39 304.18   9.15  0.32 11.06 255.00   0.02  0.10  9.61 332.04   4.97
19950214 060000  7.9 193.2  2.00 11.32 237.40  30.13  4  1.85 11.60 229.08  21.43  0.66 16.92 303.90   9.23  0.40 11.05 258.87   4.92  0.09  9.53 332.11   4.91
19950214 090000  6.2 191.6  1.99 11.18 236.75  30.81  4  1.83 11.47 228.32  22.15  0.66 16.82 303.72   9.39  0.38 11.08 258.59   4.87  0.08  9.38 332.08   4.94
19950214 120000  5.2 194.3  1.98 11.09 237.33  30.08  5  1.36 11.19 231.31  14.44  1.21  6.84 225.29  26.84  0.66 16.76 303.53   9.49  0.40 11.03 260.09   5.13  0.08  9.17 332.04   4.99
19950214 150000  6.6 212.7  2.05 11.01 237.31  29.16  4  1.87 11.14 228.61  20.05  0.67 16.65 303.44   9.44  0.50 10.79 258.31   4.80  0.07  9.08 332.06   5.05
19950214 180000  8.6 223.1  2.22 10.89 236.11  28.56  4  2.06 11.02 228.61  20.06  0.69 16.39 303.38   9.37  0.45 10.67 258.93   5.02  0.07  9.02 332.05   5.17
19950214 210000  8.0 219.7  2.34 10.74 234.61  28.75  4  2.23 10.74 228.81  21.12  0.70 15.93 303.37   9.36  0.11 20.35 301.09   9.61  0.06  8.97 332.21   4.84
19950215 000000  4.7 183.0  2.34 10.63 233.09  29.21  4  2.23 10.63 227.23  21.45  0.71 15.77 303.22   9.53  0.08 20.35 300.76   5.86  0.06  8.92 332.20   4.86
19950215 030000  3.5 203.3  2.30 10.69 232.25  29.34  3  2.19 10.69 226.14  21.07  0.71 15.70 302.94   9.62  0.05  8.82 332.21   4.88
19950215 060000  3.3 211.1  2.26 10.77 231.94  29.33  3  2.14 10.77 225.48  20.42  0.70 15.62 302.97   9.73  0.17 19.06 298.12   8.20
19950215 090000  2.8 211.6  2.22 10.76 231.71  29.05  3  2.10 10.76 225.02  19.42  0.69 15.52 302.56   9.70  0.21 18.94 302.25  10.74
19950215 120000  0.3 267.2  2.20 10.72 231.15  28.61  4  2.08 10.72 224.43  18.35  0.69 15.37 302.53   9.71  0.20 18.94 301.92  10.75  0.06 11.83 316.35  15.21
19950215 150000  4.2 279.5  2.17 10.60 230.77  28.58  3  2.05 10.60 223.98  18.04  0.70 15.20 302.61  10.09  0.13 19.03 300.38   6.22
19950215 180000  4.8 270.5  2.13 10.47 230.84  29.06  4  2.00 10.47 223.63  18.05  0.68 15.00 302.58  10.21  0.21 17.91 301.11   6.01  0.05 24.95 300.28  10.69
19950215 210000  3.3 241.5  2.04 10.37 231.23  29.93  4  1.91 10.37 223.06  17.71  0.65 14.83 302.91   9.78  0.33 17.66 299.61  10.38  0.06 24.92 301.67  10.49
19950216 000000  0.8 112.7  1.93 10.28 231.72  30.71  5  1.79 10.28 222.57  17.32  0.65 14.70 302.37  10.00  0.31 17.74 300.00  10.17  0.06 24.88 302.72   9.98  0.06 19.39 212.77   6.98
19950216 030000  3.2 228.7  1.83 10.21 232.02  31.18  5  1.69 10.21 222.22  17.05  0.64 14.60 302.13  10.02  0.29 17.72 299.02  10.89  0.08 18.82 213.76   7.60  0.08 23.99 301.34   9.75
19950216 060000  5.4 203.4  1.76 10.16 231.76  31.52  5  1.62 10.16 221.59  16.89  0.66 14.52 301.39  10.70  0.18 17.78 300.30   5.50  0.11 23.37 300.30  10.09  0.10 18.52 212.71   6.91
19950216 090000  3.4 187.9  1.73 10.11 231.49  32.07  6  1.54 10.11 221.14  17.20  0.61 14.47 301.93  10.76  0.35 12.85 214.96   8.09  0.30 16.77 298.04   8.37  0.13 23.31 300.60  10.34  0.11 18.18 212.56   7.20
19950216 120000  4.2 188.7  1.72 10.09 231.32  32.34  6  1.44 10.09 220.79  17.32  0.62 12.28 217.32   8.97  0.56 14.36 301.80   9.99  0.41 16.57 299.48  11.01  0.14 23.29 301.57  10.38  0.13 17.84 211.00   7.43
19950216 150000  4.2 242.4  1.75 10.15 230.28  31.82  6  1.41 10.08 220.88  16.62  0.74 12.04 214.85   9.49  0.55 14.33 301.90  10.12  0.42 16.57 298.54  11.28  0.14 23.20 302.25   9.81  0.13 17.86 213.21   6.88
19950216 180000  6.6 224.1  1.84 10.34 228.60  30.61  5  1.70 10.32 219.29  15.70  0.54 14.29 301.76  10.20  0.40 16.56 298.01  11.17  0.19 22.11 301.20   9.63  0.17 17.51 213.54   7.11
19950216 210000  7.1 212.2  1.95 10.44 226.46  29.53  5  1.82 10.40 218.48  16.02  0.54 14.25 302.41  10.45  0.35 16.54 295.06   8.80  0.24 21.84 300.47  10.01  0.20 16.81 212.23   6.17
19950217 000000  5.5 189.0  2.01 10.43 224.90  29.03  5  1.88 10.40 217.61  16.32  0.55 15.23 299.32  10.69  0.30 13.20 302.53   9.39  0.26 21.79 300.69  10.44  0.20 16.70 212.33   6.04
19950217 030000  6.7 193.6  2.03 10.40 224.09  28.86  5  1.89 10.36 217.04  16.32  0.46 15.56 295.47   9.44  0.43 13.53 304.78   9.56  0.28 16.31 212.78   7.15  0.25 21.78 301.51  10.54
19950217 060000  4.9 194.2  2.01 11.75 224.07  29.03  5  1.87 10.36 216.91  16.31  0.50 15.45 297.94  10.55  0.37 13.43 303.08   9.77  0.30 15.78 212.58   6.78  0.25 21.67 302.25   9.94
19950217 090000  2.6 182.2  1.97 11.70 225.32  29.56  5  1.82 11.59 217.32  15.64  0.50 15.44 297.52  10.56  0.37 13.44 303.11   9.88  0.32 15.59 213.25   7.64  0.32 20.70 301.53   9.62
19950217 120000  3.1 186.6  1.95 11.61 226.53  30.24  5  1.77 11.52 217.56  15.10  0.48 15.44 296.40  10.64  0.39 13.49 303.27   9.45  0.38 20.43 300.89   9.93  0.38 15.41 214.75   7.94
19950217 150000  4.1 243.7  1.95 11.34 226.93  30.12  4  1.76 11.09 218.05  14.97  0.61 15.30 298.98  10.69  0.41 14.91 213.43   7.79  0.39 20.38 300.81  10.46
19950217 180000  8.7 228.7  2.03 10.94 226.76  29.25  4  1.86 10.89 219.26  16.68  0.61 15.11 298.93  10.63  0.42 14.66 213.04   7.77  0.36 20.36 301.28  10.73
19950217 210000  6.2 221.6  2.04 14.53 225.80  29.29  4  1.86 10.82 218.80  17.85  0.60 14.77 299.04  10.50  0.47 14.47 214.02   7.47  0.34 20.30 302.17  10.35
19950218 000000  3.4 178.8  1.96 14.42 226.08  30.53  5  1.77 10.79 217.86  17.56  0.58 14.62 299.05  10.54  0.48 14.37 213.99   7.46  0.40 19.56 301.77   9.76  0.06 14.64 248.52   5.14
19950218 030000  2.8 192.3  1.87 14.31 227.66  32.54  5  1.39  9.09 217.12  19.15  0.86 10.76 217.79   9.78  0.57 14.53 298.65  10.49  0.53 13.96 212.84   8.12  0.49 19.11 301.10   9.81
19950218 060000  5.1 193.2  1.78 19.06 228.73  33.96  4  1.50 10.62 216.52  16.93  0.58 13.65 213.72   8.02  0.56 14.45 298.60  10.61  0.52 19.06 300.86  10.27
19950218 090000  5.2 176.7  1.70 19.04 228.50  34.82  4  1.40 10.58 215.65  17.47  0.61 13.40 212.66   8.06  0.56 14.38 298.37  10.56  0.49 19.04 300.88  10.67
19950218 120000  4.5 169.1  1.60 13.64 228.56  34.92  4  1.30 10.73 215.54  17.25  0.60 13.23 212.51   7.87  0.57 14.32 298.14  10.30  0.42 19.02 301.65  10.89
19950218 150000  3.7 253.8  1.53 13.55 230.13  35.44  3  1.36 12.91 215.35  15.16  0.56 14.28 298.33  10.60  0.42 18.83 302.18  10.27
19950218 180000  3.9 257.2  1.52 13.48 234.04  36.93  3  1.32 12.61 216.76  16.46  0.55 14.22 298.15  10.39  0.50 17.96 301.50   9.82
19950218 210000  5.1 232.3  1.51 17.83 237.03  38.30  3  1.29 12.41 216.62  15.81  0.60 17.83 300.87  10.05  0.53 14.10 298.31  10.68
19950219 000000  5.0 202.5  1.49 17.80 237.13  38.62  5  1.26 12.33 215.87  15.13  0.62 17.80 300.46  10.52  0.50 13.80 298.38  10.65  0.09 12.55 246.58   3.65  0.05 20.31 215.93   7.66
19950219 030000  3.3 201.1  1.44 17.79 235.61  38.59  5  1.14 11.44 215.56  16.47  0.58 17.79 300.37  10.94  0.49 13.62 298.43  10.72  0.45 12.77 213.54   8.75  0.06 20.19 216.35   7.60
19950219 060000  3.4 192.5  1.39 17.76 233.96  38.04  6  1.11 11.28 214.83  16.35  0.51 17.76 300.99  11.25  0.48 13.53 298.69  10.51  0.41 12.72 213.31   8.24  0.17 11.93 243.39   6.60  0.07 19.84 216.88   7.65
19950219 090000  2.6 188.8  1.34 17.61 234.09  38.58  5  1.14 11.97 214.39  16.30  0.48 13.49 298.67  10.21  0.48 17.60 301.78  10.82  0.15 11.40 247.11   4.46  0.08 19.20 217.05   7.57
19950219 120000  2.0 174.0  1.31 16.87 238.38  40.03  5  1.08 11.67 214.51  15.92  0.54 16.86 301.59  10.26  0.48 13.46 298.91  10.56  0.19 11.12 247.10   4.23  0.09 18.96 217.85   7.79
19950219 150000  4.3 301.8  1.29 16.70 245.74  41.69  5  1.01 11.59 216.55  20.26  0.61 16.69 300.84  10.34  0.47 13.44 298.88  10.60  0.19 10.90 247.58   4.55  0.12 18.19 219.85   8.57
19950219 180000  5.2 269.9  1.28 16.66 251.46  41.17  6  0.97 11.46 220.39  23.31  0.65 16.65 299.96  10.78  0.45 13.41 298.86  10.63  0.20 10.65 247.99   5.08  0.14 17.89 219.96   7.74  0.06 15.45 240.13   8.42
19950219 210000  4.2 237.7  1.24 16.64 252.11  40.62  5  0.92 11.12 220.24  21.81  0.64 16.63 299.25  11.18  0.44 13.34 299.01  10.72  0.21 10.37 248.06   5.06  0.19 17.27 223.37   9.77
19950220 000000  1.2  29.7  1.18 16.62 250.98  40.92  6  0.86 10.98 218.99  22.14  0.61 16.61 299.17  11.57  0.41 13.19 298.97  10.75  0.23 16.70 221.30   7.56  0.20 10.20 248.63   4.91  0.12 14.14 241.23   8.44
19950220 030000  2.8 252.5  1.12 16.56 250.45  40.35  6  0.80 10.90 218.27  18.92  0.57 16.55 299.65  11.76  0.40 12.87 299.25  10.60  0.27 16.60 222.11   7.88  0.20 10.04 249.07   5.15  0.13 13.47 245.82   7.16
19950220 060000  3.8 185.8  1.10 16.27 249.92  40.25  6  0.76 10.84 217.49  18.58  0.56 16.36 300.36  11.37  0.39 12.72 299.45  10.74  0.32 15.76 222.02   7.65  0.21  9.73 249.15   5.26  0.18 12.86 244.80   7.33
19950220 090000  2.9 187.2  1.12 15.71 250.25  40.69  6  0.73 10.78 215.98  19.90  0.58 15.83 300.55  11.05  0.38 12.66 299.53  10.87  0.38 15.56 221.84   7.68  0.23 12.63 243.59   9.31  0.20  9.58 249.45   5.26
19950220 120000  4.4 183.5  1.13 15.61 250.92  40.94  6  0.70 10.40 213.92  21.99  0.60 15.66 299.69  11.13  0.43 15.49 221.81   7.80  0.37 12.63 300.04  10.38  0.29 11.94 245.71   7.85  0.20  9.43 249.62   5.26
19950220 150000  5.4 210.3  1.17 15.50 249.55  39.85  6  0.68 10.39 213.79  22.21  0.61 15.61 298.39  11.34  0.50 14.81 221.12   7.84  0.36 12.61 300.26  10.38  0.33 11.65 246.26   7.71  0.19  9.20 249.82   5.38
19950220 180000  4.1 222.6  1.26 15.32 245.75  37.61  7  0.45  3.16 217.41  32.23  0.63 14.55 220.55   7.85  0.61 15.57 297.26  11.56  0.54 10.49 216.13  11.92  0.39 11.23 246.03   8.67  0.36 12.60 300.46  10.44  0.19  8.85 248.52   7.11
19950220 210000  6.6 214.4  1.34 15.14 241.74  36.02  5  0.53  3.31 219.20  29.98  0.75 14.41 219.83   7.81  0.69 10.92 229.78  18.27  0.61 15.54 297.03  11.72  0.33 12.56 300.24  10.54
19950221 000000  1.5 205.6  1.39 15.07 238.76  34.96  5  0.89 13.90 219.54   7.92  0.61  6.25 216.04  26.61  0.60 15.50 297.34  11.86  0.56 10.55 238.87  16.51  0.32 12.53 300.42  10.31
19950221 030000  3.3 239.3  1.43 13.60 236.63  33.49  4  1.07 13.52 219.63   8.66  0.69 10.31 230.27  26.47  0.58 15.43 298.02  11.96  0.31 12.46 300.35  10.07
19950221 060000  2.1 207.4  1.47 13.40 234.85  31.98  5  1.16 13.35 219.65   8.49  0.63 10.21 232.71  25.42  0.57 15.30 298.45  11.88  0.30 12.23 300.03  10.55  0.12 18.10 218.67   8.69
19950221 090000  1.2 276.9  1.51 12.73 233.48  30.67  5  1.24 12.88 219.84   8.82  0.57  9.85 235.60  25.02  0.56 15.07 298.39  11.67  0.29 11.98 300.14  10.50  0.14 18.00 219.35   8.51
19950221 120000  1.7  34.7  1.55 12.35 232.41  29.68  5  1.35 12.44 219.60  10.86  0.56 14.82 297.58  11.90  0.41  9.70 251.69  10.77  0.28 11.89 300.15  11.04  0.18 17.82 219.48   8.88
19950221 150000  4.7 331.9  1.60 11.98 232.70  31.26  6  1.04 10.90 221.77  22.52  0.94 12.43 219.37   8.20  0.56 14.70 296.50  11.97  0.40  9.59 255.15  18.28  0.28 11.85 300.87  11.07  0.24 17.21 221.28   9.79
19950221 180000  5.8 317.5  1.66 11.53 234.60  34.40  7  0.41  3.05 327.14  30.01  1.42 11.21 219.70   9.83  0.56 14.62 295.52  12.30  0.32  9.54 257.03   7.91  0.28 11.84 301.34  10.94  0.27 16.82 221.79  10.80  0.15 20.36 227.11   7.57
19950221 210000  4.0 313.5  1.68 11.52 234.90  35.06  6  0.44  3.54 326.76  30.32  1.43 11.05 220.25  11.15  0.57 14.57 295.73  12.22  0.35 16.69 224.17  10.34  0.26 11.80 300.69  10.98  0.23  9.47 258.99   5.01
19950222 000000  1.5 340.3  1.67 11.54 234.10  34.10  7  1.42 10.65 220.30  11.67  0.57 14.55 295.94  12.09  0.40  3.70 327.02  30.82  0.32 16.04 224.65  12.17  0.29 19.05 226.26   8.22  0.25 11.78 301.23  10.58  0.20  9.37 259.65   5.04
19950222 030000  0.5 216.6  1.66 11.52 233.15  32.73  6  1.39 10.50 220.74  12.85  0.56 14.52 296.53  11.82  0.45 15.59 226.94  12.26  0.35  3.75 328.30  28.84  0.31 19.05 227.16   8.78  0.25 11.78 301.12  10.45
19950222 060000  3.9 155.7  1.64 14.60 232.34  31.14  6  1.36 10.39 220.72  13.02  0.55 14.50 297.36  11.15  0.45 18.26 226.38   8.40  0.44 15.14 231.15  14.11  0.29  3.74 329.11  27.59  0.23 11.72 301.68  10.25
19950222 090000  2.8 134.1  1.64 14.50 231.16  30.43  6  1.31 10.16 219.98  14.62  0.57 14.80 230.53  12.21  0.53 14.46 297.15  11.69  0.47 17.91 228.33   8.39  0.26  3.68 332.39  52.97  0.22 11.67 301.45  10.11
19950222 120000  2.3 100.4  1.62 14.35 231.52  28.80  5  1.29  9.86 221.51  20.28  0.68 17.65 225.56   9.22  0.52 14.41 297.17  11.62  0.43 13.82 242.14   6.67  0.21 11.49 301.62  10.72
19950222 150000  2.7   1.0  1.61 14.24 232.37  28.01  6  1.23  9.77 222.05  19.73  0.70 16.91 225.69   9.64  0.55 13.77 239.14   9.45  0.51 14.33 297.37  11.06  0.21 11.28 301.98  10.77  0.05 19.05 288.45  11.70
19950222 180000  4.9 324.2  1.63 16.55 235.48  31.43  6  1.16  9.67 225.52  30.59  0.80 16.61 226.94   9.30  0.59 13.20 239.95   9.10  0.52 14.26 297.26  11.06  0.19 11.15 302.35  10.44  0.06 19.01 287.28   9.72
19950222 210000  5.3 300.9  1.65 16.41 238.57  32.89  6  0.46  4.07 320.10  27.37  1.06  9.42 221.25  13.44  0.88 16.45 227.95   9.86  0.54 12.84 241.52   8.18  0.53 14.16 296.73  11.36  0.19 11.09 301.99  11.81
19950223 000000  4.2 328.1  1.66 15.45 239.89  32.94  7  0.48  4.13 317.66  28.25  0.94 15.70 227.89   9.46  0.83  9.10 221.12  14.85  0.59 12.45 240.91   8.28  0.55 14.07 296.20  12.51  0.51 10.64 221.18   9.95  0.17 11.03 301.31  10.94
19950223 030000  1.8 301.5  1.65 15.37 240.02  32.13  6  0.98 15.50 228.37   9.64  0.91  9.14 221.06  13.82  0.65 12.41 240.57   9.02  0.54 13.89 297.07  11.06  0.46  4.17 317.96  28.48  0.17 11.01 303.05  11.49
19950223 060000  1.4 192.2  1.63 15.20 239.74  31.01  7  1.04 15.36 229.41   9.56  0.79  9.06 221.78  14.78  0.69 11.87 235.87  13.72  0.52 13.77 297.59  10.74  0.42  4.16 317.41  28.99  0.16 11.00 303.11  11.90  0.10 17.94 289.91  10.98
19950223 090000  2.0 181.5  1.62 14.52 238.99  29.64  7  1.06 14.75 229.74   9.48  0.76  8.94 220.91  14.52  0.68 11.78 236.88  13.20  0.51 13.68 296.96  11.54  0.38  4.08 316.25  29.51  0.16 11.01 303.94  11.27  0.10 17.84 289.42  10.89
19950223 120000  4.3 185.0  1.62 14.37 237.20  28.68  5  1.12 14.50 230.67   9.91  1.04 11.63 231.12  30.23  0.50 13.62 297.73  10.84  0.15 10.94 304.26  12.97  0.11 17.79 288.00  10.83
19950223 150000  5.6 201.6  1.63 14.23 235.75  27.88  3  1.54 14.38 229.53  20.41  0.51 13.58 298.44  11.11  0.14 17.65 287.69  11.74
19950223 180000  7.4 219.2  1.66 13.85 234.65  27.20  4  0.89  8.99 221.49  29.53  1.31 14.15 231.63  11.32  0.50 13.54 298.69  11.04  0.16 17.45 288.20  11.62
19950223 210000 10.0 215.0  1.80 13.64 232.24  27.28  4  0.94  4.03 221.81  31.53  1.44 13.72 229.06  13.05  0.50 13.51 298.53  11.42  0.17 17.06 288.38  11.53
19950224 000000  5.6 205.0  1.83 13.56 229.36  28.44  4  1.08  4.85 215.22  30.54  1.39 13.60 229.32  12.74  0.49 13.46 298.64  11.35  0.17 16.83 287.53  11.82
19950224 030000  6.6 192.3  1.70 13.51 230.36  28.31  4  0.89  4.97 213.27  31.37  1.36 13.57 229.37  12.74  0.48 13.38 298.57  11.30  0.17 16.73 286.90  12.72
19950224 060000  6.6 185.7  1.62 13.46 230.67  28.40  4  0.80  4.92 210.44  31.16  1.31 13.54 229.60  12.41  0.47 13.26 298.32  11.63  0.17 16.64 286.46  12.22
19950224 090000  4.0 186.6  1.54 13.35 232.17  27.97  5  1.21 13.42 231.43  10.72  0.71  4.89 211.53  30.36  0.46 13.13 298.64  11.24  0.37  7.32 210.83  12.76  0.18 16.62 284.48  11.48
19950224 120000  4.4 184.6  1.46 13.22 234.07  27.63  6  0.63  4.93 214.09  28.56  1.13 13.30 231.79  10.83  0.46 12.97 298.34  11.67  0.34  8.14 211.49  12.79  0.31 15.60 223.39   6.43  0.22 16.45 285.37  13.28
19950224 150000  4.8 235.9  1.41 13.03 235.81  27.47  5  0.65  5.02 215.94  24.57  1.15 13.14 231.54  11.49  0.46 12.87 298.54  11.45  0.23 16.24 290.66   9.89  0.05 21.97 219.85   8.32
19950224 180000  7.6 234.0  1.46 12.86 236.43  27.33  4  1.36 12.90 229.36  18.15  0.45 12.79 299.33  10.62  0.24 15.91 291.33   9.59  0.07 21.78 219.76   8.38
19950224 210000  8.3 224.1  1.55 12.78 234.39  27.87  6  0.94  4.29 222.81  27.16  1.04 12.80 232.75  12.76  0.44 12.71 299.29  10.82  0.41 14.64 224.66   8.46  0.26 15.75 286.88  13.17  0.10 21.32 219.79   8.43
19950225 000000  4.3 214.6  1.52 12.73 233.93  28.76  7  0.89  4.67 220.99  29.26  0.99 12.71 234.78  13.11  0.50 14.54 222.20   9.41  0.42 12.66 299.65  10.64  0.25 15.63 287.19  11.92  0.16  7.56 206.51  11.09  0.14 20.54 220.10   8.31
19950225 030000  3.2 205.8  1.43 12.70 235.84  28.65  6  1.06 12.74 233.34  14.48  0.77  4.75 221.27  29.87  0.41 12.62 299.74  10.77  0.25 15.59 283.79  14.39  0.25 14.49 225.00   0.00  0.19 20.39 221.21   8.80
19950225 060000  5.1 202.5  1.39 12.68 237.35  28.33  7  0.67  4.75 223.07  30.03  1.04 13.01 230.93  13.00  0.40 12.59 300.97   9.77  0.33 12.66 261.39   5.77  0.26 15.53 285.77  11.39  0.22 20.10 220.09   8.50  0.12  7.42 203.66  10.58
19950225 090000  5.0 213.1  1.37 12.58 238.13  28.20  6  0.61  4.77 222.58  29.63  1.01 13.29 229.96  12.89  0.40 12.55 300.08  10.38  0.40 12.42 260.21   5.78  0.29 19.25 220.18   8.26  0.27 15.49 286.21  11.70
19950225 120000  4.6 215.3  1.35 12.18 238.60  28.30  6  0.56  4.81 222.38  29.54  0.99 13.27 229.18  12.70  0.43 11.99 261.59   6.69  0.38 12.53 300.84   9.63  0.34 19.10 220.71   8.40  0.31 15.37 287.86  12.36
19950225 150000  5.2 218.1  1.34 12.08 238.68  28.25  7  0.53  4.93 222.47  29.02  0.97 12.69 229.59  13.50  0.41 11.83 263.13   6.63  0.39 18.94 220.75   8.67  0.36 12.42 301.18   9.37  0.33 15.22 287.61  13.53  0.10 15.51 235.00   0.00
19950225 180000  6.0 219.6  1.35 12.08 237.50  28.13  7  0.56  5.31 221.93  27.85  0.91 12.49 226.45  11.15  0.53 11.62 260.58   8.58  0.45 18.16 220.53   8.54  0.33 12.08 302.40   8.88  0.32 14.87 288.87  11.47  0.08 17.89 305.25   8.34
19950225 210000  7.5 217.5  1.43 12.11 234.78  28.19  7  0.72  3.56 220.21  26.84  0.88 12.46 225.46  10.90  0.54 11.18 259.97   9.59  0.50 17.89 221.04   8.43  0.32 11.95 302.48   8.98  0.30 14.70 287.43  11.60  0.10 17.75 305.55   7.58
19950226 000000  6.3 202.3  1.50 12.04 231.16  29.24  7  0.86  4.26 214.76  27.56  0.85 12.39 224.93  10.64  0.54 17.78 221.29   8.63  0.53 11.10 260.19   9.72  0.31 11.90 302.73   9.10  0.31 14.61 287.71  11.77  0.08 17.83 308.43   7.06
19950226 030000  7.4 194.2  1.52 11.92 228.99  29.96  6  0.90  4.51 210.95  27.63  0.83 12.27 224.47  10.66  0.58 17.47 221.75   8.72  0.51 11.06 261.31   8.48  0.33 14.58 288.08  13.21  0.30 11.87 302.73   9.11
19950226 060000  9.1 189.9  1.57 16.76 226.19  30.52  7  0.98  4.60 207.46  27.08  0.80 11.98 223.63  10.42  0.62 16.78 221.77   8.69  0.52 10.91 261.38  10.15  0.31 14.54 285.24  12.04  0.29 11.86 303.84   7.84  0.14 16.90 303.85   8.57
19950226 090000  8.3 185.9  1.67 16.64 223.37  31.19  7  1.13  5.06 206.61  28.04  0.78 11.80 223.27  10.15  0.66 16.65 221.80   8.78  0.51 10.74 262.54  10.91  0.32 14.47 285.52  12.81  0.26 11.81 304.31   7.85  0.16 16.72 304.29   8.26
19950226 120000  6.8 190.2  1.65 16.52 225.04  30.61  7  1.11  5.59 209.85  28.30  0.76 11.70 224.09  11.11  0.71 16.54 221.92   8.82  0.46 10.80 263.65   8.35  0.35 14.44 286.47  12.84  0.25 11.78 304.34   7.82  0.16 16.70 304.54   8.72
19950226 150000  8.2 205.1  1.67 16.14 225.85  29.45  7  1.12  5.74 212.82  27.15  0.75 11.63 223.75  10.86  0.74 16.12 221.34   8.96  0.46 10.72 263.56   9.12  0.35 14.38 286.08  14.22  0.25 11.79 303.81   7.93  0.16 16.67 304.44   8.72
19950226 180000  8.8 212.9  1.73 15.67 226.11  28.33  7  1.20  5.62 216.44  26.54  0.79 15.70 220.85   9.28  0.72 11.52 222.92  10.39  0.44 10.45 262.61   9.29  0.36 14.28 286.22  13.82  0.23 11.67 304.46   7.94  0.18 16.55 304.42   7.70
19950226 210000  9.4 213.7  1.83 15.58 225.51  27.74  6  1.32  5.52 218.37  26.64  0.88 15.61 220.08   9.63  0.68 11.39 223.00  10.52  0.40 10.35 262.33   9.05  0.40 14.12 291.23  13.57  0.23 11.46 303.57   8.86
19950227 000000  6.0 203.5  1.85 15.48 224.57  28.10  7  1.31  5.67 217.73  27.97  0.95 15.50 218.93   9.56  0.68 11.32 223.66  10.93  0.36 10.26 263.91   7.77  0.35 13.91 287.55  11.92  0.23 11.47 301.93   9.77  0.18 15.73 308.13   5.92
19950227 030000  7.1 191.2  1.81 15.29 223.89  28.12  7  1.21  5.79 216.43  28.57  1.02 15.30 217.96   9.54  0.66 11.28 223.61  10.49  0.35 10.11 262.94   8.84  0.34 13.80 287.34  12.76  0.24 15.65 303.52   8.89  0.21 11.34 301.81  10.02
19950227 060000  7.4 188.8  1.79 14.84 223.06  27.90  7  1.14  5.87 215.01  28.52  1.10 14.83 217.71   9.74  0.60 11.20 223.32  10.89  0.34 13.75 287.37  12.46  0.33 10.11 264.46   8.11  0.25 15.60 303.67   8.83  0.21 11.27 302.23  10.24
19950227 090000  7.1 195.0  1.79 14.53 222.42  27.37  7  1.11  5.94 214.41  27.96  1.14 14.53 217.26   9.57  0.60 11.14 222.45  11.54  0.35 13.72 287.10  13.08  0.31  9.88 262.89   8.76  0.25 15.58 303.41   8.97  0.20 11.23 302.25  10.33
19950227 120000  8.6 191.4  1.82 14.36 221.63  26.97  7  1.12  6.01 213.98  27.60  1.20 14.37 216.70   9.53  0.56 11.03 223.31  11.49  0.33 13.53 286.38  12.86  0.29  9.66 265.12   8.54  0.29 15.34 302.74   8.43  0.15 10.98 304.80   8.96
19950227 150000  6.7 219.3  1.83 14.12 222.31  26.27  7  1.10  6.05 217.14  27.28  1.24 14.13 216.24   9.52  0.56 10.97 223.47  11.29  0.32 15.18 300.87   8.87  0.30 13.47 283.72  12.96  0.26  9.57 264.41   8.28  0.18 11.09 302.93  10.62
19950227 180000  7.6 219.0  1.88 13.72 223.17  25.71  4  1.14  6.11 220.58  26.30  1.40 13.70 217.13  10.30  0.48 13.98 294.70  13.66  0.25  9.51 264.27   7.66
19950227 210000  7.6 217.5  1.92 13.54 223.08  25.65  5  1.17  6.17 221.58  26.22  1.43 13.51 216.70  10.20  0.49 14.14 295.31  13.47  0.22  9.43 266.49   7.73  0.06 20.65 214.60   7.21
19950228 000000  4.8 210.6  1.93 13.41 222.77  25.45  5  1.15  6.27 221.57  26.25  1.45 13.37 216.40   9.96  0.49 14.19 295.49  13.40  0.22  9.04 263.29   9.77  0.06 20.55 213.21   6.47
19950228 030000  5.9 199.4  1.91 13.26 222.41  25.15  5  1.08  6.34 221.23  26.45  1.48 13.21 216.47   9.84  0.47 14.21 294.74  13.46  0.18  9.17 268.36   7.06  0.15 16.69 303.32   8.32
19950228 060000  5.8 192.0  1.89 13.05 222.00  25.06  6  1.01  6.35 218.47  26.70  1.50 12.96 216.76   9.73  0.47 14.18 294.85  13.74  0.23  8.87 264.22   7.71  0.14 16.68 301.42   7.21  0.11 19.56 214.48   7.91
19950228 090000  5.6 187.3  1.85 12.86 221.94  25.31  5  0.95  6.33 217.17  27.68  1.50 12.77 216.94   9.65  0.49 13.96 295.50  13.33  0.23  8.82 264.29   7.67  0.11 19.34 213.85   6.73
19950228 120000  6.5 191.7  1.84 12.74 222.03  25.56  5  0.93  6.38 215.54  27.17  1.48 12.64 217.21   9.58  0.49 13.66 295.76  13.25  0.25  8.74 264.39   7.88  0.13 19.15 215.22   7.59
19950228 150000  6.9 214.3  1.85 12.65 222.55  25.31  4  0.94  6.71 216.24  26.14  1.50 12.54 218.88  12.25  0.50 13.54 295.91  13.31  0.16 18.76 214.20   7.03
19950228 180000  7.7 214.9  1.91 12.60 222.88  24.86  5  1.82 12.49 218.08  16.65  0.44 13.48 295.31  13.61  0.25  8.48 264.74   7.14  0.23 15.61 299.21   9.69  0.15 18.70 215.88   6.01
19950228 210000  8.9 216.4  2.00 12.58 222.83  24.94  6  1.91 12.48 218.28  17.65  0.42 13.44 294.19  13.55  0.29  8.45 263.92   7.54  0.24 15.56 299.18   9.67  0.16 18.30 216.23   5.86  0.10 10.26 307.29  13.37
19950301 000000  8.6 196.2  2.05 12.57 221.56  25.82  7  1.97 12.47 217.21  19.31  0.40 13.36 293.61  12.99  0.29  8.37 264.25   7.74  0.26 15.48 297.64   9.81  0.15 18.11 216.29   5.46  0.09 10.20 302.47  11.12  0.07 11.11 328.68   6.93
