Date     Time   Uabs UDir  hs    tp    th     sp     np hs(i) tp(i) th(i)  sp(i)
19961201 000000  3.8 199.3  2.04 11.01 233.06  28.70  3  1.40  7.59 226.48  26.74  1.36 10.99 229.44  14.30  0.58 14.46 305.23  10.20
19961201 030000  5.4 200.3  1.95 11.24 233.22  28.99  3  1.33  7.64 226.53  26.50  1.31 11.15 228.90  14.19  0.57 14.62 305.31  10.07
19961201 060000  6.7 180.3  1.87 11.61 232.49  29.92  3  1.78 11.50 226.59  21.93  0.57 14.81 305.39  10.17  0.06 21.79 304.15   9.25
19961201 090000  5.2 182.3  1.78 11.55 232.72  30.48  3  1.69 11.46 226.28  21.84  0.56 15.03 305.73  10.10  0.07 21.74 304.74   9.13
19961201 120000  4.6 175.2  1.69 11.26 233.84  30.71  3  1.59 11.10 226.71  21.13  0.55 14.91 306.03  10.02  0.08 21.58 304.74   9.14
19961201 150000  7.5 220.6  1.64 11.01 234.41  30.92  3  1.54 10.93 226.82  20.74  0.55 14.55 306.20   9.81  0.09 20.82 304.39   9.30
19961201 180000  8.4 211.6  1.69 10.88 233.07  31.37  4  1.53 10.31 227.41  22.23  0.55 14.41 306.30   9.49  0.45 11.02 209.15   6.35  0.11 20.46 304.21   9.46
19961201 210000  8.5 205.2  1.70 10.82 231.47  32.32  3  1.60 10.78 224.38  23.27  0.54 14.35 306.62   9.23  0.12 20.38 304.48   9.38
19961202 000000  6.5 200.1  1.67 10.82 230.72  33.19  4  1.15  5.53 218.70  29.44  1.08 10.78 228.35  14.71  0.53 14.31 306.93   9.30  0.14 20.32 304.88   9.36
19961202 030000  8.3 201.9  1.62 10.78 230.92  33.74  4  1.10  5.71 217.58  29.64  1.05 10.74 228.52  14.39  0.53 14.25 307.00   9.68  0.15 20.20 304.98   9.19
19961202 060000  6.9 184.9  1.60 10.71 230.61  34.59  5  1.05  5.46 214.32  30.66  1.07 10.66 229.45  14.60  0.52 14.15 307.13   9.56  0.17 19.60 304.68   9.24  0.06 16.78 226.96   9.54
19961202 090000  6.5 183.6  1.55 10.62 232.35  35.00  5  0.95  5.38 213.28  31.61  1.08 10.57 230.05  14.61  0.52 13.88 306.91   9.55  0.19 19.16 304.53   9.44  0.07 16.73 229.10   9.99
19961202 120000  5.7 182.4  1.50 10.51 234.76  34.30  6  0.83  5.33 214.72  32.11  1.11 10.47 230.20  14.37  0.52 13.70 306.76   9.36  0.21 19.06 304.60   9.43  0.08 16.41 223.56   8.10  0.06 19.01 236.64   7.24
19961202 150000  8.8 216.4  1.56 10.44 234.18  32.62  5  0.88  4.88 215.96  29.22  1.16 10.39 230.75  14.27  0.51 13.60 306.75   9.46  0.23 19.02 304.89   9.19  0.14 15.89 231.16   9.20
19961202 180000  9.7 207.2  1.84 10.52 230.83  30.92  6  1.30  5.04 219.97  28.14  1.18 10.44 230.40  13.23  0.46 13.54 306.82   9.61  0.25 18.90 305.07   9.27  0.16 15.51 309.76   4.99  0.11 17.98 237.37   7.81
19961202 210000  9.8 205.1  1.97 11.09 229.96  30.39  6  1.41  5.49 219.70  28.54  1.25 10.77 230.83  12.62  0.43 13.49 308.13   9.26  0.27 18.48 304.88   9.19  0.19 15.48 303.30   8.98  0.15 17.77 237.08   7.18
19961203 000000  8.6 203.6  2.04 11.09 229.76  30.12  5  1.41  5.69 218.00  29.13  1.36 10.95 231.55  12.05  0.45 13.48 307.20   9.78  0.30 17.93 304.81   9.27  0.13 15.51 309.77   4.99
19961203 030000  8.7 197.2  2.07 11.01 230.18  29.90  5  1.37  5.80 216.63  29.48  1.42 10.91 232.02  11.73  0.47 13.47 307.20   9.48  0.32 17.84 304.88   9.40  0.26 16.75 237.64   8.37
19961203 060000  8.1 189.1  2.09 11.06 231.21  29.49  5  1.29  5.93 215.31  29.93  1.49 10.98 232.76  11.59  0.47 13.52 307.09   9.24  0.39 16.26 237.07   8.23  0.34 17.77 305.03   9.31
19961203 090000  5.2 195.4  2.07 11.39 233.52  28.15  7  1.19  6.09 218.01  29.27  1.51 11.30 233.35  11.24  0.50 15.66 237.21   8.80  0.37 17.68 305.17   9.30  0.32 14.27 306.40   9.10  0.32 12.67 307.10  10.19  0.06 21.93 224.09   8.48
19961203 120000  5.2 196.5  2.05 11.54 235.49  26.58  6  1.88 11.48 229.85  19.39  0.57 15.52 237.28   8.61  0.39 17.44 304.86   9.09  0.32 12.65 307.52  10.11  0.30 14.35 306.32   9.49  0.08 21.72 223.70   8.08
19961203 150000  5.6 235.2  2.03 11.34 237.00  25.38  6  1.80 11.28 231.35  17.99  0.73 15.05 235.98  10.21  0.41 16.86 305.20   9.13  0.30 14.33 303.40   9.85  0.29 12.60 310.37   8.71  0.12 20.88 223.40   8.01
19961203 180000  6.4 233.9  2.02 14.47 238.14  24.62  6  1.78 11.15 232.60  17.01  0.73 14.72 236.85   9.65  0.42 16.70 304.85   9.68  0.31 12.59 308.71   9.83  0.26 14.32 303.96  10.23  0.16 20.42 223.24   8.01
19961203 210000  6.4 220.4  2.00 14.33 238.77  24.60  6  1.72 11.11 233.09  16.98  0.79 14.51 236.87   9.19  0.43 16.64 304.26   9.84  0.33 12.60 307.48  10.60  0.24 14.35 308.05   7.29  0.20 20.22 223.38   8.14
19961204 000000  3.7 211.6  1.97 14.15 239.18  25.27  5  1.63 11.16 232.78  17.58  0.88 14.14 237.31   9.45  0.47 16.56 304.75   9.81  0.38 12.78 307.54   8.75  0.27 19.23 223.42   7.88
19961204 030000  3.3 195.7  1.91 13.65 240.51  25.64  5  1.56 11.48 233.69  16.73  0.85 13.86 237.34   9.23  0.49 16.46 305.01   9.69  0.39 13.11 307.07   9.89  0.33 19.05 223.39   7.97
19961204 060000  3.8 200.1  1.86 13.45 241.65  26.04  5  1.39 10.88 233.19  16.61  0.98 13.52 238.73   8.47  0.51 16.25 305.04   9.42  0.39 13.28 306.82  11.04  0.38 18.84 223.67   7.97
19961204 090000  2.5 220.6  1.81 13.32 242.17  26.16  4  1.63 13.30 235.54  14.02  0.50 15.86 304.69   9.75  0.47 17.91 223.89   7.92  0.40 13.44 307.50  10.40
19961204 120000  2.1 229.5  1.76 13.17 242.16  26.03  5  1.55 13.10 235.95  13.43  0.55 17.78 223.82   8.03  0.49 15.67 304.04  10.34  0.31 13.47 307.27   8.53  0.23 11.78 311.49  10.68
19961204 150000  4.4 247.5  1.71 12.75 242.40  26.15  5  1.48 12.70 236.38  13.38  0.59 17.61 224.03   8.06  0.52 15.55 303.88  10.30  0.28 12.00 310.71  10.65  0.18 13.54 309.87   5.00
19961204 180000  4.0 269.9  1.65 16.53 242.70  26.71  4  1.39 12.55 236.74  13.47  0.65 16.77 224.14   8.06  0.56 15.47 304.66  10.02  0.24 11.76 312.40  11.23
19961204 210000  3.8 251.7  1.61 16.46 242.99  27.71  3  1.30 12.44 236.97  13.58  0.73 16.61 224.07   8.20  0.62 15.40 305.79  10.60
19961205 000000  2.6 357.6  1.56 16.29 243.75  28.99  3  1.21 12.32 236.89  13.50  0.75 16.50 223.99   8.18  0.64 15.31 305.76  10.63
19961205 030000  0.3  68.3  1.50 15.65 244.84  30.45  3  1.11 12.01 237.15  14.78  0.76 15.92 224.04   8.23  0.65 15.19 305.74  10.84
19961205 060000  1.9 119.3  1.47 15.48 245.14  30.99  3  1.05 11.83 238.42  16.01  0.80 15.56 223.92   8.25  0.64 14.99 306.06  10.59
19961205 090000  1.0 143.6  1.47 15.39 245.04  30.94  3  1.03 11.72 240.92  18.26  0.85 15.47 223.65   8.18  0.62 14.69 306.26  10.76
19961205 120000  1.8 113.6  1.48 15.20 245.35  30.76  3  1.04 11.63 243.32  20.13  0.86 15.33 223.54   8.16  0.60 14.52 306.31  11.18
19961205 150000  3.9 230.3  1.48 14.67 246.12  30.64  3  1.07 11.52 245.76  21.67  0.85 14.78 223.61   8.18  0.58 14.42 306.37  11.32
19961205 180000  7.2 226.7  1.58 14.49 245.98  30.37  4  0.27  7.80 204.40   7.76  1.16 11.17 248.72  22.24  0.87 14.53 223.54   8.13  0.56 14.37 306.43  11.21
19961205 210000  7.3 216.1  1.68 14.40 245.02  30.42  4  0.26  8.27 203.69   7.65  1.28 10.89 247.65  24.59  0.90 14.42 223.48   8.09  0.56 14.34 306.56  10.96
19961206 000000  8.5 208.1  1.72 14.31 243.27  31.08  4  1.29  9.40 244.72  28.64  0.91 14.31 223.69   8.12  0.55 14.31 306.19  11.44  0.43 11.14 233.76   8.79
19961206 030000  7.1 176.9  1.69 14.10 241.47  32.79  5  1.24  9.33 243.19  31.82  0.89 13.98 223.72   8.16  0.54 14.27 306.15  11.68  0.42 11.00 234.70   8.37  0.25  7.38 204.73   8.36
19961206 060000  9.7 185.5  1.71 13.69 234.80  35.11  5  0.87  4.02 198.94  30.49  0.96  8.39 253.42  21.51  0.88 13.61 223.87   8.12  0.51 14.21 306.36  11.45  0.44 10.80 235.66  11.32
19961206 090000  8.6 174.1  1.72 13.53 229.44  35.59  4  1.35  8.02 223.56  36.72  0.87 13.49 223.68   8.08  0.48 14.03 306.53  11.46  0.39 10.80 232.09   8.82
19961206 120000  8.3 179.4  1.72 13.44 226.98  34.27  4  1.33  6.17 220.36  35.74  1.00 13.41 225.64  10.67  0.44 13.64 306.56  11.44  0.06 17.87 301.14  12.16
19961206 150000  9.9 199.5  1.84 13.34 225.00  31.40  4  1.53  6.78 220.22  31.15  0.93 13.30 225.19   8.94  0.41 13.51 306.47  11.45  0.07 17.82 300.55  12.63
19961206 180000 13.0 213.5  2.31 13.18 223.77  27.30  2  2.28  6.71 222.01  24.49  0.39 13.46 306.29  11.32
19961206 210000 12.4 204.0  2.63  7.26 222.04  27.28  3  2.60  7.26 220.79  25.29  0.37 13.45 306.16  11.27  0.08 17.86 224.03   8.31
19961207 000000  8.3 184.2  2.49  7.46 220.45  28.36  5  2.33  7.46 218.53  27.53  0.77 12.56 223.81   8.19  0.35 13.44 305.26  10.86  0.10 17.72 224.13   7.81  0.06  9.64 332.36   4.55
19961207 030000  9.6 191.6  2.24  7.47 219.26  28.40  5  2.09  7.47 216.91  27.16  0.71 12.48 223.62   8.53  0.34 13.44 305.32  10.79  0.14 16.89 223.28   7.89  0.05  9.60 332.12   4.70
19961207 060000  8.9 186.3  2.07  7.40 218.62  28.33  5  1.92  7.40 216.07  26.79  0.65 12.38 222.96   8.11  0.32 13.43 305.57  10.70  0.19 16.63 222.92   7.43  0.10 16.72 301.06  12.30
19961207 090000  6.5 182.1  1.92  7.39 219.80  27.75  5  1.79  7.39 217.30  25.85  0.57 12.07 222.35   8.46  0.30 13.41 305.37  11.01  0.27 16.14 224.14   7.69  0.11 16.62 302.32  11.99
19961207 120000  5.9 193.3  1.79  7.43 221.83  26.57  6  1.65  7.43 219.36  24.34  0.53 11.81 222.57   8.64  0.31 15.59 223.39   7.46  0.29 13.37 305.24  11.26  0.12 16.61 302.30  12.35  0.06 20.55 309.56   9.32
19961207 150000  8.0 235.1  1.68  7.41 224.22  25.68  6  1.52  7.41 221.77  23.50  0.55 11.97 223.44   8.48  0.34 15.47 224.26   7.74  0.28 13.23 305.19  11.51  0.12 16.59 302.55  12.66  0.06 20.41 310.08   8.53
19961207 180000  8.7 229.3  1.72  7.30 225.59  25.51  6  1.55  7.30 223.56  23.89  0.51 12.28 224.15   8.62  0.44 14.75 223.83   7.54  0.27 12.89 304.90  12.33  0.12 16.49 303.41  13.04  0.07 20.35 311.16   8.82
19961207 210000  7.0 214.2  1.66 14.44 224.67  26.42  5  1.47  6.99 222.21  25.27  0.53 12.28 224.17   8.38  0.47 14.56 224.29   7.88  0.29 12.74 305.29  12.76  0.07 20.32 311.60  10.12
19961208 000000  3.8 222.0  1.55 14.38 224.50  26.79  6  1.31  6.80 221.17  25.97  0.60 12.29 224.22   8.72  0.49 14.53 225.28   8.16  0.25 12.69 305.71  13.12  0.16 15.66 304.79  11.85  0.08 19.93 310.17  10.30
19961208 030000  2.4 218.8  1.44 14.13 225.94  26.85  6  1.12  6.55 221.53  26.78  0.62 12.27 225.19   8.77  0.58 14.17 225.65   8.79  0.25 12.67 305.43  14.11  0.16 15.62 304.19  12.00  0.09 19.21 309.49   9.72
19961208 060000  2.4 226.5  1.36 13.75 227.82  26.54  6  0.94  6.30 222.74  27.65  0.67 13.90 226.35   8.53  0.63 11.72 225.76  10.05  0.25 12.65 306.64  11.88  0.16 15.64 302.84  12.71  0.10 19.08 310.36   8.93
19961208 090000  3.1  24.5  1.30 13.69 229.67  25.89  5  0.99 13.74 226.87   9.73  0.77  5.97 224.30  28.98  0.24 12.65 306.52  11.38  0.18 15.54 304.23  12.80  0.10 19.05 311.67   8.98
19961208 120000  7.3   0.3  1.31 13.63 234.34  33.35  5  1.07 13.66 227.14   9.89  0.70  5.63 243.40  50.96  0.24 12.64 306.09  11.84  0.18 15.49 304.99  12.71  0.10 19.02 311.82   9.73
19961208 150000  7.4 326.4  1.44 13.46 244.48  39.83  5  0.70  3.73 313.47  35.73  1.22 13.49 226.43  11.45  0.24 12.64 306.29  12.23  0.18 15.44 305.60  12.39  0.11 18.78 310.67  10.38
19961208 180000  7.4 326.9  1.57 13.02 248.55  38.38  5  0.91  4.83 293.49  39.49  1.24 13.05 228.09  11.09  0.23 12.59 307.96  11.23  0.18 15.31 305.15  13.20  0.12 18.00 309.86   9.94
19961208 210000  7.3 339.0  2.05 12.66 249.46  34.15  4  2.02 12.67 248.03  33.36  0.21 12.49 307.61  11.26  0.19 15.15 308.54  11.41  0.13 17.87 310.29   9.46
19961209 000000 12.5   3.9  2.66 12.32 250.58  37.86  5  1.02  4.20 343.59  30.72  2.43 12.31 240.55  18.67  0.20 14.86 308.54  11.01  0.18 12.39 311.02   9.40  0.14 17.87 311.96   9.11
19961209 030000  7.8  17.2  2.76 11.82 250.06  39.08  3  2.74 11.80 249.30  38.79  0.26 14.62 309.50  11.08  0.14 17.98 313.37   8.96
19961209 060000  6.3  23.8  2.51 11.78 246.82  37.39  4  2.49 11.77 245.90  36.93  0.21 14.53 308.29  11.58  0.16 11.94 311.83   8.30  0.14 18.26 313.43   9.31
19961209 090000  4.2  71.1  2.22 11.84 243.36  34.81  4  2.20 11.84 242.20  34.04  0.22 14.46 308.27  11.03  0.15 18.54 312.44   9.22  0.14 11.69 311.86   9.38
19961209 120000  4.6 106.4  2.03 11.88 239.69  32.51  3  2.00 11.87 238.24  31.27  0.26 14.42 308.73  11.99  0.16 16.83 311.19   9.84
19961209 150000  2.5 239.0  1.90 11.90 237.08  29.80  3  1.88 11.89 235.39  27.92  0.25 14.37 309.87  11.21  0.18 16.97 312.55   9.52
19961209 180000  9.9 212.8  1.92 11.91 233.28  26.67  4  1.37  8.80 233.93  31.55  1.31 11.89 229.39  10.80  0.24 14.33 310.36  11.13  0.20 17.44 314.35   8.89
19961209 210000  9.8 202.2  2.08 11.80 227.14  25.63  3  2.05 11.77 225.75  23.09  0.24 14.25 310.65  11.09  0.20 17.58 315.36   8.48
19961210 000000  5.7 199.5  2.08 11.66 225.44  24.78  4  1.18  5.46 216.80  32.29  1.69 11.64 227.26  13.83  0.23 13.95 310.66  11.31  0.19 17.61 315.87   8.13
19961210 030000  5.6 175.6  1.97 11.58 225.91  23.79  3  1.94 11.56 224.49  20.78  0.22 13.56 311.19  11.06  0.20 17.42 313.92   9.57
19961210 060000  4.3 188.3  1.86 11.51 226.60  23.23  3  1.83 11.50 224.84  19.28  0.22 13.48 311.57  11.21  0.22 16.55 313.86   9.44
19961210 090000  2.3 219.7  1.78 11.37 227.35  23.17  3  1.74 11.34 225.14  18.05  0.25 16.50 314.49   9.15  0.23 13.47 310.84  12.15
19961210 120000  2.1 216.6  1.72 11.14 227.68  23.11  3  1.69 11.12 225.23  17.31  0.26 16.50 314.62   9.15  0.22 13.45 310.13  13.53
19961210 150000  4.5 265.3  1.70 10.98 227.88  23.00  3  1.66 10.97 225.47  17.25  0.25 16.50 314.98   8.55  0.22 13.44 311.14  12.17
19961210 180000  6.5 258.5  1.71 10.86 229.24  23.71  3  1.68 10.85 226.96  18.72  0.24 16.39 315.54   8.13  0.22 13.43 311.22  12.09
19961210 210000  4.8 224.2  1.69 10.74 229.40  23.94  5  1.39  8.79 227.21  20.97  0.90 10.74 226.52  11.60  0.25 15.77 316.50   7.75  0.22 13.41 311.16  11.80  0.06 15.62 223.83   8.63
19961211 000000  3.0 214.2  1.64 10.34 229.27  24.25  4  1.36  8.79 226.50  20.25  0.86 10.57 226.66  11.62  0.27 15.55 316.37   7.49  0.21 13.06 311.27  12.43
19961211 030000  2.6 186.5  1.57 10.18 229.62  24.78  4  1.32  8.80 226.05  19.33  0.77 10.50 227.64  12.54  0.30 15.47 313.99  10.43  0.19 12.57 314.86   9.30
19961211 060000  2.9 177.2  1.50 10.13 229.74  25.37  3  1.45 10.12 226.16  17.67  0.30 15.44 314.09   9.91  0.19 12.54 313.10  10.56
19961211 090000  0.5  96.6  1.42 10.09 229.97  26.07  4  1.38 10.09 225.91  17.51  0.29 15.38 313.89   9.55  0.20 12.58 313.15  10.31  0.07 17.83 317.41   7.46
19961211 120000  0.2  19.8  1.36 10.06 230.27  26.87  4  1.31 10.05 225.68  17.28  0.29 15.15 314.89   8.93  0.20 12.58 312.95  10.53  0.08 17.82 316.07   8.34
19961211 150000  3.7 273.8  1.34 10.02 230.86  27.83  5  1.29  9.99 225.92  17.91  0.29 14.69 316.40   7.67  0.21 12.62 313.01  10.97  0.09 17.84 316.01   8.34  0.06 24.53 314.46   8.55
19961211 180000  6.9 249.3  1.40  9.75 231.46  28.10  5  1.35  9.71 226.83  19.29  0.29 14.57 317.19   7.41  0.20 12.63 313.24  10.64  0.09 23.30 314.51   8.40  0.09 17.87 315.13   9.36
19961211 210000  6.6 210.9  1.49  9.60 228.91  27.57  5  1.44  9.58 224.71  19.19  0.31 14.51 316.78   7.59  0.20 12.52 312.54  12.26  0.14 14.91 227.74   8.96  0.12 23.27 314.73   8.25
19961212 000000  3.2 211.4  1.49  9.54 227.77  27.60  4  1.44  9.52 223.48  18.69  0.34 14.45 314.55   9.78  0.13 23.27 315.44   8.09  0.12 16.65 317.37   7.83
19961212 030000  5.1 185.2  1.44  9.64 228.22  28.19  5  1.09  8.78 221.17  21.43  0.85  9.95 226.64  10.13  0.35 14.38 313.99   9.91  0.13 23.11 315.12   8.24  0.13 16.63 318.87   6.45
19961212 060000  5.7 183.4  1.44  9.75 227.90  30.26  7  1.32  9.72 221.80  19.91  0.33 13.79 226.37   8.93  0.33 14.21 313.69  10.31  0.18 21.84 314.81   8.13  0.15 11.68 315.56   9.12  0.14 18.17 224.53   7.75  0.14 16.66 317.57   7.97
19961212 090000  4.8 156.7  1.42  9.73 229.98  31.65  7  1.29  9.70 222.67  19.90  0.33 13.82 315.01   9.52  0.33 16.44 227.31   9.70  0.24 21.75 314.71   8.22  0.17 13.54 225.00   0.00  0.15 11.68 315.39   9.16  0.14 16.69 315.13   9.34
19961212 120000  4.3 187.4  1.40 13.44 231.71  30.83  7  1.10  9.54 222.51  19.64  0.54 12.95 225.59   9.60  0.41 11.64 235.75   7.86  0.35 13.66 316.00   8.88  0.28 17.70 226.36   8.17  0.25 21.74 315.02   8.30  0.15 11.69 314.47  10.49
19961212 150000  5.6 227.8  1.41 13.33 232.26  28.83  8  1.00  9.41 224.47  18.98  0.57 11.46 229.26  10.32  0.52 12.93 225.93   9.35  0.43 16.61 227.22   8.26  0.29 13.59 316.04   9.21  0.24 21.71 315.49   8.09  0.18 15.63 317.40   8.40  0.14 11.68 314.77   9.75
19961212 180000  6.9 236.4  1.50 13.30 233.61  28.35  6  0.57  3.41 233.40  30.25  1.16 12.39 226.55  12.75  0.61 16.08 227.22   8.78  0.31 13.55 315.88   8.57  0.27 20.76 315.40   7.78  0.19 15.55 318.02   8.00
19961212 210000  5.3 215.4  1.56 20.25 235.23  29.90  5  1.31 12.06 228.33  18.28  0.68 15.77 226.84   8.57  0.37 20.37 314.74   8.25  0.30 13.48 315.38   8.96  0.21 15.47 318.32   6.72
19961213 000000  3.9 209.8  1.60 20.16 235.64  30.40  5  1.22 11.99 227.66  18.69  0.88 15.52 227.81   8.71  0.41 20.33 314.83   8.34  0.33 13.47 315.34   9.15  0.20 15.56 316.44   8.34
19961213 030000  2.8 177.8  1.63 15.32 235.28  29.29  5  1.50 15.29 227.34  15.00  0.38 20.31 314.96   8.40  0.34 13.43 315.41   9.17  0.33 19.06 238.79   5.05  0.20 15.61 314.50   9.51
19961213 060000  3.8 195.9  1.66 14.71 234.85  28.12  4  1.40 14.75 227.22  15.06  0.70 17.63 231.55   7.99  0.39 13.31 315.19   9.42  0.37 20.15 315.29   8.17
19961213 090000  2.0 182.3  1.70 14.59 236.16  29.08  5  1.37 14.39 227.63  14.67  0.83 17.48 230.52   8.55  0.45 19.19 315.41   7.89  0.29 12.88 315.22   9.67  0.25 14.61 315.61   9.33
19961213 120000  2.4 205.6  1.74 18.64 238.00  30.57  5  1.36 14.26 228.23  14.05  0.87 17.32 229.97   9.13  0.54 19.05 315.01   8.34  0.26 12.69 314.70   9.56  0.25 14.50 318.34   7.11
19961213 150000  4.3 253.2  1.75 18.78 238.63  30.59  5  1.33 14.11 228.66  14.60  0.92 16.52 230.65   8.80  0.56 19.03 314.99   8.48  0.24 12.62 315.64   8.86  0.24 14.44 318.51   6.68
19961213 180000  7.6 237.7  1.77 16.43 238.35  29.68  6  0.50  3.14 242.57  29.14  1.25 13.55 228.43  12.54  0.97 16.40 230.01   8.59  0.52 18.99 314.95   8.57  0.27 12.70 316.52   8.28  0.21 14.52 317.46   7.12
19961213 210000  4.8 217.4  1.77 15.71 238.59  30.44  5  1.24 13.16 229.43  18.64  1.08 15.88 230.65   8.61  0.52 18.76 315.23   8.23  0.29 12.74 316.57   8.11  0.22 14.58 315.00   9.17
19961214 000000  1.9 195.1  1.76 15.36 241.23  32.83  4  1.26 13.08 229.20  17.19  0.99 15.60 230.90   8.56  0.61 17.95 315.30   8.04  0.38 12.87 315.45   8.82
19961214 030000  3.3 204.9  1.75 17.75 244.07  34.80  3  1.56 15.27 229.87  13.72  0.69 17.84 315.20   8.04  0.38 13.28 315.21   9.15
19961214 060000  5.6 197.3  1.75 17.75 243.70  35.26  3  1.56 14.58 229.18  13.90  0.71 17.82 314.94   8.45  0.35 13.41 316.51   8.06
19961214 090000  4.8 188.1  1.74 14.31 241.86  34.75  3  1.57 14.36 228.52  14.42  0.69 17.81 315.04   8.51  0.31 13.44 316.97   8.03
19961214 120000  2.1 188.1  1.72 14.22 241.34  34.51  5  1.37 14.27 230.21   9.47  0.73  7.51 221.34  23.43  0.68 17.72 315.21   8.37  0.25 13.44 317.77   7.52  0.18 11.78 316.13   8.46
19961214 150000  4.7 257.8  1.71 13.79 243.55  35.70  4  1.34 13.88 230.25   9.44  0.72 17.03 315.11   8.37  0.72  7.51 222.60  22.09  0.30 13.43 317.23   7.81
19961214 180000  7.4 224.6  1.75 13.50 245.64  37.10  4  0.80  7.58 224.48  23.38  1.31 13.50 230.25   9.46  0.79 16.76 314.76   8.32  0.31 13.37 317.41   7.62
19961214 210000  7.1 208.8  1.79 16.67 245.32  38.51  4  0.90  7.38 221.17  24.95  1.28 13.40 230.16   9.50  0.82 16.71 314.64   8.48  0.32 13.27 316.54   7.76
19961215 000000  6.7 193.7  1.76 16.67 245.04  39.81  4  0.92  7.54 217.53  25.49  1.22 13.29 230.36   9.64  0.83 16.70 314.55   8.52  0.30 12.79 317.39   7.56
19961215 030000  6.8 188.7  1.72 16.66 244.16  40.85  4  0.94  7.75 215.23  26.06  1.15 12.90 230.17   9.58  0.82 16.69 314.67   8.49  0.28 12.59 317.82   7.39
19961215 060000  6.7 183.5  1.69 12.65 243.39  41.49  5  0.73  4.72 210.16  31.61  1.12 12.65 230.40   9.84  0.80 16.65 314.82   8.44  0.59  7.56 216.92  15.26  0.27 12.56 317.90   7.39
19961215 090000  4.8 179.1  1.67 12.59 244.29  41.45  4  1.09 12.59 230.58  10.00  0.94  7.24 214.43  26.18  0.81 16.42 314.75   8.56  0.24 12.50 317.40   7.55
19961215 120000  4.4 169.9  1.66 15.84 246.00  40.87  4  1.07 12.56 231.13  10.29  0.94  6.53 217.33  24.46  0.82 15.88 314.42   8.61  0.23 12.50 317.48   7.63
19961215 150000  6.4 228.9  1.70 15.74 246.06  39.67  4  1.01  6.87 220.74  22.38  1.07 12.51 231.42  10.40  0.83 15.78 314.08   8.73  0.23 12.49 317.58   7.59
19961215 180000  9.4 209.8  1.99 15.71 238.82  37.33  4  1.43  7.74 220.95  22.56  1.08 12.44 231.84  10.61  0.83 15.75 313.95   8.73  0.24 12.51 317.19   7.73
19961215 210000 10.1 207.7  2.30 15.68 231.80  35.72  3  1.82  7.17 218.14  23.52  1.11 12.27 231.79  10.78  0.86 15.75 314.20   8.72
19961216 000000  6.4 196.2  2.50 15.62 228.08  35.00  3  2.11  7.49 217.52  24.88  1.04 12.03 230.55   9.74  0.84 15.78 314.32   8.69
19961216 030000  8.6 200.2  2.48 15.50 227.84  34.60  3  2.07  7.82 217.34  25.03  1.09 11.90 230.22   9.65  0.82 15.85 314.30   8.77
19961216 060000  8.5 193.1  2.39 15.16 228.22  34.58  4  1.95  7.83 217.00  25.13  1.14 11.82 229.76   9.48  0.79 15.94 313.86   9.15  0.15 11.68 317.41   7.81
19961216 090000  7.1 187.2  2.31 14.78 229.67  34.16  5  1.83  7.77 218.42  24.84  0.94 11.76 230.82   8.78  0.77 15.90 313.50   9.32  0.68 14.44 225.64   9.08  0.15 11.68 317.69   7.46
19961216 120000  5.8 179.6  2.25 14.60 231.64  33.17  5  1.71  7.89 220.54  23.93  0.91 11.57 230.51   9.06  0.83 13.87 226.58   9.35  0.76 15.66 313.16   9.56  0.15 11.69 317.76   7.56
19961216 150000  7.8 215.5  2.23 14.43 232.30  32.16  4  1.66  8.08 221.75  22.56  1.27 13.41 228.46   9.87  0.75 15.43 312.99   9.60  0.14 11.70 317.84   7.54
19961216 180000  9.5 225.0  2.34 14.26 231.05  31.05  3  1.71  8.17 220.93  22.94  1.40 13.27 228.66  10.48  0.75 15.31 313.20   9.30
19961216 210000 10.0 205.9  2.49 13.84 228.25  30.91  3  1.93  7.72 219.48  24.26  1.38 12.85 227.80  10.30  0.74 15.27 313.18   9.29
19961217 000000  8.4 196.2  2.53 13.27 226.06  31.48  3  2.00  7.57 217.27  25.69  1.37 12.58 227.31   9.90  0.72 15.26 313.09   9.36
19961217 030000  8.4 191.1  2.48 12.81 224.94  31.67  3  1.97  7.61 216.08  25.84  1.33 12.47 226.67   9.88  0.70 15.25 312.88   9.56
19961217 060000  9.8 186.8  2.43 12.65 224.49  31.58  4  1.89  7.69 214.88  25.79  1.36 12.34 226.62  10.43  0.69 15.25 312.42  10.14  0.06 21.74 302.50  10.03
19961217 090000  7.1 177.2  2.40 12.56 224.91  31.12  4  1.92  7.90 217.13  25.43  1.27 12.18 225.00   9.89  0.67 15.22 311.98  10.51  0.06 21.73 302.55   9.78
19961217 120000  7.6 182.2  2.39 12.54 226.30  29.99  5  1.76  8.20 216.82  24.82  1.48 12.25 226.89  11.66  0.66 15.13 311.82  10.26  0.07 15.51 259.81   4.99  0.06 21.68 302.86   9.80
19961217 150000  8.9 214.6  2.41 12.53 226.59  28.78  3  2.32  8.72 221.84  19.95  0.65 14.94 311.35  10.76  0.06 21.38 304.22   9.51
19961217 180000 11.6 216.5  2.70 12.45 224.91  27.25  3  2.62  8.56 221.39  20.33  0.63 14.68 311.49  10.12  0.07 20.49 304.63   9.12
19961217 210000 11.1 208.2  2.98  8.16 222.86  27.55  4  2.64  8.16 219.87  24.03  1.22 11.95 221.21  11.71  0.61 14.58 311.45  10.06  0.09 20.37 304.42   9.18
19961218 000000  7.7 201.9  2.98  8.35 221.72  28.23  4  2.72  8.35 219.16  24.77  1.05 12.09 218.72  10.57  0.59 14.54 311.37  10.09  0.10 20.33 303.66   9.44
19961218 030000  7.1 198.6  2.76  8.42 222.30  28.38  4  2.43  8.42 219.55  24.79  1.16 11.79 218.41  11.18  0.59 14.55 311.20  10.15  0.10 20.32 303.10   9.84
19961218 060000  8.0 196.4  2.54  8.38 222.97  28.50  4  2.13  8.38 219.49  24.70  1.24 11.64 219.41  11.03  0.58 14.58 310.58  10.85  0.10 20.26 304.00   9.81
19961218 090000  6.1 192.4  2.39 11.64 223.76  28.38  4  1.92  8.38 220.02  24.20  1.30 11.53 219.61  12.09  0.58 14.60 310.16  10.94  0.10 20.08 305.73   9.36
19961218 120000  6.0 184.4  2.30 11.54 224.21  28.02  4  1.83  8.53 220.41  23.30  1.27 11.37 219.73  12.24  0.57 14.58 309.75  11.17  0.12 19.23 306.05   8.99
19961218 150000  7.8 216.1  2.23 11.55 224.59  27.66  4  1.77  8.55 220.78  22.54  1.23 11.34 219.98  12.13  0.55 14.51 309.86  10.66  0.14 19.05 306.44   9.05
19961218 180000 10.6 210.3  2.24 11.73 224.20  27.54  3  2.17 11.49 220.40  20.23  0.52 14.41 309.91  10.62  0.16 19.01 306.05   9.29
19961218 210000 10.0 206.2  2.32 11.90 222.96  28.20  4  1.91  7.52 219.05  24.81  1.20 11.48 220.76  11.80  0.51 14.34 310.00  10.56  0.17 18.98 305.76   9.61
19961219 000000  6.4 199.1  2.23  7.26 223.27  29.32  4  1.88  7.26 219.36  25.80  1.08 11.41 220.41  11.34  0.50 14.32 309.91  10.49  0.16 18.95 306.25   9.81
19961219 030000  7.3 196.5  2.05 11.44 224.29  30.13  4  1.71  7.18 219.78  25.93  1.02 11.36 220.47  11.28  0.50 14.30 309.65  10.41  0.16 18.84 307.74   9.67
19961219 060000  9.1 197.6  1.93 11.38 224.08  30.94  4  1.56  7.04 218.36  26.30  1.00 11.31 220.92  11.24  0.49 14.26 309.37  10.43  0.18 18.12 308.67   9.42
19961219 090000  4.4 195.6  1.82 11.29 225.38  31.15  5  1.44  7.02 219.67  25.87  0.98 11.22 220.47  11.89  0.48 14.19 309.23  10.60  0.21 17.81 308.61   8.97  0.06 17.90 203.49   5.98
19961219 120000  4.8 203.8  1.81 11.13 226.33  30.21  5  1.44  7.43 221.25  24.14  0.95 11.05 220.82  12.21  0.46 13.94 309.35  10.51  0.23 17.76 308.51   9.10  0.18 16.64 203.93   5.79
19961219 150000  6.4 226.6  1.90 10.61 225.64  28.61  5  1.56  8.32 222.31  22.16  0.88 10.69 219.35  11.98  0.45 13.69 309.18  11.11  0.34 15.76 204.51   5.89  0.24 17.74 308.62   9.34
19961219 180000  9.7 216.5  2.08 10.22 223.76  27.39  4  1.95 10.19 221.32  20.45  0.53 14.95 204.30   5.93  0.44 13.58 309.52  10.57  0.24 17.72 309.05   9.55
19961219 210000  9.1 205.6  2.23 13.67 221.54  27.12  5  1.72  8.35 220.16  23.80  1.09 10.15 220.81  15.09  0.77 14.13 205.85   6.63  0.43 13.53 309.72  10.60  0.24 17.68 309.28   9.15
19961220 000000  9.6 200.8  2.26 13.44 220.00  27.29  3  2.21 13.38 217.01  21.22  0.42 13.51 309.37  10.32  0.25 17.40 311.18   9.47
19961220 030000  6.9 191.1  2.22 13.15 219.38  27.79  3  2.17 12.69 216.24  21.43  0.40 13.49 309.38  10.34  0.29 16.77 311.50   8.79
19961220 060000  9.1 195.9  2.17 12.50 218.96  28.08  4  2.11 12.36 215.56  21.22  0.38 13.48 309.65  10.14  0.31 16.64 311.38   8.88  0.12 15.57 230.77   7.91
19961220 090000  6.2 197.9  2.11 11.98 219.53  28.32  4  2.05 11.86 215.89  21.11  0.37 13.45 309.79  10.08  0.33 16.60 311.43   8.97  0.14 15.38 233.80   9.16
19961220 120000  4.2 205.8  2.05 11.69 220.94  28.14  4  1.98 11.64 217.06  20.55  0.37 13.38 310.53  10.43  0.33 16.60 310.98   8.78  0.17 15.08 235.87  10.66
19961220 150000  6.9 235.9  2.03 11.33 222.41  27.92  4  1.96 11.23 218.47  20.23  0.37 16.53 311.97   9.29  0.33 13.03 310.16   9.80  0.17 14.61 233.86   8.90
19961220 180000  8.9 209.3  2.04 10.89 222.78  28.17  4  1.98 10.87 218.93  20.78  0.38 16.45 313.28   8.76  0.32 12.82 309.22   9.78  0.17 14.63 231.81   7.38
19961220 210000  9.0 208.6  2.00 10.80 222.58  29.06  4  1.93 10.79 218.46  21.48  0.38 16.29 313.01   8.41  0.33 12.77 310.58  10.16  0.19 14.48 230.37   8.50
19961221 000000  7.2 202.6  1.96 10.55 222.24  30.44  4  1.88 10.51 217.73  22.63  0.38 15.90 313.16   8.27  0.33 12.78 311.02  10.05  0.21 14.28 229.67   8.33
19961221 030000  7.6 192.2  1.83 10.25 223.06  32.12  4  1.74 10.24 217.66  23.53  0.42 15.61 312.85   8.56  0.29 12.73 311.58   9.93  0.24 13.79 226.83  10.26
19961221 060000  8.5 190.3  1.73 10.14 223.23  33.82  3  1.62 10.13 216.87  24.38  0.52 15.53 312.57   9.01  0.27 13.78 225.45  10.99
19961221 090000  7.1 183.0  1.64  9.99 223.13  35.12  4  1.54  9.98 215.85  24.88  0.52 15.49 312.69   9.03  0.24 13.76 232.01   7.90  0.06 17.92 221.36   7.26
19961221 120000  8.1 181.1  1.61  9.81 222.42  35.41  5  1.14  6.31 213.60  30.10  0.97  9.80 215.95  13.83  0.52 15.45 312.87   8.94  0.28 13.38 231.67   7.75  0.11 16.87 222.86   8.22
19961221 150000  8.6 205.0  1.67 12.67 221.68  33.95  5  1.13  5.83 213.34  29.11  0.90  9.80 218.24  14.22  0.64 12.52 213.86  12.48  0.51 15.40 313.03   8.91  0.14 16.78 223.12   7.92
19961221 180000 12.0 208.8  2.05 12.54 220.20  30.54  3  1.97 12.41 216.00  22.84  0.51 15.30 313.21   8.73  0.21 16.00 223.05   8.28
19961221 210000 10.9 208.6  2.27  6.26 219.80  29.83  3  2.19  6.26 216.40  23.65  0.51 15.13 313.30   8.69  0.24 15.83 222.12   7.91
19961222 000000  6.4 197.3  2.22  6.56 220.08  30.21  4  1.80  6.56 216.94  27.36  1.13 10.80 215.17  11.41  0.51 14.82 313.38   8.67  0.37 15.28 222.14   9.02
19961222 030000  6.7 199.7  2.04 11.66 221.38  30.37  4  1.51  6.60 217.11  27.49  1.18 10.59 216.16  11.79  0.52 14.67 313.51   8.66  0.46 14.75 224.47   9.66
19961222 060000  7.9 191.1  1.93 14.43 222.35  30.40  4  1.32  6.48 216.53  27.40  1.17 10.53 217.33  11.74  0.57 14.47 223.51   9.19  0.52 14.59 313.70   8.61
19961222 090000  4.7 194.6  1.86 14.23 223.85  30.09  4  1.19  6.33 216.79  27.04  1.12 11.51 218.67  12.47  0.74 13.90 223.47   9.31  0.52 14.53 313.89   8.53
19961222 120000  4.8 185.6  1.85 14.00 225.74  29.20  4  1.16  6.62 220.12  25.58  1.01 10.60 218.87  11.74  0.88 13.58 223.58  10.02  0.52 14.48 313.93   8.59
19961222 150000  5.6 231.1  1.87 13.63 227.21  28.27  3  1.21  7.35 222.14  23.82  1.33 13.38 222.28  11.07  0.52 14.44 313.97   8.50
19961222 180000  7.5 229.7  1.95 13.42 228.09  27.62  4  1.32  7.47 223.52  23.26  1.34 13.23 223.40  11.18  0.52 14.43 314.00   8.51  0.05 21.63 294.86   9.11
19961222 210000  7.4 215.6  2.04 13.28 227.70  27.69  4  1.41  7.26 222.86  24.02  1.37 13.07 223.88  11.44  0.53 14.42 314.07   8.55  0.06 21.55 294.46   9.17
19961223 000000  5.6 202.5  2.12 13.09 225.78  28.07  4  1.48  7.00 220.56  25.59  1.39 12.77 223.89  11.39  0.53 14.36 313.78   9.01  0.33 16.52 208.31   7.53
19961223 030000  5.2 201.8  2.18 12.82 223.94  27.57  5  1.46 12.56 224.54  12.62  1.37  6.99 218.42  26.28  0.69 16.04 207.77   7.59  0.52 14.27 314.29   8.47  0.09 20.44 294.15   9.26
19961223 060000  8.9 187.4  2.34 12.90 220.37  26.69  5  1.32  7.04 215.17  27.48  1.47 12.23 224.13  13.45  1.15 15.58 208.74   8.06  0.51 14.21 314.34   8.47  0.09 20.24 294.24   9.42
19961223 090000  7.7 187.6  2.53 14.92 218.11  25.26  4  2.44 15.24 214.71  18.39  0.51 14.20 314.34   8.69  0.45 12.71 239.07   5.35  0.10 20.20 294.09   9.46
19961223 120000  5.9 177.4  2.67 14.57 217.76  23.78  3  2.62 14.89 215.49  17.46  0.50 14.20 314.47   8.47  0.11 20.13 293.60   9.46
19961223 150000  6.8 220.8  2.74 14.45 218.56  22.43  3  2.69 14.54 216.46  16.17  0.49 14.18 314.50   8.48  0.12 19.90 292.96   9.11
19961223 180000 10.6 214.2  2.89 14.38 219.09  21.80  2  2.85 14.43 217.30  16.55  0.50 14.08 312.79  10.27
19961223 210000 10.9 203.0  3.06 14.29 218.63  22.10  4  1.73  6.22 219.16  26.53  2.48 14.33 216.25  11.61  0.45 13.76 314.43   8.45  0.15 18.90 293.55   9.32
19961224 000000  7.4 197.6  3.12 14.16 218.64  22.24  4  1.83  6.83 218.10  27.19  2.49 14.22 216.86  11.29  0.44 13.60 314.38   8.46  0.16 18.87 293.82   9.51
19961224 030000  7.8 194.9  3.08 13.98 219.05  21.74  4  1.67  7.16 218.00  27.62  2.54 14.10 217.50  11.25  0.44 13.54 314.26   8.54  0.16 18.81 293.53   9.53
19961224 060000  8.0 195.5  3.02 13.88 219.38  21.32  3  2.98 14.02 217.90  17.10  0.44 13.51 314.21   8.59  0.17 18.60 293.23   9.22
19961224 090000  7.5 186.2  2.96 13.88 219.66  21.27  3  2.92 14.04 218.11  16.88  0.43 13.49 314.39   8.52  0.20 17.80 293.94   9.04
19961224 120000  6.6 186.4  2.89 13.98 220.49  20.88  2  2.85 14.13 218.89  16.36  0.47 13.47 310.10  11.98
19961224 150000  8.5 213.6  2.83 14.05 221.33  20.35  3  2.79 14.14 219.78  15.90  0.39 13.44 314.80   8.24  0.23 17.48 294.46   9.32
19961224 180000  9.1 211.4  2.88 13.99 221.85  20.60  4  1.52  6.11 220.39  26.45  2.41 14.06 220.49  10.85  0.38 13.36 314.45   8.31  0.22 17.43 293.72   9.53
19961224 210000  9.6 209.9  2.90 13.83 222.12  21.30  4  1.66  6.36 220.13  27.06  2.34 13.87 221.12  10.85  0.37 13.06 314.20   8.39  0.21 17.17 293.77   9.55
19961225 000000  7.7 191.3  2.81 13.69 222.12  21.96  4  1.66  6.62 218.80  27.69  2.22 13.71 221.69  10.42  0.37 12.85 314.07   8.47  0.22 16.77 294.28   9.20
19961225 030000  7.5 198.2  2.69 13.57 222.06  22.10  4  1.47  6.73 216.30  28.24  2.21 13.59 222.13  10.86  0.36 12.77 314.39   8.08  0.24 16.49 294.43   8.68
19961225 060000 10.3 193.9  2.70 13.57 220.96  22.38  4  1.50  6.53 213.08  27.77  2.21 13.59 221.91  10.94  0.35 12.74 315.05   8.00  0.28 16.08 295.47   9.86
19961225 090000  9.6 187.8  2.87 13.66 219.72  22.63  4  1.69  6.44 211.10  27.76  2.28 13.69 221.88  10.83  0.34 12.73 314.97   8.07  0.28 15.80 295.55   9.39
19961225 120000  7.7 178.0  2.96 13.84 220.54  21.67  4  1.62  6.75 212.41  28.73  2.44 13.87 222.01  10.75  0.33 12.73 314.78   8.16  0.26 15.69 295.14   9.78
19961225 150000 10.0 205.5  3.06 14.00 221.22  20.27  4  1.52  6.61 212.38  28.54  2.63 14.04 222.50  10.88  0.31 12.72 314.47   8.42  0.25 15.59 296.18  10.42
19961225 180000 10.5 218.9  3.34 14.09 221.92  20.14  4  1.93  6.41 216.24  26.65  2.70 14.10 223.39  10.97  0.30 12.71 314.13   8.46  0.24 15.53 295.67  10.05
19961225 210000 10.4 204.4  3.39 13.95 222.99  20.17  4  1.94  6.70 218.01  27.31  2.75 13.96 224.17  11.06  0.29 12.69 313.86   8.40  0.24 15.46 294.56   9.07
19961226 000000  8.9 193.3  3.31 13.83 223.58  20.26  4  1.83  6.88 217.02  27.98  2.74 13.83 225.14  11.19  0.27 12.52 314.80   8.04  0.26 15.21 296.47   9.70
19961226 030000  8.9 192.7  3.25 13.78 223.81  20.34  3  3.23 13.75 223.03  18.52  0.27 14.77 296.31   9.66  0.26 12.47 314.91   8.06
19961226 060000 10.2 192.5  3.22 13.73 223.67  20.64  3  3.20 13.70 222.89  18.87  0.26 14.61 296.24   9.76  0.26 12.44 315.07   8.10
19961226 090000 10.2 188.2  3.28 13.68 222.92  21.59  3  3.26 13.64 222.21  20.05  0.25 14.55 296.07   9.77  0.25 12.43 315.17   8.29
19961226 120000  9.6 187.4  3.27 13.61 223.17  22.00  3  3.25 13.58 222.51  20.63  0.24 14.52 295.65   9.76  0.24 12.39 315.28   8.40
19961226 150000 11.8 209.0  3.26 13.51 223.67  21.49  2  3.24 13.49 223.06  20.20  0.33 14.43 304.37  14.54
19961226 180000 12.0 209.0  3.43 13.39 223.70  21.60  2  3.41 13.37 223.20  20.56  0.32 14.37 303.95  15.05
19961226 210000 11.5 207.3  3.39 13.25 223.68  22.30  3  2.60  8.09 220.41  26.06  2.16 13.23 226.87  10.49  0.31 14.24 303.90  15.36
19961227 000000  7.4 201.8  3.20 13.12 224.13  22.30  3  2.42  8.20 221.26  26.26  2.07 13.07 226.56  10.90  0.29 13.81 304.89  14.89
19961227 030000  6.2 205.0  2.95 12.93 224.98  21.58  5  2.11 12.89 227.19  11.75  2.03  8.19 221.09  26.37  0.27 13.63 305.87  14.85  0.08 20.35 304.03   9.60  0.06 16.60 305.66   8.09
19961227 060000  6.6 200.7  2.76 12.80 225.42  20.85  4  2.74 12.77 224.79  19.44  0.27 13.56 306.59  15.09  0.09 20.34 303.43  10.08  0.07 16.59 303.37   9.84
19961227 090000  5.1 188.7  2.70 12.69 225.36  20.22  4  2.69 12.66 224.75  18.80  0.25 13.52 307.41  14.96  0.08 20.33 303.06  10.23  0.07 16.54 302.41   9.42
19961227 120000  4.8 182.9  2.76 12.50 225.12  19.53  3  2.75 12.49 224.57  18.21  0.26 13.49 307.20  14.88  0.07 20.33 302.33  10.48
19961227 150000  7.0 225.5  2.81 12.35 224.72  19.14  3  2.80 12.35 224.23  17.90  0.25 13.45 307.13  15.12  0.07 20.20 302.18  10.64
19961227 180000 10.1 212.6  2.86 12.36 223.76  19.70  4  2.85 12.34 223.27  18.50  0.23 13.39 307.31  15.63  0.10 19.13 303.92   9.75  0.08 15.59 302.41   9.44
19961227 210000  9.7 213.9  2.93 12.37 222.61  20.95  4  2.92 12.36 222.10  19.80  0.22 13.30 307.33  15.95  0.14 19.03 304.21   9.79  0.09 15.53 302.84   9.39
19961228 000000  3.5 212.6  2.93 12.28 221.99  22.01  4  2.91 12.26 221.49  20.95  0.20 12.98 309.13  15.33  0.15 19.01 303.62  10.37  0.10 15.50 302.14  10.26
19961228 030000  2.7 247.9  2.80 11.83 221.77  22.22  6  2.32  9.18 221.45  23.98  1.53 11.84 220.90  12.43  0.18 12.80 309.78  15.62  0.14 19.00 302.99  10.85  0.10 15.49 302.21  10.38  0.05 20.33 225.35   8.25
19961228 060000  2.0 224.6  2.61 11.65 221.69  21.73  6  2.04  8.87 220.01  24.05  1.62 11.66 222.99  13.52  0.17 12.71 310.34  15.71  0.12 19.00 302.08  11.36  0.10 15.48 301.72  10.80  0.06 20.26 225.16   8.45
19961228 090000  1.2  52.8  2.48 11.53 221.66  20.88  4  2.47 11.53 221.20  19.83  0.19 12.66 308.41  15.26  0.10 18.99 301.40  11.62  0.08 19.35 225.06   8.47
19961228 120000  1.9 123.7  2.39 11.21 221.56  20.27  5  2.38 11.21 221.04  19.03  0.16 12.61 310.64  15.80  0.12 18.13 302.86  10.76  0.12 18.95 224.86   8.32  0.09 15.02 302.68   9.61
19961228 150000  6.1 243.3  2.30 10.93 221.68  20.24  6  1.77  9.25 220.74  21.31  1.44 11.05 221.27  13.27  0.17 17.81 303.63  10.12  0.16 12.58 310.26  15.84  0.14 18.89 224.46   8.50  0.10 14.60 303.18   9.27
19961228 180000  8.5 217.9  2.26 10.91 221.75  20.97  6  1.86  9.42 221.25  21.35  1.24 11.14 219.99  11.80  0.20 17.77 303.50  10.38  0.16 18.54 223.73   8.85  0.15 12.52 309.77  16.44  0.11 14.52 302.86   9.44
19961228 210000  8.4 208.3  2.20 10.92 220.82  21.59  7  1.86  9.37 219.92  21.75  1.12 11.09 219.63  11.43  0.21 17.64 223.48   8.92  0.20 17.76 303.02  10.97  0.13 12.49 302.44  12.65  0.12 14.50 302.69   9.62  0.07  9.66 330.24   7.64
19961229 000000  5.5 188.6  2.20 10.88 219.76  21.96  7  1.81  8.81 218.86  22.74  1.19 10.88 218.88  12.46  0.25 17.57 223.13   9.07  0.18 17.77 302.51  11.53  0.12 14.49 302.97   9.79  0.11 12.45 300.27  11.71  0.07  9.72 328.45   8.23
19961229 030000  5.8 192.8  2.19 10.76 219.54  21.71  6  1.86  8.76 218.66  22.54  1.09 10.77 219.20  11.83  0.28 17.40 222.16   9.34  0.16 14.45 301.69  11.07  0.15 17.78 301.87  12.43  0.07  9.61 330.05   6.83
19961229 060000  5.7 192.4  2.17  8.99 219.36  21.23  6  1.85  8.79 218.80  22.02  1.06 10.62 218.50  12.25  0.32 16.17 221.31   9.36  0.15 14.41 302.24  10.53  0.14 17.72 302.05  12.58  0.06  9.57 330.01   6.93
19961229 090000  3.7 177.4  2.12 10.10 219.57  20.77  6  1.75  8.80 218.51  21.72  1.11 10.52 219.54  11.69  0.39 16.15 220.63   9.53  0.17 16.78 302.96  11.43  0.14 14.29 302.10  10.75  0.06  9.52 330.01   7.02
19961229 120000  2.2   2.9  2.09 10.08 220.12  20.45  6  2.03 10.08 219.15  18.51  0.45 16.15 220.34   9.77  0.21 16.63 303.33  10.71  0.11 13.85 302.60  10.41  0.08 11.81 303.81  11.60  0.06  9.38 330.30   7.11
19961229 150000  5.6 245.1  2.06  9.29 220.96  20.42  7  1.52  8.46 218.03  21.05  1.28 10.11 222.33  12.15  0.48 14.79 219.35   9.85  0.24 16.61 303.31  10.88  0.11 13.62 303.52   9.52  0.08 11.76 302.94  10.88  0.06  9.18 329.96   6.95
19961229 180000  6.9 229.6  2.02  9.22 221.89  20.81  6  1.93  9.22 220.80  18.41  0.52 14.68 219.14   9.61  0.25 16.62 303.47  11.31  0.11 13.58 304.27   9.35  0.08 11.79 301.91  10.28  0.06  9.10 330.03   6.93
19961229 210000  6.5 212.1  1.93  9.36 222.01  21.03  5  1.81  9.37 221.03  18.92  0.61 14.77 218.81   9.51  0.23 16.63 303.53  12.21  0.14 13.54 303.24   9.64  0.05  9.07 330.10   6.89
19961230 000000  3.4 168.3  1.84  9.59 221.65  21.02  5  1.70  9.59 220.79  19.34  0.65 15.09 218.84   9.50  0.20 16.65 303.63  12.96  0.14 13.52 303.20   9.59  0.05  9.04 330.83   6.25
19961230 030000  4.0 192.0  1.76 13.61 221.49  20.76  5  1.60  9.58 220.87  19.33  0.69 13.63 218.05   9.72  0.19 16.59 303.62  13.06  0.15 13.49 305.92  13.31  0.05 20.55 218.51   8.07
19961230 060000  3.3 196.7  1.70 13.56 221.48  20.77  5  1.52  9.51 220.70  19.03  0.72 13.57 218.19   9.70  0.20 15.81 303.93  12.48  0.15 13.47 306.40  13.06  0.07 20.39 218.60   7.83
19961230 090000  2.7 190.6  1.65 13.56 221.83  21.09  5  1.44  9.43 220.70  18.39  0.75 13.59 218.25   9.85  0.24 15.62 304.58  12.14  0.14 13.40 306.87  13.23  0.08 20.07 218.64   7.59
19961230 120000  2.0 179.4  1.61 13.02 222.13  21.41  6  1.33  9.36 220.95  17.93  0.65 12.58 214.14   9.83  0.54 14.22 223.13   7.84  0.27 15.60 305.19  12.15  0.13 13.23 307.67  13.29  0.11 19.25 218.90   7.42
19961230 150000  3.7 222.6  1.58 12.73 222.08  21.58  6  1.26  9.30 220.78  17.71  0.82 12.73 215.83   9.56  0.33 14.50 230.36   5.75  0.28 15.60 305.46  12.44  0.13 19.09 219.09   7.66  0.12 12.87 308.33  13.05
19961230 180000  6.0 230.7  1.57 12.61 222.06  21.70  4  1.53 12.61 219.87  16.21  0.27 15.59 305.44  12.83  0.16 18.88 219.23   7.64  0.12 12.75 308.55  12.78
19961230 210000  5.7 214.6  1.56 12.54 221.67  21.55  4  1.52 12.52 219.64  16.48  0.26 15.57 305.54  13.23  0.20 18.07 219.48   7.80  0.12 12.68 308.99  12.62
19961231 000000  2.2 223.2  1.54 12.38 221.51  21.34  4  1.49 12.33 219.51  16.24  0.25 15.53 306.37  13.64  0.23 17.87 219.48   7.60  0.13 12.65 308.50  12.92
19961231 030000  5.1 188.8  1.51 11.97 221.77  21.52  5  1.41 11.94 218.90  16.02  0.36 13.56 229.69   5.50  0.27 17.75 219.59   7.63  0.26 15.45 307.58  13.65  0.13 12.61 308.55  12.96
19961231 060000  4.0 144.8  1.48 11.76 221.76  22.67  4  1.42 11.74 219.22  16.47  0.32 17.30 219.66   7.67  0.27 15.31 308.43  13.24  0.13 12.62 307.94  12.99
19961231 090000  2.7 143.1  1.46 11.63 222.57  22.56  4  1.38 11.61 219.75  15.44  0.36 16.75 219.64   7.83  0.29 15.04 308.41  12.96  0.13 12.59 308.35  13.10
19961231 120000  4.6 186.5  1.46 11.40 222.90  22.22  4  1.38 11.37 219.98  14.57  0.37 16.66 220.00   7.71  0.30 14.75 308.41  12.72  0.12 12.55 309.19  13.18
19961231 150000  6.7 224.5  1.50 11.11 223.17  22.11  6  0.34  2.53 215.37  30.43  1.21 10.82 220.41  14.05  0.63 12.46 221.43   8.04  0.41 16.51 219.93   8.56  0.30 14.63 308.57  12.88  0.12 12.53 309.57  12.98
19961231 180000  6.2 220.5  1.59 10.95 223.63  23.12  5  0.65  3.77 223.09  29.29  1.34 10.93 220.62  12.39  0.44 15.84 219.87   8.48  0.31 14.57 309.07  13.30  0.12 12.52 310.07  12.38
19961231 210000  6.2 201.1  1.56 10.76 223.47  23.99  4  0.64  4.11 219.95  30.56  1.30 10.75 220.75  12.39  0.46 15.62 219.92   8.88  0.34 14.53 310.15  12.75
19970101 000000  6.1 191.4  1.53 10.56 222.86  24.85  4  0.62  4.17 214.78  31.27  1.27 10.55 220.73  12.55  0.48 15.52 219.54   8.64  0.35 14.51 310.62  12.88
