Date     Time   Uabs UDir  hs    tp    th     sp     np hs(i) tp(i) th(i)  sp(i)
19831001 000000  9.7 190.4  2.89 13.46 220.53  25.10  3  2.44  7.52 213.17  25.71  1.54 13.46 237.60  11.51  0.08 15.44 302.71  11.64
19831001 030000 11.5 176.6  2.99 13.31 219.88  26.37  4  2.60  8.11 213.46  27.02  1.45 13.31 238.20  11.80  0.25 19.44 233.64   8.31  0.08 15.36 303.08  11.80
19831001 060000 10.4 175.2  2.91  8.53 221.24  26.26  4  2.50  8.53 215.13  27.57  1.45 13.16 237.25  11.69  0.30 19.23 232.94   9.19  0.08 15.01 303.13  11.56
19831001 090000  9.1 173.4  2.73 12.64 222.89  25.81  4  2.26  8.69 215.75  27.66  1.47 12.65 237.32  11.99  0.39 18.98 232.60   8.67  0.09 14.61 302.78  11.28
19831001 120000  9.6 176.6  2.59 12.56 223.42  25.45  5  2.02  8.75 214.09  27.91  1.37 12.38 237.71  12.09  0.69 15.40 232.98  11.37  0.49 18.41 233.50   8.26  0.10 14.53 298.57  14.60
19831001 150000 10.7 194.7  2.55 14.27 223.27  24.61  4  2.31 12.34 221.13  26.21  0.90 14.38 231.01  10.84  0.59 17.99 233.76   7.70  0.10 14.49 299.82  13.16
19831001 180000 12.4 212.4  2.74 17.45 223.85  22.78  3  2.62 13.92 223.19  23.39  0.79 17.54 229.82   9.57  0.10 14.46 299.58  13.25
19831001 210000 11.4 204.3  2.87 16.71 224.85  22.83  4  2.33  7.73 219.59  25.47  1.38 13.60 235.49  12.10  0.95 16.77 231.14   8.78  0.10 14.43 299.40  13.53
19831002 000000  6.2 207.9  2.83 16.44 226.01  22.83  4  2.36  7.89 223.21  25.91  1.12 16.48 229.46   9.13  1.09 13.37 234.09  11.71  0.09 14.38 302.09  11.60
19831002 030000  8.6 185.0  2.76 15.68 226.46  22.22  2  2.23  8.01 223.84  26.03  1.62 15.68 231.00  10.61
19831002 060000 10.3 182.7  2.79 15.43 225.06  22.85  3  2.21  8.10 221.51  27.18  1.38 15.43 229.51   9.12  1.00 12.55 232.25  12.66
19831002 090000  8.2 173.2  2.86 14.96 224.63  22.72  3  2.31  8.37 221.69  26.70  1.36 14.98 229.47   9.96  1.00 12.53 229.93  11.36
19831002 120000  3.9 180.9  2.86 14.50 225.71  21.39  3  2.29  8.63 223.20  25.17  1.71 14.50 229.66  10.25  0.09 13.57 300.48  12.79
19831002 150000  7.2 200.6  2.82 14.28 226.80  19.61  3  2.24  8.97 225.02  23.03  1.71 14.29 229.50  10.51  0.09 13.58 304.99   9.48
19831002 180000  9.0 211.1  2.81 13.90 226.56  18.99  3  2.25  9.12 224.74  21.98  1.69 13.91 229.44  10.68  0.09 13.55 302.49  11.20
19831002 210000  9.3 204.4  2.94 13.52 225.44  19.72  3  2.42  9.01 223.52  22.36  1.67 13.52 229.08  10.98  0.09 13.53 302.43  11.26
19831003 000000  3.8 197.8  3.05 13.35 224.64  20.46  3  2.56  8.98 223.20  22.96  1.64 13.35 227.79  11.24  0.08 13.51 305.70   9.04
19831003 030000  8.6 187.0  3.05 13.25 223.57  20.62  3  2.54  9.16 222.36  23.30  1.55 13.25 228.14  11.67  0.68 16.94 215.78   9.66
19831003 060000  7.5 171.5  3.00 13.30 222.09  20.55  3  2.42  9.20 221.00  23.75  1.38 13.18 228.51  12.32  1.13 15.82 217.35   9.42
19831003 090000  6.7 167.5  2.98 15.12 221.45  19.46  2  2.30  9.25 221.25  23.25  1.90 15.12 221.72  11.82
19831003 120000  8.7 174.1  3.00 14.66 220.75  18.87  2  2.12  9.37 219.29  23.52  2.12 14.66 222.12  12.45
19831003 150000  8.7 197.5  2.98 14.50 220.36  18.24  1  2.98 14.50 220.36  18.24
19831003 180000  9.3 210.3  2.95 14.39 220.51  17.75  1  2.95 14.39 220.51  17.75
19831003 210000  9.4 207.1  2.94 14.31 220.71  18.18  1  2.94 14.31 220.71  18.18
19831004 000000  4.8 190.3  2.90 14.23 220.53  19.06  2  2.16  8.32 220.15  23.83  1.94 14.23 220.98  10.54
19831004 030000  7.3 195.5  2.79 14.06 220.62  18.91  2  2.06  8.26 220.57  23.84  1.88 14.06 220.69  10.34
19831004 060000  6.7 170.6  2.64 13.84 220.17  18.70  3  1.85  8.24 220.00  24.32  1.80 13.85 219.30  10.44  0.54 17.72 231.54   7.19
19831004 090000  6.3 165.4  2.52 13.86 220.01  18.05  2  1.91 13.86 220.65  11.54  1.65  8.19 219.08  24.19
19831004 120000  5.6 159.3  2.47 13.99 219.78  17.55  2  2.41 13.99 219.10  17.71  0.57 16.92 231.59   7.63
19831004 150000  5.1 201.2  2.47 15.27 219.84  16.25  1  2.47 15.27 219.84  16.25
19831004 180000  8.1 216.4  2.54 15.32 219.77  15.69  1  2.54 15.32 219.77  15.69
19831004 210000  8.2 210.2  2.63 15.13 219.05  16.46  1  2.63 15.13 219.05  16.46
19831005 000000  4.4 205.0  2.72 14.66 218.16  17.59  2  2.06 14.66 218.73  11.36  1.77  7.94 217.32  23.50
19831005 030000  5.1 191.8  2.69 14.47 217.74  17.61  2  2.06 14.47 218.19  11.40  1.73  7.71 217.07  23.76
19831005 060000  7.0 184.1  2.59 14.38 217.07  16.98  2  1.53  7.70 216.01  24.09  2.09 14.38 217.60  11.38
19831005 090000  5.4 165.7  2.49 14.27 216.44  16.13  1  2.49 14.27 216.44  16.13
19831005 120000  5.3 155.1  2.41 14.12 216.08  15.14  1  2.41 14.12 216.08  15.14
19831005 150000  5.9 225.4  2.35 14.05 216.01  13.90  1  2.35 14.05 216.01  13.90
19831005 180000  5.9 225.1  2.32 14.10 216.00  13.79  1  2.32 14.10 216.00  13.79
19831005 210000  8.3 203.8  2.31 14.14 215.48  14.46  1  2.31 14.14 215.48  14.46
19831006 000000  4.1 179.0  2.25 14.17 215.01  15.00  2  2.25 14.17 215.01  15.01  0.06 23.38 224.21   7.47
19831006 030000  6.6 193.1  2.15 14.20 214.81  14.55  1  2.15 14.20 214.81  14.55
19831006 060000  7.8 185.2  2.08 14.20 213.96  15.04  2  2.08 14.20 213.95  15.04  0.09 21.99 224.25   7.57
19831006 090000  6.1 184.2  1.99 14.17 213.96  15.12  2  1.99 14.17 213.94  15.12  0.09 21.92 224.76   7.92
19831006 120000  6.9 179.2  1.90 14.11 214.02  15.02  1  1.90 14.11 214.02  15.02
19831006 150000  7.9 212.2  1.84 14.04 214.51  14.94  3  1.84 14.04 214.29  14.27  0.12 20.67 224.23   7.66  0.10 17.81 302.99  11.00
19831006 180000  8.9 207.5  1.90 13.85 215.00  16.79  4  0.95  4.31 213.50  27.33  1.63 13.85 215.09   9.53  0.13 20.52 224.25   7.67  0.12 17.77 301.91  11.36
19831006 210000  9.6 201.6  1.94 13.68 214.20  18.90  5  1.15  4.79 211.27  27.74  1.56 13.69 214.99   8.80  0.12 20.49 224.16   7.59  0.12 11.72 284.01  24.46  0.11 17.76 299.11  11.45
19831007 000000  6.5 177.0  1.87 13.58 213.81  19.96  3  1.10  5.12 209.82  29.47  1.51 13.58 215.42  10.45  0.11 17.76 299.57  11.96
19831007 030000  7.2 198.9  1.76 13.54 214.29  19.18  4  0.95  5.16 209.82  29.43  1.46 13.54 214.80   8.91  0.22 11.05 262.99  18.55  0.09 17.76 300.65  12.50
19831007 060000  8.7 183.1  1.75 13.59 213.13  20.45  4  0.94  4.91 204.06  29.76  1.44 13.60 214.58   9.34  0.29 10.67 260.96  14.47  0.08 17.69 301.22  12.61
19831007 090000  8.6 183.0  1.78 13.75 212.62  22.16  5  0.98  4.57 200.48  30.06  1.44 13.82 214.12   9.50  0.39 10.31 257.29   8.77  0.10 16.87 299.93  11.72  0.07 11.07 306.32   8.84
19831007 120000  5.8 182.8  1.76 14.06 214.96  22.58  5  0.87  4.59 202.31  31.46  1.45 14.13 213.80   9.65  0.50 10.09 256.68   8.91  0.12 16.65 298.68  11.02  0.07 11.01 306.98   8.72
19831007 150000  6.9 204.4  1.74 14.24 217.85  22.03  6  0.72  4.51 205.94  31.21  1.47 14.25 213.98  10.14  0.42  9.52 261.29   8.19  0.40 11.51 251.87   6.94  0.14 16.61 298.77  11.49  0.07 10.99 306.97   8.74
19831007 180000 11.4 205.7  1.97 14.32 218.07  23.08  4  1.12  4.48 210.90  27.75  1.47 14.32 213.91   9.98  0.66 11.05 256.91  10.64  0.15 16.60 299.25  12.28
19831007 210000  9.2 200.8  2.03 14.29 218.25  24.66  4  1.21  4.88 210.35  30.14  1.47 14.29 214.26   9.89  0.70 10.87 256.86  11.10  0.14 16.60 299.97  12.96
19831008 000000  6.0 191.7  1.93 14.14 219.45  24.43  4  1.02  4.90 210.20  31.77  1.47 14.15 214.49   9.72  0.72 10.78 257.15  11.13  0.12 16.59 302.45  12.96
19831008 030000  8.1 190.1  1.86 13.89 219.89  23.90  4  0.87  4.70 206.71  31.33  1.48 13.90 214.99   9.83  0.72 10.12 258.72  10.86  0.12 16.52 302.67  13.95
19831008 060000 11.6 181.3  1.99 13.71 215.29  26.58  4  1.12  4.48 196.15  30.04  1.47 13.71 215.00   9.63  0.72  9.20 258.30  11.58  0.13 15.99 301.91  13.72
19831008 090000  8.5 181.5  1.98 13.58 215.41  27.53  4  1.12  4.84 195.87  32.11  1.46 13.58 215.18   9.72  0.72  9.06 258.12  12.19  0.15 15.59 300.98  12.84
19831008 120000  7.3 175.5  1.91 13.45 217.68  26.44  4  0.98  4.86 198.23  31.95  1.45 13.45 215.14   9.64  0.73  8.87 257.21  13.14  0.17 15.53 300.84  12.49
19831008 150000 10.0 207.3  1.95 13.27 218.70  24.95  4  1.06  4.78 205.34  29.02  1.45 13.27 215.46   9.99  0.71  8.84 257.34  13.19  0.19 15.51 301.63  12.61
19831008 180000 12.5 208.8  2.28 12.97 218.65  25.19  2  2.27 12.97 218.25  24.49  0.18 15.50 302.40  13.09
19831008 210000 12.4 203.8  2.59 12.77 218.89  25.85  2  2.58 12.77 218.62  25.39  0.17 15.48 303.92  13.31
19831009 000000  8.7 193.9  2.69 12.67 218.16  25.87  4  2.29  7.18 218.77  29.17  1.40 12.67 215.96  10.22  0.15 15.45 304.66  13.84  0.07 12.56 312.57   9.09
19831009 030000 10.5 194.8  2.65 12.59 216.55  25.22  3  2.27  7.57 216.66  28.25  1.36 12.59 215.51  10.25  0.16 15.34 306.68  13.52
19831009 060000  9.7 185.6  2.56 12.47 216.01  24.72  3  2.15  7.83 215.65  27.92  1.37 12.47 215.98  10.28  0.17 14.79 306.06  13.20
19831009 090000  6.0 182.2  2.40 12.22 217.20  23.76  5  2.00  7.90 216.04  25.78  1.23 12.22 215.87  10.51  0.38 16.24 222.42   6.24  0.28  8.76 271.45   6.66  0.18 14.55 304.37  13.66
19831009 120000  6.5 181.6  2.29 11.99 218.55  22.43  5  1.85  8.00 217.76  24.25  1.13 11.99 216.37  10.89  0.64 15.31 217.96   8.62  0.27  8.69 271.88   6.39  0.19 14.50 303.88  13.09
19831009 150000  9.0 217.2  2.27 14.43 219.40  21.41  5  1.83  8.06 219.20  23.09  1.00 11.89 217.36  10.78  0.84 14.50 216.34   9.66  0.24  8.61 271.39   6.56  0.20 14.49 303.82  13.43
19831009 180000  9.8 214.8  2.43 14.18 220.13  21.27  4  2.03  8.15 220.85  23.20  0.95 14.13 216.53   9.74  0.90 11.67 217.96  11.05  0.20 14.48 304.52  13.53
19831009 210000  8.9 215.6  2.53 13.57 220.79  21.85  3  2.14  8.14 221.65  23.88  1.33 13.54 217.50  10.38  0.20 14.47 305.69  13.58
19831010 000000  4.0 222.8  2.49 13.19 220.93  22.14  3  2.12  8.28 221.85  24.24  1.30 13.19 217.49  10.05  0.19 14.44 306.88  13.54
19831010 030000  3.1 214.0  2.37 12.67 221.23  21.69  4  2.01  8.43 222.21  23.61  1.24 12.67 217.59  10.21  0.17 14.39 307.27  13.80  0.06 17.98 308.97  10.61
19831010 060000  4.6 191.1  2.27 12.39 221.43  20.92  4  1.90  8.72 222.22  22.72  1.22 12.38 218.35  10.47  0.17 14.26 306.94  13.82  0.05 17.81 313.08   8.67
19831010 090000  4.5 181.6  2.24 11.75 221.23  20.03  4  2.23 11.74 220.80  18.97  0.17 13.76 306.21  13.71  0.06 21.82 303.56  10.44  0.05 17.72 313.02   8.58
19831010 120000  4.7 182.8  2.22 11.55 220.77  19.31  5  1.78  9.43 220.54  20.77  1.30 11.55 219.86  11.39  0.18 13.60 305.50  13.45  0.06 21.79 304.49  10.23  0.06 17.62 312.90   8.48
19831010 150000  7.1 218.7  2.16 11.02 220.52  19.00  5  1.77  9.46 220.24  19.86  1.21 11.35 219.48  11.24  0.19 13.56 304.85  13.50  0.07 21.71 305.68   9.49  0.06 17.49 313.27   8.61
19831010 180000 10.2 208.8  2.21  9.71 219.70  20.41  7  1.92  9.46 218.50  20.93  1.07 11.24 221.12  11.06  0.16 13.57 300.59  12.08  0.11 18.35 222.52   9.04  0.09 11.84 317.75   9.06  0.08 21.23 304.52  10.67  0.06 17.20 310.86  10.35
19831010 210000  9.6 206.8  2.23  9.58 219.01  21.78  6  2.03  9.51 217.57  21.67  0.89 11.23 222.69  11.71  0.15 13.58 299.67  12.08  0.10 11.94 317.15   8.03  0.10 20.53 303.56  10.97  0.06 16.88 311.96   9.56
19831011 000000  5.7 191.3  2.10  9.23 219.10  22.48  6  2.09  9.22 218.42  21.00  0.14 13.57 300.36  12.37  0.12 20.42 304.27  10.50  0.11 11.77 316.26   9.14  0.07 16.73 310.87  10.28  0.06 22.03 221.48   6.03
19831011 030000  4.7 200.9  1.97  9.03 219.69  22.06  7  1.72  9.02 217.93  22.17  0.82 10.64 222.70  11.67  0.42 15.02 220.73   8.88  0.13 13.56 300.75  12.50  0.12 20.38 305.08  10.23  0.11 11.63 316.17   9.05  0.07 16.63 311.49   9.67
19831011 060000  5.5 181.3  1.89  8.78 220.29  21.32  9  1.62  8.77 218.37  21.46  0.74 10.62 224.01  11.75  0.51 14.54 218.56   7.46  0.23 19.47 225.55   9.53  0.15 17.75 231.49   6.71  0.13 20.33 306.04   9.71  0.12 13.52 301.94  12.69  0.10 11.51 316.17   9.32  0.08 16.54 309.11  11.53
19831011 090000  0.8 117.9  1.88  8.63 221.48  20.14  8  1.48  8.63 219.22  21.13  0.90 10.15 223.77  11.48  0.58 14.24 219.13   7.81  0.40 18.16 226.42   9.63  0.14 20.13 305.59  10.03  0.11 13.49 300.37  13.07  0.10 11.48 316.33   8.22  0.08 16.39 310.44  11.03
19831011 120000  5.3 179.6  1.99  8.80 222.56  18.81  7  1.73  8.80 221.76  18.12  0.74 13.65 218.92   8.11  0.60 17.96 225.60   9.31  0.17 19.34 304.55  10.34  0.11 13.36 301.77  11.11  0.10 11.44 316.86   8.14  0.08 16.23 312.40   9.07
19831011 150000  5.2 231.7  2.20  9.23 223.40  17.87  5  1.86  9.23 222.96  18.50  0.86 17.30 224.80   9.21  0.78 13.42 219.93   8.19  0.20 19.14 304.52  10.29  0.07 15.94 312.26   9.41
19831011 180000  7.5 213.5  2.38 17.05 223.68  17.41  6  1.90  9.19 222.63  17.98  1.12 17.07 223.69   9.62  0.86 13.02 223.45   7.83  0.20 19.08 305.01  10.26  0.14 12.80 307.28  13.31  0.08 15.69 310.60  10.26
19831011 210000  7.0 205.9  2.48 16.66 223.83  17.09  6  1.81  9.05 222.67  18.97  1.39 16.68 224.25   9.41  0.93 12.91 222.82   8.32  0.20 19.04 305.91  10.17  0.14 12.72 305.06  14.79  0.09 15.54 311.10  10.20
19831012 000000  4.4 188.7  2.53 16.22 224.05  16.81  5  1.85 16.23 224.36   9.13  1.70  8.81 222.28  19.76  0.21 18.97 306.02  10.29  0.13 12.71 306.99  12.97  0.08 15.41 314.37   7.59
19831012 030000  7.4 190.6  2.56 15.89 224.15  16.90  5  1.58  8.71 221.53  20.72  2.00 15.90 224.58   9.21  0.24 18.71 305.25  10.35  0.13 12.69 307.46  12.60  0.08 15.36 313.71   7.34
19831012 060000  9.2 179.0  2.63 15.46 223.06  18.85  3  1.56  8.64 217.04  24.51  2.10 15.46 224.97   9.40  0.30 18.02 305.42  10.34
19831012 090000  6.7 173.4  2.63 15.14 223.22  19.11  3  2.11 15.14 224.82   9.37  1.53  8.48 217.29  25.14  0.31 17.88 305.28  10.42
19831012 120000  5.1 186.4  2.57 14.82 223.84  17.97  2  2.55 14.82 223.05  15.79  0.30 17.83 305.76  10.51
19831012 150000  5.7 217.9  2.49 14.58 224.15  17.00  3  2.07 14.58 225.04  10.14  1.36  8.19 219.44  21.59  0.28 17.79 306.93  10.59
19831012 180000  7.6 218.0  2.41 14.41 224.33  17.09  3  2.39 14.41 223.45  14.42  0.26 17.74 306.11  10.50  0.13 14.47 312.15   9.02
19831012 210000  7.0 212.5  2.30 14.27 224.62  18.37  3  2.27 14.26 223.37  14.90  0.30 17.56 305.14  10.44  0.14 14.44 309.04  11.13
19831013 000000  1.1 235.5  2.17 14.13 225.16  19.81  3  2.13 14.13 223.30  15.06  0.36 17.00 304.16  10.35  0.14 14.40 308.89  11.26
19831013 030000  5.4 201.4  2.04 13.85 225.62  20.42  3  2.00 13.84 223.33  14.67  0.38 16.77 303.88  10.48  0.13 14.37 310.27  10.26
19831013 060000  7.0 174.9  1.97 13.61 224.28  21.48  3  1.93 13.60 222.00  16.06  0.36 16.68 303.90  10.70  0.13 14.31 310.55  10.21
19831013 090000  6.4 183.2  1.92 13.48 222.92  21.80  4  1.88 13.48 220.86  16.87  0.33 16.64 304.74  11.16  0.10 11.95 310.89  10.12  0.07 14.15 312.67   6.99
19831013 120000  5.4 173.6  1.87 13.42 222.25  21.55  5  1.67 13.42 221.37  17.45  0.78 15.86 215.19  10.22  0.32 16.61 305.66  10.83  0.10 11.87 310.36  11.58  0.08 13.60 309.84   8.57
19831013 150000  7.1 206.1  1.87 13.50 221.99  21.58  5  1.64 13.49 220.81  16.65  0.82 15.84 215.27   9.49  0.34 16.54 305.47  10.25  0.09 11.81 310.35  11.58  0.09 13.53 307.65   9.81
19831013 180000  7.5 203.4  1.94 15.32 221.73  22.47  4  1.89 13.98 218.99  15.75  0.39 16.38 304.43  10.22  0.10 13.52 307.58  10.09  0.09 11.77 309.82  11.20
19831013 210000  7.5 209.3  1.98 15.31 221.51  23.12  5  0.77  4.04 215.24  28.40  1.77 14.72 218.90  11.61  0.43 15.92 303.62  10.47  0.10 13.52 306.54  10.99  0.10 11.74 309.50  11.22
19831014 000000  3.2 184.5  1.99 15.21 221.00  23.00  4  1.81 14.57 218.20  11.50  0.70  4.24 215.36  30.43  0.43 15.68 303.15  10.95  0.14 13.50 308.04  11.22
19831014 030000  5.7 191.5  1.99 15.09 220.17  22.14  4  0.62  4.33 212.38  30.64  1.84 14.45 217.86  11.70  0.41 15.60 302.94  11.72  0.13 13.47 309.32  10.38
19831014 060000  7.7 180.0  2.03 15.09 218.85  22.18  5  0.68  4.27 203.92  30.91  1.86 14.39 217.58  11.75  0.38 15.55 304.03  11.31  0.18 14.57 257.27   7.52  0.12 13.43 310.52   9.38
19831014 090000  7.2 187.3  2.08 15.19 218.78  22.77  4  0.75  4.07 201.84  30.75  1.88 14.59 217.83  12.55  0.38 15.52 305.25  10.82  0.29 13.61 256.51   6.16
19831014 120000  6.7 175.7  2.12 15.18 220.52  23.51  4  0.72  4.22 202.97  31.33  1.84 14.82 215.96   9.91  0.67 12.67 253.80   8.57  0.40 15.48 305.00  10.54
19831014 150000  9.2 198.1  2.23 15.00 221.28  24.59  5  0.90  4.20 204.75  28.44  1.82 14.71 215.63   9.65  0.81 12.00 253.37   8.26  0.41 15.39 303.43  11.51  0.11 12.59 309.67   9.07
19831014 180000  9.5 204.3  2.33 14.68 222.16  25.27  5  1.10  4.63 210.29  28.20  1.80 14.58 215.52   9.58  0.87 11.57 254.25   8.37  0.43 15.15 303.05  11.21  0.11 12.62 309.36   9.01
19831014 210000  9.9 211.4  2.39 14.53 223.05  25.61  5  1.27  5.00 215.48  28.42  1.78 14.46 215.64   9.71  0.86 11.11 255.63   8.47  0.43 14.73 302.24  11.94  0.12 12.65 306.65  11.80
19831015 000000  4.1 189.0  2.28 14.43 223.41  26.03  5  1.74 14.34 215.66   9.73  1.12  5.25 214.91  30.38  0.84 10.77 256.73   8.80  0.41 14.62 302.06  12.01  0.13 12.65 306.61  11.77
19831015 030000  6.3 194.6  2.14 14.35 223.53  25.73  5  0.90  5.19 211.21  29.83  1.70 14.21 215.65  10.00  0.83 10.31 257.59   8.97  0.40 14.56 301.75  12.49  0.12 12.63 307.73  10.55
19831015 060000  8.2 183.7  2.07 14.29 222.22  26.29  5  0.82  4.98 202.47  29.49  1.67 14.05 215.26  10.10  0.81 10.05 257.77   9.60  0.38 14.53 302.21  12.13  0.11 12.62 309.79   9.51
19831015 090000  8.2 178.0  2.07 14.32 219.97  27.47  4  0.88  4.38 195.78  29.33  1.66 13.97 214.88  10.39  0.77  9.62 258.60   9.62  0.39 14.50 303.31  11.56
19831015 120000  3.9 154.7  2.00 14.44 220.54  27.32  4  1.65 14.40 214.38  10.45  0.76  4.37 196.32  31.68  0.74  9.40 259.51   9.93  0.39 14.46 303.57  11.13
19831015 150000  4.4 196.6  1.93 14.43 221.71  26.28  4  0.56  4.26 198.59  32.42  1.66 14.47 214.20  10.54  0.71  9.01 260.34  10.33  0.40 14.38 303.77  10.96
19831015 180000  7.1 215.7  1.92 14.32 221.89  25.16  5  0.52  4.00 206.21  29.54  1.67 14.36 214.14  10.40  0.68  8.79 260.44  10.34  0.38 14.23 303.22  11.40  0.09 11.79 308.81   9.16
19831015 210000  6.1 208.6  1.93 14.15 221.55  24.37  5  0.57  3.65 211.32  29.02  1.69 14.23 214.37  10.28  0.65  8.39 261.05  10.67  0.37 13.88 302.49  12.02  0.10 11.80 307.89   9.28
19831016 000000  0.4 213.8  1.92 13.99 221.35  23.51  4  1.72 14.15 214.59  10.05  0.78  8.18 245.69  30.62  0.35 13.70 301.45  12.53  0.10 11.82 307.92   9.82
19831016 030000  3.2 181.6  1.92 13.94 221.41  22.50  4  1.75 14.16 214.94   9.80  0.70  7.89 251.55  27.25  0.34 13.63 300.73  12.64  0.10 11.82 308.65   9.49
19831016 060000  6.1 187.2  1.96 13.96 220.78  22.21  4  1.79 14.21 215.19   9.45  0.71  7.75 247.09  32.32  0.34 13.60 300.71  12.40  0.10 11.83 308.65  10.09
19831016 090000  4.3 182.6  1.98 13.95 220.78  21.72  3  1.83 14.19 215.52   9.29  0.67  7.46 249.13  32.16  0.35 13.57 301.80  12.09
19831016 120000  6.0 171.0  2.00 13.89 220.24  21.69  3  1.85 14.12 215.76   9.14  0.66  7.30 244.94  37.25  0.35 13.53 302.50  11.81
19831016 150000  6.1 206.0  2.02 13.80 220.11  20.75  3  0.65  7.13 244.36  35.45  1.88 13.99 215.96   9.14  0.34 13.50 303.15  11.70
19831016 180000 10.9 224.2  2.18 13.77 221.51  21.20  4  0.96  3.72 240.21  30.55  1.88 13.91 216.18   9.14  0.46 18.66 213.53   8.12  0.32 13.44 303.38  11.86
19831016 210000 10.6 219.4  2.41 13.80 222.18  22.35  4  1.28  4.77 236.05  31.65  1.84 13.94 217.27   9.12  0.82 17.38 210.71   7.62  0.30 13.34 302.94  12.27
19831017 000000  7.0 188.7  2.43 13.80 219.91  21.17  4  1.17  5.11 229.79  34.99  1.89 13.90 217.55   9.29  0.95 16.86 212.30   8.40  0.28 13.07 301.93  12.71
19831017 030000  7.6 178.6  2.44 13.85 218.49  19.58  3  2.08 13.94 219.20  20.00  1.23 16.16 214.06   8.84  0.26 12.84 300.95  12.98
19831017 060000  7.7 161.1  2.47 15.27 217.59  19.36  2  2.45 15.28 216.96  17.78  0.25 12.75 300.70  13.08
19831017 090000  4.9 155.9  2.45 14.95 218.24  17.93  2  2.44 14.96 217.62  16.19  0.25 12.71 301.17  13.04
19831017 120000  5.5 157.0  2.43 14.49 218.99  16.67  2  2.41 14.49 218.35  14.72  0.25 12.68 301.86  12.96
19831017 150000  6.6 205.7  2.42 14.24 219.36  15.84  2  2.40 14.25 218.76  13.86  0.25 12.66 302.87  12.55
19831017 180000 10.6 210.3  2.55 13.95 219.40  16.69  2  2.54 13.97 218.91  15.20  0.23 12.63 303.14  12.61
19831017 210000 10.3 210.1  2.73 13.73 219.28  18.34  3  1.62  5.87 218.27  26.18  2.19 13.75 219.23   9.58  0.22 12.61 303.27  12.54
19831018 000000  6.9 204.9  2.72 13.63 219.12  18.90  3  1.64  6.43 217.64  27.09  2.15 13.65 219.42   9.53  0.20 12.57 302.77  12.68
19831018 030000  6.6 198.3  2.61 13.58 219.30  18.17  4  1.49  6.58 217.35  27.08  2.14 13.60 219.74   9.60  0.17 12.48 301.39  13.49  0.07 15.69 304.29   8.52
19831018 060000  7.5 187.8  2.50 13.55 219.38  17.38  4  1.34  6.59 216.43  26.71  2.10 13.57 220.10   9.68  0.16 12.25 300.64  13.76  0.07 15.71 304.09   8.70
19831018 090000  7.1 199.8  2.44 16.30 219.72  16.45  3  1.20  6.55 215.88  26.35  2.11 16.30 220.51   9.72  0.17 12.00 301.60  13.09
19831018 120000  6.5 177.1  2.53 16.10 219.70  16.21  3  1.17  6.47 213.54  27.16  2.24 16.10 220.92   9.59  0.16 11.91 302.48  13.02
19831018 150000  9.0 204.3  2.72 15.54 220.06  15.43  3  1.21  6.40 213.57  26.24  2.44 15.55 221.25   9.52  0.16 11.86 304.55  11.25
19831018 180000 10.2 211.8  2.95 14.93 220.39  15.66  3  1.38  5.68 214.84  25.81  2.61 14.93 221.58   9.75  0.16 11.84 304.58  11.06
19831018 210000 10.4 201.4  3.07 14.64 220.38  16.53  3  1.53  5.69 214.82  26.72  2.66 14.63 221.84   9.80  0.16 11.83 304.46  11.05
19831019 000000  7.3 204.8  3.00 14.92 220.44  16.66  2  1.37  5.80 213.19  28.77  2.66 14.92 222.14  10.79
19831019 030000  8.7 187.3  2.90 15.20 220.22  16.32  1  2.90 15.20 220.22  16.32
19831019 060000 10.4 184.2  2.90 15.16 218.76  17.57  2  1.23  5.05 202.42  29.83  2.63 15.16 221.88  11.02
19831019 090000  9.2 178.0  2.89 15.11 218.27  18.30  2  1.23  5.19 200.64  31.00  2.61 15.11 221.62  11.23
19831019 120000  9.1 180.6  2.85 15.10 218.45  17.98  2  1.16  5.23 200.19  30.98  2.61 15.10 221.52  11.56
19831019 150000  9.4 200.2  2.86 14.97 218.68  17.33  3  1.18  5.29 203.57  29.15  2.60 14.99 221.31  11.23  0.12 14.36 306.86   9.11
19831019 180000 10.7 215.6  2.99 15.29 219.63  17.24  3  1.57  5.74 216.01  26.79  2.55 15.48 220.75  10.97  0.12 14.40 308.25   8.60
19831019 210000 12.1 204.9  3.20 15.39 219.86  18.57  2  3.20 15.39 219.78  18.36  0.11 14.41 308.85   8.84
19831020 000000  9.0 193.4  3.29 15.33 219.22  19.87  2  2.09  7.14 215.86  27.73  2.54 15.33 221.27  11.48
19831020 030000  8.6 190.5  3.25 15.19 219.49  19.51  1  3.25 15.19 219.49  19.51
19831020 060000  8.2 177.0  3.19 14.74 220.32  18.65  1  3.19 14.74 220.32  18.65
19831020 090000  6.6 175.7  3.16 14.59 221.44  17.41  2  3.02 14.59 220.76  17.86  0.93 18.15 228.27   9.28
19831020 120000  8.8 182.3  3.19 14.64 221.62  17.12  1  3.19 14.64 221.62  17.12
19831020 150000  8.4 203.3  3.25 16.39 222.08  16.44  2  2.88 15.01 221.32  17.62  1.49 16.89 224.82  10.57
19831020 180000 11.2 215.3  3.39 16.18 222.58  16.52  1  3.39 16.18 222.58  16.52
19831020 210000 12.4 203.3  3.61 15.58 221.92  18.08  2  2.17  6.93 217.93  26.07  2.88 15.58 223.98  10.72
19831021 000000  6.4 184.7  3.59 15.39 221.49  18.75  2  2.06  7.29 216.32  28.16  2.94 15.39 223.74  10.94
19831021 030000  8.2 189.8  3.47 15.26 221.79  17.24  1  3.47 15.26 221.79  17.24
19831021 060000  7.9 178.5  3.39 15.11 221.78  16.21  1  3.39 15.11 221.78  16.21
19831021 090000  8.2 177.2  3.36 14.90 221.64  16.04  1  3.36 14.90 221.64  16.04
19831021 120000  8.5 179.3  3.37 14.76 221.38  16.38  1  3.37 14.76 221.38  16.38
19831021 150000  8.4 200.0  3.45 14.70 221.62  15.39  2  3.33 14.70 221.85  15.81  0.89 20.14 218.50   6.74
19831021 180000 11.8 211.9  3.74 14.72 221.23  15.52  3  1.60  5.94 214.82  26.64  3.05 14.72 223.25  11.77  1.46 19.04 219.46   8.03
19831021 210000 12.2 202.2  4.10 14.86 220.13  17.25  3  2.14  6.75 215.29  27.32  2.95 14.86 222.40  11.26  1.88 18.55 220.21   9.77
19831022 000000  9.9 180.5  4.17 17.67 219.45  17.77  1  4.17 17.67 219.45  17.77
19831022 030000  9.5 184.8  4.10 17.42 219.22  17.21  1  4.10 17.42 219.22  17.21
19831022 060000  9.8 179.9  3.99 16.93 219.03  16.95  1  3.99 16.93 219.03  16.95
19831022 090000 10.3 176.5  3.90 16.47 218.38  17.77  1  3.90 16.47 218.38  17.77
19831022 120000  9.8 187.2  3.82 16.30 218.18  17.99  1  3.82 16.30 218.18  17.99
19831022 150000  9.9 195.1  3.75 16.15 218.67  17.69  1  3.75 16.15 218.67  17.69
19831022 180000 10.8 213.9  3.72 15.58 220.02  17.12  1  3.72 15.58 220.02  17.12
19831022 210000 11.5 202.1  3.86 15.29 220.08  18.23  1  3.86 15.29 220.08  18.23
19831023 000000  4.1 212.5  3.84 15.16 220.66  18.83  1  3.84 15.16 220.66  18.83
19831023 030000  6.0 161.3  3.62 15.01 221.67  18.34  1  3.62 15.01 221.67  18.34
19831023 060000  2.4 172.5  3.37 14.46 222.55  17.19  1  3.37 14.46 222.55  17.19
19831023 090000  0.9 262.7  3.20 14.28 223.39  16.15  1  3.20 14.28 223.39  16.15
19831023 120000  2.2  12.3  3.06 14.18 224.11  15.41  1  3.06 14.18 224.11  15.41
19831023 150000  3.9 289.7  2.93 14.05 224.80  15.20  1  2.93 14.05 224.80  15.20
19831023 180000  3.3 269.7  2.82 13.58 225.01  14.45  1  2.82 13.58 225.01  14.45
19831023 210000  1.7 344.5  2.73 13.41 224.99  13.78  1  2.73 13.41 224.99  13.78
19831024 000000  1.4  18.3  2.61 13.35 225.01  13.30  1  2.61 13.35 225.01  13.30
19831024 030000  2.0 271.2  2.50 13.31 225.21  12.94  1  2.50 13.31 225.21  12.94
19831024 060000  3.3 202.4  2.44 13.22 225.51  12.68  1  2.44 13.22 225.51  12.68
19831024 090000  0.3 160.0  2.39 13.15 225.83  12.55  2  2.39 13.15 225.78  12.39  0.06 20.57 307.55   8.13
19831024 120000  0.2 302.2  2.34 13.16 226.20  12.59  3  2.33 13.16 226.09  12.32  0.19 20.66 230.00   8.02  0.09 20.37 305.78   9.38
19831024 150000  5.9 287.2  2.29 13.17 227.22  14.41  2  2.29 13.17 227.11  14.05  0.10 20.34 305.80   9.23
19831024 180000  4.4 281.5  2.26 13.08 228.25  15.50  3  2.22 13.08 228.08  15.36  0.43 19.36 229.24   7.89  0.11 20.33 306.21   9.14
19831024 210000  3.3 236.3  2.25 12.94 228.74  15.35  4  2.13 12.94 228.67  15.62  0.67 18.67 228.81   8.36  0.27 16.59 225.00   0.02  0.10 20.30 307.29   9.04
19831025 000000  1.1 227.8  2.27 12.87 229.14  15.02  3  2.06 12.87 229.30  15.58  0.93 18.00 227.64   8.31  0.11 19.87 307.41   8.90
19831025 030000  5.1 175.9  2.31 17.64 229.22  14.71  3  1.94 12.86 229.71  15.69  1.24 17.61 227.29   8.47  0.15 19.07 305.99  10.47
19831025 060000  6.4 168.3  2.38 16.86 228.45  16.02  3  1.83 12.84 228.51  18.33  1.51 16.86 227.57   8.39  0.18 19.01 305.26  10.26
19831025 090000  5.3 154.1  2.43 16.72 228.06  16.48  3  1.78 12.74 227.75  19.60  1.65 16.72 227.63   8.47  0.19 19.00 305.28  10.31
19831025 120000  4.5 166.7  2.47 16.18 228.17  15.25  3  1.91 16.18 228.09   8.79  1.56 12.35 227.47  19.86  0.19 19.00 306.29   9.87
19831025 150000  7.0 215.0  2.51 16.06 228.23  14.15  2  2.51 16.06 227.98  13.35  0.16 18.95 306.87   9.94
19831025 180000  8.2 218.9  2.58 16.00 228.60  14.51  2  2.57 16.00 228.31  13.60  0.18 18.15 307.14   9.74
19831025 210000  7.8 205.9  2.61 15.51 228.81  15.71  3  0.83  4.12 227.86  32.71  2.46 15.51 228.42  10.56  0.23 17.80 305.93   9.64
19831026 000000  6.8 198.4  2.59 15.35 228.64  16.78  3  0.85  4.36 225.07  34.30  2.43 15.35 228.30  10.48  0.27 17.77 305.46   9.77
19831026 030000  9.0 189.3  2.60 15.25 227.60  18.22  2  2.59 15.25 226.92  16.55  0.28 17.76 305.27  10.29
19831026 060000  9.4 181.7  2.61 15.06 226.01  19.86  3  1.09  5.05 212.19  35.32  2.35 15.06 227.74  10.58  0.26 17.75 305.64  10.93
19831026 090000  7.2 179.0  2.56 14.70 225.52  19.43  2  2.55 14.70 225.06  18.35  0.23 17.72 306.10  11.27
19831026 120000  6.7 176.7  2.49 14.55 225.54  18.81  3  2.48 14.55 225.05  17.61  0.21 17.14 307.01   9.79  0.09 20.60 307.94   8.50
19831026 150000  7.4 211.4  2.43 14.47 226.05  18.34  3  2.42 14.48 225.29  16.39  0.26 16.64 306.07   9.56  0.10 20.43 307.30   9.08
19831026 180000 10.0 218.1  2.58 14.38 225.91  19.66  4  1.60  7.76 222.27  24.59  1.99 14.38 226.50   9.88  0.31 16.61 305.93   9.46  0.12 20.38 307.80   8.66
19831026 210000 10.8 205.1  2.80 14.23 224.58  21.80  4  2.01  6.92 220.76  25.42  1.92 14.23 226.50   9.89  0.33 16.60 305.79   9.88  0.12 20.31 307.88   8.78
19831027 000000  4.6 213.3  2.77 14.01 224.39  22.69  4  2.04  7.42 220.90  26.45  1.84 14.01 226.28   9.61  0.32 16.59 305.88  10.42  0.13 20.11 307.52   9.28
19831027 030000  5.9 208.7  2.59 13.71 225.35  21.49  4  1.83  7.53 222.53  25.75  1.81 13.71 226.24   9.59  0.28 16.58 305.96  11.06  0.15 19.34 307.14   9.51
19831027 060000  8.1 195.3  2.46 13.56 225.40  20.65  4  1.66  7.53 222.55  25.28  1.79 13.56 225.99   9.54  0.24 16.49 306.03  11.40  0.18 19.11 306.85   9.70
19831027 090000  5.6 196.5  2.41 13.48 225.81  20.05  4  1.79 13.48 225.57   9.56  1.58  7.68 223.66  24.31  0.25 15.70 305.52  10.71  0.20 19.06 307.28   9.39
19831027 120000  5.0 195.1  2.48 13.44 226.51  19.46  4  1.84 13.44 225.59  10.00  1.62  8.13 224.92  22.21  0.29 15.54 305.61  10.05  0.20 19.04 308.08   8.85
19831027 150000  8.5 221.3  2.64 13.52 226.58  19.45  4  1.83  8.62 225.50  21.00  1.86 13.52 225.12   9.80  0.33 15.51 305.87   9.98  0.20 18.96 307.91   9.12
19831027 180000  9.0 214.1  2.77 15.19 225.96  20.00  4  1.85  8.72 223.22  22.02  2.02 13.73 225.85  10.93  0.34 15.51 306.09  10.16  0.22 18.51 306.89   9.91
19831027 210000  9.5 208.7  2.78 15.20 225.45  20.60  4  1.89  8.61 222.55  22.53  2.00 13.80 225.41  10.87  0.33 15.51 306.08  10.48  0.26 17.90 306.71   9.81
19831028 000000  8.9 199.0  2.75 15.09 224.56  21.40  4  1.87  8.39 221.15  24.00  1.97 14.03 224.82  10.31  0.30 17.81 307.15   9.55  0.29 15.49 305.91  10.96
19831028 030000  9.6 193.9  2.69 14.38 223.43  21.98  4  1.75  8.02 217.37  25.58  2.00 14.23 225.41  10.52  0.30 17.80 307.69   9.41  0.26 15.43 305.26  11.32
19831028 060000 10.4 178.9  2.67 14.29 221.56  23.45  4  1.76  7.74 213.48  27.94  1.97 14.19 225.18  10.27  0.28 17.79 308.25   9.33  0.26 14.88 304.96  11.21
19831028 090000  8.3 173.7  2.60 14.19 222.09  23.45  4  1.69  7.62 214.43  28.30  1.93 13.97 225.04  10.09  0.28 17.68 308.17   9.11  0.26 14.53 304.02  12.65
19831028 120000  9.4 183.5  2.59 14.10 222.21  23.73  4  1.69  7.94 214.18  27.82  1.92 13.81 225.19  10.21  0.29 17.08 307.46   9.45  0.28 14.50 304.41  12.30
19831028 150000  8.7 200.7  2.65 14.08 223.26  23.06  4  1.94  8.46 218.33  24.02  1.74 13.75 225.22  10.01  0.34 16.70 307.17   9.58  0.29 14.50 304.40  12.29
19831028 180000 11.3 213.0  2.87 14.04 223.68  22.50  4  2.21  8.60 219.66  22.64  1.76 13.70 225.64  10.04  0.37 16.64 307.35   9.62  0.29 14.49 304.65  12.20
19831028 210000 12.6 205.6  3.19 13.83 222.32  23.40  4  2.70  8.12 218.93  23.32  1.65 13.62 226.36  10.05  0.37 16.63 307.77   9.62  0.27 14.49 305.52  11.10
19831029 000000 10.4 197.6  3.22 13.61 221.12  24.74  5  2.74  8.26 217.33  25.11  1.58 13.52 226.54  10.16  0.37 18.72 237.49   7.03  0.34 16.62 308.37   9.62  0.26 14.49 305.65  10.97
19831029 030000 10.4 178.9  3.13 13.46 219.94  25.40  5  2.63  8.25 215.16  26.15  1.46 13.41 226.46   9.90  0.76 17.35 232.82  10.46  0.33 16.55 308.08   9.55  0.21 14.32 307.01  11.25
19831029 060000 10.0 178.4  3.02 13.35 220.83  25.01  5  2.46  8.35 215.30  26.21  1.43 13.31 227.20   9.82  0.95 17.06 230.71  11.05  0.36 16.33 307.00  10.42  0.14 13.56 312.01   7.39
19831029 090000  9.3 173.9  3.06 16.50 221.88  24.27  5  2.41  8.59 215.90  25.82  1.39 16.61 229.52  10.18  1.21 13.13 227.21  10.32  0.35 15.72 308.42   9.29  0.20 13.61 304.76  12.00
19831029 120000  9.3 174.5  3.18 16.17 223.13  23.33  4  2.41  9.05 217.14  25.50  2.04 16.34 228.45  10.26  0.36 15.59 307.78   9.66  0.20 13.58 305.55  12.22
19831029 150000  9.4 193.2  3.27 15.75 224.17  22.02  4  2.33  9.13 217.26  24.69  2.26 15.90 229.00  10.10  0.37 15.55 307.75   9.86  0.19 13.57 305.94  11.54
19831029 180000 13.8 209.8  3.59 15.57 224.09  20.80  3  3.56 15.60 223.30  18.97  0.37 15.52 308.06   9.72  0.18 13.54 304.26  12.90
19831029 210000 13.8 201.0  4.03 15.40 222.54  22.66  4  3.17  8.37 217.19  24.98  2.46 15.36 229.24   9.78  0.35 15.50 308.64   9.51  0.18 13.55 303.84  12.60
19831030 000000  6.0 204.6  3.96 15.22 223.59  22.77  3  3.06  8.70 218.48  25.83  2.49 15.14 229.26   9.69  0.39 15.44 307.72  10.75
19831030 030000  8.7 190.3  3.69 15.00 225.27  21.20  3  2.65  8.84 220.01  25.10  2.55 14.91 229.20   9.61  0.38 15.31 308.56  10.01
19831030 060000  8.6 186.9  3.51 14.87 225.64  20.29  3  2.38  8.80 220.33  24.58  2.55 14.87 228.65   9.70  0.38 14.84 308.56  10.22
19831030 090000  8.3 180.0  3.40 14.89 225.52  20.04  3  2.18  8.93 219.23  25.04  2.59 15.00 228.41   9.74  0.38 14.59 308.49  10.18
19831030 120000  7.3 176.8  3.29 15.00 225.62  19.69  3  2.57 15.47 228.58  10.01  2.02  8.85 218.32  24.69  0.37 14.53 308.14  10.36
19831030 150000  7.9 217.7  3.17 15.10 226.40  18.49  3  1.84  8.77 219.85  23.61  2.56 15.34 228.36   9.87  0.37 14.50 308.15  10.08
19831030 180000 10.6 215.4  3.19 15.05 226.32  18.53  3  1.96  8.75 220.99  22.89  2.49 15.23 228.16   9.84  0.37 14.47 308.22   9.98
19831030 210000  9.2 206.9  3.22 14.93 225.84  19.68  4  2.11  8.32 220.90  23.81  2.40 15.11 228.05   9.88  0.36 14.44 308.21   9.84  0.08 19.05 314.89   8.19
19831031 000000  7.0 202.3  3.18 14.74 225.80  20.23  4  2.20  8.20 221.72  24.07  2.27 14.87 227.83   9.42  0.36 14.40 308.59   9.70  0.09 19.04 315.02   8.27
19831031 030000  5.7 200.7  3.12 14.62 226.09  19.84  4  2.25 14.68 227.97   9.48  2.13  8.43 222.08  23.62  0.35 14.32 308.84   9.72  0.10 18.96 315.11   8.15
19831031 060000  5.8 201.9  3.07 14.52 226.45  19.01  4  2.28 14.57 228.15   9.44  2.03  8.67 222.33  22.91  0.33 14.11 308.79  10.08  0.11 18.34 314.80   8.04
19831031 090000  2.6 183.9  3.03 14.44 226.84  18.13  4  2.31 14.48 228.38   9.57  1.93  8.96 222.60  21.92  0.31 13.70 308.92   9.80  0.14 17.89 314.67   8.14
19831031 120000  1.8 175.3  2.99 14.35 227.21  17.38  4  2.35 14.41 228.61   9.61  1.81  9.09 222.69  21.17  0.30 13.58 308.80   9.75  0.15 17.83 314.79   8.32
19831031 150000  5.0 257.9  2.92 14.28 227.67  16.86  4  2.36 14.36 228.60   9.67  1.69  9.12 223.47  20.80  0.29 13.53 308.59   9.76  0.15 17.81 315.01   8.28
19831031 180000  8.1 213.1  2.88 14.17 227.82  17.11  4  1.57  8.81 223.95  22.37  2.39 14.30 228.29   9.60  0.29 13.50 308.39   9.86  0.16 17.76 315.01   8.25
19831031 210000  5.8 212.4  2.79 13.99 227.75  17.28  3  2.77 14.26 226.85  14.61  0.29 13.49 308.41   9.84  0.19 17.31 314.54   8.22
19831101 000000  4.1 190.0  2.70 13.98 227.80  17.32  3  2.67 15.14 226.73  14.07  0.29 13.47 308.48   9.79  0.22 16.75 314.33   8.16
