Date     Time   Uabs UDir  hs    tp    th     sp     np hs(i) tp(i) th(i)  sp(i)
19890701 000000 14.8 183.1  4.09 13.92 221.31  21.61  1  4.09 13.92 221.31  21.61
19890701 030000 14.0 181.3  4.34 14.07 219.28  23.48  2  2.34  7.01 202.84  32.29  3.65 14.07 225.06  15.04
19890701 060000 13.5 181.6  4.31 14.12 219.25  23.49  1  4.31 14.12 219.25  23.49
19890701 090000 11.3 171.3  4.13 14.12 219.90  23.22  1  4.13 14.12 219.90  23.22
19890701 120000 13.8 177.9  4.03 14.16 218.88  23.56  1  4.03 14.16 218.88  23.56
19890701 150000 14.2 164.1  4.14 14.24 214.63  26.98  1  4.14 14.24 214.63  26.98
19890701 180000 13.0 188.4  4.01 14.32 216.00  24.18  1  4.01 14.32 216.00  24.18
19890701 210000 12.4 181.2  3.98 14.41 217.22  22.34  1  3.98 14.41 217.22  22.34
19890702 000000 10.1 180.4  3.89 14.42 217.99  21.63  1  3.89 14.42 217.99  21.63
19890702 030000 11.4 174.2  3.82 14.34 217.68  21.82  1  3.82 14.34 217.68  21.82
19890702 060000  8.7 166.0  3.63 14.24 218.81  21.11  2  3.63 14.23 218.73  20.92  0.13 14.84 310.79   9.11
19890702 090000  8.2 165.8  3.41 14.10 219.86  19.94  2  3.41 14.09 219.77  19.72  0.13 14.67 310.90   9.19
19890702 120000  8.5 164.7  3.23 13.85 219.89  20.00  2  3.23 13.82 219.79  19.76  0.13 14.60 310.74   9.32
19890702 150000  7.6 170.6  3.08 13.69 219.90  19.50  2  3.07 13.66 219.80  19.22  0.13 14.54 309.42  10.46
19890702 180000  8.1 186.9  2.95 13.58 220.17  18.57  2  2.95 13.56 220.06  18.24  0.13 14.49 309.11  10.59
19890702 210000  9.5 190.1  2.92 13.48 219.73  18.75  2  2.92 13.46 219.60  18.39  0.13 14.40 309.24  10.52
19890703 000000 11.2 181.9  3.01 13.37 218.15  20.62  3  2.60 10.80 217.24  22.65  1.51 13.35 220.23  10.46  0.14 14.26 309.64  10.46
19890703 030000  8.7 166.8  3.08 10.72 217.87  21.61  3  2.80 10.70 217.55  23.10  1.26 13.62 218.69   8.14  0.13 14.03 310.02  10.49
19890703 060000  9.8 175.6  3.01 10.21 218.07  21.56  4  2.76 10.21 217.81  22.91  1.16 13.57 218.73   8.02  0.26 19.39 218.64   7.77  0.13 13.83 310.25  10.37
19890703 090000  9.1 175.4  2.91  9.84 217.71  21.63  4  2.62  9.84 217.33  23.38  1.17 13.48 218.74   8.02  0.48 18.19 218.13   8.84  0.12 13.73 310.00  10.52
19890703 120000 10.8 181.1  2.94  9.51 217.26  21.93  4  2.59  9.51 216.57  24.12  1.18 13.70 219.62   8.00  0.72 17.69 217.57   9.07  0.12 13.65 309.50  10.75
19890703 150000  8.8 184.1  3.01 16.42 218.30  21.29  3  2.57  9.24 217.61  24.08  1.57 16.43 219.63   8.57  0.12 13.59 309.19  10.89
19890703 180000 10.8 198.2  3.10 16.11 218.92  20.23  3  2.56  9.07 217.95  23.38  1.75 16.11 220.56   8.90  0.13 13.53 308.91  11.30
19890703 210000 11.9 192.2  3.26 15.66 218.54  20.66  3  2.60  8.74 216.58  24.42  1.96 15.66 221.53   9.40  0.12 13.45 310.63   9.71
19890704 000000 13.2 192.8  3.42 15.43 217.48  21.62  3  2.74  8.40 214.42  25.29  2.05 15.44 222.30  10.00  0.12 13.41 309.79  10.82
19890704 030000 11.2 174.4  3.51 15.39 217.00  22.83  2  2.75  8.29 212.85  27.23  2.18 15.40 222.99  10.48
19890704 060000  7.9 180.3  3.33 15.31 219.28  21.44  2  2.36  8.13 214.39  27.45  2.34 15.31 223.75  10.95
19890704 090000  6.0 163.8  3.16 15.20 221.61  18.91  3  2.41 15.20 224.33  11.83  1.93  7.90 216.79  26.37  0.67 19.77 223.08   9.36
19890704 120000  3.0 181.2  3.17 15.11 222.60  16.76  3  2.34 15.11 225.44  12.23  1.77  8.07 219.30  23.92  1.22 18.64 218.70   9.36
19890704 150000  2.6 182.5  3.35 17.69 222.43  15.22  3  2.24 15.06 225.19  13.19  1.79 17.84 220.11   9.56  1.73  8.98 220.20  21.40
19890704 180000  4.9 206.0  3.58 17.40 221.69  14.47  1  3.58 17.40 221.69  14.47
19890704 210000  5.0 173.8  3.71 16.66 221.03  14.23  1  3.71 16.66 221.03  14.23
19890705 000000  5.4 159.6  3.73 16.34 220.71  14.21  1  3.73 16.34 220.71  14.21
19890705 030000  4.7 166.1  3.66 16.13 220.78  14.03  1  3.66 16.13 220.78  14.03
19890705 060000  4.0 152.1  3.53 15.77 220.93  13.74  1  3.53 15.77 220.93  13.74
19890705 090000  4.4 136.5  3.34 15.55 221.01  13.65  1  3.34 15.55 221.01  13.65
19890705 120000  3.8 116.1  3.15 15.42 220.96  13.70  1  3.15 15.42 220.96  13.70
19890705 150000  2.5 125.0  2.98 15.30 220.81  13.56  1  2.98 15.30 220.81  13.56
19890705 180000  2.8 203.0  2.81 15.13 220.59  13.33  1  2.81 15.13 220.59  13.33
19890705 210000  4.8 228.4  2.65 14.76 220.39  13.44  1  2.65 14.76 220.39  13.44
19890706 000000  3.7 215.8  2.48 14.53 220.23  13.67  1  2.48 14.53 220.23  13.67
19890706 030000  1.3  47.0  2.28 14.38 220.03  13.86  1  2.28 14.38 220.03  13.86
19890706 060000  1.6 351.3  2.09 14.23 219.87  14.09  2  2.09 14.23 219.87  14.10  0.06 25.06 220.67   7.30
19890706 090000  1.9  45.8  1.90 14.04 219.96  15.01  2  1.89 14.04 219.95  15.03  0.09 24.61 220.60   7.13
19890706 120000  1.8 316.8  1.72 13.74 220.22  16.19  3  1.71 13.74 220.05  15.66  0.13 23.78 220.99   7.39  0.09 11.90 310.33  10.28
19890706 150000  4.5 229.2  1.58 13.57 220.68  17.29  3  1.57 13.57 220.48  16.79  0.19 23.24 221.04   7.45  0.09 11.87 310.83   9.90
19890706 180000  6.1 216.7  1.48 13.44 220.98  18.03  3  1.45 13.44 220.74  17.58  0.25 22.64 221.27   7.51  0.09 11.85 309.96  10.77
19890706 210000  4.8 200.0  1.39 13.33 221.70  18.69  5  0.41  3.02 229.59  38.93  1.22 13.34 219.14  14.27  0.37 16.59 237.85   6.84  0.35 22.05 221.99   7.91  0.09 11.85 308.94  11.52
19890707 000000  3.3 222.4  1.32 15.57 222.97  18.46  5  0.34  3.04 229.76  39.77  1.07 13.26 219.15  15.10  0.55 15.85 234.14  10.41  0.41 21.59 221.96   7.79  0.09 11.79 308.71  11.59
19890707 030000  2.5 196.7  1.28 15.43 224.86  17.81  4  0.98 13.21 220.10  18.74  0.65 15.56 235.22  10.86  0.50 20.99 222.98   8.22  0.09 11.68 308.60  11.61
19890707 060000  0.2 177.4  1.27 14.90 227.03  17.07  3  1.12 14.90 227.79  17.68  0.60 20.64 223.15   8.43  0.09 11.65 309.28  11.05
19890707 090000  1.9 202.9  1.32 14.55 229.27  16.92  3  1.12 14.55 231.03  17.79  0.70 20.16 223.87   8.74  0.09 11.56 309.48  10.87
19890707 120000  5.9 191.7  1.41 14.37 230.24  17.60  3  1.13 14.37 232.72  19.44  0.83 19.53 225.14   9.06  0.10 11.49 309.61  10.71
19890707 150000  3.6 167.8  1.53 19.32 231.44  17.74  2  1.15 14.01 234.92  21.42  1.02 19.32 227.27  10.01
19890707 180000  4.5 204.2  1.70 19.06 232.90  15.95  3  1.15 13.68 238.08  19.56  0.98 18.59 226.22  11.05  0.78 21.34 232.47   7.69
19890707 210000  6.2 212.3  1.96 19.11 233.27  15.08  2  1.57 19.11 230.25  10.32  1.18 13.52 238.83  19.87
19890708 000000  5.3 192.0  2.24 18.37 233.60  14.41  2  1.90 18.37 231.29  10.03  1.17 13.26 240.08  20.92
19890708 030000  5.5 204.4  2.49 17.97 233.77  13.63  2  2.23 17.97 231.58  10.06  1.09 12.70 243.48  20.79
19890708 060000  5.3 182.6  2.68 17.62 233.70  13.27  2  2.49 17.62 232.19  10.19  0.98 12.33 244.23  23.01
19890708 090000  4.2 181.8  2.79 17.06 233.49  12.99  1  2.79 17.06 233.49  12.99
19890708 120000  4.8 192.3  2.83 16.87 233.14  12.66  1  2.83 16.87 233.14  12.66
19890708 150000  4.7 201.4  2.83 16.70 232.66  12.65  1  2.83 16.70 232.66  12.65
19890708 180000  6.4 213.3  2.83 16.47 232.10  12.80  1  2.83 16.47 232.10  12.80
19890708 210000  6.8 212.2  2.84 16.32 231.58  13.26  1  2.84 16.32 231.58  13.26
19890709 000000  7.2 183.8  2.86 16.15 230.82  14.41  1  2.86 16.15 230.82  14.41
19890709 030000  8.1 212.7  2.91 15.99 230.60  15.24  1  2.91 15.99 230.60  15.24
19890709 060000  6.5 160.6  2.92 15.73 230.40  17.30  1  2.92 15.73 230.40  17.30
19890709 090000  4.0 148.3  2.86 15.51 231.03  17.37  1  2.86 15.51 231.03  17.37
19890709 120000  2.7 169.7  2.79 15.32 231.40  16.92  1  2.79 15.32 231.40  16.92
19890709 150000  4.9 212.7  2.72 15.11 231.34  16.66  2  2.69 15.11 230.57  15.54  0.35  9.38 280.60   8.29
19890709 180000  4.2 197.5  2.66 14.76 230.77  16.86  2  2.59 14.76 228.75  13.32  0.57  8.45 278.91  11.52
19890709 210000  5.8 225.4  2.59 14.53 230.41  16.52  1  2.59 14.53 230.41  16.52
19890710 000000  2.9 325.8  2.51 14.39 230.02  16.49  1  2.51 14.39 230.02  16.49
19890710 030000  5.8 309.6  2.43 14.27 230.88  19.83  1  2.43 14.27 230.88  19.83
19890710 060000  2.9 299.1  2.33 14.09 230.79  20.53  1  2.33 14.09 230.79  20.53
19890710 090000  2.2 217.2  2.23 13.86 230.33  20.10  1  2.23 13.86 230.33  20.10
19890710 120000  4.3 201.5  2.12 13.74 229.28  18.84  1  2.12 13.74 229.28  18.84
19890710 150000  4.7 219.5  2.00 13.60 228.53  17.35  1  2.00 13.60 228.53  17.35
19890710 180000  5.2 230.7  1.86 13.43 228.15  16.46  1  1.86 13.43 228.15  16.46
19890710 210000  6.1 227.2  1.73 13.28 228.36  16.69  1  1.73 13.28 228.36  16.69
19890711 000000  4.2 203.4  1.58 13.09 228.40  17.45  1  1.58 13.09 228.40  17.45
19890711 030000  5.0 185.2  1.44 12.70 228.51  18.28  2  1.41 12.70 228.34  18.49  0.26 16.97 233.48   8.78
19890711 060000  3.6 166.4  1.40 12.59 229.98  17.94  2  1.28 12.59 229.13  19.09  0.56 16.03 234.29   8.67
19890711 090000  3.0 147.3  1.57 15.28 233.06  15.55  2  1.22 12.87 231.22  18.43  0.99 15.28 235.75   9.03
19890711 120000  1.8 146.0  1.83 14.56 235.80  13.69  1  1.83 14.56 235.80  13.69
19890711 150000  3.9 197.9  2.06 14.09 237.57  13.43  1  2.06 14.09 237.57  13.43
19890711 180000  5.9 202.2  2.24 13.60 238.43  13.69  1  2.24 13.60 238.43  13.69
19890711 210000  6.9 197.4  2.37 13.42 238.38  14.53  1  2.37 13.42 238.38  14.53
19890712 000000  4.9 192.0  2.47 13.51 237.69  15.55  1  2.47 13.51 237.69  15.55
19890712 030000  3.3 147.5  2.53 13.62 237.26  14.83  2  2.04 13.23 240.79  14.98  1.50 14.88 230.78  12.17
19890712 060000  2.4 136.4  2.63 13.81 236.37  14.26  2  2.27 13.81 239.23  13.73  1.33 15.79 228.03  12.46
19890712 090000  5.7 192.9  2.79 14.43 234.92  14.70  1  2.79 14.43 234.92  14.70
19890712 120000  6.6 176.0  2.97 14.45 233.22  16.06  1  2.97 14.45 233.22  16.06
19890712 150000  3.4 185.1  3.06 14.55 232.53  15.91  1  3.06 14.55 232.53  15.91
19890712 180000  6.9 220.9  3.06 14.61 232.11  15.82  1  3.06 14.61 232.11  15.82
19890712 210000  8.3 214.2  3.04 14.46 231.52  16.89  2  0.77  3.91 219.70  27.72  2.94 14.46 232.27  15.58
19890713 000000  4.7 193.7  2.90 14.31 231.36  18.04  1  2.90 14.31 231.36  18.04
19890713 030000  6.4 206.6  2.71 14.15 231.81  18.33  1  2.71 14.15 231.81  18.33
19890713 060000  8.2 188.9  2.55 13.82 231.33  19.80  1  2.55 13.82 231.33  19.80
19890713 090000  8.3 170.6  2.45 13.58 229.84  22.85  1  2.45 13.58 229.84  22.85
19890713 120000  8.9 172.8  2.38 13.49 229.20  24.18  2  0.84  4.06 186.47  32.02  2.23 13.49 234.13  16.96
19890713 150000  9.5 180.8  2.45 13.55 228.30  24.40  2  0.99  4.32 191.32  31.67  2.24 13.55 234.25  16.22
19890713 180000 10.7 197.1  2.70 13.84 227.79  22.85  2  1.29  4.98 202.84  29.13  2.37 13.84 234.23  15.12
19890713 210000  9.2 192.0  2.93 13.90 228.86  21.22  2  1.40  5.65 208.95  29.64  2.57 13.90 234.00  14.08
19890714 000000  9.9 185.3  3.13 13.83 229.38  20.41  2  1.37  5.96 208.41  30.21  2.81 13.83 233.73  13.79
19890714 030000  8.0 175.7  3.28 13.75 229.66  19.87  1  3.28 13.75 229.66  19.87
19890714 060000  6.5 162.7  3.29 13.66 230.31  18.96  1  3.29 13.66 230.31  18.96
19890714 090000  6.3 149.5  3.21 15.41 230.42  18.74  1  3.21 15.41 230.42  18.74
19890714 120000  5.6 146.8  3.09 15.30 230.02  18.90  2  2.52 13.32 232.93  20.62  1.78 15.46 224.39  13.17
19890714 150000  4.2 140.5  2.95 15.07 229.50  18.49  1  2.95 15.07 229.50  18.49
19890714 180000  4.8 205.2  2.82 14.48 228.90  17.67  1  2.82 14.48 228.90  17.67
19890714 210000  5.6 196.3  2.69 14.29 228.05  17.50  1  2.69 14.29 228.05  17.50
19890715 000000  8.4 206.7  2.59 14.04 226.78  17.98  1  2.59 14.04 226.78  17.98
19890715 030000  7.5 185.2  2.52 13.67 225.34  19.72  1  2.52 13.67 225.34  19.72
19890715 060000  5.3 176.1  2.36 13.50 224.89  20.40  1  2.36 13.50 224.89  20.40
19890715 090000  4.6 162.2  2.15 13.38 224.76  20.07  1  2.15 13.38 224.76  20.07
19890715 120000  5.0 181.4  1.96 13.26 224.38  19.63  1  1.96 13.26 224.38  19.63
19890715 150000  6.7 205.0  1.82 13.19 223.97  19.89  3  0.74  5.36 217.04  28.34  1.65 13.15 224.78  17.10  0.19 14.68 260.45   6.47
19890715 180000  8.3 201.8  1.87 13.37 225.12  22.46  4  0.86  4.71 213.61  28.42  1.54 13.21 223.39  16.74  0.49 13.94 261.63   7.29  0.37 17.61 249.76   7.67
19890715 210000  6.5 199.8  1.99 13.42 232.65  24.43  4  0.84  4.82 215.41  29.56  1.42 13.29 223.14  16.96  0.79 16.06 251.56   8.52  0.78 13.72 262.19   7.09
19890716 000000  7.0 192.0  2.24 13.44 239.98  23.89  2  1.66 16.00 256.37  10.09  1.50 13.28 218.90  20.24
19890716 030000  7.4 190.0  2.48 13.95 243.62  23.11  3  0.81  4.43 210.23  30.22  2.06 15.65 255.44  10.97  1.13 13.17 217.57  11.53
19890716 060000  7.0 184.9  2.63 15.02 245.67  22.21  3  0.78  4.58 208.07  31.25  2.29 15.33 254.85  11.55  1.03 12.92 216.83  10.70
19890716 090000  5.3 168.3  2.68 14.42 247.09  20.89  3  0.69  4.61 206.76  32.55  2.42 14.64 254.03  12.17  0.93 12.92 216.17  10.15
19890716 120000  9.2 180.1  2.70 14.02 246.60  21.78  2  2.57 14.17 249.86  20.15  0.83 12.73 215.43  10.00
19890716 150000  7.1 200.6  2.67 13.60 245.89  21.91  3  0.82  4.36 205.92  30.95  2.45 13.76 251.90  14.22  0.69 12.64 214.73   9.21
19890716 180000  7.4 210.1  2.62 13.34 245.47  21.01  3  0.80  4.38 212.98  29.76  2.45 13.43 249.80  15.78  0.49 12.68 209.71   7.10
19890716 210000  5.5 208.1  2.59 12.99 244.51  20.37  2  0.70  4.29 217.00  30.71  2.50 12.99 246.37  17.92
19890717 000000  2.7 207.0  2.62 15.29 242.52  19.73  2  2.03 12.54 253.08  16.79  1.66 15.59 227.02  12.59
19890717 030000  3.7 294.5  2.70 14.76 239.54  19.31  1  2.70 14.76 239.54  19.31
19890717 060000  4.5 303.5  2.77 14.33 236.08  19.71  1  2.77 14.33 236.08  19.71
19890717 090000  5.0 327.4  2.81 13.82 233.04  21.24  2  2.61 13.82 236.42  20.88  1.03 17.32 212.10   7.03
19890717 120000  6.7 331.5  2.79 13.58 230.98  23.88  2  2.49 13.58 235.90  24.34  1.25 16.95 212.67   8.15
19890717 150000  4.6 326.2  2.73 13.52 229.51  25.21  2  2.28 13.51 236.55  27.24  1.51 16.25 214.97   9.17
19890717 180000  4.2 290.9  2.69 16.17 228.91  25.39  1  2.69 16.17 228.91  25.39
19890717 210000  1.9 291.8  2.70 16.20 229.37  25.82  1  2.70 16.20 229.37  25.82
19890718 000000  4.5 168.3  2.72 16.09 229.24  25.53  1  2.72 16.09 229.24  25.53
19890718 030000  8.3 179.9  2.75 15.81 226.70  25.08  1  2.75 15.81 226.70  25.08
19890718 060000 10.8 163.3  2.78 15.60 222.17  27.81  2  0.85  3.74 168.92  32.24  2.65 15.60 226.47  22.39
19890718 090000  8.0 160.6  2.70 15.52 220.64  27.62  2  0.85  4.20 165.70  31.72  2.57 15.52 225.29  21.44
19890718 120000  7.3 165.5  2.56 15.48 221.30  24.83  1  2.56 15.48 221.30  24.83
19890718 150000  2.0 194.1  2.42 15.41 221.67  22.54  1  2.42 15.41 221.67  22.54
19890718 180000  6.1 228.9  2.32 15.28 221.85  20.76  2  2.22 15.28 217.69  13.88  0.66  8.38 277.30  13.67
19890718 210000  6.4 225.8  2.26 15.09 221.90  20.46  2  2.16 15.09 217.46  12.96  0.67  8.75 275.94  14.07
19890719 000000  3.6 211.2  2.16 14.76 221.86  20.36  2  2.04 14.76 216.46  11.21  0.72  8.11 271.90  15.50
19890719 030000  1.0 174.7  2.07 14.57 222.06  20.11  1  2.07 14.57 222.06  20.11
19890719 060000  2.3  26.1  2.00 14.47 222.81  19.76  2  1.93 14.47 221.80  20.06  0.54 19.00 235.12   8.82
19890719 090000  4.4  11.7  2.00 14.38 225.08  22.21  3  1.67 14.38 216.37   9.26  0.86 18.35 236.04   9.27  0.69  7.36 271.12  35.40
19890719 120000  6.0 339.0  2.09 17.65 229.47  24.75  4  1.48 14.26 216.45   9.14  1.28 17.67 235.08  10.46  0.73  7.73 282.29  39.50  0.09 12.84 262.15  13.84
19890719 150000  8.0   2.0  2.29 16.97 236.30  31.14  4  0.66  3.65 340.09  30.96  1.63 17.02 235.59  10.68  1.28 14.10 216.26   8.73  0.72 11.45 263.75  19.83
19890719 180000 10.7 341.1  2.68 16.41 248.66  38.35  3  1.16  4.72 330.99  29.59  2.20 16.41 231.32  13.40  0.98 10.94 264.03  14.02
19890719 210000 12.0 342.6  3.17 15.92 261.93  42.21  3  1.64  5.69 331.80  27.90  2.28 15.92 232.73  12.89  1.48 10.62 268.69  15.35
19890720 000000 10.6 350.3  3.29 15.42 263.09  41.87  2  2.32 10.01 301.00  38.08  2.33 15.43 233.96  13.23
19890720 030000  8.5   8.1  3.24 15.12 259.63  39.23  2  2.36 15.12 235.38  14.38  2.22 10.01 294.98  38.34
19890720 060000  4.4   1.8  3.22 14.64 255.98  33.68  1  3.22 14.64 255.98  33.68
19890720 090000  2.9  60.9  3.26 14.26 254.33  28.94  2  2.49 12.62 271.43  26.59  2.10 14.62 232.09  13.54
19890720 120000  3.0 143.4  3.28 13.94 253.62  26.00  2  2.59 13.22 268.69  21.73  2.02 14.25 229.86  10.99
19890720 150000  3.1 151.1  3.21 13.55 252.77  24.80  2  2.63 12.97 265.60  19.88  1.83 14.29 226.81   9.94
19890720 180000  5.8 214.5  3.04 13.27 251.27  24.69  2  2.46 12.79 264.95  19.40  1.80 13.88 226.13  10.30
19890720 210000  6.8 215.1  2.87 12.92 249.04  25.23  2  2.24 12.38 264.66  19.86  1.79 13.59 225.42  10.87
19890721 000000  6.4 197.8  2.69 12.62 246.36  26.20  3  2.08 12.15 262.87  21.45  1.51 13.55 224.13   9.43  0.78 16.88 216.62   9.03
19890721 030000  5.2 195.4  2.49 12.38 244.25  26.75  4  1.89 11.70 262.38  21.93  1.15 12.99 224.11   9.79  1.14 16.13 217.76   7.72  0.08 11.70 319.44   5.10
19890721 060000  6.6 184.0  2.36 15.73 241.66  27.28  2  1.72 11.49 261.62  24.23  1.61 15.74 220.73   9.38
19890721 090000  6.8 172.2  2.36 15.63 238.47  27.32  3  0.48  3.05 183.60  33.52  1.73 15.63 222.46  10.65  1.53 10.36 264.49  18.37
19890721 120000  7.2 179.4  2.49 15.48 236.40  25.87  2  1.86 15.49 222.83  10.28  1.65 11.11 255.89  28.71
19890721 150000  6.3 185.5  2.66 15.35 235.46  23.85  2  2.06 15.35 224.20  10.87  1.68 10.51 254.48  27.26
19890721 180000  8.2 206.2  2.92 15.10 234.66  21.58  1  2.92 15.10 234.66  21.58
19890721 210000  8.6 207.6  3.24 14.76 234.28  19.97  2  0.80  3.96 215.68  30.56  3.13 14.76 235.36  18.53
19890722 000000  5.0 210.4  3.45 14.66 233.66  19.12  1  3.45 14.66 233.66  19.12
19890722 030000  6.3 190.4  3.55 14.71 232.77  18.13  1  3.55 14.71 232.77  18.13
19890722 060000  6.5 181.7  3.62 14.96 231.37  17.49  1  3.62 14.96 231.37  17.49
19890722 090000  4.5 182.8  3.65 15.36 230.19  16.64  1  3.65 15.36 230.19  16.64
19890722 120000  7.5 207.7  3.65 15.38 229.21  16.07  1  3.65 15.38 229.21  16.07
19890722 150000  6.5 195.8  3.56 15.31 228.67  15.94  1  3.56 15.31 228.67  15.94
19890722 180000  3.4 216.3  3.43 15.25 228.59  15.59  1  3.43 15.25 228.59  15.59
19890722 210000  5.0 300.9  3.27 15.19 228.80  15.51  1  3.27 15.19 228.80  15.51
19890723 000000 12.8 346.6  3.16 15.10 232.88  28.60  2  0.89  3.69 334.13  30.64  3.04 15.10 228.62  14.70
19890723 030000 14.6 356.9  3.28 14.98 251.08  50.39  2  1.83  5.51 341.72  32.65  2.73 14.98 228.18  13.96
19890723 060000 14.8 339.0  3.60 14.75 284.76  57.59  2  2.60  6.83 342.91  29.76  2.49 14.75 228.39  14.16
19890723 090000 12.6 321.5  3.56 14.53 284.36  54.00  2  2.65  7.32 333.36  31.32  2.38 14.53 229.25  14.78
19890723 120000  8.7 312.2  3.28 14.35 270.95  51.00  2  2.23  7.22 328.65  33.79  2.41 14.35 231.99  16.93
19890723 150000  6.1 332.7  3.02 14.16 258.12  45.90  2  2.61 14.16 238.91  22.68  1.52  7.07 340.92  25.15
19890723 180000  6.2 344.6  2.89 13.75 252.60  41.09  2  1.09  6.77 348.80  21.22  2.67 13.75 242.65  25.93
19890723 210000  5.2 346.6  2.82 13.42 250.61  37.55  3  2.81 13.42 250.82  37.54  0.21 19.21 213.91   7.64  0.07 14.49 305.43   8.27
19890724 000000  3.3 337.4  2.73 13.10 248.56  34.14  3  2.72 13.10 248.97  34.11  0.29 18.58 214.39   8.20  0.08 14.50 306.86   8.38
19890724 030000  1.0  32.2  2.60 12.51 246.58  31.78  3  2.57 12.51 247.36  31.73  0.39 17.97 214.76   8.02  0.07 14.50 307.89   9.01
19890724 060000  3.1 110.9  2.43 12.09 244.17  30.30  3  2.36 12.09 246.17  30.13  0.58 17.19 213.31   8.50  0.06 14.49 309.43   9.56
19890724 090000  2.6  85.2  2.27 11.88 241.28  29.74  2  2.18 11.88 243.97  29.71  0.64 16.58 213.12   8.00
19890724 120000  0.5 190.2  2.14 11.47 239.15  28.65  1  2.14 11.47 239.15  28.65
19890724 150000  2.1 339.9  2.02 11.24 237.91  28.15  1  2.02 11.24 237.91  28.15
19890724 180000  3.6 294.6  1.90 11.09 237.55  28.33  2  1.90 11.09 237.49  28.27  0.06 13.62 307.36   9.30
19890724 210000  4.2 305.8  1.77 10.75 237.38  28.55  2  1.77 10.75 237.28  28.45  0.07 13.57 306.63   9.75
19890725 000000  7.5 347.6  1.67 10.46 240.34  33.61  2  1.67 10.46 240.20  33.51  0.08 13.55 307.01  10.45
19890725 030000  8.7   5.7  1.69 12.17 257.38  47.70  2  1.69 12.17 257.23  47.69  0.08 13.54 308.33  10.68
19890725 060000 10.1 354.9  1.81 11.98 284.78  50.52  4  1.48  6.69 316.41  36.83  1.04 11.98 225.05  15.96  0.14 18.16 213.84   8.97  0.07 13.54 310.04  10.89
19890725 090000 10.9   0.3  2.17  7.25 309.32  44.43  4  2.01  7.22 320.62  33.57  0.79 11.98 220.49  10.78  0.18 17.81 212.78   8.33  0.06 13.53 311.74  11.81
19890725 120000 14.9 357.5  3.02  8.28 322.29  36.30  3  2.95  8.26 325.52  31.22  0.62 12.23 220.31  10.53  0.21 17.56 213.02   8.44
19890725 150000 16.9 355.7  4.00  8.94 328.87  34.09  3  3.96  8.93 330.13  31.80  0.50 12.15 222.75  12.40  0.25 16.91 212.79   7.48
19890725 180000 17.4 351.5  4.31  9.12 331.02  33.48  4  4.27  9.11 332.14  31.52  0.38 11.89 220.35   9.54  0.31 14.54 246.92  10.53  0.30 16.60 213.80   7.83
19890725 210000 18.6 357.8  4.65  9.22 336.24  34.82  4  4.58  9.21 338.13  32.11  0.59 13.49 236.86  12.37  0.40 14.81 264.93   7.45  0.35 16.31 216.27   9.31
19890726 000000 17.8 348.9  4.94  9.60 333.29  34.68  4  4.77  9.57 337.84  29.17  1.02 12.70 246.86  12.31  0.70 13.92 266.49   9.01  0.36 15.71 215.87   8.04
19890726 030000 16.7 352.5  4.95  9.75 329.49  36.81  4  4.67  9.71 337.01  29.63  1.24 12.92 267.51   9.66  1.00 12.17 242.88   9.24  0.40 15.31 219.37   9.91
19890726 060000 16.7 337.4  5.26  9.93 320.46  38.12  3  4.71  9.69 333.88  28.94  2.29 12.37 263.34  14.93  0.47 15.12 221.34   9.61
19890726 090000 11.6 303.2  4.97 10.79 304.59  39.52  1  4.97 10.79 304.59  39.52
19890726 120000  5.5 295.3  4.41 11.48 289.57  40.63  2  3.98 11.52 275.99  29.83  1.90  8.93 358.43  16.83
19890726 150000  5.8 337.3  4.18 12.11 275.55  39.46  1  4.18 12.11 275.55  39.46
19890726 180000 10.4 319.8  4.20 12.62 266.80  37.34  1  4.20 12.62 266.80  37.34
19890726 210000 11.7 285.8  4.42 12.93 262.19  34.44  1  4.42 12.93 262.19  34.44
19890727 000000  5.4 274.1  4.45 13.05 256.56  31.37  1  4.45 13.05 256.56  31.37
19890727 030000  3.3 311.9  4.35 13.14 252.71  28.87  1  4.35 13.14 252.71  28.87
19890727 060000  4.6 331.5  4.25 13.24 250.25  26.73  1  4.25 13.24 250.25  26.73
19890727 090000  3.2 332.7  4.17 13.35 248.50  25.02  1  4.17 13.35 248.50  25.02
19890727 120000  1.8  75.1  4.10 13.47 246.66  23.48  1  4.10 13.47 246.66  23.48
19890727 150000  2.5 131.7  4.16 13.71 243.73  21.68  1  4.16 13.71 243.73  21.68
19890727 180000  5.2 205.1  4.35 14.28 240.38  20.01  1  4.35 14.28 240.38  20.01
19890727 210000  7.0 191.8  4.49 14.63 237.83  19.02  1  4.49 14.63 237.83  19.02
19890728 000000  9.5 186.9  4.54 14.82 235.59  18.84  1  4.54 14.82 235.59  18.84
19890728 030000  6.8 162.5  4.46 14.91 234.45  18.66  1  4.46 14.91 234.45  18.66
19890728 060000  4.8 139.8  4.25 14.84 234.21  17.72  1  4.25 14.84 234.21  17.72
19890728 090000  1.9 182.3  4.02 14.70 234.11  16.72  1  4.02 14.70 234.11  16.72
19890728 120000  4.6 212.6  3.81 14.59 234.14  16.30  1  3.81 14.59 234.14  16.30
19890728 150000  2.7 222.5  3.57 14.52 234.14  16.21  1  3.57 14.52 234.14  16.21
19890728 180000  3.8 284.2  3.30 14.41 234.31  16.31  1  3.30 14.41 234.31  16.31
19890728 210000  5.5 309.3  3.03 14.24 234.83  17.49  3  3.02 14.25 234.78  17.33  0.11 22.46 227.54   8.12  0.10 13.58 313.92   8.88
19890729 000000 10.3 339.1  2.92 14.05 237.11  24.04  3  2.91 14.06 237.07  23.95  0.16 21.76 227.01   8.60  0.10 13.54 314.10   8.76
19890729 030000  8.4 297.2  3.23 13.76 239.42  27.86  2  3.22 13.76 239.47  27.90  0.20 21.49 227.62   8.18
19890729 060000  6.5 206.0  3.60 13.51 234.57  21.60  2  3.59 13.51 234.61  21.64  0.26 20.76 228.58   7.98
19890729 090000  2.8 162.3  3.82 13.41 233.14  19.55  2  3.81 13.41 233.16  19.59  0.28 20.55 229.95   8.66
19890729 120000  2.7 205.4  4.02 13.53 232.50  18.47  1  4.02 13.53 232.50  18.47
19890729 150000  3.4 204.8  4.20 13.70 232.37  17.71  1  4.20 13.70 232.37  17.71
19890729 180000  6.6 217.2  4.26 13.81 232.52  17.22  1  4.26 13.81 232.52  17.22
19890729 210000  8.1 208.0  4.21 13.84 232.27  17.29  1  4.21 13.84 232.27  17.29
19890730 000000  7.6 188.5  4.09 13.77 231.56  17.86  1  4.09 13.77 231.56  17.86
19890730 030000  7.0 177.8  3.91 13.68 231.24  17.87  1  3.91 13.68 231.24  17.87
19890730 060000  7.6 167.3  3.76 13.60 230.48  18.39  1  3.76 13.60 230.48  18.39
19890730 090000  6.8 151.3  3.60 13.51 229.88  18.74  1  3.60 13.51 229.88  18.74
19890730 120000  6.2 170.9  3.43 13.37 229.69  18.19  1  3.43 13.37 229.69  18.19
19890730 150000  5.4 181.6  3.26 13.20 229.54  17.70  1  3.26 13.20 229.54  17.70
19890730 180000  7.8 196.1  3.11 13.00 228.93  17.76  2  0.64  3.68 196.16  28.92  3.05 13.00 230.15  15.87
19890730 210000  8.8 197.2  2.99 12.82 228.02  18.48  2  2.73 12.82 227.97  19.81  1.21 15.34 228.27   8.95
19890731 000000  9.7 198.2  2.90 12.68 226.55  20.04  1  2.90 12.68 226.55  20.04
19890731 030000  6.5 185.7  2.68 12.50 226.93  20.36  2  2.37 12.32 226.32  22.20  1.26 14.52 228.96  11.58
19890731 060000  6.2 186.0  2.41 12.25 227.95  19.73  2  2.16 12.25 228.00  21.55  1.07 14.55 227.76   9.13
19890731 090000  5.3 172.3  2.15 12.15 228.73  19.56  3  1.89 12.15 229.12  21.47  1.02 14.38 227.09   8.62  0.08 11.85 314.26   8.64
19890731 120000  5.0 169.6  1.91 13.43 229.65  19.32  2  1.91 13.44 229.54  19.05  0.08 11.83 314.58   8.50
19890731 150000  3.0 182.2  1.79 13.44 230.04  18.39  2  1.79 13.44 229.91  18.06  0.08 11.81 314.88   8.35
19890731 180000  6.3 237.5  1.92 13.34 230.05  16.40  1  1.92 13.34 230.05  16.40
19890731 210000  7.3 227.0  2.23 13.16 230.70  15.68  3  0.60  3.44 232.74  30.60  2.13 13.16 230.37  13.87  0.27 19.01 242.21   8.62
19890801 000000  4.2 205.9  2.54 13.03 232.07  14.69  2  2.50 13.03 231.75  14.74  0.45 18.29 241.96   7.93
