Date     Time   Uabs UDir  hs    tp    th     sp     np hs(i) tp(i) th(i)  sp(i)
20000801 000000  2.6 202.3  2.43 13.59 233.13  12.72  1  2.43 13.59 233.13  12.72
20000801 030000  3.0 200.6  2.48 13.48 234.24  12.60  1  2.48 13.48 234.24  12.60
20000801 060000  2.2 146.9  2.46 13.32 235.40  12.74  1  2.46 13.32 235.40  12.74
20000801 090000  2.5 158.7  2.42 13.10 236.33  13.04  1  2.42 13.10 236.33  13.04
20000801 120000  3.7 159.6  2.44 12.85 236.54  14.64  1  2.44 12.85 236.54  14.64
20000801 150000  4.1 177.8  2.48 12.71 236.76  15.07  1  2.48 12.71 236.76  15.07
20000801 180000  9.8 200.2  2.51 12.61 236.06  17.09  1  2.51 12.61 236.06  17.09
20000801 210000 13.0 199.5  2.72 12.48 231.47  22.88  1  2.72 12.48 231.47  22.88
20000802 000000 10.1 168.3  2.81 12.32 227.34  26.97  1  2.81 12.32 227.34  26.97
20000802 030000  6.3 153.6  2.61 12.09 229.22  25.44  1  2.61 12.09 229.22  25.44
20000802 060000  7.2 161.4  2.41 11.95 230.77  23.65  1  2.41 11.95 230.77  23.65
20000802 090000  6.8 159.5  2.28 11.86 230.09  23.76  1  2.28 11.86 230.09  23.76
20000802 120000  6.4 157.1  2.22 11.76 228.97  23.72  2  1.99 11.50 232.68  25.01  0.98 11.93 214.88   7.45
20000802 150000  3.0 166.0  2.19 11.67 228.86  22.26  3  2.03 11.39 231.64  22.51  0.79 11.97 210.41   5.91  0.17 16.76 252.31   6.72
20000802 180000  6.9 207.4  2.16 11.57 228.80  21.10  3  1.81 11.60 220.47  19.51  1.13 11.57 247.04   9.40  0.34 15.63 255.62   7.84
20000802 210000  8.3 204.0  2.20 11.42 227.60  21.61  3  1.92 11.71 220.49  19.68  0.98 11.19 248.96   8.91  0.42 15.40 255.57   7.52
20000803 000000  7.0 192.7  2.19 11.26 227.11  22.34  3  2.02 11.57 222.14  20.69  0.62 11.11 253.94   6.96  0.59 14.73 254.57   7.32
20000803 030000  4.4 164.6  2.14 11.20 227.30  22.23  3  1.96 11.54 221.86  20.45  0.65 14.37 253.99   7.04  0.58 11.11 253.75   6.82
20000803 060000  3.5 122.4  2.08 11.22 227.15  21.97  3  1.88 11.76 221.22  19.85  0.68 14.05 253.17   7.41  0.56 11.11 254.29   7.03
20000803 090000  3.5 114.0  2.01 13.39 226.39  22.04  3  1.75 13.15 218.12  19.04  0.74 11.48 248.34   8.88  0.68 13.60 254.16   7.00
20000803 120000  1.1 181.0  1.95 13.17 225.22  22.39  3  1.70 12.76 216.69  18.55  0.69 13.32 252.61   7.72  0.65 11.22 252.64   7.41
20000803 150000  1.4 114.6  1.88 12.77 223.99  22.43  2  1.65 12.71 215.36  18.06  0.90 12.83 252.69   7.62
20000803 180000  3.3 240.1  1.80 12.63 222.64  22.51  2  1.57 12.77 213.60  17.59  0.87 12.56 251.80   8.33
20000803 210000  4.7 231.2  1.71 12.55 221.54  22.77  2  1.51 12.92 212.99  17.67  0.80 12.36 252.73   8.61
20000804 000000  2.9 190.4  1.61 12.44 220.07  22.80  2  1.44 13.29 211.76  17.62  0.74 11.97 252.08   8.91
20000804 030000  4.4 194.3  1.50 12.14 218.64  22.72  2  1.34 13.48 210.53  17.06  0.67 11.75 252.32   9.28
20000804 060000  4.5 178.5  1.39 12.03 217.20  22.82  2  1.26 13.46 209.99  17.58  0.58 11.61 252.83   9.33
20000804 090000  3.9 166.9  1.27 13.33 216.13  22.86  2  1.17 13.37 209.28  17.52  0.51 11.48 253.55   9.44
20000804 120000  2.4 186.5  1.16 13.26 215.32  22.85  3  1.07 13.28 208.71  17.61  0.43 11.09 253.85   9.89  0.14 14.64 247.44   8.93
20000804 150000  5.3 203.9  1.08 13.15 215.08  22.72  3  0.99 13.05 208.42  17.24  0.37 10.98 255.07  10.31  0.21 14.32 247.60   8.48
20000804 180000  7.7 206.5  1.08 12.93 215.41  23.85  5  0.51  3.06 212.55  28.89  0.84 12.69 206.90  13.60  0.34 10.95 254.20  11.50  0.28 13.74 247.58   8.55  0.08 19.00 227.11   8.21
20000804 210000  7.1 203.2  1.12 12.77 217.45  25.95  4  0.67  3.72 213.75  29.75  0.75 12.52 206.21  13.01  0.41 13.54 246.14  10.15  0.30 10.90 256.30  11.18
20000805 000000  5.1 207.8  1.10 12.68 221.58  27.78  4  0.63  3.90 212.16  31.51  0.66 12.39 205.17  11.53  0.54 13.01 247.34  10.18  0.31 10.84 257.28  11.97
20000805 030000  4.8 178.1  1.12 12.59 230.02  28.17  5  0.54  3.86 210.79  32.55  0.58 12.77 247.72   8.44  0.58 12.06 204.72  11.39  0.41 16.59 250.43  13.59  0.35 10.49 260.43  11.18
20000805 060000  3.4 163.0  1.23 12.43 240.37  25.53  5  0.79 12.65 250.96   9.92  0.59 16.01 250.97  12.78  0.50 11.78 204.32  11.03  0.42  3.73 209.57  34.23  0.32 10.26 265.27  11.35
20000805 090000  4.7 155.2  1.46 15.52 247.10  21.95  4  0.36  3.59 202.48  36.32  0.99 15.53 252.67  11.88  0.91 12.31 254.18  11.56  0.42 11.66 204.13  11.00
20000805 120000  3.3 111.3  1.74 15.20 250.57  18.87  3  1.25 13.15 252.36  19.69  1.16 15.20 252.34  12.03  0.34 11.55 201.79   8.31
20000805 150000  1.9 155.0  2.00 14.62 252.12  15.52  2  1.98 14.62 253.00  14.02  0.27 11.18 200.76   6.96
20000805 180000  5.5 210.9  2.17 14.30 252.21  14.39  2  2.16 14.30 252.68  13.52  0.22 10.99 200.36   6.44
20000805 210000  6.6 197.6  2.26 13.85 251.19  15.59  2  2.25 13.85 251.43  15.22  0.16 10.91 199.51   5.85
20000806 000000  5.0 192.1  2.26 13.56 249.77  16.77  2  2.25 13.56 249.90  16.59  0.12 10.81 198.83   5.29
20000806 030000  5.1 153.8  2.36 13.46 246.33  17.16  1  2.36 13.46 246.33  17.16
20000806 060000  5.7 154.6  2.61 13.47 242.30  17.52  1  2.61 13.47 242.30  17.52
20000806 090000  4.6 124.4  2.80 13.37 240.95  16.57  1  2.80 13.37 240.95  16.57
20000806 120000  2.8 152.6  2.85 13.15 241.13  15.44  1  2.85 13.15 241.13  15.44
20000806 150000  1.9 180.0  2.80 12.90 241.63  14.78  1  2.80 12.90 241.63  14.78
20000806 180000  4.4 195.4  2.70 12.74 241.85  15.10  1  2.70 12.74 241.85  15.10
20000806 210000  5.8 200.0  2.58 12.61 241.84  15.82  1  2.58 12.61 241.84  15.82
20000807 000000  5.6 199.4  2.49 12.48 241.53  16.62  1  2.49 12.48 241.53  16.62
20000807 030000  6.0 166.7  2.45 12.35 240.70  17.96  1  2.45 12.35 240.70  17.96
20000807 060000  7.4 169.6  2.45 12.19 239.22  20.15  1  2.45 12.19 239.22  20.15
20000807 090000  7.9 159.4  2.45 12.05 237.38  22.98  2  0.60  3.29 167.28  35.27  2.38 12.05 240.30  15.75
20000807 120000  7.2 169.4  2.42 11.99 236.14  24.94  1  2.42 11.99 236.14  24.94
20000807 150000  5.5 161.1  2.35 12.00 236.34  23.02  1  2.35 12.00 236.34  23.02
20000807 180000  7.3 202.4  2.29 12.23 236.47  20.67  3  2.03 12.23 238.09  22.15  1.07 13.89 230.98  12.83  0.10 22.85 228.91   8.06
20000807 210000 10.2 202.9  2.41 12.70 233.60  22.06  3  1.13  4.71 213.71  29.76  2.12 12.70 238.62  15.93  0.14 22.57 230.62   8.18
20000808 000000  9.1 191.5  2.50 12.67 231.33  23.95  3  1.46  5.65 218.33  31.98  2.01 12.67 237.30  15.25  0.21 21.80 231.68   8.94
20000808 030000  8.0 175.8  2.46 12.58 230.99  24.33  3  1.50  6.36 220.46  33.01  1.93 12.58 236.42  14.80  0.29 21.53 231.95   9.07
20000808 060000  4.9 165.4  2.40 12.55 232.05  22.49  2  2.36 12.55 232.01  22.77  0.41 20.63 233.19   8.61
20000808 090000  4.8 147.5  2.41 12.54 232.89  19.99  2  2.36 12.54 232.89  20.37  0.51 20.35 232.85   8.11
20000808 120000  6.8 163.4  2.52 12.54 233.17  18.90  2  2.42 12.54 233.15  19.47  0.67 19.73 233.47   8.41
20000808 150000  5.8 181.0  2.66 13.06 233.53  17.55  2  2.52 13.06 233.58  18.31  0.85 19.05 233.12   8.34
20000808 180000  9.7 195.4  2.88 13.59 232.39  17.78  2  2.65 13.59 232.11  18.81  1.11 18.54 233.92   9.98
20000808 210000 11.0 196.0  3.16 17.70 230.16  19.58  2  2.89 13.54 229.11  20.86  1.29 17.85 235.17   9.61
20000809 000000 10.1 188.3  3.35 17.44 228.77  20.88  3  1.89  7.11 213.93  28.34  2.27 13.45 235.29  12.04  1.57 17.44 234.23  10.89
20000809 030000  8.7 163.1  3.35 16.73 228.50  21.66  2  2.91 13.40 226.45  23.94  1.66 16.83 234.37  10.14
20000809 060000  7.8 150.0  3.26 16.45 228.70  21.27  2  2.70 13.26 226.16  24.29  1.82 16.45 233.85  10.56
20000809 090000  8.4 155.6  3.15 16.19 227.98  21.28  1  3.15 16.19 227.98  21.28
20000809 120000  8.3 166.0  3.07 15.56 226.62  21.54  1  3.07 15.56 226.62  21.54
20000809 150000  6.3 173.7  2.97 15.36 226.60  19.95  1  2.97 15.36 226.60  19.95
20000809 180000  9.9 196.8  2.93 15.18 225.69  19.34  1  2.93 15.18 225.69  19.34
20000809 210000 10.0 195.4  2.97 14.67 224.36  19.97  1  2.97 14.67 224.36  19.97
20000810 000000  7.2 196.4  2.92 14.42 225.17  19.71  1  2.92 14.42 225.17  19.71
20000810 030000  4.3 160.1  2.80 14.30 226.70  18.54  2  2.75 14.30 226.61  18.78  0.53 18.88 229.06   9.29
20000810 060000  3.5  84.5  2.65 14.16 227.87  17.22  3  1.83 14.16 233.34  11.20  1.79  9.43 221.59  20.92  0.68 18.56 229.53   9.49
20000810 090000  5.8  72.3  2.51 13.64 228.16  18.36  2  2.38 13.64 228.20  19.11  0.79 17.86 227.83   8.92
20000810 120000  6.5  44.4  2.41 13.43 227.97  22.11  3  2.21 13.44 227.56  23.18  0.91 17.56 226.65   8.50  0.27 11.07 272.10   7.44
20000810 150000  3.5  42.3  2.29 17.02 227.75  20.23  3  2.03 13.37 227.15  21.46  1.01 17.04 226.58   8.10  0.29 11.24 272.57   8.99
20000810 180000  4.8 309.7  2.18 16.58 227.55  17.70  3  1.85 13.27 227.08  18.81  1.11 16.58 225.88   8.32  0.30 10.87 273.16  12.27
20000810 210000  6.1   4.8  2.09 16.15 228.58  22.88  3  1.73 13.14 228.65  25.99  1.15 16.15 226.06   8.08  0.28 10.72 275.73  20.49
20000811 000000  6.6  16.2  2.05 15.67 232.01  33.21  3  0.68  4.49 342.75  29.90  1.92 15.67 225.53  11.34  0.25 10.32 274.22   9.48
20000811 030000  5.4   3.9  2.07 15.36 240.22  42.94  4  0.99  5.64 333.21  33.53  1.56 15.36 222.89  10.38  0.89 12.61 231.18   9.34  0.29 10.11 255.62  24.01
20000811 060000  5.7 355.2  2.11 14.95 250.76  49.02  3  1.19  6.32 334.93  23.20  1.74 14.95 224.77  10.77  0.19  9.79 276.51  10.94
20000811 090000  5.8 332.3  2.17 14.68 258.98  51.68  2  1.35  6.65 333.38  23.28  1.70 14.68 224.57  10.56
20000811 120000  6.5  27.7  2.20 14.61 261.54  53.15  3  1.56 14.61 223.81  10.41  1.39  6.89 335.83  24.19  0.66 18.37 229.52   8.78
20000811 150000  7.0  20.2  2.20 17.70 261.53  53.68  3  1.38  6.98 338.40  24.30  1.43 14.83 223.63  10.54  0.93 17.78 229.23   8.47
20000811 180000  6.3 336.8  2.21 17.39 260.97  52.56  2  1.37  6.99 337.82  22.44  1.74 17.39 226.30  10.37
20000811 210000  4.1 310.0  2.21 17.26 257.24  50.12  2  1.78 17.26 227.35  10.21  1.31  6.88 335.82  22.62
20000812 000000  4.7 349.4  2.18 16.72 252.15  47.28  2  1.82 16.72 228.41  10.15  1.20  6.70 335.55  23.54
20000812 030000  3.5 324.5  2.13 16.32 248.13  44.23  2  1.83 16.32 229.40  10.19  1.08  6.44 335.48  24.54
20000812 060000  3.8 328.0  2.06 16.23 244.89  40.65  2  1.83 16.23 230.38  10.31  0.95  6.25 334.82  25.36
20000812 090000  3.4  21.9  2.02 16.15 242.83  37.12  2  1.83 16.15 231.55  10.55  0.85  5.97 334.19  25.99
20000812 120000  4.7   8.7  2.01 15.82 241.83  34.21  2  1.85 15.82 232.80  10.83  0.77  5.76 333.98  26.73
20000812 150000  4.3 322.7  2.02 15.60 241.89  31.81  2  1.88 15.60 234.10  11.24  0.73  5.54 331.55  27.24
20000812 180000  5.3 270.1  2.05 15.46 242.47  29.18  2  0.73  5.35 321.48  31.55  1.92 15.46 235.46  11.69
20000812 210000  2.3 279.3  2.09 15.24 242.35  26.48  2  1.98 15.24 236.79  11.97  0.67  5.18 318.57  32.40
20000813 000000  1.7 273.5  2.14 14.96 242.19  23.83  3  1.78 14.96 236.49  12.02  1.02 18.93 242.40  11.54  0.61  5.05 316.75  32.03
20000813 030000  2.1 169.3  2.19 14.84 242.12  21.52  3  1.85 14.84 237.55  12.34  1.03 18.92 242.82  10.98  0.56  4.97 313.10  31.49
20000813 060000  1.8 130.8  2.23 17.66 242.17  19.69  3  1.68 14.73 237.52  12.52  1.37 17.90 242.24  11.24  0.54  4.95 306.06  31.67
20000813 090000  2.5 152.1  2.26 17.47 242.37  18.37  3  1.73 14.67 238.36  12.70  1.35 17.76 242.49  10.95  0.53  4.96 298.66  30.79
20000813 120000  2.4 178.4  2.27 17.21 242.53  17.53  3  1.61 17.21 240.08  11.57  1.50 14.29 240.29  12.84  0.54  5.05 291.79  29.03
20000813 150000  3.4 215.3  2.26 16.43 242.65  17.01  2  2.19 16.43 240.26  12.17  0.56  5.94 287.33  26.22
20000813 180000  4.6 252.2  2.22 16.28 242.70  16.89  3  2.13 16.28 240.36  12.22  0.60  6.07 279.01  28.78  0.13 23.50 226.89   8.55
20000813 210000  3.3 283.8  2.17 15.74 242.66  16.91  2  2.08 15.74 240.13  12.30  0.59  6.09 279.77  26.48
20000814 000000  1.0 357.2  2.11 15.27 242.01  16.70  3  2.02 15.27 239.78  12.35  0.54  6.03 281.14  24.99  0.25 22.14 228.91   8.12
20000814 030000  1.5 308.6  2.05 15.20 241.05  16.39  3  1.95 15.20 239.29  12.42  0.49  5.96 282.35  23.75  0.40 21.44 229.25   8.12
20000814 060000  0.7  37.7  2.01 15.00 239.74  16.02  3  1.89 15.00 238.51  12.41  0.52 20.72 229.18   9.38  0.44  5.85 283.09  22.87
20000814 090000  4.3  68.3  2.02 14.52 238.08  15.48  3  1.76 14.52 237.99  12.25  0.91 19.82 230.97  11.03  0.40  5.66 284.13  22.71
20000814 120000  6.1   1.5  2.09 14.40 236.78  21.23  3  0.46  5.51 322.89  55.55  1.67 14.40 237.60  12.90  1.18 18.84 230.41   8.72
20000814 150000  3.5   2.4  2.18 14.32 236.21  20.64  4  0.47  5.20 320.47  43.56  1.63 14.32 236.83  12.23  1.37 18.54 230.17   8.90  0.09 15.53 312.29  10.31
20000814 180000  3.3 254.3  2.26 17.91 235.29  18.78  3  1.64 14.12 239.69  23.40  1.55 17.91 230.52   8.64  0.09 15.52 312.43   9.79
20000814 210000  3.2 220.9  2.31 17.50 234.35  16.74  1  2.31 17.50 234.35  16.74
20000815 000000  4.1 231.3  2.33 17.25 233.56  15.24  1  2.33 17.25 233.56  15.24
20000815 030000  5.0 160.5  2.33 16.61 232.78  14.64  1  2.33 16.61 232.78  14.64
20000815 060000  5.0 136.0  2.32 16.33 231.70  15.98  1  2.32 16.33 231.70  15.98
20000815 090000  5.4 117.3  2.29 16.14 231.01  17.17  2  2.29 16.15 230.91  16.88  0.10 14.56 312.54   9.45
20000815 120000  4.4 125.1  2.25 15.66 230.62  17.09  2  2.24 15.67 230.49  16.77  0.10 14.55 311.94   9.48
20000815 150000  4.6 158.5  2.18 15.40 230.24  16.30  2  2.18 15.40 230.10  15.92  0.11 14.58 311.31   9.48
20000815 180000  7.4 203.4  2.12 15.27 229.27  15.96  1  2.12 15.27 229.27  15.96
20000815 210000  7.9 201.4  2.10 15.11 227.66  16.75  2  0.66  3.50 203.59  32.52  2.00 15.11 229.85  11.76
20000816 000000  7.9 187.1  2.07 14.67 226.17  18.22  2  0.79  3.95 204.60  32.28  1.91 14.67 229.24  11.70
20000816 030000  7.5 184.6  2.01 14.45 224.56  19.81  3  0.84  4.23 201.40  32.54  1.82 14.45 228.49  11.13  0.10 13.75 310.33  10.31
20000816 060000  7.4 178.3  1.91 14.29 224.19  19.89  3  0.79  4.26 201.15  32.99  1.73 14.29 227.97  11.29  0.10 13.65 310.24  10.29
20000816 090000  6.2 176.8  1.78 14.08 224.34  19.51  3  0.70  4.25 202.18  34.15  1.64 14.09 227.43  11.49  0.10 13.64 309.88  10.25
20000816 120000  7.7 183.2  1.70 13.79 222.68  20.99  3  0.72  3.97 197.62  33.01  1.54 13.80 226.95  11.77  0.11 13.69 309.58  10.00
20000816 150000  6.4 175.9  1.60 13.65 221.83  22.00  3  0.71  4.04 196.71  33.67  1.44 13.65 226.49  12.10  0.11 13.73 308.14  10.84
20000816 180000  8.9 194.6  1.57 13.59 220.22  22.25  3  0.80  3.97 199.35  30.04  1.35 13.59 226.09  12.45  0.11 13.74 307.37  10.95
20000816 210000 10.0 193.6  1.69 13.55 217.72  23.92  3  1.08  4.51 203.86  29.43  1.30 13.55 225.67  12.64  0.10 13.68 307.11  10.87
20000817 000000  8.9 199.1  1.74 13.51 216.30  24.86  3  1.17  4.94 203.69  29.71  1.28 13.51 225.35  12.82  0.10 13.47 306.94  10.96
20000817 030000  8.1 163.9  1.70 13.50 215.37  26.75  3  1.13  5.04 199.81  31.93  1.27 13.50 225.70  13.32  0.09 12.92 307.31  10.89
20000817 060000  6.9 161.1  1.61 13.47 217.81  26.95  3  0.96  4.92 197.18  33.72  1.29 13.48 226.99  14.21  0.09 12.79 309.44   9.23
20000817 090000  5.9 143.6  1.56 13.40 221.25  26.52  4  0.81  4.81 195.28  35.49  1.33 13.37 228.27  14.77  0.16 14.49 255.00   0.02  0.09 12.82 308.47  10.21
20000817 120000  5.1 156.0  1.55 13.24 225.20  25.21  2  1.54 13.24 224.96  24.80  0.10 12.88 308.19  10.24
20000817 150000  3.9 147.8  1.55 12.83 228.42  23.33  2  1.54 12.83 228.17  22.90  0.10 12.91 307.54  10.40
20000817 180000  6.2 210.3  1.57 12.57 230.33  21.41  2  1.56 12.57 230.11  20.99  0.10 12.91 306.74  10.53
20000817 210000  7.1 199.6  1.65 12.38 229.19  22.12  5  0.63  3.69 206.59  29.41  1.35 12.50 229.31  16.76  0.65 11.83 250.47   5.51  0.26 15.80 200.60   5.49  0.09 12.86 305.45  10.88
20000818 000000  6.7 195.2  1.69 12.09 227.96  23.12  4  1.24 11.30 237.36  26.34  1.09 12.40 219.78  10.37  0.38 15.47 201.35   5.59  0.09 12.79 304.79  10.97
20000818 030000  5.6 158.0  1.67 11.84 226.93  24.11  4  1.19 11.12 237.85  27.74  1.07 12.22 218.83  10.59  0.45 15.28 201.95   5.76  0.08 12.75 303.92  11.86
20000818 060000  4.8 130.2  1.60 11.70 225.96  24.81  4  1.40 11.95 224.71  24.51  0.56 10.96 251.12   5.81  0.52 14.94 203.29   6.67  0.08 12.47 305.06  11.32
20000818 090000  4.4 122.8  1.53 11.66 224.67  24.59  4  0.99 11.85 217.83  11.46  0.99 10.50 241.11  28.71  0.61 14.69 203.88   6.25  0.08 12.25 307.23  10.10
20000818 120000  0.3 280.7  1.50 11.68 222.76  23.80  4  0.95 11.75 218.27  11.87  0.88 10.22 242.55  27.78  0.74 14.35 204.42   7.45  0.09 12.34 306.58  10.99
20000818 150000  1.7 181.3  1.50 11.73 220.42  22.41  5  0.92 11.77 216.88  11.63  0.82 10.13 244.10  24.12  0.64 14.19 205.11   7.52  0.57 16.99 203.07   7.31  0.09 12.36 306.33  11.34
20000818 180000  6.0 224.8  1.56 16.50 217.90  21.33  4  1.36 16.50 210.05  11.74  0.76 10.00 244.47  23.40  0.09 12.34 308.24   9.19  0.07 13.74 264.10   7.94
20000818 210000  5.3 218.1  1.64 16.27 216.03  20.84  3  0.77  9.45 242.58  24.61  1.44 16.28 208.77  10.92  0.16 13.02 276.94  21.00
20000819 000000  3.8 139.4  1.69 15.82 214.81  20.51  3  1.66 15.85 213.28  18.66  0.25 12.70 269.57  14.81  0.18  9.49 256.28   3.74
20000819 030000  1.3 129.4  1.73 15.48 215.26  20.77  2  1.69 15.50 212.90  17.78  0.38 12.38 267.15  11.04
20000819 060000  2.1 141.9  1.78 15.28 217.40  22.30  2  1.68 15.31 212.30  16.36  0.57 12.00 265.82   9.33
20000819 090000  2.6 137.6  1.84 15.07 220.77  24.46  2  1.61 15.12 209.34   9.82  0.90 11.83 261.38  16.61
20000819 120000  1.2 157.8  1.91 14.67 224.46  27.00  2  1.60 14.75 209.80   9.76  1.04 11.77 263.24  19.10
20000819 150000  0.5  48.1  1.94 14.45 228.84  28.35  2  1.56 14.52 210.20   9.68  1.15 11.72 265.38  15.30
20000819 180000  2.9 221.2  1.94 14.30 232.64  29.43  2  1.51 14.37 210.60   9.75  1.23 11.61 267.54  12.85
20000819 210000  5.8 219.8  1.97 14.14 234.73  30.27  2  1.48 14.20 210.93  10.02  1.30 11.31 267.26  16.55
20000820 000000  3.2 149.0  1.97 13.86 235.53  31.14  3  1.46 13.95 210.77  10.23  1.31 11.08 268.26  18.12  0.15 19.40 228.15   6.62
20000820 030000  3.1 172.3  1.94 13.70 236.48  31.60  4  1.43 13.80 210.75  10.46  1.24 10.93 269.91  18.04  0.39 13.63 264.29   7.94  0.13 19.38 227.83   5.45
20000820 060000  4.2 135.1  1.93 13.59 237.29  31.98  4  1.40 13.75 210.52  10.34  1.21 10.78 270.53  18.91  0.51 13.26 265.90   9.35  0.20 18.87 226.47   6.76
20000820 090000  4.1 120.5  1.94 13.42 237.39  32.39  4  1.41 13.68 210.77  10.38  1.14 10.57 271.46  22.02  0.66 12.72 266.38   7.82  0.19 17.85 230.08   5.74
20000820 120000  2.6  83.2  1.95 13.21 237.82  32.01  4  1.42 13.58 210.94  10.25  1.02 10.21 270.72  21.03  0.83 12.29 270.65   9.05  0.20 17.93 229.54   5.66
20000820 150000  1.8 355.7  1.93 12.99 238.58  31.68  3  1.42 13.48 211.49  10.41  0.99 10.17 273.44  17.73  0.86 11.94 268.70   7.74
20000820 180000  3.7 237.2  1.90 12.80 239.41  31.60  2  1.39 13.40 211.54  10.32  1.30 11.70 271.96  12.47
20000820 210000  3.3 174.0  1.86 12.64 239.74  31.83  2  1.35 13.31 211.36  10.15  1.28 11.57 271.76  13.80
20000821 000000  1.6 341.5  1.80 12.55 240.16  32.11  2  1.30 13.22 211.18  10.03  1.24 11.27 272.62  12.80
20000821 030000  1.1  46.2  1.72 12.48 240.81  32.43  2  1.24 13.08 211.07   9.95  1.19 11.10 273.47  12.07
20000821 060000  1.2  47.2  1.66 12.42 241.95  32.76  2  1.18 12.86 210.97   9.85  1.17 11.02 274.16  11.79
20000821 090000  0.7 104.0  1.62 12.33 244.11  33.01  2  1.16 10.94 274.75  11.70  1.12 12.70 210.97   9.82
20000821 120000  2.5  16.7  1.58 11.41 247.15  33.08  2  1.18 10.81 275.34  11.67  1.05 12.58 211.02   9.79
20000821 150000  0.8 355.9  1.56 11.22 250.53  33.05  2  1.20 10.59 276.13  11.93  0.99 12.48 211.17   9.82
20000821 180000  0.9  42.8  1.54 10.91 253.89  32.91  2  1.23 10.41 277.08  12.40  0.93 12.35 211.43   9.91
20000821 210000  1.2 289.1  1.53 10.58 257.19  32.63  2  1.25 10.29 278.09  12.92  0.88 12.07 211.81  10.09
20000822 000000  1.0 258.9  1.52 10.43 260.03  32.37  3  1.26 10.19 279.14  13.47  0.81 11.88 210.87   8.89  0.21 14.65 231.81   7.80
20000822 030000  1.6 239.8  1.50 10.32 261.95  32.42  3  1.26 10.08 280.28  14.07  0.78 11.78 211.37   9.02  0.21 14.71 231.73   8.63
20000822 060000  0.9  89.9  1.48 10.22 262.63  32.97  2  1.24  9.89 281.47  14.83  0.80 11.71 213.49  10.45
20000822 090000  0.3 134.9  1.46 10.04 262.11  33.92  2  1.20  9.71 282.70  15.57  0.82 11.64 214.22  10.49
20000822 120000  2.2 359.0  1.44  9.87 261.17  34.97  2  1.17  9.60 283.77  16.21  0.84 11.51 214.32  10.37
20000822 150000  1.0 328.8  1.41  9.76 260.62  35.95  2  1.14  9.50 284.68  16.70  0.84 11.27 213.71  10.29
20000822 180000  3.8 271.3  1.38  9.67 260.87  36.71  2  1.11  9.38 285.20  17.52  0.81 11.11 212.77  10.34
20000822 210000  2.9 272.9  1.33  9.57 261.09  37.57  2  1.07  9.11 286.08  18.03  0.79 10.99 211.91  10.49
20000823 000000  0.8  41.2  1.29  9.32 261.16  38.38  2  1.03  8.97 287.08  18.16  0.77 10.86 211.23  10.60
20000823 030000  1.4  12.2  1.25  9.15 261.72  38.93  3  1.01  8.87 287.95  18.27  0.74 10.61 210.73  10.66  0.05 18.64 225.53   9.15
20000823 060000  1.5 301.8  1.24  9.04 262.23  39.46  3  0.99  8.78 288.73  18.55  0.73 10.48 210.30  10.68  0.06 18.07 225.48   8.95
20000823 090000  2.7   5.6  1.23  8.90 262.78  40.69  3  0.99  8.57 290.13  20.28  0.73 10.45 209.86  10.69  0.06 17.91 227.71  11.18
20000823 120000  5.7 356.2  1.24  8.68 263.45  43.53  3  0.99  8.43 293.09  25.10  0.74 10.47 209.53  10.84  0.06 17.87 228.38  11.44
20000823 150000  3.6  12.7  1.23  8.52 261.81  44.22  2  0.97  8.33 293.78  25.08  0.76 10.49 209.20  10.89
20000823 180000  1.1 282.9  1.20  8.41 258.86  44.14  3  0.92  8.24 293.31  23.82  0.76 10.56 208.50  10.35  0.08 16.97 235.01  17.57
20000823 210000  2.8 239.9  1.16  8.28 255.46  43.85  3  0.87  8.09 292.46  22.79  0.76 11.75 208.29  10.44  0.06 17.14 227.40   7.20
20000824 000000  5.6 203.7  1.13 11.59 249.58  43.23  3  0.23  2.06 214.89  30.88  0.80  7.93 291.06  21.69  0.76 11.72 208.40  11.04
20000824 030000  5.3 174.3  1.09 11.54 242.96  43.63  5  0.31  2.51 194.25  34.21  0.74 11.62 207.81  10.14  0.74  7.81 289.78  21.00  0.09 16.11 231.07   8.41  0.06 17.24 258.11  16.87
20000824 060000  6.1 174.8  1.07 11.51 236.12  43.90  5  0.37  2.70 183.66  32.69  0.73 11.55 207.87  10.21  0.67  7.70 288.75  20.51  0.10 16.27 249.63  15.27  0.07 16.28 226.47   5.68
20000824 090000  4.9 169.5  1.04 11.47 232.21  43.07  4  0.38  2.99 183.33  33.83  0.72 11.48 208.02  10.23  0.62  7.53 287.75  20.20  0.12 16.13 248.72  14.24
20000824 120000  0.7 273.7  0.99 11.24 232.10  41.28  4  0.71 11.26 208.32  10.22  0.58  7.36 287.06  20.08  0.33  3.04 188.24  35.13  0.14 15.73 248.46  10.05
20000824 150000  2.9 234.5  0.94 11.03 232.81  39.46  4  0.69 11.04 208.48  10.24  0.54  7.24 286.50  19.88  0.27  3.06 195.32  34.25  0.17 15.40 247.29  11.23
20000824 180000  5.0 235.1  0.91 10.88 233.14  37.66  4  0.27  3.06 213.24  32.63  0.68 10.89 208.90  10.43  0.51  7.09 286.23  19.48  0.19 14.99 248.76  10.93
20000824 210000  5.4 233.4  0.90 10.76 232.89  36.41  4  0.33  2.79 223.21  31.99  0.65 10.76 208.80   9.83  0.48  6.95 286.56  19.24  0.23 14.60 247.67  12.16
20000825 000000  3.2 144.8  0.90 10.52 231.41  35.94  5  0.64 10.52 209.26  10.15  0.44  6.86 286.63  18.01  0.38  3.14 220.76  34.12  0.25 14.33 249.15  11.47  0.05 11.23 323.25   9.67
20000825 030000  1.8  69.3  0.85 10.32 232.07  35.52  5  0.62 10.31 209.40  10.01  0.41  6.78 286.41  17.52  0.31  3.29 218.73  33.89  0.28 13.90 249.94  11.31  0.06 11.13 323.73   9.57
20000825 060000  5.7 183.5  0.85 10.19 229.72  36.35  5  0.33  3.29 202.14  33.84  0.59 10.18 209.55   9.99  0.39  6.72 286.76  16.93  0.31 13.72 250.68  11.44  0.06 11.11 323.65  10.59
20000825 090000  4.6 163.7  0.84 10.05 228.72  36.96  5  0.35  3.06 196.35  34.19  0.57 10.05 209.69   9.98  0.37  6.69 287.30  16.47  0.33 13.54 251.49  11.39  0.07 10.99 322.61   9.70
20000825 120000  3.7 163.3  0.82  9.79 230.22  36.96  5  0.32  3.09 194.00  35.35  0.55  9.77 209.84  10.07  0.36  6.65 287.63  15.71  0.35 13.30 252.19  11.21  0.07 10.74 323.38   9.42
20000825 150000  3.5 185.4  0.79 12.95 232.94  35.95  6  0.28  3.15 196.65  33.37  0.53  9.61 209.80  10.01  0.36 13.00 251.69  11.99  0.35  6.57 287.54  15.31  0.11 16.11 258.43   5.70  0.08 10.44 322.40   9.74
20000825 180000  7.5 218.9  0.86 12.78 230.56  34.06  6  0.46  2.92 210.50  27.23  0.51  9.48 209.87  10.05  0.37 12.81 252.34  11.61  0.33  6.48 287.54  14.92  0.10 15.83 257.98   5.38  0.07 10.43 323.12   9.65
20000825 210000  9.6 204.1  1.15 12.64 221.77  32.72  5  1.03  4.06 211.22  25.70  0.40 12.67 252.88  11.55  0.31  6.41 287.22  14.15  0.10 12.31 202.35   6.10  0.08 10.36 322.84   9.61
20000826 000000  9.1 198.8  1.35  4.85 214.90  32.70  5  1.25  4.84 207.19  27.35  0.40 12.56 252.29  11.95  0.28  6.29 286.93  13.33  0.12 14.63 259.17   5.88  0.07 10.31 324.28   9.82
20000826 030000  8.4 174.8  1.42  5.30 211.85  33.35  6  1.26  5.28 204.60  30.28  0.43 12.43 252.65  11.73  0.39  8.88 209.33   9.00  0.24  6.28 288.89  11.36  0.13 11.81 203.05   6.31  0.07 10.07 324.55  10.00
20000826 060000  6.2 164.8  1.31  5.63 215.34  33.35  6  1.14  5.56 207.16  30.48  0.44 12.19 252.32  11.75  0.39  8.66 209.28   9.74  0.24  6.22 286.94  11.73  0.06  9.79 326.71   8.39  0.06 11.73 317.52   7.67
20000826 090000  5.3 156.7  1.19 12.01 219.87  32.56  6  1.00  5.73 211.09  30.06  0.45 12.09 251.93  11.86  0.38  8.47 209.05   9.72  0.22  6.12 287.26  11.04  0.06  9.73 326.03   8.99  0.06 11.67 317.49   7.30
20000826 120000  6.0 179.9  1.11 11.96 223.18  31.18  6  0.91  6.03 214.38  28.68  0.47 12.04 251.66  11.95  0.37  8.57 207.70   8.89  0.20  6.05 287.18  10.81  0.06  9.72 325.28   9.65  0.06 11.60 317.75   7.08
20000826 150000  5.5 184.3  1.09 11.90 223.84  30.63  8  0.87  6.27 214.74  28.45  0.48 11.96 250.95  12.20  0.38  8.31 208.42   9.63  0.18  5.98 287.17  10.72  0.07 11.49 318.31   7.84  0.06 16.54 226.60   7.60  0.05 18.09 302.07  15.24  0.05  9.53 328.12   7.75
20000826 180000 10.0 216.3  1.29 11.83 223.32  27.25  6  1.18  6.11 216.85  24.22  0.50 11.87 250.37  12.25  0.16  5.92 287.29  10.39  0.07 11.37 318.28   7.63  0.07 16.51 227.47   9.04  0.05 18.17 302.71  14.35
20000826 210000 10.9 206.6  1.74  5.72 220.06  26.93  4  1.66  5.72 216.97  25.88  0.51 11.77 249.17  12.83  0.07 11.32 318.12   7.32  0.06 18.42 301.95  14.98
20000827 000000 10.6 196.4  1.89  6.23 216.28  28.15  4  1.81  6.23 213.31  27.11  0.52 11.55 248.57  12.88  0.08 11.29 320.95   8.76  0.06 16.16 225.28   5.90
20000827 030000 10.2 181.2  1.95  6.53 212.71  29.38  5  1.87  6.53 209.66  28.29  0.52 11.26 248.27  12.67  0.11 15.39 226.15   9.44  0.08 11.29 320.64   8.70  0.06 18.53 299.69  15.04
20000827 060000  9.0 176.2  1.79  6.80 213.69  30.07  5  1.71  6.80 210.07  29.01  0.53 11.16 246.91  13.49  0.09 15.56 231.78   8.64  0.07 11.31 317.81   6.95  0.06 18.13 298.61  14.62
20000827 090000  8.8 169.3  1.67  6.81 213.26  30.90  5  1.58  6.81 208.86  29.81  0.54 11.09 245.78  13.61  0.08 15.42 228.46   6.47  0.07 11.44 317.63   7.04  0.06 17.78 299.46  13.30
20000827 120000 10.4 170.1  1.63  6.69 209.36  32.92  6  1.52  6.69 203.92  31.55  0.52 11.00 247.54  11.97  0.22 12.77 225.85   9.09  0.07 11.65 317.64   7.01  0.06 17.69 299.17  13.35  0.05 17.83 240.82  10.23
20000827 150000  8.8 178.9  1.55  6.40 208.89  32.36  6  1.44  6.40 202.97  30.80  0.53 10.88 245.24  13.12  0.18 13.07 224.06   8.73  0.07 11.76 317.75   7.17  0.06 17.66 298.72  13.72  0.06 17.80 241.26  10.43
20000827 180000  9.8 199.7  1.48  6.06 212.75  29.57  7  1.36  6.06 206.86  28.09  0.53 10.61 245.57  12.30  0.21 12.50 219.65   6.47  0.12 14.57 230.08   7.80  0.07 11.82 319.10   8.08  0.07 17.65 298.22  14.08  0.06 17.72 242.74  10.06
20000827 210000 11.0 199.8  1.68  5.72 214.79  27.59  7  1.57  5.72 210.80  26.69  0.51 10.50 245.31  12.48  0.23 12.04 223.69   9.36  0.15 14.40 225.92   9.61  0.08 16.97 239.70  10.43  0.07 17.64 298.06  14.23  0.07 11.87 318.85   7.96
20000828 000000 12.5 185.8  1.96  6.09 211.54  29.31  7  1.87  6.09 208.65  28.81  0.51 10.45 242.17  13.46  0.21 12.27 221.62  10.10  0.10 14.54 226.41   7.61  0.10 16.71 238.66  11.16  0.07 17.60 298.26  14.04  0.06 11.91 318.57   7.88
20000828 030000 10.1 165.7  1.99  6.88 212.18  30.93  6  1.90  6.88 209.67  30.87  0.51 10.48 239.17  14.21  0.24 12.54 221.10  11.88  0.10 16.66 239.48  11.49  0.07 17.54 298.90  13.33  0.06 11.98 318.23   7.80
20000828 060000  8.9 156.7  1.85  7.55 213.07  31.88  6  0.67  4.21 148.24  24.16  1.66  7.55 218.94  21.76  0.46 10.67 243.01  11.47  0.11 16.66 235.30  13.66  0.07 17.17 296.33  14.64  0.06 12.08 318.10   7.58
20000828 090000  8.2 159.1  1.76  9.57 213.60  30.26  6  1.66  8.79 211.00  30.43  0.42 11.94 220.69  12.78  0.36 10.28 247.72  10.15  0.13 16.16 238.35  10.49  0.07 16.70 297.88  12.69  0.06 12.19 317.97   7.50
20000828 120000  7.6 166.0  1.72  9.72 212.83  28.48  4  1.71  9.71 212.47  28.21  0.14 15.63 238.73   9.79  0.07 16.62 297.00  13.03  0.06 12.11 317.87   7.43
20000828 150000  7.8 180.9  1.72  9.97 212.57  25.83  6  1.60  9.97 212.98  26.75  0.57 12.39 206.63  12.36  0.19 15.71 230.70  12.88  0.14 16.81 203.46   5.75  0.07 16.59 296.44  13.28  0.05 11.93 317.78   7.37
20000828 180000 10.5 201.2  1.84 10.24 212.42  23.56  3  1.83 10.23 212.10  23.20  0.14 15.59 242.28   7.82  0.07 16.58 296.78  13.62
20000828 210000 11.6 200.3  2.13 10.39 212.68  23.64  2  2.13 10.39 212.60  23.47  0.08 16.56 300.32  15.07
20000829 000000 10.1 201.7  2.15 10.50 212.91  24.62  1  2.15 10.50 212.90  24.62
20000829 030000  9.8 181.1  2.02 14.24 212.32  25.69  4  1.56  6.01 211.18  30.50  1.29 14.24 213.55  15.70  0.08 21.46 228.15   7.69  0.07 16.48 301.30  14.82
20000829 060000  8.7 171.1  1.85 14.05 211.74  26.65  5  1.35  5.85 208.97  33.04  1.24 14.05 213.70  15.32  0.17 12.66 239.18   4.93  0.11 20.49 227.80   7.74  0.07 16.29 301.04  14.71
20000829 090000  7.5 165.4  1.74 13.28 211.81  26.50  4  1.15  5.58 205.54  34.75  1.29 13.28 215.55  15.92  0.17 20.21 227.68   7.95  0.07 15.80 301.19  14.93
20000829 120000  7.5 175.3  1.72 12.99 212.80  24.64  4  0.97  5.39 202.86  34.94  1.40 12.99 216.24  16.04  0.23 19.22 227.55   8.02  0.07 15.63 299.59  14.94
20000829 150000  7.4 181.4  1.80 12.61 213.46  22.89  3  1.77 12.61 212.89  22.84  0.31 18.98 227.29   8.24  0.08 15.58 298.45  14.83
20000829 180000  9.2 200.5  1.97 12.41 214.39  21.14  4  1.01  4.57 205.18  30.58  1.65 12.41 216.55  15.26  0.40 18.15 227.08   8.73  0.08 15.55 298.59  14.92
20000829 210000 10.5 194.4  2.22 12.15 215.01  21.51  3  2.16 12.15 214.30  21.63  0.49 17.82 226.64   9.21  0.08 15.54 298.54  14.58
20000830 000000 10.6 194.9  2.34 11.98 215.06  22.00  3  2.26 11.98 214.19  22.25  0.59 17.56 226.25  10.48  0.07 15.52 299.48  14.43
20000830 030000 10.3 187.1  2.49 11.95 214.77  22.47  4  1.60  5.87 210.02  30.01  1.75 11.95 216.68  14.21  0.76 16.79 222.84  12.09  0.07 15.50 302.74  12.66
20000830 060000  6.3 345.3  2.44 16.46 217.41  21.23  4  1.73 11.99 216.96  14.22  1.37  6.11 217.32  31.86  0.84 16.53 211.43   9.20  0.63 16.44 231.84   6.62
20000830 090000  2.0 195.5  2.38 15.80 218.66  18.96  3  1.92 12.11 219.87  21.69  1.34 16.21 214.29  10.21  0.43 15.55 238.21   4.72
20000830 120000 12.6 186.2  2.48 15.51 216.01  20.36  1  2.48 15.51 216.01  20.36
20000830 150000 10.7 187.1  2.59 15.23 214.38  21.20  2  1.27  4.89 199.22  32.16  2.26 15.23 218.50  13.66
20000830 180000 11.8 194.5  2.74 14.63 214.93  20.80  2  1.57  5.54 206.23  29.18  2.25 14.63 218.74  13.44
20000830 210000 13.0 195.9  3.09 14.42 216.22  20.99  2  3.05 14.42 215.79  21.04  0.47 17.94 233.34   7.24
20000831 000000 11.0 187.6  3.24 14.17 216.66  22.25  1  3.24 14.17 216.66  22.25
20000831 030000  9.9 161.2  3.22 13.66 216.70  23.34  2  3.17 13.66 216.21  23.51  0.56 17.49 231.39   8.16
20000831 060000  7.5 158.4  3.11 13.52 218.62  21.71  1  3.11 13.52 218.62  21.71
20000831 090000  7.7 162.0  3.04 13.44 219.74  20.19  2  3.04 13.44 219.72  20.20  0.14 22.03 226.78   7.94
20000831 120000  6.6 182.7  2.99 13.28 220.31  19.12  1  2.99 13.28 220.31  19.12
20000831 150000  5.1 174.6  2.93 13.15 221.12  17.92  1  2.93 13.15 221.12  17.92
20000831 180000  7.6 211.0  2.90 13.17 222.13  16.74  1  2.90 13.17 222.13  16.74
20000831 210000  9.7 202.2  2.98 13.23 222.00  17.16  1  2.98 13.23 222.00  17.16
20000901 000000  9.9 186.4  3.07 13.12 220.92  18.87  1  3.07 13.12 220.92  18.87
