Date     Time   Uabs UDir  hs    tp    th     sp     np hs(i) tp(i) th(i)  sp(i)
20060801 000000  6.5 197.0  1.30 15.66 220.55  20.34  6  1.02 11.77 216.54  22.14  0.65 15.67 223.61   9.90  0.44 19.10 229.48   9.53  0.08 15.25 304.37  12.28  0.07  9.26 285.34  10.93  0.07 12.64 306.03  13.18
20060801 030000  6.5 152.2  1.28 15.54 218.75  24.30  6  1.01 11.61 212.87  27.19  0.64 15.55 223.74  10.43  0.45 18.85 230.43   8.85  0.09 15.03 305.21  11.17  0.08  9.11 285.05  12.02  0.06 12.59 308.46  11.65
20060801 060000  4.5 130.4  1.22 15.58 219.60  24.71  5  0.92 11.35 212.47  28.27  0.66 15.59 224.67  10.95  0.44 18.77 230.91   8.59  0.10 14.65 306.13  11.31  0.09  8.95 287.12  13.85
20060801 090000  5.2 114.7  1.15 15.83 220.46  25.90  5  0.83 11.17 211.43  30.52  0.79 15.89 227.37  10.91  0.10 14.51 305.76  11.25  0.09  8.66 283.18   9.14  0.05 11.66 311.70  10.18
20060801 120000  3.3 127.9  1.09 16.60 221.29  26.84  6  0.76 10.93 210.20  31.93  0.59 16.96 229.54  10.30  0.49 14.55 226.92  11.75  0.10 14.44 305.73  11.19  0.09  8.52 282.57   8.41  0.06 11.67 310.43  10.38
20060801 150000  3.9 103.5  1.04 16.48 223.21  24.84  5  0.69 10.45 211.65  28.91  0.68 16.48 229.48  11.22  0.34 14.11 228.27  11.54  0.12 14.40 306.30  11.63  0.10  8.44 283.16  14.20
20060801 180000  1.5 163.2  0.99 16.23 224.99  23.29  5  0.79 16.23 229.45  11.81  0.58 10.22 211.13  27.03  0.11 14.36 305.73  11.12  0.10  8.33 284.10  19.67  0.08 11.76 306.46  12.32
20060801 210000  4.8 231.8  0.98 15.48 227.18  21.89  6  0.54  9.52 213.88  24.96  0.77 15.53 230.80  12.08  0.21 10.63 224.02   9.97  0.11  8.09 284.15  17.67  0.11 14.31 306.97  10.18  0.08 11.77 306.16  11.59
20060802 000000  2.8 275.0  0.94 15.34 228.67  21.72  6  0.76 15.37 231.84  12.46  0.50  9.38 214.28  23.76  0.18 10.68 224.29   8.70  0.11 14.18 306.89  10.36  0.11  8.03 284.29  16.08  0.08 11.80 307.15  11.14
20060802 030000  1.6 343.3  0.90 15.23 230.01  21.67  5  0.75 15.27 232.24  12.29  0.47  9.53 214.71  21.75  0.14 13.90 307.52  10.18  0.12  7.99 284.53  14.58  0.08 11.34 274.02   7.63
20060802 060000  3.6 350.3  0.88 14.85 234.07  30.47  4  0.73 14.93 233.39  13.59  0.45  9.25 224.42  48.68  0.14 13.70 308.03  10.05  0.12  7.91 286.17  20.33
20060802 090000  4.0  11.3  0.84 14.48 236.08  30.63  5  0.70 14.52 233.34  12.85  0.40  9.02 227.65  50.96  0.14 13.61 307.95  10.42  0.13 10.43 274.14   8.19  0.11  7.63 290.51  27.90
20060802 120000  6.4   4.7  0.85 14.39 244.00  39.56  6  0.33  2.33 340.09  37.51  0.69 14.43 234.60  13.72  0.29  8.88 209.25  13.16  0.16 10.13 272.74   7.83  0.14 13.54 309.52   8.75  0.11  7.57 283.68   8.19
20060802 150000  2.6 325.7  0.91 14.21 252.17  37.05  6  0.74 14.26 240.39  17.49  0.41  3.75 314.63  38.05  0.24  8.65 207.50  11.50  0.18  9.73 271.65   7.94  0.13 13.49 310.44   8.18  0.10  7.57 284.43   8.11
20060802 180000  4.8 228.3  1.21 13.30 260.31  26.72  6  0.83 12.42 269.60   8.45  0.64 13.91 237.27  12.76  0.48  4.56 292.69  31.91  0.29 18.04 231.51  10.06  0.20  8.44 205.68  10.25  0.14 13.45 310.11   8.30
20060802 210000  4.8 192.6  1.69 12.23 264.56  20.80  4  1.64 12.21 265.88  19.16  0.32 17.94 231.14  10.17  0.14  8.30 201.98   8.12  0.14 13.26 310.62   7.55
20060803 000000  6.3 181.0  1.99 11.77 265.82  21.56  3  1.83 11.69 271.16  18.59  0.68 13.85 238.78  11.79  0.39 17.37 229.73   9.14
20060803 030000  4.8 159.7  2.04 11.47 266.86  23.24  4  1.85 11.29 272.84  19.94  0.73 13.72 238.26  11.90  0.42 17.21 231.68   9.65  0.17 13.15 307.93   8.46
20060803 060000  3.5 153.9  1.95 11.08 267.95  23.53  5  1.75 11.01 275.35  18.98  0.73 13.66 237.24  12.06  0.39 16.97 231.73  10.43  0.24 20.80 234.50   8.13  0.12 12.72 311.77   6.33
20060803 090000  2.8 128.7  1.85 10.90 268.23  23.76  6  1.61 10.84 277.55  17.35  0.68 13.57 238.52  10.81  0.46 16.40 228.37   8.55  0.32 20.44 233.82   8.69  0.18 15.81 272.88   9.61  0.13 12.71 311.88   6.16
20060803 120000  2.6  99.4  1.78 10.72 267.42  24.37  6  1.49 10.65 279.32  15.97  0.66 13.40 239.38  11.67  0.49 15.77 228.14   7.37  0.44 19.72 233.78   8.70  0.23 15.64 268.90  11.56  0.12 12.70 311.87   6.13
20060803 150000  1.0 223.4  1.75 10.44 266.10  24.71  5  1.44 10.31 279.72  14.91  0.74 13.46 237.24  11.73  0.50 19.29 233.74   8.88  0.41 15.86 230.13   7.32  0.14 12.57 310.97   6.85
20060803 180000  3.9 262.7  1.77 18.95 264.62  24.74  6  1.34 10.25 280.11  15.71  0.75 13.37 237.33  11.40  0.65 18.96 233.74   8.99  0.49 13.06 270.69   8.03  0.27 15.51 229.89   5.00  0.15 12.69 309.15   7.74
20060803 210000  3.4 331.3  1.79 12.63 263.21  24.77  4  1.25 10.29 280.20  17.13  0.83 13.07 237.20  11.25  0.69 18.49 234.13   8.96  0.68 12.21 274.37  10.47
20060804 000000  4.5   7.0  1.81 17.98 262.14  25.27  4  1.38 11.68 279.81  15.37  0.88 12.93 237.71  11.45  0.75 18.02 234.35   8.80  0.15 12.11 312.54   6.42
20060804 030000  4.8  26.1  1.81 17.80 261.42  26.47  4  1.36 11.53 280.15  18.29  0.85 13.07 237.76  11.09  0.83 17.81 234.85   9.26  0.17 11.89 310.41   7.37
20060804 060000  3.7   3.4  1.83 17.44 260.17  26.90  4  1.34 11.28 280.50  20.01  0.92 17.44 235.40   9.26  0.84 13.19 238.88  11.52  0.13 11.92 312.28   6.24
20060804 090000  1.0 314.4  1.88 16.88 258.22  25.36  4  1.43 11.08 274.31  20.45  1.04 16.88 235.41   9.04  0.61 13.24 236.12  10.91  0.15 11.80 311.56   6.27
20060804 120000  6.1 175.3  1.96 16.67 255.30  25.42  4  1.61 11.19 264.67  25.07  1.10 16.67 235.44   8.82  0.15 11.84 309.88   7.66  0.08 15.48 305.34   9.93
20060804 150000  7.9 168.5  2.13 16.22 250.31  28.54  5  0.56  3.17 175.96  32.71  1.65 11.27 264.16  20.02  1.22 16.24 235.07   9.04  0.15 11.82 310.30   7.18  0.07 15.51 308.02   8.76
20060804 180000  9.3 189.0  2.33 15.70 246.87  28.20  4  0.80  3.80 192.26  31.70  1.77 11.66 261.81  19.07  1.29 15.71 235.51   9.34  0.07 15.59 307.11  10.34
20060804 210000 10.7 189.7  2.55 15.49 243.08  28.40  3  1.12  4.51 202.34  31.48  1.71 11.56 262.25  18.07  1.52 15.50 237.72  10.54
20060805 000000  8.4 196.1  2.67 15.10 241.35  28.02  2  1.22  4.96 203.20  32.21  2.37 15.10 249.69  18.44
20060805 030000 10.8 184.1  2.80 14.60 239.17  28.42  2  1.32  5.07 199.66  30.89  2.47 14.60 248.58  17.74
20060805 060000  9.5 180.6  2.88 14.60 239.67  27.44  2  1.35  5.39 202.35  31.74  2.55 14.60 248.28  17.16
20060805 090000  7.3 176.3  2.90 14.70 242.30  25.03  1  2.90 14.70 242.30  25.03
20060805 120000  5.9 170.1  2.87 14.49 244.48  22.88  1  2.87 14.49 244.48  22.88
20060805 150000  4.8 202.9  2.79 14.28 245.87  20.75  2  2.79 14.27 245.81  20.66  0.09 14.51 311.84   6.80
20060805 180000  5.4 199.8  2.66 14.09 246.26  19.53  2  2.66 14.09 246.16  19.39  0.11 14.50 308.47   9.18
20060805 210000  7.0 201.1  2.56 13.77 245.55  19.66  2  2.55 13.77 245.44  19.50  0.11 14.40 308.36   8.82
20060806 000000  2.4 246.2  2.43 13.59 245.44  19.38  2  2.43 13.58 245.29  19.14  0.13 14.09 308.66   8.60
20060806 030000  4.0 213.3  2.31 13.46 245.60  18.65  3  2.31 13.46 245.34  18.20  0.14 13.64 308.25   9.00  0.09 11.04 311.46   6.51
20060806 060000  1.1 225.0  2.21 13.38 245.55  18.17  3  2.20 13.37 245.24  17.63  0.15 13.65 307.54   9.90  0.08 11.03 311.52   6.56
20060806 090000  3.1 328.2  2.11 13.33 245.79  18.62  3  2.10 13.33 245.42  18.02  0.16 13.60 305.15  11.54  0.08 11.01 311.60   6.63
20060806 120000  6.6 344.8  2.02 13.29 246.38  20.66  3  2.01 13.28 245.98  20.11  0.15 13.63 305.81  10.91  0.08 10.99 311.70   6.70
20060806 150000  4.8 326.7  1.94 13.17 247.66  23.40  3  1.93 13.14 247.24  22.92  0.16 13.62 306.24  10.39  0.07 10.81 312.33   7.14
20060806 180000  3.7   4.0  1.86 12.91 248.73  24.87  2  1.85 12.88 248.24  24.38  0.18 13.60 307.56   9.91
20060806 210000  4.4 344.0  1.93 12.98 249.31  25.46  3  1.92 12.95 248.84  25.01  0.16 13.54 307.24  10.13  0.07 10.58 311.54   6.58
20060807 000000  5.0 356.2  2.24 13.85 248.16  22.92  2  2.24 13.95 247.80  22.51  0.18 13.37 307.47  10.08
20060807 030000  1.3  19.0  2.54 13.35 247.52  20.76  2  2.53 13.35 247.26  20.41  0.18 12.99 307.47  10.47
20060807 060000  5.5 194.4  2.75 13.32 245.76  19.63  2  2.75 13.33 245.56  19.32  0.17 12.81 308.41   9.28
20060807 090000  8.1 180.0  3.09 13.35 241.31  20.64  2  3.09 13.36 241.16  20.40  0.16 12.77 308.61   8.95
20060807 120000  8.5 167.7  3.46 13.39 237.02  21.67  2  3.45 13.39 236.91  21.49  0.15 12.77 308.09   9.14
20060807 150000  7.7 192.3  3.66 13.42 234.52  21.57  1  3.66 13.42 234.52  21.57
20060807 180000  8.3 195.9  3.69 13.52 233.16  21.46  1  3.69 13.52 233.16  21.46
20060807 210000  9.0 203.4  3.59 13.48 232.38  21.86  1  3.59 13.48 232.38  21.86
20060808 000000  7.5 202.0  3.37 13.26 232.40  22.36  1  3.37 13.26 232.40  22.36
20060808 030000  6.9 201.6  3.10 12.79 232.74  22.80  1  3.10 12.79 232.74  22.80
20060808 060000  3.3 207.9  2.83 12.46 233.72  22.91  2  2.82 12.46 233.58  22.70  0.13 12.55 308.53   9.32
20060808 090000  2.5 264.1  2.56 12.12 234.90  23.04  2  2.56 12.12 234.74  22.78  0.13 12.43 308.66   9.31
20060808 120000  6.7 345.1  2.32 11.82 237.00  24.91  2  2.21 11.93 233.48  23.24  0.69 10.98 272.97   9.84
20060808 150000  8.6 352.2  2.16 11.63 243.92  33.16  2  2.01 11.71 239.23  33.70  0.80 10.45 269.59  10.99
20060808 180000 12.0 334.8  2.33 11.39 267.47  44.34  3  1.33  5.05 327.51  29.24  1.75 11.58 238.51  23.25  0.76 10.74 268.71  11.38
20060808 210000 10.6 330.9  2.82 11.07 270.27  39.29  1  2.82 11.07 270.27  39.29
20060809 000000 11.1 348.5  3.08 10.99 263.75  36.94  1  3.08 10.99 263.75  36.94
20060809 030000  7.9 341.9  3.06 11.15 260.95  34.40  2  3.06 11.15 260.96  34.40  0.06 22.12 233.54   7.76
20060809 060000  5.2 282.6  2.98 11.17 258.48  30.23  2  2.98 11.17 258.51  30.23  0.10 21.74 234.14   7.98
20060809 090000  3.1 252.1  2.94 11.14 257.14  26.75  2  2.94 11.14 257.21  26.76  0.16 20.88 234.51   7.83
20060809 120000  0.9 122.5  2.94 11.15 256.25  24.60  2  2.93 11.15 256.39  24.61  0.23 20.42 234.77   8.05
20060809 150000  4.9 109.1  2.96 11.25 254.73  23.14  2  2.94 11.25 254.98  23.17  0.32 19.89 235.21   7.86
20060809 180000  3.7 170.9  2.99 11.47 252.50  22.20  2  2.96 11.47 252.87  22.27  0.42 19.17 235.50   7.84
20060809 210000  6.0 196.6  3.07 11.78 249.75  21.31  2  3.02 11.78 250.27  21.45  0.57 18.71 235.46   8.40
20060810 000000  7.4 199.2  3.21 12.02 246.04  21.36  2  3.13 12.02 246.71  21.60  0.71 17.97 233.85  10.12
20060810 030000  6.7 170.9  3.42 13.23 241.23  21.80  3  2.97 12.33 246.42  22.14  1.52 15.17 223.08  10.49  0.76 17.66 238.55   5.70
20060810 060000  5.8 182.2  3.61 13.72 237.91  20.99  3  2.57 14.21 222.19  13.48  2.31 12.99 257.36  13.39  1.02 16.74 238.82   5.91
20060810 090000  4.5 148.1  3.59 13.48 236.82  20.10  3  2.37 13.60 220.82  11.56  2.24 13.13 254.70  16.26  1.49 16.21 237.80   9.20
20060810 120000  3.9 114.2  3.42 13.29 236.82  19.27  3  2.28 13.11 251.16  16.00  1.97 13.37 218.48  10.02  1.62 15.65 236.17  11.21
20060810 150000  3.1 179.2  3.19 12.92 237.10  18.60  3  2.13 12.54 250.76  15.57  1.72 12.92 218.06   8.77  1.64 15.43 235.54  11.01
20060810 180000  3.2 186.5  2.93 12.71 237.29  18.45  2  2.56 12.71 237.49  20.27  1.43 15.06 236.66  10.57
20060810 210000  1.8  57.2  2.67 12.61 237.78  18.21  2  2.18 12.05 238.58  21.15  1.55 14.58 236.29   9.96
20060811 000000  4.9 343.6  2.48 14.26 238.87  19.87  1  2.48 14.26 238.87  19.87
20060811 030000  6.4   0.4  2.50 14.09 240.63  22.84  2  2.00 11.61 244.41  26.73  1.49 14.09 234.47  10.78
20060811 060000  6.4   3.0  2.65 13.44 241.54  24.49  2  2.33 11.99 244.47  26.49  1.26 13.90 232.38  12.08
20060811 090000  5.2   0.8  2.73 13.33 241.44  23.63  2  2.15 10.88 248.44  26.10  1.67 13.33 230.73  13.08
20060811 120000  5.3 329.3  2.75 13.28 241.18  23.23  2  2.75 13.28 241.17  23.24  0.10 19.30 247.88   7.49
20060811 150000  4.7 299.4  2.79 13.20 240.63  22.88  2  2.79 13.20 240.60  22.90  0.16 18.92 250.80   8.62
20060811 180000  5.4 256.5  2.85 12.90 239.34  22.28  2  2.84 12.90 239.28  22.32  0.22 18.16 249.55   8.38
20060811 210000  1.0 286.2  2.94 12.76 237.40  21.51  2  2.92 12.76 237.26  21.57  0.29 17.77 251.07   6.88
20060812 000000  1.3   3.5  3.08 12.75 235.62  20.52  2  3.07 12.75 235.42  20.56  0.33 17.60 252.22   5.95
20060812 030000  0.7   9.5  3.22 12.77 235.15  19.78  2  3.17 12.77 234.65  19.79  0.52 16.68 252.77   8.30
20060812 060000  2.9 218.9  3.29 12.80 235.54  19.34  2  3.24 12.80 234.96  19.33  0.57 16.63 253.24   7.95
20060812 090000  3.8 175.9  3.36 12.87 235.98  18.92  1  3.36 12.87 235.98  18.92
20060812 120000  4.1 134.7  3.46 12.97 236.43  18.27  2  3.24 12.97 235.60  18.90  1.21 16.21 242.12  11.42
20060812 150000  1.1 185.3  3.57 13.03 236.97  17.22  2  2.98 13.03 236.91  19.11  1.96 15.36 237.11  11.75
20060812 180000  4.7 183.8  3.60 14.29 237.28  16.59  1  3.60 14.29 237.28  16.59
20060812 210000  4.9 192.4  3.59 14.39 237.47  16.05  1  3.59 14.39 237.47  16.05
20060813 000000  3.0 139.6  3.51 14.42 237.56  15.69  1  3.51 14.42 237.56  15.69
20060813 030000  1.1 200.8  3.40 14.40 237.57  15.20  1  3.40 14.40 237.57  15.20
20060813 060000  2.3 309.5  3.30 14.35 237.32  14.88  1  3.30 14.35 237.32  14.88
20060813 090000  3.6 295.1  3.21 14.32 237.02  15.17  2  3.04 14.32 238.22  15.38  1.04 17.96 227.10   8.24
20060813 120000  2.7 307.6  3.11 14.36 236.51  14.98  2  2.79 14.36 238.39  15.72  1.37 17.39 228.94   7.74
20060813 150000  3.8 265.5  3.10 14.42 236.54  15.12  2  2.57 14.15 239.88  16.35  1.74 16.51 229.42   8.35
20060813 180000  6.5 234.7  3.35 14.48 237.55  15.67  1  3.35 14.48 237.55  15.67
20060813 210000  5.3 211.6  3.88 14.33 238.22  16.28  1  3.88 14.33 238.22  16.28
20060814 000000  6.9 193.0  4.18 13.79 238.33  17.30  1  4.18 13.79 238.33  17.30
20060814 030000  7.9 178.4  4.12 13.49 237.68  18.92  1  4.12 13.49 237.68  18.92
20060814 060000  8.3 194.7  3.92 13.01 236.45  19.66  2  3.66 13.01 238.12  20.17  1.39 15.64 225.33  10.39
20060814 090000  9.7 181.6  3.78 12.71 233.51  21.42  1  3.78 12.71 233.51  21.42
20060814 120000  9.4 166.3  3.62 12.26 230.58  23.13  1  3.62 12.26 230.58  23.13
20060814 150000 10.3 180.2  3.40 14.16 228.48  23.76  1  3.40 14.16 228.48  23.76
20060814 180000 11.1 188.8  3.22 14.09 226.13  24.37  1  3.22 14.09 226.13  24.37
20060814 210000 12.5 198.0  3.11 13.48 224.32  24.27  1  3.11 13.48 224.32  24.27
20060815 000000 12.2 186.6  3.10 13.37 221.71  25.60  3  2.20  6.88 212.70  30.43  2.17 13.37 229.99  15.81  0.27 16.73 218.51   6.96
20060815 030000 12.0 187.5  3.01 13.30 220.20  26.34  3  2.20  7.38 210.60  30.31  2.03 13.30 230.38  15.81  0.30 16.66 217.22   7.39
20060815 060000  9.8 186.4  2.82 13.13 220.52  26.20  2  2.78 13.13 220.52  26.51  0.46 15.81 220.69   9.32
20060815 090000  8.8 180.5  2.61 12.54 221.67  25.47  3  2.08  8.29 216.90  29.39  1.48 12.54 230.63  13.85  0.57 15.50 217.97   8.86
20060815 120000  7.5 180.4  2.41 12.48 223.41  24.08  3  1.86  8.30 220.06  28.70  1.31 12.37 231.25  14.33  0.82 14.35 219.18   8.19
20060815 150000  9.1 189.9  2.35 12.54 222.70  23.39  3  1.73  8.19 218.22  28.03  1.42 12.54 229.67  15.24  0.72 14.71 219.41   9.34
20060815 180000  8.9 200.9  2.43 13.16 222.16  22.40  1  2.43 13.16 222.16  22.40
20060815 210000  9.5 206.5  2.56 13.31 222.44  21.45  1  2.56 13.31 222.44  21.45
20060816 000000  9.0 192.8  2.59 13.13 222.00  21.52  2  2.17  9.38 223.11  24.85  1.41 13.16 219.58   9.40
20060816 030000  7.9 179.0  2.51 12.70 221.12  21.87  2  1.96  8.78 222.00  26.65  1.56 12.71 219.84  10.39
20060816 060000  6.3 156.2  2.34 12.58 221.17  21.38  1  2.34 12.58 221.17  21.38
20060816 090000  5.7 153.4  2.17 12.53 221.32  20.54  1  2.17 12.53 221.32  20.54
20060816 120000  7.7 153.4  2.04 12.49 220.28  21.58  1  2.04 12.49 220.28  21.58
20060816 150000  5.8 181.3  1.90 12.37 220.11  20.79  1  1.90 12.37 220.11  20.79
20060816 180000  8.4 194.2  1.81 12.04 219.71  19.98  1  1.81 12.04 219.71  19.98
20060816 210000  9.3 198.5  1.77 11.88 218.73  20.91  2  1.77 11.88 218.72  20.92  0.06 19.45 229.60   9.31
20060817 000000  9.5 191.6  1.78 11.80 216.84  23.53  3  1.29  5.21 212.03  29.30  1.23 11.80 221.52  13.26  0.09 19.12 227.72   9.04
20060817 030000  9.5 174.6  1.76 11.81 214.66  26.69  3  1.39  5.56 209.46  31.23  1.07 11.81 222.07  13.28  0.14 18.77 225.34   9.70
20060817 060000  9.4 156.5  1.64 12.28 212.12  31.09  3  1.32  5.72 205.12  36.10  0.95 12.28 222.44  12.98  0.21 18.14 223.56   9.69
20060817 090000  7.5 155.5  1.51 12.31 213.64  31.09  5  1.11  5.59 202.14  37.84  0.96 12.31 224.10  12.34  0.31 17.82 223.53   9.34  0.13  9.69 261.19   6.42  0.12 22.02 211.08   5.32
20060817 120000  7.8 161.3  1.54 11.99 215.30  29.74  4  0.98  5.42 195.50  38.12  1.09 11.99 227.00  13.16  0.43 17.29 222.74   9.68  0.21 21.45 212.03   5.29
20060817 150000  7.9 162.0  1.72 12.45 217.76  26.93  5  0.95  5.41 192.21  36.55  0.95 10.78 231.37  14.39  0.84 12.69 224.98   9.42  0.59 16.81 222.05   9.10  0.32 20.63 211.16   6.45
20060817 180000  9.5 192.0  1.99 12.64 220.00  22.87  3  1.76 12.64 220.54  25.36  0.80 16.44 220.60   9.51  0.48 20.12 211.78   5.84
20060817 210000 10.9 187.3  2.39 15.69 219.60  22.50  4  1.49  5.54 210.33  30.61  1.52 12.52 228.67  12.37  0.85 15.80 221.13   9.90  0.70 19.14 211.81   6.14
20060818 000000  9.6 182.7  2.57 15.44 220.63  21.91  4  1.62  6.40 215.95  30.77  1.47 12.23 228.44  11.86  1.07 15.44 221.15   9.55  0.81 18.40 210.63   5.96
20060818 030000  7.4 163.9  2.61 14.76 221.56  20.87  4  1.57  6.95 219.80  30.77  1.48 11.82 227.45  12.03  1.14 14.83 221.50   9.89  0.95 17.95 211.66   6.49
20060818 060000  5.0 153.7  2.58 14.51 222.50  19.20  4  1.43  7.26 222.93  29.26  1.39 11.52 228.20  12.89  1.32 14.51 222.54   9.59  0.99 17.29 210.62   6.08
20060818 090000  5.1 135.7  2.53 14.36 222.74  17.93  3  1.92 11.31 226.54  21.18  1.20 16.38 213.32   8.52  1.12 14.11 222.97   9.51
20060818 120000  4.6 159.9  2.45 15.53 222.61  17.16  3  1.78 11.43 227.13  20.51  1.30 15.79 213.88   7.64  1.07 13.38 223.53  11.24
20060818 150000  3.9 164.2  2.38 15.44 222.36  16.64  1  2.38 15.44 222.36  16.64
20060818 180000  5.8 217.6  2.30 15.21 222.46  15.87  1  2.30 15.21 222.46  15.87
20060818 210000  7.4 192.9  2.28 14.74 221.76  16.92  2  1.67 10.86 225.72  20.05  1.55 14.74 217.35  10.74
20060819 000000  7.9 194.5  2.26 14.55 221.05  18.42  2  1.71 10.80 224.22  22.12  1.49 14.55 217.13  10.73
20060819 030000  6.6 161.7  2.25 14.32 220.98  19.68  2  1.66 10.17 223.51  24.30  1.52 14.32 218.17  11.34
20060819 060000  6.2 135.1  2.21 14.03 221.33  21.33  3  1.48 14.03 218.75  11.87  1.46  7.77 221.94  28.78  0.76 10.07 229.03  13.58
20060819 090000  6.1 134.4  2.17 13.99 221.75  21.87  3  1.51 13.99 220.18  12.79  1.50  7.82 223.75  28.58  0.40  9.79 218.76   8.44
20060819 120000  7.2 161.4  2.11 14.12 221.17  22.80  2  1.54 14.12 221.30  13.11  1.45  7.79 221.00  30.23
20060819 150000  6.9 161.8  2.05 13.88 220.49  22.90  2  1.49 13.88 222.13  13.43  1.41  7.62 218.42  30.05
20060819 180000  9.3 193.3  2.04 13.54 219.80  22.19  2  1.40  7.40 214.91  28.00  1.48 13.54 223.77  14.03
20060819 210000 11.1 194.5  2.19 13.38 218.50  22.86  2  1.67  6.75 213.82  26.66  1.42 13.38 224.49  14.11
20060820 000000 10.0 174.4  2.22 13.23 217.82  25.28  2  1.78  6.63 213.70  29.11  1.33 13.23 224.51  13.86
20060820 030000  8.9 157.6  2.17 12.92 217.74  27.05  3  1.73  6.84 212.41  31.30  1.09 13.30 218.59   9.89  0.73 12.47 241.89   6.92
20060820 060000  8.0 149.2  2.09 12.67 219.35  26.89  3  1.59  7.01 212.86  32.06  1.09 12.55 235.56   8.96  0.81 12.86 211.83   6.54
20060820 090000  6.5 144.4  2.00 12.49 221.15  25.67  3  1.43  7.03 213.24  31.69  1.16 12.36 235.81   9.16  0.77 12.63 211.57   5.91
20060820 120000  5.2 167.5  1.87 12.29 223.40  23.63  3  1.30 11.85 234.04  12.79  1.18  6.96 212.53  30.39  0.65 12.64 212.86   6.41
20060820 150000  4.3 161.0  1.76 11.89 225.15  21.77  4  1.26 11.65 236.89  11.31  0.95  6.73 210.29  29.21  0.77 11.99 213.83   7.43  0.06 22.93 226.15   8.20
20060820 180000  7.0 198.9  1.67 11.73 225.95  20.72  4  1.47 11.42 228.89  22.20  0.76 11.88 215.47   8.06  0.13 15.80 228.49   8.85  0.09 22.53 227.27   8.55
20060820 210000  6.1 191.7  1.62 11.62 225.67  21.36  4  1.48 11.65 227.94  22.50  0.64 11.55 213.88   7.62  0.15 15.64 229.74   8.95  0.12 21.89 228.45   8.50
20060821 000000  6.0 182.8  1.56 11.44 226.20  21.67  3  1.47 11.07 228.00  22.25  0.50 11.72 211.14   6.23  0.16 21.72 229.44   8.87
20060821 030000  3.6 146.4  1.49 11.13 227.17  21.52  5  1.04  7.22 220.48  24.49  0.84 11.05 242.36  10.99  0.58 11.23 214.50   8.13  0.22 21.20 231.17   9.78  0.18 15.06 231.97   8.41
20060821 060000  2.4 119.4  1.42 11.01 228.23  21.06  5  1.01  7.23 223.33  24.18  0.74 10.94 243.49  10.19  0.56 11.07 214.60   8.16  0.29 20.67 231.32   9.09  0.22 14.91 233.63  10.73
20060821 090000  4.7  82.3  1.36 10.90 228.89  21.94  5  0.96  7.15 224.22  25.85  0.68 10.92 243.73  11.02  0.49 10.82 212.63   7.94  0.38 20.39 231.96   9.08  0.29 14.72 235.76  10.83
20060821 120000  4.4  74.8  1.34 10.72 228.81  27.45  5  0.89  7.13 221.88  36.14  0.63 10.38 246.19  10.47  0.51 10.87 213.47   9.04  0.49 19.79 232.78   9.43  0.31 14.45 235.79  10.84
20060821 150000  1.1 113.2  1.34 19.37 229.83  23.90  5  0.81  7.15 222.62  32.18  0.62 19.37 234.23   9.90  0.59 10.23 248.26  10.05  0.53 10.83 213.82  10.94  0.36 14.14 234.25   9.75
20060821 180000  2.6 225.0  1.37 18.96 230.75  20.72  5  0.77  7.23 223.43  26.96  0.73 18.96 234.50  10.07  0.56 10.26 249.55  10.17  0.52 10.30 213.68  11.90  0.39 14.05 236.15  10.82
20060821 210000  2.9 199.9  1.43 18.42 231.43  18.62  4  0.94 18.42 235.07  10.16  0.78  7.69 224.14  22.53  0.56  9.76 249.21  11.89  0.47 10.21 209.62   9.68
20060822 000000  3.2 196.8  1.48 18.02 231.53  18.41  5  0.93 18.02 235.27  10.06  0.78  7.67 221.12  21.71  0.60  9.73 249.43  12.83  0.42  9.30 208.44   9.09  0.42 13.40 234.38   9.38
20060822 030000  3.6 130.7  1.50 17.62 232.22  17.93  4  1.01 17.62 235.59  10.35  0.87  7.96 217.93  19.08  0.54  9.52 254.01  11.18  0.45 13.36 235.52   9.05
20060822 060000  4.0 126.3  1.55 17.20 232.24  20.41  3  1.19 17.20 236.12  10.44  0.88  8.28 216.93  25.64  0.45 10.84 258.69   9.31
20060822 090000  4.6 109.3  1.58 16.76 232.70  21.51  3  1.26 16.76 236.71  10.47  0.85  8.23 214.72  28.63  0.45 10.64 259.63  10.42
20060822 120000  2.6 164.8  1.63 16.47 233.63  20.81  3  1.34 16.47 237.45  10.61  0.83  8.07 214.53  28.16  0.41 10.55 262.52   9.73
20060822 150000  3.6 116.0  1.68 16.03 234.53  19.05  3  1.44 16.03 237.96  10.81  0.80  7.81 214.95  25.33  0.37 10.38 265.94   8.94
20060822 180000  5.4 239.0  1.74 15.57 235.39  17.24  3  1.51 15.57 238.43  10.78  0.79  7.66 216.44  20.94  0.37 10.26 266.22   9.35
20060822 210000  6.5 217.9  1.81 15.32 235.47  17.19  3  0.86  7.39 218.65  21.29  1.56 15.32 238.91  10.97  0.33  9.98 267.60   9.28
20060823 000000  3.9 242.6  1.83 14.88 235.39  17.53  3  1.59 14.88 238.80  11.10  0.86  7.23 218.11  22.47  0.33  9.76 267.81   9.15
20060823 030000  2.7 176.9  1.80 14.48 235.71  17.34  3  1.61 14.48 239.91  12.60  0.81  7.04 218.22  22.58  0.09 21.99 232.50   7.65
20060823 060000  3.3 147.3  1.74 14.28 236.02  17.21  3  1.57 14.28 239.99  12.88  0.74  6.88 217.44  22.44  0.19 21.49 232.00   7.94
20060823 090000  3.1 104.2  1.70 14.04 236.00  16.96  4  1.52 14.04 239.94  13.10  0.68  6.74 216.74  22.34  0.28 20.65 232.10   8.34  0.22 18.10 226.37   8.58
20060823 120000  2.2  71.6  1.71 13.57 235.17  18.60  3  1.46 13.57 239.65  13.36  0.63  6.53 213.13  30.88  0.63 19.90 230.21   9.40
20060823 150000  0.4  87.8  1.79 13.38 234.22  16.29  3  1.41 13.38 239.03  13.50  0.93 18.99 230.20   9.69  0.59  6.40 214.95  25.87
20060823 180000  4.8 225.3  2.00 18.41 233.08  14.56  3  0.60  6.30 217.09  22.53  1.35 13.33 238.74  13.69  1.35 18.41 230.43   9.65
20060823 210000  5.2 222.1  2.25 17.70 232.35  13.52  3  0.64  6.28 218.98  21.74  1.81 17.70 230.45   9.58  1.19 12.74 240.52  13.79
20060824 000000  1.8 200.1  2.46 17.28 232.06  13.05  2  2.37 17.28 232.99  11.57  0.64  6.32 218.47  21.97
20060824 030000  4.1 230.0  2.60 16.62 232.26  12.65  2  2.52 16.62 233.04  11.42  0.62  6.33 218.74  21.65
20060824 060000  3.8 181.6  2.68 16.36 232.59  12.46  2  2.61 16.36 233.29  11.34  0.59  6.26 217.90  21.68
20060824 090000  1.7 157.0  2.73 15.86 233.02  12.26  3  2.66 15.86 233.34  10.64  0.55  6.16 217.84  21.56  0.22  8.54 280.98  12.77
20060824 120000  2.1 153.8  2.74 15.58 233.46  12.10  2  2.69 15.58 233.97  11.32  0.50  6.08 217.96  21.07
20060824 150000  0.7 358.8  2.71 15.45 233.87  12.06  2  2.68 15.45 234.31  11.42  0.45  6.01 217.84  20.65
20060824 180000  5.4 281.0  2.68 15.36 234.64  13.09  2  0.47  5.94 234.58  36.18  2.63 15.36 234.64  11.64
20060824 210000  0.6 251.3  2.63 15.29 235.01  13.44  2  2.59 15.29 234.91  11.88  0.44  5.96 239.43  38.81
20060825 000000  1.5 209.8  2.59 15.16 235.14  13.40  1  2.59 15.16 235.14  13.40
20060825 030000  2.0 156.7  2.54 14.81 235.25  13.30  1  2.54 14.81 235.25  13.30
20060825 060000  1.0 311.7  2.49 14.60 235.35  13.19  1  2.49 14.60 235.35  13.19
20060825 090000  1.3 197.0  2.43 14.51 235.46  13.14  2  2.20 14.46 237.37  12.95  1.04 16.69 226.89  10.30
20060825 120000  2.7   3.9  2.38 14.47 235.57  13.15  1  2.38 14.47 235.57  13.15
20060825 150000  2.2 289.0  2.32 14.33 235.70  13.32  1  2.32 14.33 235.70  13.32
20060825 180000  4.7 251.6  2.27 14.05 236.09  14.10  1  2.27 14.05 236.09  14.10
20060825 210000  4.4 244.0  2.22 13.90 236.33  14.57  1  2.22 13.90 236.33  14.57
20060826 000000  2.3 286.7  2.16 13.79 236.47  14.90  1  2.16 13.79 236.47  14.90
20060826 030000  1.2 336.9  2.09 13.65 236.47  15.05  1  2.09 13.65 236.47  15.05
20060826 060000  2.2 193.1  2.00 13.50 236.41  15.14  2  1.99 13.50 235.58  13.01  0.25  6.46 301.04  15.88
20060826 090000  4.2 177.0  1.92 13.39 235.85  16.04  2  1.91 13.39 235.22  14.51  0.21  6.36 304.19  12.23
20060826 120000  6.0 178.4  1.84 13.33 234.93  17.48  2  1.82 13.33 234.16  15.84  0.22  6.29 301.52  13.97
20060826 150000  4.0 185.5  1.75 13.20 234.23  18.17  2  1.74 13.20 233.56  16.78  0.19  6.19 303.63  10.89
20060826 180000  8.5 210.8  1.74 12.94 232.45  18.61  3  0.55  3.07 209.13  30.26  1.64 12.94 234.07  13.59  0.17  6.06 303.46  10.47
20060826 210000 11.3 203.7  2.01 12.84 225.62  22.82  3  1.19  4.58 210.00  27.34  1.62 12.84 232.87  13.93  0.14  5.96 304.03   9.34
20060827 000000  9.6 189.1  2.28 12.80 222.14  24.47  3  1.84  6.12 214.85  26.71  1.35 12.80 234.31  11.20  0.08 11.68 316.52   7.73
20060827 030000  9.1 187.7  2.38 12.72 222.39  24.21  3  2.03  8.16 217.30  25.84  1.23 12.72 234.80  11.10  0.08 11.72 316.52   7.76
20060827 060000  7.1 176.6  2.39 12.52 223.49  23.03  3  2.07  8.67 219.47  24.38  1.19 12.52 234.66  11.79  0.08 11.74 316.42   8.10
20060827 090000  6.4 166.5  2.38  9.13 224.33  21.76  3  2.11  9.12 221.60  22.90  1.09 12.29 233.69  11.80  0.08 11.75 316.68   7.77
20060827 120000  5.9 167.6  2.32 11.88 224.54  21.06  3  2.06  9.43 221.76  22.02  1.08 12.12 233.90  12.45  0.07 11.75 316.39   8.18
20060827 150000  6.5 174.0  2.24 11.67 224.35  20.68  2  1.94  9.45 221.07  21.77  1.13 11.69 233.61  13.39
20060827 180000  9.8 202.3  2.26 11.50 222.37  21.12  2  1.93  9.38 218.38  22.37  1.17 11.60 232.77  12.33
20060827 210000 12.4 192.2  2.56 11.28 218.43  23.06  2  2.27  9.36 215.09  24.07  1.18 11.38 230.11  13.57
20060828 000000 10.1 185.5  2.67  9.00 217.51  24.82  2  2.42  9.00 214.40  25.86  1.13 11.49 230.90  12.56
20060828 030000  9.5 165.2  2.54  9.27 217.72  25.70  4  2.27  9.27 214.38  27.14  1.12 11.46 230.05  12.17  0.14 19.29 218.93   8.19  0.06 11.08 315.92   7.69
20060828 060000  7.3 160.1  2.30 10.87 218.52  25.49  4  1.99  9.36 215.36  27.76  1.12 11.26 227.47  13.20  0.26 18.54 217.39   7.87  0.06 11.06 315.95   7.71
20060828 090000  6.1 132.2  2.12 10.90 219.60  24.03  3  2.08 10.90 219.62  24.34  0.42 17.90 217.90   7.58  0.06 11.05 316.05   7.73
20060828 120000  5.8 157.7  2.11 10.83 220.54  21.29  3  2.01 10.82 220.88  22.04  0.65 17.52 216.94   8.11  0.06 11.04 316.18   7.74
20060828 150000  3.9 154.4  2.23 10.77 220.77  17.97  2  2.06 10.77 221.51  19.06  0.85 16.90 216.67   8.37
20060828 180000  4.0 228.9  2.33 10.72 220.49  15.51  2  2.04 10.72 221.54  16.98  1.13 16.40 217.16   8.27
20060828 210000  5.4 220.0  2.43 16.13 220.14  14.27  2  2.01 10.70 221.58  15.99  1.36 16.14 217.09   8.75
20060829 000000  2.5 263.8  2.51 15.59 219.85  13.66  2  1.94 10.71 221.21  15.97  1.59 15.60 217.88   8.87
20060829 030000  0.9  58.4  2.58 15.30 219.75  13.08  2  1.92 10.76 220.58  15.50  1.72 15.30 218.73   9.13
20060829 060000  2.8  33.0  2.61 15.16 219.79  12.58  2  1.85 10.90 220.20  14.87  1.83 15.17 219.38   9.68
20060829 090000  3.7  25.5  2.56 14.86 220.10  14.48  2  1.92 14.86 220.26   9.39  1.70 10.74 219.88  19.12
20060829 120000  5.5 352.8  2.49 14.56 220.61  15.47  1  2.49 14.56 220.61  15.47
20060829 150000  5.2 336.5  2.40 14.44 221.72  17.65  1  2.40 14.44 221.72  17.65
20060829 180000  5.4 315.2  2.31 14.36 223.05  19.46  1  2.31 14.36 223.05  19.46
20060829 210000  6.3 323.6  2.24 14.30 224.77  22.09  1  2.24 14.30 224.77  22.09
20060830 000000  6.6 353.1  2.17 14.23 226.51  25.97  2  0.59  3.77 325.00  32.13  2.09 14.23 222.64  11.29
20060830 030000  5.1 326.8  2.10 14.18 227.76  27.35  2  0.61  4.04 325.31  31.61  2.01 14.18 223.25  11.27
20060830 060000  3.8 337.4  2.04 14.22 228.08  26.43  2  0.57  4.19 325.08  29.71  1.96 14.22 223.84  11.32
20060830 090000  3.6 345.0  1.99 14.46 228.26  25.51  3  1.63 14.10 224.66  11.58  1.01 15.80 223.50  10.70  0.53  4.25 324.74  28.75
20060830 120000  5.5 356.0  1.97 14.53 228.60  25.65  2  0.53  4.25 326.61  29.83  1.90 14.53 224.76  11.40
20060830 150000  6.1 340.7  1.96 14.31 229.84  27.51  2  0.57  4.25 326.56  30.09  1.87 14.31 225.16  11.49
20060830 180000  6.5 310.5  1.97 14.20 232.05  29.73  2  0.67  4.32 318.32  31.30  1.85 14.20 225.42  11.47
20060830 210000  3.7 338.9  1.95 14.16 232.39  29.18  2  1.83 14.16 225.59  11.45  0.69  4.55 312.78  32.83
20060831 000000  3.8   1.9  1.95 14.10 231.82  27.88  2  1.84 14.10 225.63  11.39  0.66  4.70 310.10  33.52
20060831 030000  1.6 133.2  1.97 13.93 231.17  25.91  3  1.61 13.93 226.97  11.63  0.93 16.73 221.49   8.29  0.65  4.85 303.72  33.70
20060831 060000  3.0 178.5  1.98 15.79 230.62  23.77  2  1.88 15.79 225.71  10.87  0.63  4.98 297.14  33.48
20060831 090000  2.9 142.6  2.02 15.43 230.12  21.41  2  1.93 15.43 226.00  10.60  0.60  5.15 291.13  32.37
20060831 120000  2.0 336.3  2.07 15.11 229.69  19.87  1  2.07 15.11 229.69  19.87
20060831 150000  0.6 310.3  2.11 14.54 229.53  18.00  1  2.11 14.54 229.53  18.00
20060831 180000  2.1 196.3  2.12 14.61 229.39  16.75  1  2.12 14.61 229.39  16.75
20060831 210000  2.8 303.2  2.16 15.11 229.46  16.23  1  2.16 15.11 229.46  16.23
20060901 000000  5.4 252.0  2.25 14.86 229.96  16.82  1  2.25 14.86 229.96  16.82
