Date     Time   Uabs UDir  hs    tp    th     sp     np hs(i) tp(i) th(i)  sp(i)
19890301 000000  6.2 206.0  3.18 14.56 226.67  18.40  3  3.14 14.51 225.20  14.90  0.45 16.60 297.99  11.49  0.24 13.33 303.81  12.67
19890301 030000  5.3 194.4  3.31 15.81 225.40  17.91  3  3.28 14.89 224.04  14.43  0.46 16.48 298.87  10.20  0.23 13.18 305.02  13.13
19890301 060000  6.9 195.3  3.46 16.09 224.25  17.56  3  3.41 15.93 222.90  13.92  0.48 16.26 298.58  10.66  0.23 13.00 306.02  13.85
19890301 090000  6.2 192.1  3.55 15.92 223.32  17.36  3  3.51 15.92 222.00  13.66  0.49 15.92 298.72  11.32  0.22 12.91 307.85  12.86
19890301 120000  5.8 181.1  3.58 15.92 222.80  17.07  3  3.54 16.01 221.52  13.32  0.49 15.76 298.87  11.86  0.22 12.82 308.67  13.56
19890301 150000  5.6 217.3  3.58 16.01 222.54  16.73  3  3.54 16.16 221.33  13.04  0.47 15.66 298.95  11.93  0.23 12.75 310.02  14.22
19890301 180000  7.3 223.2  3.61 16.03 222.51  16.70  4  3.57 16.17 221.38  13.25  0.45 15.58 298.83  12.02  0.20 12.69 305.90  10.72  0.11 12.78 332.37   4.41
19890301 210000  7.0 209.0  3.60 15.89 222.41  17.03  4  3.56 16.02 221.29  13.70  0.45 15.50 299.07  11.57  0.18 12.63 305.19   9.94  0.13 12.80 331.22   4.85
19890302 000000  7.1 199.8  3.53 15.72 222.10  17.53  4  3.49 15.78 220.92  14.10  0.46 15.42 298.95  11.46  0.17 12.59 309.03  10.55  0.12 12.66 332.46   4.36
19890302 030000  6.0 195.9  3.43 15.59 221.90  17.93  4  3.40 15.62 220.66  14.36  0.46 15.34 299.03  11.51  0.16 12.53 309.77  10.88  0.13 12.59 332.40   4.74
19890302 060000  6.9 204.2  3.36 15.47 221.69  18.13  4  3.32 15.50 220.44  14.55  0.45 15.26 299.11  11.62  0.14 12.26 312.85   9.49  0.14 12.50 332.66   4.55
19890302 090000  5.9 190.8  3.27 15.36 221.49  18.32  3  3.24 15.37 220.28  14.84  0.44 15.13 299.42  11.58  0.18 12.11 325.95   9.90
19890302 120000  4.8 196.6  3.15 15.23 221.50  18.30  3  3.12 15.25 220.29  14.78  0.41 14.88 299.63  11.65  0.19 12.01 326.26   9.91
19890302 150000  4.3 257.5  3.00 15.02 221.76  18.37  3  2.97 15.06 220.48  14.57  0.41 14.68 300.17  11.57  0.18 11.87 329.20   7.51
19890302 180000  5.5 255.8  2.88 14.70 222.25  18.79  3  2.85 14.73 220.82  14.68  0.41 14.56 300.38  11.70  0.18 11.79 326.96  10.45
19890302 210000  3.2 235.2  2.78 14.55 222.39  19.08  3  2.74 14.56 220.80  14.54  0.42 14.49 300.36  11.54  0.19 11.78 325.00  12.31
19890303 000000  4.1 198.7  2.67 14.44 222.22  19.14  3  2.63 14.44 220.49  14.12  0.42 14.45 300.29  11.56  0.19 11.73 325.15  12.29
19890303 030000  5.4 215.1  2.55 14.34 221.96  19.24  3  2.51 14.33 220.12  13.83  0.41 14.42 300.39  11.62  0.18 11.64 327.07  10.48
19890303 060000  5.0 178.5  2.42 14.24 221.63  19.66  3  2.38 14.19 219.66  13.89  0.41 14.41 300.79  11.60  0.18 11.60 327.23  10.42
19890303 090000  4.6 194.6  2.29 14.11 221.61  20.05  4  2.24 14.02 219.49  13.78  0.40 14.39 301.39  11.49  0.18 11.58 327.06  10.37  0.14 20.38 214.08   4.53
19890303 120000  5.5 189.5  2.17 13.94 221.67  20.61  5  2.11 13.87 219.32  13.74  0.39 14.33 301.98  11.29  0.19 20.54 216.13   5.59  0.16 11.08 330.90   6.38  0.09 20.27 310.66  10.56
19890303 150000  6.0 218.9  2.05 13.85 221.91  21.19  3  2.01 13.82 219.26  13.61  0.42 14.03 306.12  14.48  0.10 20.27 311.51  10.02
19890303 180000  5.6 223.6  1.95 13.78 222.27  21.98  5  1.87 13.80 219.45  14.21  0.39 13.73 302.07  11.20  0.35 19.31 216.68   6.60  0.16 11.02 330.27   7.26  0.12 20.23 311.84   9.89
19890303 210000  4.6 213.8  1.84 13.74 222.65  22.83  6  1.68 13.80 219.48  14.60  0.61 18.71 217.97   8.40  0.35 13.62 300.06  11.25  0.16 15.53 311.10   5.65  0.15 10.91 330.87   6.91  0.14 19.98 309.87  10.72
19890304 000000  5.8 193.0  1.80 17.62 222.44  23.37  5  1.58 14.11 219.11  14.44  0.74 17.97 217.15   9.04  0.39 13.59 301.98  11.49  0.16 19.06 310.60  10.66  0.15 10.89 331.14   6.69
19890304 030000  7.4 194.5  1.87 17.51 221.43  23.73  4  1.81 17.49 217.75  14.09  0.40 13.60 302.45  11.35  0.18 18.95 311.28  10.56  0.14 10.74 332.51   5.15
19890304 060000  9.4 189.6  2.02 17.06 219.77  24.62  5  0.80  3.74 204.40  31.95  1.79 17.01 218.48   9.90  0.40 13.63 303.10  11.29  0.20 18.93 311.60  10.37  0.14 10.53 332.03   6.17
19890304 090000  7.7 175.0  2.20 16.42 220.14  24.87  5  0.85  4.14 198.92  35.05  1.97 16.42 220.10  11.09  0.40 13.68 303.77  10.77  0.20 18.85 312.18   9.83  0.13 10.43 332.01   6.27
19890304 120000  6.8 187.2  2.54 16.19 222.96  22.25  5  0.75  4.16 195.73  32.18  2.39 16.20 223.08  13.34  0.38 13.76 304.36  10.46  0.21 18.38 312.45   9.61  0.13 10.39 332.41   5.36
19890304 150000  7.3 203.3  3.00 14.97 224.72  19.93  3  2.96 15.16 223.38  16.34  0.38 13.97 307.98  12.57  0.24 17.85 313.22   8.89
19890304 180000  8.3 218.2  3.35 14.55 224.83  19.29  3  3.32 14.61 223.77  16.39  0.36 14.12 307.97  13.05  0.27 17.76 313.36   8.78
19890304 210000 10.1 209.5  3.53 14.08 223.99  20.00  3  3.50 14.07 223.05  17.54  0.34 14.09 308.69  12.54  0.29 17.70 312.78   9.52
19890305 000000 10.7 194.0  3.53 13.82 222.35  21.29  3  3.50 13.83 221.41  18.96  0.33 13.44 307.91  13.10  0.29 17.60 312.73   9.69
19890305 030000  8.6 191.6  3.43 13.70 221.37  21.98  3  3.40 13.72 220.36  19.53  0.33 13.31 307.89  12.85  0.30 17.10 312.96   9.52
19890305 060000  6.4 193.1  3.26 13.53 221.66  21.97  3  3.23 13.59 220.49  19.08  0.32 13.31 307.99  12.59  0.32 16.72 313.62   9.09
19890305 090000  4.8 198.1  3.06 13.11 222.21  21.91  3  3.02 13.08 220.83  18.39  0.33 16.63 314.05   8.73  0.32 13.34 308.29  12.57
19890305 120000  6.3 189.6  2.85 13.51 222.68  22.08  5  2.81 14.09 221.06  17.94  0.35 16.58 314.03   8.90  0.29 13.36 306.29  10.07  0.11 24.76 220.54   6.63  0.09 10.39 332.51   4.95
19890305 150000  6.3 207.9  2.67 13.60 223.09  22.35  5  2.63 13.92 221.25  17.68  0.36 16.51 313.82   9.08  0.28 13.36 306.76   9.96  0.21 23.45 220.30   6.70  0.09 10.28 332.89   4.79
19890305 180000 11.4 213.1  2.75 13.50 222.47  22.68  5  2.68 13.55 220.75  18.50  0.37 16.33 313.22   9.39  0.37 22.43 220.36   6.69  0.27 13.34 307.47   9.50  0.09 10.25 332.82   4.90
19890305 210000 13.4 204.2  3.32 13.42 219.88  23.77  5  3.23 13.44 218.64  21.30  0.57 21.67 220.39   6.77  0.38 15.76 313.17   9.38  0.25 13.29 307.50   9.39  0.08 10.20 332.86   4.79
19890306 000000 12.2 196.2  3.58  8.60 218.01  25.02  4  3.46  8.59 216.83  23.32  0.78 20.55 220.44   7.00  0.38 15.59 313.39   9.10  0.25 13.13 309.93  11.79
19890306 030000 10.6 191.1  3.54  8.79 217.66  24.80  5  2.94  8.79 215.26  26.15  1.63 13.58 219.34   9.45  1.00 19.85 220.61   7.20  0.38 15.53 313.62   8.93  0.24 12.81 310.31  11.84
19890306 060000  9.3 184.0  3.45 19.04 218.49  23.51  4  2.56  8.71 214.17  26.21  1.90 13.99 221.49  10.69  1.22 19.05 220.87   7.39  0.45 15.49 312.95   9.95
19890306 090000  8.5 182.1  3.48 18.25 219.67  21.80  4  3.13 13.86 218.16  20.67  1.45 18.28 220.86   8.18  0.39 15.44 314.27   8.78  0.22 12.65 310.06  11.44
19890306 120000  7.1 178.7  3.60 17.73 220.95  20.11  4  3.09 13.56 219.71  19.49  1.79 17.74 220.93   8.61  0.39 15.34 314.08   8.81  0.21 12.63 310.61  11.20
19890306 150000  7.4 206.5  3.71 17.32 222.14  18.55  4  3.09 13.39 221.42  18.20  2.00 17.32 221.06   8.42  0.39 14.96 313.78   8.95  0.21 12.61 311.29  11.07
19890306 180000  9.9 215.5  3.84 16.80 222.62  17.79  4  2.99 13.17 222.15  18.39  2.38 16.82 221.51   8.95  0.38 14.62 313.68   8.90  0.19 12.58 311.46  11.30
19890306 210000 10.5 204.1  4.01 16.54 222.34  18.12  3  3.99 16.55 221.71  16.12  0.37 14.53 313.33   9.07  0.18 12.58 313.89   9.99
19890307 000000 10.3 196.6  4.14 16.41 221.86  18.67  2  4.12 16.41 221.29  16.92  0.40 14.48 313.62   9.19
19890307 030000  6.7 193.1  4.17 16.30 222.10  18.52  2  4.15 16.30 221.55  16.82  0.40 14.45 313.89   9.13
19890307 060000  4.2 205.9  4.13 15.98 222.73  17.94  2  4.11 16.00 222.20  16.24  0.39 14.41 314.14   8.92
19890307 090000  4.5 198.4  4.09 15.75 223.26  17.39  2  4.08 15.77 222.76  15.73  0.38 14.34 314.22   8.84
19890307 120000  3.8 186.8  3.97 15.69 223.60  16.92  2  3.96 15.71 223.11  15.28  0.36 14.16 314.21   8.93
19890307 150000  4.2 228.3  3.79 15.56 223.91  16.53  2  3.78 15.58 223.44  14.88  0.34 13.75 314.24   8.88
19890307 180000  6.3 238.6  3.65 15.41 224.26  16.38  2  3.63 15.42 223.78  14.73  0.33 13.59 314.26   8.86
19890307 210000  6.2 208.4  3.54 15.28 224.31  16.43  2  3.52 15.29 223.82  14.71  0.32 13.53 314.36   8.79
19890308 000000  5.6 194.3  3.42 15.06 224.07  16.52  2  3.41 15.06 223.54  14.67  0.32 13.49 314.50   8.76
19890308 030000  3.0 183.2  3.30 14.66 223.85  16.52  2  3.28 14.68 223.28  14.51  0.32 13.47 314.66   8.73
19890308 060000  2.9 200.2  3.18 14.52 223.70  16.38  2  3.17 14.54 223.12  14.26  0.32 13.45 314.76   8.71
19890308 090000  2.8 190.7  3.09 14.43 223.54  16.22  2  3.07 14.45 222.96  14.11  0.31 13.41 314.78   8.71
19890308 120000  4.2 190.4  3.01 14.31 223.34  16.00  2  2.99 14.34 222.80  13.98  0.29 13.33 314.74   8.70
19890308 150000  3.4 233.2  2.95 14.18 223.20  15.68  2  2.93 14.21 222.69  13.75  0.27 13.10 314.71   8.69
19890308 180000  6.3 245.9  2.88 14.03 223.28  15.70  2  2.87 14.06 222.79  13.85  0.26 12.75 314.66   8.65
19890308 210000  3.7 243.5  2.80 13.92 223.07  15.69  2  2.79 13.93 222.56  13.76  0.26 12.65 314.67   8.58
19890309 000000  1.1 318.3  2.69 13.89 222.81  15.68  2  2.68 13.90 222.25  13.52  0.26 12.62 314.78   8.52
19890309 030000  2.5 334.0  2.60 13.90 222.53  15.35  3  2.58 13.91 221.91  12.86  0.25 12.60 314.97   8.51  0.08 14.56 314.33   8.37
19890309 060000  2.7 323.0  2.52 13.90 222.41  15.19  2  2.51 13.91 221.76  12.49  0.27 12.59 315.07   8.46
19890309 090000  3.3   8.0  2.44 13.87 222.48  17.00  2  2.43 13.88 221.81  14.62  0.26 12.57 315.07   8.51
19890309 120000  4.8 345.2  2.37 13.74 222.62  17.73  2  2.36 13.76 221.96  15.52  0.25 12.54 314.95   8.57
19890309 150000  5.4 306.5  2.34 13.62 223.20  19.32  2  2.33 13.65 222.57  17.49  0.24 12.46 314.78   8.65
19890309 180000  4.5 275.5  2.35 13.59 222.99  18.18  2  2.34 13.61 222.42  16.40  0.23 12.15 314.61   8.70
19890309 210000  4.1 267.5  2.36 13.65 222.50  17.00  3  2.34 13.66 221.94  15.22  0.22 11.89 314.55   8.70  0.22 20.95 225.58   6.81
19890310 000000  1.6 233.5  2.36 13.70 222.11  16.00  2  2.35 13.70 221.58  14.00  0.22 11.82 314.51   8.71
19890310 030000  2.2 208.6  2.33 13.62 221.72  14.84  4  2.28 13.62 221.15  12.70  0.43 19.44 222.10   7.38  0.21 11.80 315.17   8.31  0.09 13.67 311.68   9.95
19890310 060000  2.6 158.3  2.30 13.47 221.75  14.38  3  2.22 13.46 221.28  12.11  0.57 19.01 220.01   9.29  0.22 11.78 314.95   8.45
19890310 090000  3.4 173.2  2.27 13.30 221.52  14.66  3  2.18 13.30 220.71  12.42  0.59 19.01 224.29   8.60  0.22 11.78 313.88   9.93
19890310 120000  5.8 181.0  2.25 13.02 221.14  15.09  3  2.06 13.02 220.58  13.33  0.86 17.87 220.67   9.64  0.22 11.76 313.57  10.10
19890310 150000  3.7 219.8  2.22 12.78 221.34  14.58  3  2.03 12.79 220.86  12.99  0.89 17.81 220.80   9.41  0.20 11.74 314.27   8.86
19890310 180000  7.0 229.0  2.26 12.68 221.75  14.49  5  1.91 12.69 221.73  13.85  1.12 17.43 220.92   8.69  0.42 14.49 215.00   0.02  0.18 11.66 315.29   8.57  0.10 14.49 302.44  10.73
19890310 210000  6.3 212.4  2.30 16.68 221.57  14.65  5  0.58  3.75 221.98  29.92  1.81 12.66 221.45  11.99  1.21 16.74 221.21   8.93  0.44 14.49 215.00   0.03  0.19 11.31 312.98   9.89
19890311 000000  6.8 196.5  2.32 16.49 220.99  14.67  2  2.31 16.49 220.64  13.24  0.18 11.10 313.56   9.28
19890311 030000  3.4 180.3  2.29 16.18 220.80  14.43  2  2.29 16.18 220.46  13.01  0.18 11.05 313.46   9.39
19890311 060000  3.5 219.3  2.26 15.54 220.91  13.64  2  2.26 15.54 220.57  12.09  0.17 11.03 313.29   9.55
19890311 090000  2.6 193.1  2.23 15.35 220.94  13.19  2  2.22 15.35 220.58  11.49  0.18 11.02 312.94   9.83
19890311 120000  1.7 206.4  2.18 15.13 220.95  13.00  2  2.17 15.14 220.56  11.16  0.18 11.02 312.46  10.15
19890311 150000  3.8 255.8  2.12 14.64 221.00  13.23  3  2.11 14.65 220.53  11.09  0.15 11.01 315.76   8.38  0.12 13.66 301.48  10.57
19890311 180000  6.0 249.9  2.07 14.41 221.28  14.13  4  2.06 14.42 220.76  12.01  0.14 11.00 315.67   8.49  0.11 13.63 300.57  10.87  0.08 17.74 298.55  12.36
19890311 210000  3.2 240.1  1.99 14.28 221.06  14.48  4  1.98 14.29 220.50  12.33  0.14 10.95 315.98   8.02  0.11 13.67 297.89  13.04  0.08 17.73 298.30  11.94
19890312 000000  4.4 190.8  1.90 14.17 220.58  14.29  4  1.89 14.18 220.03  12.09  0.13 10.80 315.76   7.99  0.11 13.59 298.61  13.71  0.08 17.71 298.57  12.47
19890312 030000  3.1 207.8  1.82 13.93 220.08  14.48  5  1.80 13.94 219.35  12.26  0.20 17.78 234.47  10.75  0.12 10.45 316.13   7.90  0.11 13.51 298.05  13.08  0.07 17.68 299.91  12.96
19890312 060000  4.5 191.5  1.73 13.59 219.85  14.62  4  1.71 13.59 219.07  12.36  0.24 17.57 230.57  12.44  0.12 13.38 298.66  12.69  0.12 10.35 316.02   7.99
19890312 090000  2.9 166.8  1.65 13.44 219.77  15.09  5  1.61 13.44 218.85  12.50  0.28 17.39 227.34  12.60  0.12 13.21 296.17  13.10  0.11 10.33 316.54   8.00  0.08 16.70 303.95  10.66
19890312 120000  5.4 194.1  1.58 13.33 219.62  15.84  5  1.53 13.33 218.65  12.75  0.38 16.75 220.69  13.78  0.12 13.06 295.85  15.80  0.11 10.32 315.98   7.92  0.10 16.59 300.61  11.86
19890312 150000  5.3 216.1  1.56 13.19 219.38  17.21  6  1.49 13.19 218.27  13.93  0.32 16.75 208.28   7.15  0.28 16.63 234.29   8.03  0.13 16.58 298.15  12.63  0.12 12.94 295.95  15.27  0.11 10.33 315.98   8.14
19890312 180000  6.2 233.6  1.57 12.76 219.74  18.19  7  1.45 12.76 218.99  15.37  0.49 16.39 209.94   7.99  0.30 15.69 236.42   9.03  0.13 16.57 297.89  12.04  0.12 12.86 295.45  15.52  0.11 10.34 316.24   7.93  0.09 22.02 216.44   8.04
19890312 210000  6.8 216.2  1.65 12.61 219.58  19.55  6  1.49 12.60 219.21  17.76  0.63 16.01 213.24  11.62  0.22 15.43 241.16   8.80  0.13 16.57 297.29  12.09  0.11 12.84 294.44  15.27  0.11 10.35 316.62   7.73
19890313 000000  7.7 178.2  1.73 15.50 217.51  21.09  8  1.09  6.00 217.40  26.75  1.03 12.57 216.95  10.73  0.82 15.50 214.09  12.28  0.17 13.75 252.97   5.66  0.17 20.84 216.08   7.64  0.12 16.56 298.30  13.67  0.11 12.73 297.34  13.18  0.10 10.34 316.70   7.86
19890313 030000  7.4 193.8  1.85 15.26 217.05  21.23  7  1.23  6.25 216.50  26.17  0.96 15.30 214.60  13.49  0.91 12.44 215.31   9.83  0.32 13.39 249.54   5.99  0.18 21.61 216.10   6.51  0.11 12.68 298.60  14.15  0.10 10.32 316.63   7.71
19890313 060000  8.0 183.7  2.03 15.03 216.64  21.77  7  1.45  6.66 214.86  25.66  1.33 15.02 214.85  10.58  0.39 12.44 249.69   5.15  0.24 20.87 217.87   6.77  0.10 12.64 295.88  12.96  0.10 15.74 304.75  11.47  0.09 10.26 317.08   7.90
19890313 090000  5.5 175.7  2.21 14.71 217.35  21.72  6  1.63  7.15 215.46  24.80  1.36 14.69 214.86   9.98  0.49 11.80 249.81   5.13  0.30 20.54 216.64   8.08  0.14 12.61 301.91  17.91  0.12 15.53 301.65  12.50
19890313 120000  6.5 177.8  2.32 14.51 218.52  21.20  6  1.72  7.59 217.09  23.94  1.38 14.47 215.51   9.98  0.52 11.42 250.18   5.30  0.50 19.39 215.24   8.40  0.16 15.50 300.57  12.93  0.13 12.51 301.92  16.97
19890313 150000  5.9 216.5  2.36 14.31 219.53  20.39  6  1.66  7.99 218.94  23.54  1.45 14.28 215.61   9.33  0.58 19.17 214.99   8.50  0.55 10.64 248.55   6.90  0.18 15.50 299.18  14.40  0.13 12.44 298.82  18.29
19890313 180000  8.4 215.3  2.39 14.08 220.04  19.70  6  1.59  7.97 220.33  23.53  1.41 14.08 215.44   9.05  0.86 18.53 215.04   7.64  0.62 10.82 245.81   8.13  0.19 15.50 296.82  14.05  0.12 11.98 308.98  14.70
19890313 210000  9.2 210.2  2.44 13.86 219.59  19.97  6  1.58  7.46 219.46  25.05  1.54 13.86 215.86   9.02  0.84 18.09 215.80   8.24  0.60 10.30 245.85   7.98  0.18 15.50 297.38  15.21  0.13 11.98 306.86  16.27
19890314 000000  8.7 188.0  2.46 17.58 218.62  20.99  7  1.54  6.78 216.59  27.42  1.38 13.74 216.59   9.18  1.14 17.58 214.96   7.77  0.62  9.66 247.58   8.63  0.14 15.51 294.10  15.46  0.12 11.88 309.70  14.50  0.08 18.14 313.02   8.36
19890314 030000  7.7 194.4  2.38 17.33 218.43  20.94  7  1.43  6.50 216.20  28.31  1.46 13.68 215.70   8.53  1.04 17.32 215.94   8.11  0.60 10.15 248.17   8.83  0.13 11.87 307.56  16.85  0.12 15.49 294.47  16.43  0.10 18.08 313.05   8.28
19890314 060000  7.3 179.3  2.28 16.68 218.41  20.75  7  1.27  6.38 214.20  29.02  1.30 16.67 215.13   7.83  1.20 13.23 216.72   8.79  0.49 10.04 247.30  12.71  0.45  8.21 247.25  10.15  0.15 14.91 305.20  16.53  0.11 18.00 312.01   9.10
19890314 090000  6.9 180.3  2.17 16.45 218.45  20.78  5  1.13  6.24 212.97  29.86  1.73 16.45 216.10   8.41  0.63  9.51 247.21  12.18  0.17 14.54 302.04  16.33  0.12 17.91 312.12   8.89
19890314 120000  6.7 177.0  2.04 16.28 218.89  20.73  4  1.14  6.06 222.39  30.72  1.68 16.27 216.42   8.53  0.19 14.52 301.28  15.77  0.14 17.70 312.25   8.82
19890314 150000  6.9 197.2  1.93 15.85 219.53  20.70  4  1.02  5.87 223.57  30.69  1.62 15.84 216.78   8.72  0.20 14.52 300.36  16.20  0.15 17.38 312.34   8.74
19890314 180000  8.4 207.9  1.92 15.45 219.97  21.05  3  1.90 15.47 218.79  18.15  0.22 14.52 299.73  16.43  0.16 17.20 312.53   8.50
19890314 210000  9.4 208.8  1.97 15.33 220.48  21.79  4  1.07  4.74 215.73  27.84  1.62 15.36 220.68  13.08  0.22 14.54 300.02  17.06  0.17 17.15 312.30   8.55
19890315 000000  8.0 194.3  1.99 15.30 220.84  22.93  5  1.12  5.03 215.79  30.02  1.62 15.32 221.23  12.60  0.19 14.57 295.64  14.69  0.18 17.12 312.47   8.75  0.10 10.90 322.75  10.40
19890315 030000  6.9 179.9  1.96 15.46 222.39  22.94  4  0.97  5.07 214.67  32.72  1.68 15.45 222.98  12.91  0.26 16.82 305.55  14.31  0.11 10.95 322.93  10.44
19890315 060000  6.8 170.3  2.07 15.29 224.45  21.85  2  2.05 15.27 223.31  19.22  0.29 16.55 308.95  14.40
19890315 090000  8.7 193.5  2.35 14.94 225.81  20.42  2  2.33 14.89 224.86  18.09  0.30 16.32 309.46  13.71
19890315 120000 11.1 182.8  2.75 15.11 224.47  22.10  4  1.26  4.86 204.75  32.02  2.43 15.08 228.04  12.50  0.24 16.39 312.50   8.91  0.19 13.72 304.38  17.71
19890315 150000 11.2 196.8  3.10 15.10 224.47  21.73  4  1.66  5.88 212.38  30.23  2.60 15.08 228.00  12.08  0.25 16.32 312.25   9.11  0.19 13.64 306.96  15.66
19890315 180000 12.4 205.4  3.54 14.56 225.08  21.42  4  2.32  7.13 219.86  27.29  2.66 14.56 227.88  11.68  0.24 16.31 312.26   9.38  0.20 13.74 306.61  15.26
19890315 210000 15.2 200.8  4.09 14.30 223.36  22.89  2  4.08 14.30 222.99  22.14  0.32 16.24 308.26  13.84
19890316 000000 11.1 190.6  4.03 13.94 222.70  23.97  3  3.09  8.53 217.84  27.74  2.57 13.93 228.18  12.11  0.32 16.14 309.39  13.60
19890316 030000 12.3 186.9  3.78 13.57 221.37  24.22  3  2.86  8.47 215.39  27.68  2.44 13.56 227.86  12.47  0.32 15.22 310.03  13.33
19890316 060000  9.9 173.8  3.54 13.36 220.76  24.37  4  2.69  8.54 215.27  27.91  2.26 13.36 226.88  12.23  0.31 15.38 311.56  11.96  0.23 19.41 204.62   7.16
19890316 090000  9.2 169.6  3.28 13.10 220.91  24.09  4  2.41  8.67 215.34  27.78  2.16 13.08 226.68  12.97  0.46 18.26 207.15   7.60  0.31 15.32 311.04  12.94
19890316 120000  9.9 181.6  3.12 12.80 219.65  24.17  4  2.19  8.75 213.84  28.48  2.10 12.78 225.54  13.43  0.68 17.29 206.46   7.49  0.30 15.37 311.85  12.16
19890316 150000  9.4 189.5  3.07 12.65 218.55  23.47  5  2.15  8.74 213.89  27.06  1.94 12.64 225.10  14.05  0.96 16.80 207.64   8.00  0.29 15.38 310.22  11.08  0.10 11.67 327.70   8.86
19890316 180000 12.4 211.9  3.19 12.54 218.65  22.12  4  2.95 12.51 219.60  21.54  1.17 16.13 209.00  10.33  0.29 15.37 310.31  10.95  0.10 11.62 329.05   7.33
19890316 210000 12.5 203.1  3.51 15.62 218.50  22.41  3  3.15 12.32 219.85  22.73  1.51 15.64 210.60  10.08  0.31 15.35 312.45  11.91
19890317 000000 10.3 205.9  3.54 15.39 218.27  22.79  3  2.78  8.63 219.96  25.62  2.16 15.39 214.56  12.09  0.30 15.26 312.94  11.51
19890317 030000  5.6 193.1  3.35 15.21 218.52  22.27  3  2.60  8.94 221.81  24.97  2.10 15.21 212.72  10.86  0.30 15.03 313.55  11.18
19890317 060000  3.5 206.8  3.13 15.10 218.87  21.40  3  2.29  9.33 223.37  24.16  2.12 15.11 212.83  10.97  0.30 14.54 313.02  12.10
19890317 090000  2.6 172.2  2.94 15.01 219.06  20.73  2  2.93 15.02 218.43  18.97  0.30 14.52 313.42  12.05
19890317 120000  4.4 173.0  2.78 14.78 218.97  20.31  2  2.76 14.79 218.27  18.23  0.30 14.54 313.77  11.93
19890317 150000  3.9 211.5  2.63 14.62 218.87  20.02  3  1.85  9.51 223.43  21.32  1.84 14.62 212.98  10.61  0.30 14.54 313.89  11.96
19890317 180000  8.3 229.4  2.53 14.50 219.01  20.06  3  1.79  9.19 223.61  21.10  1.77 14.50 212.91  10.39  0.30 14.53 314.05  11.98
19890317 210000  5.9 218.9  2.45 14.43 218.73  20.38  3  1.77 14.43 213.03  10.31  1.67  8.94 223.58  22.10  0.30 14.44 313.97  12.36
19890318 000000  7.3 208.3  2.39 14.38 217.85  20.19  3  1.58  8.69 222.92  22.25  1.76 14.38 212.45   9.89  0.29 14.23 314.19  12.26
19890318 030000  1.9 177.2  2.35 14.34 217.05  19.71  4  1.83 14.35 212.08   9.73  1.45  8.59 223.03  22.35  0.27 14.03 311.50  10.54  0.11 10.98 331.25   6.33
19890318 060000  3.8 233.6  2.35 14.32 216.54  18.97  4  1.92 14.32 212.13   9.46  1.33  8.41 223.45  22.20  0.27 14.06 312.26  10.77  0.11 10.90 330.89   6.38
19890318 090000  2.5 161.2  2.39 14.30 216.21  18.22  4  2.02 14.31 212.47   9.58  1.24  8.17 223.37  21.78  0.28 14.14 312.70  10.37  0.11 10.84 330.91   6.60
19890318 120000  3.9 180.8  2.47 14.32 216.18  17.47  3  2.45 14.33 215.32  14.01  0.28 14.20 312.31   9.89  0.12 10.76 331.53   6.14
19890318 150000  3.4 229.0  2.54 14.44 216.38  16.87  3  2.52 14.46 215.58  13.50  0.28 14.24 312.56  10.55  0.11 10.55 331.21   6.02
19890318 180000  5.7 240.7  2.57 14.61 216.76  16.69  3  2.56 14.65 216.01  13.52  0.27 14.24 312.61  10.35  0.11 10.38 332.15   5.33
19890318 210000  5.5 222.5  2.54 14.63 217.13  16.76  3  2.52 14.66 216.38  13.65  0.27 14.19 312.38  10.29  0.11 10.37 332.24   5.23
19890319 000000  3.0 183.0  2.44 14.49 217.32  16.74  2  2.42 14.50 216.53  13.42  0.29 14.07 315.13  11.86
19890319 030000  3.6 224.5  2.32 14.35 217.74  16.82  3  2.06 14.36 215.53   9.19  1.04  7.69 222.42  21.91  0.29 13.59 315.14  11.73
19890319 060000  5.2 178.4  2.23 14.22 218.02  17.19  2  2.21 14.24 217.03  13.13  0.29 13.52 315.12  11.54
19890319 090000  5.0 179.0  2.17 14.10 218.27  17.54  3  2.15 14.11 217.20  13.28  0.28 13.50 312.98  10.30  0.10 10.09 331.75   5.35
19890319 120000  6.8 175.8  2.17 13.88 218.30  17.84  3  2.15 13.90 217.25  13.80  0.27 13.48 312.57  10.31  0.10 10.12 331.81   5.30
19890319 150000  5.7 204.4  2.21 13.74 218.92  17.26  3  2.19 13.75 217.96  13.47  0.27 13.45 311.86  10.20  0.10 10.16 332.08   5.08
19890319 180000  7.6 223.4  2.29 13.72 219.83  16.98  4  2.10 13.74 219.45  14.38  0.86 15.78 216.20   7.75  0.26 13.41 311.78  10.33  0.09 10.12 331.89   5.18
19890319 210000  7.7 214.5  2.35 13.82 220.54  17.45  2  2.33 13.87 219.73  14.54  0.28 13.37 313.88  11.68
19890320 000000  5.6 183.1  2.35 13.75 220.78  18.10  3  1.15  6.77 219.10  25.73  2.03 13.79 220.20   9.83  0.28 13.32 313.79  11.58
19890320 030000  5.6 204.3  2.31 13.53 221.49  18.08  2  2.29 13.54 220.62  15.13  0.28 13.25 313.67  11.43
19890320 060000  6.2 187.4  2.29 13.27 221.86  18.22  2  2.27 13.28 220.96  15.23  0.28 13.11 313.42  11.27
19890320 090000  5.7 182.1  2.27 13.03 222.38  18.13  3  2.26 13.04 221.47  15.14  0.27 12.81 313.69  11.13  0.08 16.39 305.80   8.84
19890320 120000  7.8 181.4  2.30 13.06 222.42  18.22  4  2.15 13.08 220.96  16.04  0.78 15.98 225.87   8.49  0.27 12.67 313.24  11.13  0.08 16.48 306.33   9.58
19890320 150000  7.4 203.2  2.35 13.94 222.85  17.52  3  2.34 14.34 222.04  14.85  0.27 12.60 313.00  11.03  0.07 16.54 304.93   9.70
19890320 180000  8.0 216.2  2.44 14.29 223.27  17.12  2  2.43 14.32 222.54  14.67  0.27 12.57 312.36  10.95
19890320 210000  7.3 216.5  2.47 14.15 223.89  16.89  2  2.45 14.17 223.17  14.46  0.27 12.56 312.15  11.00
19890321 000000  6.3 190.5  2.46 14.19 224.03  16.86  3  0.88  5.15 217.22  28.77  2.28 14.21 224.08  10.42  0.28 12.55 312.04  10.88
19890321 030000  3.7 202.5  2.41 14.38 224.43  16.33  3  2.40 14.39 223.65  13.59  0.27 12.52 312.54  10.69  0.08 15.50 305.76   8.67
19890321 060000  4.9 187.4  2.37 14.36 224.77  15.78  3  2.35 14.37 223.96  12.83  0.26 12.44 312.31  10.67  0.09 15.43 306.37   9.55
19890321 090000  5.3 183.1  2.31 14.19 224.88  15.79  2  2.29 14.19 224.04  12.76  0.28 12.21 311.25  10.86
19890321 120000  5.8 177.5  2.25 13.90 224.79  16.30  2  2.23 13.90 223.93  13.31  0.27 11.97 311.05  10.87
19890321 150000  5.3 199.6  2.16 13.78 225.18  16.43  2  2.14 13.78 224.26  13.28  0.27 11.88 311.02  10.66
19890321 180000  7.5 220.2  2.12 13.76 225.75  16.65  3  0.58  3.36 217.37  29.13  2.02 13.76 225.35  11.01  0.27 11.85 310.93  10.55
19890321 210000  8.5 209.4  2.16 13.70 225.89  17.77  3  0.80  3.96 218.59  28.50  2.00 13.70 225.88  11.19  0.27 11.84 310.87  10.45
19890322 000000  7.2 193.7  2.31 13.52 225.83  19.15  3  0.96  4.56 216.26  30.78  2.08 13.52 226.64  11.49  0.27 11.83 310.78  10.37
19890322 030000  6.3 192.1  2.48 13.34 226.61  18.37  2  2.47 13.35 225.93  16.49  0.27 11.81 310.65  10.26
19890322 060000  7.1 199.9  2.65 13.22 226.63  17.35  2  2.64 13.22 226.05  15.67  0.26 11.76 310.43  10.22
19890322 090000  6.6 192.3  2.74 13.05 225.88  17.35  2  2.73 13.04 225.37  15.85  0.26 11.66 310.20  10.14
19890322 120000  9.4 187.2  2.76 12.77 224.32  18.47  2  2.75 12.77 223.84  17.13  0.25 11.46 309.99   9.99
19890322 150000  8.4 205.3  2.77 12.76 223.09  19.16  3  2.75 12.76 222.61  17.88  0.24 11.30 310.00  10.04  0.07 19.05 302.39   9.64
19890322 180000  7.5 215.4  2.73 13.17 222.81  19.50  3  2.72 13.15 222.32  18.23  0.23 11.25 310.03   9.94  0.08 18.90 302.54   9.75
19890322 210000  9.0 208.4  2.72 13.18 222.09  20.09  4  2.71 13.17 221.59  18.83  0.23 11.22 310.31   9.82  0.10 18.46 301.86   9.24  0.07 20.56 223.82   8.05
19890323 000000 10.0 202.3  2.73 13.04 220.44  21.10  4  2.71 13.03 219.93  19.87  0.22 11.20 310.50   9.74  0.11 18.00 301.46   9.77  0.07 20.44 223.15   8.76
19890323 030000  8.7 195.4  2.67 12.84 219.19  21.96  3  2.66 12.84 218.65  20.69  0.22 11.18 310.76   9.63  0.12 17.90 301.99   9.90
19890323 060000  9.2 191.5  2.57 12.70 218.31  22.40  3  2.56 12.70 217.72  21.02  0.22 11.15 310.99   9.62  0.13 17.86 302.70   9.92
19890323 090000  7.3 192.1  2.42 12.60 218.70  22.48  4  2.40 12.60 218.01  20.89  0.22 13.44 311.39   9.55  0.13 17.80 302.86   9.77  0.12 19.08 221.62   8.74
19890323 120000  6.9 185.5  2.25 12.48 219.49  22.38  4  2.23 12.48 218.59  20.41  0.22 13.62 311.60   9.55  0.16 18.12 225.00   8.35  0.15 17.66 301.96   9.82
19890323 150000  7.3 205.6  2.11 12.20 220.39  22.26  4  2.08 12.19 219.22  19.78  0.22 13.71 311.67   9.62  0.21 17.58 225.89   8.39  0.17 17.22 301.22   9.93
19890323 180000  9.6 208.0  2.12 11.98 220.23  22.61  4  2.08 11.97 218.89  20.01  0.29 16.77 226.81  10.68  0.22 13.61 311.63   9.80  0.20 16.84 301.37   9.78
19890323 210000 11.7 204.6  2.35 11.88 218.69  23.94  5  2.30 11.87 217.46  21.95  0.34 16.55 227.19   8.32  0.22 13.41 311.93   9.46  0.21 16.76 301.90  10.21  0.09 21.74 216.59   8.27
19890324 000000 12.8 196.9  2.56 11.80 216.16  25.33  5  2.50 11.79 214.89  23.81  0.45 15.84 227.26   8.83  0.22 13.34 312.19   9.60  0.21 16.72 302.79  10.23  0.11 21.08 217.59   8.20
19890324 030000 10.6 189.3  2.59  7.27 215.22  26.34  6  2.27  7.27 212.99  27.33  1.09 11.68 216.94   9.46  0.52 15.61 226.79   7.98  0.22 13.33 312.84   9.36  0.21 16.67 303.16  10.33  0.12 20.78 217.93   8.28
19890324 060000 10.7 182.7  2.53  7.47 214.75  26.65  6  2.20  7.47 211.73  27.49  1.00 11.43 217.05   9.39  0.66 15.33 226.96   8.24  0.22 13.32 313.34   9.22  0.22 16.58 302.92   9.71  0.14 20.60 219.18   8.05
19890324 090000 10.3 185.6  2.51  7.59 215.30  26.48  6  2.18  7.59 211.83  26.98  0.93 11.32 217.68   9.47  0.75 14.76 227.35   8.49  0.24 16.39 302.04   9.71  0.21 13.29 313.99   8.65  0.16 20.41 220.76   8.46
19890324 120000 11.0 182.4  2.52 14.55 215.79  26.63  5  2.10  7.65 210.66  27.53  1.00 11.18 220.12  10.18  0.90 14.54 227.75   8.51  0.27 15.97 301.41  10.10  0.20 13.22 314.02   8.63
19890324 150000 10.8 195.5  2.57 14.34 217.12  25.69  5  2.12  7.55 211.71  26.57  1.04 14.30 227.58   8.68  0.95 11.09 221.70  10.56  0.28 15.76 301.58  10.37  0.19 12.93 313.93   8.66
19890324 180000 13.2 206.5  2.90 13.93 218.88  23.73  4  2.59  7.43 215.71  23.56  1.25 13.95 227.55   8.69  0.28 15.69 302.26  10.55  0.19 12.70 313.92   8.63
19890324 210000 13.8 204.4  3.32  7.84 219.72  23.75  3  3.31  7.84 219.14  22.58  0.26 15.64 302.88  10.64  0.19 12.61 314.01   8.60
19890325 000000 14.4 184.3  3.65  8.33 216.21  26.32  4  3.29  8.33 212.94  27.21  1.55 13.76 227.07   8.70  0.26 15.58 303.24  10.15  0.18 12.56 314.61   8.21
19890325 030000 14.0 181.4  3.75  8.54 214.47  27.11  4  3.23  8.54 209.24  28.63  1.87 13.66 226.71   9.15  0.27 15.50 302.79  10.17  0.18 12.52 314.67   8.34
19890325 060000 13.5 181.6  3.67 13.55 214.51  26.85  4  2.93  8.59 205.74  28.82  2.19 13.53 227.24  10.32  0.28 15.40 302.71   9.71  0.17 12.47 314.97   8.24
19890325 090000 11.8 181.5  3.46 13.45 216.22  26.10  4  3.42 13.42 215.40  25.09  0.40 18.00 230.15   6.47  0.30 15.22 302.32   9.95  0.17 12.40 315.09   8.18
19890325 120000 12.7 185.4  3.25 13.34 217.56  25.19  5  2.34  8.20 207.17  28.65  2.20 13.32 226.42  10.83  0.33 18.06 227.71   6.59  0.30 14.95 302.24  10.40  0.16 12.21 315.30   8.03
19890325 150000 11.0 193.9  3.20 13.18 218.83  23.88  5  2.29  7.98 210.24  27.61  2.13 13.18 225.68  11.26  0.60 17.46 227.94   9.26  0.29 14.78 302.69  10.56  0.15 11.95 315.37   8.02
19890325 180000 13.1 210.9  3.37 12.83 220.38  22.15  4  3.27 12.84 219.52  21.43  0.78 16.59 225.59  10.41  0.28 14.69 302.78  11.24  0.14 11.84 315.31   8.14
19890325 210000 12.6 205.6  3.52 12.58 220.99  22.50  4  3.43 12.58 220.33  21.87  0.69 16.68 225.39  10.55  0.27 14.61 303.66  10.11  0.14 11.76 315.63   8.09
19890326 000000 13.1 197.2  3.54 12.37 219.52  23.50  4  3.43 12.39 218.82  23.11  0.83 16.20 223.03   9.86  0.27 14.56 303.76   9.90  0.13 11.72 315.57   8.15
19890326 030000  9.8 180.7  3.39  8.69 219.26  24.04  5  2.68  8.69 214.63  26.92  1.89 12.23 225.93  12.01  0.81 15.97 220.99   8.41  0.28 14.50 303.82   9.65  0.13 11.69 315.60   8.15
19890326 060000  8.1 173.7  3.09 11.83 220.28  23.61  4  2.93 11.87 219.27  23.27  0.92 15.60 223.24   9.17  0.29 14.43 303.21  10.26  0.12 11.65 315.70   8.11
19890326 090000  7.7 170.3  2.85 15.04 221.05  22.93  4  2.65 11.66 220.14  22.64  0.99 15.17 221.63   9.14  0.29 14.33 303.16  10.40  0.12 11.60 315.86   8.06
19890326 120000  8.4 168.8  2.69 14.65 220.90  22.91  4  2.45 11.58 219.58  22.89  1.07 14.81 222.79   9.16  0.28 14.20 303.55  10.61  0.11 11.51 316.19   7.80
19890326 150000  5.5 195.5  2.55 14.48 221.95  21.58  4  2.24 11.50 220.84  21.86  1.17 14.55 222.18   8.80  0.27 13.99 303.89  10.79  0.10 11.29 316.38   7.74
19890326 180000 10.9 215.0  2.60 14.19 222.25  20.39  3  2.59 14.25 221.53  18.68  0.27 13.86 304.39  10.76  0.10 11.13 316.59   7.78
19890326 210000  9.2 199.1  2.78 14.00 221.62  21.56  5  2.26  8.40 219.58  23.69  1.36 14.07 223.78  10.23  0.83 10.34 223.30   6.49  0.27 13.79 304.57  10.61  0.09 11.02 317.34   7.35
19890327 000000  4.1 213.1  2.76  8.38 222.22  22.07  4  2.43  8.38 221.34  22.90  1.28 14.07 222.37   8.93  0.27 13.74 304.90  10.17  0.09 10.98 317.37   7.38
19890327 030000  5.0 207.3  2.61  8.34 223.20  21.65  4  2.26  8.34 222.54  22.46  1.27 14.18 222.15   8.58  0.28 13.68 304.17  10.85  0.09 10.95 317.37   7.39
19890327 060000  2.1 178.9  2.42 14.38 223.62  20.82  6  1.80  8.16 221.17  23.24  1.39 14.48 222.04   8.90  0.77  9.83 233.32  10.69  0.27 13.62 305.25  10.09  0.09 10.92 317.37   7.38  0.08 16.62 293.52   9.78
19890327 090000  0.9 312.4  2.29 14.47 223.80  19.72  5  1.78  8.12 223.29  20.94  1.41 14.53 222.06   8.64  0.27 13.55 304.78  11.66  0.09 16.60 293.10  10.18  0.09 10.90 317.41   7.35
19890327 120000  1.6 280.0  2.21 14.33 223.82  18.82  3  2.19 14.38 222.77  16.03  0.28 13.51 306.62  11.55  0.08 16.59 293.39  10.51
19890327 150000  2.4 243.5  2.15 14.05 223.86  18.04  3  2.13 14.10 222.76  14.89  0.28 13.47 307.17  11.27  0.08 16.55 293.39  11.40
19890327 180000  4.7 255.5  2.09 13.69 224.09  17.56  3  2.07 13.71 222.94  14.07  0.28 13.42 307.37  11.19  0.08 16.40 295.44   8.63
19890327 210000  4.7 233.6  2.03 13.48 224.38  17.43  2  2.01 13.49 223.13  13.60  0.30 13.37 306.17  11.58
19890328 000000  2.9 211.4  1.99 13.31 224.45  17.32  3  1.96 13.31 223.07  13.02  0.28 13.30 307.72  10.87  0.12 15.55 293.66   9.55
19890328 030000  2.7 199.5  1.95 13.16 224.60  17.12  3  1.92 13.16 223.12  12.35  0.28 13.17 308.14  10.81  0.13 15.52 293.28   9.85
19890328 060000  2.7 156.8  1.94 13.03 224.64  16.77  4  1.91 13.05 223.14  11.72  0.28 12.97 308.10  10.38  0.13 15.52 293.48   9.76  0.07 10.19 319.46   6.10
19890328 090000  4.3 192.4  1.97 12.94 224.24  16.71  5  1.71 12.97 223.43  12.56  0.92 15.96 220.88   9.45  0.27 12.83 308.47  10.53  0.12 15.50 294.76  10.15  0.08 10.21 318.35   7.12
19890328 120000  7.7 187.7  2.07 15.53 222.97  17.32  3  2.05 15.54 221.78  13.48  0.27 12.75 309.34  10.67  0.11 15.47 295.03  10.56
19890328 150000  6.7 199.9  2.19 15.31 222.51  17.24  3  0.60  3.62 205.12  32.81  2.09 15.31 222.63  10.06  0.29 12.70 307.64  11.32
19890328 180000  8.6 216.8  2.32 14.95 222.94  16.65  3  0.78  3.88 217.55  29.17  2.17 14.97 222.51   9.85  0.29 12.67 306.78  12.04
19890328 210000  9.1 205.2  2.47 14.48 222.50  17.65  4  1.04  4.58 216.59  27.90  2.22 14.49 222.61   9.91  0.26 12.61 310.28  10.32  0.15 14.51 293.43   9.55
19890329 000000  9.0 189.5  2.56 14.29 221.18  19.23  4  1.19  5.07 210.49  29.06  2.25 14.28 222.74  10.10  0.26 12.56 310.62  10.27  0.16 14.49 293.66   9.37
19890329 030000 10.5 198.6  2.75 14.12 220.11  20.10  4  1.48  5.66 209.08  27.22  2.29 14.10 223.23  10.52  0.26 12.46 310.96  10.15  0.16 14.49 293.82   9.53
19890329 060000 10.0 185.3  2.92 13.80 220.66  21.11  3  2.91 13.77 220.08  19.76  0.24 12.30 311.13  10.02  0.15 14.49 294.96  10.14
19890329 090000  8.9 187.2  2.93 13.62 221.64  21.21  3  2.92 13.61 221.14  20.07  0.23 12.10 311.21   9.90  0.14 14.47 295.94  10.81
19890329 120000  9.6 184.9  2.86 13.54 222.48  20.81  3  2.85 13.54 222.02  19.74  0.21 12.01 311.30   9.83  0.13 14.42 296.96  11.23
19890329 150000  9.6 197.0  2.85 13.50 222.43  20.52  3  2.84 13.51 221.95  19.42  0.24 11.97 306.79  12.35  0.09 20.31 293.03  13.10
19890329 180000 13.6 208.5  3.16 13.49 221.89  20.70  3  3.15 13.49 221.50  19.82  0.23 11.95 306.25  12.59  0.11 20.31 294.25  13.28
19890329 210000 13.0 201.0  3.54 13.52 220.97  21.93  4  3.53 13.53 220.65  21.28  0.18 11.87 312.51   8.80  0.15 13.55 293.31   9.42  0.11 20.29 296.13  14.20
19890330 000000 13.1 198.6  3.68 13.72 219.73  22.99  5  3.67 13.82 219.45  22.43  0.17 11.76 313.21   8.89  0.15 13.51 295.13   9.58  0.10 20.26 299.94  15.34  0.06 15.63 290.83   6.30
19890330 030000 10.7 191.0  3.58 13.93 219.44  23.34  6  2.94  8.67 216.65  26.08  2.03 14.05 224.02  12.29  0.15 11.66 312.98   9.22  0.15 13.49 296.16  10.93  0.08 20.09 292.01  11.37  0.06 17.90 317.16   6.86
19890330 060000  8.6 197.5  3.28 13.49 220.67  22.49  5  2.61  8.65 218.26  25.52  1.97 13.49 223.76  12.52  0.15 11.63 312.65   8.85  0.13 13.54 296.23   8.56  0.12 18.98 298.34  15.28
19890330 090000  8.1 190.8  3.02 13.32 221.70  21.76  5  2.30  8.51 219.37  25.24  1.93 13.31 223.82  12.22  0.16 18.96 294.90  15.93  0.15 11.53 312.62   8.88  0.13 13.53 292.10  13.13
19890330 120000 10.0 196.1  2.84 13.21 222.11  21.50  6  2.17  8.42 220.38  24.70  1.81 13.20 223.28  12.06  0.18 18.95 295.87  16.09  0.14 11.44 312.54   8.90  0.11 13.51 294.11  11.16  0.06 15.52 293.17   7.62
19890330 150000  8.7 205.6  2.73 13.02 222.52  21.30  4  2.02  8.25 221.01  24.91  1.82 13.01 223.15  12.20  0.19 18.92 297.50  16.06  0.17 11.37 305.46  13.29
19890330 180000  9.7 208.6  2.69 12.77 222.71  21.24  5  2.03  8.01 221.87  24.56  1.74 12.78 222.64  11.97  0.18 18.88 301.01  16.74  0.16 12.50 304.88  13.47  0.06 15.43 285.98   7.74
19890330 210000 10.4 203.0  2.66 12.61 222.11  21.94  5  2.02  7.61 221.27  25.48  1.70 12.61 222.05  11.84  0.17 12.57 302.68  13.80  0.13 16.87 314.62   8.31  0.12 18.94 288.26  11.25
19890331 000000 10.7 202.9  2.55 12.47 221.32  22.60  5  1.89  7.27 220.03  26.68  1.69 12.47 221.43  11.75  0.17 12.59 301.37  15.03  0.16 16.51 304.83  17.36  0.13 18.18 287.44  10.19
19890331 030000  7.3 196.5  2.39 12.34 221.41  22.66  5  1.66  6.95 220.57  27.59  1.70 12.33 220.47  11.51  0.18 16.39 306.37  14.88  0.17 12.60 300.88  14.98  0.16 17.83 285.56  10.16
19890331 060000  6.3 199.0  2.22 12.21 221.59  21.96  5  1.35  6.75 221.73  28.07  1.74 12.17 219.58  11.55  0.27 17.67 297.82  16.48  0.17 12.63 300.74  14.76  0.09 14.52 277.02   7.66
19890331 090000  5.6 190.7  2.10 12.18 221.02  21.12  5  1.94 12.13 220.74  18.80  0.74 14.96 211.89   7.51  0.29 17.66 296.20  16.81  0.12 12.66 291.84  12.07  0.10 10.94 312.77   9.13
19890331 120000  7.5 190.5  2.01 12.41 219.54  20.70  5  1.99 12.33 218.05  17.23  0.27 17.66 299.54  16.62  0.12 12.66 291.56  12.27  0.10 10.87 312.66   9.10  0.10 14.50 281.57  10.06
19890331 150000  6.4 199.8  1.95 13.25 218.29  20.31  4  1.92 13.30 216.87  16.74  0.27 17.65 298.87  17.07  0.11 12.61 291.74  12.61  0.09 10.79 313.06   8.97
19890331 180000  7.5 228.8  1.90 13.39 218.79  20.00  6  1.87 13.36 217.35  16.24  0.19 15.00 308.83  14.78  0.18 17.69 289.72  13.62  0.11 12.49 294.30  11.21  0.08 10.46 315.31   7.94  0.05 24.84 307.32   8.79
19890331 210000  7.3 214.4  1.88 13.36 219.68  20.90  7  0.77  4.25 221.66  29.96  1.69 13.31 217.33  12.32  0.20 15.03 309.40  14.91  0.19 17.08 288.29  12.48  0.11 12.10 294.24  11.09  0.08 10.44 315.94   7.25  0.06 24.51 307.26   9.16
19890401 000000  7.0 194.0  1.89 13.30 220.77  22.36  6  0.78  4.39 217.90  31.16  1.69 13.27 218.89  13.73  0.23 16.70 285.34  12.73  0.21 15.10 310.87  12.56  0.14 11.90 301.03  14.37  0.08 23.57 306.28  10.46
