Date     Time   Uabs UDir  hs    tp    th     sp     np hs(i) tp(i) th(i)  sp(i)
19860701 000000  7.6 189.9  3.27 14.15 218.82  20.04  2  1.43  5.25 198.13  32.77  2.93 14.15 222.95  11.83
19860701 030000 10.1 170.1  3.12 13.84 219.20  20.91  1  3.12 13.84 219.20  20.91
19860701 060000 10.8 163.6  2.97 13.68 218.06  23.11  1  2.97 13.68 218.06  23.11
19860701 090000 10.1 163.6  2.84 13.57 216.75  24.63  1  2.84 13.57 216.75  24.63
19860701 120000  8.7 173.2  2.67 13.45 217.07  24.04  1  2.67 13.45 217.07  24.04
19860701 150000  9.4 170.2  2.54 13.25 216.50  24.22  2  1.54  6.89 204.92  33.69  2.02 13.25 222.16  13.18
19860701 180000 11.5 194.5  2.56 13.07 216.69  23.04  2  1.71  6.81 209.31  29.94  1.90 13.07 221.98  13.03
19860701 210000 12.7 190.9  2.92 13.19 216.82  23.28  2  2.22  6.89 213.11  28.16  1.89 13.19 221.42  12.63
19860702 000000  9.5 175.3  3.07 13.31 218.36  23.53  2  2.33  7.53 215.82  28.86  1.99 13.31 221.47  12.48
19860702 030000 10.9 182.4  3.10 13.25 219.17  23.09  2  2.26  7.89 216.04  28.96  2.11 13.25 222.38  12.80
19860702 060000 10.9 182.1  3.10 13.14 219.89  22.97  2  2.29  8.03 216.57  28.33  2.09 13.14 223.47  13.22
19860702 090000  9.0 174.5  3.03 12.95 220.98  23.12  2  2.20  8.09 217.30  28.48  2.08 12.95 224.69  14.11
19860702 120000  8.3 173.1  2.91 12.82 222.74  22.63  2  2.09  8.23 219.89  27.96  2.02 12.82 225.50  14.50
19860702 150000  7.8 186.4  2.85 12.71 223.74  22.16  3  1.96  8.61 218.87  26.91  1.51 12.49 240.07   8.50  1.40 12.92 213.65   8.62
19860702 180000  7.9 205.1  2.79 12.65 224.95  21.40  2  2.41 12.39 228.77  23.06  1.41 12.94 214.42   9.57
19860702 210000  7.3 197.5  2.75 12.64 225.75  21.16  2  2.42 11.97 229.84  22.22  1.31 13.11 212.62   8.29
19860703 000000  4.2 193.9  2.76 12.68 226.35  21.14  2  2.45 11.94 230.43  21.97  1.28 13.16 212.17   7.82
19860703 030000  6.4 193.8  2.76 12.75 227.27  20.83  2  2.43 11.92 231.67  21.53  1.31 13.18 212.98   8.39
19860703 060000  4.7 187.2  2.71 12.85 228.29  20.53  2  2.38 11.94 232.96  20.93  1.29 13.12 213.07   8.13
19860703 090000  3.4 162.0  2.61 12.96 229.40  20.18  2  2.23 12.54 234.80  20.74  1.37 13.08 215.64   9.41
19860703 120000  4.9 174.4  2.52 13.02 230.29  20.08  2  2.20 12.71 235.65  19.91  1.23 13.10 213.78   8.43
19860703 150000  5.4 183.3  2.46 13.00 230.43  20.77  2  2.15 12.48 235.91  20.80  1.21 13.19 213.85   8.25
19860703 180000  6.5 202.5  2.41 12.85 230.51  21.07  2  2.09 12.34 236.18  21.19  1.20 13.29 214.09   8.52
19860703 210000  6.5 193.7  2.39 12.70 230.15  21.50  2  2.04 12.36 236.54  21.79  1.24 13.10 213.88   8.23
19860704 000000  3.0 174.4  2.38 12.62 229.70  21.78  2  2.02 12.37 236.38  22.11  1.25 13.02 213.17   7.75
19860704 030000  6.7 197.1  2.37 12.61 229.33  21.82  2  1.99 12.35 236.48  22.24  1.28 14.27 213.09   7.53
19860704 060000  7.2 179.9  2.33 12.62 228.58  22.39  3  1.35  7.77 222.96  25.76  1.37 13.92 214.17   8.78  1.32 12.40 249.77  10.09
19860704 090000  4.4 148.8  2.24 12.62 228.42  22.45  2  1.75 12.31 238.01  23.87  1.40 13.73 214.40   8.68
19860704 120000  5.3 159.7  2.17 12.61 228.53  22.04  2  1.66 11.92 239.34  23.07  1.40 13.62 214.42   8.69
19860704 150000  4.5 196.8  2.13 12.68 228.47  21.58  2  1.59 11.83 240.13  22.43  1.42 13.59 214.88   9.05
19860704 180000  6.6 204.0  2.14 12.85 227.72  21.39  2  1.56 11.70 239.43  22.79  1.46 13.42 215.18   9.36
19860704 210000  4.4 193.6  2.12 13.00 227.20  21.18  2  1.50 11.65 239.87  22.67  1.49 13.33 215.17   9.51
19860705 000000  6.7 177.7  2.11 13.14 225.90  21.52  2  1.56 13.30 215.92  10.00  1.42 11.34 239.14  25.05
19860705 030000  3.3 162.8  2.07 13.26 225.12  21.38  4  1.36 13.19 214.15  10.13  1.00 11.30 253.85   8.88  0.91  6.96 218.73  26.86  0.79 15.08 220.63   7.58
19860705 060000  5.2 169.7  2.03 13.59 224.61  20.73  2  1.79 14.01 216.44  15.16  0.96 11.34 253.70   9.29
19860705 090000  3.8 161.4  1.98 13.54 223.98  20.48  2  1.77 13.73 216.39  14.91  0.90 11.40 254.26   9.32
19860705 120000  2.0 149.3  1.93 13.35 223.60  19.87  3  1.75 13.46 216.99  14.56  0.81 11.56 255.31   9.01  0.05 20.77 260.25   6.40
19860705 150000  2.0  51.6  1.88 13.14 223.12  20.98  3  1.72 13.27 216.73  16.31  0.76 11.60 255.71   9.43  0.11 19.84 259.81   8.50
19860705 180000  2.6 221.8  1.83 12.92 223.03  19.87  3  1.66 13.04 216.30  13.97  0.75 11.56 255.62   9.58  0.18 19.06 260.39   8.03
19860705 210000  3.9 204.1  1.79 12.78 223.25  20.04  3  1.63 12.86 216.24  13.58  0.70 11.42 256.51   9.40  0.29 18.03 260.50   8.06
19860706 000000  3.5 181.5  1.76 12.66 224.51  21.21  3  1.56 12.69 215.95  13.89  0.66 11.21 256.57   9.43  0.46 17.45 260.35   7.66
19860706 030000  0.7 116.5  1.74 12.57 227.28  22.88  3  1.46 12.57 214.48  12.59  0.68 11.24 256.44   9.68  0.66 16.65 260.37   7.46
19860706 060000  2.1 108.3  1.76 12.49 231.60  24.56  2  1.37 12.46 213.87  12.68  1.10 15.95 259.31   8.49
19860706 090000  2.1 128.8  1.80 15.44 236.54  25.58  2  1.28 12.32 213.08  12.57  1.26 15.48 260.32   8.30
19860706 120000  0.8 354.3  1.83 14.93 241.24  25.84  2  1.40 15.01 261.22   8.35  1.18 12.04 212.18  12.28
19860706 150000  2.7 292.3  1.85 14.50 245.81  25.38  2  1.51 14.55 262.16   8.39  1.07 11.85 211.52  11.97
19860706 180000  4.4 249.6  1.88 14.34 250.22  24.48  2  1.60 14.38 262.95   8.44  0.99 11.72 213.40  17.82
19860706 210000  2.2 238.3  1.88 14.29 253.64  23.05  2  1.66 14.33 263.55   8.49  0.88 11.59 213.27  18.89
19860707 000000  3.0  48.0  1.86 14.28 256.46  21.33  2  1.69 14.30 264.02   8.55  0.77 11.29 214.09  20.72
19860707 030000  1.9 252.0  1.84 14.19 258.66  19.65  2  1.71 14.20 264.24   8.76  0.67 11.09 215.41  23.89
19860707 060000  3.7 216.3  1.83 14.01 260.02  18.44  2  1.72 14.03 264.20   9.18  0.62 11.01 221.10  29.67
19860707 090000  1.1 182.6  1.84 13.78 261.09  16.89  2  1.75 13.79 263.81   9.77  0.57 10.94 228.68  34.18
19860707 120000  1.7 209.5  1.90 13.58 261.55  15.33  2  1.87 13.59 263.39  11.55  0.37 10.78 207.79   8.70
19860707 150000  0.8 202.0  1.98 13.40 261.89  14.18  2  1.96 13.41 262.99  11.80  0.30 10.48 207.21   8.17
19860707 180000  2.1 241.6  2.03 13.24 262.56  13.53  2  2.01 13.24 263.26  11.99  0.25 10.38 208.12   8.88
19860707 210000  0.5  77.1  2.02 12.88 263.51  13.29  2  2.01 12.88 263.96  12.28  0.19 10.36 207.24   8.38
19860708 000000  6.0   7.3  1.96 12.64 265.11  16.47  3  1.95 12.65 265.73  15.46  0.17 10.47 209.07   9.16  0.15 18.97 215.87  10.18
19860708 030000  4.6 352.2  1.90 12.53 267.43  21.13  3  1.88 12.53 268.21  20.19  0.19 18.74 213.36   9.58  0.14 11.59 211.13   9.44
19860708 060000  6.0 354.3  1.88 12.39 270.62  24.18  5  1.86 12.39 271.55  22.87  0.19 18.05 214.28  10.88  0.18 15.59 216.47  11.85  0.16 14.51 305.91   7.83  0.11 11.11 210.79   8.99
19860708 090000  6.2 336.1  1.99 11.97 275.22  27.28  3  1.96 11.97 276.46  25.84  0.32 17.70 212.87  10.67  0.16 14.50 305.96   7.84
19860708 120000  8.2 356.8  2.24 11.70 279.07  30.05  3  2.20 11.70 280.60  28.56  0.37 17.34 213.25  12.08  0.14 14.50 305.99   7.94
19860708 150000  3.5 324.7  2.49 11.58 278.76  28.96  3  2.45 11.57 280.48  27.24  0.43 16.69 213.88  12.23  0.10 14.49 310.61   5.59
19860708 180000  2.8 280.3  2.77 11.69 275.52  26.52  2  2.74 11.68 276.96  24.91  0.43 16.32 209.51   7.61
19860708 210000  3.5 100.4  2.94 11.82 271.61  25.93  2  2.90 11.80 273.34  24.19  0.52 15.58 211.82   8.56
19860709 000000  3.3  95.5  2.99 11.82 267.87  26.73  2  2.63 11.71 276.70  23.49  1.44 14.01 238.84  15.00
19860709 030000  4.3 204.2  2.97 11.80 263.65  26.99  1  2.97 11.80 263.65  26.99
19860709 060000  7.4 173.9  2.95 13.77 258.77  28.40  2  2.78 13.79 254.50  27.38  0.97 10.67 292.29   7.98
19860709 090000  8.7 180.6  2.91 14.35 253.11  30.57  4  0.65  3.43 181.92  32.33  1.93 12.60 255.53  13.89  1.58 14.86 229.85  12.66  1.34 10.16 295.12  16.92
19860709 120000  5.8 163.5  2.80 14.18 249.62  30.40  2  0.65  3.81 181.12  33.69  2.73 14.18 252.44  26.62
19860709 150000  5.1 193.2  2.67 13.70 248.16  28.46  2  2.43 13.72 238.87  20.67  1.12 10.79 295.24  14.18
19860709 180000  7.1 199.1  2.59 13.36 245.76  27.59  2  2.36 13.37 236.86  19.60  1.07 10.40 293.07  13.86
19860709 210000  8.2 212.8  2.54 12.92 243.24  27.18  2  2.53 12.92 243.11  27.04  0.12 12.72 310.32   5.87
19860710 000000 11.0 187.7  2.55 12.66 238.84  28.87  2  1.04  4.29 212.15  32.85  2.33 12.66 243.61  25.45
19860710 030000  8.4 184.4  2.50 12.44 235.76  29.85  4  1.16  4.94 210.17  34.02  2.16 12.41 241.70  25.42  0.47 16.47 241.11   9.46  0.16 12.71 304.30   9.73
19860710 060000  8.4 185.2  2.38 12.09 234.96  29.21  3  2.32 12.04 234.28  29.48  0.50 16.33 241.73   9.19  0.17 12.69 300.38  12.29
19860710 090000  6.1 168.0  2.24 11.99 234.63  28.81  4  0.98  5.46 209.23  33.02  1.95 11.94 239.53  25.28  0.52 16.14 241.78   9.78  0.14 12.67 306.15   8.17
19860710 120000  6.0 185.6  2.08 11.80 235.60  27.82  3  2.00 11.76 234.89  28.40  0.54 15.81 241.85   9.43  0.12 12.67 306.27   8.34
19860710 150000  5.3 208.4  1.92 11.47 236.82  27.19  2  1.83 11.47 236.42  28.22  0.57 15.58 240.65  11.03
19860710 180000  7.4 210.5  1.82 11.21 237.18  27.32  4  1.54 11.24 226.10  20.05  0.76  9.54 281.46  12.43  0.58 15.34 240.74  11.22  0.09 12.32 309.91   5.82
19860710 210000  5.9 204.9  1.72 10.96 238.76  27.58  4  1.37 11.17 224.58  20.15  0.81  9.59 277.44  13.89  0.65 15.02 241.72  10.42  0.10 11.92 310.17   5.42
19860711 000000  3.8 173.7  1.72 14.79 241.90  25.67  4  1.11 10.86 228.78  16.55  0.93 14.80 241.43  10.54  0.91  9.47 264.43  33.08  0.13 11.85 307.32   7.68
19860711 030000  4.2 183.4  1.90 14.62 244.36  21.74  5  1.41 14.64 243.10  10.58  0.86  9.02 265.06  31.23  0.74 11.20 220.12   9.79  0.57  9.87 248.08  13.59  0.14 11.85 306.23   8.47
19860711 060000  5.9 173.2  2.18 14.34 245.31  19.46  3  2.04 14.34 242.70  13.53  0.77  8.98 265.47  35.58  0.14 11.84 306.36   8.47
19860711 090000  4.3 163.0  2.49 13.91 245.74  17.71  2  2.49 13.91 245.60  17.45  0.13 11.84 306.37   8.67
19860711 120000  4.3 160.7  2.81 15.06 245.45  16.85  2  2.81 15.06 245.35  16.67  0.12 11.83 306.10   8.97
19860711 150000  4.5 188.5  3.06 14.59 245.00  16.49  2  3.06 14.59 244.93  16.35  0.11 11.80 306.34   8.53
19860711 180000  8.1 177.5  3.20 14.37 243.62  18.54  1  3.20 14.37 243.62  18.54
19860711 210000  9.3 182.5  3.23 14.27 241.49  21.22  3  0.72  3.55 187.10  32.05  2.75 14.05 250.73  12.23  1.54 15.85 220.63   9.34
19860712 000000  8.6 179.9  3.29 14.33 238.67  22.59  2  2.77 13.65 245.99  22.80  1.77 15.23 221.78   9.34
19860712 030000 10.8 188.0  3.48 14.39 235.04  23.23  4  1.27  5.03 202.57  30.07  2.43 13.97 251.58  12.89  2.14 14.95 223.52   9.78  0.11 11.10 305.94   8.32
19860712 060000 11.1 187.6  3.69 14.29 232.10  23.55  4  1.60  5.81 207.32  30.27  2.85 14.59 230.89  16.69  1.71 13.92 253.98   7.97  0.12 11.07 303.00  10.83
19860712 090000 10.3 190.8  3.84 14.15 230.67  23.08  2  3.54 15.14 226.52  22.66  1.48 13.86 253.24   7.24
19860712 120000  8.7 177.5  3.88 14.13 230.04  22.51  1  3.88 14.13 230.04  22.51
19860712 150000  8.7 192.3  3.84 14.13 229.78  21.53  1  3.84 14.13 229.78  21.53
19860712 180000 10.4 195.2  3.83 14.07 228.46  21.37  1  3.83 14.07 228.46  21.37
19860712 210000 12.0 193.8  3.90 13.99 225.95  22.38  1  3.90 13.99 225.95  22.38
19860713 000000 10.3 179.9  3.86 13.94 224.54  23.19  2  2.24  7.78 214.01  30.05  3.14 13.94 229.36  16.75
19860713 030000  9.8 176.0  3.66 13.89 223.93  23.63  2  2.08  8.11 211.72  30.98  3.02 13.89 229.07  16.81
19860713 060000  9.0 171.2  3.44 13.88 224.06  23.22  3  1.86  7.82 210.91  30.55  2.86 14.25 228.36  16.88  0.41 13.54 255.00   0.00
19860713 090000  9.2 179.8  3.31 13.88 223.53  22.77  3  1.85  8.30 213.40  30.46  2.69 14.35 226.23  15.51  0.56 13.50 260.50   5.56
19860713 120000  8.2 171.4  3.27 13.96 222.64  22.56  3  1.87  8.22 213.56  29.72  2.54 14.36 223.42  13.96  0.85 12.75 256.39   7.08
19860713 150000  5.7 191.6  3.22 14.31 222.83  21.15  3  2.61 14.62 223.56  14.80  1.78  8.25 216.23  28.05  0.63 12.97 259.67   6.19
19860713 180000  8.7 211.9  3.23 14.59 222.35  19.85  2  3.11 14.89 219.77  17.99  0.86 13.42 257.27   8.40
19860713 210000  6.5 203.2  3.27 14.94 221.41  19.01  2  3.18 15.16 219.33  17.27  0.77 13.29 258.28   8.43
19860714 000000  3.3 300.6  3.33 15.46 220.60  17.94  2  3.25 15.58 218.74  16.18  0.74 13.31 258.12   8.49
19860714 030000  2.5 266.7  3.39 15.85 219.94  16.97  2  3.35 15.85 219.11  16.13  0.50 12.85 259.20   6.96
19860714 060000  3.3 272.7  3.42 15.91 219.57  16.27  2  3.34 15.96 217.81  14.31  0.74 12.65 257.32   8.41
19860714 090000  1.3 304.8  3.40 15.82 219.50  15.82  1  3.40 15.82 219.50  15.82
19860714 120000  9.6 342.5  3.34 15.68 220.24  19.17  1  3.34 15.68 220.24  19.17
19860714 150000  5.1 346.1  3.23 15.57 220.76  21.67  1  3.23 15.57 220.76  21.67
19860714 180000  4.4 310.4  3.13 15.49 220.40  20.28  1  3.13 15.49 220.40  20.28
19860714 210000  4.6 348.7  3.03 15.44 220.03  20.50  1  3.03 15.44 220.03  20.50
19860715 000000 17.2 355.8  3.22 15.38 232.25  46.31  2  1.52  4.83 338.25  29.50  2.83 15.38 217.86  14.82
19860715 030000 12.2 352.0  3.48 15.28 258.61  57.30  2  2.29  6.78 334.55  29.58  2.62 15.28 216.81  14.27
19860715 060000 10.7 342.4  3.57 15.14 271.28  54.94  2  2.62  7.92 323.37  29.93  2.42 15.14 215.91  13.82
19860715 090000  8.5 345.9  3.44 14.84 269.05  51.11  3  2.58  8.66 313.27  29.52  2.27 14.85 215.43  13.49  0.11 14.65 304.45   9.20
19860715 120000  3.0 306.1  3.14 14.60 258.50  48.16  3  2.22 14.60 215.77  14.24  2.22  8.70 307.08  28.24  0.12 14.59 304.27   9.34
19860715 150000  3.2 188.4  2.84 14.45 248.06  45.44  4  2.17 14.45 215.54  14.17  1.83  8.41 303.49  27.65  0.12 14.58 304.61   9.97  0.08 12.66 315.61   7.52
19860715 180000  8.7 198.7  2.62 14.32 238.22  41.23  3  2.12 14.32 215.96  14.81  1.53  8.10 295.24  33.68  0.14 14.59 306.99  11.11
19860715 210000 11.0 190.7  2.58 14.14 228.01  36.60  4  1.04  4.22 209.31  33.81  2.09 14.13 216.83  15.35  1.10  7.85 301.13  19.39  0.12 14.59 307.73  10.08
19860716 000000  9.6 179.9  2.57 13.74 220.85  32.90  3  2.45 13.74 214.39  23.62  0.80  7.67 301.73  15.37  0.12 14.53 309.98   9.93
19860716 030000 10.4 182.6  2.53 13.52 217.18  29.72  4  2.46 13.51 213.78  24.17  0.57  7.42 302.22  13.14  0.09 14.26 307.35   8.94  0.08 11.93 315.48   8.16
19860716 060000 11.6 175.5  2.48 13.37 214.37  28.23  4  2.45 13.37 212.51  25.04  0.40  7.17 301.87  12.26  0.11 13.74 305.25   9.27  0.08 11.87 316.99   7.12
19860716 090000  8.6 168.3  2.39 13.24 213.96  26.78  5  1.65  6.93 209.37  32.19  1.69 13.22 215.74  14.01  0.28  6.86 301.08  11.82  0.12 13.67 305.13   9.26  0.08 11.87 316.68   7.52
19860716 120000 10.3 174.8  2.28 12.99 213.25  26.05  5  1.60  7.19 209.29  31.82  1.61 12.94 215.41  14.29  0.19  6.72 301.13  11.32  0.12 13.66 305.08   9.31  0.08 11.88 316.92   7.22
19860716 150000  7.0 179.4  2.19 12.69 213.24  24.98  4  1.56  7.04 211.01  31.38  1.54 12.68 214.83  14.12  0.11 13.65 305.24   9.43  0.07 11.88 316.92   7.29
19860716 180000 10.5 196.2  2.18 12.57 213.81  22.97  3  1.63  7.17 212.83  27.35  1.45 12.56 214.57  14.23  0.12 13.61 309.13  10.34
19860716 210000 10.1 202.2  2.31 12.51 214.67  22.67  3  1.85  7.05 214.73  25.77  1.39 12.51 214.24  14.38  0.11 13.59 309.94  10.31
19860717 000000  7.1 207.6  2.34 12.42 216.51  22.93  3  1.93  7.51 217.90  25.70  1.32 12.42 213.38  13.57  0.10 13.50 310.75   9.69
19860717 030000  6.6 199.3  2.29 12.19 217.89  22.66  4  1.95  8.05 219.38  24.53  1.21 12.18 213.77  14.42  0.10 13.28 309.16   9.53  0.06 11.08 314.74   8.09
19860717 060000  8.1 191.9  2.21 11.86 218.21  22.43  3  1.86  8.32 219.47  24.24  1.19 11.85 214.74  14.79  0.12 12.86 309.46  10.21
19860717 090000  6.7 196.0  2.12 11.74 218.46  22.26  4  1.80  8.38 220.56  24.08  1.11 11.84 211.86  12.32  0.22 11.06 235.00   0.00  0.12 12.77 309.06  10.54
19860717 120000  4.1 220.0  2.04 11.65 219.23  21.93  4  1.73  8.49 221.71  23.51  1.04 11.80 211.29  11.46  0.22 11.06 235.00   0.02  0.12 12.73 309.03  10.59
19860717 150000  7.1 204.3  1.96 11.50 219.88  21.57  4  1.68  8.67 222.28  22.83  0.98 11.70 211.50  11.88  0.22 11.06 235.00   0.00  0.12 12.70 309.49  10.29
19860717 180000  7.7 203.7  1.90 11.18 220.09  21.56  4  1.58  8.76 221.48  22.93  1.03 11.18 216.61  15.52  0.13 15.69 201.09   5.79  0.11 12.68 310.00  10.25
19860717 210000  9.3 202.4  1.93 11.03 219.26  22.16  4  1.63  8.76 220.14  23.77  0.99 11.03 217.49  15.18  0.25 14.46 202.20   7.12  0.10 12.65 310.58  10.14
19860718 000000  3.5 207.6  1.84 10.94 219.96  22.81  5  1.51  8.23 221.50  24.93  1.01 10.94 217.13  15.41  0.25 14.45 203.93   6.50  0.10 12.60 311.09   9.94  0.06 20.58 235.79   9.77
19860718 030000  6.8 189.0  1.72 10.86 220.83  22.67  5  1.40  8.22 222.92  24.76  0.93 10.86 218.14  15.30  0.35 13.52 203.28   6.68  0.10 12.51 311.03   9.86  0.08 20.42 236.70   9.31
19860718 060000  7.6 172.7  1.67 10.73 218.91  24.31  5  1.38  8.21 219.78  26.67  0.76 10.57 206.98   8.46  0.53 10.98 235.29   8.47  0.10 20.29 238.67  13.32  0.10 12.36 310.83   9.92
19860718 090000  7.1 163.5  1.59 10.51 217.98  25.61  6  1.32  8.29 217.80  28.30  0.54 10.54 234.40   7.71  0.53 10.62 205.17   7.31  0.44 12.70 208.98   9.48  0.13 19.81 236.60   8.79  0.10 12.12 310.45  10.11
19860718 120000  7.2 180.2  1.54 10.41 217.81  25.43  6  1.26  8.51 217.18  28.31  0.57 11.48 231.63   8.92  0.46 10.39 203.71   6.66  0.44 12.83 209.15   9.77  0.17 19.16 236.25   9.22  0.10 11.98 310.05  10.49
19860718 150000  6.4 179.4  1.55 10.33 217.88  24.70  6  1.23  8.30 216.17  28.07  0.75 10.83 210.89  10.39  0.44 10.12 234.28   8.01  0.29 12.00 239.19   5.32  0.19 19.06 237.61   7.96  0.09 11.91 310.10  10.48
19860718 180000  8.7 200.5  1.65 10.20 219.23  22.27  7  1.33  8.34 217.20  24.65  0.61 12.52 213.43  11.20  0.60 10.00 229.81   9.77  0.31 10.44 203.08   7.56  0.27 18.83 236.45   8.39  0.26 11.86 240.24   5.81  0.09 11.87 309.80  11.17
19860718 210000  8.7 200.1  1.86  9.82 219.83  21.88  7  1.57  8.76 218.64  23.58  0.56 10.63 235.19   9.41  0.50 14.42 218.07  12.32  0.43 10.00 206.09   7.18  0.39 12.41 213.85   7.92  0.29 18.27 236.71   8.85  0.08 11.82 310.53  10.47
19860719 000000  4.2 242.4  1.89  8.39 222.08  21.56  5  1.61  8.39 220.59  23.31  0.78 14.72 217.49  11.64  0.51 10.52 238.02   7.69  0.37 17.87 235.57   9.11  0.08 11.78 310.88  10.29
19860719 030000  3.7 262.4  1.88 14.59 224.25  20.52  5  1.48  8.10 222.43  23.38  0.91 14.58 221.00  11.95  0.63  9.85 234.94   9.77  0.36 17.87 237.58   8.59  0.08 11.74 311.12  10.05
19860719 060000  5.2 209.2  1.88 14.33 225.83  19.46  5  1.40  8.17 223.90  23.07  0.88 14.33 224.82  11.47  0.77 10.53 229.35  12.98  0.45 17.64 234.61   9.53  0.08 11.70 311.38   9.82
19860719 090000  2.6  83.6  1.89 14.19 226.77  18.42  4  1.55  8.77 225.70  20.47  0.97 14.19 226.94  11.00  0.44 17.69 236.20   9.45  0.08 11.62 311.86   9.23
19860719 120000  2.7 284.7  1.91 13.90 227.60  17.29  4  1.52  8.98 226.28  19.46  1.03 13.91 228.36  11.03  0.51 16.95 233.88   9.95  0.08 11.53 311.90   9.27
19860719 150000  0.5 232.7  1.93 13.63 228.13  16.41  4  1.47  9.00 226.73  18.92  1.14 13.63 228.84  11.15  0.52 16.89 234.44   9.63  0.07 15.52 307.71  11.04
19860719 180000  4.2 254.3  1.96 13.45 228.66  16.09  3  1.43  9.03 226.85  18.94  1.33 13.46 230.48  10.97  0.07 15.52 308.95  11.24
19860719 210000  4.3 210.8  1.99 13.28 228.87  15.93  5  1.40  9.18 226.18  18.64  1.22 13.28 230.50  11.13  0.73 15.95 232.50  11.25  0.10  8.96 291.30  16.67  0.06 15.52 305.79  11.07
19860720 000000  1.7 172.2  2.00 15.35 228.81  15.82  5  1.38  9.35 225.09  18.45  1.20 13.08 230.72  10.78  0.81 15.74 233.74  11.27  0.11  8.58 288.35  15.78  0.06 15.52 305.40  11.50
19860720 030000  3.9 181.9  1.99 15.29 228.87  15.49  4  1.20  8.77 223.19  19.01  1.16 12.62 230.46  10.49  1.08 15.29 233.05  11.79  0.13  8.40 288.91  15.17
19860720 060000  4.9 167.0  1.99 15.04 228.67  15.96  3  1.65 15.04 231.52  11.24  1.12  8.75 221.44  20.67  0.13  8.20 287.67  14.18
19860720 090000  4.1 145.8  2.02 14.47 229.00  15.84  4  1.73 14.47 231.61  10.93  1.04  8.46 220.20  21.38  0.13  7.97 286.37  12.54  0.07 14.55 302.63  11.64
19860720 120000  2.8 164.1  2.07 14.27 229.57  15.07  4  1.84 14.26 231.52  10.90  0.93  8.19 220.06  21.67  0.13  7.84 285.21  11.40  0.08 14.53 304.13  11.15
19860720 150000  3.1 189.7  2.11 13.99 230.16  14.14  4  1.91 13.96 231.85  10.89  0.88  7.81 220.43  19.77  0.12  7.70 285.38  11.29  0.08 14.55 304.84  11.04
19860720 180000  4.8 187.9  2.14 13.48 230.40  14.21  4  1.95 13.47 232.22  10.91  0.87  7.67 219.45  20.14  0.11  7.48 285.27  11.61  0.08 14.59 305.33  10.83
19860720 210000  6.5 195.1  2.17 12.97 230.28  15.00  5  0.94  7.66 217.93  21.31  1.95 12.97 232.83  10.93  0.17 20.55 222.40   8.49  0.10  7.35 285.41  10.79  0.08 14.67 305.92  10.57
19860721 000000  6.0 188.5  2.19 12.72 230.03  16.31  2  2.18 12.72 230.08  16.34  0.19 20.57 222.87   9.31
19860721 030000  7.0 187.4  2.16 12.49 229.73  17.63  1  2.16 12.49 229.73  17.63
19860721 060000  7.9 168.5  2.13 12.14 228.87  19.92  3  1.06  7.18 211.43  29.23  1.82 12.14 234.21  11.38  0.28 19.39 224.23   9.32
19860721 090000  5.4 151.0  2.05 14.09 229.37  20.28  4  1.74 14.09 234.42  11.32  1.03  6.48 212.89  30.20  0.31 19.55 225.32   9.59  0.08 13.82 304.89  12.36
19860721 120000  3.8 165.0  1.96 14.13 230.59  18.81  3  1.65 14.13 234.83  11.80  1.00  6.64 218.38  27.95  0.35 19.98 226.54   9.76
19860721 150000  4.3 179.9  1.88 14.13 231.23  17.71  3  1.56 14.13 235.11  12.07  0.96  6.90 220.88  25.70  0.42 19.81 226.83  10.20
19860721 180000  6.5 193.1  1.80 14.04 230.89  17.79  3  0.90  6.72 218.90  24.93  1.49 14.04 235.22  12.60  0.46 19.17 228.10  10.21
19860721 210000  7.7 190.9  1.79 13.59 228.98  19.95  3  1.01  6.77 215.69  25.98  1.38 13.59 235.42  12.93  0.52 18.99 229.41  10.02
19860722 000000  7.3 182.4  1.79 13.47 227.93  21.72  4  1.08  6.56 214.43  27.66  1.29 13.45 235.73  12.32  0.60 18.49 229.79  10.53  0.09 13.96 306.04  10.88
19860722 030000  9.0 180.3  1.87 13.50 226.09  24.18  4  1.20  5.85 210.64  29.09  1.25 13.49 236.75  12.43  0.70 17.90 231.59  11.14  0.08 13.89 307.05  11.25
19860722 060000  8.8 168.5  1.91 13.49 227.18  25.51  4  1.26  6.13 212.76  31.36  1.22 13.49 238.45  12.24  0.75 17.59 232.17  11.10  0.08 13.73 308.49  11.03
19860722 090000  7.8 170.3  1.95 13.35 228.87  25.48  4  1.24  6.28 213.40  32.06  1.27 13.35 239.57  12.63  0.80 16.93 233.51  11.40  0.08 13.62 309.97   9.75
19860722 120000  8.3 173.1  1.98 12.98 230.29  25.62  4  1.24  6.35 213.35  32.02  1.27 12.97 242.19  12.59  0.88 16.65 234.03  11.91  0.08 13.53 309.23   9.61
19860722 150000  8.4 181.8  2.01 12.63 230.95  26.15  4  1.24  6.28 211.64  31.77  1.31 12.62 243.88  12.45  0.88 16.33 234.96  12.72  0.09 13.43 306.07  11.30
19860722 180000 10.4 198.0  2.12 15.79 230.56  25.60  5  1.39  5.84 213.05  28.53  1.32 12.36 245.22  12.84  0.88 15.94 235.77  12.99  0.09 13.35 305.44  11.25  0.08 23.46 222.31   8.19
19860722 210000 10.6 196.6  2.28 15.57 230.29  25.70  5  1.64  5.99 216.93  27.83  1.24 12.03 246.36  13.22  0.97 15.59 238.37  13.18  0.13 22.45 223.08   8.52  0.09 13.30 306.22  10.97
19860723 000000 10.6 179.4  2.38 15.38 229.35  28.02  6  1.79  6.44 216.70  30.48  1.07 15.39 239.80  13.43  0.88 11.74 255.66   9.67  0.70 12.52 236.52   9.02  0.19 21.81 225.37   8.51  0.09 13.02 307.48  10.07
19860723 030000 11.1 184.6  2.49 15.17 227.34  28.94  5  1.92  6.68 214.29  30.46  1.12 15.17 240.49  13.05  1.08 11.68 249.74  13.06  0.30 20.83 226.37   9.24  0.09 12.93 305.67  12.43
19860723 060000 11.2 176.2  2.56 14.73 227.04  29.69  4  1.96  7.03 212.97  31.30  1.59 14.74 245.80  13.34  0.41 20.32 227.15  10.00  0.08 12.79 307.66  10.85
19860723 090000 10.1 179.6  2.58 14.51 228.45  29.17  4  1.88  7.22 211.75  31.24  1.70 14.51 246.31  12.72  0.51 20.13 226.39   9.30  0.08 12.71 309.04   9.78
19860723 120000  9.3 178.4  2.58 14.35 231.12  27.94  4  1.74  7.21 212.55  31.52  1.78 14.35 246.78  12.23  0.67 19.32 228.28  10.23  0.08 12.68 309.06   9.73
19860723 150000  9.2 179.1  2.62 14.16 232.68  27.05  4  1.63  7.09 211.75  32.44  1.87 14.16 246.96  11.65  0.86 19.03 228.21  10.21  0.08 12.64 308.91   9.76
19860723 180000 11.6 196.2  2.83 13.93 232.46  25.32  3  1.69  6.63 210.48  29.28  2.02 13.93 246.67  11.73  1.04 18.76 229.54  11.31
19860723 210000 12.9 194.4  3.29 17.81 230.45  25.20  3  2.19  6.73 213.68  28.11  2.06 13.80 246.73  11.52  1.36 18.00 232.17  12.22
19860724 000000 12.6 175.3  3.50 17.60 230.10  27.08  3  2.30  7.34 211.84  31.48  2.09 13.76 246.18  11.53  1.59 17.60 235.24  13.63
19860724 030000 11.3 180.0  3.50 17.32 231.19  26.57  2  3.03 13.83 229.23  29.45  1.74 17.32 236.52  13.33
19860724 060000 12.1 174.7  3.47 16.70 231.27  27.16  2  2.98 13.97 229.00  30.36  1.77 16.82 236.95  13.14
19860724 090000 10.5 173.1  3.36 16.46 232.12  26.92  1  3.36 16.46 232.12  26.92
19860724 120000 10.2 178.9  3.24 16.23 232.84  26.48  1  3.24 16.23 232.84  26.48
19860724 150000  9.8 181.8  3.15 15.76 233.16  25.57  1  3.15 15.76 233.16  25.57
19860724 180000 10.2 200.2  3.13 15.57 233.33  23.80  1  3.13 15.57 233.33  23.80
19860724 210000 12.9 197.1  3.36 15.47 230.85  24.14  2  2.10  6.57 213.86  28.75  2.62 15.47 240.60  13.10
19860725 000000  7.1 190.4  3.37 15.37 231.56  24.09  2  2.27  7.36 220.72  30.28  2.50 15.37 239.44  12.55
19860725 030000  9.0 181.2  3.19 15.25 232.75  22.96  1  3.19 15.25 232.75  22.96
19860725 060000  9.2 175.4  3.03 14.97 231.67  23.85  2  1.82  7.52 215.41  31.02  2.42 14.97 239.57  12.72
19860725 090000  8.3 171.7  2.88 14.61 231.35  23.68  2  1.73  7.53 215.36  30.96  2.30 14.61 239.13  12.51
19860725 120000  8.3 186.5  2.72 14.42 231.57  22.99  1  2.72 14.42 231.57  22.99
19860725 150000  8.5 190.8  2.57 14.28 231.88  22.21  2  1.44  7.18 215.00  29.33  2.13 14.28 238.70  12.93
19860725 180000 10.0 204.3  2.51 14.08 231.56  21.32  1  2.51 14.08 231.56  21.32
19860725 210000  9.5 198.0  2.53 13.75 230.33  21.72  2  1.54  6.23 218.77  28.35  2.01 13.75 236.41  13.15
19860726 000000  6.1 184.2  2.49 13.56 230.12  22.11  2  1.55  6.43 221.08  29.85  1.95 13.56 235.15  12.91
19860726 030000  6.3 175.1  2.38 13.44 231.16  20.96  2  1.35  6.81 222.13  29.93  1.96 13.44 234.94  13.27
19860726 060000  8.0 173.3  2.28 13.28 230.92  20.96  1  2.28 13.28 230.92  20.96
19860726 090000  7.4 172.8  2.23 12.91 229.92  21.82  1  2.23 12.91 229.92  21.82
19860726 120000  7.8 163.7  2.19 12.66 229.73  22.25  1  2.19 12.66 229.73  22.25
19860726 150000  5.8 188.0  2.13 12.53 230.91  20.89  2  2.11 12.53 231.07  21.02  0.28 17.12 222.30   6.96
19860726 180000  8.7 203.5  2.14 12.41 230.53  20.16  1  2.14 12.41 230.53  20.16
19860726 210000  8.7 193.6  2.23 12.15 228.48  21.56  3  1.30  6.72 218.02  28.00  1.68 12.15 235.50  15.03  0.69 15.66 220.83   7.82
19860727 000000  9.2 188.2  2.35 11.95 226.40  23.23  4  1.54  6.77 218.92  29.13  1.50 11.95 235.29  15.69  0.94 14.89 221.08   8.67  0.15 15.53 266.79   6.90
19860727 030000  6.5 174.6  2.39 14.33 226.44  23.44  3  1.72 14.27 228.42  14.81  1.60  7.01 221.01  28.98  0.44 14.58 262.86   7.25
19860727 060000  5.8 168.5  2.35 13.98 227.48  22.96  3  1.72 13.85 226.43  14.16  1.49  7.27 222.68  28.38  0.60 14.27 264.04   7.99
19860727 090000  4.6 153.5  2.30 13.64 228.58  22.85  3  1.66 13.60 223.40  11.49  1.36  7.39 223.58  27.58  0.82 13.74 264.34   7.88
19860727 120000  1.9 139.2  2.23 13.49 230.07  22.95  3  1.61 13.50 222.04  10.95  1.24  7.42 225.09  26.40  0.92 13.49 264.90   8.07
19860727 150000  1.5  75.1  2.16 13.43 231.75  23.24  4  1.52 13.50 220.02   9.17  1.15  7.46 226.55  24.59  0.94 13.32 265.30   8.15  0.40 15.76 262.95   8.21
19860727 180000  3.9 282.5  2.10 13.47 233.87  24.01  5  1.46 13.54 219.48   9.46  1.04  7.52 228.68  24.97  0.89 12.94 266.67   7.62  0.62 14.75 263.04   8.54  0.15 17.89 222.98   7.68
19860727 210000  2.0 261.5  2.02 13.39 235.45  24.57  3  1.40 13.40 219.09   9.38  1.15 13.17 265.67   8.34  0.91  7.64 227.01  24.16
19860728 000000  0.5 273.3  1.94 13.31 237.11  25.10  2  1.54 13.28 220.27  14.60  1.18 13.35 265.92   8.51
19860728 030000  3.0 334.1  1.85 13.15 238.82  25.56  3  1.24 13.12 218.13   9.32  1.19 13.17 266.32   8.46  0.69  6.73 223.94  21.83
19860728 060000  2.3 324.6  1.77 12.81 241.03  26.72  3  1.29 12.89 219.46  16.91  1.19 12.76 266.54   8.54  0.19 16.76 220.26   8.55
19860728 090000  1.9 318.7  1.68 12.63 242.40  26.74  3  1.19 12.74 218.68  15.80  1.18 12.57 266.57   8.98  0.17 16.73 220.80   6.48
19860728 120000  4.9 331.7  1.61 12.48 244.37  28.07  3  1.15 12.42 267.01   9.00  1.02 12.62 217.03   9.31  0.49  6.09 235.05  41.90
19860728 150000  1.2 298.2  1.53 12.24 245.42  28.20  2  1.11 12.12 267.44   9.23  1.05 12.46 219.19  20.69
19860728 180000  4.3 247.8  1.46 11.93 246.42  27.96  3  0.40  5.85 240.44  39.49  1.08 11.86 267.74   9.81  0.90 12.30 215.98   8.97
19860728 210000  4.4 265.2  1.41 11.79 248.29  28.61  2  1.11 11.73 267.84  16.67  0.86 12.21 215.44   8.91
19860729 000000  5.3 347.7  1.39 11.67 251.88  31.05  3  1.12 11.62 271.36  19.95  0.80 12.32 215.25   8.83  0.18 18.87 213.19   7.29
19860729 030000  3.4 298.9  1.39 11.46 254.65  32.30  5  1.00 11.34 268.01  12.81  0.76 12.49 215.14   8.59  0.54  4.84 296.60  27.63  0.23 18.24 211.59   7.12  0.06 10.73 321.38   6.02
19860729 060000  1.7 258.7  1.38 11.15 255.48  32.99  5  0.95 11.08 269.72  10.57  0.71 12.64 215.21   8.64  0.61  5.00 292.01  29.23  0.37 17.54 211.95   6.77  0.06 10.66 321.42   6.03
19860729 090000  1.5 325.5  1.37 11.04 254.38  33.57  6  0.93 10.99 269.92  11.20  0.59  5.03 294.06  26.98  0.57 12.41 214.62   8.75  0.44 17.21 211.92   6.76  0.40 14.33 215.77   7.66  0.06 10.62 321.75   6.06
19860729 120000  6.3 347.7  1.38 10.97 254.23  36.74  5  0.62  5.04 300.65  33.21  0.89 10.91 270.93  10.42  0.62 16.53 213.08   7.73  0.58 12.61 214.60   7.93  0.06 10.57 321.67   6.12
19860729 150000  3.8  17.0  1.39 10.85 254.90  39.20  3  0.87 16.29 213.68   7.81  0.85 10.77 271.86  10.73  0.67  4.94 305.52  33.53
19860729 180000  2.9 244.5  1.38 15.62 252.84  38.40  3  0.90 15.63 213.64   7.75  0.81 10.47 272.26  10.83  0.66  5.05 302.24  29.62
19860729 210000  5.4 235.7  1.40 15.34 249.80  37.44  3  0.94 15.35 213.64   7.82  0.80 10.34 272.28  11.26  0.67  5.25 296.66  30.36
19860730 000000  3.8 191.3  1.43 14.98 247.16  37.39  2  1.02 10.27 281.58  24.27  0.99 14.99 213.69   8.31
19860730 030000  2.7 172.5  1.47 14.45 244.13  36.72  3  1.07 14.47 214.53   9.71  1.00 10.19 281.92  23.39  0.07 13.40 314.20   7.98
19860730 060000  5.2 172.6  1.57 14.35 238.55  35.34  4  1.18 14.36 218.39  11.58  0.97 10.05 279.75  29.35  0.37 16.89 202.58   5.81  0.08 13.33 311.04  10.08
19860730 090000  4.5 155.1  1.74 14.15 233.58  32.27  4  1.39 14.14 221.30  12.48  0.94  9.77 277.17  33.84  0.44 16.70 201.39   5.90  0.08 13.33 313.05   8.67
19860730 120000  5.8 180.5  1.92 13.67 230.37  29.13  2  1.70 13.67 220.87  14.07  0.90  9.70 275.19  36.11
19860730 150000  3.7 192.4  2.07 13.39 228.16  26.90  4  1.74 13.33 223.63  14.08  0.85  9.63 274.86  34.28  0.72 15.70 204.45   7.81  0.10 12.64 313.01   9.52
19860730 180000  5.4 218.0  2.15 13.26 226.46  25.58  3  2.00 13.29 220.10  16.14  0.79  9.58 276.78  28.24  0.09 12.48 312.34   9.55
19860730 210000  7.9 214.3  2.19 13.50 224.86  25.39  4  0.49  2.86 220.69  33.26  2.03 13.52 220.10  17.83  0.63  9.50 284.31  16.68  0.10 12.53 310.90  10.57
19860731 000000  4.9 197.3  2.17 13.65 223.32  25.84  4  0.59  3.62 217.31  34.22  2.00 13.66 219.17  19.25  0.60  9.46 280.61  14.56  0.08 12.54 314.38   7.96
19860731 030000  6.6 182.0  2.11 13.85 221.81  26.24  3  0.53  3.56 205.35  34.82  1.95 13.86 217.81  19.34  0.62  9.33 278.70  13.99
19860731 060000  8.2 162.4  2.08 13.99 218.66  27.86  3  0.63  3.35 185.21  35.57  1.89 13.99 216.75  19.79  0.59  9.19 275.78  12.10
19860731 090000  5.3 148.9  2.02 13.96 217.54  27.31  2  1.92 13.97 211.81  21.04  0.65  9.19 274.86  14.36
19860731 120000  7.7 170.0  2.00 13.89 216.03  26.57  2  1.71 13.89 209.44  10.49  1.03  9.39 241.43  42.16
19860731 150000  6.6 174.7  2.02 13.83 213.97  25.80  2  1.07  9.14 231.31  42.84  1.72 13.83 209.14  10.38
19860731 180000  6.6 198.9  2.01 13.81 214.00  23.78  3  0.98  9.05 235.59  39.75  1.75 13.81 208.70  10.23  0.13 19.07 253.89  12.90
19860731 210000  9.3 196.9  2.13 13.85 213.01  22.72  4  1.03  4.56 207.86  28.21  1.76 13.85 208.78   9.94  0.61  8.87 267.94  14.95  0.16 18.77 253.67  11.31
19860801 000000  8.3 178.1  2.20 13.96 211.98  23.06  4  1.18  5.17 209.09  30.75  1.77 13.96 208.34   9.40  0.53  8.88 267.93  14.93  0.21 18.42 254.14  11.99
