Date     Time   Uabs UDir  hs    tp    th     sp     np hs(i) tp(i) th(i)  sp(i)
19980301 000000  2.9 162.3  2.13 20.31 239.47  38.60  4  1.76  8.85 222.45  20.91  0.83 15.61 308.55  10.91  0.63 11.82 223.10  12.95  0.59 20.31 307.62   9.21
19980301 030000  3.7 226.0  2.12 20.31 242.47  40.22  4  1.67  8.56 222.27  21.00  0.89 15.55 308.73  10.75  0.68 11.78 219.68  12.62  0.65 20.36 305.08   9.51
19980301 060000  5.5 194.4  2.08 20.29 242.99  40.94  5  1.56  8.26 222.02  21.16  0.82 11.69 217.18  11.78  0.76 15.42 309.73  10.71  0.63 20.34 305.53  10.64  0.50 17.76 305.08   8.65
19980301 090000  2.8 181.7  2.01 20.17 242.46  41.17  5  1.45  8.79 221.54  20.62  0.88 11.51 216.76  11.23  0.74 15.29 309.37  11.29  0.59 17.79 306.39   8.95  0.51 20.33 307.43  11.34
19980301 120000  2.0 238.8  1.97 18.79 243.91  41.79  3  1.65 11.28 219.95  17.57  0.81 18.79 308.61   9.94  0.73 15.17 308.79  10.73
19980301 150000  4.6 325.9  1.99 18.92 248.98  43.09  3  1.61 11.19 220.52  19.05  0.90 18.92 308.23   9.52  0.75 15.02 308.04  11.22
19980301 180000  4.5 320.3  1.99 18.94 253.66  43.55  3  1.57 11.21 221.99  21.62  0.97 18.94 306.94   9.81  0.75 14.83 308.27  10.71
19980301 210000  4.1 276.3  1.95 18.92 255.50  43.15  3  1.51 11.21 222.31  19.59  0.97 18.92 307.05   9.86  0.77 14.73 307.51  11.15
19980302 000000  2.7 278.4  1.89 18.79 256.52  42.88  3  1.45 11.17 222.62  17.18  1.02 18.79 307.08  10.30  0.65 14.37 309.51  10.83
19980302 030000  2.2 244.2  1.84 17.67 259.31  42.82  3  1.39 11.08 223.35  15.63  1.02 17.68 308.31   9.90  0.66 14.35 308.80  11.17
19980302 060000  4.6 166.2  1.84 17.62 263.00  43.10  3  1.34 10.99 223.29  16.24  1.07 17.62 308.16   9.71  0.66 14.33 308.50  11.16
19980302 090000  4.3 176.5  1.84 17.64 266.43  42.73  3  1.30 10.87 223.63  16.98  1.12 17.64 307.57   9.82  0.67 14.32 307.20  11.18
19980302 120000  5.8 197.2  1.83 17.63 267.88  42.19  4  1.24 10.68 224.46  17.26  1.14 17.64 306.80  10.24  0.66 14.29 307.50  10.81  0.32 14.83 220.91   8.37
19980302 150000  7.7 202.1  1.86 17.57 265.34  42.99  3  1.30 17.58 307.09  10.56  1.25 10.48 223.71  19.56  0.43 14.62 220.88   8.54
19980302 180000  8.4 209.7  1.94 17.31 260.03  43.24  5  0.84  4.04 215.16  28.98  1.25 17.34 307.43  10.64  1.06 10.40 228.83  12.95  0.55 14.27 222.21   8.34  0.26 20.57 312.48   7.19
19980302 210000  8.4 205.9  1.99 16.54 257.84  43.09  5  0.94  4.47 215.96  28.52  1.25 16.61 307.90  10.37  0.96 10.45 232.14  13.05  0.75 13.99 223.31  10.18  0.22 20.63 314.96   4.87
19980303 000000  5.3 170.9  2.02 16.43 258.90  42.41  6  0.87  4.66 214.46  30.58  1.18 16.48 307.76   9.96  0.94 13.53 227.72  12.36  0.86 10.36 233.17  13.46  0.50 13.43 309.07  10.90  0.23 11.83 245.00   0.00
19980303 030000  7.3 193.9  2.12 16.41 258.61  40.63  5  1.60 13.32 226.94  20.04  1.12 16.43 306.03  10.39  0.50 13.42 309.46  10.58  0.48 19.23 312.37   6.56  0.43 11.91 250.01   5.04
19980303 060000  7.9 180.5  2.29 16.39 254.38  40.06  4  1.44 11.92 230.91  26.74  1.26 16.42 306.32  10.64  1.18 13.13 225.85   9.87  0.45 19.20 311.92   7.06
19980303 090000  6.5 184.8  2.35 16.34 254.29  38.61  5  1.53 11.77 235.12  25.34  1.24 16.37 306.18  10.67  1.19 12.65 225.11   9.62  0.47 19.08 311.85   8.58  0.06 24.96 308.94   8.70
19980303 120000  7.0 208.8  2.35 16.20 255.74  37.28  5  1.58 11.61 238.91  22.72  1.27 16.28 306.38  10.55  1.14 12.64 224.47   9.58  0.36 19.13 316.42   5.17  0.07 24.93 309.97   8.88
19980303 150000  5.1 209.2  2.32 15.63 257.29  36.48  4  1.54 11.25 242.60  21.27  1.30 15.80 307.46  10.37  1.15 12.57 224.25   9.86  0.08 24.78 310.18   8.56
19980303 180000  8.3 200.0  2.33 15.38 256.72  36.60  5  1.54 11.17 243.33  22.24  1.19 12.56 223.98  10.31  1.11 15.51 306.36  10.46  0.64 17.97 311.87   7.20  0.10 23.77 309.25   9.23
19980303 210000  7.3 210.4  2.35 15.29 255.97  36.78  6  0.75  4.07 213.85  29.48  1.40 11.17 250.31  13.33  1.18 12.34 222.90   9.81  1.09 15.44 306.71  10.61  0.66 17.87 310.34   7.96  0.13 23.40 309.56   9.15
19980304 000000  1.5 238.9  2.32 15.27 257.48  36.53  5  1.46 11.46 246.58  22.33  1.26 12.08 223.82  10.29  1.12 15.43 306.11  10.72  0.61 17.84 311.94   6.91  0.15 23.33 310.27   8.93
19980304 030000  2.2 191.9  2.26 15.30 259.35  36.28  5  1.41 11.49 248.23  19.72  1.20 11.99 222.72   9.86  1.19 15.50 305.88  10.43  0.46 17.87 316.00   5.04  0.17 23.30 310.61   8.72
19980304 060000  3.6 182.4  2.19 15.57 261.66  36.47  4  1.29 11.32 250.06  18.15  1.29 15.80 307.12  10.40  1.19 12.46 223.19  10.57  0.19 23.14 310.37   8.97
19980304 090000  4.0 180.0  2.11 16.29 263.57  37.02  4  1.28 16.34 307.02  10.53  1.27 10.96 249.05  17.95  1.08 12.40 221.25   9.85  0.23 22.21 310.11   8.92
19980304 120000  3.5 108.3  2.05 16.32 264.39  37.71  4  1.26 16.40 307.11  10.60  1.15 10.53 250.24  18.87  1.10 12.37 221.70   9.53  0.29 21.87 310.14   8.68
19980304 150000  4.8 198.5  2.05 16.22 262.21  38.46  4  1.46 12.25 229.35  18.84  1.23 16.37 307.31  10.49  0.67 10.72 257.39   9.80  0.32 21.81 310.40   8.58
19980304 180000  8.9 202.5  2.16 15.48 254.82  39.28  4  0.61  3.24 209.17  30.13  1.66 13.09 232.88  17.89  1.20 16.23 307.38  10.49  0.33 21.77 310.37   8.73
19980304 210000 10.4 204.3  2.39 15.17 245.77  39.13  4  1.06  4.33 213.48  30.65  1.77 12.99 230.81  16.52  1.16 15.81 307.53  10.36  0.35 21.63 309.90   8.77
19980305 000000  9.4 206.7  2.62 15.12 240.11  37.84  4  1.32  5.11 215.93  31.87  1.91 12.82 228.47  14.28  1.13 15.60 307.48  10.46  0.41 20.75 309.51   8.81
19980305 030000 11.0 189.0  2.98 15.06 234.68  35.38  4  1.53  5.55 213.25  31.75  2.26 12.66 227.68  13.53  1.09 15.51 307.66  10.17  0.47 20.45 309.54   8.80
19980305 060000 11.0 188.6  3.31 14.40 231.75  32.94  3  3.11 12.60 223.54  21.79  1.04 15.43 307.81   9.86  0.50 20.39 309.78   8.84
19980305 090000 10.2 196.1  3.43 14.11 231.61  31.43  3  3.25 13.40 224.58  21.42  1.00 15.32 307.66  10.09  0.50 20.35 309.87   8.78
19980305 120000  8.9 189.6  3.47 13.53 231.98  30.69  3  3.29 13.35 225.56  21.51  0.96 15.23 307.62  10.24  0.50 20.24 309.28   8.92
19980305 150000 10.5 201.0  3.46 13.30 232.38  30.36  3  3.29 13.19 226.16  21.46  0.92 15.14 307.56  10.33  0.54 19.56 308.88   8.86
19980305 180000 10.7 189.6  3.52 13.03 231.24  30.70  3  3.36 12.90 225.33  22.32  0.87 15.05 307.61  10.33  0.60 19.14 308.94   8.98
19980305 210000 12.8 209.6  3.61 12.84 230.04  30.07  3  3.46 12.74 224.74  22.22  0.83 14.89 307.73  10.24  0.61 19.08 309.32   9.23
19980306 000000 10.8 190.1  3.64 12.77 228.23  30.47  3  3.50 12.67 223.40  23.36  0.78 14.72 307.84  10.25  0.61 19.03 309.69   9.10
19980306 030000 12.0 196.5  3.52 12.77 226.62  31.01  3  3.39 12.62 221.81  23.90  0.73 14.57 308.05  10.23  0.60 18.97 309.45   9.09
19980306 060000 13.4 191.5  3.50 12.71 223.59  31.84  3  3.38 12.54 218.89  24.86  0.70 14.48 307.81  10.37  0.61 18.74 309.12   9.19
19980306 090000 11.9 191.8  3.48 12.53 223.09  31.86  4  2.73  8.50 213.30  27.70  1.94 12.43 227.50  13.66  0.66 14.42 307.93  10.37  0.65 18.05 308.70   9.26
19980306 120000  8.2 190.9  3.26 12.43 225.03  31.75  4  2.50  8.74 215.18  27.39  1.89 12.36 227.24  13.81  0.65 17.88 308.88   9.54  0.64 14.38 307.73  10.46
19980306 150000 11.1 202.9  3.05 12.33 225.75  31.56  3  2.92 12.27 220.14  23.03  0.66 17.81 309.18   9.52  0.59 14.34 307.44  10.76
19980306 180000 13.2 207.9  3.10 12.07 223.99  30.52  3  2.99 11.98 219.08  22.47  0.63 17.78 309.87   9.22  0.57 14.29 306.84  10.97
19980306 210000 15.7 203.3  3.62  7.88 219.87  29.64  3  3.53  7.88 216.57  23.95  0.63 17.70 309.43   9.39  0.52 14.19 306.74  11.74
19980307 000000 12.9 203.9  3.76  8.50 218.01  29.91  3  3.68  8.50 215.07  24.86  0.64 17.53 309.06   9.36  0.48 14.09 307.02  11.96
19980307 030000 12.5 195.0  3.49  8.59 218.02  30.34  3  3.40  8.59 214.62  24.49  0.63 17.03 308.77   9.63  0.48 13.92 307.33  11.78
19980307 060000 12.7 190.0  3.23  8.33 217.26  31.19  3  3.13  8.33 213.40  24.56  0.65 16.77 308.67   9.73  0.43 13.78 308.00  11.01
19980307 090000 10.2 185.7  3.01 11.94 217.85  31.55  4  2.54  8.14 212.28  27.21  1.42 11.88 217.63  11.29  0.63 16.68 308.69   9.83  0.41 13.69 307.96  11.11
19980307 120000  9.0 198.3  2.73 11.95 220.33  31.24  4  2.27  8.06 215.15  26.36  1.34 11.89 217.07  11.22  0.62 16.63 308.68   9.97  0.38 13.55 308.04  11.04
19980307 150000  9.3 196.0  2.56 11.90 221.36  30.96  4  2.05  7.94 216.44  26.17  1.36 11.84 216.56  11.24  0.61 16.58 309.16   9.61  0.34 13.42 306.51  12.07
19980307 180000 12.3 211.5  2.68 11.81 221.46  29.19  3  2.59 11.76 217.31  21.63  0.58 16.51 309.36   9.62  0.34 13.44 306.02  12.10
19980307 210000 13.8 205.1  3.14  7.61 219.87  27.85  3  3.07  7.61 217.00  22.43  0.59 16.37 309.04   9.62  0.31 13.34 306.96  12.30
19980308 000000 11.7 207.4  3.28  8.22 218.88  28.04  2  3.21  8.22 216.33  23.30  0.65 16.14 308.43  10.52
19980308 030000 11.5 190.3  3.25  8.58 217.68  28.24  2  3.19  8.58 215.24  23.67  0.64 15.84 308.26  10.75
19980308 060000 10.3 186.3  3.05  8.82 218.15  28.03  3  2.58  8.82 215.57  26.04  1.51 11.30 215.71  11.66  0.61 15.70 308.12  10.91
19980308 090000  8.1 185.4  2.83 11.08 219.37  27.42  3  2.03  8.27 214.63  27.62  1.88 11.02 218.98  13.49  0.57 15.61 308.32  10.56
19980308 120000  9.3 181.8  2.67 11.10 219.98  26.95  3  2.61 11.06 217.32  21.73  0.54 15.54 308.37  10.61  0.06 20.53 309.83   8.47
19980308 150000  9.8 202.7  2.62 11.04 220.05  26.52  3  2.56 11.01 217.45  21.27  0.53 15.46 308.57  10.55  0.07 20.40 310.36   8.26
19980308 180000 12.2 212.0  2.83 10.99 220.14  25.47  3  2.78 10.96 218.00  20.97  0.52 15.40 308.76  10.44  0.07 20.34 311.38   8.41
19980308 210000 12.7 206.0  3.22  8.41 219.04  25.58  3  3.18  8.41 217.42  22.26  0.51 15.34 308.74  10.58  0.08 20.23 311.58   8.68
19980309 000000 11.9 198.0  3.25  8.79 217.85  26.66  4  3.21  8.79 216.30  23.69  0.50 15.29 308.72  10.69  0.17 16.73 219.88   8.42  0.10 19.60 310.25   9.01
19980309 030000 10.3 195.3  3.13  8.93 217.25  26.80  5  2.95  8.93 215.84  24.75  0.91 12.02 214.33   9.39  0.47 15.22 308.89  10.56  0.20 16.50 217.96   8.39  0.12 19.13 309.45   8.49
19980309 060000 12.0 188.4  3.04  9.06 216.64  26.59  4  3.00  9.06 215.12  23.64  0.45 15.07 308.68  10.92  0.19 16.54 221.53   7.63  0.14 19.04 310.03   8.54
19980309 090000  9.6 189.1  3.00  9.22 216.67  26.07  3  2.97  9.22 215.30  23.24  0.42 14.72 308.63  11.16  0.14 19.02 311.16   8.52
19980309 120000  7.6 202.3  2.89  9.47 217.68  25.27  5  2.85  9.47 216.29  22.42  0.40 14.55 308.67  11.29  0.20 15.82 218.77   8.03  0.14 18.92 311.35   8.85  0.09 19.10 223.85   9.47
19980309 150000  8.2 200.5  2.75  9.56 218.38  24.77  4  2.71  9.55 216.88  21.52  0.40 14.47 308.76  11.25  0.16 18.29 310.14   8.87  0.08 19.15 221.93   6.54
19980309 180000 10.4 213.0  2.69  9.33 218.56  24.51  3  2.66  9.33 216.93  20.88  0.39 14.43 308.76  11.17  0.20 17.85 309.46   8.61
19980309 210000 11.7 205.6  2.86  8.91 217.40  24.46  5  2.74  8.91 216.39  21.56  0.67 14.63 208.33   8.78  0.38 14.41 308.85  11.02  0.22 17.79 309.72   8.79  0.11 17.85 227.57   4.67
19980310 000000  9.8 208.9  3.07  8.51 216.13  24.50  5  2.74  8.51 216.24  23.52  1.31 13.71 209.16   8.74  0.37 14.40 308.77  11.17  0.22 17.77 310.69   8.75  0.18 17.87 229.20   5.42
19980310 030000  8.7 194.5  3.11  8.71 215.70  24.08  5  2.62  8.71 216.20  24.43  1.60 13.58 210.27   8.58  0.36 14.37 308.77  11.45  0.23 17.72 230.99   5.51  0.21 17.72 311.26   8.73
19980310 060000  6.2 194.5  3.05 13.66 215.98  23.11  4  2.48  9.06 216.41  23.86  1.74 13.48 212.05   9.79  0.34 14.31 308.99  11.59  0.22 17.39 310.50   8.73
19980310 090000  5.4 198.3  3.02 13.49 217.08  22.07  4  2.32  9.41 217.52  22.69  1.89 13.39 213.70  11.45  0.33 14.16 309.15  11.55  0.25 16.70 309.75   8.68
19980310 120000  6.7 201.9  3.00 13.38 217.98  21.48  3  2.97 13.32 216.78  18.22  0.31 13.77 309.37  11.62  0.29 16.63 309.70   8.72
19980310 150000  5.5 216.8  2.92 13.32 218.73  21.26  3  2.89 13.27 217.46  17.78  0.31 13.61 309.44  11.61  0.29 16.61 310.13   8.85
19980310 180000  6.2 216.3  2.82 13.24 219.49  21.10  3  2.79 13.17 218.20  17.58  0.30 13.55 309.26  11.69  0.29 16.59 310.75   8.75
19980310 210000  5.1 213.4  2.73 13.11 220.02  20.98  3  2.70 12.97 218.72  17.44  0.29 13.51 309.16  11.68  0.27 16.50 310.65   8.74
19980311 000000  5.0 252.3  2.63 12.95 220.49  21.00  3  2.60 12.84 219.06  17.13  0.29 13.49 308.97  11.69  0.28 15.86 310.03   8.61
19980311 030000  6.7 212.2  2.55 12.86 220.84  21.44  3  2.52 12.78 219.13  16.90  0.31 15.58 309.79   8.70  0.29 13.47 308.67  11.72
19980311 060000  4.4 201.6  2.45 12.79 220.87  22.02  3  2.41 12.72 218.86  16.70  0.34 15.53 309.71   8.86  0.29 13.45 309.10  11.46
19980311 090000  3.7 218.3  2.33 12.72 221.10  22.23  3  2.29 12.66 218.87  16.26  0.34 15.52 309.90   8.97  0.28 13.42 309.53  11.30
19980311 120000  6.7 199.6  2.23 12.67 220.91  22.18  3  2.19 12.61 218.65  16.04  0.32 15.51 310.07   9.11  0.28 13.39 309.98  11.00
19980311 150000  3.4 219.4  2.14 12.65 220.72  21.92  2  2.10 12.58 218.54  15.88  0.40 15.43 310.18   9.91
19980311 180000  9.6 233.4  2.16 12.63 222.26  22.48  2  2.13 12.52 220.31  17.59  0.39 15.14 310.12   9.87
19980311 210000  7.7 192.2  2.19 12.50 221.44  23.88  3  2.16 12.25 219.51  19.46  0.33 14.59 309.73   8.66  0.20 12.60 310.61  12.26
19980312 000000  7.5 218.3  2.10 12.39 221.19  24.28  3  2.06 12.23 218.96  19.19  0.33 14.54 309.76   8.86  0.22 12.66 309.86  11.86
19980312 030000  6.7 207.0  2.01 12.37 221.47  24.50  3  1.97 12.25 218.95  18.74  0.34 14.51 309.86   9.01  0.22 12.63 309.24  11.67
19980312 060000  6.4 197.3  1.93 12.32 221.50  24.99  5  1.88 12.16 218.67  18.73  0.34 14.50 309.78   9.05  0.23 12.66 309.20  11.37  0.10 16.17 243.07   7.59  0.08 18.54 213.83   7.93
19980312 090000  4.9 188.4  1.81 12.23 221.92  25.46  5  1.76 11.95 218.78  18.79  0.33 14.46 309.41   8.74  0.22 12.58 309.97  11.87  0.13 15.80 242.76   7.30  0.12 17.71 216.15   8.01
19980312 120000  4.3 176.0  1.70 11.95 222.71  25.69  4  1.64 11.76 219.12  18.62  0.39 14.39 309.46   9.96  0.22 15.35 240.11   8.33  0.12 17.76 213.80   7.42
19980312 150000  4.6 221.3  1.61 11.72 223.71  25.73  4  1.53 11.56 219.59  18.47  0.37 14.17 309.59   9.93  0.32 14.62 238.72   8.98  0.14 17.62 213.63   7.32
19980312 180000  6.3 218.1  1.60 13.25 224.69  25.79  5  1.22  8.47 222.04  22.05  0.86 11.30 216.75   9.46  0.38 14.02 241.02   7.68  0.36 13.65 309.75   9.88  0.21 16.48 216.87   8.79
19980312 210000  7.8 207.2  1.60 13.27 224.70  26.18  5  1.25  8.04 220.65  22.57  0.78 11.27 217.76  10.06  0.47 13.60 240.13   9.37  0.36 13.56 309.87   9.76  0.22 16.40 214.77   8.27
19980313 000000  5.4 209.0  1.64 12.89 224.33  26.76  5  1.31  7.78 219.28  23.73  0.72 12.55 231.73  13.41  0.56 10.77 215.94   9.60  0.35 13.54 309.79   9.88  0.19 16.69 214.40   7.98
19980313 030000  6.5 185.0  1.59 12.05 225.03  27.43  4  1.22  7.48 218.87  24.64  0.90 12.02 228.12  14.75  0.35 13.52 309.75   9.74  0.30 15.94 213.76   8.16
19980313 060000  7.2 181.7  1.54 11.73 224.71  28.23  4  1.15  7.25 216.88  25.60  0.89 11.70 229.81  14.54  0.35 13.50 309.80   9.48  0.34 15.46 212.37   7.92
19980313 090000  5.3 183.4  1.47 11.44 225.55  28.37  4  1.05  6.96 216.66  25.98  0.93 11.34 229.09  15.09  0.34 13.46 309.54   9.77  0.27 15.60 213.93   7.43
19980313 120000  6.0 177.7  1.39 11.01 226.83  28.47  4  0.94  6.73 217.54  26.27  0.88 10.96 230.73  15.04  0.39 15.38 213.18   7.70  0.34 13.39 309.56   9.84
19980313 150000  4.8 221.9  1.32 10.62 228.07  28.29  5  0.87  6.48 219.03  25.72  0.75 10.27 235.06  14.94  0.45 11.52 215.81   8.56  0.33 15.03 214.21   7.91  0.33 13.20 309.63   9.97
19980313 180000  7.8 222.8  1.36 10.36 228.65  27.36  5  1.18 10.06 227.67  22.75  0.47 11.58 215.69   8.27  0.34 14.62 214.13   8.31  0.32 12.82 309.72  10.10  0.05 17.53 302.71  10.34
19980313 210000  9.2 206.6  1.55 14.35 225.35  27.64  5  1.40  9.64 224.15  24.75  0.42 11.54 216.70  10.02  0.40 14.45 214.27   7.98  0.30 12.70 310.00   9.84  0.05 17.50 303.42   9.53
19980314 000000  7.8 196.6  1.65  6.06 223.05  28.68  7  1.43  6.06 218.27  26.60  0.52  9.59 246.87   8.29  0.42 11.49 216.01   9.11  0.40 14.37 214.38   8.57  0.29 12.65 310.03   9.82  0.06 20.36 283.46  11.46  0.05 17.33 303.38   9.69
19980314 030000  8.3 200.5  1.72  6.70 222.61  28.59  7  1.55  6.70 219.43  26.54  0.41 11.45 216.92  10.20  0.39 14.18 215.44   9.60  0.38  9.49 251.37   6.33  0.28 12.62 310.01   9.73  0.07 20.34 283.84  11.54  0.06 16.63 303.21   9.61
19980314 060000 10.5 196.4  1.89  7.01 220.79  28.29  7  1.79  7.01 219.58  26.70  0.38 11.29 215.96   9.41  0.36 13.74 214.47   8.03  0.28 12.60 309.83   9.82  0.08 14.78 250.90   7.74  0.07 20.33 283.50  12.82  0.07 16.49 303.15   9.56
19980314 090000  8.3 192.5  1.98  7.33 220.96  28.56  8  1.89  7.33 219.84  27.14  0.41 13.51 215.10   9.24  0.27 12.58 309.76   9.70  0.25 11.04 215.59   7.81  0.09 14.32 249.10   5.67  0.08 16.45 302.42  10.40  0.07 20.31 284.39  12.49  0.06 20.07 217.84   8.40
19980314 120000  6.4 198.0  1.98  7.54 223.05  27.42  7  1.88  7.54 221.96  26.10  0.46 13.42 220.39  12.87  0.26 12.54 309.65   9.78  0.24 10.95 215.82   6.96  0.09 16.43 302.42  10.22  0.07 19.37 217.87   8.24  0.07 20.00 284.06  11.74
19980314 150000  7.8 212.0  1.94  7.67 224.54  26.31  7  1.83  7.67 223.24  25.14  0.54 13.15 219.81  10.72  0.25 12.48 309.65   9.86  0.24 11.93 242.77   6.77  0.10 19.00 218.06   7.96  0.09 19.12 283.28  10.98  0.09 16.39 302.81   9.86
19980314 180000  8.6 212.4  1.91  7.60 225.46  25.64  7  1.75  7.60 223.45  24.88  0.59 11.26 233.39  12.19  0.41 13.46 218.43   9.10  0.24 12.37 309.75   9.93  0.13 18.79 218.90   9.00  0.11 19.03 282.87  11.21  0.08 16.15 303.27   9.62
19980314 210000  9.0 212.5  1.92  7.44 226.48  25.31  6  1.65  7.44 222.92  25.46  0.93 11.14 232.23  13.26  0.23 12.14 309.90  10.04  0.16 18.13 219.33   9.34  0.13 19.00 281.98  13.18  0.09 15.57 302.34  10.96
19980315 000000  8.4 212.7  1.95 11.29 227.19  25.34  6  1.62  7.22 222.79  26.37  1.04 10.98 233.46  12.41  0.22 11.97 309.75  10.58  0.21 17.82 220.29   8.95  0.13 18.99 281.34  14.74  0.10 15.47 303.54   9.44
19980315 030000  7.5 200.8  1.97 11.63 228.52  25.16  6  1.54  7.12 222.53  26.82  1.17 10.98 235.41  12.99  0.24 17.84 222.01  11.03  0.21 11.90 309.93  10.47  0.13 15.44 303.23   9.42  0.12 18.99 285.58  11.69
19980315 060000  6.6 184.7  1.97 11.76 230.18  24.45  6  1.87 11.69 229.05  23.56  0.50 14.17 232.15   9.36  0.26 17.73 220.31  10.41  0.20 11.86 310.20  10.07  0.13 15.41 302.83   9.45  0.11 18.75 287.42  10.16
19980315 090000  4.1 183.3  2.00 11.92 232.00  22.95  6  1.81 11.53 230.85  22.80  0.70 13.37 233.30   9.53  0.41 16.84 225.65  11.92  0.19 11.82 310.13  10.09  0.14 17.88 284.77  10.57  0.13 15.38 302.41   9.69
19980315 120000  6.2 198.7  2.06 12.35 232.55  21.55  5  1.99 12.60 231.93  20.20  0.46 16.96 224.85  12.11  0.19 11.80 310.24   9.94  0.16 17.79 285.63   9.31  0.12 15.29 302.53   9.71
19980315 150000  4.3 224.6  2.15 12.60 232.30  20.31  5  2.02 12.69 231.52  19.35  0.68 16.54 230.14  12.01  0.19 17.77 283.74  11.03  0.18 11.76 309.97  10.22  0.10 14.70 303.67   9.46
19980315 180000  7.1 215.9  2.29 16.10 231.53  19.36  5  2.05 12.62 230.70  19.08  0.99 16.10 230.88  11.22  0.18 17.76 286.69   9.92  0.17 11.72 309.78  10.54  0.12 14.52 301.92  11.65
19980315 210000  6.0 217.0  2.45 15.63 230.74  18.62  5  2.05 12.36 230.00  19.37  1.32 15.64 230.17  10.30  0.17 17.75 287.78  10.66  0.16 11.69 310.31  10.29  0.14 14.45 302.71  10.51
19980316 000000  5.2 233.4  2.59 15.57 230.52  17.63  5  2.01 12.27 229.70  19.13  1.61 15.58 230.19  10.29  0.17 17.68 288.28  11.03  0.15 11.66 311.59   9.28  0.15 14.44 303.61   9.26
19980316 030000  3.3 219.2  2.69 15.53 230.63  16.75  4  2.67 15.53 230.03  15.34  0.18 17.00 288.11  10.75  0.16 14.42 303.25   9.42  0.15 11.62 311.86   9.38
19980316 060000  4.5 196.9  2.73 15.24 230.88  16.14  4  2.71 15.24 230.27  14.69  0.20 16.65 287.38  10.23  0.16 14.39 302.84   9.72  0.14 11.57 312.34   9.16
19980316 090000  2.7 184.3  2.72 14.86 231.14  15.67  3  2.70 14.87 230.53  14.26  0.23 16.62 286.47  10.24  0.18 14.24 308.65  10.22
19980316 120000  5.5 266.9  2.68 14.55 231.52  15.47  2  2.66 14.55 231.03  14.44  0.26 16.59 291.13  13.38
19980316 150000  3.4 249.3  2.59 14.39 231.85  15.33  3  2.57 14.39 231.23  13.88  0.23 16.60 288.05  11.23  0.16 13.58 308.82  10.64
19980316 180000  5.0 222.3  2.49 14.25 232.23  15.47  4  2.47 14.26 231.53  13.83  0.22 16.59 288.73  11.58  0.17 13.55 307.83  11.18  0.08 23.34 286.59  10.45
19980316 210000  4.5 220.3  2.39 13.93 232.49  15.81  5  2.37 13.95 231.68  13.90  0.21 16.55 290.47  11.92  0.15 13.52 304.91  10.23  0.12 11.03 313.08   9.19  0.10 23.29 286.69  11.23
19980317 000000  3.8 226.7  2.29 13.66 232.76  16.12  4  2.28 13.67 232.24  14.81  0.16 13.52 304.75  10.68  0.11 11.00 313.50   9.29  0.11 23.28 287.57  11.94
19980317 030000  4.7 208.6  2.20 13.53 232.93  16.54  5  2.18 13.53 231.78  13.97  0.24 15.61 289.59  12.50  0.16 13.48 305.39  11.47  0.11 10.99 314.07   9.39  0.10 23.27 288.92  12.65
19980317 060000  2.9 160.6  2.11 13.42 233.11  17.01  5  2.09 13.42 231.78  14.16  0.26 15.55 289.00  12.40  0.15 13.43 306.32  12.80  0.11 10.97 315.62   8.81  0.10 22.91 287.99  11.75
19980317 090000  1.8 183.4  2.03 13.27 233.46  17.31  5  1.99 13.27 231.84  14.01  0.29 15.53 286.38  13.91  0.14 21.84 285.48  11.00  0.14 13.27 308.49  14.42  0.11 10.96 316.35   9.16
19980317 120000  4.0 203.2  1.94 12.96 233.62  18.01  6  1.90 12.96 231.74  14.34  0.28 15.53 286.32  14.35  0.18 21.77 285.38  11.20  0.12 12.89 306.10  11.99  0.11 10.96 317.67   9.81  0.06 13.47 335.00   0.03
19980317 150000  4.4 212.0  1.85 12.74 233.99  18.51  4  1.81 12.74 231.87  14.36  0.28 15.53 287.14  15.04  0.19 21.76 286.37  12.23  0.18 12.84 315.28  14.43
19980317 180000  5.3 216.8  1.77 12.62 234.22  19.29  4  1.73 12.61 231.86  14.61  0.28 15.51 288.14  15.67  0.19 12.76 315.34  15.34  0.17 21.76 288.12  13.96
19980317 210000  6.9 213.8  1.72 12.53 234.18  20.71  5  1.68 12.52 231.60  15.82  0.28 15.44 289.82  15.76  0.16 21.67 288.76  14.51  0.15 12.60 326.74  10.08  0.15 12.75 305.40  11.90
19980318 000000  7.1 211.5  1.69 12.44 233.99  22.79  6  1.64 12.41 230.83  17.51  0.26 15.03 286.74  12.04  0.20 20.51 286.87  11.45  0.15 12.61 328.68   8.58  0.15 12.69 305.33  11.28  0.12 15.71 318.50   5.48
19980318 030000  6.2 181.8  1.64 12.32 234.40  25.09  6  1.57 12.28 230.10  19.00  0.27 20.36 285.63  10.76  0.26 14.57 283.99  11.12  0.16 12.56 329.17   8.20  0.15 12.68 304.66  11.37  0.15 15.56 314.02   8.03
19980318 060000  7.3 175.1  1.59 12.16 233.61  27.92  5  1.52 12.10 228.34  21.52  0.30 20.34 285.97  11.25  0.27 14.55 283.57  11.09  0.23 12.55 319.47  15.52  0.15 15.33 313.80   8.63
19980318 090000  8.7 180.0  1.62 12.01 229.44  31.06  7  0.78  3.76 195.20  33.68  1.26 11.97 232.05  13.60  0.45 14.76 232.56  10.43  0.29 20.33 286.77  12.81  0.26 14.50 281.85   9.81  0.23 12.39 320.77  15.40  0.17 15.35 312.38   8.71
19980318 120000  6.5 180.0  1.59 14.27 228.86  31.70  6  0.82  4.18 198.54  35.63  1.10 11.91 232.12  13.89  0.68 13.93 231.69   9.63  0.32 14.54 291.46  17.04  0.23 20.33 290.60  13.33  0.23 12.10 323.34  13.78
19980318 150000  6.5 205.7  1.52 14.13 232.59  29.16  5  1.46 13.56 227.38  22.34  0.32 14.51 292.35  16.96  0.22 11.92 325.75  11.56  0.22 20.12 291.01  12.32  0.06 24.75 298.94  10.15
19980318 180000 10.8 217.7  1.79 14.00 232.26  27.72  6  1.14  4.51 220.95  28.72  1.29 13.59 232.43  11.98  0.33 14.48 293.51  17.12  0.30 19.08 287.48  10.97  0.22 11.84 325.79  11.89  0.07 24.40 299.15  10.18
19980318 210000 11.0 204.7  2.08 13.72 230.01  29.01  7  1.52  5.37 219.38  28.86  1.30 13.50 233.29  10.74  0.39 19.01 286.17  10.48  0.26 14.39 282.85  10.02  0.23 11.77 325.64  11.48  0.20 14.54 311.96   8.70  0.09 23.52 299.28   9.88
19980319 000000 10.6 199.9  2.20 13.41 227.71  29.87  7  1.63  5.75 215.07  29.01  1.35 13.25 234.19  10.10  0.42 19.00 286.47  11.03  0.25 14.25 284.09  10.39  0.22 11.66 326.35  10.84  0.21 14.53 312.48   9.09  0.11 23.32 298.78   9.74
19980319 030000 10.5 186.1  2.27 12.94 225.05  30.68  7  1.67  5.95 209.98  29.81  1.44 12.86 234.88   9.54  0.39 19.00 287.76  12.00  0.23 13.84 283.84   9.66  0.23 14.47 311.00   8.65  0.20 11.26 329.97   7.38  0.13 23.22 297.92  10.47
19980319 060000 10.8 183.0  2.27 12.72 224.45  30.43  7  1.60  5.96 206.88  30.17  1.53 12.65 235.31   9.46  0.30 19.00 292.80  11.82  0.25 13.73 285.47  12.12  0.21 14.40 312.25   9.16  0.19 11.19 330.20   7.52  0.14 23.03 298.62  10.87
19980319 090000  9.1 180.7  2.29 12.49 226.04  29.43  8  1.51  5.99 206.65  30.67  1.41 12.44 235.17   9.27  0.85 16.10 236.29  10.09  0.27 18.85 293.96  11.59  0.23 13.57 282.78  11.26  0.22 14.38 312.01   8.35  0.19 11.52 329.07   8.99  0.16 22.25 298.95  10.54
19980319 120000  9.7 181.5  2.33 12.37 228.49  28.83  7  1.42  5.99 206.45  31.01  1.43 12.28 235.44   9.58  1.03 14.99 236.78  10.66  0.33 13.58 295.13  18.95  0.33 17.85 290.32  10.50  0.20 21.85 298.58  10.13  0.17 10.62 331.39   6.32
19980319 150000 10.0 205.1  2.42 15.34 230.88  27.72  8  2.17 12.43 225.31  24.36  0.87 15.64 238.09  11.05  0.43 17.77 288.40   9.77  0.23 21.76 298.09  10.22  0.23 13.51 283.23  11.33  0.23 13.67 310.17   9.25  0.14 10.44 330.60   7.67  0.10 11.81 328.76   7.27
19980319 180000 10.9 209.7  2.61 15.20 231.80  26.52  7  2.38 13.15 226.96  22.95  0.87 15.56 237.51  12.83  0.48 17.76 288.09   9.50  0.26 13.60 307.76   9.79  0.25 21.68 298.82  10.84  0.21 13.49 279.34  10.14  0.16 11.52 329.92   7.67
19980319 210000 11.4 208.7  2.82 13.88 231.26  26.01  8  1.90  6.54 221.49  27.99  1.99 14.18 233.98  13.16  0.46 17.76 288.50   9.98  0.26 21.45 299.30  10.76  0.24 13.65 309.99   8.84  0.20 13.48 286.10   7.84  0.16 11.18 327.85  10.15  0.05 26.57 300.88  10.62
19980320 000000 10.5 193.6  2.97 13.79 229.03  26.18  7  2.07  6.93 222.57  28.78  1.86 13.09 227.51  12.94  0.85 14.64 245.39  10.50  0.39 17.75 291.11  11.25  0.30 20.57 298.91  11.09  0.28 13.56 305.30  11.47  0.14 10.93 330.26   7.65
19980320 030000  8.5 198.7  2.99 13.23 228.20  25.50  7  1.99  7.29 221.76  28.60  2.16 13.13 229.38  14.28  0.33 20.39 299.05  10.56  0.32 17.71 294.46  11.58  0.28 13.53 304.21  12.29  0.13 10.90 330.39   7.70  0.09 25.15 299.09  10.12
19980320 060000  8.5 355.1  2.89 13.17 230.10  25.28  8  2.03 12.44 227.03  13.85  1.79  7.58 224.77  29.49  0.83 13.67 243.89   7.50  0.36 20.36 298.37  10.63  0.35 17.12 294.79  11.92  0.25 13.56 306.42  11.17  0.13 10.78 331.19   7.00  0.11 24.98 299.36  10.17
19980320 090000  3.0 326.2  2.73 13.09 232.06  25.16  7  2.42 11.77 226.49  21.62  1.10 13.17 239.73  10.31  0.42 20.25 299.75  11.03  0.36 16.60 288.62   9.00  0.26 14.03 315.30  11.87  0.18 12.74 282.75  10.87  0.13 24.92 300.01  10.17
19980320 120000  8.6 220.5  2.64 12.79 233.24  25.06  5  2.55 12.79 229.41  19.74  0.44 16.60 288.25   9.56  0.42 20.02 299.55  11.83  0.28 12.85 312.52  12.72  0.15 24.72 300.08   9.95
19980320 150000  4.0 210.0  2.57 12.61 233.64  25.68  5  2.46 12.60 228.97  19.38  0.50 16.59 287.22  11.92  0.44 19.25 299.93  11.69  0.27 12.84 312.54  13.05  0.19 23.67 299.47   9.91
19980320 180000  6.5 218.4  2.50 12.52 234.44  26.09  5  2.38 12.49 229.08  18.82  0.49 16.59 287.91  12.39  0.47 19.07 300.06  11.47  0.27 12.81 311.17  14.06  0.23 23.39 299.16  10.19
19980320 210000  8.0 207.4  2.46 12.44 234.07  26.78  6  2.33 12.40 228.38  19.01  0.48 19.03 299.27  11.22  0.47 16.64 291.55  14.24  0.25 23.33 299.51  10.61  0.24 12.82 305.95  11.76  0.11 10.31 332.11   5.78
19980321 000000  9.3 200.4  2.46 12.34 232.00  28.06  6  2.34 12.29 226.26  20.32  0.48 19.01 298.41  11.45  0.46 16.80 295.31  14.13  0.27 12.81 309.84  14.21  0.26 23.26 300.17  10.26  0.05 25.02 221.54   7.50
19980321 030000  8.2 191.4  2.45 12.23 230.84  29.47  6  1.25  6.23 215.38  31.12  1.96 12.16 228.24  15.12  0.65 18.78 298.49  12.05  0.31 22.80 299.70   9.98  0.25 12.80 310.76  14.12  0.08 24.68 221.92   7.64
19980321 060000  9.2 191.9  2.45 12.15 230.38  30.30  6  1.41  6.52 217.08  29.84  1.83 12.10 227.42  14.49  0.59 18.31 300.88  11.85  0.37 21.95 299.00   9.98  0.37 15.43 297.89  15.52  0.14 23.47 221.86   7.57
19980321 090000  8.8 190.6  2.42 12.05 230.22  31.17  7  1.44  6.69 216.77  29.90  1.75 12.02 226.69  14.31  0.57 17.87 301.28  12.05  0.40 21.84 298.88  10.43  0.40 15.48 291.02  11.76  0.22 23.10 221.61   7.65  0.16 12.55 320.10  10.65
19980321 120000  8.7 190.2  2.35 11.93 230.81  31.55  8  1.38  6.86 216.77  29.77  1.69 11.91 226.53  14.38  0.57 17.75 301.35  12.04  0.41 15.49 289.48  12.18  0.40 21.81 299.41  10.78  0.34 21.98 221.72   7.79  0.17 12.51 308.68  10.68  0.09 10.16 332.14   6.51
19980321 150000  8.4 203.7  2.31 11.84 231.31  31.63  7  1.34  6.89 217.85  29.24  1.61 11.82 225.95  14.08  0.56 17.73 300.98  12.73  0.50 21.54 221.87   7.83  0.48 15.60 293.81  13.65  0.40 21.71 299.85  10.43  0.08 10.17 332.16   6.15
19980321 180000 10.6 212.8  2.42 20.79 231.08  31.09  6  2.15 11.74 222.79  21.53  0.71 20.63 221.87   7.86  0.66 17.59 301.63  11.59  0.47 20.97 299.28  10.21  0.33 15.50 282.47   9.72  0.08 10.15 332.32   5.86
19980321 210000 10.9 206.3  2.63 20.22 229.84  30.90  4  2.26 11.65 222.09  22.66  0.98 19.96 221.77   7.82  0.74 17.49 298.21  14.17  0.54 20.48 298.55  10.20
19980322 000000 10.0 194.1  2.71 20.06 228.34  30.78  5  1.76  6.51 218.62  28.34  1.35 11.53 224.29  13.22  1.26 19.62 221.57   8.13  0.73 17.25 298.65  13.79  0.56 20.41 298.52  10.67
19980322 030000 10.9 190.1  2.91 18.05 224.65  29.85  5  1.92  6.64 214.62  28.63  1.57 18.36 221.44   8.17  1.25 11.33 223.63  13.19  0.70 16.66 299.52  13.08  0.53 20.39 298.84  11.09
19980322 060000 11.4 185.6  3.11 18.10 222.59  28.78  4  2.04  7.04 213.16  29.05  2.18 18.28 221.49   9.82  0.68 16.52 299.88  13.04  0.51 20.32 299.31  10.90
19980322 090000 10.6 186.0  3.26 16.87 222.00  28.18  4  2.13  7.36 213.19  28.84  2.30 17.29 220.84   9.24  0.67 16.46 299.99  13.07  0.54 19.91 298.64  10.48
19980322 120000  7.9 193.4  3.29 16.73 223.70  27.28  4  2.02  7.54 215.82  27.96  2.43 16.93 220.77   9.10  0.67 16.42 299.51  13.12  0.62 19.17 298.39  10.40
19980322 150000  9.1 198.2  3.29 16.74 224.69  26.49  4  1.86  7.55 217.53  27.02  2.54 17.04 220.64   9.25  0.68 16.38 298.64  13.46  0.66 19.08 298.33  10.63
19980322 180000 11.3 198.2  3.34 16.44 223.97  26.05  4  1.94  7.33 216.32  26.20  2.55 16.50 220.83   9.40  0.67 16.30 298.31  13.41  0.64 19.05 298.35  11.02
19980322 210000 13.5 203.3  3.62 16.25 221.69  25.67  4  2.46  7.18 215.10  25.59  2.51 16.27 220.67   9.06  0.65 16.11 297.95  13.51  0.59 19.04 298.83  11.15
19980323 000000 12.2 201.3  3.74 16.16 220.62  25.92  4  2.68  7.65 214.50  26.12  2.47 16.19 220.60   9.13  0.61 18.92 298.55  10.38  0.59 15.34 298.04  14.76
19980323 030000 10.8 191.7  3.60 15.69 220.48  26.65  4  2.55  7.84 213.63  26.75  2.39 15.77 220.45   9.18  0.63 18.39 298.18  10.78  0.57 15.32 299.30  13.46
19980323 060000  5.3 336.4  3.27 15.42 222.77  26.96  4  2.33 15.44 220.41   9.33  2.12  7.79 215.60  27.01  0.67 17.92 297.81  11.05  0.55 15.27 299.95  13.13
19980323 090000  5.7 207.3  2.98 15.31 224.81  26.86  4  2.24 15.32 219.99   9.43  1.76  7.59 218.35  25.63  0.69 17.84 298.08  11.13  0.54 15.26 299.67  13.11
19980323 120000  9.2 193.3  2.87 15.24 224.36  27.17  4  1.60  7.55 216.42  25.93  2.22 15.24 219.74   9.92  0.68 17.81 298.23  11.18  0.54 15.25 299.04  13.43
19980323 150000  7.7 195.3  2.83 15.05 223.71  27.22  3  2.70 15.00 218.15  17.51  0.64 17.80 298.36  11.38  0.55 15.29 298.36  13.33
19980323 180000  9.6 205.0  2.81 14.69 223.53  26.64  2  2.68 14.66 218.17  16.95  0.83 17.69 298.28  12.18
19980323 210000 11.2 208.7  2.96 14.59 222.38  26.26  4  1.97  7.95 217.43  23.61  2.05 14.58 218.00   9.91  0.72 17.50 296.86  12.14  0.38 14.19 302.76  11.43
19980324 000000 10.8 212.4  3.06 14.55 221.28  26.59  3  2.14  7.52 216.66  24.78  2.03 14.55 217.53  10.03  0.80 16.92 298.02  12.54
19980324 030000  5.9 190.8  2.95 14.47 221.25  26.96  4  2.04  7.69 217.11  25.58  1.99 14.48 216.84   9.96  0.65 16.75 297.25  12.20  0.41 14.18 300.64  13.11
19980324 060000  2.8 179.3  2.74 14.33 221.90  26.75  4  1.94 14.34 216.40  10.06  1.79  7.75 218.19  24.74  0.64 16.69 297.75  11.94  0.41 14.13 299.85  13.43
19980324 090000  2.4 153.9  2.55 14.19 222.49  26.70  3  1.88 14.19 215.80  10.21  1.55  7.76 219.38  23.38  0.74 16.63 298.35  12.31
19980324 120000  5.2 173.6  2.44 14.04 222.75  26.74  3  1.83 14.03 215.48  10.19  1.43  8.22 219.68  22.00  0.74 16.59 298.29  12.13
19980324 150000  5.2 202.0  2.42 13.75 222.73  26.49  2  2.30 13.73 216.94  15.21  0.74 16.53 298.14  12.25
19980324 180000  8.0 224.4  2.43 13.56 222.63  26.21  2  2.32 13.54 217.07  15.32  0.73 16.43 298.09  12.38
19980324 210000  7.3 217.7  2.41 13.43 222.40  26.40  3  1.60  8.88 218.40  20.54  1.67 13.41 215.91  10.96  0.71 16.24 298.08  12.56
19980325 000000  6.0 197.8  2.34 13.32 221.90  26.98  2  2.24 13.31 216.49  17.02  0.69 15.83 298.12  12.66
19980325 030000  3.4 200.8  2.22 13.13 221.97  27.64  2  2.12 13.12 216.08  17.01  0.68 15.66 298.06  12.78
19980325 060000  3.1 192.6  2.08 12.77 222.60  28.46  2  1.97 12.76 215.85  16.46  0.68 15.58 298.11  12.49
19980325 090000  1.7 162.1  1.95 12.62 223.65  29.56  3  1.82 12.61 215.62  15.68  0.69 15.53 297.93  12.34  0.06 20.53 301.16  10.54
19980325 120000  5.0  74.7  1.82 12.53 224.68  32.48  4  1.68 12.51 214.96  18.52  0.69 15.49 297.72  12.33  0.08 20.38 301.46   9.75  0.07 21.90 222.50   8.77
19980325 150000  2.8 298.4  1.71 12.43 226.25  33.09  4  1.55 12.40 214.97  16.84  0.69 15.44 297.55  12.41  0.09 20.35 302.17   9.77  0.08 21.82 223.30  10.04
19980325 180000  5.3 248.8  1.64 12.18 228.87  33.41  4  1.48 12.14 216.88  17.34  0.69 15.39 297.53  12.53  0.10 21.38 223.22   9.37  0.09 20.34 303.95   9.31
19980325 210000  4.8 224.1  1.56 11.89 229.45  33.96  4  1.40 11.86 216.41  16.45  0.67 15.32 297.64  12.67  0.13 20.57 224.12   9.03  0.10 20.06 303.38   9.21
19980326 000000  4.2 183.6  1.50 11.76 229.66  34.68  6  1.33 11.74 215.48  15.55  0.65 15.20 297.01  12.47  0.16 20.52 224.71   9.47  0.14 11.82 313.81   6.94  0.14 19.15 301.91   9.44  0.06 24.92 294.78  11.39
19980326 030000  5.0 221.7  1.45 14.76 230.62  35.41  6  1.21 11.65 215.33  15.33  0.66 14.96 297.70  12.98  0.37 14.57 212.31   7.96  0.18 20.39 225.50   9.31  0.17 19.05 301.67   9.58  0.07 24.77 294.56  11.21
19980326 060000  4.6 199.5  1.42 14.60 230.90  35.83  6  1.14 11.53 214.51  15.64  0.65 14.71 297.38  13.32  0.43 14.53 214.64   7.28  0.25 19.41 224.76   9.29  0.17 19.03 302.16   9.80  0.08 24.05 294.01  10.80
19980326 090000  5.5 197.5  1.41 14.47 230.75  36.08  7  1.08 11.23 213.63  16.88  0.64 14.59 298.05  12.34  0.54 14.07 214.70   7.81  0.30 19.29 225.77   8.86  0.16 19.02 303.25   9.69  0.14 11.87 260.78   6.79  0.10 23.48 293.79  10.75
19980326 120000  6.4 211.2  1.45 14.37 230.17  35.95  8  0.56  3.38 211.71  31.67  0.85 10.99 212.69   9.92  0.69 13.68 215.61   8.21  0.63 14.52 297.99  12.26  0.33 19.32 226.38   8.98  0.20 11.40 258.09   7.97  0.17 18.77 303.43   9.25  0.12 23.37 294.05  11.02
19980326 150000  7.4 190.2  1.53 14.32 229.22  36.22  8  0.69  3.77 207.44  30.91  0.77 10.92 213.17   9.68  0.74 13.55 215.36   9.03  0.63 14.47 297.99  12.28  0.43 18.90 226.07   8.48  0.25 11.01 259.61   7.14  0.23 17.89 302.19   9.26  0.13 23.32 294.51  11.35
19980326 180000  9.8 208.8  1.70 14.30 227.70  34.42  7  0.96  4.24 210.80  27.92  1.05 13.48 215.38   9.93  0.62 14.44 297.98  12.44  0.57 18.12 225.33   8.57  0.28 10.52 260.74   7.03  0.27 17.80 301.46   9.69  0.14 23.22 294.44  11.33
19980326 210000 11.2 208.6  2.00 17.89 224.31  32.47  6  1.73 13.43 213.86  22.72  0.68 17.98 225.08   8.21  0.60 14.41 298.06  12.59  0.31  9.99 261.85   6.55  0.27 17.78 301.25  10.07  0.17 22.87 293.88  10.95
19980327 000000 10.3 183.9  2.18 17.73 220.05  32.70  7  1.56  5.68 205.50  28.24  1.02 13.34 219.15  10.47  0.85 17.71 225.00   8.44  0.58 14.38 298.37  12.43  0.34  9.65 261.70   7.75  0.23 17.78 302.09  10.19  0.20 22.05 293.40  10.75
19980327 030000 11.2 197.3  2.33 17.01 218.79  31.02  7  1.65  5.94 203.49  26.63  1.08 13.35 221.29  10.16  0.98 16.98 224.39   8.44  0.56 14.34 298.96  12.11  0.39  9.37 260.29   9.24  0.23 21.87 293.62  10.92  0.21 17.71 303.11   9.37
19980327 060000  9.3 191.9  2.45 16.71 219.70  29.88  7  1.70  6.20 204.73  26.59  1.14 16.70 224.02   8.57  1.10 13.51 223.02   9.68  0.52 14.27 298.89  12.02  0.41  8.94 260.57   9.41  0.28 16.77 303.77   9.47  0.24 21.81 294.03  11.38
19980327 090000  9.9 185.1  2.49 16.57 220.77  29.80  5  1.73  6.36 208.33  29.45  1.66 16.55 223.97   8.92  0.49 14.17 299.37  12.01  0.34 16.63 302.63   9.49  0.25 21.77 294.28  11.63
19980327 120000  8.7 179.7  2.43 16.32 223.40  28.94  5  1.59  6.53 211.56  30.41  1.73 16.18 224.40   8.90  0.47 13.90 300.12  11.85  0.34 16.62 301.71   9.68  0.27 21.63 294.12  11.34
19980327 150000  9.5 195.3  2.45 15.72 224.47  27.63  5  1.52  6.52 213.29  30.32  1.81 15.61 224.70   8.99  0.45 13.68 300.27  11.84  0.32 21.02 293.30  11.28  0.31 16.61 301.59  10.11
19980327 180000  9.9 207.8  2.53 15.47 225.32  26.02  5  1.58  6.35 216.53  29.00  1.88 15.45 225.01   9.20  0.43 13.58 300.52  11.66  0.36 20.51 292.96  11.25  0.26 16.62 302.22  10.36
19980327 210000 13.2 205.7  2.86 15.30 224.67  25.36  5  2.79 15.29 221.93  21.01  0.40 13.54 300.16  11.76  0.38 20.41 293.35  11.39  0.25 16.44 303.71   9.50  0.06 22.52 223.44   7.25
19980328 000000 13.3 194.7  3.14 15.20 222.98  26.72  4  3.08 15.15 220.58  23.19  0.39 20.37 293.59  11.88  0.38 13.50 299.88  12.28  0.30 15.65 303.16   9.08
19980328 030000 11.4 189.7  3.21 15.14 221.89  27.39  6  2.42  7.44 215.61  29.45  2.02 14.92 224.32   9.90  0.39 20.32 293.85  12.02  0.36 13.48 299.76  11.58  0.35 15.55 303.06   9.64  0.10 21.77 225.07   8.83
19980328 060000  8.8 184.2  3.05 14.66 222.96  26.92  6  2.06  7.70 213.68  29.23  2.15 14.53 225.59  12.62  0.41 20.21 293.44  12.35  0.35 15.53 302.43   9.83  0.34 13.48 300.56  11.30  0.12 21.28 225.58   9.23
19980328 090000  7.7 183.0  2.83 14.43 224.37  26.31  6  2.27  9.73 220.63  25.30  1.56 14.41 222.43   9.74  0.44 19.70 293.44  11.64  0.33 15.52 302.00  10.22  0.33 13.47 301.06  11.25  0.15 20.51 225.07   8.66
19980328 120000  8.7 186.0  2.65 14.34 224.97  26.14  6  2.12  9.72 220.49  24.13  1.44 14.34 223.20   9.45  0.48 19.16 293.26  11.59  0.32 13.47 301.88  11.41  0.28 15.52 301.78  10.07  0.17 20.40 226.54   9.87
19980328 150000 10.4 197.8  2.61 14.17 223.86  26.70  6  2.03  9.46 218.33  25.01  1.50 14.19 222.95   9.66  0.52 19.06 293.41  11.70  0.30 13.46 302.83  11.23  0.25 15.50 301.86   9.94  0.19 20.18 226.61   9.40
19980328 180000 12.3 208.6  2.81 13.71 223.18  26.33  4  2.72 13.69 219.79  21.23  0.53 19.02 293.59  12.19  0.38 15.06 302.70  10.52  0.23 19.25 227.21  10.44
19980328 210000 12.4 202.5  3.00 13.56 222.98  26.75  4  2.92 13.52 219.96  22.41  0.54 19.00 293.83  12.42  0.39 14.55 302.70  10.20  0.24 19.09 227.54   9.91
19980329 000000  8.9 213.0  2.91 13.48 223.67  27.41  6  2.48  7.90 219.75  25.77  1.36 13.44 222.76   9.45  0.53 18.94 293.67  12.81  0.31 14.55 302.36   9.51  0.24 19.04 227.83   8.88  0.23 12.75 302.23  11.36
19980329 030000  8.9 192.3  2.72 13.36 224.10  27.62  6  2.28  7.98 219.60  25.83  1.30 13.34 223.03   9.09  0.52 18.76 293.66  12.49  0.31 18.09 228.64  10.26  0.31 14.52 301.96   9.78  0.23 12.71 301.07  12.42
19980329 060000  7.1 188.2  2.53 13.05 225.75  27.58  6  2.07  8.04 220.81  25.18  1.25 13.13 223.26   9.12  0.54 18.04 293.55  12.49  0.34 17.82 228.23   9.86  0.29 14.51 301.29  10.12  0.23 12.71 302.39  11.00
19980329 090000  4.1 169.2  2.41 17.83 227.82  27.32  6  1.98  8.29 222.80  23.40  1.16 12.85 222.83   8.96  0.58 17.84 293.88  12.31  0.34 17.79 228.66   9.68  0.27 14.51 301.21  10.42  0.24 12.75 302.49  11.22
19980329 120000  7.6 148.8  2.39 17.77 227.97  28.27  5  1.99  8.54 221.99  23.65  1.09 12.75 223.74   8.94  0.62 17.79 294.32  12.14  0.35 14.40 301.89  11.03  0.31 17.76 229.26   9.76
19980329 150000  7.4 207.6  2.37 17.70 228.45  27.40  5  1.96  8.62 222.31  21.72  1.03 12.68 224.02   8.71  0.64 17.77 294.33  12.33  0.41 16.72 227.51  10.43  0.33 14.27 302.56  10.38
19980329 180000 10.0 207.7  2.39 17.60 227.24  27.21  5  1.96  8.53 221.20  21.99  1.08 12.59 223.22   8.63  0.63 17.75 294.26  12.67  0.47 16.63 227.29  10.26  0.31 13.73 302.67  10.24
19980329 210000 11.2 203.8  2.52 17.49 224.70  27.46  5  2.16  8.06 219.04  23.01  1.00 12.52 224.13   9.16  0.61 17.70 294.40  13.10  0.45 16.60 227.86  10.52  0.30 13.57 302.55  10.08
19980330 000000 10.7 184.9  2.66  7.72 221.65  29.01  6  2.33  7.72 216.37  25.86  0.99 12.53 223.66   8.96  0.59 17.55 294.55  13.55  0.44 16.40 228.35   9.67  0.28 13.53 302.20  10.36  0.11 19.26 214.37   6.43
19980330 030000  8.9 180.9  2.64  7.86 221.83  29.37  6  2.31  7.86 216.69  26.55  0.96 12.61 222.54   8.09  0.58 16.98 295.21  13.17  0.53 15.60 227.43  11.37  0.27 13.52 302.14  10.33  0.15 19.07 217.27   7.38
19980330 060000  6.7 178.9  2.55 16.40 224.39  28.38  6  2.15  7.99 219.09  25.26  1.03 12.57 222.54   8.37  0.60 16.72 295.77  12.72  0.57 15.53 227.90  11.61  0.27 13.51 302.17  10.45  0.20 18.55 215.38   6.98
19980330 090000  6.2 181.7  2.47 16.50 226.74  27.32  6  1.96  8.17 220.69  23.85  1.19 12.42 224.34   9.07  0.63 16.66 295.93  12.93  0.56 15.48 228.39  11.67  0.27 13.49 301.85  11.26  0.27 17.87 216.99   7.24
19980330 120000  7.3 185.9  2.47 16.58 227.72  26.55  6  1.86  8.62 221.31  22.58  1.36 12.04 225.13  11.31  0.65 16.63 296.14  13.20  0.44 15.44 232.13   9.71  0.32 17.71 215.85   7.38  0.26 13.45 303.21  10.11
19980330 150000  3.9 223.0  2.47 16.60 228.63  25.64  5  2.24 11.77 223.82  18.70  0.66 16.60 295.97  13.59  0.63 14.45 227.60  11.12  0.42 16.95 216.80   7.48  0.24 13.38 303.36  10.27
19980330 180000  7.6 231.1  2.46 16.57 229.82  24.57  5  2.22 11.64 225.67  17.79  0.64 16.57 295.86  13.83  0.64 14.49 226.21  11.17  0.45 16.70 216.06   7.62  0.23 13.14 303.40  10.54
19980330 210000  6.7 210.8  2.42 16.48 230.02  24.32  5  2.18 11.51 226.21  18.00  0.63 14.45 226.42  10.77  0.62 16.49 295.61  14.43  0.50 16.59 216.54   7.91  0.21 12.75 303.58  10.91
19980331 000000  5.6 179.4  2.35 16.15 230.16  24.59  5  2.16 11.24 226.51  17.89  0.64 15.96 218.22   8.61  0.61 16.28 296.30  14.76  0.20 12.67 302.67  12.14  0.05 23.33 218.44   8.57
19980331 030000  3.3 212.1  2.29 15.64 230.60  24.67  6  2.06 11.03 227.10  17.68  0.70 15.56 216.88   8.83  0.61 15.76 296.92  15.25  0.32 13.63 227.27   4.19  0.20 12.65 302.40  12.29  0.07 23.27 218.68   8.46
19980331 060000  3.3 182.6  2.27 15.52 230.68  24.68  6  2.03 10.82 227.31  17.36  0.72 15.43 216.59   8.80  0.61 15.63 298.23  14.27  0.29 13.54 225.00   0.00  0.20 12.65 302.65  12.36  0.09 23.09 219.48   8.40
19980331 090000  2.0 161.5  2.27 15.43 230.18  24.53  5  2.03 10.41 226.72  17.10  0.78 15.16 218.11   8.79  0.61 15.57 297.99  14.61  0.20 12.65 302.72  12.60  0.13 22.75 219.96   8.41
19980331 120000  4.3 173.9  2.30 15.30 228.90  24.52  6  2.06 10.17 225.57  17.32  0.80 14.64 217.61   8.49  0.59 15.54 297.70  14.33  0.18 12.59 304.93  11.41  0.17 22.22 220.71   8.37  0.14 19.15 305.67   8.11
19980331 150000  2.7 221.1  2.29 15.10 228.04  24.50  6  2.02  9.99 224.51  17.11  0.86 14.42 218.64   9.44  0.59 15.51 298.09  13.86  0.22 21.87 221.53   8.41  0.17 12.55 305.26  11.95  0.15 19.10 304.98   8.44
19980331 180000  7.5 212.8  2.25 14.71 227.49  25.19  6  1.97  9.68 223.51  17.50  0.83 14.29 218.43   9.19  0.58 15.45 298.09  13.76  0.30 21.32 222.28   8.41  0.20 18.78 305.98   8.31  0.17 12.54 305.05  12.55
19980331 210000  8.0 204.5  2.20 14.49 226.66  26.62  5  1.86  9.52 221.92  19.38  0.91 14.04 219.04   8.92  0.63 15.35 298.80  14.48  0.41 20.68 223.62   9.02  0.15 12.36 305.70  12.84
19980401 000000  6.3 189.7  2.11 14.32 226.75  27.64  6  1.50  8.89 219.02  22.17  0.89 10.60 227.51  11.46  0.87 13.54 219.00   9.06  0.63 15.17 299.97  13.76  0.51 20.32 223.91   8.79  0.13 12.04 306.07  13.54
