Date     Time   Uabs UDir  hs    tp    th     sp     np hs(i) tp(i) th(i)  sp(i)
19801101 000000  1.6 269.5  2.73 13.93 223.18  19.70  4  2.60 13.98 222.05  17.28  0.76 17.84 222.04   8.15  0.28 13.72 309.23  11.42  0.25 17.81 305.20   9.27
19801101 030000  5.9 218.9  2.72 13.67 223.42  19.65  4  2.50 13.67 222.60  17.59  0.99 17.26 220.33   8.19  0.28 13.71 309.44  11.26  0.25 17.79 305.28   9.50
19801101 060000  7.5 191.4  2.71 13.53 223.09  19.58  4  2.45 13.51 221.87  17.95  1.11 17.03 222.57   8.23  0.27 13.67 309.55  10.88  0.24 17.75 305.55   9.46
19801101 090000  5.5 194.1  2.69 16.66 223.36  19.12  4  2.29 13.27 222.19  18.16  1.36 16.56 222.47   8.11  0.26 13.59 309.37  10.51  0.25 17.53 305.77   9.11
19801101 120000  6.1 197.6  2.71 16.48 224.11  18.53  4  2.65 16.41 222.73  15.21  0.38 21.89 231.51   8.47  0.29 16.81 305.70   8.90  0.25 13.51 309.33  10.30
19801101 150000  7.1 222.9  2.78 16.34 225.09  18.21  4  2.68 16.21 223.32  14.51  0.64 20.87 231.21   8.67  0.35 16.67 305.96   8.86  0.24 13.44 309.07  10.41
19801101 180000  9.7 204.0  2.95 16.23 225.26  18.73  4  2.80 15.92 223.38  15.41  0.79 20.53 231.11   8.86  0.37 16.64 306.14   8.95  0.23 13.38 309.35  10.29
19801101 210000  9.5 204.4  3.10 16.16 225.28  19.09  4  2.86 15.69 223.12  16.61  1.10 19.98 230.59   8.79  0.37 16.62 306.20   9.11  0.23 13.34 309.67  10.30
19801102 000000  4.0 194.8  3.16 15.58 226.25  18.58  4  2.86 15.46 224.32  16.58  1.27 19.34 229.35   9.33  0.36 16.58 306.44   9.16  0.23 13.31 309.13  11.41
19801102 030000  6.8 207.5  3.16 18.86 227.42  17.51  5  1.30  7.02 220.44  26.94  2.30 15.20 227.10  10.14  1.69 18.87 228.20   8.99  0.36 16.42 306.41   9.05  0.22 13.21 310.07  10.24
19801102 060000  8.6 191.7  3.21 18.42 227.58  17.62  4  2.60 15.14 225.83  16.55  1.83 18.43 227.69   9.05  0.39 15.79 306.16   9.29  0.21 12.90 310.27   9.60
19801102 090000  7.4 192.6  3.32 17.73 227.80  17.50  3  3.29 17.75 226.62  14.19  0.43 15.60 306.28   9.10  0.20 12.74 309.58   9.77
19801102 120000  6.3 190.3  3.47 17.45 228.01  16.61  3  3.44 17.46 226.86  13.18  0.45 15.55 306.36   9.09  0.19 12.66 308.91   9.92
19801102 150000  8.7 215.8  3.63 17.04 227.95  15.91  3  3.60 17.10 226.91  12.61  0.45 15.53 306.44   9.23  0.19 12.63 308.50   9.99
19801102 180000 10.4 204.0  3.79 16.58 227.47  16.57  4  1.22  4.93 217.31  27.70  3.56 16.64 227.51  10.63  0.44 15.50 306.52   9.29  0.19 12.61 308.71   9.87
19801102 210000 10.3 208.9  3.84 16.42 227.43  17.20  3  3.81 16.47 226.56  14.75  0.43 15.42 306.83   9.10  0.18 12.58 308.16  10.50
19801103 000000  7.2 179.4  3.72 16.22 227.59  17.77  3  3.69 16.27 226.68  15.35  0.43 15.21 306.94   9.05  0.18 12.58 308.01  10.66
19801103 030000  8.7 186.6  3.57 15.77 227.49  18.14  3  3.54 15.83 226.53  15.63  0.43 14.72 306.51   9.29  0.15 12.48 311.73   8.15
19801103 060000 10.7 182.5  3.50 15.53 226.49  19.40  2  3.47 15.57 225.54  17.07  0.44 14.59 307.11   9.24
19801103 090000  8.9 182.8  3.43 15.39 226.09  19.83  2  3.40 15.44 225.13  17.56  0.43 14.54 307.06   9.35
19801103 120000  7.2 173.8  3.34 15.25 226.27  19.26  2  3.31 15.31 225.30  16.85  0.43 14.51 306.98   9.52
19801103 150000  8.3 217.2  3.32 15.03 226.78  17.94  2  3.29 15.12 225.81  15.32  0.43 14.47 307.08   9.50
19801103 180000  9.9 212.7  3.46 14.76 226.38  17.84  2  3.43 14.85 225.52  15.50  0.42 14.42 307.27   9.42
19801103 210000 10.6 211.6  3.67 14.64 225.78  18.40  2  3.65 14.70 225.08  16.57  0.40 14.34 307.50   9.27
19801104 000000  6.2 190.4  3.79 14.64 225.20  18.77  2  3.77 14.69 224.62  17.27  0.38 14.19 307.59   9.36
19801104 030000  6.9 209.6  3.78 14.72 225.23  18.12  2  3.76 14.78 224.70  16.73  0.36 13.86 307.79   9.42
19801104 060000  7.0 194.4  3.69 14.69 225.18  17.67  2  3.68 14.74 224.68  16.29  0.34 13.69 307.92   9.56
19801104 090000  5.6 190.8  3.57 14.60 225.12  17.36  2  3.55 14.64 224.63  15.95  0.33 13.61 308.23   9.41
19801104 120000  7.5 184.7  3.48 14.57 224.62  17.38  2  3.46 14.62 224.12  15.94  0.32 13.56 308.27   9.47
19801104 150000  9.2 211.6  3.47 14.64 223.63  17.44  2  3.45 14.69 223.15  16.06  0.31 13.53 308.34   9.41
19801104 180000 10.7 208.1  3.58 14.80 222.65  17.82  2  3.57 14.84 222.24  16.63  0.30 13.50 308.29   9.66
19801104 210000 11.2 205.4  3.77 15.00 221.60  18.50  2  3.76 15.02 221.26  17.55  0.29 13.47 308.34   9.89
19801105 000000  5.1 203.0  3.87 15.00 220.98  19.08  3  3.09 15.02 221.53  11.26  2.32  8.03 219.05  26.43  0.27 13.42 308.54  10.03
19801105 030000  8.5 202.3  3.76 14.84 221.10  18.31  2  3.75 14.85 220.82  17.52  0.26 13.36 308.94  10.02
19801105 060000  9.1 197.7  3.64 14.71 220.92  17.70  2  3.63 14.73 220.65  16.89  0.25 13.27 309.56   9.58
19801105 090000  8.2 198.0  3.54 14.74 221.17  17.03  2  3.54 14.75 220.90  16.19  0.24 13.12 309.89   9.48
19801105 120000  8.7 189.8  3.51 14.94 221.15  16.70  2  3.50 14.95 220.90  15.88  0.23 12.90 310.03   9.44
19801105 150000  9.5 207.2  3.56 15.20 220.98  16.57  2  3.56 15.20 220.75  15.81  0.22 12.79 310.00   9.48
19801105 180000 11.1 217.8  3.72 15.34 221.55  16.59  3  1.71  6.39 218.98  26.60  3.29 15.34 221.92  11.43  0.22 12.72 309.96   9.55
19801105 210000 11.6 210.4  3.93 15.40 221.53  17.60  3  2.10  6.80 221.79  27.07  3.31 15.40 221.20  10.73  0.21 12.68 310.08   9.68
19801106 000000 11.8 198.2  3.96 15.41 220.65  18.21  2  3.95 15.41 220.49  17.73  0.21 12.65 310.42   9.87
19801106 030000  6.6 185.9  3.83 15.38 221.00  17.31  2  3.82 15.38 220.82  16.77  0.21 12.63 310.88  10.06
19801106 060000  7.2 198.5  3.68 15.35 221.40  15.93  2  3.68 15.35 221.21  15.29  0.21 12.62 311.67  10.24
19801106 090000  7.5 189.3  3.58 15.33 221.38  15.32  2  3.57 15.33 221.19  14.63  0.20 12.61 312.65  10.42
19801106 120000  6.6 194.2  3.46 15.30 221.46  14.96  2  3.46 15.30 221.26  14.20  0.20 12.59 313.26  10.71
19801106 150000  7.4 215.4  3.34 15.24 221.77  14.59  2  3.34 15.24 221.56  13.75  0.20 12.58 313.94  10.77
19801106 180000  9.4 209.2  3.25 15.14 222.01  15.00  3  0.85  4.15 216.17  29.47  3.13 15.14 222.16  12.19  0.20 12.54 314.38  11.27
19801106 210000  9.3 203.5  3.14 15.01 221.94  16.11  2  3.13 15.00 221.71  15.25  0.20 12.42 314.90  11.67
19801107 000000  5.7 190.4  2.92 14.72 222.35  16.18  2  2.91 14.72 222.09  15.21  0.20 12.20 316.16  11.65
19801107 030000  5.1 221.6  2.70 14.51 223.01  15.64  2  2.69 14.51 222.69  14.40  0.20 12.05 316.01  12.10
19801107 060000  4.6 194.4  2.51 14.37 223.51  15.52  2  2.51 14.37 223.13  14.03  0.20 11.97 316.25  12.15
19801107 090000  6.0 195.6  2.40 14.30 223.56  15.94  2  2.39 14.29 223.14  14.30  0.21 11.91 316.28  12.26
19801107 120000 10.3 182.9  2.46 14.19 221.07  19.54  3  2.46 14.19 220.63  18.23  0.17 11.88 319.03  12.74  0.12 14.90 305.94  10.03
19801107 150000 10.7 192.3  2.72 14.04 218.51  21.82  3  2.71 14.03 218.16  20.88  0.17 11.85 319.27  12.93  0.13 14.87 305.64  10.56
19801107 180000 12.5 215.3  2.95 13.54 219.62  21.07  3  2.94 13.53 219.34  20.29  0.16 11.81 319.45  13.04  0.13 14.99 304.90  10.75
19801107 210000 11.7 208.6  3.06 13.32 219.84  21.51  3  3.05 13.33 219.58  20.85  0.15 11.76 319.76  13.06  0.13 15.13 304.82  10.75
19801108 000000 12.0 193.3  3.15 13.25 218.48  22.70  3  3.14 13.25 218.25  22.13  0.15 11.65 319.76  13.43  0.13 15.22 304.25  11.88
19801108 030000 12.1 195.0  3.14 13.16 217.11  23.66  3  3.13 13.16 216.88  23.12  0.14 15.25 304.92  11.43  0.13 11.43 322.41  12.25
19801108 060000  8.8 187.1  2.87 12.59 217.71  23.89  3  2.87 12.59 217.45  23.28  0.14 15.26 305.23  11.13  0.12 11.26 323.06  11.62
19801108 090000  5.9 180.4  2.55 12.42 220.05  22.51  3  2.55 12.42 219.74  21.74  0.14 13.75 305.85  10.14  0.12 11.20 322.92  11.70
19801108 120000  4.8 174.4  2.39 11.12 221.73  21.08  3  2.38 11.11 221.37  20.18  0.14 13.77 305.06  10.27  0.11 11.14 322.75  11.78
19801108 150000  8.1 205.1  2.36 10.72 222.10  20.47  3  2.36 10.69 221.73  19.53  0.15 14.08 304.00  11.09  0.11 11.13 321.64  12.65
19801108 180000 11.1 210.6  2.54 10.35 221.39  20.73  4  2.44 10.33 221.27  20.49  0.68 12.78 218.55   9.90  0.16 14.28 303.83  10.48  0.10 11.05 322.17  12.03
19801108 210000 13.0 205.0  3.09  9.65 219.17  22.25  3  3.08  9.64 218.94  21.73  0.17 14.37 303.05  11.42  0.10 11.03 321.73  12.16
19801109 000000  3.9 201.0  3.30  9.49 218.79  23.67  2  3.30  9.48 218.61  23.28  0.18 14.40 308.74  12.92
19801109 030000  5.8 186.3  3.09  9.83 220.09  22.99  2  3.09  9.82 219.89  22.57  0.18 14.42 308.86  12.73
19801109 060000  3.6 190.4  2.88 10.10 221.35  21.63  2  2.87 10.09 221.16  21.17  0.16 14.42 310.24  11.54
19801109 090000  3.8 152.6  2.73 10.22 222.01  20.52  2  2.73 10.22 221.80  20.02  0.16 14.39 308.69  12.38
19801109 120000  4.3 222.2  2.60 10.22 222.23  19.84  2  2.59 10.22 222.00  19.26  0.16 13.02 307.64  12.33
19801109 150000  6.1 219.1  2.42 10.02 222.38  19.87  4  2.41 10.02 222.08  19.16  0.16 13.38 307.41  12.23  0.07 16.78 228.44   8.99  0.07 17.00 300.27  11.06
19801109 180000  9.3 219.8  2.25  9.73 222.77  20.69  4  2.25  9.72 222.38  19.85  0.16 13.44 306.17  12.08  0.08 16.70 228.37   8.86  0.08 17.15 300.10  12.38
19801109 210000  8.7 209.0  2.15  9.45 222.37  22.23  4  2.14  9.45 221.89  21.32  0.17 13.48 304.60  12.70  0.09 16.62 228.72   8.70  0.08 17.05 300.24  13.64
19801110 000000  6.1 210.9  1.96  9.13 222.52  23.27  3  1.94  9.13 221.92  22.23  0.19 13.50 303.20  13.02  0.11 16.29 229.48   9.30
19801110 030000  6.1 201.8  1.77  8.94 223.04  23.73  6  1.71  8.94 221.68  22.58  0.29 11.09 248.52   5.17  0.24 10.33 215.00   0.00  0.16 13.50 301.78  12.11  0.13 15.71 229.22   8.08  0.10 16.37 300.39  13.80
19801110 060000  6.3 198.1  1.58 10.25 223.77  24.28  5  1.51  9.48 221.17  22.66  0.38 11.03 246.57   4.88  0.15 13.50 301.88  12.40  0.14 15.62 229.10   8.18  0.12 16.05 298.78  13.83
19801110 090000  5.5 178.7  1.42 10.28 224.23  25.49  5  1.32  9.05 220.25  23.67  0.45 10.49 245.32   6.01  0.15 15.56 229.17   8.88  0.15 13.46 302.11  12.48  0.13 15.97 298.23  13.90
19801110 120000  5.0 186.8  1.27 10.26 226.01  26.17  5  1.12  8.75 220.07  24.62  0.53 10.47 242.05   8.48  0.17 15.27 228.47   9.60  0.15 13.34 303.78  12.56  0.14 15.98 298.70  14.06
19801110 150000  6.4 226.2  1.17 10.19 228.39  25.91  5  1.01  8.42 221.80  24.13  0.51 10.41 243.21   7.69  0.19 14.70 228.52   9.35  0.15 12.71 303.68  12.05  0.14 15.98 299.74  14.24
19801110 180000  8.7 218.1  1.29 10.06 228.46  25.62  4  1.25 10.06 226.78  23.50  0.21 14.64 229.22   8.90  0.15 12.63 303.86  11.55  0.14 15.93 301.10  14.00
19801110 210000  8.4 214.2  1.47  9.76 227.48  24.85  5  1.36  9.32 223.70  23.17  0.46 10.33 245.53   7.23  0.23 14.57 229.99   9.02  0.16 12.63 302.90  11.85  0.14 15.85 302.47  13.50
19801111 000000  9.8 198.8  1.72  9.58 223.00  25.59  4  1.69  9.58 221.75  24.07  0.26 14.39 229.12   9.63  0.16 12.62 301.89  11.84  0.16 14.91 303.83  12.13
19801111 030000  7.6 186.2  1.88  9.43 221.17  26.47  5  1.84  9.43 219.88  25.14  0.32 13.73 228.27   8.90  0.16 14.78 300.96  14.18  0.15 12.62 300.84  12.35  0.09 16.62 307.53   7.91
19801111 060000  6.5 163.8  1.86  9.08 222.14  26.75  6  1.80  9.08 220.60  25.44  0.38 13.55 228.75   9.33  0.18 14.81 299.26  14.51  0.15 12.63 300.13  12.59  0.09 16.61 310.49   5.40  0.05 20.39 303.64   9.90
19801111 090000  5.7 145.8  1.79  8.80 223.33  26.89  6  1.72  8.80 221.52  25.60  0.43 13.41 229.86  10.39  0.19 14.86 298.28  14.88  0.14 12.60 300.36  12.73  0.08 16.60 310.35   5.18  0.06 20.36 304.60   9.79
19801111 120000  7.4 162.4  1.73  8.48 223.70  27.77  5  1.65  8.48 221.75  26.65  0.46 13.02 229.49  10.26  0.20 14.97 300.37  13.92  0.15 12.64 302.19  12.28  0.07 20.11 304.98   9.79
19801111 150000  7.4 198.7  1.69  8.33 224.27  26.71  5  1.59  8.33 222.02  25.51  0.50 12.59 230.41  11.14  0.24 15.15 301.69  13.18  0.11 15.69 230.09   7.57  0.08 19.24 304.37   9.78
19801111 180000 11.3 211.7  1.90  8.15 222.92  25.80  5  1.80  8.15 220.92  24.61  0.53 12.51 230.53  11.37  0.24 15.27 303.22  12.23  0.13 15.58 232.35   7.45  0.09 19.11 304.02  10.02
19801111 210000 12.2 206.6  2.33  7.03 220.43  26.29  6  2.31  7.03 219.53  24.98  0.21 14.87 227.82  11.60  0.17 15.44 300.20  14.19  0.15 13.67 308.54   8.98  0.11 11.86 302.04  10.78  0.10 19.09 304.52  10.24
19801112 000000  8.3 192.6  2.34  7.41 219.59  27.93  9  1.80  7.27 204.42  25.10  1.35  7.67 240.48  11.77  0.39 12.66 232.04  13.62  0.37 11.29 228.90   8.49  0.22 14.80 227.50  11.24  0.19 15.35 301.59  12.98  0.12 12.02 302.18  10.88  0.11 13.56 312.01   6.74  0.11 19.07 305.39  10.33
19801112 030000  6.1 189.2  2.10  7.48 221.02  28.03  6  1.98  7.48 218.53  27.00  0.57 12.03 233.56  12.80  0.28 14.58 223.94  12.62  0.19 15.32 301.74  13.32  0.18 13.49 305.18  10.69  0.12 18.86 305.55  10.11
19801112 060000  3.2 179.6  1.85  7.41 223.33  27.42  6  1.70  7.41 220.31  26.14  0.65 11.73 229.90  14.49  0.19 13.52 302.62  11.37  0.18 15.26 302.21  14.16  0.17 14.62 237.04   6.30  0.14 18.01 304.84  10.09
19801112 090000  2.3 144.9  1.68  7.32 225.46  26.67  6  1.48  7.32 222.08  25.27  0.60 11.69 231.71  13.19  0.33 13.64 213.92   7.66  0.26 14.30 301.76  12.83  0.25 14.18 235.48   6.87  0.16 17.89 304.62  10.32
19801112 120000  2.6 171.7  1.59 13.63 226.87  25.93  7  1.36  7.30 223.51  23.87  0.59 11.69 230.29  14.18  0.37 14.11 213.94  10.31  0.27 14.32 300.71  14.03  0.26 13.56 232.63   7.18  0.17 17.88 305.13  10.68  0.16 10.33 235.00   0.00
19801112 150000  4.7 226.3  1.58 13.52 227.47  25.15  6  1.29  7.54 223.59  22.49  0.65 13.45 218.98  11.10  0.48 10.44 241.67   9.81  0.28 14.35 302.12  12.73  0.26 11.83 230.15   5.00  0.18 17.87 305.57  10.51
19801112 180000  7.5 218.1  1.66 13.25 227.15  24.66  5  1.34  8.14 224.25  22.00  0.74 13.18 219.12  11.49  0.53 10.34 236.62  12.24  0.28 14.37 302.80  12.40  0.20 17.72 305.82  10.26
19801112 210000  7.5 209.9  1.77 12.88 225.66  24.82  6  1.42  8.50 222.49  22.58  0.81 12.86 218.68  11.51  0.57 10.25 236.21  12.44  0.25 14.38 301.09  12.43  0.22 16.97 305.26  10.03  0.14 12.61 311.22   6.32
19801113 000000  4.5 221.6  1.81 12.77 225.05  25.03  4  1.77 12.75 222.48  20.31  0.24 16.77 304.96  10.52  0.24 14.38 302.59  12.36  0.15 12.54 307.56   9.52
19801113 030000  3.0 238.4  1.83 12.63 225.13  24.71  5  1.45  9.44 223.88  22.36  1.05 12.61 219.92  12.83  0.26 16.75 305.22  10.96  0.23 14.36 301.63  12.42  0.16 12.56 309.15   9.09
19801113 060000  4.5 203.3  1.85 12.43 225.16  24.28  3  1.81 12.38 222.51  19.10  0.28 16.69 305.50  10.85  0.26 14.08 303.68  12.50
19801113 090000  3.9 192.4  1.87 12.08 225.17  24.03  4  1.82 12.03 222.44  18.62  0.30 16.62 305.99  10.41  0.26 13.38 302.07  13.54  0.06 17.96 225.48   7.98
19801113 120000  4.7 182.7  1.87 11.88 225.31  24.08  4  1.83 11.84 222.40  18.28  0.30 16.41 305.41  10.36  0.27 13.43 302.93  12.78  0.07 17.91 225.80   8.03
19801113 150000  6.5 225.4  1.89 11.73 225.73  24.34  3  1.85 11.69 222.57  18.06  0.32 15.97 305.43  10.43  0.29 13.48 302.86  12.65
19801113 180000  9.4 202.7  2.01 11.58 224.65  25.27  5  1.58  8.77 221.66  22.61  1.15 11.53 221.24  10.77  0.33 15.78 305.26  10.60  0.31 13.55 303.20  13.02  0.10 17.12 225.63   8.40
19801113 210000  9.3 205.1  2.15 11.31 223.50  25.85  6  1.78  8.75 220.18  23.37  1.11 11.24 221.69  10.39  0.36 15.64 305.27  10.70  0.28 13.43 303.37  13.56  0.10 17.24 227.45   7.47  0.06 23.53 307.47  10.21
19801114 000000  5.5 190.9  2.20 11.05 222.87  26.60  5  1.89  8.00 219.31  23.98  1.02 11.02 222.62  10.75  0.45 15.56 304.76  11.82  0.10 16.99 223.74   7.37  0.08 23.39 309.12   8.14
19801114 030000  8.1 203.5  2.15  7.94 222.72  26.93  5  1.87  7.94 218.90  23.94  0.96 10.87 223.17  10.79  0.45 15.48 304.84  11.59  0.09 17.12 226.11   6.61  0.08 23.36 309.61   7.81
19801114 060000  8.5 188.1  2.09  7.84 221.75  27.98  4  1.82  7.84 217.34  24.65  0.91 10.90 223.30  10.22  0.45 15.38 304.78  11.32  0.10 23.23 308.18   9.93
19801114 090000  6.5 182.9  2.01  7.68 222.70  28.63  6  1.66  7.68 217.63  25.49  1.02 11.16 222.15  10.71  0.46 15.27 304.81  11.31  0.15 16.47 222.68   9.66  0.13 22.16 309.31   8.70  0.06 19.04 300.08  11.31
19801114 120000  5.9 185.9  1.96 11.27 224.77  28.30  6  1.58  7.55 219.42  24.16  1.04 11.21 222.92  11.00  0.47 15.11 304.79  11.51  0.18 21.89 309.00   8.44  0.10 19.28 205.30   6.09  0.07 19.00 300.31  11.33
19801114 150000  6.8 230.7  1.95 11.04 226.73  27.27  6  1.87 11.00 222.47  19.56  0.47 14.75 304.53  11.09  0.18 21.84 309.33   8.06  0.18 18.72 205.97   6.01  0.07 18.99 299.79  11.48  0.05 10.27 332.15   4.77
19801114 180000  8.3 211.0  1.99 10.81 227.16  26.75  5  1.90 10.77 223.36  19.24  0.48 14.57 304.34  11.49  0.30 17.94 206.53   6.25  0.18 21.80 311.06   8.22  0.08 19.11 300.37  10.98
19801114 210000  7.5 209.6  2.05 10.59 226.85  27.30  4  1.91 10.54 223.60  19.77  0.51 18.40 207.16   6.62  0.48 14.48 304.56  10.88  0.25 21.25 308.98   9.61
19801115 000000  0.7 313.5  2.09 10.46 226.70  28.20  6  1.85 10.42 224.23  20.04  0.77 18.46 207.75   6.72  0.48 14.43 304.50  10.69  0.32 20.48 308.34   9.15  0.06 17.84 305.98   8.20  0.05  9.75 333.02   4.08
19801115 030000  5.2 223.2  2.15 17.67 225.84  28.01  5  1.78 10.31 225.28  19.79  1.04 17.66 208.29   6.82  0.49 14.39 304.88  10.96  0.35 20.41 308.85   8.29  0.10 17.80 298.71  11.03
19801115 060000  6.4 179.1  2.23 17.34 223.70  27.59  5  1.72 10.21 224.87  20.70  1.27 17.31 209.06   6.99  0.49 14.35 305.00  11.34  0.33 20.38 310.23   8.51  0.12 17.78 299.47  11.26
19801115 090000  6.8 186.3  2.29 16.53 222.05  27.17  4  1.67 10.11 224.22  21.39  1.45 16.51 209.52   6.86  0.48 14.27 304.91  11.97  0.36 20.24 309.50   9.91
19801115 120000  5.1 177.0  2.34 16.20 221.75  27.67  4  1.63 16.20 210.29   7.56  1.55 10.64 224.55  21.80  0.47 14.07 305.02  11.87  0.45 19.26 308.61   9.50
19801115 150000  7.4 224.7  2.40 15.48 222.04  27.84  3  2.30 15.56 216.63  16.30  0.53 19.07 308.15   8.93  0.46 13.68 305.13  11.60
19801115 180000 11.4 202.0  2.64 15.33 219.95  27.20  3  2.55 15.36 215.57  17.72  0.52 19.03 308.62   9.25  0.45 13.55 305.20  11.16
19801115 210000 10.4 202.1  2.81 15.24 218.41  26.37  4  1.64  5.95 216.87  27.29  2.19 15.27 214.07  11.58  0.48 19.02 309.77   9.69  0.45 13.50 305.20  10.95
19801116 000000  6.9 199.9  2.82 15.08 218.55  26.20  4  1.59  6.43 218.76  28.15  2.24 15.09 213.55  10.75  0.49 18.81 309.69   9.83  0.44 13.48 304.93  10.85
19801116 030000  7.5 194.8  2.81 14.88 219.48  27.13  4  1.43  6.58 218.55  28.07  2.30 14.93 213.98  11.07  0.59 17.88 308.27   9.26  0.43 13.46 305.22  11.07
19801116 060000  7.2 186.6  2.78 14.68 220.31  28.07  3  2.67 14.75 215.13  16.87  0.67 17.78 307.89   9.25  0.42 13.44 305.79  11.43
19801116 090000  5.5 176.4  2.70 14.43 220.68  27.73  3  2.59 14.49 215.50  16.20  0.66 17.76 308.30   9.62  0.40 13.39 305.94  11.63
19801116 120000  0.4 128.8  2.60 14.32 220.77  26.28  3  2.50 14.35 216.23  15.37  0.59 17.74 309.16  10.04  0.38 13.26 306.00  11.71
19801116 150000  5.6 246.5  2.52 14.24 221.19  25.61  3  2.43 14.26 216.89  14.99  0.55 17.55 309.57   9.85  0.37 12.90 306.02  11.59
19801116 180000  6.0 217.5  2.53 14.08 222.42  27.17  3  2.42 14.10 217.20  15.35  0.63 16.73 308.70   9.46  0.36 12.74 306.20  11.40
19801116 210000  5.8 220.6  2.54 13.75 223.38  29.02  3  2.41 13.78 216.89  15.37  0.72 16.63 308.06   9.47  0.35 12.69 306.42  11.28
19801117 000000  1.8 288.6  2.53 13.63 223.21  29.45  3  2.40 13.67 216.41  15.25  0.74 16.60 307.95   9.82  0.34 12.67 306.02  11.00
19801117 030000  4.9 207.8  2.49 13.60 222.39  28.83  3  2.36 13.63 216.03  14.93  0.71 16.57 308.01  10.19  0.33 12.66 306.54  11.25
19801117 060000  5.0 180.0  2.43 13.58 221.30  27.94  3  2.32 13.62 215.62  14.86  0.65 16.46 308.29  10.45  0.32 12.65 306.94  11.53
19801117 090000  4.6 187.3  2.38 13.57 221.26  28.13  3  2.27 13.61 215.46  14.78  0.64 15.82 308.50  10.27  0.31 12.65 307.23  11.83
19801117 120000  2.3 191.2  2.32 13.53 222.26  29.45  3  2.20 13.56 215.50  14.67  0.69 15.59 308.38   9.87  0.30 12.64 307.35  12.05
19801117 150000  6.3 227.1  2.27 13.44 223.55  30.36  3  2.14 13.48 215.98  14.67  0.71 15.55 308.04   9.67  0.29 12.59 307.27  12.12
19801117 180000  7.3 214.1  2.24 13.34 224.12  30.91  4  0.58  3.57 219.23  29.52  2.02 13.37 216.09  13.82  0.72 15.52 307.65   9.82  0.28 12.53 307.14  12.07
19801117 210000  7.9 212.3  2.21 13.23 224.31  31.14  4  0.79  4.23 218.23  28.35  1.92 13.26 216.30  13.64  0.71 15.48 307.34  10.22  0.26 12.43 306.50  12.01
19801118 000000  3.6 210.6  2.10 13.06 224.80  31.81  3  1.96 13.15 216.69  17.34  0.68 15.37 307.10  10.49  0.26 12.38 307.17  11.84
19801118 030000  5.1 202.2  1.97 12.93 225.89  32.36  3  1.83 13.01 217.11  17.11  0.66 14.98 306.96  10.70  0.25 12.33 307.87  11.66
19801118 060000  6.1 183.5  1.87 14.26 226.49  33.04  3  1.73 12.92 217.14  17.42  0.65 14.68 306.71  10.91  0.24 12.25 308.39  11.59
19801118 090000  5.5 172.9  1.77 14.28 227.30  34.02  3  1.64 12.83 217.17  18.08  0.64 14.60 306.58  10.70  0.24 12.08 308.65  11.58
19801118 120000  4.8 195.5  1.69 14.28 228.92  34.69  3  1.54 12.72 217.70  17.67  0.64 14.56 306.56  10.57  0.21 11.84 307.65  12.23
19801118 150000  4.5 228.7  1.63 14.25 230.56  34.85  3  1.48 12.66 218.37  16.44  0.64 14.52 306.25  10.49  0.22 11.87 307.74  12.78
19801118 180000  6.0 230.9  1.65 14.17 231.14  34.13  4  0.38  2.92 233.19  29.37  1.45 12.67 218.50  14.41  0.65 14.47 305.87  10.55  0.22 11.81 307.55  13.32
19801118 210000  5.5 226.6  1.72 13.71 229.71  32.56  3  1.58 12.70 219.37  15.58  0.64 14.39 305.45  10.65  0.22 11.83 307.29  13.29
19801119 000000  2.1 208.1  1.78 13.29 228.32  30.60  3  1.65 12.62 219.46  14.42  0.61 14.28 305.08  10.95  0.22 11.82 306.77  13.17
19801119 030000  2.9 218.5  1.82 12.99 227.90  28.70  4  1.65 12.49 220.19  11.35  0.60 14.12 304.86  11.17  0.43  4.30 220.29  29.92  0.21 11.75 306.05  14.04
19801119 060000  3.2 198.1  1.84 12.56 228.13  27.50  2  1.73 12.38 221.04  12.67  0.62 13.92 304.76  11.74
19801119 090000  1.3 176.3  1.83 12.35 228.74  27.07  2  1.72 12.24 221.78  12.32  0.61 13.80 304.81  11.44
19801119 120000  1.3   6.0  1.79 12.16 229.46  27.09  2  1.69 12.05 222.34  12.20  0.60 13.70 304.64  11.41
19801119 150000  2.3 229.1  1.75 12.04 230.08  27.22  3  1.65 11.94 222.83  12.44  0.58 13.63 304.29  11.36  0.14 11.01 308.82  10.00
19801119 180000  7.1 208.8  1.78 11.96 229.76  27.19  3  1.68 11.87 222.95  13.87  0.59 13.57 304.38  11.36  0.05 19.24 224.76   7.76
19801119 210000  8.0 220.3  1.89 11.89 229.67  26.72  3  1.80 11.81 223.98  16.32  0.57 13.52 304.19  11.50  0.05 21.99 306.17   8.95
19801120 000000  3.8 189.0  1.91 11.82 229.89  26.27  3  1.82 11.75 224.67  16.83  0.55 13.47 304.01  11.85  0.07 21.91 306.16   8.98
19801120 030000  5.2 198.5  1.96 11.78 230.25  25.20  3  1.89 11.70 225.79  16.98  0.53 13.43 304.06  11.84  0.08 21.90 306.37   8.86
19801120 060000  9.2 185.2  2.14 11.78 228.05  25.88  3  2.07 11.67 224.61  20.06  0.50 13.39 303.74  12.14  0.09 21.88 306.62   8.70
19801120 090000  9.2 185.4  2.32 12.01 225.01  27.06  3  2.27 11.75 222.36  22.87  0.47 13.34 303.45  12.23  0.10 21.72 306.66   8.60
19801120 120000  8.2 178.0  2.41 12.28 224.25  26.38  3  2.36 11.96 221.96  22.61  0.44 13.27 303.72  11.76  0.12 20.97 306.47   8.63
19801120 150000 10.6 212.2  2.52 12.35 223.91  24.78  3  2.48 12.08 221.93  21.20  0.43 13.15 303.80  11.74  0.15 20.58 306.33   8.67
19801120 180000 12.5 212.7  2.86 12.43 222.94  23.76  3  2.83 12.24 221.47  20.95  0.41 12.95 303.76  12.03  0.17 20.52 306.17   8.78
19801120 210000 10.8 206.7  2.94 12.49 221.91  24.29  3  2.90 12.37 220.58  21.78  0.39 12.80 304.09  11.77  0.18 20.49 305.97   8.83
19801121 000000  8.9 197.1  2.86 12.52 221.60  24.16  3  2.83 12.44 220.24  21.54  0.37 12.72 304.13  11.94  0.20 20.43 306.38   8.80
19801121 030000  9.6 198.2  2.78 12.52 221.55  23.74  4  2.75 12.47 220.12  20.89  0.35 12.68 304.09  11.98  0.23 20.27 306.44   8.58  0.05 21.99 222.15   7.52
19801121 060000  9.0 189.8  2.70 12.50 221.75  23.59  4  2.66 12.45 220.20  20.47  0.34 12.67 304.03  11.88  0.27 19.88 306.26   8.65  0.07 21.71 221.88   7.39
19801121 090000  6.9 194.0  2.63 12.41 222.51  23.10  4  2.59 12.36 220.85  19.66  0.32 12.67 303.89  11.89  0.29 19.43 305.99   8.84  0.09 21.22 222.20   7.47
19801121 120000  5.8 175.6  2.58 12.22 222.98  22.64  4  2.54 12.10 221.26  18.97  0.31 12.66 304.23  11.58  0.31 19.33 305.84   8.96  0.10 20.74 222.11   7.42
19801121 150000  8.9 211.2  2.58 11.89 222.99  22.34  4  2.54 11.82 221.24  18.52  0.32 19.26 305.94   8.97  0.30 12.67 304.32  11.90  0.12 20.51 222.60   8.05
19801121 180000 11.0 213.9  2.80 11.65 221.97  22.90  4  2.76 11.61 220.41  19.58  0.35 19.16 306.20   8.85  0.28 12.65 304.76  11.89  0.14 20.19 222.31   7.71
19801121 210000 12.7 209.6  3.03 11.51 220.97  23.44  4  2.99 11.47 219.53  20.46  0.38 19.02 306.27   8.84  0.27 12.58 305.16  11.81  0.16 19.61 222.40   7.54
19801122 000000 12.9 195.7  3.16 11.05 218.68  25.00  4  3.12 10.95 217.26  22.26  0.41 18.85 306.12   8.96  0.24 12.44 306.24  10.65  0.18 19.37 222.63   7.59
19801122 030000 10.8 198.4  3.01  9.51 218.42  25.93  5  2.68  9.40 215.80  24.64  1.28 11.34 220.97  12.68  0.42 18.66 305.87   9.16  0.23 12.39 305.49  11.59  0.19 19.21 222.62   7.53
19801122 060000  8.8 182.9  2.77  9.24 218.70  26.56  5  2.45  9.24 216.14  24.95  1.19 11.25 219.45  13.20  0.42 18.49 305.70   9.35  0.21 18.82 222.59   7.49  0.21 12.30 306.42  10.49
19801122 090000  7.2 171.3  2.53  9.18 219.65  26.82  5  2.20  9.18 216.95  24.82  1.14 11.09 218.71  12.59  0.43 18.28 305.81   9.42  0.23 18.20 222.71   7.59  0.20 12.33 306.52  10.54
19801122 120000  7.8 161.4  2.34  9.20 220.40  27.58  5  2.06  9.20 217.16  24.23  0.97 11.17 219.15  13.52  0.45 18.07 306.11   9.39  0.24 18.07 222.95   7.67  0.19 12.37 306.94  10.40
19801122 150000  9.1 200.1  2.25 10.19 220.65  27.70  5  1.93  9.28 216.89  23.58  1.01 10.90 218.68  13.20  0.47 17.89 306.34   9.33  0.24 17.98 223.04   7.65  0.19 12.37 307.24  10.52
19801122 180000 14.1 205.7  2.69  9.11 218.24  26.96  4  2.63  9.11 215.78  22.48  0.49 17.75 306.37   9.34  0.26 17.61 222.78   7.60  0.17 12.28 308.01  10.01
19801122 210000 14.6 200.3  3.26  8.28 215.87  27.42  4  3.20  8.28 214.15  24.41  0.50 17.64 306.24   9.46  0.27 16.93 222.93   7.78  0.16 12.13 307.80  10.28
19801123 000000 12.9 192.7  3.36  8.60 214.69  28.44  4  3.31  8.60 213.09  25.79  0.50 17.54 306.10   9.62  0.28 16.83 223.10   7.83  0.14 12.03 309.83   8.33
19801123 030000 11.1 185.3  3.12  8.84 215.40  28.95  4  3.06  8.84 213.57  26.03  0.49 17.44 306.13   9.71  0.28 16.78 223.18   7.85  0.13 11.89 309.43   8.58
19801123 060000  8.9 174.4  2.78  8.90 217.67  29.21  4  2.72  8.90 215.35  25.63  0.50 17.27 306.31   9.76  0.28 16.62 223.07   8.03  0.13 11.84 308.20   9.46
19801123 090000  7.8 172.3  2.56  9.15 219.99  28.81  4  2.49  9.15 217.22  24.45  0.51 16.96 306.51   9.73  0.30 15.92 222.35   8.59  0.12 11.81 309.24   8.63
19801123 120000  8.4 179.7  2.45  9.38 220.64  28.50  4  2.37  9.38 217.53  23.45  0.52 16.75 306.56   9.71  0.30 15.78 222.21   8.51  0.12 11.79 308.73   9.82
19801123 150000  7.9 198.9  2.37  9.40 221.13  27.92  4  2.29  9.40 217.80  22.17  0.52 16.62 306.51   9.74  0.31 15.72 220.31   9.86  0.11 11.78 310.32   8.61
19801123 180000 11.4 216.5  2.47  9.37 221.56  26.78  5  2.39  9.37 218.57  21.25  0.53 16.54 306.42   9.79  0.30 15.93 222.01   9.43  0.14 17.87 202.20   4.62  0.11 11.77 310.72   8.62
19801123 210000 12.3 205.6  2.87  8.83 219.38  26.38  5  2.80  8.83 217.26  22.33  0.53 16.48 306.40   9.85  0.30 15.39 221.70   9.25  0.26 16.96 202.52   4.66  0.11 11.76 311.15   8.50
19801124 000000  6.7 208.1  3.11  9.01 218.04  26.96  5  3.02  9.01 216.39  23.70  0.52 16.42 306.46   9.89  0.47 16.47 205.75   8.62  0.20 15.07 227.97   4.77  0.10 11.75 311.28   8.48
19801124 030000  5.1 184.2  3.00  9.42 218.70  26.59  5  2.89  9.42 217.21  23.13  0.59 15.76 204.34   7.35  0.52 16.33 306.56   9.92  0.20 14.90 228.13   4.81  0.10 11.68 311.31   8.35
19801124 060000  4.0 184.0  2.79  9.55 219.29  26.05  4  2.63  9.55 218.08  21.92  0.76 15.29 204.79   9.09  0.52 16.15 306.58   9.93  0.09 11.62 310.93   8.48
19801124 090000  5.0 168.6  2.65  9.65 219.24  25.57  4  2.46  9.65 218.11  20.80  0.83 14.81 204.98   8.43  0.53 15.83 306.53   9.96  0.08 11.45 310.62   8.77
19801124 120000  6.4 171.5  2.62  9.78 218.34  25.28  4  2.40  9.78 217.49  20.49  0.92 14.52 204.94   7.34  0.52 15.66 306.43  10.00  0.08 11.21 311.26   8.28
19801124 150000  5.6 210.9  2.65  9.86 218.36  24.58  4  2.41  9.86 217.66  19.81  0.96 14.36 205.46   7.12  0.52 15.57 306.36  10.06  0.08 11.14 311.55   8.32
19801124 180000  9.2 218.3  2.71  9.83 218.64  24.24  4  2.44  9.83 218.31  19.81  1.04 14.16 205.92   7.61  0.52 15.52 306.30  10.13  0.08 11.10 311.97   8.36
19801124 210000 10.5 203.6  2.86  9.52 217.60  24.52  4  2.58  9.52 217.38  21.20  1.13 13.84 206.62   7.21  0.51 15.49 306.24  10.19  0.08 11.09 312.39   8.37
19801125 000000  1.3 276.2  3.02  9.02 216.49  25.17  4  2.76  9.01 216.07  22.62  1.12 13.64 207.02   7.48  0.50 15.46 306.17  10.21  0.07 11.01 313.17   8.85
19801125 030000  5.4 219.4  2.90  9.07 216.60  25.35  4  2.57  9.07 216.66  22.99  1.24 13.46 206.92   8.01  0.50 15.42 306.08  10.24  0.07 11.01 313.56   8.80
19801125 060000  6.3 192.0  2.61  8.99 216.70  25.45  4  2.25  8.99 216.44  22.54  1.21 13.25 207.90   8.03  0.49 15.35 306.02  10.30  0.07 11.01 313.72   8.78
19801125 090000  4.5 187.1  2.36 12.94 217.20  25.43  5  1.79  8.76 217.64  23.14  1.46 12.85 209.99   9.81  0.49 15.27 306.00  10.38  0.07 11.00 313.86   8.74  0.06 24.43 311.80   8.45
19801125 120000  0.5  63.1  2.24 12.64 217.99  25.23  3  2.18 12.58 214.89  18.12  0.49 15.17 306.12  10.47  0.09 23.36 310.23   7.95
19801125 150000  6.6 244.1  2.20 12.42 219.23  25.18  3  2.14 12.37 215.92  17.60  0.49 15.08 306.03  10.52  0.11 23.30 310.42   8.08
19801125 180000  9.9 211.4  2.28 10.66 219.59  25.38  3  2.22 10.66 216.48  18.55  0.50 14.98 305.95  10.49  0.11 23.28 311.55   8.50
19801125 210000  9.5 210.4  2.33 10.44 219.17  25.70  4  2.11 10.43 217.13  20.57  0.85 12.29 211.00   8.56  0.49 14.89 305.90  10.54  0.11 23.24 312.60   8.76
19801126 000000  2.5 191.0  2.29 10.27 219.32  26.53  4  2.08 10.27 216.79  21.29  0.80 12.14 212.50   9.58  0.48 14.79 305.91  10.76  0.15 22.03 310.50   8.27
19801126 030000  5.1 212.3  2.19  9.98 220.54  26.97  6  1.99  9.95 217.51  20.67  0.72 12.05 211.67   8.07  0.47 14.68 305.85  11.00  0.21 21.80 309.73   8.05  0.16 15.03 237.33   6.56  0.06 10.38 313.71   8.89
19801126 060000  7.8 197.6  2.11  9.67 220.57  27.31  5  1.82  9.44 217.23  21.23  0.94 11.53 214.28  10.00  0.47 14.59 306.02  11.13  0.22 21.77 310.07   8.41  0.13 14.86 236.99   6.98
19801126 090000  6.2 184.6  2.00  9.49 220.58  27.96  4  1.72  9.39 216.73  21.26  0.88 11.48 214.81  10.28  0.48 14.54 306.05  11.12  0.20 21.76 311.38   8.76
19801126 120000  5.5 186.8  1.87  9.26 221.46  28.66  4  1.63  9.25 216.95  20.22  0.75 11.46 214.30  10.56  0.49 14.52 306.12  11.02  0.19 21.62 311.86   8.77
19801126 150000  6.4 224.4  1.78  9.12 223.59  30.37  5  1.53  9.12 217.48  19.36  0.69 11.31 213.28   9.20  0.49 14.52 306.30  10.97  0.27 20.47 309.98   8.34  0.18 13.67 234.68   8.36
19801126 180000  8.5 218.2  1.78 10.91 225.75  31.89  4  1.50  9.01 218.50  20.22  0.75 11.15 215.90  10.33  0.50 14.51 306.56  11.08  0.35 20.36 309.49   8.39
19801126 210000  7.3 215.8  1.76 20.34 225.85  32.56  4  1.48  8.88 218.78  21.46  0.75 10.95 214.96  10.75  0.49 14.50 306.86  11.26  0.35 20.34 309.64   8.79
19801127 000000  3.7 193.9  1.67 10.85 224.87  32.67  4  1.41  8.70 217.72  21.86  0.70 10.90 215.35  10.96  0.48 14.46 307.02  11.47  0.30 20.33 310.53   9.13
19801127 030000  5.7 215.0  1.60 10.80 224.07  32.61  4  1.32  8.56 216.45  21.93  0.73 10.76 216.62  10.93  0.47 14.35 307.06  11.63  0.27 20.17 310.88   9.00
19801127 060000  7.2 195.7  1.62 19.11 224.53  34.53  4  1.30  8.14 215.57  22.45  0.77 10.59 214.90  10.74  0.46 14.14 307.03  11.71  0.36 19.11 309.85   8.55
19801127 090000  5.4 193.3  1.64 19.03 227.04  36.90  4  1.31  7.89 215.46  22.34  0.73 10.37 215.13  11.07  0.47 19.03 309.50   8.81  0.47 13.91 307.17  11.68
19801127 120000  4.9 198.6  1.64 19.01 228.72  36.97  4  1.32  7.89 216.53  21.49  0.69 10.23 216.38  11.65  0.49 19.01 309.52   9.27  0.47 13.88 307.45  11.62
19801127 150000  5.9 236.6  1.60 19.00 229.24  35.78  5  1.35  7.94 217.93  20.61  0.50 10.39 214.69  10.02  0.47 13.93 307.79  11.51  0.43 19.00 309.69   9.88  0.26 12.47 232.03   9.09
19801127 180000  8.3 232.7  1.59 18.95 229.85  34.16  6  1.38  7.93 220.81  21.36  0.47 13.97 308.11  11.46  0.45 10.38 213.44  10.80  0.35 18.95 309.87   9.33  0.23 12.61 233.62   9.73  0.05 19.19 222.89   8.67
19801127 210000  6.9 215.0  1.58 18.03 230.77  35.52  5  1.43  7.86 220.02  22.02  0.46 13.96 308.31  11.49  0.39 18.03 309.74   8.76  0.26 12.15 232.67   9.77  0.06 19.15 221.90   7.15
19801128 000000  3.9 226.3  1.51 17.80 235.28  39.24  5  1.31  7.73 219.42  22.52  0.51 17.80 309.45   8.76  0.45 13.88 308.59  11.57  0.27 11.88 232.28   9.52  0.07 18.98 222.72   8.79
19801128 030000  4.1 226.1  1.46 17.77 239.34  41.26  5  1.23  7.62 219.33  22.55  0.58 17.77 309.47   9.04  0.44 13.76 308.80  11.75  0.29 11.72 232.23   8.85  0.09 18.56 222.36   8.16
19801128 060000  5.6 188.6  1.43 17.76 238.15  41.91  6  1.19  7.84 217.59  22.93  0.57 17.76 309.52   9.34  0.43 13.64 309.01  11.87  0.32 11.63 231.39   9.75  0.10 18.00 221.62   7.20  0.05 15.68 251.32   5.79
19801128 090000  5.6 174.6  1.40 17.74 233.33  41.70  5  1.19  9.10 215.07  23.72  0.50 17.74 309.50   9.50  0.42 13.55 309.11  11.93  0.29 11.49 233.68   8.19  0.12 17.92 222.00   7.39
19801128 120000  5.7 179.0  1.36 17.63 231.03  40.31  6  1.05  8.38 215.11  24.22  0.51  9.95 212.06  12.78  0.45 17.62 309.49   9.46  0.41 13.49 309.00  11.89  0.29 11.32 233.92   8.63  0.15 17.81 225.91  11.99
19801128 150000  6.3 227.1  1.37 16.81 232.23  39.55  8  1.05  8.50 216.35  22.11  0.59 10.00 216.92  14.67  0.47 16.80 309.42   9.15  0.40 13.46 309.12  11.79  0.13 13.82 222.97   8.61  0.12 17.70 222.25   7.45  0.08 20.87 221.92   7.53  0.08 14.80 251.28   6.18
19801128 180000  9.3 219.3  1.57 16.64 233.03  38.32  7  1.24  8.31 219.79  23.20  0.63  9.97 216.08  14.16  0.55 16.64 309.33   9.10  0.40 13.43 309.38  11.68  0.17 16.98 222.21   7.72  0.13 13.75 223.45   8.06  0.09 14.57 250.35   5.78
19801128 210000  7.9 212.4  1.73 16.61 230.76  37.68  5  1.56  9.44 218.33  22.58  0.59 16.61 309.19   9.31  0.39 13.41 309.81  11.60  0.19 16.83 222.85   8.01  0.18 13.74 231.55  15.07
19801129 000000  3.3 216.6  1.76 16.60 229.27  37.22  6  1.59  9.39 217.62  22.64  0.59 16.60 309.06   9.54  0.38 13.37 310.26  11.58  0.21 13.42 228.67  14.86  0.15 19.20 223.98   9.20  0.13 16.66 222.89   6.65
19801129 030000  5.5 182.6  1.79 16.58 227.55  35.73  6  1.63  7.89 217.47  22.21  0.56 16.57 309.00   9.67  0.36 13.29 310.63  11.59  0.23 13.07 228.32  14.64  0.16 19.17 226.41   9.98  0.15 16.73 222.42   7.88
19801129 060000  5.9 193.9  1.80 16.51 225.99  34.12  5  1.65  7.94 217.41  21.92  0.52 16.50 309.16   9.69  0.34 13.07 310.42  11.73  0.24 17.99 225.24   9.88  0.23 12.90 229.10  14.49
19801129 090000  6.7 188.8  1.79  8.08 225.40  33.61  7  1.64  8.07 217.18  22.00  0.50 16.07 309.17   9.61  0.31 12.81 309.17  11.10  0.27 12.71 228.83  14.55  0.24 17.77 228.02  10.49  0.13 15.57 221.20   7.55  0.09  9.54 327.01   8.22
19801129 120000  5.5 160.3  1.73 15.67 226.32  34.28  5  1.57  8.20 217.29  22.29  0.51 15.63 309.07   9.62  0.31 12.70 310.69  11.62  0.31 17.42 227.91  10.83  0.27 12.62 230.06  14.41
19801129 150000  5.6 241.4  1.67 15.59 228.80  34.27  5  1.50  8.32 218.69  21.19  0.53 15.56 308.74   9.75  0.34 16.68 229.92  11.27  0.30 12.65 310.71  11.72  0.27 12.55 231.52  13.67
19801129 180000  6.6 229.3  1.70 15.56 230.96  33.84  7  1.51  8.35 220.96  21.64  0.54 15.53 308.26   9.86  0.39 15.89 231.62  11.64  0.29 12.62 310.08  11.14  0.18 12.58 242.28   8.13  0.18 12.00 220.46   6.10  0.08  9.52 324.62   9.53
19801129 210000  7.8 209.2  1.76 15.52 229.59  33.76  6  1.57  8.31 219.64  22.10  0.55 15.51 308.21  10.02  0.44 15.61 232.34  11.52  0.28 12.61 310.00  10.98  0.27 12.30 238.37  11.03  0.08  9.31 326.65   8.39
19801130 000000  1.4  13.0  1.75 15.44 229.16  34.06  6  1.54  8.14 218.85  22.70  0.55 15.47 308.37  10.03  0.48 15.20 232.94  11.29  0.31 12.07 235.41  13.48  0.27 12.57 309.96  11.19  0.07  9.29 326.80   8.33
19801130 030000  3.8 229.7  1.70 15.25 230.01  34.16  6  1.46  7.89 218.87  22.87  0.53 14.66 232.79  11.43  0.53 15.40 308.50  10.06  0.32 11.84 237.37  10.63  0.27 12.56 310.62  11.02  0.07  9.45 325.08   9.53
19801130 060000  6.2 199.0  1.63 14.75 230.46  34.25  6  1.37  7.72 218.47  23.13  0.57 14.47 232.89  11.22  0.51 15.19 308.85  10.24  0.36 11.76 237.19  11.18  0.28 12.53 311.19  11.06  0.06 21.77 303.96   9.64
19801130 090000  4.6 194.3  1.55 14.52 231.20  34.22  7  1.26  7.54 218.27  23.28  0.61 14.19 233.21  10.91  0.49 14.79 308.66  10.31  0.35 11.68 237.60  11.31  0.25 12.44 310.85  10.43  0.07  9.40 326.23   9.44  0.06 21.76 304.51   9.54
19801130 120000  1.3  64.3  1.48 14.33 232.57  33.81  7  1.16  7.47 218.91  22.82  0.64 13.68 232.31  11.08  0.49 14.65 308.50  10.35  0.38 11.55 236.84  10.94  0.23 12.28 310.85  10.79  0.06 21.51 304.59   9.11  0.06  8.89 328.94   7.35
19801130 150000  5.3 278.1  1.45 14.11 234.64  33.96  7  1.10  7.50 220.26  23.42  0.69 13.48 231.24  11.02  0.52 14.59 308.80  10.54  0.35 11.07 241.47   8.32  0.15 11.64 307.85  11.00  0.09 20.48 303.67   9.45  0.06  8.88 328.87   7.39
19801130 180000  3.6 237.5  1.42 14.04 236.40  34.53  7  1.05  7.51 221.18  23.70  0.69 13.30 231.52  11.31  0.52 14.56 308.77  10.73  0.35 10.94 239.19   9.98  0.17 11.72 307.71   9.56  0.11 20.38 303.33   9.70  0.06  8.89 328.82   7.43
19801130 210000  3.9 241.2  1.39 14.11 237.38  34.91  7  0.99  7.46 220.56  22.74  0.70 12.90 230.74  11.26  0.52 14.52 308.06  10.57  0.35 10.82 241.51   9.11  0.22 11.85 312.59  10.32  0.12 20.36 303.50   9.95  0.06  8.90 328.85   7.43
19801201 000000  2.5 236.3  1.36 12.80 238.00  34.85  7  0.92  7.38 219.59  21.92  0.81 12.64 233.20  11.65  0.52 14.47 308.10  10.64  0.22 11.84 312.60  10.28  0.13 15.56 224.96   6.61  0.11 20.35 304.11  10.05  0.06  8.91 328.96   7.41
