Date     Time   Uabs UDir  hs    tp    th     sp     np hs(i) tp(i) th(i)  sp(i)
19860501 000000  8.5 181.0  2.09 12.98 224.63  24.04  3  1.35  6.14 215.39  30.11  1.59 13.00 229.54  13.12  0.21 12.47 310.73  12.02
19860501 030000 10.3 186.8  2.15 12.77 221.19  26.22  2  2.14 12.79 220.64  25.23  0.20 12.50 310.40  12.09
19860501 060000 10.9 180.9  2.33 12.85 221.16  27.47  3  1.92  6.89 215.29  29.68  1.29 12.89 231.49  13.27  0.19 12.52 310.24  12.04
19860501 090000  9.4 173.4  2.57 13.25 225.88  27.63  4  1.94  7.17 214.47  30.43  1.68 13.31 238.64  13.40  0.18 12.53 312.13  10.27  0.05 14.50 296.92   9.41
19860501 120000 11.0 173.3  2.90 15.80 231.93  26.65  3  1.86  7.22 213.09  31.89  2.22 15.80 242.86  12.13  0.16 12.55 312.26   9.65
19860501 150000 10.5 189.0  3.31 15.57 235.53  24.67  2  1.82  6.97 210.50  31.34  2.76 15.57 244.69  11.72
19860501 180000  9.7 203.1  3.65 15.47 238.35  21.87  2  1.82  6.89 213.20  28.84  3.17 15.47 245.49  11.56
19860501 210000 10.0 211.7  3.87 17.21 240.33  19.72  1  3.87 17.21 240.33  19.72
19860502 000000  5.8 199.7  4.00 16.48 241.39  18.95  1  4.00 16.48 241.39  18.95
19860502 030000  7.9 182.7  4.06 16.40 242.42  18.02  1  4.06 16.40 242.42  18.02
19860502 060000  8.3 172.9  4.08 16.33 242.56  18.27  1  4.08 16.33 242.56  18.27
19860502 090000  7.0 171.4  4.01 16.17 242.79  17.68  1  4.01 16.17 242.79  17.68
19860502 120000  6.3 175.9  3.87 15.93 242.76  17.26  1  3.87 15.93 242.76  17.26
19860502 150000  7.8 185.6  3.72 15.62 242.22  17.37  1  3.72 15.62 242.22  17.37
19860502 180000 10.7 202.7  3.63 15.39 240.22  18.61  1  3.63 15.39 240.22  18.61
19860502 210000 12.2 199.1  3.73 15.12 236.25  21.56  2  1.97  6.47 215.32  27.82  3.17 15.12 243.36  12.28
19860503 000000 15.2 189.5  3.95 14.65 230.69  25.52  2  2.67  7.40 215.32  30.20  2.91 14.65 242.03  11.66
19860503 030000 12.3 182.1  4.01 14.37 227.77  26.95  2  2.95  8.28 214.84  30.63  2.72 14.37 241.13  11.57
19860503 060000 13.0 182.4  3.81 14.13 226.94  27.15  2  2.80  8.57 213.48  30.46  2.58 14.13 240.80  12.05
19860503 090000 12.3 180.0  3.64 13.70 226.11  27.09  2  2.59  8.61 210.38  29.92  2.55 13.70 240.41  12.22
19860503 120000  7.8 184.6  3.45 13.52 227.73  25.45  2  2.47  8.77 215.50  29.53  2.41 13.52 239.10  12.28
19860503 150000 10.7 192.1  3.29 13.36 229.07  23.67  2  3.29 13.36 229.00  23.51  0.12 13.79 316.83   7.81
19860503 180000 10.8 199.3  3.27 13.06 228.66  23.04  3  2.30  8.77 218.15  27.01  2.33 13.05 237.80  12.01  0.12 13.70 317.18   7.54
19860503 210000 12.3 198.9  3.38 12.81 227.61  23.07  3  2.50  8.70 218.34  25.96  2.27 12.81 237.78  12.19  0.12 13.65 317.59   7.42
19860504 000000 10.0 190.6  3.46 12.68 226.85  23.80  3  3.46 12.68 226.76  23.61  0.12 13.60 317.46   7.08  0.06 17.78 319.40   6.36
19860504 030000 10.8 182.9  3.41 12.56 225.89  24.55  3  3.41 12.56 225.79  24.34  0.12 13.50 317.55   7.03  0.07 17.76 319.41   6.41
19860504 060000 10.4 173.2  3.30 12.45 225.24  24.97  3  3.30 12.44 225.12  24.73  0.12 13.24 317.30   7.16  0.08 17.76 319.39   6.38
19860504 090000  8.2 170.5  3.14 14.98 226.23  23.80  4  2.89 12.18 224.78  24.94  1.23 15.55 232.73  10.87  0.13 12.91 317.36   7.16  0.08 17.70 319.42   6.39
19860504 120000  8.3 181.1  3.01 14.76 226.73  22.50  4  2.45 11.24 223.02  25.49  1.75 14.78 232.95  10.69  0.13 12.83 316.98   7.70  0.08 16.95 318.96   6.81
19860504 150000 10.9 186.6  3.02 14.33 224.51  23.01  3  3.01 14.34 224.33  22.60  0.13 12.79 316.88   7.79  0.10 16.64 319.02   6.64
19860504 180000 11.7 194.5  3.13 13.98 222.53  23.31  3  3.13 13.99 222.35  22.89  0.12 12.75 316.77   7.95  0.12 16.60 319.13   6.55
19860504 210000 13.3 194.7  3.41 13.70 220.27  23.97  4  2.82  8.24 214.94  26.27  1.91 13.71 230.39  10.66  0.12 12.69 316.79   7.91  0.12 16.60 319.08   6.55
19860505 000000  7.6 206.3  3.31 13.51 220.92  24.22  4  2.75  8.39 216.50  26.99  1.84 13.52 229.36  10.28  0.12 12.57 316.86   7.82  0.12 16.55 319.12   6.54
19860505 030000  9.6 175.1  2.97 13.38 221.48  24.23  4  2.35  8.31 216.04  27.78  1.82 13.39 229.08  10.87  0.13 12.38 317.09   7.64  0.12 16.28 318.94   6.62
19860505 060000  8.8 167.6  2.70 13.23 221.48  24.42  4  1.98  7.99 213.85  29.00  1.82 13.25 228.85  11.07  0.14 15.63 318.20   7.92  0.13 12.11 317.37   7.30
19860505 090000  8.2 160.8  2.52 13.11 221.26  24.57  4  1.80  7.84 213.38  29.69  1.75 13.13 227.89  10.97  0.15 15.54 318.47   7.53  0.13 12.01 317.03   7.70
19860505 120000  8.2 169.6  2.41 13.05 221.06  24.14  5  1.60  7.75 210.36  29.62  1.78 13.07 227.96  11.47  0.16 15.52 318.67   7.14  0.13 11.95 316.57   8.12  0.06 22.14 217.76   7.06
19860505 150000  6.7 174.7  2.34 12.96 221.30  23.22  4  1.54  7.68 211.51  28.57  1.74 12.99 227.41  11.44  0.15 15.49 318.64   7.07  0.13 11.90 315.73   9.21
19860505 180000  9.4 202.5  2.35 13.23 221.42  21.81  4  1.60  7.66 213.35  25.88  1.71 13.24 227.13  11.41  0.16 15.41 318.40   7.25  0.12 11.86 315.69   9.45
19860505 210000 11.3 198.8  2.59 13.56 219.84  22.45  4  1.99  7.29 214.18  25.07  1.65 13.51 226.62  11.28  0.16 15.03 318.47   7.10  0.12 11.80 315.42   9.67
19860506 000000  8.5 197.4  2.72 13.59 219.75  23.91  5  2.22  7.48 215.84  26.53  1.55 13.53 225.99  10.47  0.17 14.62 318.54   6.99  0.12 20.77 219.45   7.90  0.12 11.72 315.35   9.80
19860506 030000  8.4 174.5  2.63 13.55 220.56  24.30  4  2.13  7.74 216.73  27.15  1.53 13.48 226.17  10.65  0.18 14.53 318.55   6.98  0.12 11.60 315.98   8.79
19860506 060000  8.0 169.6  2.43 13.51 221.65  23.97  5  1.89  7.77 217.41  27.49  1.51 13.44 226.53  10.56  0.20 19.52 218.81   7.58  0.18 14.49 318.53   6.96  0.12 11.44 315.14   9.68
19860506 090000  6.7 162.5  2.24 13.46 222.29  23.49  5  1.68  7.64 217.97  27.48  1.45 13.38 226.31  10.35  0.22 19.43 218.78   7.58  0.18 14.45 318.49   6.92  0.11 11.29 315.06   9.54
19860506 120000  6.1 170.2  2.10 13.36 222.61  22.89  5  1.49  7.52 218.00  27.51  1.43 13.28 226.00  10.30  0.30 18.72 218.19   7.69  0.18 14.38 318.70   6.72  0.11 11.19 315.48   8.61
19860506 150000  6.9 173.4  2.00 13.30 222.55  22.96  5  1.39  7.45 217.66  27.79  1.37 13.21 225.92  10.40  0.37 18.08 217.51   7.37  0.19 14.17 318.75   6.66  0.11 11.13 315.32   8.69
19860506 180000  8.1 213.6  1.97 13.27 222.63  21.82  5  1.38  7.42 218.76  25.63  1.32 13.18 225.47  10.32  0.43 17.95 217.12   7.31  0.19 13.76 318.60   6.77  0.11 11.09 315.27   8.86
19860506 210000  9.9 204.9  2.03 13.28 221.97  21.61  5  1.45  7.22 218.03  24.77  1.31 13.20 225.69  10.75  0.51 17.67 215.65   7.51  0.19 13.62 318.53   6.80  0.11 11.05 314.80   9.26
19860507 000000  7.3 179.6  2.01 13.29 220.63  23.32  5  1.43  6.61 216.51  27.53  1.23 13.22 224.89  10.60  0.65 16.86 216.50   8.29  0.20 13.55 318.30   6.98  0.11 11.01 314.36   9.72
19860507 030000  8.1 184.0  1.95 13.31 219.31  23.90  5  1.31  6.29 213.50  29.17  1.23 13.25 224.33  11.22  0.72 16.72 215.82   7.75  0.21 13.49 318.20   6.98  0.10 10.93 314.97   8.99
19860507 060000  9.6 179.5  1.95 16.30 217.13  24.74  6  1.29  6.09 209.65  30.32  1.22 13.32 223.07  11.37  0.76 16.61 215.46   7.80  0.20 13.43 318.65   6.74  0.10 10.90 314.89   8.81  0.07 15.50 315.39   7.97
19860507 090000  7.6 174.5  1.96 15.82 216.73  24.62  5  1.33  6.21 211.47  30.34  1.42 15.84 219.23  10.75  0.20 13.33 318.17   7.48  0.09 10.78 315.68   8.40  0.08 15.49 316.19   8.18
19860507 120000  8.0 182.8  1.97 15.52 216.90  23.97  5  1.33  6.45 213.98  29.87  1.44 15.53 217.67  10.55  0.20 13.13 317.90   8.08  0.09 10.58 315.97   8.08  0.07 15.51 317.03   7.85
19860507 150000  6.6 185.1  1.97 15.35 217.27  23.02  4  1.32  6.51 216.44  28.60  1.44 15.35 216.51  10.58  0.21 12.83 317.67   7.84  0.07 15.50 317.59   7.81
19860507 180000  8.5 201.5  1.96 15.19 217.52  21.93  3  1.28  6.45 217.81  27.03  1.46 15.19 216.00  10.90  0.22 12.70 317.77   7.35
19860507 210000 10.4 199.9  2.08 14.78 216.16  22.39  3  1.44  5.86 214.92  26.74  1.48 14.82 215.92  11.43  0.22 12.62 317.61   7.41
19860508 000000 10.9 187.8  2.18 14.45 213.61  24.29  4  1.58  5.75 210.11  28.58  1.48 14.45 215.88  11.80  0.19 12.53 317.91   7.21  0.11 14.46 316.85   7.76
19860508 030000 11.3 178.4  2.25 14.32 210.36  26.23  5  1.70  5.89 205.02  30.18  1.45 14.31 215.51  11.67  0.19 12.48 318.02   7.14  0.11 14.49 316.94   7.74  0.05 21.65 315.14   7.93
19860508 060000 10.9 169.4  2.16 14.21 208.65  27.83  5  1.63  5.92 201.76  32.35  1.41 14.19 215.14  10.87  0.19 12.38 318.15   7.02  0.10 14.49 317.07   7.63  0.07 20.60 314.70   7.98
19860508 090000  9.4 168.1  2.03 14.05 208.48  28.33  6  1.47  5.83 199.19  32.69  1.37 14.02 214.78   9.96  0.23  9.26 261.98   9.83  0.19 12.16 317.96   7.05  0.09 14.55 317.37   7.80  0.09 20.37 314.49   8.02
19860508 120000  9.9 179.8  1.93 13.55 208.89  28.61  4  1.35  5.64 198.11  32.94  1.35 13.57 216.41  13.06  0.21 11.97 317.83   7.19  0.10 20.34 314.83   8.04
19860508 150000  8.7 184.1  1.92 13.32 210.15  28.13  7  1.39  5.61 201.58  31.61  1.28 13.33 214.86  10.09  0.26  9.25 265.71   7.71  0.18 11.86 318.02   7.13  0.12 19.43 223.88   8.34  0.12 13.65 317.14   7.19  0.10 20.24 314.90   8.03
19860508 180000  9.2 205.0  1.90 13.20 214.45  26.89  7  1.38  5.70 209.47  29.87  1.24 13.10 215.03   9.87  0.29  9.04 265.69   7.80  0.16 11.71 317.88   7.11  0.14 13.51 317.32   7.40  0.13 19.36 314.53   8.01  0.12 20.14 226.55   8.06
19860508 210000 10.2 207.8  1.98 13.00 218.40  26.36  7  1.52  5.65 216.84  28.32  1.19 12.91 215.36  10.04  0.29  9.53 266.75   6.86  0.16 11.67 317.80   7.11  0.15 19.07 314.46   8.05  0.15 19.37 225.51   8.93  0.14 13.55 317.36   7.35
19860509 000000 10.6 187.5  2.01 14.21 217.58  28.62  8  1.59  5.74 214.96  30.57  0.91 12.37 213.61   9.76  0.68 14.43 217.91   8.73  0.32  9.69 267.45   6.80  0.19 18.88 223.12   9.28  0.16 19.02 314.71   8.11  0.16 11.61 317.75   7.12  0.14 13.58 317.45   7.26
19860509 030000  9.4 192.9  1.93 14.17 218.08  29.41  7  1.52  5.68 214.47  31.28  1.09 14.20 215.47   9.47  0.37  9.33 266.06   7.91  0.22 18.59 223.62   9.09  0.17 18.97 314.83   8.07  0.16 11.53 317.61   6.97  0.13 13.64 317.70   7.42
19860509 060000  7.4 186.7  1.72 13.78 221.57  30.20  8  1.22  5.60 217.42  33.02  1.07 13.84 215.95   9.66  0.35  9.47 267.65   7.13  0.25 18.29 222.00   9.37  0.23 11.94 261.61   6.82  0.19 18.58 314.40   8.00  0.16 11.34 317.76   7.16  0.14 13.52 317.52   7.20
19860509 090000  5.5 185.4  1.58 13.57 225.30  30.37  6  1.44 13.61 217.97  23.76  0.39  9.49 267.15   7.33  0.29 18.05 221.19   9.86  0.29 11.48 261.63   7.92  0.22 17.89 314.25   8.03  0.22 11.20 317.59   7.18
19860509 120000  6.1 179.4  1.52 13.40 227.42  30.31  7  1.34 13.45 218.20  22.04  0.54 11.26 265.22   8.29  0.36 17.66 220.69   9.22  0.24 17.81 314.45   8.13  0.14 12.58 316.26   7.21  0.13 10.96 317.79   7.01  0.10 14.57 319.64   6.59
19860509 150000  2.9 186.3  1.50 13.18 228.76  29.70  7  1.28 13.25 218.84  20.60  0.56 11.05 265.89   7.96  0.42 17.10 219.29   9.52  0.24 17.78 314.69   8.21  0.15 12.63 316.29   7.25  0.14 10.94 317.68   7.10  0.11 14.50 319.48   6.65
19860509 180000  6.2 225.3  1.52 12.91 230.35  28.57  8  0.79  7.87 229.74  25.45  1.00 13.02 215.47  10.60  0.58 10.82 266.12   7.55  0.47 16.90 218.53   9.66  0.24 17.68 314.55   8.10  0.14 12.65 316.34   7.25  0.14 10.91 317.51   7.19  0.10 14.41 319.53   6.69
19860509 210000  8.9 208.5  1.69 12.69 229.85  28.85  8  0.81  3.86 223.34  30.00  1.17 12.78 220.93  15.61  0.60 10.45 266.28   7.80  0.56 16.46 217.64   9.12  0.27 16.98 314.06   8.02  0.14 10.88 317.41   7.24  0.13 12.59 316.66   7.60  0.12 14.29 318.54   6.58
19860510 000000  4.8 208.5  1.69 16.38 230.94  30.23  9  0.74  4.29 220.68  33.11  0.92 12.41 214.26  10.43  0.75  8.28 236.28  18.38  0.61 10.17 265.35   9.33  0.60 15.95 217.21   9.12  0.31 16.70 314.05   8.04  0.15 10.90 317.49   7.67  0.13 14.18 317.80   7.05  0.11 12.61 316.82   6.75
19860510 030000  4.5 180.3  1.65 16.20 232.03  30.36  6  0.98  7.88 232.43  27.05  0.91 12.15 213.96  10.49  0.65 15.73 216.93   8.96  0.61  9.94 265.91   9.16  0.32 16.66 314.31   8.17  0.22 13.80 317.33   7.34
19860510 060000  5.7 173.9  1.68 15.78 230.54  29.74  6  1.32 11.90 221.70  21.70  0.73 15.33 216.47   8.90  0.63  9.79 266.62   7.65  0.31 16.63 314.55   8.24  0.18 11.82 317.43   7.18  0.14 13.76 317.15   7.56
19860510 090000  3.8 157.5  1.73 14.81 228.36  28.74  7  1.32 11.23 217.47  18.57  0.77 14.81 216.12   8.74  0.72  9.56 263.50   9.70  0.31 16.55 314.60   8.24  0.15 11.88 317.50   7.04  0.12 13.59 317.25   6.72  0.11 10.27 316.40   7.81
19860510 120000  4.3 168.4  1.76 14.67 227.07  28.43  6  1.30 10.96 217.32  17.87  0.88 14.58 215.47   8.34  0.67  9.44 264.96   9.40  0.33 16.06 314.25   8.05  0.18 11.87 317.22   7.31  0.12 13.54 317.29   7.61
19860510 150000  2.8 185.1  1.74 14.54 226.63  28.81  7  1.05  8.87 216.58  19.32  0.93 14.37 215.88   8.49  0.70 10.89 216.58  12.06  0.64  9.27 264.53  10.20  0.36 15.64 314.04   8.00  0.17 11.82 317.58   7.57  0.13 13.50 316.78   6.99
19860510 180000  7.4 216.6  1.78 13.90 225.60  28.56  7  1.15  8.74 219.33  21.18  0.98 13.94 215.99   8.37  0.65 10.80 215.09  11.60  0.53  9.06 267.39   8.30  0.37 15.58 314.05   8.12  0.17 11.83 317.78   7.54  0.13 13.50 316.88   6.74
19860510 210000  9.1 206.0  1.90 13.67 223.34  28.12  6  1.33  8.10 218.57  23.21  1.12 13.68 214.98   9.44  0.47  8.97 267.47   8.09  0.39 17.58 217.72   7.22  0.37 15.56 314.25   8.27  0.21 13.34 317.27   7.46
19860511 000000  6.7 188.7  1.96 13.53 220.91  28.33  5  1.41  7.45 216.59  25.92  1.14 13.53 214.85   9.46  0.48 16.78 217.21   8.17  0.41 15.53 315.20   8.08  0.40  8.92 268.56   7.56
19860511 030000  7.3 192.0  1.92 13.43 219.96  28.22  8  1.33  6.76 215.66  26.68  0.97 13.40 215.20   9.10  0.60 16.49 215.96   7.80  0.57 10.25 213.11  11.40  0.36  8.76 269.28   7.06  0.36 15.41 314.54   8.09  0.13 12.56 318.49   6.40  0.12 10.96 316.41   7.98
19860511 060000  8.5 188.6  1.91 13.32 218.66  28.33  7  1.26  6.51 213.35  27.32  1.19 13.28 214.24  10.25  0.62 16.39 215.98   8.05  0.37 14.94 314.11   8.08  0.34  8.62 268.48   7.96  0.14 11.15 317.22   7.77  0.11 12.66 319.68   4.99
19860511 090000  5.8 174.6  1.90 15.15 218.09  28.42  7  1.20  6.49 213.74  28.13  1.17 12.98 212.58  10.52  0.74 15.71 216.34   8.21  0.38 14.66 313.85   8.13  0.29  8.72 269.13   7.29  0.15 12.65 318.11   6.70  0.13 10.99 316.88   7.73
19860511 120000  7.9 180.0  1.90 15.03 217.67  27.78  7  1.17  6.62 214.00  26.91  1.15 12.81 212.16  10.92  0.80 15.49 215.18   8.46  0.38 14.60 313.80   8.22  0.26  8.76 270.04   7.33  0.15 12.60 317.80   7.14  0.12 10.99 317.47   7.46
19860511 150000  6.6 199.9  1.92 14.83 217.19  26.76  8  1.17  6.89 214.41  25.83  1.08 12.57 210.63  11.06  0.97 15.16 215.63   9.17  0.37 14.56 314.09   8.18  0.22  8.43 272.00   5.82  0.14 12.61 318.24   6.77  0.12 10.99 316.71   8.24  0.07 17.78 305.28   9.07
19860511 180000  8.2 210.6  1.98 14.62 216.87  25.44  6  1.21  6.89 215.23  24.29  1.15 14.78 213.99  10.69  0.96 12.17 210.73  10.16  0.40 14.52 314.91   8.13  0.21  8.36 271.34   5.86  0.08 17.76 305.23   9.73
19860511 210000  9.3 199.1  2.11 14.43 215.77  24.81  5  1.35  6.68 214.23  24.64  1.55 14.41 212.26  10.29  0.40 14.45 314.95   8.09  0.20  8.34 270.80   6.95  0.08 17.75 304.47   9.49
19860512 000000  7.4 185.6  2.16 14.31 215.10  24.72  4  1.39  6.37 213.67  25.80  1.60 14.30 212.01   9.96  0.40 14.33 314.49   8.36  0.18  8.22 271.75   6.25
19860512 030000  7.8 195.5  2.19 14.23 214.66  23.96  4  1.36  6.48 214.28  26.63  1.67 14.25 211.84   9.85  0.36 14.11 313.93   8.38  0.14 11.74 317.54   7.34
19860512 060000  6.3 185.4  2.22 14.11 214.56  23.08  6  1.31  6.63 214.39  26.25  1.75 14.16 211.91   9.72  0.34 13.84 314.46   8.13  0.11 16.63 306.12   8.15  0.11 11.77 317.51   7.55  0.08 10.28 317.25   7.38
19860512 090000  4.5 186.5  2.23 13.87 214.85  22.08  6  1.79 13.96 212.19   9.45  1.27  6.86 215.01  24.95  0.33 13.73 314.29   8.38  0.12 11.81 316.15   8.04  0.12 16.62 305.72   8.82  0.08 10.28 317.31   7.37
19860512 120000  6.8 183.2  2.23 13.76 214.73  21.59  5  1.24  7.04 214.25  23.99  1.81 13.82 212.28   9.24  0.36 13.64 314.68   8.31  0.13 16.60 305.00   9.18  0.09 11.24 262.64   5.99
19860512 150000  5.3 189.7  2.21 13.73 214.70  21.45  7  1.81 13.81 212.42   8.95  1.19  7.10 213.02  23.36  0.36 13.58 314.63   8.24  0.13 16.59 305.68  10.64  0.11  7.75 273.76   9.07  0.10 11.09 263.28   6.10  0.09 13.36 261.71   6.27
19860512 180000  5.9 197.8  2.16 13.69 214.92  21.38  4  1.15  7.23 213.35  23.14  1.79 13.75 212.98  10.13  0.36 13.53 314.66   8.19  0.13 16.59 305.82  11.00
19860512 210000 10.6 182.7  2.23 13.60 212.55  23.17  7  1.33  6.95 206.17  25.72  1.74 13.66 212.59   9.07  0.34 13.48 314.80   8.14  0.19 12.54 263.33   6.88  0.14 16.35 308.09  10.13  0.13 10.34 263.73   7.63  0.06 23.56 218.96   7.85
19860513 000000  9.9 176.8  2.40 13.50 209.65  26.12  6  1.70  6.37 202.41  28.09  1.62 13.53 212.31   8.47  0.33 13.43 314.81   8.12  0.30 12.07 262.39   8.27  0.15 15.70 308.68   9.34  0.08 23.25 220.17   8.29
19860513 030000  7.9 154.8  2.25 13.39 210.48  28.09  5  1.56  6.68 202.11  30.51  1.54 13.43 212.43   8.64  0.35 11.83 263.42   7.54  0.32 13.36 315.07   8.12  0.17 15.56 307.03   8.37
19860513 060000  8.4 156.0  2.02 13.28 210.84  30.56  7  1.27  6.44 196.38  33.65  1.45 13.32 212.08   8.47  0.43 11.56 261.90   8.66  0.32 13.25 314.60   8.31  0.20 15.52 307.93   9.70  0.16 17.96 223.56   8.67  0.12 22.03 219.82   8.19
19860513 090000  7.1 147.9  1.86 13.12 211.17  32.78  7  1.07  5.80 188.64  35.05  1.37 13.18 211.90   8.52  0.50 11.29 261.87   8.85  0.32 13.07 314.62   8.16  0.20 15.51 307.27  10.22  0.17 17.89 222.00   9.41  0.15 21.74 220.80   8.17
19860513 120000  6.7 171.7  1.74 12.80 213.74  33.03  6  0.90  5.48 186.21  33.28  1.31 12.91 211.79   8.61  0.56 11.05 261.80   9.06  0.32 12.88 314.55   8.15  0.19 15.51 306.61  10.60  0.19 21.23 219.88   8.17
19860513 150000  5.3 148.7  1.67 12.62 215.27  33.95  7  0.84  5.36 184.74  32.48  1.23 12.69 211.21   8.56  0.60 10.86 261.84   9.08  0.33 12.77 314.84   8.07  0.22 16.89 219.85   8.39  0.21 20.64 220.58   8.57  0.18 15.47 305.97  10.39
19860513 180000  3.0 176.6  1.59 12.51 219.80  33.33  6  1.36 12.56 205.71  19.85  0.65 10.67 261.82   9.01  0.32 12.71 314.96   8.47  0.28 20.27 219.94   8.32  0.20 15.21 307.94   9.52  0.18 16.56 220.36   8.22
19860513 210000  6.3 193.0  1.54 12.38 223.75  33.19  7  0.63  4.74 192.80  27.75  1.08 12.45 210.92   8.55  0.71 10.59 261.81   8.96  0.31 12.66 314.53   8.44  0.29 19.72 220.37   8.72  0.23 16.72 216.92   7.53  0.22 14.63 310.54   9.69
19860514 000000  1.7  68.4  1.53 12.05 225.99  34.02  6  1.01 12.28 210.52   7.90  0.76 10.51 261.88   8.89  0.67  4.72 195.92  27.65  0.35 19.17 220.35   8.49  0.28 12.54 314.79   8.17  0.27 14.45 311.32   9.31
19860514 030000  2.7 347.5  1.48 11.67 230.16  34.65  7  0.92 11.93 210.30   7.98  0.80 10.37 262.05   8.90  0.62  5.02 199.91  30.67  0.36 19.01 219.54   8.60  0.28 12.52 314.71   8.20  0.27 14.44 310.71   9.50  0.11 15.51 215.00   0.02
19860514 060000  1.8 323.9  1.41 11.53 234.53  34.30  7  0.83 11.77 209.88   8.11  0.83 10.24 262.16   8.85  0.53  5.10 201.40  27.50  0.39 18.59 219.97   8.49  0.31 12.59 314.43   8.41  0.24 14.50 308.66   9.81  0.12 15.51 215.00   0.00
19860514 090000  2.8 291.4  1.37 11.46 239.64  33.79  5  0.88 10.20 261.55   9.24  0.86 11.67 208.86  17.89  0.45 18.02 218.78   8.64  0.33 12.59 314.79   8.50  0.22 14.50 305.72   8.88
19860514 120000  7.7  18.3  1.40 11.06 247.12  39.06  6  0.34  2.33  10.04  36.19  0.96 10.38 260.40   9.41  0.76 11.57 209.04  12.01  0.42 17.89 219.16   8.83  0.30 12.46 315.01   8.60  0.25 14.37 307.99   9.48
19860514 150000  6.3 352.0  1.47 10.90 257.49  43.53  6  0.55  3.29   1.07  35.09  1.07 10.51 259.10  10.24  0.61 11.23 207.44   9.07  0.42 17.76 218.58   9.33  0.40 14.10 311.66  10.48  0.10 14.49 215.00   0.00
19860514 180000  2.4  59.0  1.49 10.78 261.79  37.33  6  1.14 10.47 260.60   9.79  0.57  4.52 331.44  33.71  0.52 11.10 207.29   8.89  0.43 17.28 218.67   9.21  0.32 13.59 310.73  10.80  0.22 11.72 315.26   7.39
19860514 210000  0.8  47.1  1.54 10.60 264.89  32.15  5  1.36 10.37 270.98  24.38  0.44 11.09 207.48   9.38  0.42 16.86 218.60   9.17  0.33 13.52 311.29  11.50  0.20 11.65 312.83   6.80
19860515 000000  4.8 337.5  1.70 10.45 267.98  28.10  5  1.56 10.29 271.71  21.21  0.43 16.73 218.71   9.47  0.35 11.02 205.52   8.67  0.32 13.46 311.71  10.83  0.20 11.64 313.32   6.39
19860515 030000  4.7  68.1  1.95 10.73 271.07  25.30  4  1.85 10.57 273.05  20.40  0.41 16.61 219.06   9.68  0.38 13.41 312.82   8.61  0.29 10.91 204.75   7.89
19860515 060000  1.9  47.9  2.51 11.66 274.70  21.96  4  2.44 11.55 275.73  19.04  0.41 16.26 219.80  10.44  0.34 13.39 315.79   6.90  0.22 10.65 204.08   7.84
19860515 090000  4.6  18.9  2.99 11.99 276.58  20.56  3  2.95 11.93 277.32  18.76  0.43 16.03 217.29  11.20  0.30 13.45 312.28   5.94
19860515 120000  8.8 347.6  3.09 11.91 278.68  22.52  4  3.05 11.87 279.28  21.16  0.39 15.80 218.09   9.56  0.30 13.44 312.04   5.93  0.11 10.27 202.37   6.95
19860515 150000  7.4  11.3  3.02 11.82 280.63  25.78  2  3.00 11.81 281.62  24.75  0.40 15.44 219.11  10.85
19860515 180000  6.7 349.0  3.02 11.81 278.69  26.05  2  2.77 11.80 284.11  24.55  1.20 14.70 250.56  13.75
19860515 210000  5.7 349.5  3.07 12.03 276.13  26.37  2  2.65 11.76 284.67  25.00  1.55 14.14 252.24  12.68
19860516 000000 11.9 352.2  3.17 12.76 277.51  30.03  1  3.17 12.76 277.51  30.03
19860516 030000  6.1 356.1  3.23 12.68 278.16  30.80  1  3.23 12.68 278.16  30.80
19860516 060000  4.9   4.7  3.21 12.62 275.95  30.35  1  3.21 12.62 275.95  30.35
19860516 090000  3.9  17.2  3.14 12.59 272.82  29.87  2  3.13 12.61 272.55  29.75  0.24 11.97 319.80   5.45
19860516 120000  3.7  29.3  3.04 12.52 269.84  29.03  2  3.03 12.54 269.54  28.87  0.23 11.96 320.33   5.70
19860516 150000  4.5  37.4  2.92 12.33 267.44  28.36  2  2.91 12.35 267.06  28.13  0.25 11.81 319.49   5.43
19860516 180000  3.1  33.5  2.81 12.11 265.46  27.27  2  2.80 12.11 265.01  26.97  0.26 12.31 317.08   7.09
19860516 210000  1.7  93.2  2.70 12.01 263.96  26.10  2  2.35 12.48 259.13  27.86  1.33 11.79 277.65  11.70
19860517 000000  3.1  23.2  2.59 11.87 263.19  25.64  3  2.05 11.79 276.10  22.91  1.57 12.37 241.03   9.23  0.27 11.88 316.50   7.12
19860517 030000  2.4 332.7  2.49 11.72 262.89  24.65  3  1.89 12.26 277.78  20.42  1.61 11.69 241.94  10.04  0.27 11.77 316.76   7.03
19860517 060000  1.3 172.0  2.39 11.54 262.71  23.71  4  1.81 11.57 277.08  19.01  1.55 11.52 242.38  10.41  0.21 11.51 317.96   6.88  0.13 13.44 318.42   4.75
19860517 090000  2.5  33.7  2.28 11.31 262.55  22.89  4  1.85 11.51 272.78  18.64  1.30 10.99 240.14  10.27  0.24 11.26 315.91   7.49  0.11 13.56 319.96   5.00
19860517 120000  3.8 333.1  2.17 11.24 262.65  22.75  3  2.15 11.24 261.99  22.06  0.25 11.22 317.05   7.17  0.05 19.14 239.67   8.01
19860517 150000  5.7  24.3  2.04 11.31 263.33  24.62  3  2.03 11.32 262.57  23.95  0.26 11.19 315.84   8.07  0.06 19.10 240.79   8.19
19860517 180000  2.7 328.6  1.90 11.31 263.33  24.55  4  1.89 11.33 262.48  23.77  0.22 11.13 315.23   7.71  0.13 12.80 317.74   7.56  0.09 18.09 239.57   7.89
19860517 210000  5.2 313.4  1.92 11.29 261.83  24.62  3  1.90 11.29 260.90  23.79  0.19 12.54 314.01   8.63  0.18 10.93 317.42   7.31
19860518 000000  8.5  15.3  2.27 11.91 259.42  27.55  3  2.26 11.83 258.68  26.99  0.20 12.57 313.65   9.00  0.18 10.89 317.39   7.38
19860518 030000 10.1  10.1  2.78 12.52 261.23  33.10  2  2.77 12.52 260.74  32.87  0.26 12.51 315.46   8.18
19860518 060000  8.0 344.4  3.12 12.49 262.46  32.01  2  3.11 12.49 262.08  31.83  0.26 12.43 315.24   8.52
19860518 090000  6.4 339.0  3.23 12.48 260.53  28.04  2  3.22 12.49 260.24  27.82  0.24 12.31 317.42   7.22
19860518 120000  6.1 250.2  3.23 12.49 258.34  24.87  2  3.22 12.51 258.06  24.58  0.24 11.88 317.43   7.43
19860518 150000  3.7 150.7  3.24 12.61 255.91  22.27  2  3.23 12.64 255.63  21.93  0.23 11.83 317.47   7.21
19860518 180000  1.5  38.7  3.35 13.80 253.71  19.94  2  3.35 13.83 253.46  19.55  0.23 11.84 318.00   6.57
19860518 210000  5.9  19.3  3.56 14.31 252.63  19.63  3  3.55 14.31 252.41  19.27  0.19 11.85 316.66   7.00  0.13 10.24 320.11   5.41
19860519 000000  7.4  26.1  3.78 14.35 252.84  20.71  3  3.77 14.35 252.64  20.42  0.19 11.82 316.93   7.06  0.13 10.23 317.22   7.18
19860519 030000  5.3 331.2  3.94 14.49 253.35  19.79  2  3.94 14.49 253.20  19.55  0.21 11.77 316.58   7.22
19860519 060000  4.7 310.1  4.06 14.70 253.61  18.94  2  4.05 14.70 253.45  18.69  0.22 11.72 316.86   7.35
19860519 090000  3.8 338.2  4.13 14.79 253.42  18.51  2  4.12 14.79 253.29  18.28  0.21 11.70 317.84   6.78
19860519 120000  1.6  18.8  4.12 14.72 252.83  18.44  2  4.12 14.73 252.72  18.23  0.19 11.38 319.32   5.74
19860519 150000  3.3  77.0  4.06 14.66 251.70  18.76  2  4.06 14.66 251.60  18.58  0.17 11.19 319.85   5.18
19860519 180000  0.9 227.9  4.00 14.53 250.38  18.34  2  4.00 14.53 250.27  18.14  0.18 11.15 317.11   7.43
19860519 210000  3.8 202.9  3.91 14.35 249.02  18.15  2  3.91 14.35 248.93  17.97  0.16 11.14 318.90   6.20
19860520 000000  3.3 148.1  3.74 14.13 247.63  18.45  2  3.74 14.13 247.52  18.24  0.17 11.05 316.39   7.73
19860520 030000  3.8 143.1  3.55 13.89 246.60  18.51  2  3.55 13.89 246.49  18.29  0.16 11.06 317.62   7.23
19860520 060000  4.6 139.5  3.36 13.74 245.61  18.98  2  3.36 13.74 245.48  18.74  0.16 11.01 316.85   7.58
19860520 090000  3.4 149.5  3.19 13.62 244.95  18.89  3  3.18 13.62 244.76  18.53  0.15 11.00 316.13   7.59  0.12 13.54 310.46   9.69
19860520 120000  5.2 170.6  2.99 13.46 244.46  19.12  3  2.99 13.46 244.25  18.72  0.14 10.99 316.45   7.57  0.12 13.51 310.93   9.55
19860520 150000  1.4 108.4  2.78 13.30 244.27  19.22  3  2.78 13.29 244.03  18.77  0.14 10.98 315.95   7.56  0.12 13.48 310.74   9.71
19860520 180000  3.7 269.0  2.65 13.10 243.89  18.72  3  2.64 13.09 243.64  18.23  0.14 10.96 316.11   7.52  0.11 13.44 311.32   9.45
19860520 210000  3.3 244.6  2.62 12.82 243.24  18.29  3  2.61 12.82 243.00  17.80  0.13 10.77 315.58   7.18  0.11 13.36 313.41   9.25
19860521 000000  0.5 247.2  2.57 12.61 243.22  17.84  3  2.57 12.61 242.98  17.34  0.12 10.60 316.59   7.67  0.12 13.16 312.60   8.31
19860521 030000  2.6 250.5  2.47 12.45 243.99  17.63  3  2.46 12.45 243.74  17.11  0.12 12.80 311.65   8.58  0.11 10.54 317.34   7.31
19860521 060000  4.3 179.8  2.35 12.22 244.66  18.15  2  2.35 12.21 244.40  17.63  0.16 12.67 314.17   8.57
19860521 090000  5.2 135.5  2.34 12.07 244.66  19.21  2  2.34 12.06 244.40  18.74  0.16 12.63 312.82  10.11
19860521 120000  6.8 165.2  2.57 12.31 243.07  19.81  3  2.57 12.28 242.87  19.46  0.11 10.65 317.04   7.35  0.11 12.67 310.41   8.98
19860521 150000  8.5 175.7  2.88 12.44 240.77  21.62  3  0.64  3.42 171.19  30.61  2.80 12.44 243.10  15.49  0.14 12.59 313.03   9.28
19860521 180000  8.5 192.0  3.00 12.39 240.28  21.35  3  0.78  3.91 187.53  31.87  2.90 12.38 243.10  15.45  0.13 12.55 313.56   8.85
19860521 210000  9.0 193.1  3.08 12.47 239.75  21.07  3  0.90  4.24 197.48  30.14  2.94 12.47 242.86  15.76  0.11 12.50 315.73   7.02
19860522 000000  7.1 202.0  3.09 12.59 240.08  20.48  2  3.09 12.60 240.01  20.34  0.11 12.46 315.64   7.04
19860522 030000  7.3 187.9  3.05 12.63 240.57  20.01  1  3.05 12.63 240.57  20.01
19860522 060000  9.5 193.7  3.01 12.58 239.99  21.09  1  3.01 12.58 239.99  21.09
19860522 090000  8.7 183.0  2.96 12.48 239.07  22.69  1  2.96 12.48 239.07  22.69
19860522 120000  4.9 174.5  2.79 12.34 240.84  21.77  2  2.79 12.34 240.76  21.64  0.10 11.84 314.74   7.32
19860522 150000  4.8 186.0  2.65 12.26 242.43  20.11  2  2.65 12.27 242.34  19.95  0.11 11.79 312.86   9.04
19860522 180000  6.4 200.8  2.64 12.44 242.41  19.19  2  2.64 12.46 242.32  19.02  0.11 11.80 312.41   9.52
19860522 210000  6.0 198.3  2.79 12.89 241.58  17.98  2  2.79 12.90 241.51  17.84  0.10 11.77 314.96   7.38
19860523 000000  5.1 201.5  3.01 13.36 240.98  16.55  1  3.01 13.36 240.98  16.55
19860523 030000  4.2 189.5  3.20 14.48 240.69  15.59  1  3.20 14.48 240.69  15.59
19860523 060000  6.6 205.7  3.36 14.45 240.27  15.37  1  3.36 14.45 240.27  15.37
19860523 090000  2.9 184.1  3.48 14.39 239.83  15.35  1  3.48 14.39 239.83  15.35
19860523 120000  0.8 214.1  3.52 14.49 239.48  15.38  1  3.52 14.49 239.48  15.38
19860523 150000  1.2 318.6  3.48 14.57 239.26  15.45  1  3.48 14.57 239.26  15.45
19860523 180000  6.7 255.3  3.47 14.44 239.03  15.76  1  3.47 14.44 239.03  15.76
19860523 210000  4.2 248.9  3.52 14.07 238.68  16.08  1  3.52 14.07 238.68  16.08
19860524 000000  4.7 243.9  3.56 13.90 238.32  16.07  1  3.56 13.90 238.32  16.07
19860524 030000  5.5 200.4  3.56 13.99 237.97  16.27  1  3.56 13.99 237.97  16.27
19860524 060000  6.7 212.3  3.51 14.05 237.60  16.50  1  3.51 14.05 237.60  16.50
19860524 090000  6.4 183.3  3.42 13.89 236.93  17.10  1  3.42 13.89 236.93  17.10
19860524 120000  4.8 184.9  3.28 13.68 236.51  17.13  1  3.28 13.68 236.51  17.13
19860524 150000  5.3 157.0  3.14 13.57 235.75  17.45  1  3.14 13.57 235.75  17.45
19860524 180000  5.9 194.7  3.03 13.53 234.98  17.23  1  3.03 13.53 234.98  17.23
19860524 210000  7.7 194.9  2.97 13.47 233.62  17.54  1  2.97 13.47 233.62  17.54
19860525 000000  5.8 183.8  2.89 13.37 232.55  17.86  2  2.89 13.37 232.45  17.60  0.12 13.53 315.50   8.31
19860525 030000  6.3 167.1  2.80 13.26 231.59  18.18  2  2.80 13.26 231.48  17.89  0.12 13.51 316.39   7.94
19860525 060000  5.7 150.3  2.68 13.14 230.83  18.57  2  2.68 13.13 230.70  18.22  0.13 13.50 317.05   7.58
19860525 090000  4.1 127.6  2.53 12.86 230.66  18.23  2  2.53 12.85 230.50  17.80  0.13 13.49 317.46   7.33
19860525 120000  2.6 130.4  2.38 12.64 230.88  17.42  2  2.37 12.63 230.70  16.90  0.13 13.46 317.54   7.20
19860525 150000  1.2  68.4  2.22 12.50 231.23  16.85  2  2.21 12.49 231.01  16.22  0.13 13.37 316.96   7.49
19860525 180000  4.8 268.2  2.06 12.40 232.00  17.07  2  2.06 12.40 231.76  16.37  0.13 12.95 316.71   7.54
19860525 210000  3.8 231.9  1.90 12.30 232.67  17.54  3  1.88 12.29 232.49  16.76  0.20 17.20 222.17   8.07  0.13 12.67 316.40   7.87
19860526 000000  1.6 222.0  1.71 11.92 233.41  18.13  3  1.69 11.89 233.18  17.09  0.21 16.82 221.37   9.04  0.14 12.62 316.43   7.78
19860526 030000  1.5 268.8  1.51 11.78 234.49  18.94  3  1.49 11.76 234.16  17.60  0.22 16.61 223.79  10.33  0.15 12.59 316.51   7.83
19860526 060000  2.2 291.8  1.35 11.74 235.86  19.79  3  1.30 11.71 235.42  18.28  0.31 16.33 229.62  11.50  0.15 12.57 316.64   7.77
19860526 090000  4.9   2.1  1.36 11.69 238.80  23.16  3  1.27 11.66 238.59  22.85  0.46 15.73 233.98  10.18  0.15 12.54 316.72   7.76
19860526 120000  7.4 343.7  1.73 15.01 245.17  27.36  3  1.51 11.58 247.67  29.68  0.83 15.02 236.09   9.35  0.15 12.49 316.53   8.03
19860526 150000  8.1   3.0  2.33 14.22 250.38  29.67  2  2.32 14.22 250.14  29.47  0.15 12.37 315.68   9.34
19860526 180000  8.7 331.0  3.04 13.58 251.73  26.38  2  3.04 13.58 251.62  26.26  0.13 12.03 316.92   7.14
19860526 210000  9.0 348.5  3.62 13.27 254.08  26.86  3  3.60 13.27 253.84  26.80  0.28 16.58 279.06   6.08  0.13 11.84 316.67   7.49
19860527 000000 14.8 353.3  4.00 13.13 259.33  32.94  3  0.13 11.81 316.96   7.31  3.70 13.13 262.39  34.51  1.49 16.60 243.09  10.67
19860527 030000 13.5   8.4  4.25 15.13 264.45  38.01  2  4.25 15.13 264.40  37.99  0.13 11.73 319.29   6.98
19860527 060000 14.8 354.7  4.49 15.14 269.00  40.30  2  2.15  6.38 343.05  29.05  3.94 15.14 253.57  19.93
19860527 090000 14.8 344.4  4.75 15.24 272.52  40.19  2  2.92  7.80 323.31  30.98  3.75 15.24 248.04  13.61
19860527 120000 17.0 358.9  4.98 15.47 276.61  43.04  2  3.28  7.92 325.50  33.36  3.76 15.47 247.30  13.27
19860527 150000 16.8 346.6  5.24 15.63 281.67  44.86  2  3.59  8.25 328.94  31.90  3.82 15.63 247.14  13.77
19860527 180000 15.9 338.3  5.46 15.63 280.52  44.72  2  3.74  8.43 327.79  31.06  3.98 15.63 245.81  13.79
19860527 210000 14.5 326.0  5.67 15.34 271.90  42.25  2  3.42  8.40 328.11  29.52  4.52 15.34 246.49  15.80
19860528 000000 11.4 303.8  5.55 15.14 263.48  38.24  2  2.75  7.97 329.46  29.23  4.82 15.14 247.69  17.94
19860528 030000  6.9 298.5  5.17 14.79 258.88  35.67  3  4.74 14.79 248.52  19.49  2.06  7.63 337.57  24.60  0.22  9.77   9.45  11.66
19860528 060000  4.2 333.7  4.81 14.55 255.40  33.40  2  4.48 14.55 247.49  19.50  1.76  7.44 334.48  30.75
19860528 090000  3.1 350.9  4.53 14.37 252.64  31.22  2  4.32 14.37 247.12  20.09  1.37  7.05 340.68  25.77
19860528 120000  3.1   5.2  4.29 14.17 250.48  29.44  2  4.14 14.17 246.41  20.35  1.12  6.90 342.91  24.80
19860528 150000  3.9  23.8  4.04 13.81 248.78  28.04  1  4.04 13.81 248.78  28.04
19860528 180000  4.5 348.6  3.78 13.60 247.24  26.97  1  3.78 13.60 247.24  26.97
19860528 210000  3.1 295.4  3.57 13.49 245.72  25.83  1  3.57 13.49 245.72  25.83
19860529 000000  5.1 207.0  3.39 13.37 243.57  24.41  1  3.39 13.37 243.57  24.41
19860529 030000  7.2 189.7  3.27 13.10 240.30  23.58  1  3.27 13.10 240.30  23.58
19860529 060000  6.9 175.1  3.20 12.86 236.77  23.14  1  3.20 12.86 236.77  23.14
19860529 090000  4.5 172.6  3.15 12.77 234.08  22.20  1  3.15 12.77 234.08  22.20
19860529 120000  7.8 157.6  3.12 12.74 231.20  22.40  1  3.12 12.74 231.20  22.40
19860529 150000  6.8 177.2  3.07 12.84 228.44  22.31  1  3.07 12.84 228.44  22.31
19860529 180000  8.3 181.4  3.05 13.04 225.57  22.72  1  3.05 13.04 225.57  22.72
19860529 210000  8.5 174.0  2.94 12.81 224.35  23.12  2  2.87 12.81 224.02  23.60  0.64 15.63 230.57   6.20
19860530 000000  9.2 168.3  2.78 12.49 223.64  24.42  1  2.78 12.49 223.64  24.42
19860530 030000  8.9 163.1  2.60 12.12 223.42  25.74  4  2.15 12.50 214.48  25.55  1.15 11.69 248.03  12.32  0.88 14.68 231.24  10.98  0.10 20.42 229.53   7.74
19860530 060000  8.3 155.7  2.41 11.79 224.07  26.62  4  1.83 12.09 228.47  32.55  1.27 11.72 212.69  10.39  0.91 14.49 230.61  10.51  0.17 19.16 228.55   7.88
19860530 090000  7.7 149.6  2.24 11.48 224.89  27.43  4  0.60  3.77 149.39  27.63  1.95 11.48 228.67  21.61  0.89 14.37 230.15   9.41  0.19 19.07 228.22   8.52
19860530 120000  5.7 167.0  2.07 11.15 226.76  26.24  3  1.84 11.15 225.17  28.82  0.90 14.01 232.40   9.96  0.25 18.59 230.40   7.47
19860530 150000  5.8 155.0  1.93 10.96 228.52  24.66  3  1.69 10.96 227.36  27.57  0.88 13.76 232.23   9.18  0.30 17.93 230.03   9.22
19860530 180000  7.5 185.9  1.83 13.53 229.35  23.34  3  1.59 10.74 228.25  26.22  0.81 13.67 233.21   8.89  0.39 17.60 229.45   8.40
19860530 210000  9.0 180.8  1.85 13.39 226.11  25.82  4  0.93  4.23 197.25  31.49  1.30 10.52 235.39  18.61  0.83 13.39 233.20   9.46  0.43 17.05 229.61   8.14
19860531 000000 11.8 176.3  1.97 13.26 219.71  30.07  4  1.29  4.80 196.61  32.68  1.13 10.34 235.61  18.35  0.81 13.26 234.90   9.79  0.52 16.59 229.54   7.23
19860531 030000 11.0 170.3  2.11 13.18 214.95  32.39  4  1.59  5.51 198.07  35.13  0.99 10.13 233.78  16.86  0.81 13.18 234.24  10.24  0.56 16.44 229.69   7.34
19860531 060000 11.2 164.0  2.15 12.87 213.20  33.32  3  1.57  5.60 192.44  35.40  1.35 12.87 233.52  14.14  0.58 15.88 229.38   8.05
19860531 090000 11.3 167.9  2.32 12.48 212.60  31.92  3  1.68  5.74 192.47  34.46  1.49 12.48 231.22  12.68  0.58 15.64 229.26   8.52
19860531 120000  9.8 168.9  2.37 12.28 216.25  29.66  3  1.57  6.35 193.51  33.71  1.62 12.28 231.37  12.12  0.71 15.34 229.48   7.98
19860531 150000  8.9 173.0  2.37 12.02 220.13  26.75  3  1.42  6.49 196.28  33.20  1.63 12.02 232.18  11.70  0.98 14.83 228.08   9.09
19860531 180000  8.6 186.3  2.49 16.66 223.09  22.68  2  2.14 11.45 222.04  25.70  1.28 16.66 225.73   9.87
19860531 210000 10.0 190.3  2.85 15.92 222.97  19.87  2  2.09 11.24 221.19  25.25  1.95 15.92 224.85  10.44
19860601 000000  9.6 179.4  3.18 15.45 222.53  19.38  2  2.03 10.78 219.31  27.07  2.45 15.45 224.53  10.93
