Date     Time   Uabs UDir  hs    tp    th     sp     np hs(i) tp(i) th(i)  sp(i)
19920201 000000  4.5 239.8  1.42 18.64 261.08  38.59  7  0.73 18.75 297.13  10.88  0.72 10.14 232.12  24.15  0.68 16.28 218.77   7.33  0.62 14.29 303.01  11.03  0.26 10.14 264.02   8.95  0.23 12.57 220.83   9.90  0.07 11.95 335.00   0.09
19920201 030000  3.9 212.9  1.51 17.90 257.84  38.81  6  0.83 15.49 219.05   7.66  0.79 18.05 296.96  10.61  0.71 10.15 228.81  21.41  0.61 14.25 302.70  11.03  0.26  9.70 263.23   8.23  0.09 11.82 334.71   1.74
19920201 060000  3.5 173.8  1.63 17.81 253.35  38.83  5  0.97 15.24 219.11   7.81  0.85 17.88 296.80  10.74  0.74 10.03 225.00  19.40  0.61 14.20 303.26  12.09  0.26  9.88 260.69   8.94
19920201 090000  3.5 193.8  1.77 17.77 247.64  38.03  3  1.42 15.02 221.69  13.98  0.88 17.83 296.78  11.03  0.58 14.13 303.63  11.99
19920201 120000  5.3 205.0  1.91 17.74 242.45  36.71  4  1.59 14.43 220.96  13.26  0.89 17.81 296.93  11.12  0.55 13.92 303.01  11.18  0.09 11.23 335.01   0.40
19920201 150000  5.7 218.2  2.02 17.68 238.98  35.26  4  1.73 14.32 220.84  13.02  0.89 17.77 297.19  11.07  0.52 13.66 303.22  11.42  0.09 11.13 335.02   0.48
19920201 180000  8.1 231.5  2.15 17.57 237.01  33.89  4  1.89 14.17 221.64  14.31  0.89 17.67 297.48  10.92  0.50 13.51 303.24  11.61  0.10 11.02 334.37   2.98
19920201 210000  7.2 216.8  2.23 13.62 236.10  33.62  4  0.81  4.34 223.25  29.04  1.80 13.71 221.40  10.86  0.91 17.43 297.57  10.78  0.48 13.44 304.80  12.68
19920202 000000  7.5 192.2  2.24 13.48 235.86  34.38  3  1.97 13.51 220.75  15.95  0.95 17.06 297.54  10.82  0.46 13.41 304.79  12.71
19920202 030000  4.9 221.7  2.20 13.39 237.31  34.71  3  1.92 13.39 221.04  15.25  0.98 16.88 297.48  10.89  0.45 13.41 304.96  12.52
19920202 060000  6.1 197.2  2.16 16.72 238.50  35.01  3  1.87 13.26 221.29  14.76  0.99 16.77 297.66  11.05  0.43 13.40 304.66  12.60
19920202 090000  6.4 195.9  2.12 16.65 238.90  35.53  3  1.83 13.02 221.02  15.11  0.99 16.69 297.64  11.21  0.43 13.44 304.89  12.39
19920202 120000  5.5 185.0  2.07 16.60 239.85  36.10  3  1.77 12.71 221.03  15.43  0.99 16.63 297.80  11.05  0.42 13.42 305.78  12.42
19920202 150000  5.3 229.8  2.02 16.55 241.25  36.37  4  1.71 12.57 221.38  14.96  1.01 16.58 298.17  11.23  0.36 13.33 303.89  11.27  0.10 10.13 331.76   5.36
19920202 180000  8.6 221.0  2.06 16.51 240.77  36.04  3  1.76 12.48 221.96  16.13  1.07 16.53 298.83  11.40  0.09 10.06 331.92   5.04
19920202 210000  8.2 211.9  2.12 16.42 238.56  36.22  4  1.83 12.41 221.02  17.89  1.02 16.46 298.32  11.28  0.30 12.64 304.94  10.47  0.09  9.88 331.87   5.08
19920203 000000  7.8 205.2  2.08 16.16 237.84  36.90  5  1.79 12.28 219.82  18.33  1.00 16.23 298.39  11.30  0.30 12.62 304.33  11.07  0.08  9.65 332.48   4.88  0.05 25.30 303.21   9.09
19920203 030000  6.3 202.4  2.03 15.74 237.89  37.27  5  1.75 12.03 219.26  18.02  0.99 15.80 298.52  11.40  0.29 12.64 303.89  11.08  0.07  9.58 332.29   4.91  0.07 25.03 303.73   9.05
19920203 060000  6.4 203.6  2.02 15.62 237.56  37.13  4  1.74 11.94 219.04  17.44  1.03 15.67 299.04  11.56  0.08 24.94 304.01   9.06  0.07  9.55 331.74   5.09
19920203 090000  4.9 199.6  2.09 15.52 236.30  36.12  4  1.82 14.47 219.35  16.83  1.02 15.64 299.10  11.66  0.10 24.75 303.87   9.26  0.07  9.47 331.98   5.03
19920203 120000  5.9 194.8  2.23 15.40 234.21  34.33  3  1.98 14.31 219.89  16.36  1.02 15.63 299.24  11.76  0.13 23.79 303.49   9.28
19920203 150000  6.4 223.3  2.33 15.24 233.27  32.93  4  1.30  7.61 220.86  22.45  1.65 13.91 220.40   9.70  1.01 15.63 299.26  11.68  0.16 23.44 303.55   9.15
19920203 180000 10.2 218.1  2.48 15.09 232.10  32.04  4  1.54  7.63 221.11  22.79  1.66 13.52 221.10   9.82  1.00 15.61 299.46  11.64  0.18 23.36 303.97   9.26
19920203 210000  9.4 208.7  2.56 14.74 230.91  32.40  4  1.64  7.31 218.74  24.69  1.68 13.09 222.18  10.10  0.99 15.56 299.82  11.66  0.20 23.23 304.14   9.41
19920204 000000  5.2 204.1  2.52 12.89 231.31  33.14  4  1.69 12.82 223.07  10.49  1.56  6.85 217.30  26.17  0.98 15.49 300.07  11.71  0.25 22.54 303.63   9.32
19920204 030000  7.1 203.0  2.41 12.77 232.70  33.48  4  1.43  6.79 217.47  25.99  1.66 12.69 223.49  10.82  0.96 15.39 300.01  11.84  0.31 21.92 303.31   9.25
19920204 060000  7.8 193.7  2.33 12.71 233.04  33.99  4  1.28  6.68 215.18  26.65  1.67 12.57 223.71  11.33  0.93 15.31 299.87  11.81  0.34 21.84 303.60   9.37
19920204 090000  9.2 191.8  2.30 12.57 231.85  35.01  4  1.30  6.46 211.96  27.35  1.62 12.24 223.43  11.59  0.92 15.29 299.96  11.77  0.36 21.79 303.67   9.44
19920204 120000  9.0 187.2  2.25 13.51 232.72  36.45  4  1.24  6.11 209.95  28.64  1.59 12.13 223.38  11.94  0.92 15.28 300.14  11.76  0.41 21.41 304.04   9.71
19920204 150000  9.7 204.8  2.25 13.48 234.29  37.33  4  1.24  5.56 210.12  27.75  1.56 12.15 223.53  12.38  0.93 15.28 300.65  11.79  0.50 20.53 303.03   9.44
19920204 180000 10.5 215.0  2.41 13.45 233.13  36.63  3  2.16 12.37 219.09  21.34  0.92 15.20 300.78  11.75  0.56 20.42 303.10   9.43
19920204 210000 11.5 205.5  2.47 20.37 231.85  36.33  3  2.24 12.51 218.98  22.24  0.89 14.98 300.77  11.71  0.57 20.38 303.21   9.48
19920205 000000 10.5 202.3  2.50 12.79 230.09  36.75  5  1.80  6.17 214.67  27.58  1.37 12.53 221.85  12.06  0.85 14.89 300.13  11.84  0.61 20.22 303.86   9.63  0.23 11.08 245.95   2.93
19920205 030000 10.0 192.0  2.45 12.66 230.80  38.26  5  1.75  6.35 213.79  28.58  1.32 12.47 221.37  11.88  0.83 14.88 300.57  11.63  0.67 19.35 303.37   9.67  0.19 11.07 245.58   2.33
19920205 060000  8.1 187.3  2.35 19.09 234.01  39.91  4  1.64  6.42 214.22  29.01  1.27 12.40 221.36  12.16  0.82 14.91 301.12  11.51  0.76 19.11 303.18   9.69
19920205 090000  7.9 184.7  2.22 19.04 238.00  40.86  5  1.47  6.46 215.32  29.05  1.21 12.29 220.97  11.87  0.80 19.04 303.18   9.63  0.80 14.92 301.63  11.56  0.19 10.39 247.42   4.73
19920205 120000  7.0 189.8  2.10 18.98 241.46  40.90  4  1.32  6.50 217.75  28.83  1.18 12.00 221.71  12.39  0.83 18.99 303.58   9.70  0.75 14.87 301.36  11.49
19920205 150000  7.5 214.8  2.01 18.79 244.71  40.19  4  1.24  6.62 222.15  27.44  1.13 11.85 221.57  12.35  0.83 18.79 303.51   9.67  0.72 14.78 301.45  11.44
19920205 180000  9.8 213.1  2.10 18.06 243.58  39.29  3  1.78 11.79 222.74  22.01  0.87 18.06 303.30   9.69  0.70 14.67 301.20  11.57
19920205 210000  9.3 211.2  2.21 17.85 243.08  39.20  4  1.60  6.47 224.69  26.61  1.01 11.81 220.09  10.28  0.90 17.88 302.72   9.81  0.71 14.60 302.17  11.34
19920206 000000  9.4 202.6  2.31 17.79 240.77  39.36  4  1.75  6.86 223.40  26.73  0.97 17.79 303.41   9.86  0.97 11.84 218.33   9.18  0.63 14.45 300.71  11.07
19920206 030000  7.7 200.0  2.38 17.72 238.50  38.89  5  1.87  7.25 222.29  26.16  0.99 17.74 303.37   9.75  0.90 11.81 217.60   8.44  0.59 14.34 300.66  11.70  0.25 16.62 222.74   7.51
19920206 060000  6.8 199.0  2.39 17.61 237.46  38.16  5  1.85  7.55 222.33  25.61  0.98 17.64 303.14   9.80  0.92 11.70 217.09   8.21  0.55 14.27 301.35  12.04  0.39 15.67 223.60   7.79
19920206 090000  5.4 204.7  2.37 17.34 237.28  37.34  5  1.80  7.87 222.71  24.56  0.97 17.42 302.94   9.95  0.94 11.53 217.47   8.50  0.53 14.22 302.10  11.48  0.52 15.01 222.54   7.67
19920206 120000  4.8 195.1  2.37 16.80 237.45  36.68  5  1.74  8.16 222.79  23.07  1.01 16.91 303.28  10.07  1.00 11.23 218.45   9.24  0.58 14.78 222.58   8.22  0.48 13.83 300.14  10.80
19920206 150000  5.0 242.0  2.37 16.65 237.83  36.29  3  1.97  8.55 221.75  19.47  1.13 16.72 302.64  10.24  0.66 14.50 222.94   7.58
19920206 180000  6.7 225.2  2.33 16.60 238.56  36.25  3  1.89  8.54 222.16  19.15  1.13 16.65 302.57  10.29  0.77 13.87 221.90   7.40
19920206 210000  7.7 214.9  2.28 16.57 239.00  36.68  2  1.98 13.50 221.88  18.07  1.12 16.60 302.48  10.38
19920207 000000  7.0 199.0  2.22 16.56 238.79  37.45  2  1.93 13.38 221.02  18.83  1.10 16.59 302.39  10.49
19920207 030000  4.2 203.1  2.22 16.55 237.96  37.27  2  1.94 13.25 220.81  19.04  1.09 16.58 302.38  10.49
19920207 060000  4.8 199.5  2.24 16.49 236.64  36.27  3  1.43  7.04 220.70  24.06  1.37 12.88 221.18   8.83  1.06 16.54 302.35  10.57
19920207 090000  4.5 203.5  2.24 12.67 235.78  35.12  2  1.99 12.48 221.28  17.38  1.03 16.36 302.32  10.64
19920207 120000  3.5 169.3  2.22 12.45 235.89  34.12  2  1.98 12.30 222.11  16.36  1.00 16.01 302.32  10.65
19920207 150000  4.8 242.5  2.18 12.41 237.08  33.58  3  1.95 12.31 223.36  15.69  0.99 15.92 302.33  10.70  0.08 16.98 216.98   5.79
19920207 180000  5.7 241.1  2.18 12.38 238.54  33.37  2  1.94 12.30 224.74  15.93  0.99 16.00 302.40  10.62
19920207 210000  4.6 222.3  2.16 12.31 239.35  33.35  2  1.92 12.12 225.46  16.19  0.98 16.10 302.44  10.58
19920208 000000  0.7 164.3  2.11 11.89 239.72  33.22  2  1.87 11.78 225.86  16.20  0.96 16.11 302.34  10.69
19920208 030000  1.9 240.2  2.04 11.73 239.77  32.91  3  1.82 11.68 226.31  16.28  0.92 15.99 302.29  10.80  0.14 15.64 218.18   6.87
19920208 060000  3.0 202.9  1.99 11.66 239.40  32.67  2  1.78 11.63 226.36  16.49  0.89 15.74 302.27  10.91
19920208 090000  2.8 188.5  1.95 11.60 238.86  32.83  2  1.75 11.56 225.91  16.80  0.87 15.57 302.22  11.14
19920208 120000  1.1 178.7  1.95 15.40 237.80  33.26  3  1.66 11.50 226.34  16.97  0.86 15.49 302.36  11.14  0.54 14.40 210.10   8.20
19920208 150000  4.3 308.2  1.99 15.29 236.08  33.80  3  1.64 11.42 226.21  18.89  0.86 15.45 302.40  11.13  0.74 14.18 210.85   8.50
19920208 180000  5.8 287.4  2.06 15.17 234.17  33.71  3  1.61 11.44 226.79  21.25  0.97 14.02 212.04   8.31  0.85 15.41 302.34  11.15
19920208 210000  4.3 256.6  2.10 14.87 232.07  33.02  2  1.93 13.44 221.55  19.35  0.83 15.37 302.11  11.37
19920209 000000  2.4 213.6  2.08 14.20 230.89  32.65  2  1.91 13.28 220.63  18.56  0.81 15.29 302.05  11.46
19920209 030000  2.0 225.1  1.99 13.86 231.33  33.02  3  1.77 13.16 218.50  16.74  0.80 15.15 302.09  11.63  0.44 10.85 253.92   7.39
19920209 060000  2.6 190.1  1.90 13.43 232.42  33.66  4  1.68 13.01 218.92  16.68  0.79 14.91 302.44  11.35  0.39 10.50 255.90   7.00  0.05 23.21 304.39   8.83
19920209 090000  5.7 171.1  1.84 12.95 232.32  34.18  3  1.67 12.77 220.27  18.56  0.77 14.71 302.26  11.71  0.06 22.76 303.60   9.16
19920209 120000  9.3 196.0  1.88 12.72 229.77  34.67  6  0.63  3.22 198.73  32.14  1.55 12.57 218.71  13.97  0.76 14.61 302.22  11.72  0.37 10.39 256.52   7.02  0.22 13.25 250.52   5.45  0.08 21.90 303.91   9.55
19920209 150000  6.9 206.6  1.89 12.60 229.62  34.60  5  1.69 12.48 216.93  20.16  0.74 14.55 302.22  11.69  0.34 10.32 256.67   6.83  0.21 12.74 251.95   5.94  0.10 21.80 304.10   9.34
19920209 180000  9.1 214.3  1.98 12.50 230.37  33.25  6  1.03  4.40 220.68  30.87  1.47 12.37 219.01  13.40  0.72 14.51 302.48  11.55  0.31 10.26 256.98   6.83  0.24 12.67 251.98   5.79  0.11 21.77 303.96   9.30
19920209 210000  9.6 201.6  2.09 12.32 228.19  32.98  5  1.25  5.00 219.81  30.15  1.48 12.10 219.32  14.03  0.72 14.47 302.91  11.38  0.24 12.62 252.00   5.35  0.13 21.71 303.25   9.47
19920210 000000 10.8 201.7  2.24 11.96 225.27  32.19  4  2.10 11.86 217.73  22.24  0.71 14.43 303.23  11.40  0.28 12.19 250.09   5.23  0.14 21.32 303.06   9.48
19920210 030000  8.8 205.9  2.39 11.78 224.42  30.99  4  2.27 11.69 218.23  22.33  0.69 14.40 303.70  11.04  0.26 11.89 251.03   5.43  0.17 20.50 303.28   9.57
19920210 060000  8.4 198.9  2.47 11.62 224.43  30.21  3  2.37 11.59 219.31  22.53  0.66 14.36 303.85  11.01  0.20 20.39 303.48   9.50
19920210 090000  6.4 201.2  2.44 11.26 225.16  29.82  3  2.35 11.22 220.20  22.35  0.64 14.31 304.00  10.92  0.22 20.36 303.32   9.50
19920210 120000  5.4 204.3  2.33 10.98 226.45  29.64  4  2.23 10.96 221.13  21.64  0.62 14.23 304.19  10.88  0.24 20.31 303.21   9.78  0.15 15.58 220.09   7.48
19920210 150000  5.6 218.3  2.20 10.79 227.67  29.90  4  2.09 10.77 221.66  20.91  0.62 13.98 304.24  11.24  0.26 20.04 302.67   9.79  0.17 15.54 222.59   9.61
19920210 180000  8.2 213.4  2.14 10.48 228.22  30.38  4  2.02 10.45 221.70  20.74  0.61 13.79 304.37  11.23  0.29 19.24 302.65   9.76  0.14 15.48 218.72   7.71
19920210 210000 10.1 208.8  2.17 10.27 226.81  30.94  4  2.06 10.25 220.33  21.43  0.54 13.69 303.08  11.60  0.33 19.09 302.89   9.68  0.25 15.58 310.62   5.73
19920211 000000 10.9 205.5  2.31 10.11 223.91  31.34  4  2.19 10.09 218.07  22.84  0.58 13.65 304.53  10.98  0.36 19.06 302.79   9.78  0.21 14.57 219.27   8.43
19920211 030000  9.2 197.4  2.33  9.87 222.60  32.19  5  1.88  7.47 215.07  26.69  1.17  9.85 220.64  14.85  0.57 13.66 304.25  10.92  0.38 19.02 303.15  10.28  0.27 14.39 223.19   9.95
19920211 060000  8.4 199.2  2.24  9.62 223.30  32.89  5  1.75  7.64 214.52  26.99  1.21  9.61 221.14  15.18  0.56 13.71 304.39  10.59  0.41 18.89 303.21  10.36  0.20 14.52 223.64   8.37
19920211 090000  7.7 191.8  2.13  9.61 224.77  33.64  3  2.01  9.54 217.20  23.45  0.56 13.80 304.59  10.65  0.44 18.35 303.03  10.10
19920211 120000  8.5 188.1  2.06 10.03 225.93  34.23  4  1.90 10.01 217.06  23.04  0.55 13.91 305.06  10.82  0.47 18.00 302.46   9.71  0.31 13.45 225.49   8.11
19920211 150000  6.9 211.2  2.01  9.78 227.65  34.13  5  1.84  9.72 218.07  21.74  0.54 13.99 305.39  10.72  0.51 17.92 302.38   9.74  0.28 13.60 223.14   9.16  0.08 17.13 217.49   8.29
19920211 180000 10.0 222.8  2.10 17.86 228.45  32.88  4  1.93  9.59 219.65  21.11  0.54 17.87 302.94  10.23  0.52 13.88 305.07  10.36  0.32 13.52 222.94   8.91
19920211 210000  9.8 209.5  2.20 17.79 227.01  32.79  4  2.05  9.56 218.96  22.01  0.58 17.80 303.29  10.14  0.48 13.67 304.62  10.42  0.25 13.58 224.00   8.56
19920212 000000  5.2 207.6  2.15 17.66 226.74  33.74  6  1.98  9.64 218.32  22.93  0.59 17.67 302.23   9.89  0.47 13.51 305.55  10.11  0.33 13.49 211.41  10.69  0.21 12.73 228.84   4.86  0.06 23.39 295.39  11.18
19920212 030000  5.7 207.7  2.07 17.46 228.11  34.37  7  1.56  7.70 219.23  25.19  1.05  9.74 217.63  14.71  0.63 17.47 302.18   9.99  0.45 13.43 304.90  10.30  0.32 12.81 208.47   8.66  0.19 12.66 225.00   0.02  0.08 23.30 296.40  11.38
19920212 060000  6.7 205.3  2.06 17.10 228.90  34.77  7  1.57  7.88 221.00  24.60  0.88 10.12 214.34  11.40  0.66 17.12 301.84  10.06  0.56 12.65 208.64  10.39  0.45 13.41 304.94  10.41  0.20 12.66 225.00   0.03  0.09 23.29 297.53  11.99
19920212 090000  5.8 203.9  2.11 16.84 229.13  34.86  6  1.62  8.15 221.17  24.13  1.05 10.20 211.79  10.64  0.69 16.86 301.86  10.12  0.45 13.41 304.87  10.59  0.19 12.66 225.00   0.00  0.09 23.29 298.73  12.25
19920212 120000  6.5 201.3  2.17 16.73 228.87  34.67  5  1.66  8.25 220.90  23.26  1.11  9.91 212.56  13.78  0.72 16.75 301.74  10.34  0.45 13.45 305.09  10.24  0.10 23.11 298.27  12.19
19920212 150000  6.7 210.4  2.19 16.64 228.34  34.66  5  1.64  8.24 220.32  23.67  1.17  9.92 212.79  13.01  0.73 16.67 301.53  10.44  0.44 13.36 304.99  10.76  0.13 22.06 296.29  11.21
19920212 180000  8.6 220.5  2.22 16.54 228.10  34.48  5  1.68  8.22 220.57  23.83  1.16 11.55 211.85  11.96  0.85 16.59 302.26  10.23  0.17 21.86 296.28  11.39  0.09 15.50 250.74   4.94
19920212 210000 10.3 209.8  2.26 16.40 226.98  34.70  4  2.09 11.61 216.66  21.75  0.85 16.46 301.95  10.03  0.19 21.82 297.31  12.08  0.14 15.27 252.43   7.63
19920213 000000 11.1 201.1  2.34 16.17 224.13  35.45  5  2.16 11.65 214.02  22.85  0.81 16.27 300.91  10.06  0.29 12.52 306.61   8.55  0.18 21.82 298.49  12.56  0.17 14.69 252.53   7.24
19920213 030000  8.4 193.9  2.30 15.82 224.13  36.81  6  1.81  7.09 214.45  26.74  1.07 11.68 208.92  10.11  0.80 15.99 300.59   9.92  0.36 13.03 304.78  10.37  0.20 14.42 252.88   7.42  0.18 21.79 299.78  12.42
19920213 060000  8.8 193.7  2.22 15.71 225.30  37.73  5  1.72  6.98 214.19  26.70  1.04 11.73 208.47   9.89  0.88 15.84 301.25  10.18  0.24 13.94 252.45   7.25  0.22 21.52 298.33  11.76
19920213 090000  7.9 195.0  2.13 15.65 227.49  38.64  5  1.59  6.93 214.69  26.70  1.03 11.95 208.23   9.95  0.89 15.75 301.19  10.21  0.29 13.61 251.13   8.54  0.27 20.66 297.06  11.65
19920213 120000 10.1 189.9  2.09 15.58 227.65  39.43  5  1.55  6.87 213.16  26.94  1.00 12.52 208.25  10.02  0.88 15.66 301.06  10.21  0.32 13.46 251.59   8.57  0.32 20.49 297.60  12.06
19920213 150000  8.7 203.6  2.05 15.48 228.83  39.27  6  1.52  6.77 213.99  26.47  0.94 12.46 207.64   9.20  0.87 15.54 300.81  10.23  0.36 12.97 250.86   8.83  0.32 20.47 298.32  12.64  0.13 16.35 236.83   6.12
19920213 180000 10.6 215.0  2.18 15.35 228.62  36.96  5  1.94  6.45 214.57  22.74  0.86 15.41 300.43  10.30  0.37 12.69 251.70   8.24  0.31 20.48 299.81  12.92  0.19 15.77 234.68   8.47
19920213 210000 11.6 212.3  2.35 15.26 228.08  35.70  5  2.11  6.49 215.88  23.50  0.87 15.32 300.17  10.32  0.41 12.50 251.16   9.00  0.30 20.45 300.91  12.73  0.25 15.48 235.31   7.48
19920214 000000  9.7 185.0  2.40 15.20 226.07  37.47  6  2.01  6.82 214.21  27.20  0.87 15.27 299.92  10.67  0.76 12.10 207.30   9.59  0.42 12.12 250.64   9.49  0.36 20.21 299.49  12.52  0.29 15.16 235.72   8.54
19920214 030000 10.2 189.3  2.31 15.13 226.17  39.29  6  1.90  6.88 211.36  27.80  0.86 15.24 299.67  10.89  0.71 11.99 207.34   9.25  0.43 19.48 298.60  12.16  0.41 11.83 250.85   8.20  0.36 14.54 236.92   9.80
19920214 060000 10.9 185.4  2.35 15.05 222.99  39.76  5  2.07  6.79 207.66  26.23  0.84 15.19 299.64  10.86  0.48 19.24 298.48  12.42  0.43 11.67 250.63   8.90  0.37 14.35 236.53   8.66
19920214 090000 10.2 179.2  2.31 14.85 222.84  40.24  6  1.93  6.86 207.05  28.26  0.82 15.09 299.18  11.48  0.61 11.98 210.04   9.83  0.49 19.20 299.24  12.89  0.42 11.44 250.34   8.76  0.38 13.85 236.33   8.71
19920214 120000  8.8 176.0  2.19 14.54 225.67  40.36  6  1.80  6.89 208.94  28.88  0.79 14.84 299.06  11.72  0.60 11.83 210.42   9.38  0.47 19.18 300.45  13.10  0.42 13.55 236.65   8.03  0.41 11.19 251.24   8.47
19920214 150000  8.8 203.5  2.07 14.42 230.84  39.12  6  1.67  7.02 214.30  27.73  0.78 14.63 298.96  11.98  0.60 11.82 211.48  10.03  0.46 19.14 301.59  12.80  0.44 13.26 237.65   8.91  0.36 11.12 253.05   7.65
19920214 180000 11.4 210.8  2.27 14.41 229.97  36.02  5  2.00  6.85 216.72  24.15  0.77 14.52 298.59  12.75  0.50 19.01 301.02  12.50  0.44 12.85 237.76   7.97  0.33 10.88 254.56   7.54
19920214 210000 11.9 206.8  2.61  7.12 227.94  34.22  5  2.39  7.12 218.41  24.84  0.74 14.45 299.52  11.26  0.56 18.70 299.28  12.76  0.47 12.57 239.08   8.88  0.15 14.60 257.09   7.32
19920215 000000  8.4 210.6  2.66  7.53 228.62  34.89  6  2.36  7.53 219.54  26.59  0.72 14.41 299.61  11.21  0.63 18.08 298.82  12.72  0.59 11.54 210.08   9.31  0.46 12.44 237.23   8.67  0.18 14.63 256.47   7.99
19920215 030000  3.8 209.0  2.47 17.92 231.95  35.66  7  2.13  7.78 221.20  26.20  0.71 14.36 299.14  11.78  0.67 17.94 299.34  12.93  0.60 11.54 209.23   8.96  0.44 12.05 238.56   8.39  0.19 14.62 254.79   8.09  0.07 16.73 214.53   9.27
19920215 060000  5.1 197.7  2.25 17.87 235.15  36.12  7  1.87  7.81 222.59  25.25  0.68 14.32 300.41  10.32  0.67 17.88 300.18  13.12  0.62 11.43 209.10   9.86  0.43 11.77 240.64   6.64  0.28 14.28 253.56  10.35  0.08 18.07 206.61   8.72
19920215 090000  3.6 179.3  2.11 17.84 236.37  35.94  7  1.70  8.03 223.21  24.04  0.67 14.24 299.34  11.73  0.65 11.11 209.03   9.44  0.65 17.85 301.17  13.06  0.41 11.56 240.85   6.42  0.33 13.66 251.01  10.09  0.10 18.17 202.57   6.97
19920215 120000  3.3 197.9  2.08 17.80 235.73  35.20  8  1.70  8.47 222.83  22.31  0.63 17.81 301.91  12.77  0.62 14.04 300.51  10.20  0.49 11.14 205.63   6.91  0.40 11.28 240.53   6.07  0.39 13.49 251.59  11.77  0.23 15.57 200.51   7.76  0.14 18.05 202.43   6.39
19920215 150000  3.7 270.3  2.05 17.70 235.22  34.93  7  1.66  8.61 222.49  21.62  0.64 17.72 301.28  12.77  0.59 13.70 301.30   9.45  0.46 11.15 204.86   8.34  0.44 13.02 253.14  10.97  0.42 11.20 236.95   8.17  0.36 15.74 200.69   6.70
19920215 180000  5.4 251.4  2.01 17.40 236.73  35.76  7  1.57  8.46 223.15  21.96  0.69 17.45 299.97  12.97  0.57 13.56 301.62   9.24  0.55 16.06 202.31   7.15  0.50 12.65 250.16  11.67  0.34 10.95 238.04   4.60  0.30 11.08 201.16   6.64
19920215 210000  3.7 233.4  1.95 16.82 239.48  37.35  7  1.37  8.09 223.56  22.74  0.76 16.87 299.29  13.00  0.64 16.03 202.15   6.36  0.56 13.51 301.79   9.35  0.48 12.60 251.74  11.35  0.47 10.80 239.68   9.86  0.39 10.84 205.56   8.42
19920216 000000  0.8 336.7  1.92 16.69 241.46  38.57  5  1.23  7.67 223.76  23.28  0.83 15.70 203.05   6.89  0.82 16.73 299.78  13.05  0.71 11.88 245.77  11.82  0.54 13.47 301.32   9.73
19920216 030000  2.3 248.8  1.91 16.63 241.09  38.91  5  1.18  7.29 225.10  23.32  0.91 15.50 203.28   7.02  0.83 16.68 300.33  13.28  0.68 11.72 246.81  11.61  0.52 13.43 301.71   9.29
19920216 060000  1.9 200.2  1.91 16.58 238.92  38.44  5  1.17  7.09 225.47  23.54  0.96 15.34 203.42   6.91  0.79 16.65 300.99  13.40  0.69 11.60 246.42  11.11  0.51 13.40 301.51   9.48
19920216 090000  1.2 223.6  1.91 16.53 236.36  37.68  5  1.16  7.22 225.43  23.39  1.01 15.27 203.40   6.45  0.74 16.63 301.58  13.53  0.70 11.10 246.68  11.29  0.48 13.33 301.71   9.43
19920216 120000  2.7 347.4  1.90 16.44 234.44  37.00  5  1.17  7.71 225.77  23.22  1.03 15.18 203.28   6.27  0.72 16.57 301.15  14.55  0.68 10.89 245.72  11.94  0.46 13.15 301.84   9.45
19920216 150000  4.2 293.6  1.89 16.24 234.76  37.52  7  1.12  7.71 224.87  25.60  1.04 15.14 203.82   6.30  0.73 16.44 301.34  12.89  0.65 10.71 247.26  11.00  0.45 12.81 301.92   9.54  0.29 12.50 237.79   6.92  0.10 16.68 241.76   5.98
19920216 180000  3.8 275.2  1.88 15.72 236.45  38.28  6  1.06 15.06 204.11   6.46  1.03  7.39 224.95  26.31  0.77 16.08 300.65  12.73  0.74 10.39 244.40  11.20  0.45 12.68 302.59   9.89  0.12 16.57 242.47   7.40
19920216 210000  3.7 238.3  1.85 15.55 238.28  39.11  6  1.07 14.77 204.42   6.68  0.93  7.23 225.22  25.70  0.84 15.73 299.06  15.74  0.65 10.22 246.39  11.51  0.42 12.62 302.39   9.80  0.31 11.84 240.93   5.04
19920217 000000  0.8 232.1  1.80 15.49 239.35  39.52  5  1.07 14.53 204.52   6.60  0.86 15.64 298.58  16.66  0.80  6.74 224.44  25.51  0.74 10.33 244.80  10.86  0.40 12.58 302.06   9.71
19920217 030000  3.6 209.5  1.74 15.43 239.31  39.59  4  1.07 14.36 204.90   7.12  1.01 10.31 235.31  21.83  0.84 15.59 297.71  18.02  0.38 12.54 302.31   9.72
19920217 060000  4.8 169.2  1.68 15.38 238.42  39.72  5  1.05 14.26 204.84   6.76  0.96 10.03 234.91  22.89  0.78 15.56 301.22  12.70  0.37 12.50 301.87  10.13  0.25 15.16 246.19   7.41
19920217 090000  3.9 174.9  1.62 15.31 238.44  39.68  5  1.03 14.14 205.46   7.43  0.89  9.97 236.08  23.09  0.73 15.52 302.47  11.61  0.36 12.46 302.02   9.63  0.31 14.83 249.63   9.77
19920217 120000  4.4 173.3  1.58 15.23 239.56  39.66  5  1.01 13.85 205.68   7.65  0.83  9.81 237.10  22.43  0.72 15.46 302.42  11.59  0.36 12.39 302.86   9.79  0.36 14.38 247.22   8.15
19920217 150000  5.0 218.5  1.57 15.12 241.47  39.49  6  0.96 13.60 205.60   7.57  0.83 10.07 237.37  20.97  0.73 15.38 302.28  11.52  0.41 13.79 246.83   7.95  0.35 12.12 303.54   9.91  0.09 19.08 311.37   6.42
19920217 180000  4.9 227.8  1.61 14.64 242.58  38.78  8  0.44  3.25 221.62  30.20  0.94 13.47 206.23   8.14  0.76 15.26 302.47  11.52  0.74 10.24 241.35  15.58  0.51 13.54 246.63   7.81  0.32 11.95 302.72  10.12  0.09 19.04 311.67   6.57  0.09 20.75 227.83   8.39
19920217 210000  5.5 226.1  1.62 14.38 243.73  38.10  6  0.88 10.26 237.00  22.17  0.91 13.36 206.59   8.47  0.77 15.01 302.73  11.43  0.56 13.24 246.92   8.54  0.28 11.75 302.97   9.71  0.11 20.37 226.77   8.53
19920218 000000  1.2 177.8  1.62 14.36 244.03  37.21  7  0.88 10.05 236.83  22.31  0.87 13.24 206.25   7.74  0.74 14.73 302.24  11.58  0.65 12.75 245.99   8.60  0.27 11.72 303.29  10.17  0.16 17.88 309.28   7.60  0.13 20.01 227.85   8.40
19920218 030000  2.2 197.2  1.60 14.38 244.36  36.22  6  1.11 12.56 241.01  17.85  0.84 13.04 206.28   7.82  0.71 14.61 301.84  11.61  0.27 11.72 304.68   9.98  0.16 17.83 310.88   6.15  0.16 19.48 228.34   8.10
19920218 060000  2.5 183.0  1.59 14.40 244.87  35.42  6  1.10 12.34 241.80  16.30  0.83 12.81 207.06   8.59  0.70 14.55 301.56  11.69  0.27 11.70 304.41  10.56  0.18 19.13 227.68   8.81  0.16 17.80 311.07   6.24
19920218 090000  3.3 186.0  1.56 14.41 245.89  35.24  4  1.09 11.91 242.21  15.18  0.79 12.68 206.71   8.03  0.77 14.51 302.11  12.11  0.22 18.78 228.01   8.82
19920218 120000  3.3 146.2  1.54 14.41 247.05  35.79  4  1.05 11.71 242.26  16.15  0.78 14.49 301.94  12.95  0.77 12.57 207.22   8.65  0.24 18.34 227.89   9.21
19920218 150000  3.9 246.6  1.51 14.39 248.57  35.72  5  1.02 11.59 243.72  14.74  0.75 14.45 301.90  11.94  0.75 12.44 207.44   8.55  0.27 17.98 229.10   9.37  0.18 16.69 315.62   2.46
19920218 180000  5.9 230.8  1.51 14.36 248.09  35.68  7  0.44  2.93 227.63  29.96  0.95 11.44 245.36  10.79  0.72 12.31 207.78   8.99  0.70 14.41 301.87  11.93  0.30 17.68 227.42  10.71  0.25 16.66 310.69   6.02  0.17 10.87 305.61   9.59
19920218 210000  7.1 214.7  1.52 14.31 246.30  36.25  7  0.56  3.41 220.77  28.61  0.91 11.09 245.58  10.75  0.71 12.20 208.19   9.47  0.67 14.31 301.59  11.91  0.32 17.38 228.32  10.54  0.28 16.49 311.99   5.53  0.19 10.97 303.33   9.59
19920219 000000  7.7 197.2  1.55 14.26 242.82  37.89  6  0.72  3.82 213.23  29.90  0.87 10.93 245.39  11.11  0.72 14.28 303.63  11.51  0.69 12.01 208.38   9.72  0.32 17.10 229.91   9.82  0.19 10.97 303.92   9.95
19920219 030000  6.2 181.8  1.52 14.18 243.45  38.65  6  0.70  4.11 212.09  32.50  0.84 10.82 245.46  11.00  0.72 14.20 303.86  11.51  0.67 11.84 208.12   8.89  0.35 16.85 230.11  10.31  0.18 10.92 304.68  10.34
19920219 060000  5.4 190.0  1.47 13.93 244.86  38.47  5  0.61  4.12 210.32  34.10  0.84 10.71 245.87  10.90  0.72 14.00 304.02  11.57  0.65 11.70 208.70   9.23  0.36 16.65 229.22  11.18
19920219 090000  4.8 185.1  1.42 13.75 246.83  37.25  4  1.00 10.33 238.76  24.62  0.70 13.80 304.03  11.60  0.64 11.65 209.69  10.04  0.37 16.48 230.06  11.10
19920219 120000  5.3 171.7  1.42 13.67 247.13  36.57  4  1.00 10.07 240.03  24.14  0.69 13.68 304.19  11.35  0.65 11.60 210.70  10.40  0.35 16.00 231.87  10.57
19920219 150000  7.0 211.3  1.46 13.64 247.00  35.76  4  1.05  9.40 240.54  23.14  0.69 13.64 304.56  10.93  0.63 11.54 209.31   8.70  0.40 15.50 231.83  10.85
19920219 180000  8.1 223.9  1.56 13.65 246.20  34.41  4  1.19  8.85 240.59  22.57  0.69 13.63 304.87  10.62  0.62 11.45 208.43   8.12  0.41 14.94 231.24  11.12
19920219 210000  8.2 210.1  1.61 13.67 245.50  34.72  5  1.17  8.43 239.88  25.76  0.69 13.64 305.16  10.35  0.65 11.22 208.92   8.43  0.40 14.74 233.34   9.69  0.40  9.91 246.04   7.88
19920220 000000  5.6 132.4  1.57 13.68 244.28  37.42  6  1.13  8.16 238.21  31.26  0.67 13.66 305.45  10.17  0.66 11.09 209.35   9.30  0.37  9.88 244.77   7.78  0.33 14.64 232.82  10.81  0.21 17.68 236.92   8.45
19920220 030000  9.1 195.7  1.53 13.65 241.29  38.33  6  1.05  7.69 232.38  33.59  0.66 11.03 208.67   9.01  0.65 13.65 305.78  10.13  0.46  9.17 247.11   8.19  0.36 14.43 232.93   9.52  0.19 17.75 238.79   7.77
19920220 060000 11.9 188.1  1.88 13.56 222.94  40.26  5  1.54  4.99 203.54  29.90  0.66  7.75 255.09  13.02  0.62 13.59 306.22   9.93  0.45 13.81 232.70  10.06  0.36  9.33 245.46   7.76
19920220 090000 12.0 180.3  2.09 13.47 212.11  40.28  4  1.93  5.68 203.52  33.58  0.59 13.50 306.43   9.78  0.44 13.72 234.16   9.04  0.31  9.29 246.47   7.61
19920220 120000 12.3 186.3  2.10  5.90 210.52  38.57  3  1.97  5.90 203.59  31.96  0.56 13.42 306.56   9.61  0.46 13.64 233.36  10.31
19920220 150000 12.9 194.4  2.32  6.29 212.04  35.05  3  2.19  6.29 206.69  29.62  0.55 13.39 306.74   9.51  0.52 13.49 232.40   9.87
19920220 180000 13.6 200.6  2.61  6.86 215.94  31.84  3  2.56  6.86 213.20  27.64  0.53 13.38 307.10   9.43  0.05 21.82 216.70   7.88
19920220 210000 15.2 205.3  3.11  7.47 216.27  29.36  3  3.07  7.47 214.55  26.49  0.51 13.34 307.32   9.45  0.06 21.64 216.97   7.99
19920221 000000 10.8 195.1  3.27  8.28 214.80  29.07  3  3.24  8.28 213.41  26.69  0.48 13.16 307.50   9.31  0.08 20.77 217.33   8.18
19920221 030000 12.7 192.7  3.07  8.36 214.40  28.52  4  3.02  8.36 212.72  26.05  0.45 12.99 307.41   9.36  0.31 13.65 238.64   7.28  0.10 20.49 217.67   8.08
19920221 060000 11.2 185.3  2.88  8.26 214.08  28.70  4  2.81  8.26 212.03  26.39  0.50 13.57 231.62   9.05  0.42 12.93 307.43   9.36  0.12 20.40 218.10   8.11
19920221 090000 10.0 185.7  2.64  8.14 215.64  28.50  6  2.42  8.14 212.91  27.15  0.86 11.14 217.98  12.58  0.44 13.68 232.29   9.91  0.40 12.94 307.67   9.49  0.14 20.13 218.20   8.31  0.05 18.99 307.81   8.92
19920221 120000 10.1 188.9  2.48  8.15 216.82  27.88  6  2.20  8.15 213.58  26.75  1.03 10.65 220.22  14.15  0.39 13.01 308.23   9.22  0.31 13.90 235.28   5.84  0.17 19.38 218.31   8.12  0.06 18.97 308.38   8.96
19920221 150000  9.6 201.7  2.43  8.80 217.82  26.79  6  2.36  8.79 215.79  23.91  0.35 13.07 308.90   9.03  0.34 13.65 238.00   6.45  0.19 19.21 218.78   8.13  0.11 15.52 305.25   9.88  0.07 18.96 308.99   8.80
19920221 180000 11.5 213.3  2.51  9.01 219.45  25.09  6  2.43  9.00 217.39  22.51  0.45 13.00 238.27   5.70  0.34 13.07 309.23   9.01  0.22 19.09 218.92   8.28  0.12 15.45 304.65   8.74  0.07 18.94 309.50   8.45
19920221 210000 12.0 206.2  2.69  7.88 219.16  24.97  6  2.62  7.88 217.51  22.97  0.44 12.82 238.41   5.58  0.32 12.99 308.94   9.02  0.25 18.78 218.50   8.39  0.12 15.47 306.04   9.37  0.07 18.78 308.64   8.76
19920222 000000  6.1 204.6  2.64  8.10 218.75  25.78  5  2.56  8.10 217.16  24.05  0.44 12.81 234.69   8.72  0.33 12.89 308.50   9.14  0.29 18.15 218.46   8.30  0.08 18.00 307.64   8.98
19920222 030000  8.4 196.3  2.45  8.43 218.99  25.67  5  2.36  8.43 217.07  23.72  0.48 12.62 234.57   9.87  0.32 12.80 308.53   9.29  0.30 18.00 219.26   8.25  0.09 17.74 308.20   8.67
19920222 060000  6.2 188.4  2.32  8.56 219.13  25.35  5  2.22  8.56 217.00  23.15  0.49 12.37 234.69   9.78  0.33 17.87 218.41   8.94  0.31 12.73 308.63   9.44  0.10 17.72 308.90   9.04
19920222 090000  5.2 194.8  2.27  8.75 220.08  24.43  7  2.17  8.75 218.06  22.02  0.43 12.44 236.70   7.93  0.37 17.56 218.61   8.61  0.28 12.67 308.29  10.04  0.13 14.64 311.26   6.89  0.11 17.73 308.90   8.98  0.11 14.19 206.11   7.74
19920222 120000  7.5 189.6  2.19  8.85 220.29  24.15  6  2.09  8.85 218.36  21.75  0.43 12.36 232.05   9.67  0.40 16.99 218.71   8.83  0.25 12.56 310.05   9.06  0.17 14.54 306.91  10.45  0.11 17.75 308.68   9.19
19920222 150000  7.0 211.9  2.03  8.71 220.91  24.21  6  1.91  8.71 218.46  21.52  0.48 12.04 234.03  13.12  0.40 16.87 219.70   8.68  0.25 12.55 310.00   8.99  0.16 14.62 306.78  10.64  0.10 17.75 308.94   8.84
19920222 180000  9.7 214.3  2.05  8.39 221.25  24.27  6  1.92  8.39 218.86  21.94  0.47 11.77 237.40  10.12  0.43 16.78 219.79   9.12  0.24 12.50 309.55   8.87  0.19 14.60 308.00  10.29  0.13 12.91 201.09   5.18
19920222 210000 10.7 210.9  2.28  7.80 220.32  24.78  7  2.16  7.80 218.80  23.25  0.47 16.58 220.14   8.97  0.40 11.82 233.08  10.22  0.23 12.43 309.93   9.08  0.18 12.47 203.37   6.96  0.14 16.61 309.00   9.11  0.12 14.49 305.37   9.98
19920223 000000  7.0 196.6  2.38  7.80 219.65  26.06  7  2.29  7.80 218.39  24.73  0.51 16.04 220.64   9.03  0.24 12.09 236.22   6.30  0.21 12.29 309.14   9.04  0.16 12.14 204.94   8.33  0.16 14.46 309.97   9.29  0.14 16.67 308.44   9.72
19920223 030000  7.8 189.5  2.27  7.93 219.65  26.58  7  2.18  7.93 218.07  25.07  0.54 15.94 221.85   9.28  0.21 11.94 237.17   5.07  0.20 12.15 308.48   9.83  0.17 14.34 311.33   7.71  0.14 16.64 307.75   9.29  0.06 19.14 316.47   7.05
19920223 060000  6.0 339.7  2.07  7.94 221.47  26.58  7  1.93  7.94 219.15  24.93  0.57 15.98 222.38   9.50  0.37 11.50 235.95   7.74  0.21 13.95 308.85   9.77  0.18 11.92 310.34   9.29  0.15 16.63 308.93   9.85  0.05 19.14 313.27   6.05
19920223 090000  4.7 233.3  1.94  8.00 223.15  25.71  5  1.81  8.00 221.26  23.51  0.62 16.01 222.90   9.74  0.22 13.67 309.30   9.75  0.17 16.62 309.99   9.44  0.15 11.76 309.95   8.43
19920223 120000  7.9 197.9  1.90  8.09 222.66  25.32  5  1.75  8.09 220.49  22.94  0.67 16.02 223.09   9.48  0.22 13.62 308.92   9.59  0.18 16.66 310.62   9.12  0.16 11.79 310.17   9.25
19920223 150000  3.5 213.7  1.79  8.06 223.20  25.58  5  1.60  8.06 220.41  22.82  0.72 15.67 223.88   9.56  0.22 13.57 309.63   9.51  0.20 16.60 310.11   9.38  0.15 11.79 310.17   9.24
19920223 180000  8.3 240.9  1.69 15.38 225.82  26.24  7  1.40  7.91 221.09  24.00  0.76 15.12 224.39   9.54  0.47 11.16 237.00   8.20  0.24 13.51 309.22   9.48  0.20 15.87 308.68   9.88  0.13 11.66 313.70   8.11  0.09 17.90 315.93   2.94
19920223 210000  8.8 213.6  1.77 15.36 224.84  26.90  6  1.46  7.50 219.72  24.98  0.79 15.16 224.68   9.35  0.50 11.25 236.05   9.57  0.27 13.46 310.59   9.39  0.19 15.69 306.68   8.17  0.14 17.77 317.29   7.87
19920224 000000  8.3 196.9  2.08 15.39 220.58  26.90  6  1.82  6.87 216.25  25.02  0.85 15.24 225.22   9.24  0.39 11.23 235.80   8.76  0.26 13.36 310.33   9.25  0.23 15.67 309.35   9.25  0.11 17.77 319.03   5.47
19920224 030000  6.3 203.7  2.25  7.44 220.51  26.80  5  2.01  7.44 217.00  25.27  0.92 15.23 226.33   9.48  0.26 15.76 312.01   9.30  0.25 13.23 310.06   9.21  0.16 11.06 235.00   0.00
19920224 060000  4.9 203.7  2.21  7.77 222.10  26.13  5  1.94  7.77 218.31  24.58  0.95 15.06 226.14   9.15  0.30 11.25 240.17   6.01  0.28 15.95 312.43   9.07  0.24 12.92 310.35   9.22
19920224 090000  4.0 210.7  2.09 14.90 224.52  25.15  6  1.76  7.92 220.47  23.38  1.02 14.63 226.54   9.13  0.29 16.22 312.98   8.80  0.28 11.11 242.13   6.79  0.22 12.78 310.08   9.29  0.10 11.04 312.39   8.43
19920224 120000  4.4 183.7  2.03 14.57 226.44  24.11  4  1.68  8.13 222.94  21.73  1.06 14.48 226.95   9.18  0.31 16.30 312.71   9.08  0.23 12.70 311.25   8.73
19920224 150000  6.1 231.0  2.04 14.43 227.38  23.19  5  1.63  8.42 223.98  20.48  1.15 14.35 226.91   9.61  0.32 16.27 313.04   9.12  0.23 12.65 311.67   8.56  0.09 18.99 304.33   9.49
19920224 180000  7.6 227.9  2.10 14.29 227.67  22.92  5  1.66  8.55 224.31  20.38  1.22 14.16 227.09   9.50  0.34 15.93 313.22   9.14  0.21 12.58 311.20   8.90  0.09 18.97 303.79   9.74
19920224 210000  5.4 225.4  2.12 14.14 227.87  23.11  5  1.54  8.59 223.45  21.42  1.39 13.91 227.70  10.26  0.36 15.41 313.31   9.04  0.21 12.55 311.47   8.79  0.08 18.99 302.24  10.48
19920225 000000  2.1 180.6  2.09 13.96 228.34  23.00  3  2.05 13.75 225.74  16.83  0.38 15.32 313.28   9.18  0.20 12.50 311.38   8.93
19920225 030000  3.7 204.5  2.06 13.76 229.00  22.80  4  1.97 13.62 225.64  16.00  0.40 16.89 239.83   6.33  0.39 15.29 313.57   9.12  0.21 12.46 311.71   8.75
19920225 060000  4.9 195.1  2.05 13.57 229.21  22.59  3  1.96 13.49 225.74  15.24  0.45 15.26 313.28   9.07  0.39 16.82 240.12   6.13
19920225 090000  5.9 191.5  2.06 13.46 228.72  22.80  3  2.01 13.40 225.73  15.27  0.44 15.20 314.11   8.64  0.13 17.75 303.50  10.19
19920225 120000  5.8 199.5  2.05 13.42 228.51  23.17  4  1.99 13.33 225.42  15.50  0.41 14.96 314.66   8.26  0.16 11.80 312.43   9.65  0.13 17.74 302.63  10.33
19920225 150000  5.6 234.7  2.00 13.37 229.28  23.12  4  1.94 13.24 226.01  14.91  0.41 14.61 314.56   8.45  0.17 11.83 313.12   8.87  0.12 17.75 301.33  10.84
19920225 180000  8.2 225.3  2.03 13.25 229.92  23.52  5  0.72  3.86 230.71  30.13  1.85 13.00 226.21  12.44  0.41 14.48 314.55   8.53  0.18 11.84 313.18   9.05  0.10 17.71 300.31  10.98
19920225 210000  7.0 211.7  2.00 13.02 229.89  24.29  3  1.95 12.86 226.53  16.68  0.44 14.41 314.19   9.27  0.15 11.71 310.14   8.34
19920226 000000  3.3 201.1  1.93 12.98 230.27  24.88  3  1.87 12.81 226.51  16.51  0.47 14.36 313.74   9.32  0.05 21.65 296.91  10.25
19920226 030000  7.5 207.9  1.87 13.06 230.59  25.44  4  1.81 12.82 226.40  16.27  0.46 14.30 314.59   8.74  0.14 16.60 303.65  10.45  0.06 20.96 296.50  10.30
19920226 060000  9.4 178.6  1.93 13.28 226.49  28.73  5  0.93  4.39 206.02  32.65  1.62 12.87 227.05  12.41  0.45 14.18 314.78   8.63  0.16 16.60 303.25  10.67  0.07 20.44 296.55  10.08
19920226 090000 10.4 179.1  2.01 13.28 221.87  31.00  5  1.25  5.17 202.23  31.31  1.51 12.90 227.86  11.74  0.43 13.89 314.95   8.45  0.16 16.59 303.91  11.59  0.09 20.36 296.90  10.31
19920226 120000 11.4 173.3  2.13 13.22 218.65  31.49  5  1.63  6.40 206.50  30.28  1.30 12.86 228.80  10.27  0.41 13.68 315.10   8.36  0.14 16.59 302.87  12.15  0.09 20.34 296.55  11.02
19920226 150000 11.0 194.2  2.24 13.18 218.24  29.83  5  1.85  6.93 210.14  28.42  1.20 12.83 228.67  10.08  0.38 13.57 315.21   8.43  0.12 16.56 301.24  12.21  0.09 20.28 296.03  11.19
19920226 180000 12.6 204.5  2.52 13.18 218.78  26.95  3  2.49 12.87 217.25  23.80  0.38 13.51 314.19   9.48  0.10 20.02 295.72  10.63
19920226 210000 13.9 202.4  2.86  7.19 218.00  27.29  4  2.83  7.19 216.81  24.95  0.35 13.47 315.32   8.37  0.12 15.56 302.71  11.28  0.12 19.17 295.72  10.35
19920227 000000  8.9 188.0  2.81  7.44 218.53  28.05  5  2.53  7.44 215.32  27.54  1.16 12.68 225.24   9.85  0.34 13.43 315.17   8.71  0.15 15.52 303.69  11.27  0.15 19.04 296.33  10.40
19920227 030000 10.8 189.7  2.60 12.62 218.34  28.08  5  2.27  7.48 214.25  27.50  1.19 12.52 224.92   9.80  0.33 13.38 315.24   8.57  0.17 15.51 303.20  12.83  0.17 19.01 296.49  10.73
19920227 060000  9.4 183.6  2.52 12.47 218.04  27.49  5  2.18  7.56 213.83  26.97  1.20 12.37 224.29   9.69  0.32 13.29 314.97   9.09  0.17 18.99 296.20  10.98  0.17 15.51 304.20  11.78
19920227 090000  8.2 178.9  2.51 12.35 219.35  25.98  5  2.14  7.96 215.68  25.95  1.26 12.22 223.99  10.31  0.30 13.09 314.94   9.31  0.16 18.93 295.65  11.19  0.16 15.50 304.13  11.95
19920227 120000  7.2 187.1  2.58 12.17 221.00  24.06  5  2.07  8.75 217.96  24.96  1.49 11.90 223.31  12.48  0.28 12.83 315.30   8.70  0.17 18.47 295.26  10.97  0.14 15.48 303.26  12.15
19920227 150000  8.7 206.7  2.67 11.68 222.06  22.61  4  2.65 11.56 221.06  20.40  0.26 12.71 315.55   8.51  0.20 17.86 295.82  10.40  0.11 15.39 299.94  11.22
19920227 180000  9.2 220.6  2.77 11.36 222.99  22.15  4  2.75 11.25 221.97  19.96  0.27 12.64 313.44  10.12  0.23 17.78 296.39  10.27  0.05 22.74 294.37   8.93
19920227 210000  8.2 216.9  2.75 11.46 224.08  22.41  5  2.72 11.28 222.95  20.09  0.25 17.76 296.61  10.68  0.24 12.60 315.80   8.42  0.13 14.51 302.92   9.95  0.06 22.03 293.51   9.87
19920228 000000  4.0 191.9  2.63 11.62 224.80  22.53  5  2.60 11.53 223.53  19.97  0.25 17.75 296.44  10.99  0.24 12.58 316.14   8.06  0.15 14.50 302.63  11.06  0.07 21.92 293.30  10.21
19920228 030000  4.6 212.1  2.49 11.74 225.53  22.06  5  2.46 11.64 224.19  19.29  0.23 17.69 296.25  11.21  0.22 12.54 316.07   8.14  0.17 14.48 304.42  11.64  0.08 21.88 292.86  10.54
19920228 060000  6.0 198.1  2.41 11.87 225.78  21.49  5  2.39 11.74 224.44  18.62  0.22 17.40 295.89  11.20  0.22 12.51 316.15   8.20  0.17 14.48 304.33  11.47  0.09 21.80 293.01  10.42
19920228 090000  4.2 178.9  2.39 11.80 225.83  21.10  5  2.36 11.72 224.43  18.07  0.24 16.73 295.88  10.83  0.20 12.45 316.18   8.26  0.16 14.48 304.36  11.75  0.10 21.49 293.14  10.41
19920228 120000  4.7 164.0  2.37 11.70 225.90  20.94  5  2.34 11.66 224.35  17.63  0.28 16.63 296.23  10.64  0.19 12.32 316.29   8.32  0.14 14.45 305.15  10.96  0.13 20.75 292.99  10.61
19920228 150000  4.5 235.8  2.30 11.68 226.31  20.82  5  2.27 11.65 224.58  17.15  0.30 16.61 296.42  10.93  0.18 12.01 316.55   8.27  0.14 20.55 292.56  11.35  0.12 14.35 304.13  11.13
19920228 180000  6.8 230.5  2.21 11.67 227.19  21.06  5  1.74  9.52 223.59  19.68  1.31 11.68 228.26  11.17  0.31 16.59 296.52  11.18  0.20 11.88 312.82  11.02  0.15 20.50 292.27  12.60
19920228 210000  5.5 223.6  2.08 11.64 227.77  21.49  6  2.04 11.62 225.71  17.45  0.30 16.56 295.63  12.39  0.16 11.79 317.12   8.36  0.16 20.45 292.80  11.35  0.11 13.55 303.24  10.01  0.05 20.01 230.10   8.49
19920229 000000  6.8 180.1  1.95 11.56 227.52  22.49  6  1.91 11.51 225.16  18.14  0.28 16.47 295.38  12.73  0.18 20.29 292.90  11.26  0.16 11.77 316.94   8.51  0.13 13.54 301.72  11.64  0.08 19.23 230.32   9.35
19920229 030000  5.2 197.6  1.82 11.47 228.06  23.17  6  1.77 11.37 225.15  18.06  0.28 15.98 293.98  13.98  0.21 19.87 293.06  10.61  0.15 11.74 317.09   8.61  0.15 13.53 303.50  11.91  0.13 18.98 229.34   9.67
19920229 060000  6.6 188.0  1.73 11.39 228.63  24.31  6  1.66 11.29 224.94  18.26  0.29 15.61 294.22  13.32  0.23 19.32 293.09  10.88  0.19 18.52 228.12   9.88  0.15 13.53 303.10  12.48  0.15 11.72 317.17   8.71
19920229 090000  5.6 178.0  1.64 11.27 229.26  25.95  6  1.55 11.18 224.59  19.16  0.32 15.54 294.74  12.55  0.28 17.72 227.64   9.85  0.25 19.18 293.33  11.23  0.15 13.52 303.10  12.84  0.14 11.71 317.38   8.21
19920229 120000  3.4 196.3  1.56 15.54 230.58  26.28  7  1.44 11.03 225.07  18.70  0.35 17.54 227.78   9.91  0.34 15.52 294.51  12.91  0.26 19.12 293.27  11.45  0.15 13.52 303.22  12.90  0.14 15.51 225.00   0.00  0.14 11.67 317.36   8.29
19920229 150000  4.5 221.6  1.53 15.48 231.25  25.55  6  1.33 10.94 225.74  17.86  0.59 15.32 225.47   9.51  0.35 15.50 294.55  12.55  0.27 19.06 293.26  11.33  0.13 11.61 317.06   8.74  0.11 13.48 310.17   8.73
19920229 180000  6.9 230.1  1.60 15.25 230.90  24.47  5  1.23 10.80 226.63  18.49  0.90 14.44 224.31   9.43  0.35 15.47 295.68  12.91  0.29 18.93 293.42  11.02  0.12 11.40 317.40   8.52
19920229 210000  6.4 212.7  1.72 14.50 229.70  23.90  6  1.61 14.12 224.46  16.24  0.37 16.97 238.32   5.79  0.33 15.40 295.49  12.78  0.32 18.57 293.75  10.73  0.12 11.16 317.40   8.66  0.09 12.64 298.32  12.92
19920301 000000  5.2 197.3  1.80 13.54 229.28  23.39  5  1.73 13.40 224.86  15.56  0.36 18.02 293.64  10.98  0.31 15.15 295.03  12.45  0.11 12.60 304.01  13.93  0.10 10.98 317.72   8.91
