Date     Time   Uabs UDir  hs    tp    th     sp     np hs(i) tp(i) th(i)  sp(i)
19810601 000000  5.3 329.8  3.47 13.14 250.92  23.87  2  3.22 13.14 255.02  23.11  1.29 18.44 226.36  10.59
19810601 030000  3.8  21.3  3.66 12.99 249.46  22.87  2  3.35 12.99 254.04  21.99  1.46 17.68 226.24  10.25
19810601 060000  0.6 112.8  3.71 12.93 247.72  22.13  2  3.43 12.93 252.12  21.03  1.43 17.49 223.06   8.26
19810601 090000  1.7 136.3  3.62 13.04 246.21  21.82  2  3.33 13.04 250.61  20.83  1.42 16.94 222.59   8.03
19810601 120000  1.9  36.2  3.46 16.27 244.68  21.80  2  3.46 16.27 244.63  21.71  0.10 11.08 318.43   6.35
19810601 150000  2.2  52.4  3.27 16.16 243.25  21.84  2  3.27 16.16 243.20  21.75  0.10 11.04 318.85   6.06
19810601 180000  3.4 234.3  3.09 15.35 241.92  21.77  2  3.09 15.35 241.85  21.65  0.11 10.99 315.38   8.02
19810601 210000  4.8 224.4  2.95 15.27 240.54  21.72  1  2.95 15.27 240.54  21.72
19810602 000000  4.8 198.2  2.81 15.17 239.03  21.76  1  2.81 15.17 239.03  21.76
19810602 030000  4.6 160.7  2.65 14.77 237.37  21.87  2  2.65 14.78 237.29  21.73  0.10 14.58 310.69   8.92
19810602 060000  7.2 165.0  2.52 14.34 234.90  22.83  2  2.52 14.33 234.81  22.67  0.10 14.53 310.81   8.74
19810602 090000  6.5 146.7  2.43 14.24 231.92  24.33  2  2.42 14.23 231.81  24.15  0.10 14.49 311.02   8.77
19810602 120000  4.4 146.3  2.35 14.16 229.96  23.68  2  2.35 14.16 229.83  23.46  0.11 14.46 310.72   9.15
19810602 150000  5.6 170.3  2.30 14.10 228.58  22.02  2  2.30 14.09 228.45  21.77  0.10 14.40 310.91   9.07
19810602 180000  9.1 179.8  2.33 14.07 224.94  22.95  2  2.33 14.06 224.81  22.70  0.11 14.28 310.83   9.03
19810602 210000  9.9 187.2  2.38 13.79 221.73  23.54  4  1.05  4.46 198.60  30.85  2.12 13.78 226.55  17.80  0.26 20.30 220.27   8.59  0.11 13.97 310.56   8.88
19810603 000000  7.4 174.3  2.40 13.59 220.02  23.68  4  1.28  5.24 207.85  33.90  2.01 13.58 224.00  15.79  0.29 20.39 221.56   8.92  0.11 13.69 310.38   8.85
19810603 030000  9.8 183.6  2.35 13.52 218.75  23.11  2  2.35 13.51 218.61  22.79  0.10 13.62 309.55   9.38
19810603 060000 10.6 178.3  2.42 13.48 215.49  23.94  4  2.33 13.48 215.12  24.36  0.58 18.87 218.80   9.94  0.28 16.59 215.00   0.00  0.12 13.58 310.74   9.40
19810603 090000 10.2 178.3  2.45 13.38 214.52  23.28  4  2.33 13.37 213.98  23.87  0.67 18.72 218.73  10.13  0.33 16.59 215.00   0.02  0.12 13.53 310.57   9.47
19810603 120000 10.0 176.5  2.51 13.19 213.67  22.60  5  2.32 13.18 212.95  23.69  0.80 18.08 217.49  10.98  0.51 15.97 215.00   0.00  0.10 13.47 309.46   9.78  0.06 15.96 313.21   7.59
19810603 150000 11.3 176.0  2.62 17.66 211.73  23.30  6  1.60  5.84 199.21  32.04  1.79 12.79 218.09  11.11  0.97 17.66 217.80  10.38  0.42 15.51 215.00   0.00  0.10 13.38 309.75   9.68  0.07 15.59 311.51   8.32
19810603 180000  9.9 185.2  2.61 17.46 212.57  22.05  6  1.61  6.13 203.00  30.82  1.51 12.32 218.18  11.21  1.14 16.08 215.20   7.20  0.81 17.88 219.09  11.90  0.10 13.28 309.65   9.71  0.08 15.55 311.68   8.35
19810603 210000  9.6 182.4  2.56 16.61 213.20  21.16  5  1.50  6.14 204.24  30.92  1.38 11.69 216.69  11.01  1.13 14.94 217.45   7.64  1.05 16.89 217.41  10.66  0.13 15.50 310.09   8.97
19810604 000000  8.0 185.9  2.50 16.45 214.07  20.19  3  1.35  5.98 204.48  31.00  2.10 16.46 217.31  10.48  0.13 15.42 310.41   8.76
19810604 030000  6.7 172.1  2.43 16.04 215.27  19.18  6  1.18  5.90 206.21  31.93  1.74 16.07 216.46   8.90  1.18 10.91 218.75  11.98  0.19 14.57 253.33   6.43  0.11 12.78 308.06   9.93  0.08 15.30 312.19   7.62
19810604 060000  7.0 171.0  2.38 15.40 216.09  18.31  4  2.36 15.43 215.28  17.11  0.27 14.21 254.19  10.61  0.14 11.80 260.03  11.58  0.13 14.58 309.92   8.73
19810604 090000  4.4 147.0  2.34 15.14 216.94  17.38  5  2.31 15.17 216.02  15.95  0.26 13.60 253.79   6.25  0.19 11.76 254.16   6.69  0.11 14.52 309.96   9.06  0.09 12.60 309.54   9.06
19810604 120000  6.5 170.3  2.27 14.58 217.39  16.95  4  2.23 14.66 216.21  15.12  0.36 13.46 253.71   7.02  0.12 14.50 310.71   8.48  0.09 12.59 309.65   9.15
19810604 150000  6.8 176.6  2.21 14.25 216.81  17.92  6  2.18 14.33 215.53  15.82  0.28 13.44 254.14   6.21  0.18 11.06 259.68   6.35  0.11 14.50 311.07   8.77  0.10 12.59 309.25   8.88  0.09 20.44 299.68   9.55
19810604 180000  7.9 196.2  2.16 14.04 216.84  18.09  6  2.12 14.13 215.15  15.49  0.34 13.01 253.71   6.73  0.19 10.95 259.10   6.16  0.11 12.61 308.06   9.07  0.11 20.39 298.73  10.87  0.10 14.50 312.11   8.29
19810604 210000  8.7 197.4  2.15 13.67 216.85  19.11  5  1.07  5.08 209.89  27.50  1.81 13.92 216.44   9.48  0.42 12.83 255.53   6.95  0.15 14.20 309.39   8.92  0.11 20.37 298.88  10.80
19810605 000000  5.6 206.4  2.09 13.24 217.62  20.66  6  1.11  5.26 212.87  28.71  1.67 13.62 215.95   9.03  0.49 12.65 254.56   7.09  0.24 18.02 208.60   7.13  0.16 13.56 308.53   9.25  0.11 20.28 299.87   9.62
19810605 030000  6.8 182.2  1.95 12.83 218.69  22.02  5  1.00  5.30 213.84  30.19  1.57 13.26 215.31   9.07  0.54 12.50 254.52   7.03  0.18 13.53 308.31   9.50  0.14 19.50 300.28   9.47
19810605 060000  6.5 172.6  1.83 12.58 219.79  23.81  7  0.90  5.20 211.73  31.68  1.38 13.08 215.60   9.21  0.60 12.19 254.43   7.02  0.48 16.85 211.31  10.03  0.17 19.13 300.36   9.67  0.15 13.55 309.29   8.91  0.10 11.84 306.63  10.80
19810605 090000  3.8 150.4  1.71 12.16 222.36  24.74  6  1.25 12.94 215.47   9.58  0.75  5.01 212.07  32.18  0.69 11.79 254.20   7.14  0.50 16.71 211.45   8.88  0.19 19.07 300.07  10.29  0.18 13.52 308.60   9.70
19810605 120000  4.6 167.0  1.61 11.81 225.38  25.08  7  0.60  4.83 212.81  32.19  1.15 12.88 215.37  10.01  0.77 11.48 254.34   7.36  0.52 16.52 212.18   9.30  0.20 19.06 299.99  10.50  0.15 13.52 310.32   8.41  0.11 11.82 306.67  10.26
19810605 150000  4.7 191.9  1.54 11.62 228.16  25.43  6  0.49  4.63 211.87  31.89  1.03 13.24 215.86  10.41  0.82 11.04 254.70   7.49  0.55 15.77 211.61   9.37  0.19 19.02 300.10  10.31  0.18 13.41 308.50   9.62
19810605 180000  6.6 195.0  1.52 11.53 229.43  27.08  5  0.53  4.31 204.83  30.06  1.09 15.27 215.05  10.56  0.86 10.55 255.33   7.63  0.22 18.74 300.54   9.81  0.18 12.97 307.98   9.75
19810605 210000  8.4 190.1  1.58 11.47 228.09  30.04  5  0.78  3.90 203.85  29.04  1.00 14.75 214.44  10.02  0.88 10.26 255.58   8.04  0.27 17.97 300.73   9.75  0.19 12.64 307.61   9.88
19810606 000000  9.1 177.9  1.60 14.45 226.07  33.76  5  0.91  4.24 198.20  30.88  0.93 14.48 214.36  10.03  0.86  9.98 256.32   7.98  0.31 17.86 300.91   9.88  0.20 12.62 307.29  10.14
19810606 030000  7.1 164.8  1.56 14.28 225.44  35.83  5  0.92  4.54 195.36  32.23  0.86 14.31 214.20   9.91  0.84  9.68 256.69   8.23  0.32 17.83 300.97  10.07  0.20 12.61 307.13  10.29
19810606 060000  5.4 150.5  1.41 13.87 229.62  35.62  5  0.75  4.57 195.20  33.53  0.81 13.96 214.62  10.28  0.81  9.58 257.41   8.03  0.31 17.81 301.05  10.12  0.20 12.61 306.46  10.86
19810606 090000  5.4 130.4  1.28 13.58 233.50  36.33  5  0.58  4.37 189.34  37.04  0.78  9.49 257.43   8.59  0.75 13.68 214.64  10.33  0.30 17.74 301.24   9.89  0.20 12.59 306.31  10.87
19810606 120000  5.3 169.1  1.20 13.45 237.43  37.28  5  0.48  4.08 182.50  37.99  0.75  9.38 258.08   8.56  0.71 13.56 215.33  10.92  0.34 17.45 301.21   9.63  0.19 12.55 306.33  10.87
19810606 150000  5.9 144.5  1.18 16.70 239.30  40.47  6  0.48  3.26 172.12  35.69  0.73  9.19 257.92   9.63  0.65 13.45 215.68  11.41  0.40 16.84 301.11   9.67  0.19 12.44 305.79  11.14  0.06 19.18 241.16   6.75
19810606 180000  7.0 180.2  1.16 16.65 241.27  40.78  6  0.50  3.26 179.02  32.30  0.70  9.16 258.30  10.16  0.61 13.32 216.23  11.97  0.44 16.72 301.10   9.88  0.19 11.99 306.08  10.70  0.07 19.11 241.78   6.81
19810606 210000  7.1 175.1  1.20 16.64 237.28  41.35  7  0.63  3.65 188.35  29.46  0.68  9.19 258.78  10.37  0.53 13.11 218.07  12.41  0.44 16.67 301.22  10.02  0.22  9.45 208.03   8.93  0.19 11.85 305.98  10.94  0.11 18.11 240.61   7.00
19810607 000000  5.6 178.2  1.15 16.63 239.75  41.11  8  0.60  3.79 190.49  31.72  0.66  9.19 259.51  10.66  0.44 12.97 214.66  10.31  0.43 16.64 301.45  10.05  0.25 14.74 235.08   8.85  0.21  9.42 206.62   8.16  0.19 11.81 306.20  10.62  0.12 17.91 240.87   6.81
19810607 030000  5.0 146.8  1.11 16.59 243.18  41.09  7  0.55  3.88 190.61  33.87  0.65  9.16 260.21  11.04  0.43 12.69 212.04  10.45  0.43 16.59 301.70   9.87  0.28 14.54 234.65   8.84  0.19 11.79 305.94  10.82  0.15 17.73 239.12   7.88
19810607 060000  2.8 133.8  1.07 16.47 249.46  39.47  6  0.63  9.36 260.66  11.65  0.49 14.11 219.52  14.95  0.47  3.95 194.83  35.22  0.45 16.45 301.60   9.63  0.19 11.78 306.03  10.47  0.18 16.95 240.70   6.96
19810607 090000  1.2  94.7  1.04 16.23 255.34  37.12  6  0.62  9.38 260.75  12.46  0.49 16.11 301.30   9.66  0.48 13.60 220.68  15.97  0.38  3.92 199.86  34.28  0.21 16.72 239.46   7.95  0.19 11.78 305.88  10.55
19810607 120000  2.3 184.4  1.02 15.77 258.93  35.15  7  0.69  9.27 251.91  27.54  0.52 15.73 301.06   9.81  0.39 13.56 231.32  12.08  0.28 10.89 203.93   8.28  0.22 16.60 239.31   8.06  0.18 11.76 305.84  10.42  0.07 21.63 222.72   8.15
19810607 150000  1.8 135.7  1.00 15.63 260.61  33.85  7  0.65  9.05 254.92  23.57  0.52 15.62 301.12   9.98  0.34 13.48 234.32  10.71  0.29 11.19 203.56   7.60  0.28 15.76 238.59   8.48  0.18 11.73 305.77  10.44  0.10 20.90 222.90   7.94
19810607 180000  4.5 208.7  1.00 15.56 259.92  34.04  7  0.64  8.90 253.88  24.29  0.51 15.57 301.38  10.06  0.35 13.41 236.11   9.53  0.29 10.96 203.87   8.15  0.27 15.64 239.35   8.60  0.17 11.62 305.46  10.82  0.13 20.43 223.38   8.18
19810607 210000  6.3 201.0  1.04 15.51 254.47  36.86  8  0.42  2.88 207.56  29.71  0.56  8.75 260.82  13.58  0.51 15.52 301.61   9.95  0.37 12.85 235.82  10.26  0.26 10.73 202.00   7.44  0.26 15.59 239.06   9.57  0.18 20.08 223.67   8.01  0.17 11.28 305.55  10.52
19810608 000000  4.9 197.6  1.04 15.43 254.26  37.39  8  0.43  3.16 206.75  33.31  0.54  8.52 260.83  13.60  0.52 15.47 301.58   9.79  0.33 12.67 236.48  10.77  0.31 14.72 239.03   8.91  0.25 10.60 201.67   7.31  0.24 19.35 224.23   8.07  0.16 11.14 305.58  10.43
19810608 030000  2.4 174.8  1.02 15.30 257.31  35.78  8  0.53  8.33 260.45  13.74  0.52 15.38 301.43   9.76  0.34 12.66 237.33  10.28  0.32  3.08 204.02  35.68  0.31 19.03 224.42   7.98  0.30 14.64 240.33   9.08  0.23 10.42 201.37   7.23  0.16 11.09 305.28  10.36
19810608 060000  4.6 193.4  1.02 15.05 257.35  34.14  7  0.59  8.03 252.05  27.28  0.52 15.18 301.24   9.85  0.39 18.64 224.61   7.97  0.33 12.58 238.25  10.14  0.31 14.59 240.97   9.08  0.21 10.32 201.12   7.98  0.16 11.07 304.71  10.76
19810608 090000  2.9 134.5  1.11 14.71 254.28  31.70  7  0.63  7.87 252.77  24.22  0.52 14.79 301.20   9.99  0.48 18.01 224.91   8.12  0.41 13.65 241.00   8.27  0.34 11.79 240.41  10.08  0.19 10.27 201.52   7.66  0.16 11.06 304.56  10.49
19810608 120000  1.0 144.6  1.32 14.53 250.59  26.82  6  0.97 11.68 248.42  15.50  0.55 17.73 224.52   8.00  0.51 14.63 301.28  10.11  0.44 13.62 240.24   8.97  0.16 10.22 201.49   7.21  0.15 11.05 304.92   9.91
19810608 150000  2.8 223.7  1.57 14.44 248.09  23.23  5  1.26 11.49 246.78  13.97  0.63 17.37 224.41   8.10  0.51 14.55 301.35  10.14  0.47 13.56 241.17   9.00  0.14 11.05 304.36  10.38
19810608 180000  6.9 190.2  1.83 16.72 245.53  23.05  4  1.60 10.34 244.38  16.88  0.71 16.77 225.55   9.43  0.50 14.50 301.13  10.27  0.14 11.04 305.51   9.13
19810608 210000  6.1 176.2  1.96 16.50 244.60  24.52  4  1.62  9.99 244.74  22.07  0.75 16.53 225.35   9.87  0.64 12.74 241.16   8.84  0.50 14.46 300.86  10.47
19810609 000000  2.5 230.2  2.00 16.21 245.41  23.69  4  1.63  9.84 246.33  21.13  0.78 16.26 224.69   9.01  0.69 12.67 242.81   9.09  0.49 14.40 300.81  10.41
19810609 030000  6.3 205.1  2.02 15.44 245.60  23.38  5  1.57  9.82 248.13  21.44  0.88 15.67 226.67  10.18  0.79 12.36 241.63   9.04  0.48 14.33 300.42  10.92  0.06 17.77 298.75   9.49
19810609 060000  8.9 190.8  2.07 15.25 242.72  25.91  4  1.79  9.80 243.68  24.22  0.93 15.43 226.81  10.30  0.47 14.19 300.59  10.99  0.06 17.75 298.59   9.80
19810609 090000  9.1 180.3  2.15 14.98 237.31  29.38  4  1.88 11.81 237.08  29.34  0.93 15.17 226.46  10.68  0.44 13.88 301.15  10.62  0.06 17.75 298.99   9.94
19810609 120000  9.1 183.9  2.22 14.48 232.68  30.38  3  2.18 14.63 230.50  28.27  0.41 13.69 301.25  10.52  0.05 17.71 299.48  10.17
19810609 150000 10.1 186.4  2.31 14.20 229.06  29.93  2  2.27 14.34 227.20  27.94  0.40 13.59 301.01  10.67
19810609 180000 10.1 205.0  2.36 13.90 228.22  27.97  4  2.32 14.15 226.48  25.84  0.38 13.53 300.98  10.59  0.08 16.71 294.12  11.99  0.07 10.39 309.93   5.64
19810609 210000 10.2 197.4  2.35 13.61 227.50  27.52  4  1.64 10.57 210.47  23.74  1.63 13.76 240.78  17.24  0.38 13.49 301.04  10.53  0.08 16.63 298.14   9.34
19810610 000000  7.7 185.9  2.25 13.40 226.89  28.22  6  1.40  5.76 212.72  31.42  1.47 13.37 238.40  16.48  0.89 10.20 215.68   9.88  0.37 13.45 301.27  10.42  0.10 16.60 295.72  11.39  0.07 10.39 308.04   7.51
19810610 030000  8.5 181.8  2.08 13.28 227.24  28.87  5  1.20  5.73 209.36  32.08  1.39 13.21 239.44  17.56  0.90 10.18 215.90  10.38  0.37 13.41 301.36  10.44  0.10 16.59 296.40  11.92
19810610 060000 10.6 170.7  2.00 13.21 223.47  31.67  5  1.14  5.05 198.01  34.25  1.29 13.15 239.00  17.74  0.94 10.21 217.10  12.32  0.36 13.35 301.36  10.38  0.10 16.59 296.97  11.95
19810610 090000 10.1 170.6  2.00 12.98 219.04  32.54  6  1.29  5.10 197.38  33.19  1.21 12.92 237.49  17.72  0.86 10.48 214.26  11.32  0.33 13.25 301.27  10.38  0.11  9.66 275.00   0.02  0.09 16.58 298.01  11.79
19810610 120000  8.1 174.7  1.97 12.51 217.61  31.72  6  1.29  5.59 199.52  33.89  1.17 12.58 234.06  17.72  0.84 10.77 212.96  10.29  0.31 12.98 301.45  10.16  0.15  9.46 275.43   2.02  0.09 16.47 297.91  11.27
19810610 150000  7.8 175.1  1.89 12.38 218.83  29.58  5  1.15  5.95 201.57  32.24  1.45 12.15 224.94  18.43  0.29 12.77 300.75  10.61  0.19  9.62 272.63   4.63  0.10 15.72 296.76  10.75
19810610 180000  8.1 180.8  1.86 12.30 218.42  28.22  6  1.11  6.09 203.31  31.78  1.14 11.71 212.43   9.75  0.91 12.80 240.20  14.46  0.27 12.66 300.97  10.47  0.16  9.52 275.58   2.73  0.12 15.56 295.86  10.62
19810610 210000  9.3 192.3  1.90 11.92 217.93  26.74  6  1.16  5.84 205.05  28.99  1.35 11.43 220.70  17.65  0.56 13.53 230.86  10.02  0.27 12.60 301.02  10.41  0.16  9.40 276.65   4.22  0.14 15.53 295.72  11.04
19810611 000000  9.0 185.8  1.96 11.31 216.67  27.15  6  1.29  5.37 205.29  29.27  1.28 11.14 219.46  16.88  0.64 13.59 230.45  10.08  0.27 12.56 300.79  10.74  0.16  9.24 276.60   4.25  0.15 15.52 296.73  11.43
19810611 030000  8.3 173.6  1.92 12.46 216.61  27.96  6  1.27  5.59 204.52  30.78  1.24 10.99 219.31  15.93  0.65 13.66 231.08  10.58  0.26 12.55 300.91  10.51  0.18  9.04 274.14   5.96  0.14 15.52 299.12  10.30
19810611 060000  8.8 175.7  1.85 12.54 216.78  28.34  6  1.21  5.72 203.38  31.44  1.15 10.79 218.25  14.46  0.71 12.99 232.50  10.11  0.26 12.53 301.21  10.00  0.21  8.91 274.01   6.74  0.13 15.52 298.05  11.95
19810611 090000  8.1 173.2  1.81 12.57 217.06  28.39  6  1.19  5.83 202.67  31.12  1.09 10.63 218.78  14.70  0.75 12.96 233.16   9.91  0.25 12.51 301.00  10.12  0.20  8.99 275.63   6.29  0.12 15.52 298.46  12.14
19810611 120000 11.5 175.4  1.89 12.55 213.40  30.17  5  1.63 10.21 205.07  28.59  0.89 12.68 230.76  11.45  0.23 12.46 300.34  10.92  0.21  8.83 274.47   7.15  0.12 15.38 298.19  11.58
19810611 150000 11.5 174.1  2.10 12.21 210.11  30.73  5  1.87  5.91 202.86  29.39  0.91 12.22 231.08  11.41  0.21 12.34 300.25  10.77  0.20  8.75 273.49   7.51  0.13 14.67 296.37  11.72
19810611 180000 11.9 176.4  2.13 12.19 209.76  30.72  4  1.90  6.21 202.53  29.61  0.93 12.24 233.48  11.02  0.19 12.00 300.94  10.16  0.15 14.55 294.90  12.25
19810611 210000 12.6 186.0  2.18 12.31 210.04  29.53  4  1.95  6.21 202.95  28.17  0.95 12.38 233.80  10.68  0.17 11.84 300.67  10.50  0.17 14.53 293.88  13.46
19810612 000000 10.4 166.9  2.23 12.31 208.80  31.79  4  2.00  6.41 201.42  30.76  0.96 12.37 233.95  11.40  0.18 14.53 295.09  13.17  0.17 11.78 300.56  10.85
19810612 030000 10.9 162.3  2.01 12.06 207.79  34.36  4  1.76  6.31 197.98  33.27  0.94 12.16 234.36  11.35  0.18 14.53 296.04  13.27  0.16 11.76 300.78  10.74
19810612 060000 11.0 160.9  1.88 11.83 204.47  36.54  4  1.62  6.00 191.83  34.30  0.91 11.85 235.62  11.94  0.17 14.53 296.55  13.38  0.15 11.75 300.88  10.69
19810612 090000 10.4 158.2  1.83 11.76 201.75  37.28  6  1.57  5.75 187.10  33.72  0.85 11.76 237.32  12.59  0.35 14.83 231.41  10.96  0.15 14.53 296.83  13.78  0.15 11.74 300.62  10.98  0.07 20.88 221.15   7.82
19810612 120000 10.0 163.3  1.77 11.74 201.53  37.03  6  1.50  5.71 185.81  32.95  0.81 11.75 237.22  13.26  0.43 14.61 234.26  10.34  0.14 11.73 300.61  11.08  0.14 14.47 298.15  12.46  0.10 20.57 221.28   7.65
19810612 150000  9.0 160.1  1.67 11.71 203.84  36.87  6  1.39  5.85 186.87  33.32  0.77 11.71 237.19  12.88  0.47 14.62 234.61  10.36  0.14 20.24 221.89   7.94  0.13 11.71 300.91  10.82  0.13 14.16 297.63  12.22
19810612 180000 10.6 179.2  1.66 11.60 207.10  34.28  6  1.36  5.50 191.09  31.21  0.71 11.50 237.21  12.30  0.57 14.35 234.52   9.41  0.19 19.47 221.77   7.86  0.14 13.73 296.25  12.89  0.12 11.67 300.91  11.03
19810612 210000 12.8 178.7  2.03  5.79 205.19  32.00  5  1.80  5.79 195.98  30.15  0.90 14.24 235.06  10.34  0.24 19.22 221.90   7.84  0.15 13.67 296.85  12.32  0.11 11.54 301.48  11.18
19810613 000000 12.8 174.8  2.26  6.38 205.12  32.25  5  2.03  6.38 197.05  30.92  0.92 14.15 235.46  10.00  0.32 18.94 222.60   8.15  0.17 13.66 296.94  12.81  0.10 11.21 301.69  11.79
19810613 030000 11.1 161.5  2.27  6.81 207.37  32.48  5  2.00  6.81 198.71  31.88  0.97 13.83 235.28   9.46  0.40 18.19 222.57   8.12  0.17 13.64 298.12  12.20  0.08 11.08 303.07  11.11
19810613 060000 11.5 158.1  2.20 13.60 207.97  33.71  5  1.87  7.04 196.52  33.49  1.02 13.60 235.63   9.46  0.51 17.86 223.73   8.37  0.17 13.62 298.64  12.41  0.08 11.04 302.49  12.12
19810613 090000 11.4 159.9  2.23 13.46 206.89  34.17  6  1.84  6.92 192.63  33.73  1.06 13.43 235.56   8.93  0.66 17.43 224.69   9.10  0.16 13.60 299.17  12.29  0.07 11.01 303.66  11.16  0.06 17.68 300.61  10.65
19810613 120000  6.9 177.3  2.17 16.57 211.73  31.91  6  1.68  6.87 195.40  32.83  1.04 13.13 235.69   8.74  0.88 16.58 226.67   9.87  0.15 13.57 299.94  12.38  0.07 11.00 304.03  11.02  0.07 17.70 299.96  10.90
19810613 150000  9.9 156.5  2.17 16.32 213.40  31.66  5  1.56  6.88 192.33  33.15  1.13 16.32 228.22  10.24  0.99 12.73 236.39   8.55  0.15 13.53 300.85  12.16  0.07 17.72 302.43  11.52
19810613 180000  9.2 170.0  2.15 15.36 216.99  28.79  5  1.41  6.88 194.48  32.04  1.38 14.44 233.88   9.67  0.83 16.58 222.86   7.46  0.16 13.47 301.02  12.24  0.07 17.72 301.14  10.37
19810613 210000 10.8 188.2  2.24 15.20 217.78  25.68  4  1.46  6.50 198.07  28.17  1.70 15.19 230.01  10.59  0.16 13.38 300.84  12.11  0.07 17.69 301.56  10.39
19810614 000000 11.4 182.0  2.47 15.10 215.87  25.69  4  1.77  6.02 201.66  28.02  1.36 13.43 232.93  10.38  1.04 15.50 221.84   7.76  0.17 13.23 301.44  11.75
19810614 030000 10.9 168.0  2.54 14.21 215.51  26.59  4  1.88  6.51 203.38  29.85  1.70 14.26 227.81  11.00  0.16 12.99 301.30  12.22  0.09 16.52 300.38  10.10
19810614 060000  8.4 161.1  2.38 14.18 217.58  26.35  4  1.69  6.88 206.16  31.51  1.67 14.20 226.94  10.90  0.16 12.85 301.66  12.25  0.11 16.53 298.83  12.02
19810614 090000  8.2 159.7  2.21 14.14 218.48  25.86  4  1.50  6.98 206.29  31.79  1.61 14.14 226.67  10.82  0.16 12.77 301.48  13.39  0.12 16.55 299.17  11.76
19810614 120000  6.8 175.3  2.03 14.04 218.92  25.28  4  1.32  6.88 205.36  31.39  1.53 14.04 226.60  10.87  0.17 12.72 302.28  13.40  0.12 16.57 298.50  11.73
19810614 150000  6.5 167.8  1.89 13.88 219.70  23.99  4  1.19  6.68 205.76  29.74  1.46 13.88 226.63  10.89  0.16 12.70 301.84  14.01  0.12 16.55 298.35  12.79
19810614 180000  8.4 189.3  1.84 13.86 219.84  23.11  5  1.19  6.50 208.17  27.91  1.37 13.85 226.49  10.96  0.22 19.29 223.61   7.91  0.14 12.67 304.17  11.73  0.13 16.51 300.02  12.42
19810614 210000  9.9 193.1  1.97 13.60 218.43  23.50  5  1.43  6.22 209.69  26.72  1.31 13.63 226.25  10.95  0.28 19.02 224.24   8.05  0.15 12.67 304.85  11.08  0.13 16.29 300.38  11.29
19810615 000000  9.0 182.2  2.09 13.27 217.75  25.15  5  1.61  6.39 210.41  27.91  1.26 13.33 226.63  11.72  0.37 18.42 222.67   8.02  0.15 12.69 305.59  10.32  0.15 15.45 300.74  10.93
19810615 030000  8.6 159.0  2.07 13.20 217.40  27.56  5  1.62  6.64 209.54  30.36  1.21 13.24 227.23  12.66  0.39 17.96 223.49   7.94  0.16 15.45 300.32  10.66  0.16 12.70 305.67  10.59
19810615 060000  8.6 160.1  1.96 13.23 218.16  28.83  5  1.51  6.80 209.24  31.83  1.16 13.26 228.16  13.89  0.43 17.84 223.12   8.10  0.17 15.48 300.16   9.73  0.16 12.70 306.70  10.50
19810615 090000  6.9 153.7  1.84 13.30 219.50  28.72  5  1.39  6.84 210.09  31.46  1.07 13.32 229.77  15.22  0.52 17.46 222.61   7.90  0.18 15.46 300.29  11.02  0.16 12.64 306.41  10.52
19810615 120000  7.5 174.7  1.76 13.34 220.65  28.13  6  1.32  6.90 211.80  30.44  0.94 13.44 226.18  12.21  0.53 16.82 223.25   7.86  0.35 11.07 262.55   6.74  0.18 15.46 300.60  11.46  0.16 12.48 308.01   9.10
19810615 150000  6.2 167.2  1.71 16.54 221.27  27.33  6  1.29  6.89 213.40  29.14  0.87 13.48 224.48  10.58  0.52 16.73 222.44   8.50  0.40 10.76 261.38   6.45  0.17 15.43 300.75  11.80  0.16 12.04 307.28  10.12
19810615 180000  5.7 181.3  1.64 13.45 222.71  25.88  6  1.21  6.84 215.13  27.21  0.78 13.36 224.65  11.48  0.64 16.41 222.18   7.95  0.41 10.43 262.31   7.35  0.18 15.32 301.73  12.29  0.14 12.00 308.77   8.84
19810615 210000  9.2 201.8  1.65 15.63 222.24  24.89  6  1.22  6.74 215.13  25.30  0.81 13.35 222.42  10.99  0.62 15.81 222.99   7.89  0.40 10.24 262.18   6.76  0.19 14.57 300.99  11.89  0.15 11.99 306.91  10.64
19810616 000000 10.0 176.1  1.86 15.45 216.39  28.16  6  1.48  6.08 208.16  28.18  0.81 13.08 221.66  10.51  0.62 15.60 222.68   8.25  0.39  9.91 263.72   7.71  0.20 14.44 300.68  10.54  0.15 12.03 309.63   8.90
19810616 030000  7.4 153.1  1.86 15.25 217.25  29.36  6  1.49  6.44 209.74  30.08  0.82 12.77 221.10  10.30  0.60 15.52 222.61   7.94  0.37  9.69 264.53   7.89  0.22 14.46 299.58  10.57  0.16 12.04 310.19   8.49
19810616 060000  7.8 141.1  1.78 14.66 218.56  30.80  6  1.41  6.81 211.10  32.46  0.71 12.55 220.86  10.69  0.70 14.95 222.47   7.95  0.34  9.79 265.17   9.17  0.24 14.43 300.48  11.16  0.16 12.01 309.56   8.51
19810616 090000  6.2 141.7  1.69 14.48 219.77  30.67  7  1.30  7.03 211.63  32.58  0.74 14.56 221.67   8.04  0.56 12.39 223.72   9.94  0.33 10.85 265.55   8.57  0.32  9.53 221.43   9.69  0.26 14.42 300.75  12.17  0.14 11.78 308.51   9.54
19810616 120000  4.4 171.3  1.59 14.37 221.88  28.70  5  1.23  7.19 214.58  29.33  0.92 14.35 223.11   8.72  0.32 10.64 267.43   9.70  0.25 14.41 301.26  12.46  0.14 11.78 309.63   8.98
19810616 150000  3.7 137.7  1.52 14.21 223.80  26.51  5  1.12  7.45 216.60  26.62  0.93 14.05 223.39   8.84  0.34 10.38 266.82   9.76  0.23 14.39 301.88  12.42  0.15 11.77 309.32   8.67
19810616 180000  4.1 210.8  1.49 13.75 225.59  23.94  7  1.04  7.62 219.14  23.11  0.74 13.41 223.72  10.23  0.48 17.92 224.41   7.75  0.43 15.40 223.72   6.70  0.33 10.11 268.29   7.51  0.22 14.29 302.60  11.48  0.14 11.70 309.45   9.24
19810616 210000  5.7 196.4  1.50 17.62 226.07  22.79  6  1.00  7.59 219.19  21.55  0.91 13.76 224.47   9.81  0.51 17.90 224.20   8.26  0.33  9.89 268.96   8.01  0.23 13.76 302.34  11.18  0.14 11.63 310.79   8.30
19810617 000000  2.8 198.3  1.54 17.33 226.41  22.63  5  0.98  7.66 219.15  21.84  0.84 14.34 225.87  11.19  0.73 17.33 223.47   7.54  0.33  9.77 269.67   8.45  0.27 13.52 304.15  11.18
19810617 030000  2.7 130.7  1.58 16.74 227.21  21.73  5  0.95  7.78 220.37  20.55  0.85 14.34 226.10  11.21  0.83 16.79 224.11   7.82  0.32  9.61 271.78   7.73  0.29 13.47 303.08  11.78
19810617 060000  2.5  74.4  1.64 16.56 227.42  20.85  4  1.26 16.56 225.68  10.44  0.96  7.90 220.92  18.88  0.30  9.46 274.13   9.23  0.29 13.48 303.66  11.47
19810617 090000  2.6  63.0  1.70 16.24 227.27  20.13  5  1.09 16.24 224.18   8.00  0.98  7.96 220.41  17.55  0.74 13.42 229.67  12.85  0.31 13.47 303.31  11.42  0.29  9.31 273.60   8.66
19810617 120000  1.2  47.3  1.74 15.73 227.01  19.52  4  1.38 15.73 225.75   9.51  0.96  7.96 219.95  17.06  0.31 13.45 303.05  11.74  0.28  9.18 273.63   8.91
19810617 150000  2.8   4.1  1.76 15.55 226.88  21.86  4  1.46 15.55 226.09   9.94  0.91  7.88 218.50  26.91  0.30 13.44 303.90  11.50  0.25  9.03 276.42  10.06
19810617 180000  3.5 296.2  1.77 15.27 227.36  20.53  4  1.51 15.27 226.01   9.58  0.85  7.77 220.62  26.28  0.30 13.40 304.31  11.57  0.24  8.97 275.52   8.91
19810617 210000  1.9 267.2  1.78 14.78 227.16  18.84  4  1.56 14.80 225.96   9.32  0.76  7.62 219.38  23.58  0.29 13.31 304.78  11.25  0.24  9.01 274.45   8.93
19810618 000000  3.8 252.5  1.79 14.58 227.26  17.96  3  1.61 14.59 226.76  11.27  0.73  7.53 220.92  22.61  0.28 12.92 304.81  11.46
19810618 030000  2.7 245.7  1.79 14.40 227.16  17.30  3  1.63 14.41 226.64  11.07  0.67  7.43 220.18  21.41  0.28 12.67 304.91  11.06
19810618 060000  2.8 207.4  1.78 14.14 227.07  16.92  3  1.65 14.16 226.47  10.97  0.61  7.33 219.26  20.03  0.28 12.60 304.63  11.06
19810618 090000  3.2 177.8  1.79 13.82 226.67  17.13  3  1.68 13.85 226.14  10.99  0.58  7.23 216.73  21.12  0.29 12.57 304.13  11.32
19810618 120000  2.3 178.3  1.80 13.63 226.37  16.90  3  1.70 13.67 225.59  11.09  0.52  7.14 216.81  19.95  0.29 12.56 303.96  11.45
19810618 150000  4.3 219.0  1.83 13.55 225.84  16.90  4  1.41 13.61 227.62  11.34  1.00 15.87 219.69   8.74  0.51  7.07 217.52  20.65  0.29 12.55 303.81  11.71
19810618 180000  7.6 202.9  1.88 15.29 224.72  17.90  3  0.65  6.93 215.07  25.29  1.75 15.29 224.39  11.23  0.29 12.54 303.79  11.82
19810618 210000  7.2 198.6  1.91 14.78 223.65  18.96  4  0.73  3.52 211.68  28.28  1.74 14.78 223.65  10.24  0.28 12.53 303.95  11.80  0.16  7.86 278.94   8.87
19810619 000000  4.6 217.0  1.87 14.49 223.77  18.94  5  0.60  3.73 213.34  33.23  1.71 14.49 223.51  10.32  0.33  6.79 211.50  11.74  0.27 12.49 304.33  11.53  0.15  7.80 279.28   9.16
19810619 030000  5.1 206.4  1.80 14.32 224.42  18.19  4  0.57  6.66 214.83  30.25  1.68 14.32 223.63  10.50  0.26 12.41 304.72  11.41  0.15  7.54 281.12   8.52
19810619 060000  5.8 172.4  1.76 13.91 224.46  18.61  3  1.74 13.92 222.94  14.77  0.25 12.11 305.04  11.34  0.14  7.46 280.81   8.52
19810619 090000  5.1 171.0  1.77 15.40 225.14  18.96  5  1.19 12.90 224.30  19.54  1.09 15.23 218.68   8.02  0.66 17.76 235.83   7.82  0.24 11.87 305.31  11.31  0.14  7.43 281.19   8.68
19810619 120000  6.1 182.7  1.81 15.85 226.43  18.61  3  1.79 15.85 225.19  15.65  0.24 11.78 305.30  11.39  0.12  7.49 282.53   8.40
19810619 150000  4.2 176.9  1.85 15.79 228.15  17.63  4  0.41  6.09 197.66  35.34  1.49 14.51 224.65  11.40  1.00 16.51 236.87   8.38  0.23 11.75 305.12  11.52
19810619 180000  6.5 203.2  1.93 15.39 229.11  16.98  2  1.91 15.39 228.28  14.78  0.23 11.73 304.72  11.71
19810619 210000  6.5 191.8  1.99 14.95 229.67  17.35  2  1.98 14.95 228.91  15.44  0.23 11.72 304.56  11.75
19810620 000000  2.9 177.1  2.01 14.50 230.44  17.28  2  2.00 14.50 229.71  15.49  0.23 11.71 304.45  11.82
19810620 030000  2.2 148.7  2.01 14.20 231.29  16.24  2  2.00 14.20 230.59  14.37  0.23 11.70 304.53  11.84
19810620 060000  2.7 212.9  2.00 13.74 231.46  15.60  2  1.99 13.74 230.77  13.67  0.22 11.68 304.80  11.85
19810620 090000  0.9 266.7  1.99 13.64 231.14  15.37  2  1.98 13.64 230.46  13.42  0.22 11.64 305.23  11.82
19810620 120000  5.8 354.4  1.97 13.58 231.11  19.55  2  1.96 13.59 230.45  18.16  0.21 11.56 305.80  11.78
19810620 150000  5.2 337.2  1.94 13.48 231.69  25.02  2  1.93 13.48 231.05  24.08  0.20 11.27 306.99  11.32
19810620 180000  7.9 349.3  1.93 13.35 235.72  32.75  3  0.70  4.31 322.80  31.73  1.78 13.35 227.45  13.01  0.19 11.10 307.49  10.95
19810620 210000  9.2 342.7  2.01 12.99 248.94  43.36  3  1.12  5.22 317.55  30.95  1.66 12.99 226.39  12.92  0.18 11.04 307.29  11.47
19810621 000000  2.8 297.6  2.13 12.84 256.91  43.43  3  1.59 12.85 225.38  12.72  1.41  6.31 305.61  31.14  0.18 11.00 307.62  12.02
19810621 030000  4.9 234.4  2.30 12.87 252.02  36.33  3  1.65  7.67 281.05  32.14  1.59 12.87 224.71  12.19  0.17 10.98 306.07  12.00
19810621 060000  5.7 225.3  2.94 12.97 247.16  28.02  1  2.94 12.97 247.16  28.02
19810621 090000  3.3 254.2  3.92 13.41 243.11  22.36  1  3.92 13.41 243.11  22.36
19810621 120000  3.9 319.5  4.24 13.46 239.80  21.20  1  4.24 13.46 239.80  21.20
19810621 150000  3.5 256.5  4.13 13.42 236.66  21.12  1  4.13 13.42 236.66  21.12
19810621 180000  5.4 216.3  3.95 13.26 234.26  20.87  1  3.95 13.26 234.26  20.87
19810621 210000  5.7 206.2  3.79 12.90 232.71  20.51  1  3.79 12.90 232.71  20.51
19810622 000000  6.0 188.1  3.68 12.70 230.86  20.21  2  3.61 12.70 231.27  20.48  0.75 20.85 221.79   8.74
19810622 030000  7.7 153.7  3.60 12.43 228.34  20.44  2  3.29 12.43 229.73  21.85  1.48 19.73 221.87   8.56
19810622 060000  8.1 170.5  3.60 18.93 225.83  19.74  2  2.81 12.04 229.74  23.50  2.24 18.93 220.09   8.82
19810622 090000  8.0 157.5  3.62 18.42 223.81  19.03  2  2.62 18.42 220.27   8.60  2.50 11.43 228.10  25.50
19810622 120000  5.6 164.8  3.59 17.75 223.03  17.43  2  2.92 17.75 220.53   9.01  2.08 11.05 228.45  26.51
19810622 150000  5.5 164.0  3.57 17.48 222.64  15.60  1  3.57 17.48 222.64  15.60
19810622 180000  5.5 188.7  3.53 17.34 222.57  14.18  1  3.53 17.34 222.57  14.18
19810622 210000  7.2 199.0  3.50 17.39 222.35  13.58  1  3.50 17.39 222.35  13.58
19810623 000000  5.8 180.1  3.46 17.34 222.09  13.64  1  3.46 17.34 222.09  13.64
19810623 030000  5.2 170.8  3.38 17.12 222.11  13.44  1  3.38 17.12 222.11  13.44
19810623 060000  4.6 164.7  3.29 16.74 222.31  13.10  1  3.29 16.74 222.31  13.10
19810623 090000  3.3 141.8  3.21 16.54 222.59  12.75  1  3.21 16.54 222.59  12.75
19810623 120000  3.5 165.4  3.14 16.42 222.81  12.42  1  3.14 16.42 222.81  12.42
19810623 150000  2.5 172.5  3.11 16.40 222.92  12.10  1  3.11 16.40 222.92  12.10
19810623 180000  4.8 199.7  3.12 16.34 222.99  11.88  1  3.12 16.34 222.99  11.88
19810623 210000  6.0 203.6  3.15 16.15 223.09  12.16  1  3.15 16.15 223.09  12.16
19810624 000000  5.5 197.6  3.14 15.78 223.40  12.61  2  3.13 15.79 223.25  11.86  0.16 13.58 317.04   7.79
19810624 030000  3.4 157.9  3.06 15.48 223.97  12.80  2  3.06 15.48 223.81  12.05  0.16 13.51 317.17   7.65
19810624 060000  3.2 157.6  2.95 15.31 224.64  12.65  2  2.95 15.31 224.47  11.84  0.16 13.43 317.45   7.28
19810624 090000  2.4 132.5  2.83 15.22 225.18  12.73  2  2.83 15.22 224.99  11.84  0.16 13.16 317.38   7.40
19810624 120000  1.4  46.9  2.72 15.17 225.63  12.91  2  2.71 15.18 225.42  11.94  0.16 12.89 317.43   7.43
19810624 150000  0.7 280.2  2.62 15.13 226.11  13.09  2  2.62 15.13 225.89  12.06  0.16 12.79 317.47   7.47
19810624 180000  5.7 248.1  2.59 15.02 226.96  13.74  2  2.58 15.02 226.72  12.76  0.16 12.77 317.50   7.41
19810624 210000  7.2 218.9  2.63 14.75 227.70  14.61  2  2.63 14.76 227.47  13.74  0.16 12.76 317.47   7.46
19810625 000000  3.2 198.9  2.63 14.62 228.56  14.99  2  2.62 14.62 228.33  14.15  0.16 12.70 317.54   7.39
19810625 030000  2.6 202.7  2.61 14.50 229.56  15.10  2  2.60 14.50 229.33  14.26  0.17 12.38 317.58   7.35
19810625 060000  7.4 192.6  2.63 14.34 229.72  15.67  2  2.63 14.35 229.48  14.88  0.16 12.13 317.65   7.26
19810625 090000  8.5 176.2  2.68 14.11 228.55  18.26  2  2.68 14.12 228.33  17.63  0.16 12.08 317.72   7.22
19810625 120000  6.8 181.7  2.71 14.18 228.13  19.55  3  2.69 14.15 227.57  18.81  0.28 15.57 260.59   5.30  0.16 12.08 317.73   7.31
19810625 150000  5.9 194.3  2.78 14.33 229.20  18.99  3  2.76 14.26 228.59  18.26  0.32 15.53 259.94   5.35  0.15 12.10 317.77   7.29
19810625 180000  7.7 208.1  2.86 14.29 229.87  19.17  3  2.82 14.09 228.88  18.35  0.47 14.82 259.00   5.10  0.15 12.07 317.84   7.30
19810625 210000  8.0 215.7  2.93 14.20 229.76  19.93  3  2.87 14.13 228.43  19.04  0.58 14.31 258.84   5.01  0.14 11.96 317.77   7.33
19810626 000000  3.2 199.4  2.96 13.97 229.86  20.06  3  2.88 13.83 228.25  19.12  0.65 14.08 258.33   4.87  0.14 11.83 317.79   7.35
19810626 030000  4.9 226.0  2.99 13.61 229.84  19.78  3  2.86 14.04 227.31  18.59  0.87 13.53 255.21   6.98  0.13 11.74 317.93   7.23
19810626 060000  6.2 192.8  3.02 13.40 229.25  19.62  3  2.98 13.53 228.71  19.43  0.48 12.66 245.00   0.02  0.13 11.70 317.94   7.23
19810626 090000  4.7 190.0  3.02 13.18 228.34  19.49  2  3.02 13.18 228.25  19.23  0.12 11.66 318.04   7.10
19810626 120000  3.1 195.3  3.01 12.75 227.00  19.20  2  3.00 12.76 226.91  18.95  0.12 11.62 318.07   7.09
19810626 150000  4.2 204.3  2.98 12.57 225.17  18.86  2  2.98 12.58 225.09  18.62  0.11 11.54 318.10   7.08
19810626 180000  8.3 209.0  3.02 12.64 222.73  18.66  2  3.01 12.65 222.66  18.44  0.10 11.32 318.32   6.79
19810626 210000  9.1 205.0  3.12 13.95 219.89  18.73  1  3.12 13.95 219.89  18.73
19810627 000000  4.2 202.7  3.11 13.93 218.38  18.13  1  3.11 13.93 218.38  18.13
19810627 030000  5.7 203.7  3.06 14.23 217.77  17.07  1  3.06 14.23 217.77  17.07
19810627 060000  7.8 187.5  3.06 14.95 217.28  16.76  1  3.06 14.95 217.28  16.76
19810627 090000  6.5 181.2  3.05 15.19 217.20  17.06  1  3.05 15.19 217.20  17.06
19810627 120000  5.8 188.6  2.97 15.09 217.56  16.90  1  2.97 15.09 217.56  16.90
19810627 150000  5.9 198.8  2.84 14.96 217.69  16.83  1  2.84 14.96 217.69  16.83
19810627 180000 10.7 197.7  2.78 14.64 216.91  17.65  1  2.78 14.64 216.91  17.65
19810627 210000 10.1 193.5  2.76 14.38 215.88  19.16  1  2.76 14.38 215.88  19.16
19810628 000000  8.3 183.5  2.64 14.26 215.80  19.45  1  2.64 14.26 215.80  19.45
19810628 030000  7.2 178.0  2.54 14.19 215.56  19.00  1  2.54 14.19 215.56  19.00
19810628 060000  8.8 176.3  2.51 14.07 214.47  18.69  1  2.51 14.07 214.47  18.69
19810628 090000  7.4 170.1  2.53 13.73 213.92  17.90  1  2.53 13.73 213.92  17.90
19810628 120000  6.5 178.4  2.58 13.60 214.33  16.78  1  2.58 13.60 214.33  16.78
19810628 150000  4.6 150.2  2.66 13.64 215.49  15.32  2  2.35 13.64 214.68  16.64  1.25 16.87 218.28   8.62
19810628 180000  9.1 212.0  2.78 16.26 216.84  14.08  2  2.24 13.37 215.72  15.86  1.65 16.26 218.86   9.68
19810628 210000  9.1 196.4  2.94 15.98 217.41  15.16  1  2.94 15.98 217.41  15.16
19810629 000000  4.7 202.9  2.98 15.58 218.42  15.61  1  2.98 15.58 218.42  15.61
19810629 030000  6.3 176.8  2.97 15.38 219.85  14.92  2  1.21  6.49 215.93  27.80  2.71 15.38 220.55  10.49
19810629 060000  8.0 170.9  2.96 15.25 220.56  15.18  1  2.96 15.25 220.56  15.18
19810629 090000  8.6 167.3  3.00 15.23 220.21  16.76  1  3.00 15.23 220.21  16.76
19810629 120000  6.7 190.6  3.04 15.24 220.46  16.79  1  3.04 15.24 220.46  16.79
19810629 150000  6.8 172.7  3.12 15.23 220.61  16.16  2  1.25  6.77 210.65  28.76  2.86 15.23 222.30  11.56
19810629 180000  7.0 198.2  3.21 15.21 220.56  15.34  1  3.21 15.21 220.56  15.34
19810629 210000  9.1 202.1  3.35 15.22 220.04  15.12  1  3.35 15.22 220.04  15.12
19810630 000000  5.7 193.5  3.48 15.24 219.33  15.80  2  3.47 15.24 219.23  15.40  0.15 13.45 316.51   7.73
19810630 030000  6.6 175.9  3.49 15.24 219.29  15.47  2  3.49 15.24 219.18  15.03  0.15 13.48 316.40   7.80
19810630 060000 10.4 185.2  3.52 15.27 218.49  16.17  1  3.52 15.27 218.49  16.17
19810630 090000  6.6 176.9  3.49 15.31 218.67  16.11  1  3.49 15.31 218.67  16.11
19810630 120000  6.8 186.3  3.43 15.33 219.02  15.89  1  3.43 15.33 219.02  15.89
19810630 150000  6.1 170.8  3.36 15.31 219.21  16.00  1  3.36 15.31 219.21  16.00
19810630 180000  8.0 200.3  3.31 15.20 219.55  15.65  1  3.31 15.20 219.55  15.65
19810630 210000  9.6 193.9  3.38 14.97 218.93  16.55  1  3.38 14.97 218.93  16.55
19810701 000000  8.9 181.1  3.42 14.83 218.42  17.53  2  1.20  5.20 205.57  30.88  3.21 14.83 220.00  13.92
