Date     Time   Uabs UDir  hs    tp    th     sp     np hs(i) tp(i) th(i)  sp(i)
19931001 000000  3.4 231.8  1.97 13.14 217.34  17.51  1  1.97 13.14 217.34  17.51
19931001 030000  2.4 209.9  1.87 12.93 216.74  16.61  1  1.87 12.93 216.74  16.61
19931001 060000  2.0 192.6  1.78 12.79 216.38  15.78  2  1.78 12.79 216.18  15.30  0.11 11.09 281.87  22.16
19931001 090000  3.4 240.1  1.71 12.70 216.21  15.23  3  1.70 12.70 215.97  14.61  0.08 10.45 268.01   9.73  0.08 14.51 302.76  12.86
19931001 120000  1.6 166.3  1.64 12.61 216.01  14.89  3  1.64 12.61 215.71  14.03  0.09 14.49 301.01  12.71  0.08 10.13 269.01  10.04
19931001 150000  3.5 216.0  1.59 12.52 215.88  14.83  3  1.58 12.52 215.53  13.76  0.10 14.49 300.76  12.86  0.08  9.81 271.11  10.33
19931001 180000  7.7 221.6  1.61 12.41 216.56  16.33  4  0.51  3.03 228.48  30.04  1.53 12.41 215.03  12.12  0.11 14.49 301.62  13.38  0.07  9.64 272.10  11.51
19931001 210000  9.1 218.4  1.72 12.28 217.26  18.69  4  0.88  4.07 224.68  28.41  1.47 12.27 214.50  11.18  0.11 14.49 303.42  13.91  0.07  9.54 273.83  12.85
19931002 000000  6.1 221.8  1.72 12.12 216.87  19.63  4  0.92  4.63 222.64  30.19  1.45 12.11 214.55  11.26  0.08 14.49 300.62  13.61  0.06 12.64 312.98  11.26
19931002 030000  6.9 199.4  1.67 12.02 215.87  19.34  3  1.66 12.01 215.68  18.80  0.07 14.49 301.34  14.52  0.07 12.60 312.97  11.17
19931002 060000  5.5 191.2  1.62 11.95 215.23  18.84  2  1.62 11.95 215.07  18.34  0.07 12.59 311.34  11.36
19931002 090000  3.0 209.3  1.59 11.90 215.32  17.79  3  1.59 11.90 215.12  17.18  0.07 12.16 314.71   9.48  0.06 13.66 297.71  12.39
19931002 120000  1.7 230.5  1.57 11.88 215.59  16.77  3  1.57 11.88 215.33  15.92  0.08 13.56 299.09  12.52  0.06 11.75 314.30   9.89
19931002 150000  4.0 253.8  1.55 11.90 215.85  16.14  3  1.54 11.90 215.50  14.97  0.10 13.57 296.16  13.26  0.07 11.81 314.85   9.32
19931002 180000  7.9 241.6  1.61 11.94 218.24  18.66  3  1.61 11.95 217.82  17.61  0.12 13.58 291.60  16.49  0.07 11.81 315.49   9.28
19931002 210000  6.5 221.6  1.60 12.01 218.02  19.23  4  1.60 12.03 217.55  18.12  0.09 13.54 304.47   8.28  0.09 13.58 272.92   7.66  0.07 11.80 315.28  10.32
19931003 000000  3.9 217.9  1.54 12.15 217.01  18.57  4  1.54 12.12 216.44  17.24  0.12 13.43 269.25   9.40  0.09 13.54 305.21   8.60  0.07 11.81 317.21   7.86
19931003 030000  2.9 228.0  1.48 12.31 216.62  17.88  4  1.47 12.16 215.97  16.39  0.13 12.85 267.88   9.18  0.08 13.54 306.24   8.98  0.07 11.76 316.59   8.53
19931003 060000  2.7 235.9  1.44 12.22 216.64  17.57  3  1.43 12.09 215.89  15.96  0.16 12.79 271.53  16.86  0.07 11.66 316.37   8.57
19931003 090000  1.4 169.6  1.41 11.99 216.68  16.99  4  1.40 11.96 215.84  15.22  0.16 12.22 265.69   8.93  0.07 11.38 316.17   8.89  0.05 13.47 309.15   9.42
19931003 120000  2.0 231.2  1.41 11.87 216.81  16.58  3  1.39 11.88 215.88  14.60  0.17 11.86 266.50   8.72  0.09 11.20 313.72   9.61
19931003 150000  4.7 254.9  1.40 11.81 217.13  16.86  5  1.19 11.62 216.42  16.05  0.70 13.96 214.81   9.58  0.19 11.75 266.92   9.97  0.11 19.90 225.33   6.92  0.09 11.14 314.63   8.32
19931003 180000  6.0 218.6  1.43 13.60 217.66  18.04  6  1.24 11.79 217.27  16.97  0.67 13.90 213.61  10.92  0.20 11.45 267.15   8.62  0.11 19.64 226.10   6.39  0.07 11.09 316.59   8.42  0.07 12.66 305.35   8.53
19931003 210000  6.4 226.3  1.44 13.42 217.65  18.56  4  1.42 13.48 216.41  16.45  0.21 11.07 273.75  14.44  0.13 19.07 224.26   7.13  0.07 11.06 316.82   8.27
19931004 000000  3.0 219.5  1.44 13.20 217.54  19.11  5  1.42 13.29 216.24  17.01  0.19 10.95 268.04   7.26  0.15 18.38 224.18   7.56  0.09 12.65 301.16  11.83  0.06 11.01 317.25   6.91
19931004 030000  3.2 217.3  1.41 12.95 217.37  18.95  5  1.38 13.04 215.98  16.67  0.19 10.75 267.60   7.42  0.15 18.27 224.50   7.61  0.10 12.66 297.69  13.01  0.07 11.01 317.94   6.91
19931004 060000  4.6 187.5  1.37 12.78 217.06  18.63  6  1.01  9.35 217.38  19.32  0.90 12.80 213.59  10.95  0.19 10.44 267.94   7.22  0.14 18.21 224.60   7.50  0.09 12.66 297.47  13.46  0.07 10.95 317.93   6.89
19931004 090000  4.3 174.8  1.34 12.64 216.56  18.59  5  0.99  8.63 216.00  19.24  0.87 12.64 214.43  11.32  0.19 10.25 267.55   8.19  0.08 12.66 297.58  14.12  0.06 10.86 317.87   6.90
19931004 120000  4.9 179.5  1.29 12.50 216.45  18.52  6  0.96  8.55 215.25  19.11  0.82 12.50 214.86  11.51  0.18 10.18 268.29   6.98  0.15 17.78 224.68   6.78  0.06 10.66 317.30   7.61  0.06 12.65 298.01  14.77
19931004 150000  6.2 211.2  1.25 12.32 216.65  18.41  4  1.22 12.32 215.35  16.37  0.17 10.02 268.37   7.09  0.15 17.18 223.54   7.05  0.08 12.53 309.98  14.45
19931004 180000  9.1 204.5  1.36 11.97 216.96  21.06  4  1.35 11.97 215.97  19.86  0.17  9.75 268.18   7.32  0.13 17.54 224.95   6.55  0.07 10.50 312.28  11.73
19931004 210000 11.1 207.0  1.64 11.84 215.75  23.39  3  1.63 11.84 215.17  22.66  0.16  9.63 268.22   7.50  0.07 11.79 309.94  13.38
19931005 000000  8.8 187.3  1.83  6.02 213.36  25.42  5  1.69  6.02 211.62  26.12  0.65 11.78 220.23  12.92  0.19 15.73 224.12   7.51  0.14  9.57 269.19   6.92  0.08 11.80 307.09  14.19
19931005 030000  7.0 176.7  1.75  6.60 214.07  26.01  5  1.62  6.60 212.23  26.69  0.56 11.75 219.72  13.27  0.31 13.94 228.37   9.92  0.13  9.51 269.27   7.30  0.08 11.81 304.41  14.82
19931005 060000  7.5 174.5  1.61  6.76 214.87  25.83  4  1.47  6.76 212.65  26.48  0.62 11.75 223.08  13.21  0.13  9.10 268.67   7.65  0.09 11.82 302.62  15.02
19931005 090000  6.8 163.5  1.51  6.74 214.83  26.16  5  1.37  6.74 212.22  26.97  0.53 11.63 223.12  13.45  0.31 14.08 227.13  10.18  0.11  9.10 271.93   6.17  0.09 11.82 301.23  15.36
19931005 120000  6.2 166.5  1.45  6.95 217.58  25.17  4  1.31  6.95 215.60  26.40  0.51 12.08 229.79  11.49  0.34 10.90 214.06   8.19  0.09 11.82 300.59  15.66
19931005 150000  7.3 212.1  1.49  7.45 220.40  22.55  3  1.37  7.45 219.23  23.28  0.56 11.58 225.84  13.30  0.08 11.81 300.50  16.08
19931005 180000  9.6 214.1  1.76  7.73 220.60  21.92  3  1.68  7.73 219.69  22.25  0.51 11.53 229.00  12.13  0.06 11.82 292.71  14.29
19931005 210000  8.7 207.3  1.96  7.70 220.70  22.73  2  1.89  7.70 219.92  23.02  0.50 11.33 231.02  14.80
19931006 000000  6.2 196.6  2.02  7.89 221.30  23.13  3  1.97  7.89 220.73  23.48  0.46 13.55 230.46  12.00  0.08 20.53 245.88   9.59
19931006 030000  5.4 198.8  2.01  8.12 222.02  22.86  3  1.97  8.12 221.52  23.00  0.38 13.65 232.81  14.87  0.12 20.01 245.84   9.07
19931006 060000  5.7 187.5  1.97  8.28 222.42  22.37  3  1.92  8.28 221.69  22.51  0.42 13.46 233.50  15.42  0.18 19.16 242.02  12.33
19931006 090000  2.9 180.9  1.96  8.41 223.11  21.75  3  1.86  8.41 221.50  21.90  0.56 12.85 236.63  13.74  0.25 18.53 241.81  12.16
19931006 120000  1.4  43.3  1.95  8.50 224.51  21.31  2  1.93  8.50 224.00  21.32  0.33 17.97 241.81  11.45
19931006 150000  4.5 275.2  1.92  8.56 226.95  21.04  5  1.67  8.55 222.80  21.59  0.67 12.97 236.15  13.71  0.47 11.27 243.17   7.62  0.45 17.25 242.75  10.97  0.05 11.04 303.74  13.36
19931006 180000  3.2 284.7  1.90 16.64 229.86  20.55  4  1.51  8.68 223.69  22.03  1.00 12.54 239.07  12.23  0.55 16.75 242.86  10.50  0.05 11.04 303.31  13.27
19931006 210000  2.7 347.8  1.88 16.14 232.53  19.79  3  1.29  8.30 224.25  23.31  1.18 12.27 238.24  12.79  0.71 16.14 242.76  10.68
19931007 000000  6.5 311.4  1.89 15.56 235.63  20.59  2  1.66 11.92 233.34  22.33  0.90 15.56 242.90  10.14
19931007 030000  4.6 330.8  1.91 15.21 237.34  20.37  2  1.63 11.77 235.31  22.70  0.98 15.21 242.59   9.97
19931007 060000  1.6 353.5  1.94 14.64 237.90  19.40  3  1.21  8.37 228.21  24.96  1.09 14.68 241.54  10.28  1.05 11.58 245.93  12.11
19931007 090000  1.7  84.5  1.95 14.37 237.80  18.73  4  1.21 14.37 242.38  10.84  1.20  8.29 226.49  23.32  0.91 11.18 248.90   8.86  0.26 17.89 223.30   8.02
19931007 120000  1.9  94.9  1.94 14.13 237.37  18.57  3  1.48 14.13 245.28  10.53  1.22  8.39 225.86  21.94  0.29 17.52 223.29   7.20
19931007 150000  3.8 245.0  1.95 13.68 236.38  18.79  3  1.46 13.68 245.71  10.32  1.26  8.45 223.91  20.78  0.30 17.01 224.67   7.91
19931007 180000  8.1 212.4  2.02 13.42 234.64  20.19  4  1.41  8.62 222.69  21.42  1.42 13.42 246.20  10.37  0.30 16.81 224.29   8.30  0.05 23.91 221.03   7.10
19931007 210000  8.9 202.0  2.15 13.30 230.81  23.10  4  1.60  8.63 218.51  23.73  1.39 13.30 246.14  10.58  0.34 16.60 226.30   9.29  0.08 23.44 221.71   7.14
19931008 000000  5.7 187.7  2.10 13.23 230.47  24.17  3  1.55  8.36 218.04  25.89  1.42 13.23 244.19  11.64  0.12 23.01 220.78   6.99
19931008 030000  5.1 196.9  2.01 13.13 232.00  23.46  3  1.44 13.13 244.00  11.82  1.39  7.83 218.09  25.92  0.16 22.28 221.99   7.28
19931008 060000  5.6 173.1  1.93 12.82 233.54  22.60  3  1.45 12.82 243.72  12.14  1.26  7.75 219.16  26.14  0.22 21.90 221.31   7.27
19931008 090000  4.7 177.5  1.89 12.72 235.07  21.48  4  1.48 12.72 243.78  11.99  1.14  7.52 219.62  25.84  0.27 21.51 221.98   7.29  0.05 21.79 293.36  11.51
19931008 120000  2.1 140.9  1.89 12.68 236.25  20.22  4  1.51 12.68 244.63  12.21  1.09  7.46 220.39  23.45  0.34 20.97 222.09   7.36  0.06 21.76 294.90  11.74
19931008 150000  5.2 226.5  1.91 12.65 236.81  19.57  5  1.45 12.57 246.97  11.54  1.10  7.57 221.40  21.40  0.44 20.52 222.77   7.85  0.36 14.36 226.65   7.32  0.07 21.73 296.33  12.19
19931008 180000  8.8 213.4  2.00 12.58 235.30  21.14  5  1.24  7.65 220.13  22.36  1.43 12.54 248.31  11.25  0.51 20.16 223.52   8.37  0.39 14.62 223.28   6.92  0.07 21.69 297.65  11.71
19931008 210000  8.1 205.3  2.05 12.44 233.79  22.99  5  1.30  7.56 217.96  24.54  1.40 12.38 248.94  11.75  0.61 19.59 223.97   8.08  0.39 14.37 223.91   8.08  0.07 21.46 297.72  12.56
19931009 000000  6.8 184.2  2.05 12.17 232.91  24.19  5  1.31  6.76 216.41  25.92  1.32 11.97 251.10  11.01  0.72 19.03 224.21   7.98  0.48 13.97 225.58   8.62  0.08 20.53 295.34  11.92
19931009 030000  8.0 190.9  2.05 18.61 232.44  24.54  5  1.27  6.49 215.85  27.24  1.29 11.92 250.95  12.03  0.86 18.62 224.98   8.09  0.43 13.75 224.45   9.24  0.10 20.38 296.39  11.53
19931009 060000  9.4 188.9  2.14 17.89 230.22  25.33  5  1.33  6.39 212.63  27.57  1.24 11.84 252.22  11.86  1.01 17.90 225.69   8.30  0.49 13.71 224.07  10.38  0.12 20.35 298.26  11.16
19931009 090000  8.3 177.2  2.27 17.46 228.58  25.58  5  1.44  6.42 213.39  29.42  1.23 17.48 225.78   8.34  1.18 11.75 252.50  12.51  0.43 13.48 222.07   9.61  0.12 20.33 299.17  11.54
19931009 120000  9.6 181.5  2.40 16.76 228.52  24.05  4  1.44  6.86 215.99  29.93  1.59 16.77 226.06   9.01  1.07 11.50 254.47  12.45  0.11 20.31 300.77  10.91
19931009 150000  9.2 207.7  2.61 16.32 228.42  21.62  4  1.50  7.07 218.77  27.92  1.87 16.33 226.02   8.97  1.03 11.29 254.97  12.79  0.10 20.19 301.18  10.33
19931009 180000 10.3 214.8  2.91 15.75 228.09  20.26  4  1.73  6.82 221.74  26.24  2.13 15.78 226.14   9.10  0.96 11.10 257.01  11.21  0.13 19.24 297.97  12.04
19931009 210000  9.8 208.8  3.12 15.38 227.84  20.13  4  1.91  7.05 223.39  26.31  2.31 15.42 226.22   9.28  0.86 11.05 259.17   9.66  0.16 19.05 298.56  11.46
19931010 000000  7.9 185.9  3.21 15.21 227.01  20.46  4  1.99  7.37 223.82  27.72  2.42 15.23 226.14   9.47  0.67 11.15 261.29   8.74  0.18 19.02 299.61  11.27
19931010 030000  9.7 195.0  3.22 15.08 225.90  20.42  4  1.99  7.57 221.87  28.04  2.48 15.08 226.77  10.55  0.45 11.11 265.07   7.17  0.18 19.01 301.73  10.08
19931010 060000 10.8 188.5  3.21 14.77 224.34  21.01  3  1.99  7.70 217.78  28.53  2.52 14.77 227.80  12.41  0.16 19.00 302.81   9.99
19931010 090000  9.2 183.4  3.15 14.55 224.03  21.09  3  1.98  8.01 218.32  28.71  2.44 14.55 227.22  12.20  0.14 18.94 303.46  10.10
19931010 120000  8.6 183.0  3.07 14.42 224.43  20.44  3  1.95  8.58 219.43  27.24  2.36 14.42 227.28  12.47  0.15 18.29 301.14  12.01
19931010 150000  9.2 204.7  3.02 14.32 224.67  19.63  3  1.99  9.10 221.01  25.09  2.27 14.32 226.91  12.27  0.19 17.83 300.69  11.57
19931010 180000  9.9 213.8  3.08 14.23 224.45  19.49  3  2.17  9.23 221.26  23.52  2.18 14.23 226.81  11.97  0.23 17.78 300.91  11.16
19931010 210000 10.3 204.7  3.11 14.23 223.83  20.23  3  2.22  8.77 220.42  24.48  2.16 14.23 226.48  11.63  0.24 17.76 301.44  11.00
19931011 000000  8.2 196.1  3.07 14.28 223.16  20.84  3  2.23  8.29 219.75  25.41  2.10 14.28 226.09  11.04  0.22 17.76 302.43  10.76
19931011 030000  9.3 195.1  2.96 14.19 223.20  20.60  3  2.12  8.16 219.58  25.59  2.05 14.19 226.26  10.68  0.19 17.74 303.92  10.54
19931011 060000 11.2 191.5  2.93 13.91 222.36  21.03  4  2.07  8.04 217.16  26.40  2.01 13.91 226.28  10.31  0.47 19.14 235.40   8.37  0.17 17.61 305.22  10.16
19931011 090000  9.6 188.6  2.92 13.73 222.67  21.47  4  2.03  7.94 216.78  27.07  2.00 13.73 226.58  10.64  0.60 18.80 234.58   7.97  0.19 16.77 303.54  11.70
19931011 120000  8.0 190.3  2.87 13.66 224.68  20.52  4  1.92  8.07 219.56  26.39  1.95 13.66 226.89  10.49  0.81 18.03 233.25   8.45  0.24 16.64 300.56  13.68
19931011 150000  9.5 209.4  2.85 13.64 225.78  19.65  4  1.87  8.26 220.96  25.10  1.95 13.64 227.46  10.49  0.88 17.79 232.61   8.92  0.26 16.61 301.70  11.21
19931011 180000  8.8 209.7  2.91 13.64 225.89  19.45  4  1.94  8.19 221.45  24.55  1.84 13.64 227.39  10.20  1.10 17.23 231.19   9.81  0.26 16.60 301.69  10.87
19931011 210000 10.0 206.9  2.94 16.55 225.56  19.38  4  1.92  8.02 220.33  24.58  1.91 13.67 228.71  10.80  1.11 16.95 228.06  10.95  0.24 16.60 302.44  10.86
19931012 000000  9.5 199.4  2.99 16.35 224.29  19.70  4  1.99  7.83 218.91  25.24  1.64 13.28 228.56  11.02  1.51 16.29 226.75  10.01  0.21 16.58 304.81   9.85
19931012 030000  8.7 193.5  3.06 16.15 223.10  19.82  3  2.02  7.78 217.58  25.79  2.29 16.13 226.65  10.56  0.19 16.44 305.33  11.15
19931012 060000  7.7 180.7  3.09 15.67 222.68  19.51  3  2.01  7.87 218.14  26.03  2.33 15.67 225.35  10.05  0.20 15.68 304.91  11.82
19931012 090000  5.9 175.8  3.06 15.44 223.11  18.50  3  2.39 15.41 224.54   9.66  1.90  7.96 219.69  25.46  0.23 15.55 303.05  11.93
19931012 120000  7.1 186.2  3.05 15.33 223.40  17.26  3  2.49 15.26 224.12   9.75  1.73  8.03 220.37  24.37  0.26 15.53 301.68  11.68
19931012 150000  9.0 207.1  3.12 15.37 222.93  16.43  3  1.59  8.06 217.81  24.03  2.67 15.29 224.03  10.00  0.27 15.52 300.43  12.34
19931012 180000 10.5 210.6  3.41 15.57 221.96  16.83  3  1.93  7.67 217.90  23.87  2.79 15.59 223.28   9.66  0.26 15.52 301.36  11.14
19931012 210000 11.1 206.2  3.69 15.81 221.40  17.79  3  2.17  7.25 217.38  25.80  2.98 15.94 223.00   9.50  0.23 15.51 302.48  11.13
19931013 000000  6.8 197.9  3.74 16.60 221.73  17.45  3  2.07  7.36 217.88  26.77  3.11 16.67 223.05   9.58  0.20 15.48 304.55  10.29
19931013 030000  7.0 195.8  3.67 16.68 222.31  16.05  3  1.70  7.25 217.54  27.51  3.24 16.69 223.30   9.73  0.19 15.11 305.16  10.59
19931013 060000  7.5 189.6  3.60 16.63 222.68  15.00  2  3.60 16.64 222.50  14.44  0.20 14.61 304.49  10.86
19931013 090000  6.6 182.3  3.59 16.64 222.90  14.48  2  3.58 16.66 222.67  13.74  0.23 14.55 302.42  11.52
19931013 120000  6.4 184.7  3.61 16.85 222.94  13.93  3  1.10  6.47 215.37  27.63  3.42 16.87 223.36  10.20  0.25 14.54 301.27  11.51
19931013 150000  6.4 204.7  3.61 16.82 222.91  13.45  2  3.60 16.83 222.64  12.52  0.25 14.54 300.72  11.46
19931013 180000  8.3 217.4  3.59 16.56 223.00  13.31  2  3.58 16.57 222.74  12.42  0.24 14.55 300.59  11.54
19931013 210000  7.9 204.0  3.53 16.31 223.02  13.70  2  3.52 16.32 222.79  12.93  0.23 14.56 300.58  11.98
19931014 000000  6.2 189.5  3.40 15.99 223.01  14.00  2  3.39 16.00 222.80  13.32  0.21 14.57 301.16  12.23
19931014 030000  5.3 182.0  3.22 15.86 223.33  13.84  2  3.21 15.87 223.13  13.15  0.19 14.49 303.09  11.12
19931014 060000  6.6 177.2  3.03 15.79 223.46  13.98  2  3.03 15.80 223.22  13.17  0.20 14.05 303.20  11.06
19931014 090000  5.4 162.3  2.84 15.63 223.61  14.36  2  2.83 15.65 223.28  13.29  0.22 13.82 301.63  12.03
19931014 120000  4.3 124.7  2.63 15.35 223.98  14.44  2  2.62 15.38 223.54  13.07  0.23 13.75 300.67  12.05
19931014 150000  1.3 251.0  2.44 15.22 224.39  14.00  2  2.43 15.24 223.86  12.28  0.24 13.73 299.19  12.56
19931014 180000  6.4 232.0  2.30 15.18 224.98  14.16  2  2.28 15.19 224.40  12.32  0.24 13.71 298.54  12.39
19931014 210000  7.6 213.0  2.20 15.13 224.47  15.34  3  0.73  3.82 220.00  28.13  2.07 15.14 224.29  10.38  0.23 13.69 297.81  13.19
19931015 000000  3.6 158.5  2.05 15.03 224.21  16.25  3  1.92 15.04 224.24  10.35  0.69  4.23 217.26  30.85  0.23 13.67 298.61  13.60
19931015 030000  1.4 102.1  1.90 14.59 224.52  15.84  3  1.80 14.63 224.25  10.34  0.55  4.28 217.34  31.01  0.22 13.62 300.06  13.65
19931015 060000  3.2 161.5  1.78 14.35 224.83  15.40  2  1.76 14.38 223.93  12.57  0.22 13.57 301.52  12.88
19931015 090000  3.0 177.3  1.69 14.18 225.30  15.10  2  1.67 14.21 224.31  11.84  0.22 13.51 301.68  12.44
19931015 120000  3.5 169.0  1.63 13.99 226.11  14.97  2  1.61 14.06 225.03  11.46  0.22 13.43 301.35  12.53
19931015 150000  3.9 227.3  1.60 13.66 227.58  15.15  4  1.58 13.69 226.42  11.47  0.21 13.30 299.45  12.30  0.07 19.08 305.91   8.89  0.06 15.53 319.06   5.76
19931015 180000  7.2 208.2  1.65 13.44 229.02  16.20  4  1.63 13.46 227.85  12.94  0.21 13.03 298.23  12.70  0.09 19.03 305.71   9.17  0.08 15.51 316.51   7.29
19931015 210000  4.3 209.1  1.72 13.18 231.18  16.33  4  1.70 13.20 230.08  13.46  0.21 12.88 297.51  13.01  0.09 19.01 305.74   9.67  0.09 15.51 316.65   7.31
19931016 000000  3.1  63.5  1.81 12.69 233.52  15.93  4  1.79 12.67 232.55  13.50  0.21 12.80 297.40  13.40  0.09 19.01 305.94  10.10  0.08 15.51 316.42   7.38
19931016 030000  0.6  45.5  1.87 12.32 235.57  15.96  4  1.86 12.16 234.69  13.90  0.22 12.75 297.44  13.51  0.09 18.91 306.48   9.88  0.06 15.52 316.62   7.29
19931016 060000  0.7 240.7  1.94 12.00 237.61  16.42  4  1.91 11.85 236.75  14.53  0.23 12.72 299.46  14.18  0.20 19.19 234.40   8.32  0.11 18.00 306.75   9.00
19931016 090000  1.2 277.6  2.09 11.89 239.90  16.72  5  2.05 11.78 239.18  15.04  0.37 18.94 235.96  10.60  0.20 12.68 301.48  11.33  0.15 17.81 306.72   8.81  0.09 14.51 316.30   8.07
19931016 120000  2.8 202.9  2.38 11.94 242.17  16.39  6  2.16 11.87 240.29  15.17  0.69 15.73 255.04   7.15  0.68 17.97 239.38  10.99  0.18 12.66 301.69  11.37  0.17 17.78 305.16  10.85  0.11 14.50 316.45   7.40
19931016 150000  4.7 203.3  2.78 12.19 243.38  16.10  4  2.26 12.13 241.59  16.26  1.59 16.61 245.70  12.37  0.19 14.44 308.92  11.14  0.16 17.77 307.32   8.61
19931016 180000  5.1 220.2  3.16 16.31 243.60  15.63  4  2.29 12.32 243.15  17.33  2.17 16.30 243.70  12.43  0.14 17.76 307.21   8.92  0.12 14.49 314.74   8.66
19931016 210000  4.0 216.0  3.42 15.62 243.13  15.46  2  3.41 15.62 243.09  15.35  0.09 14.51 315.87   7.06
19931017 000000  3.1 226.8  3.49 15.26 242.31  15.69  2  3.49 15.26 242.17  15.36  0.18 16.85 310.46   7.94
19931017 030000  1.3 126.1  3.45 14.68 241.32  16.20  3  3.44 14.68 241.00  15.51  0.21 16.62 308.80   7.84  0.15 11.94 307.99   9.94
19931017 060000  1.9 168.4  3.37 14.34 240.06  16.75  4  3.35 14.35 239.64  15.83  0.24 16.61 306.67   9.44  0.13 11.90 305.11   8.87  0.11 13.56 316.70   7.20
19931017 090000  2.8 163.0  3.24 14.04 238.83  17.18  3  3.23 14.06 238.46  16.37  0.23 16.60 306.45   9.59  0.13 13.55 316.65   7.24
19931017 120000  3.6 178.0  3.07 13.64 237.59  17.89  3  3.06 13.64 237.23  17.13  0.21 16.59 305.39  10.30  0.13 13.55 315.65   8.33
19931017 150000  6.9 206.2  2.90 13.41 236.53  18.27  3  2.89 13.41 236.19  17.56  0.19 16.51 305.85  10.01  0.12 13.54 315.23   8.17
19931017 180000 10.4 221.3  2.83 13.20 235.27  19.60  3  2.82 13.19 234.90  18.87  0.21 15.87 306.66   9.66  0.10 13.52 315.96   7.07
19931017 210000 10.6 209.2  2.78 12.85 233.19  21.97  3  1.32  5.11 221.19  29.08  2.43 12.85 235.82  16.91  0.24 15.58 308.55   8.93
19931018 000000  5.8 182.6  2.56 12.59 232.30  23.29  3  2.54 12.59 231.59  22.11  0.26 15.53 307.59   8.90  0.10 12.66 313.78   8.18
19931018 030000  8.1 188.7  2.35 12.43 231.96  23.55  3  2.33 12.42 231.05  22.03  0.27 15.52 307.18   9.15  0.12 12.62 312.99   9.38
19931018 060000  9.7 185.3  2.30 12.33 229.33  25.09  5  0.93  4.26 196.86  30.77  2.08 12.31 233.68  16.95  0.25 15.50 306.56   9.50  0.13 12.63 313.77   8.94  0.06 23.28 286.37  12.65
19931018 090000  8.1 183.3  2.26 12.25 228.41  25.12  4  2.25 12.17 227.50  23.68  0.24 15.47 305.85   9.79  0.13 12.63 314.02   8.79  0.07 23.27 287.10  13.16
19931018 120000  7.6 183.6  2.21 11.95 229.06  23.96  4  2.20 11.91 228.20  22.53  0.23 15.34 305.79   9.91  0.12 12.63 313.88   8.71  0.07 23.27 287.61  13.50
19931018 150000  7.7 207.4  2.19 11.74 229.53  22.58  4  2.18 11.73 228.66  21.01  0.23 14.78 306.68   9.62  0.10 12.62 312.95   9.04  0.07 23.25 288.31  13.74
19931018 180000 10.3 215.7  2.28 11.64 229.31  22.15  5  2.26 11.64 228.45  20.54  0.25 14.58 307.36   9.31  0.13 17.09 224.54   6.54  0.09 12.57 311.74   9.65  0.08 22.95 290.18  13.37
19931018 210000  8.8 203.6  2.28 11.62 228.88  23.03  4  2.26 11.61 227.93  21.34  0.27 14.52 308.03   9.31  0.14 17.31 224.33   6.10  0.10 21.89 290.15  13.34
19931019 000000  6.6 188.8  2.18 11.61 228.32  23.48  4  2.16 11.60 227.13  21.41  0.27 14.50 307.37   9.27  0.12 21.82 288.13  11.91  0.08 11.77 314.09   9.33
19931019 030000  8.6 180.6  2.13 11.67 226.33  24.49  4  2.10 11.66 224.96  22.20  0.27 14.48 306.72   9.83  0.15 21.84 288.35  11.90  0.09 11.81 314.44   8.99
19931019 060000 10.6 177.7  2.23 11.98 220.46  27.33  5  1.17  4.62 199.18  33.83  1.87 12.00 225.80  16.58  0.26 14.44 306.24   9.95  0.16 21.91 289.30  12.27  0.09 11.81 314.67   8.87
19931019 090000 10.3 179.8  2.31 12.12 216.79  27.88  5  1.46  5.33 204.90  35.14  1.76 12.15 221.85  13.89  0.24 14.37 305.95  10.08  0.17 22.09 291.95  13.71  0.09 11.80 313.63  10.34
19931019 120000  8.2 189.9  2.28 11.97 217.09  26.20  6  1.44  6.04 207.54  32.56  1.74 11.98 221.01  14.00  0.24 14.14 306.15  10.03  0.16 22.64 291.78  13.05  0.08 11.81 314.72   8.69  0.05 17.83 309.86   8.98
19931019 150000  9.6 203.1  2.23 11.80 217.89  25.11  7  2.17 11.80 216.35  23.14  0.41 14.75 225.50   7.93  0.24 13.75 306.50  10.09  0.14 20.72 284.11  10.20  0.10 23.17 304.59   7.12  0.08 17.79 306.54  10.66  0.07 11.80 314.26   8.83
19931019 180000 12.9 205.6  2.43 11.64 217.72  25.04  6  2.37 11.63 216.24  23.05  0.39 14.74 225.77   8.43  0.24 13.62 306.97   9.62  0.22 20.77 290.97  12.71  0.09 17.76 306.26  10.84  0.06 11.76 313.19   9.95
19931019 210000 11.6 204.4  2.51 11.32 218.05  25.98  4  2.48 11.32 216.66  23.67  0.27 20.88 291.05  12.47  0.25 13.57 307.42   9.61  0.09 17.75 304.90  12.13
19931020 000000  9.1 204.3  2.42 11.09 218.47  26.66  7  1.98  6.80 216.95  28.05  1.21 11.09 215.59  10.63  0.54 13.69 221.75   9.51  0.29 21.08 291.64  12.33  0.25 13.53 307.24   9.62  0.09 17.71 305.43  12.14  0.06 21.84 223.24   7.72
19931020 030000  9.8 197.7  2.26 10.95 218.27  27.00  7  1.87  6.92 216.48  27.87  1.12 10.95 215.38  10.34  0.34 13.55 219.87   5.50  0.32 15.38 224.20   9.04  0.30 21.25 293.81  13.52  0.25 13.50 306.64   9.61  0.05 11.03 315.36   8.59
19931020 060000  8.7 189.4  2.14 10.81 217.80  27.31  9  1.77  6.94 215.50  27.90  0.98 10.81 215.13  10.35  0.53 13.29 220.86  10.34  0.26 21.35 293.92  13.45  0.24 13.47 306.27   9.77  0.22 15.55 221.26   6.44  0.11 16.73 306.32  11.11  0.10 20.96 223.83   8.18  0.06 11.03 315.51   8.39
19931020 090000  6.9 195.4  1.98 10.57 219.31  27.37  8  1.62  7.02 217.49  27.25  0.89 10.57 213.22  10.18  0.60 12.85 220.93  10.04  0.27 20.84 294.65  12.48  0.24 13.41 306.06   9.85  0.13 16.62 305.81  10.82  0.12 20.62 224.46   9.56  0.06 11.04 314.30   9.90
19931020 120000  5.8 192.3  1.87 10.39 221.58  27.69  9  1.50  7.18 219.30  26.01  0.86 10.39 212.94   9.64  0.49 12.80 222.62  11.98  0.34 20.35 294.21  11.61  0.23 13.31 305.94   9.94  0.23 14.96 222.93   5.78  0.17 20.24 226.18  10.17  0.15 16.60 304.17  11.57  0.05 11.04 314.86   8.98
19931020 150000  8.4 210.6  1.82 20.21 223.13  28.23  9  1.46  7.34 219.86  25.03  0.78 10.28 212.92   9.71  0.47 12.57 222.12  13.33  0.40 20.22 293.58  11.79  0.31 14.46 221.04   7.60  0.22 13.04 305.97  10.01  0.20 19.90 226.31  10.35  0.15 16.59 303.40  11.84  0.05 11.03 314.57   9.07
19931020 180000  9.8 204.8  1.88 20.09 222.46  28.40  8  1.71 10.18 217.49  23.20  0.46 12.37 222.91  12.04  0.42 20.12 293.21  12.41  0.33 14.31 221.50   8.69  0.23 19.60 224.36   9.37  0.22 12.82 306.50  10.08  0.14 16.56 303.29  12.31  0.09 11.82 256.58   3.75
19931020 210000  9.7 204.8  1.88 19.91 221.57  28.76  7  1.70 10.02 216.76  24.33  0.56 12.07 223.20  13.19  0.39 20.01 293.41  13.20  0.30 19.22 226.18   9.96  0.21 12.72 306.56   9.97  0.13 16.40 305.97  11.01  0.13 14.49 225.00   0.00
19931021 000000  7.8 192.9  1.80 19.46 220.86  29.90  8  1.44  6.46 215.62  28.12  0.72  9.77 215.38  10.93  0.55 11.88 221.51  11.39  0.36 19.76 294.60  13.85  0.32 18.92 224.25   8.75  0.21 12.66 306.69   9.79  0.17 12.51 252.95   5.64  0.15 15.70 305.97  10.93
19931021 030000  9.2 195.7  1.72 19.10 221.33  31.42  9  1.51  9.66 214.28  25.94  0.39 19.23 296.42  12.43  0.38 13.58 225.37  10.89  0.38 11.72 219.54  11.49  0.35 18.69 222.85   7.71  0.21 12.62 306.32   9.93  0.18 15.56 304.89  11.00  0.16 11.17 252.62   8.32  0.15 12.81 248.45   4.99
19931021 060000 10.1 184.0  1.79 18.97 219.21  34.14  7  1.57  5.69 210.00  27.23  0.46 19.06 296.26  11.81  0.46 13.30 232.95  14.86  0.41 18.22 223.58   8.26  0.27 11.70 218.08   4.62  0.21 15.52 303.46  11.03  0.21 12.59 306.45   9.85
19931021 090000 10.2 183.9  1.82 18.90 218.24  35.78  6  1.60  5.64 207.77  27.88  0.51 19.00 295.69  12.01  0.46 13.56 234.88  14.16  0.43 17.87 223.49   8.23  0.22 15.50 302.41  11.01  0.21 12.57 305.97  10.10
19931021 120000  8.5 181.3  1.78 18.80 219.02  35.91  7  1.42  5.74 206.92  30.43  0.62  9.51 212.72   9.71  0.51 18.95 294.92  12.71  0.47 17.65 222.92   8.07  0.46 13.65 236.16  13.64  0.21 15.49 301.71  11.33  0.20 12.54 305.65  10.21
19931021 150000  9.9 201.7  1.77 18.59 219.77  33.85  6  1.53  5.70 209.76  27.10  0.50 17.34 222.94   8.15  0.50 13.50 234.15  14.53  0.48 18.84 294.55  13.46  0.20 15.44 302.05  11.79  0.19 12.50 305.41  10.29
19931021 180000 11.5 210.8  1.97 18.04 220.56  30.50  6  1.76  5.81 213.79  25.07  0.52 16.87 222.89   8.00  0.48 13.37 235.44  14.53  0.46 18.54 294.98  13.70  0.18 12.41 305.18  10.46  0.18 15.19 303.70  11.85
19931021 210000 10.9 204.1  2.11 17.79 220.37  30.81  6  1.91  6.26 214.10  25.61  0.51 16.63 223.09   8.39  0.49 17.99 296.37  12.83  0.48 13.27 235.49  14.21  0.19 14.60 304.60  11.26  0.18 12.17 305.31  10.25
19931022 000000  9.6 195.1  2.15 17.73 220.10  32.31  6  1.94  6.61 212.68  26.10  0.55 17.84 297.08  12.05  0.54 16.44 222.77   8.29  0.48 12.90 236.28  13.50  0.23 14.52 303.22  10.84  0.17 11.96 305.76  10.47
19931022 030000 10.4 200.5  2.22 17.72 219.25  32.79  6  2.00  6.88 211.27  25.65  0.59 17.79 297.11  11.91  0.54 16.11 222.57   8.35  0.48 12.73 235.17  14.08  0.25 14.49 302.37  10.41  0.16 11.86 305.93  10.28
19931022 060000  9.4 194.3  2.14 17.72 220.02  33.35  6  1.91  7.05 211.45  25.95  0.59 17.76 296.80  12.31  0.53 15.65 222.60   8.39  0.48 12.69 234.40  13.89  0.27 14.48 301.16  10.72  0.15 11.80 306.26  10.07
19931022 090000  7.7 193.3  1.98 17.70 221.71  33.31  6  1.74  7.05 212.56  25.79  0.60 15.46 222.63   8.53  0.56 17.74 296.41  13.06  0.36 12.45 244.17   8.42  0.26 14.46 300.69  10.99  0.15 11.77 306.05  10.30
19931022 120000  7.2 187.0  1.79 17.64 224.10  33.13  6  1.54  6.96 214.28  25.46  0.61 15.29 222.43   8.72  0.53 17.66 296.13  13.32  0.34 12.19 244.02   8.45  0.24 14.42 300.84  11.57  0.15 11.76 305.61  10.37
19931022 150000  7.2 207.6  1.65 17.41 226.88  33.31  6  1.38  6.86 215.76  24.70  0.60 14.89 222.22   8.47  0.54 17.43 295.96  13.07  0.33 11.92 243.98   8.57  0.21 14.29 301.67  12.38  0.15 11.75 305.19  10.35
19931022 180000 14.4 214.1  2.15 16.81 222.88  30.88  5  2.04  6.33 217.26  23.84  0.58 16.84 296.10  12.57  0.22 18.27 227.68   7.49  0.20 13.71 303.29  11.34  0.15 11.73 305.04  10.54
19931022 210000 12.4 207.1  2.48 16.67 219.99  31.48  7  2.31  6.78 214.76  26.20  0.61 16.67 296.44  12.17  0.57 14.41 222.31   8.97  0.21 13.58 302.23  11.44  0.19 18.29 227.13   7.42  0.14 11.70 304.95  10.89  0.09 22.05 221.84   7.56
19931023 000000 10.5 208.2  2.40 16.63 220.39  32.58  7  2.20  6.98 214.04  26.82  0.62 16.63 296.45  12.45  0.58 14.24 225.65  11.39  0.25 17.68 224.77   8.59  0.24 13.55 301.35  10.85  0.15 20.71 224.45   8.29  0.14 11.67 305.38  10.61
19931023 030000  8.8 204.1  2.17 16.61 221.96  33.67  6  1.95  7.04 214.28  27.17  0.61 16.61 296.15  13.12  0.58 14.08 224.97  11.09  0.30 13.53 301.40  11.25  0.21 20.36 224.97   8.27  0.21 17.59 225.94   7.44
19931023 060000  7.3 196.5  1.94 16.60 223.60  34.32  8  1.70  6.92 214.54  27.21  0.58 16.60 296.23  13.30  0.48 13.96 221.85   8.69  0.31 16.66 224.61   8.81  0.28 13.52 300.63  11.03  0.24 20.38 225.02   7.94  0.21 11.08 243.74   6.52  0.11 11.09 304.52  11.01
19931023 090000  7.7 193.0  1.75 16.57 225.30  34.88  8  1.49  6.77 214.62  27.35  0.56 16.57 295.89  13.79  0.48 13.73 222.42   9.27  0.33 19.28 224.40   8.41  0.26 13.49 300.42  11.25  0.26 16.64 226.10   8.77  0.21 10.95 243.64   7.72  0.10 11.02 305.61  10.46
19931023 120000 10.1 191.4  1.70 16.50 223.77  35.32  8  1.43  6.52 211.80  27.30  0.57 16.49 292.61  18.06  0.48 13.49 221.98   8.44  0.39 19.21 224.51   8.25  0.25 10.96 249.05  12.36  0.24 13.45 300.22  11.78  0.12 16.59 225.00   0.00  0.10 11.02 306.46  10.53
19931023 150000  9.9 196.7  1.75 16.22 222.06  34.74  7  1.48  6.31 210.53  27.20  0.54 16.20 296.28  11.98  0.53 13.46 228.08  14.53  0.48 18.89 225.05   8.66  0.21 13.31 299.78  12.90  0.16 15.78 256.58   7.25  0.10 11.01 306.12  10.60
19931023 180000 12.1 205.5  2.04 15.66 221.19  31.37  9  1.79  6.03 213.28  25.49  0.57 18.12 224.69   8.51  0.56 15.69 294.79  12.98  0.49 13.47 226.44  12.28  0.19 12.81 301.31  12.02  0.17 15.65 249.23   7.99  0.12  8.56 269.12   5.50  0.12 15.51 225.00   0.03  0.10 10.99 305.95  10.24
19931023 210000 12.4 203.6  2.22 15.56 219.52  30.54  7  2.04  6.35 213.62  25.36  0.63 18.11 224.88   8.73  0.53 15.56 296.04  11.66  0.24 14.98 253.95  10.71  0.19 12.69 299.95  12.50  0.11 15.51 225.00   0.02  0.10 11.00 306.22  10.22
19931024 000000  9.3 199.6  2.25 15.60 218.03  31.34  7  2.01  6.67 211.25  26.92  0.68 18.09 225.14   8.75  0.53 15.54 295.36  12.12  0.42 13.22 225.19  10.59  0.24 14.59 252.54   6.74  0.20 12.66 300.61  10.53  0.09 10.99 307.26   9.36
19931024 030000  9.8 182.9  2.17 15.80 216.88  32.41  6  1.90  6.78 208.78  27.88  0.74 17.47 224.98   8.80  0.52 15.52 295.75  11.92  0.41 12.88 225.19  10.26  0.27 14.08 252.31   6.52  0.23 12.64 301.42  10.65
19931024 060000  7.8 170.1  1.99 15.96 218.72  33.15  7  1.68  6.84 208.67  28.32  0.77 17.25 225.03   9.08  0.50 15.51 296.19  11.81  0.38 12.77 225.41   9.79  0.30 13.61 252.09   6.87  0.23 12.63 301.00  10.80  0.06 18.97 304.99   9.63
19931024 090000  7.5 165.4  1.82 15.87 220.67  33.82  7  1.47  6.79 208.44  28.76  0.79 17.14 225.26   9.24  0.51 15.48 295.49  12.80  0.34 12.67 225.10  10.52  0.32 13.38 249.38   7.37  0.23 12.62 300.85  10.95  0.05 18.99 303.61   9.85
19931024 120000  8.5 173.1  1.74 15.83 221.15  34.07  6  1.36  6.67 207.22  29.38  0.83 16.67 225.46   9.68  0.49 15.43 295.57  12.68  0.35 12.88 249.52   7.63  0.31 12.46 222.94   9.09  0.21 12.60 300.84  11.26
19931024 150000  8.5 196.3  1.72 15.88 221.97  32.28  5  1.33  6.52 208.74  27.74  0.86 16.41 225.68  10.31  0.48 15.28 294.52  13.68  0.46 12.64 238.59  14.91  0.19 12.54 300.86  11.66
19931024 180000 11.2 208.6  1.95 15.80 221.04  29.30  6  1.63  6.15 212.33  25.37  0.85 16.24 226.50  11.22  0.47 14.80 293.29  14.20  0.45 12.51 239.37  14.62  0.17 12.36 299.79  13.08  0.06 17.78 306.99   8.39
19931024 210000 11.9 199.5  2.24 15.43 219.61  28.69  6  1.96  6.38 213.26  26.03  0.89 15.73 227.90  12.69  0.44 14.59 294.29  12.23  0.40 11.97 243.48  13.73  0.15 11.93 301.49  11.11  0.08 17.76 305.94   8.70
19931025 000000  7.9 209.0  2.19 15.18 220.59  29.64  7  1.90  6.71 213.76  27.56  0.85 15.46 225.28  10.46  0.43 14.54 292.88  13.04  0.40 11.89 240.93  13.91  0.34 18.01 252.22   6.24  0.15 11.86 300.72  11.40  0.09 17.76 304.86   9.26
19931025 030000  6.8 204.2  1.98 14.95 224.35  29.53  7  1.63  6.72 216.00  27.38  0.88 15.33 227.05  12.27  0.42 14.51 294.68  11.53  0.39 11.75 242.70  13.25  0.37 17.74 253.23   6.45  0.15 11.83 300.99  10.76  0.09 17.73 304.58   9.97
19931025 060000  4.6 204.7  1.79 14.72 228.58  29.30  7  1.37  6.52 218.08  27.01  0.87 14.77 227.10  12.33  0.50 16.44 251.57   6.41  0.43 14.49 295.14  11.91  0.31 11.51 248.25   6.96  0.16 11.84 299.15  13.01  0.08 17.74 303.61  10.57
19931025 090000  3.5 200.1  1.66 14.57 232.62  28.72  6  1.16  6.35 220.00  26.66  0.78 14.54 224.36   9.45  0.67 16.31 250.44   7.45  0.44 14.48 296.38  11.63  0.35 11.40 244.15  12.17  0.17 11.83 298.46  13.78
19931025 120000  5.2 186.5  1.59 14.48 235.56  28.05  7  1.02  6.12 221.15  26.65  0.84 14.52 247.37   8.52  0.69 14.47 220.93   7.41  0.43 14.45 296.38  11.77  0.29 10.93 249.29   7.78  0.16 11.80 299.82  12.83  0.09 16.65 307.68   8.93
19931025 150000  6.2 225.2  1.54 14.37 237.62  27.21  7  0.92  6.00 222.41  26.37  0.88 14.55 248.06   8.40  0.69 14.15 222.12   8.29  0.41 14.40 296.57  12.18  0.25 10.44 246.91   8.41  0.16 11.79 301.09  11.67  0.13 16.61 306.92   8.63
19931025 180000  9.0 215.4  1.64 14.12 235.85  27.20  6  1.08  5.85 221.88  26.36  0.93 14.37 248.61   7.87  0.68 13.72 222.89   8.54  0.38 14.26 296.39  12.44  0.15 16.60 306.23   9.02  0.14 11.76 301.75  11.75
19931025 210000  9.6 202.2  1.74 13.74 231.86  28.35  6  1.25  5.09 217.61  27.08  0.96 13.69 248.25   8.42  0.62 13.78 222.24   8.44  0.35 13.88 295.96  12.28  0.15 16.60 305.52   9.70  0.13 11.68 302.82  10.97
19931026 000000  5.3 200.2  1.67 13.60 231.73  29.15  6  1.18  5.45 215.81  28.79  0.99 13.85 247.28   9.19  0.53 13.35 220.52   8.15  0.33 13.63 295.05  12.13  0.14 16.60 304.85  10.25  0.11 11.45 302.61  10.90
19931026 030000  5.0 196.5  1.53 13.53 234.99  28.04  6  0.98  5.49 216.96  28.73  1.00 13.61 247.42   9.17  0.48 13.39 218.65   6.52  0.33 13.59 294.88  11.89  0.11 16.59 305.26  11.13  0.11 11.15 302.45  10.73
19931026 060000  5.6 184.8  1.43 13.48 237.74  27.54  4  0.83  5.46 216.23  28.67  1.10 13.41 243.03  14.07  0.35 13.56 296.31  12.24  0.10 11.07 303.31  10.16
19931026 090000  5.3 189.0  1.36 13.43 240.85  27.36  6  0.70  5.45 215.28  28.93  1.06 13.31 243.34  13.90  0.34 13.54 295.57  12.03  0.29 17.27 255.63   7.16  0.14 15.55 308.32   8.74  0.10 11.03 303.62  10.30
19931026 120000  4.0 181.3  1.32 13.39 243.63  27.26  6  1.05 13.23 244.41  13.80  0.61  5.40 214.13  29.22  0.34 13.53 296.00  12.37  0.33 16.73 253.20   8.59  0.18 15.52 307.40   8.96  0.10 11.03 303.94  10.16
19931026 150000  6.4 234.5  1.31 13.32 246.36  25.73  5  0.57  5.32 219.89  28.34  1.11 13.12 246.17  13.46  0.33 13.50 296.35  12.86  0.21 15.51 306.48   9.29  0.10 11.03 304.24  10.22
19931026 180000  7.7 211.9  1.40 13.17 243.59  26.71  6  0.76  3.78 220.63  27.72  1.07 12.88 246.17  13.20  0.32 13.47 296.21  13.31  0.28 15.58 258.70   5.44  0.21 15.51 306.09   9.77  0.10 11.02 304.50  10.30
19931026 210000  7.7 204.5  1.45 12.88 240.37  28.21  6  0.85  4.20 215.61  28.40  1.12 12.76 247.72  13.00  0.29 13.41 296.13  13.60  0.19 15.51 305.83  10.28  0.10 11.01 304.94  10.40  0.06 20.15 219.86   7.17
19931027 000000  3.9 185.8  1.38 12.76 241.88  27.58  6  0.75  4.35 214.20  30.36  1.12 12.70 248.36  12.68  0.27 13.27 295.52  13.42  0.16 15.48 306.28  10.63  0.09 10.99 305.28  10.59  0.08 19.17 220.28   7.05
19931027 030000  3.2 225.9  1.31 12.68 244.64  25.36  7  1.11 12.64 248.95  12.38  0.61  4.32 214.80  30.41  0.25 12.95 295.35  12.56  0.13 15.41 308.92  11.18  0.10 19.01 220.07   6.96  0.08 10.96 305.46  10.64  0.06 17.76 306.42   7.81
19931027 060000  2.9 182.9  1.25 12.59 247.13  23.48  6  1.10 12.55 249.47  12.20  0.49  4.23 215.40  29.92  0.25 12.73 295.87  12.70  0.14 14.67 311.04   7.85  0.12 18.33 220.00   6.80  0.08 17.76 303.89   9.39
19931027 090000  1.9 218.4  1.21 12.43 249.44  22.27  7  1.08 12.31 249.69  11.77  0.39  4.07 216.35  29.41  0.24 12.72 294.84  13.30  0.18 14.54 308.40   8.96  0.16 17.85 219.91   6.57  0.08 17.76 302.60   9.79  0.07 10.49 306.55   9.26
19931027 120000  2.7 229.5  1.19 12.13 251.35  21.64  7  1.08 12.01 250.23  11.80  0.31  3.91 218.91  29.31  0.23 12.68 299.47  11.38  0.22 14.51 307.46   9.34  0.19 17.72 219.92   6.62  0.08 17.75 301.11  10.21  0.06 10.29 307.26   9.21
19931027 150000  4.2 235.1  1.18 11.92 252.44  21.29  6  1.11 11.85 249.49  14.73  0.24 14.50 306.60   9.81  0.24 17.09 220.40   7.19  0.23 12.65 300.75  11.52  0.06 10.30 307.49   9.03  0.06 17.74 300.17  10.71
19931027 180000  4.7 237.9  1.20 11.79 252.62  21.36  5  1.12 11.73 250.32  14.91  0.27 16.69 219.72   6.72  0.24 14.50 306.50  10.25  0.23 12.64 301.17  11.74  0.06 10.29 307.46   9.13
19931027 210000  3.2 234.4  1.21 11.65 252.65  21.02  5  1.13 11.60 251.34  14.83  0.30 16.57 219.60   6.63  0.23 12.62 301.69  12.21  0.22 14.49 306.50  10.63  0.07 16.66 306.08   8.90
19931028 000000  1.3  57.1  1.24 11.39 252.39  20.36  6  1.14 11.28 251.88  14.54  0.34 16.28 220.10   6.99  0.22 12.60 297.53  14.30  0.19 14.46 307.35  10.86  0.15 14.66 261.84   7.87  0.10 16.60 305.56   8.74
19931028 030000  1.5  82.1  1.28 11.10 252.31  19.91  6  1.17 11.05 252.76  14.52  0.38 15.71 220.41   7.64  0.20 14.59 258.50   8.27  0.20 14.32 309.76  10.09  0.17 12.44 290.89  11.96  0.12 16.60 304.40   9.16
19931028 060000  2.4 137.3  1.33 10.99 252.69  19.81  7  1.20 10.96 253.91  14.99  0.40 15.56 220.42   7.32  0.27 14.47 256.92   8.44  0.18 12.41 293.19  12.90  0.17 13.82 311.24   9.03  0.12 16.60 303.40   9.67  0.10 19.10 225.10   7.73
19931028 090000  3.8 175.9  1.41 10.94 252.50  21.50  6  1.25 10.91 253.59  18.35  0.45 13.70 263.15  14.92  0.43 15.40 220.63   7.64  0.18 13.60 310.01   8.72  0.11 16.60 302.41  10.05  0.07 19.17 227.40   5.19
19931028 120000  4.3 172.7  1.51 14.35 252.85  21.41  4  1.40 10.92 254.89  17.54  0.49 15.02 221.40   8.11  0.25 13.52 305.94  11.18  0.08 16.60 304.86   8.33
19931028 150000  6.6 207.6  1.65 14.06 252.30  21.49  5  0.34  2.46 210.08  32.36  1.51 11.35 256.60  15.03  0.51 14.70 221.82   8.17  0.22 13.55 309.04   8.74  0.12 17.90 228.64   5.57
19931028 180000  7.9 208.7  1.84 13.64 251.06  22.43  6  0.60  3.41 221.20  32.01  1.63 11.98 256.60  14.27  0.54 14.54 222.00   8.23  0.22 13.55 308.87   8.98  0.12 17.90 226.76   5.77  0.09 15.68 307.04   7.98
19931028 210000  9.0 206.6  2.03 13.42 249.49  24.06  5  0.80  3.90 218.34  32.15  1.76 12.41 256.58  14.03  0.56 14.48 221.62   7.87  0.22 13.55 308.89   9.16  0.12 15.53 307.27   7.64
19931029 000000  5.7 188.2  2.11 13.16 249.43  24.65  4  2.00 12.38 251.14  23.32  0.62 14.23 222.85   8.62  0.22 13.53 310.06   8.95  0.14 15.52 306.38   7.99
19931029 030000  6.1 179.3  2.10 12.41 250.50  23.85  5  1.98 12.15 252.94  22.10  0.61 14.11 221.18   7.92  0.25 16.73 226.32   7.29  0.21 13.47 309.33   9.29  0.15 15.52 305.74   8.25
19931029 060000  6.9 179.2  2.09 12.11 250.14  23.84  4  1.94 11.84 253.48  22.21  0.75 14.21 223.78   9.43  0.18 13.29 311.07   8.50  0.14 15.52 305.42   8.41
19931029 090000  6.8 184.9  2.10 12.03 248.98  24.15  4  1.92 11.76 252.86  22.65  0.80 14.30 223.75   9.55  0.17 12.75 311.75   8.08  0.15 15.52 300.13  10.88
19931029 120000  6.0 178.9  2.09 12.06 247.98  23.97  3  1.90 11.68 252.74  22.63  0.86 14.50 223.78   9.59  0.17 12.66 311.08   8.53
19931029 150000  7.8 203.4  2.12 12.38 246.21  23.91  3  1.90 11.65 251.23  22.79  0.92 14.47 223.77   9.50  0.18 12.66 310.74   8.72
19931029 180000 10.9 200.5  2.25 12.57 242.22  25.57  6  1.02  4.22 214.38  30.86  1.75 11.64 255.09  13.79  0.94 14.30 223.75   9.31  0.23 17.86 220.14   8.67  0.18 12.65 309.94   9.21  0.12 14.66 306.91   8.31
19931029 210000 10.1 208.1  2.33 12.61 239.73  26.58  6  1.21  4.88 216.03  30.91  1.68 11.70 255.28  13.15  1.02 13.84 224.46  10.05  0.24 17.81 217.68   8.84  0.18 12.65 309.42   9.26  0.15 14.54 304.81   9.91
19931030 000000  5.3 214.6  2.29 12.60 239.60  26.34  5  1.13  5.13 216.03  31.58  1.65 11.70 254.75  13.32  1.08 13.74 223.61   9.91  0.19 12.65 307.63  11.28  0.17 14.52 304.76  10.05
19931030 030000  4.3 177.4  2.15 12.58 241.16  24.80  5  1.79 11.67 247.54  24.71  1.08 13.65 225.20  10.19  0.41 16.72 218.40   8.12  0.18 12.63 309.50   9.57  0.18 14.53 304.05  10.68
19931030 060000  0.9 223.1  2.03 12.54 241.72  23.52  5  1.65 11.65 250.30  21.87  1.09 13.48 223.95   9.53  0.43 16.68 218.59   8.43  0.17 14.54 303.93  10.89  0.16 12.58 311.06   9.17
19931030 090000  1.6   3.1  1.93 12.50 241.60  22.73  5  1.51 11.56 252.17  19.47  1.18 13.31 222.60   9.35  0.16 12.39 311.18   9.41  0.15 14.55 303.89  11.15  0.06 20.44 314.76   8.26
19931030 120000  2.1 329.1  1.86 12.50 240.78  22.39  6  1.41 11.06 252.74  18.11  1.03 13.02 223.89  10.34  0.60 15.70 218.04   8.27  0.15 14.54 303.90  11.86  0.14 11.90 311.71  10.35  0.06 20.34 315.05   8.07
19931030 150000  4.2 321.5  1.81 12.53 240.52  23.82  6  1.33 10.70 254.98  19.81  1.00 12.94 223.92   9.92  0.67 15.56 217.71   8.00  0.14 14.45 305.84  10.44  0.13 11.83 313.45  10.37  0.08 20.12 314.82   8.09
19931030 180000  5.2 282.5  1.78 12.58 241.01  25.44  6  1.25 10.84 258.72  21.32  1.08 12.78 223.95  10.39  0.61 15.61 218.25   8.80  0.14 14.02 306.18   9.66  0.13 11.81 314.90  10.32  0.09 19.46 314.63   8.13
19931030 210000  4.2 293.0  1.74 12.66 240.05  25.64  6  1.23 10.42 257.51  21.00  0.94 14.73 217.69   8.14  0.76 12.20 225.85   8.71  0.16 13.68 306.44   9.85  0.13 11.81 314.92  10.71  0.11 19.19 314.64   8.14
19931031 000000  1.1   0.2  1.71 14.38 238.48  25.35  6  1.16 10.28 256.78  20.26  0.98 14.42 218.30   8.42  0.74 12.26 224.18   9.20  0.17 13.63 305.47   9.82  0.15 11.83 315.14  10.88  0.12 19.09 314.77   8.15
19931031 030000  1.8 106.2  1.69 14.31 236.94  25.10  5  1.26 14.34 220.15   9.23  1.10 10.25 256.63  19.41  0.17 13.62 305.20   9.90  0.15 11.83 315.99  10.89  0.14 18.98 314.87   8.12
19931031 060000  3.1 152.3  1.68 14.15 235.48  25.00  5  1.32 14.18 221.01  10.72  1.00  9.68 257.30  19.44  0.18 13.62 305.89  10.78  0.15 18.71 314.70   8.12  0.14 11.78 315.67  11.23
19931031 090000  4.7 141.0  1.69 13.68 233.12  26.46  6  1.18 13.69 220.32   9.77  1.01  9.60 253.79  26.03  0.60 16.65 217.33  10.81  0.18 13.65 304.41  10.85  0.18 18.10 314.48   8.16  0.13 11.67 318.96  10.58
19931031 120000  5.3 154.0  1.71 13.50 230.72  27.95  5  1.26 13.49 220.31   9.49  0.98  9.52 251.68  32.22  0.53 17.17 211.36   8.91  0.22 13.69 308.65  14.00  0.20 17.94 314.38   8.20
19931031 150000  7.3 203.6  1.75 13.41 228.75  27.12  4  1.58 13.39 229.80  25.24  0.70 16.82 213.68  10.18  0.22 17.88 314.32   8.26  0.20 13.80 310.00  13.52
19931031 180000 10.9 209.5  1.97 13.38 225.44  26.58  4  1.71 13.24 226.91  26.33  0.93 15.65 215.28  10.09  0.22 17.78 314.28   8.27  0.19 13.74 308.90  15.40
19931031 210000 12.4 195.7  2.26 15.42 221.19  28.25  6  2.05 13.29 221.34  28.29  0.85 15.65 212.90   9.57  0.29 18.00 227.43   5.16  0.24 17.54 314.08   8.37  0.14 13.53 304.11  11.42  0.11 11.07 320.15  11.70
19931101 000000 12.5 180.9  2.42 15.08 214.98  30.38  5  1.87  5.82 209.57  34.62  1.48 15.08 219.00  12.69  0.31 17.89 229.52   5.84  0.26 17.01 313.97   8.21  0.17 13.33 310.45  13.45
