Date     Time   Uabs UDir  hs    tp    th     sp     np hs(i) tp(i) th(i)  sp(i)
20040301 000000  3.3 191.4  1.93 16.78 256.58  35.42  6  1.31 12.55 234.86   9.84  1.02 16.81 297.59  12.23  0.61  4.06 216.11  32.05  0.53 13.16 308.85  10.09  0.50 16.21 231.79  14.51  0.25  6.24 300.29  12.15
20040301 030000  4.1 175.8  1.89 16.67 257.35  35.05  7  0.48  4.02 213.45  32.04  1.30 12.44 235.03  10.07  1.02 16.71 297.55  12.25  0.52 13.05 308.74  10.06  0.38 16.32 241.79   8.38  0.38 16.17 215.53   7.40  0.26  6.14 299.56  13.15
20040301 060000  6.1 180.1  1.88 16.59 256.81  35.76  6  0.44  6.04 237.36  50.64  1.30 12.29 234.00  12.73  1.03 16.64 297.12  13.07  0.51 12.90 308.57  10.00  0.50 16.19 217.14   8.77  0.30 15.68 242.66   5.73
20040301 090000  4.7 184.7  1.89 16.52 256.42  36.32  5  0.43  5.95 234.21  48.93  1.20 12.01 234.51  14.11  1.04 16.58 297.94  12.16  0.79 15.49 224.47  13.44  0.50 12.78 308.66   9.94
20040301 120000  2.8 239.3  1.88 16.45 256.51  36.11  5  1.15 11.95 234.69  13.49  1.05 16.54 298.32  12.08  0.87 14.95 223.35  12.89  0.47 12.69 308.86  10.11  0.35  5.86 249.67  49.08
20040301 150000  2.1 305.7  1.90 16.35 255.11  35.85  5  1.12 11.85 235.18  12.23  1.05 16.50 298.54  11.95  0.98 14.75 222.86  13.11  0.45 12.63 309.17  10.11  0.30  5.73 266.45  46.25
20040301 180000  3.8 285.2  1.96 16.12 252.54  35.33  5  0.32  5.62 279.71  38.63  1.23 11.94 234.16  12.34  1.03 16.43 298.64  11.93  0.98 14.77 221.78  12.40  0.43 12.58 309.47  10.02
20040301 210000  2.4 250.9  2.04 15.68 248.73  34.21  5  1.36 11.85 233.21  13.01  1.01 14.46 221.54  12.43  1.00 16.25 298.92  11.58  0.42 12.54 309.75   9.79  0.30  5.54 280.03  34.00
20040302 000000  2.9 188.3  2.11 15.47 245.63  33.13  5  1.40 11.56 233.66  13.24  1.13 14.19 220.44  11.04  0.98 15.88 298.53  12.02  0.39 12.49 309.91   9.66  0.29  5.44 277.92  29.63
20040302 030000  6.2 196.2  2.17 15.35 242.82  32.75  5  1.91 13.69 228.10  16.30  0.96 15.72 298.75  11.90  0.35 12.39 309.72   9.83  0.15  5.28 303.35  10.79  0.06 21.54 232.30   8.08
20040302 060000  8.6 183.1  2.27 15.32 239.47  33.51  5  1.48 13.53 224.66  13.76  1.38 10.01 228.72  25.14  0.95 15.66 298.85  11.78  0.33 12.28 309.43  10.06  0.07 20.97 232.93   7.85
20040302 090000  9.8 171.6  2.37 15.34 234.55  36.11  5  1.51  9.52 220.33  32.23  1.52 13.37 223.86  13.29  0.95 15.66 298.87  11.77  0.31 12.09 308.96  10.47  0.08 20.66 232.78   9.02
20040302 120000  8.9 169.0  2.41 15.37 230.54  37.61  4  2.20 13.09 218.67  26.79  0.94 15.68 298.72  11.87  0.29 11.94 309.68   9.47  0.10 20.36 233.19   8.71
20040302 150000 10.3 187.7  2.41 12.84 228.51  36.64  5  1.35  5.63 203.23  33.10  1.74 12.83 224.71  14.92  0.92 15.68 298.72  11.78  0.26 11.83 309.93  10.11  0.12 20.01 233.52   8.25
20040302 180000 13.9 202.0  2.71 12.74 224.17  33.68  5  2.54 12.72 216.42  24.32  0.88 15.63 298.56  11.71  0.25 11.85 310.20   9.43  0.14 19.43 232.53   9.00  0.06 24.32 312.97   8.01
20040302 210000 14.6 200.6  3.10 12.66 221.46  32.20  5  2.97 12.64 216.20  25.60  0.84 15.55 298.68  11.66  0.20 11.72 310.57   9.58  0.14 19.34 234.18   8.89  0.08 23.43 312.91   7.96
20040303 000000 12.6 191.4  3.13  7.42 219.93  32.45  5  3.01  7.42 215.10  26.43  0.81 15.49 298.70  11.67  0.19 11.71 310.74   9.16  0.17 19.04 233.75   8.36  0.10 23.31 313.58   7.97
20040303 030000 12.1 181.1  2.92  7.56 219.40  33.37  6  2.51  7.56 212.37  28.98  1.24 12.46 220.30  13.87  0.79 15.46 298.63  11.64  0.20 18.44 233.12   9.19  0.18 11.71 312.29   7.72  0.12 23.13 313.35   8.04
20040303 060000 10.8 180.5  2.69 12.37 219.56  34.27  5  2.27  7.49 211.47  29.25  1.18 12.33 219.55  13.73  0.79 15.45 298.98  11.99  0.21 18.23 234.15   9.10  0.15 22.18 312.82   7.98
20040303 090000 10.2 171.3  2.53 12.12 219.53  35.29  5  2.07  7.38 210.23  30.07  1.18 12.11 218.33  13.68  0.78 15.45 298.61  12.12  0.23 18.06 234.34   8.71  0.19 21.87 312.98   8.02
20040303 120000  7.5 178.5  2.37 11.94 221.66  34.90  5  1.86  7.32 211.91  29.52  1.22 11.93 217.59  13.84  0.76 15.42 298.27  11.92  0.27 17.75 233.94   9.45  0.22 21.76 313.34   7.95
20040303 150000  8.4 204.1  2.28 11.77 224.66  33.26  6  1.67  7.36 215.81  27.49  1.27 11.50 216.01  13.13  0.75 15.21 297.63  12.59  0.30 17.40 234.05   9.30  0.29 11.90 238.35   5.97  0.25 21.39 312.38   8.03
20040303 180000 11.0 217.2  2.39 11.55 225.95  31.09  4  2.24 11.54 218.72  21.61  0.72 14.84 297.88  12.07  0.31 17.19 235.03   9.04  0.30 20.55 312.13   8.01
20040303 210000  9.4 209.5  2.60 11.19 226.04  30.15  5  2.05  7.38 221.14  24.99  1.35 11.18 217.78  13.94  0.70 14.75 297.92  12.23  0.33 20.43 312.56   8.19  0.33 16.97 235.39   8.95
20040304 000000  5.8 205.2  2.64 10.90 226.35  30.24  5  2.13  8.09 222.06  25.38  1.31 10.95 217.03  13.64  0.68 14.73 297.83  11.90  0.36 20.31 313.08   8.03  0.36 16.66 235.07   9.80
20040304 030000  5.9 209.9  2.58 10.52 227.46  30.59  5  1.96  8.27 220.78  25.44  1.44 10.52 221.63  15.85  0.67 14.76 297.76  11.87  0.42 19.55 311.65   7.99  0.39 16.41 234.97   9.66
20040304 060000  5.7 212.5  2.46 10.37 228.92  31.34  5  1.81  8.30 220.91  24.92  1.40 10.38 222.17  15.82  0.67 14.83 297.72  12.46  0.46 19.15 311.33   7.97  0.39 16.22 234.89   9.91
20040304 090000  3.6 203.6  2.33 10.35 230.02  31.63  6  1.55  7.93 223.37  25.58  1.48 10.34 219.99  15.05  0.65 14.99 297.95  12.21  0.47 19.09 311.80   8.21  0.44 15.91 234.28  11.56  0.06 25.21 301.25  10.47
20040304 120000  3.9 229.1  2.23 10.38 230.75  31.63  5  2.02 10.37 221.99  20.66  0.63 15.11 296.97  12.10  0.49 15.56 230.64  13.55  0.48 19.01 312.31   7.86  0.08 25.01 301.51  10.48
20040304 150000  3.5 249.9  2.15 15.22 231.83  32.21  5  1.96 10.44 221.75  19.68  0.61 15.18 296.91  12.00  0.52 18.30 311.13   8.07  0.40 15.47 240.48   6.86  0.09 24.96 301.39  10.65
20040304 180000  6.9 230.8  2.13 17.77 233.49  33.31  6  1.82 10.53 222.72  19.89  0.61 15.20 296.85  12.25  0.60 17.88 310.41   7.79  0.58 14.68 213.28   7.53  0.42 15.30 240.49   6.74  0.09 24.89 300.90  10.88
20040304 210000  5.8 210.6  2.10 17.73 233.63  34.06  6  1.68 10.64 222.94  20.07  0.82 14.53 213.61   8.56  0.62 15.20 297.41  12.40  0.61 17.83 310.57   8.13  0.38 14.64 241.85   6.47  0.11 24.57 300.48  10.88
20040305 000000  1.8 216.2  2.05 14.51 233.25  34.02  5  1.81 13.56 220.21  17.91  0.63 15.16 298.11  12.61  0.57 17.82 310.94   8.40  0.43 14.68 241.06   6.35  0.14 23.57 300.42  10.92
20040305 030000  3.3 231.9  2.01 14.25 233.32  33.71  4  1.82 13.98 221.31  17.04  0.61 14.92 297.37  12.33  0.57 17.67 311.15   7.81  0.17 23.39 300.58  11.06
20040305 060000  4.1 202.1  2.00 14.08 234.31  34.12  4  1.80 13.72 221.37  16.07  0.63 16.88 310.36   8.09  0.58 14.58 296.77  12.05  0.18 23.34 300.53  11.32
20040305 090000  5.3 201.1  2.01 13.86 235.47  34.86  4  1.79 13.49 221.38  15.49  0.69 16.70 310.18   7.96  0.56 14.45 296.41  12.13  0.19 23.27 300.05  11.53
20040305 120000  3.9 175.2  1.99 16.55 236.05  35.03  4  1.77 13.22 221.62  15.24  0.69 16.67 310.11   8.22  0.56 14.46 297.61  12.65  0.21 23.00 299.51  11.50
20040305 150000  7.2 207.0  1.99 16.50 235.83  34.71  4  1.78 12.95 221.81  15.30  0.64 16.65 310.10   8.43  0.58 14.52 299.15  12.93  0.26 22.10 299.47  11.47
20040305 180000  9.0 210.6  2.10 13.36 234.47  33.85  4  0.80  3.82 218.79  29.28  1.72 13.01 222.77  12.40  0.84 16.48 305.14  12.12  0.30 21.89 299.75  11.61
20040305 210000  9.6 202.3  2.23 15.13 233.11  33.58  4  1.04  4.47 217.06  29.69  1.75 13.54 223.55  11.86  0.84 16.09 305.51  11.73  0.32 21.84 299.86  12.03
20040306 000000  8.8 193.9  2.37 13.98 231.87  33.35  4  1.19  4.90 214.15  30.65  1.83 13.76 224.70  11.41  0.85 15.66 305.77  11.59  0.32 21.77 299.76  12.40
20040306 030000 10.0 191.3  2.47 13.56 230.80  32.84  4  1.23  5.01 209.35  30.44  1.93 13.46 225.99  11.16  0.85 15.58 305.97  11.48  0.35 21.60 299.29  12.02
20040306 060000  9.9 188.7  2.64 13.27 229.45  31.97  4  1.41  5.39 208.22  29.60  2.04 13.12 227.35  11.35  0.82 15.52 306.10  11.42  0.39 20.96 298.94  11.89
20040306 090000 10.8 185.1  2.84 12.95 228.59  31.29  4  2.70 12.83 222.08  22.24  0.78 15.43 306.24  11.33  0.44 20.56 299.28  12.02  0.05 21.82 233.77   8.64
20040306 120000  9.4 180.8  3.01 12.80 228.87  30.57  4  2.88 12.71 223.36  23.01  0.75 15.33 306.55  11.18  0.46 20.45 299.92  12.21  0.07 21.75 231.81   9.38
20040306 150000 10.7 198.5  3.11 12.74 230.12  29.25  3  2.99 12.65 225.39  22.59  0.71 15.24 306.99  10.96  0.46 20.40 300.33  12.53
20040306 180000 13.8 208.1  3.48 12.80 228.75  27.67  4  3.38 12.70 225.29  22.46  0.67 15.17 307.88  10.10  0.47 20.31 300.03  12.61  0.12 20.45 232.24   8.91
20040306 210000 15.1 205.6  4.06 12.84 226.54  27.26  4  3.98 12.70 224.08  23.55  0.63 14.98 308.12  10.02  0.50 20.10 299.39  12.36  0.15 20.35 233.14  10.03
20040307 000000 13.1 197.1  4.25  9.51 224.68  28.18  5  3.70  9.51 219.55  26.55  1.91 12.53 232.30  13.32  0.59 14.67 308.20   9.91  0.54 19.59 299.23  12.19  0.14 20.34 230.97   9.08
20040307 030000 13.5 186.6  4.03 12.62 223.05  29.39  5  3.44  9.52 216.37  27.64  1.93 12.57 232.46  13.12  0.57 19.27 299.31  12.74  0.56 14.49 308.44   9.54  0.20 19.27 231.58  10.28
20040307 060000 12.5 179.6  3.63 12.74 222.77  30.59  4  3.53 12.61 219.60  26.45  0.58 19.14 299.99  12.86  0.54 14.41 307.40  10.78  0.27 19.05 231.14  10.33
20040307 090000 11.1 174.8  3.29 12.89 223.39  31.31  4  3.19 12.66 219.74  26.67  0.57 19.07 300.28  13.00  0.52 14.39 308.03  10.19  0.28 19.05 229.72   9.45
20040307 120000  9.7 180.4  3.08 12.84 224.72  30.70  5  2.14  8.27 211.02  30.69  2.06 12.57 229.90  12.93  0.57 19.00 299.81  13.29  0.50 14.37 307.69  11.11  0.29 18.90 228.56   8.82
20040307 150000 10.7 191.3  2.98 12.67 225.63  29.61  4  2.85 12.53 221.38  23.91  0.59 18.88 299.47  12.93  0.47 14.34 307.98  11.12  0.37 17.96 227.08   8.31
20040307 180000 12.1 210.3  3.08 12.64 225.94  27.84  4  2.94 12.54 221.87  22.08  0.63 18.63 299.16  12.87  0.49 17.79 228.05   9.80  0.44 14.28 308.21  11.12
20040307 210000 13.2 207.1  3.37 12.63 225.39  26.86  4  3.24 12.54 222.07  22.00  0.65 18.19 298.87  13.51  0.52 17.78 226.72   9.97  0.41 14.09 308.62  10.75
20040308 000000 10.2 201.6  3.43 12.58 224.88  27.20  5  2.79  8.41 220.81  25.94  1.75 12.49 224.22  11.76  0.64 17.98 299.67  13.26  0.59 17.44 224.85  10.02  0.38 13.71 308.33  11.34
20040308 030000  9.1 195.1  3.31 12.53 225.02  26.99  5  2.65  8.87 221.65  25.91  1.73 12.43 222.35  11.54  0.64 16.95 225.68  11.01  0.63 17.87 299.91  13.33  0.36 13.59 309.05  10.84
20040308 060000  7.7 205.4  3.18 17.34 225.38  26.25  4  2.97 12.36 222.33  21.70  0.87 16.65 221.71  11.74  0.62 17.79 299.79  13.34  0.36 13.54 309.52  10.46
20040308 090000  6.1 194.4  3.11 16.97 225.49  25.47  5  2.86 12.18 222.70  20.46  0.99 16.55 218.75  11.97  0.62 17.73 299.61  13.18  0.35 13.52 310.01  10.30  0.06 25.02 300.24  10.57
20040308 120000  5.5 193.6  3.06 16.62 225.34  25.00  5  2.75 11.91 222.54  19.60  1.13 16.26 218.43  11.27  0.64 17.65 299.46  12.99  0.33 13.51 310.24  10.37  0.07 24.92 300.66  10.63
20040308 150000  4.9 224.4  2.98 16.20 225.21  24.92  4  2.89 15.59 221.50  17.90  0.66 17.52 299.34  13.06  0.32 13.49 310.33  10.59  0.08 24.85 299.82  11.04
20040308 180000  6.7 231.9  2.87 15.60 225.24  25.02  4  2.78 15.38 221.30  17.52  0.66 17.29 299.32  13.43  0.30 13.45 309.84  11.40  0.09 24.66 299.28  10.87
20040308 210000  6.4 213.3  2.77 15.42 224.87  25.07  4  2.67 15.27 220.83  17.31  0.65 16.93 299.24  13.78  0.28 13.36 310.36  10.76  0.10 23.70 299.20  10.65
20040309 000000  4.2 219.9  2.70 15.14 224.28  24.78  4  2.61 15.07 220.30  16.89  0.63 16.75 299.12  13.80  0.26 13.09 310.49  10.65  0.12 23.38 299.79  10.86
20040309 030000  2.8 202.1  2.66 14.52 224.01  24.42  4  2.57 14.51 220.07  16.37  0.61 16.66 298.95  13.60  0.25 12.83 310.87  10.67  0.15 23.30 300.39  11.03
20040309 060000  3.9 209.5  2.63 14.34 223.98  24.29  4  2.54 14.33 219.95  15.93  0.61 16.60 298.90  13.36  0.24 12.76 311.19  10.58  0.16 23.23 300.26  11.10
20040309 090000  3.8 192.7  2.62 14.21 224.17  24.38  4  2.53 14.20 219.98  15.64  0.62 16.55 298.88  13.61  0.24 12.73 311.59  10.47  0.17 23.05 299.71  10.91
20040309 120000  2.9 165.2  2.65 13.93 224.38  24.27  4  2.55 13.99 220.14  15.36  0.63 16.50 298.99  14.12  0.23 12.72 311.84  10.38  0.19 22.13 299.07  10.69
20040309 150000  3.1 242.5  2.67 13.53 224.68  24.06  4  2.58 13.56 220.47  15.14  0.63 16.45 298.88  14.80  0.23 21.85 299.02  10.97  0.22 12.71 312.13  10.28
20040309 180000  6.0 234.3  2.68 13.35 225.36  23.88  4  2.59 13.37 221.31  15.44  0.61 16.36 298.69  15.25  0.26 21.79 299.54  11.47  0.21 12.70 312.24  10.25
20040309 210000  6.7 210.6  2.70 13.20 225.45  23.38  4  2.61 13.21 221.76  15.72  0.58 16.16 298.26  15.43  0.28 21.74 299.88  11.67  0.20 12.67 312.28  10.24
20040310 000000  6.0 187.4  2.66 12.86 225.20  23.14  4  2.58 12.89 221.74  15.97  0.55 15.79 298.47  14.57  0.28 21.60 299.77  11.49  0.18 12.56 312.87  10.30
20040310 030000  4.7 184.7  2.55 12.68 225.46  23.39  4  2.47 12.69 221.83  15.98  0.52 15.63 298.31  14.44  0.31 20.78 299.32  10.99  0.17 12.47 313.11  10.06
20040310 060000  6.2 192.0  2.44 12.62 226.28  24.25  4  2.35 12.63 222.05  15.97  0.52 15.54 298.66  14.44  0.36 20.44 298.87  10.89  0.16 12.35 312.69  10.22
20040310 090000  5.2 195.0  2.37 12.58 227.19  25.15  4  2.27 12.59 222.36  16.12  0.52 15.50 299.09  14.28  0.40 20.38 298.67  11.41  0.16 12.29 313.27  10.15
20040310 120000  3.2 200.2  2.34 12.53 228.09  25.38  4  2.24 12.54 223.00  15.97  0.52 15.47 299.59  14.31  0.41 20.34 298.64  11.98  0.16 12.19 313.43  10.02
20040310 150000  3.8 241.5  2.29 12.42 228.84  25.50  5  2.19 12.43 223.60  15.89  0.52 15.44 299.78  14.57  0.41 20.27 299.01  12.14  0.16 12.10 313.61   9.91  0.07 21.15 217.30   7.89
20040310 180000  4.6 244.2  2.23 12.24 229.81  25.81  5  2.12 12.26 224.33  16.12  0.50 15.39 299.72  14.72  0.42 19.97 299.27  11.82  0.15 12.03 313.80   9.84  0.10 20.45 218.26   7.46
20040310 210000  3.0 258.7  2.15 11.95 231.02  26.48  4  2.03 11.95 224.94  16.28  0.50 15.33 300.38  15.42  0.46 19.20 299.24  11.33  0.12 20.35 218.37   7.16
20040311 000000  1.2 231.6  2.08 11.74 232.25  27.22  6  1.94 11.73 225.48  16.31  0.52 19.07 299.10  11.30  0.45 15.19 298.68  15.37  0.18 16.34 217.92   9.95  0.18 19.29 218.04   7.50  0.13 11.85 315.27   9.03
20040311 030000  1.8 210.4  2.02 19.03 232.88  27.54  6  1.86 11.57 225.91  16.27  0.54 19.03 298.77  11.73  0.43 14.84 298.45  15.41  0.32 15.23 217.05   9.51  0.23 19.08 218.34   7.41  0.13 11.81 315.19   9.13
20040311 060000  3.4 214.9  1.98 18.99 232.98  27.75  6  1.80 11.37 225.94  16.31  0.55 19.00 298.78  11.97  0.41 14.63 299.03  15.18  0.37 14.92 217.51   9.63  0.25 19.00 218.51   7.36  0.12 11.75 315.12   9.49
20040311 090000  3.8 185.7  1.95 18.82 232.85  27.99  6  1.75 11.07 225.86  16.28  0.55 18.92 298.91  12.38  0.41 14.54 299.62  14.96  0.39 14.69 216.31  10.23  0.33 17.99 218.38   7.48  0.12 11.75 314.79   9.20
20040311 120000  1.4 137.7  1.90 18.20 233.08  28.51  6  1.67 10.89 225.77  16.18  0.55 18.68 299.37  12.21  0.45 14.33 217.49   9.78  0.41 14.49 300.27  14.68  0.38 17.83 218.26   7.45  0.12 11.72 314.77   9.16
20040311 150000  2.9 236.3  1.84 17.88 234.05  29.55  6  1.57 10.79 225.53  16.10  0.57 18.01 299.63  12.15  0.48 13.91 220.85  10.90  0.42 17.65 218.40   7.40  0.41 14.45 300.85  14.43  0.12 11.65 315.09   9.27
20040311 180000  6.8 228.4  1.82 17.70 235.21  30.72  6  1.48 10.73 226.16  17.23  0.61 17.84 300.00  11.87  0.59 12.99 220.62  10.15  0.48 16.81 218.34   7.45  0.40 14.42 300.53  14.83  0.11 11.57 315.26   9.21
20040311 210000  7.4 212.7  1.85 17.59 234.60  31.56  6  0.66  3.78 225.48  31.01  1.32 10.70 225.17  15.33  0.62 17.80 299.74  11.90  0.61 12.88 222.12   9.93  0.54 16.63 218.46   7.30  0.41 14.40 302.23  14.93
20040312 000000  4.1 197.4  1.79 17.58 234.78  32.30  5  1.20  9.09 222.83  21.97  0.95 10.67 226.65  12.24  0.63 17.76 299.70  12.11  0.56 16.45 218.29   7.28  0.40 14.38 302.37  14.97
20040312 030000  4.6 195.0  1.73 17.58 235.09  32.35  6  1.18  9.41 223.26  20.55  0.85 11.41 226.35  12.23  0.62 17.71 299.64  12.46  0.58 15.74 218.28   7.25  0.37 14.33 302.02  14.99  0.08 11.01 316.00   8.65
20040312 060000  5.3 194.0  1.68 17.49 234.93  32.39  5  1.07  8.95 221.89  20.76  0.89 11.61 227.19  12.23  0.63 15.54 218.72   7.37  0.62 17.61 299.66  12.62  0.36 14.16 303.63  15.18
20040312 090000  5.3 187.8  1.65 17.21 234.97  32.87  6  1.02  8.83 221.43  21.51  0.86 11.64 227.13  12.18  0.65 15.35 218.86   7.91  0.62 17.37 300.25  12.50  0.32 13.83 302.50  15.57  0.09 11.04 316.73   8.13
20040312 120000  3.3 192.7  1.60 16.62 235.85  33.31  6  0.96  8.77 221.86  22.06  0.87 11.45 227.07  12.34  0.64 14.84 218.67   7.51  0.62 16.87 300.32  12.67  0.31 13.66 303.41  15.18  0.09 11.03 316.66   8.26
20040312 150000  5.2 226.3  1.56 16.59 237.17  33.30  6  1.04 14.49 223.91  11.17  0.92  8.75 223.34  21.00  0.62 16.70 300.48  12.61  0.31 13.59 304.12  15.02  0.13 11.02 257.31   4.42  0.08 10.98 316.24   9.03
20040312 180000  6.5 221.7  1.57 16.57 237.73  33.39  7  0.91  8.24 224.29  22.70  0.82 14.36 222.32   9.32  0.65 10.83 226.02  11.82  0.61 16.63 300.63  12.63  0.32 13.57 303.93  15.38  0.20 10.62 257.93   4.66  0.09 11.01 316.92   7.89
20040312 210000  6.9 217.0  1.56 16.54 238.16  33.95  6  0.95  8.21 224.53  23.86  0.79 14.14 222.21   9.38  0.62 16.58 300.64  12.63  0.61 10.86 226.34  11.58  0.33 13.53 305.00  16.16  0.21 10.27 258.63   4.97
20040313 000000  3.6 223.7  1.51 16.51 239.30  34.90  6  0.58  4.03 226.09  32.83  0.96 13.68 223.96  10.46  0.70  8.17 222.88  17.66  0.64 16.54 299.59  13.13  0.27 13.52 314.47   7.32  0.22 10.19 258.53   4.90
20040313 030000  3.9 217.3  1.43 16.46 241.02  35.41  5  0.95 13.53 224.39  10.92  0.80  7.72 223.99  25.09  0.63 16.49 299.90  13.11  0.28 13.45 312.52   9.51  0.23 10.05 258.96   5.21
20040313 060000  4.6 205.9  1.37 16.36 242.01  35.60  5  0.92 13.51 224.23  11.10  0.73  7.65 224.30  24.56  0.61 16.40 300.67  12.70  0.30 13.30 308.23  15.29  0.24  9.55 257.17   6.65
20040313 090000  4.1 201.8  1.32 16.13 242.21  35.54  7  0.90 13.62 224.15  10.97  0.67  7.55 224.31  24.38  0.59 16.20 300.96  12.91  0.25  9.60 256.57   6.87  0.24 12.98 313.59   9.51  0.10 12.90 276.84   7.31  0.07 10.36 318.07   7.42
20040313 120000  3.2 228.2  1.28 15.65 241.98  35.01  6  0.92 13.78 225.00  11.63  0.59  7.16 223.94  24.61  0.55 15.80 301.17  13.17  0.27 12.89 307.20  16.91  0.23  9.50 258.76   4.89  0.07 10.33 318.11   7.35
20040313 150000  4.2 220.9  1.25 15.50 241.72  34.24  7  0.89 13.69 224.37  11.28  0.53  6.85 224.95  24.00  0.53 15.61 301.05  13.57  0.26 12.75 309.29  15.41  0.25  9.43 259.52   5.45  0.25 17.34 233.22   8.58  0.06 10.28 318.17   7.27
20040313 180000  5.4 230.5  1.26 15.46 241.04  33.47  7  0.53  6.98 226.77  24.41  0.90 13.58 223.98  11.05  0.53 15.52 300.81  13.44  0.29  9.06 256.20   7.87  0.28 17.10 234.00   8.98  0.23 12.66 315.83   8.10  0.06 10.27 318.21   7.24
20040313 210000  6.2 222.2  1.34 15.47 240.05  32.75  8  0.63  6.37 227.83  26.98  0.87 13.40 224.25  10.64  0.52 15.47 301.13  13.38  0.46 16.40 228.57  11.27  0.33  9.28 254.59   8.16  0.23 12.57 316.39   7.58  0.08 12.05 274.19   7.12  0.06 10.26 318.26   7.21
20040314 000000  1.6 226.8  1.36 15.48 239.89  32.52  7  0.97 13.03 228.39  14.03  0.55  6.11 226.02  29.41  0.53 15.44 300.86  13.86  0.51 16.34 228.54  10.98  0.22 12.41 315.09   9.92  0.08 17.82 310.92   5.83  0.06 10.24 318.37   7.25
20040314 030000  2.6 200.7  1.39 15.45 239.53  31.35  7  1.08 12.86 228.14  17.87  0.65 15.79 229.16  10.94  0.52 15.41 301.51  12.75  0.22 12.16 315.94   9.16  0.09 17.83 313.04   7.25  0.06 10.19 318.50   7.28  0.05 20.49 211.18   6.85
20040314 060000  5.4 192.9  1.44 15.36 237.57  29.97  7  0.43  5.73 219.16  29.42  0.97 12.69 230.04  13.73  0.79 15.36 227.11  11.15  0.52 15.37 301.26  13.51  0.21 11.95 317.08   8.82  0.09 17.89 313.83   7.59  0.06 20.39 211.07   6.66
20040314 090000  6.0 185.9  1.51 15.23 234.72  29.19  7  0.40  2.83 201.51  32.41  1.03 12.48 229.45  14.61  0.88 15.19 227.43  10.82  0.49 15.29 300.95  14.25  0.21 11.96 317.15   7.29  0.09 17.92 314.00   7.71  0.06 20.37 211.22   6.80
20040314 120000  5.4 164.9  1.56 14.83 232.95  28.62  5  0.43  3.03 193.27  34.65  1.39 14.72 228.89  12.54  0.46 15.12 302.48  12.93  0.23  5.64 222.68  22.90  0.20 11.83 317.86   7.01
20040314 150000  6.2 204.2  1.59 14.49 232.42  27.16  5  0.47  3.00 201.35  33.32  1.43 14.42 229.01  12.29  0.44 14.71 302.58  13.58  0.21 11.81 316.25   8.54  0.11 19.12 211.78   6.57
20040314 180000  8.1 216.4  1.68 14.27 232.16  25.75  5  0.65  3.45 219.60  30.42  1.46 14.16 228.74  12.05  0.43 14.54 303.46  13.32  0.19 11.64 317.69   7.83  0.11 19.12 212.44   6.35
20040314 210000  8.2 210.0  1.76 13.93 231.07  25.98  5  0.81  3.98 219.79  30.26  1.49 13.69 228.52  11.84  0.40 14.47 302.05  13.08  0.19 11.51 317.97   7.40  0.17 16.81 314.08   8.04
20040315 000000  6.3 192.8  1.78 13.62 229.95  26.38  6  0.82  4.29 215.79  31.64  1.49 13.47 228.49  11.56  0.40 14.43 302.73  13.00  0.21 18.11 213.15   6.35  0.18 16.80 312.49   9.42  0.17 11.24 318.59   6.86
20040315 030000  6.6 190.7  1.79 13.39 229.12  26.05  7  0.79  4.48 213.25  31.42  1.52 13.24 227.85  11.49  0.40 14.42 302.97  12.88  0.21 17.85 214.60   5.76  0.17 11.16 318.46   7.12  0.16 16.77 311.84   9.47  0.06 21.74 315.65   7.87
20040315 060000  8.4 191.1  1.87 12.97 227.14  25.88  5  0.86  4.58 208.95  30.01  1.60 12.86 226.97  11.49  0.43 14.43 304.20  12.76  0.17 11.14 317.35   8.42  0.06 21.72 315.60   8.21
20040315 090000  6.7 183.9  1.96 12.91 226.23  25.40  5  0.91  4.85 209.22  30.07  1.67 12.81 226.37  11.29  0.43 14.46 304.99  12.49  0.15 11.02 317.77   8.96  0.06 21.65 315.52   7.66
20040315 120000  5.8 177.7  2.02 14.36 226.43  24.21  5  0.87  5.18 210.98  30.23  1.77 14.25 225.93  11.25  0.42 14.49 305.65  12.61  0.16 11.09 317.73   8.69  0.07 20.42 314.33   8.70
20040315 150000  5.9 206.2  2.09 14.16 226.84  22.50  3  2.05 14.12 224.10  15.98  0.43 14.49 308.05  12.50  0.10 20.32 315.38   8.05
20040315 180000  7.3 212.4  2.24 13.77 226.54  20.87  3  2.20 13.73 224.35  15.16  0.41 14.03 308.31  12.41  0.12 20.31 315.58   8.11
20040315 210000  9.5 204.9  2.45 13.50 225.31  20.56  5  1.10  4.81 215.99  27.12  2.16 13.47 225.44  11.29  0.32 13.65 308.21  13.03  0.23 15.71 308.37  10.60  0.11 20.27 314.65   8.60
20040316 000000  7.0 205.0  2.53 13.53 225.14  20.91  4  2.50 13.50 223.64  17.20  0.31 13.56 307.29  13.26  0.23 15.60 310.09   9.75  0.11 19.56 313.00   9.00
20040316 030000  6.0 204.4  2.46 13.81 225.85  21.14  4  2.43 13.83 224.09  16.78  0.34 13.72 307.17  13.01  0.21 15.64 312.50   8.78  0.14 19.02 313.85   8.86
20040316 060000  7.0 205.8  2.34 13.67 226.37  21.90  3  2.30 13.65 224.16  16.45  0.41 15.23 309.01  12.20  0.18 19.00 315.01   8.42
20040316 090000  6.4 196.1  2.22 13.52 226.49  23.00  3  2.17 13.50 223.93  16.99  0.42 15.14 309.15  12.17  0.18 19.00 315.42   8.34
20040316 120000  6.2 192.3  2.06 13.39 226.93  23.71  3  2.02 13.36 224.13  17.47  0.41 14.01 309.00  12.25  0.16 18.91 313.50   8.93
20040316 150000  7.1 217.0  1.93 13.13 227.71  24.36  3  1.88 13.03 224.58  17.73  0.40 14.13 308.72  12.32  0.17 17.96 311.53   9.55
20040316 180000  9.6 215.8  1.98 12.83 227.46  25.49  5  1.15  4.99 220.77  27.11  1.55 12.78 226.01  12.36  0.39 14.38 308.46  12.72  0.22 17.76 312.82   8.83  0.05 21.75 299.90  10.74
20040316 210000 10.4 201.4  2.13 12.76 225.73  26.90  5  1.43  5.42 218.69  28.13  1.52 12.72 225.97  11.57  0.39 14.46 309.00  12.43  0.24 17.75 313.96   8.66  0.06 21.69 300.52  10.87
20040317 000000 10.9 200.8  2.32 12.74 223.20  27.49  5  1.64  5.81 214.34  28.75  1.58 12.69 226.83  11.06  0.39 14.46 309.49  12.36  0.23 17.75 314.17   8.74  0.05 21.70 301.99   9.83
20040317 030000 10.4 186.4  2.44 12.58 222.60  27.48  5  1.67  6.08 211.37  30.08  1.72 12.54 228.06  11.01  0.40 14.42 309.62  12.14  0.19 17.77 313.34   9.52  0.15 21.78 224.12   7.97
20040317 060000 11.6 191.4  2.63 12.27 222.07  26.83  5  1.77  6.25 209.43  29.71  1.86 12.23 228.86  10.97  0.38 14.36 309.56  12.38  0.37 20.47 225.76   8.57  0.22 16.81 310.28   9.54
20040317 090000 11.8 186.1  3.03 12.26 222.49  25.58  7  2.05  6.75 211.13  29.19  2.01 12.21 229.30  10.72  0.87 19.06 226.41   8.90  0.33 14.21 307.95  11.17  0.26 16.60 311.49   8.76  0.11 10.25 325.86   8.69  0.10 20.23 299.62  10.32
20040317 120000 10.0 172.4  3.55 17.58 224.11  23.15  6  2.15  7.30 212.99  29.55  2.12 14.08 229.37  10.27  1.80 17.73 226.92   9.99  0.34 14.10 309.06  11.68  0.29 16.60 311.97  10.08  0.11 20.26 300.74   9.82
20040317 150000 10.5 198.5  3.98 16.96 225.67  19.78  4  2.00  7.52 215.39  29.05  3.41 17.06 227.79  10.30  0.33 13.91 309.26  11.58  0.30 16.60 311.54   9.52
20040317 180000 12.7 205.5  4.48 16.54 225.17  18.70  3  4.46 16.54 224.66  17.34  0.33 13.81 309.34  11.49  0.26 16.61 310.99   9.69
20040317 210000 13.6 204.1  4.80 16.24 224.54  19.35  3  2.78  8.12 216.88  26.10  3.89 16.24 227.50  11.17  0.40 13.74 309.50  10.96
20040318 000000  8.5 188.2  4.79 15.80 224.40  20.09  2  4.77 15.82 223.98  19.08  0.40 15.38 309.50  10.48
20040318 030000  8.9 198.5  4.49 15.49 224.95  19.61  3  4.47 15.49 224.39  18.22  0.40 15.45 310.32  10.22  0.16 18.91 300.91   9.59
20040318 060000  9.5 193.4  4.19 15.31 224.79  19.42  3  4.17 15.29 224.12  17.72  0.41 15.48 310.31  10.32  0.17 18.95 301.15   9.91
20040318 090000  8.7 187.0  3.98 15.08 224.34  19.52  3  3.95 15.03 223.65  17.75  0.40 15.50 309.71  10.64  0.16 19.01 302.35  10.32
20040318 120000  6.5 187.4  3.79 14.67 224.36  19.21  3  3.77 14.65 223.71  17.53  0.37 15.49 309.11  10.86  0.15 19.07 304.07  10.38
20040318 150000  7.7 208.6  3.59 14.42 224.52  18.83  3  3.57 14.42 223.87  17.13  0.35 15.26 308.14  11.11  0.14 21.64 306.91   9.28
20040318 180000  9.6 213.0  3.44 14.24 224.29  19.18  3  3.42 14.23 223.53  17.24  0.36 14.48 307.70  10.89  0.14 21.54 305.82   9.92
20040318 210000  9.7 205.0  3.32 13.95 223.84  20.38  4  3.29 13.88 222.83  17.96  0.36 14.49 309.09  10.44  0.18 17.66 298.93  10.12  0.16 21.43 305.48   9.80
20040319 000000  7.0 198.8  3.19 13.59 223.58  21.54  4  3.15 13.56 222.31  18.66  0.37 14.52 309.08  10.51  0.21 17.72 298.92  10.58  0.18 21.21 305.13   9.69
20040319 030000  8.1 193.6  3.03 13.41 223.29  22.26  4  3.00 13.39 221.84  19.08  0.37 14.53 308.80  10.74  0.21 20.75 304.77   9.64  0.20 17.73 298.60  11.58
20040319 060000  7.2 185.4  2.90 13.17 222.84  22.59  4  2.87 13.16 221.38  19.43  0.35 14.54 308.42  10.92  0.22 20.51 305.13   9.53  0.18 17.77 299.79  12.86
20040319 090000  6.8 182.2  2.80 12.79 222.82  22.45  3  2.77 12.77 221.42  19.41  0.32 14.51 307.98  11.08  0.28 20.34 303.55  11.95
20040319 120000  6.9 192.2  2.74 12.59 222.76  22.40  3  2.70 12.57 221.33  19.28  0.32 14.33 307.07  11.18  0.27 20.25 304.62  10.69
20040319 150000  7.3 202.8  2.67 12.41 223.05  22.75  4  2.64 12.39 221.34  19.10  0.32 13.96 307.47  10.75  0.29 20.13 304.59  10.28  0.13 16.67 296.97   8.34
20040319 180000  9.0 215.4  2.64 12.10 223.70  23.48  5  2.07  9.40 221.49  21.96  1.56 12.06 221.68  12.48  0.31 19.88 304.08  10.11  0.31 13.81 307.79  10.87  0.23 16.64 300.89  10.33
20040319 210000  9.9 207.8  2.68 11.90 223.48  24.57  5  2.22  9.36 220.80  22.20  1.40 11.87 221.76  12.48  0.33 19.44 304.03  10.61  0.32 13.77 307.52  10.93  0.25 16.75 300.62  11.70
20040320 000000  7.2 187.0  2.67 11.80 222.94  25.58  6  2.27  8.99 220.33  23.27  1.30 11.79 220.85  11.71  0.34 19.23 304.25  10.63  0.32 13.75 307.78  11.11  0.26 16.78 300.78  12.01  0.06 19.90 224.15   7.56
20040320 030000  7.2 196.2  2.56 11.71 223.03  25.76  5  2.20  8.79 220.66  23.19  1.19 11.71 219.84  11.19  0.42 19.03 303.34  11.55  0.30 13.72 307.85  11.14  0.11 19.09 224.95   8.49
20040320 060000  7.3 188.3  2.44 11.58 223.12  25.61  5  2.07  8.79 220.47  23.02  1.19 11.59 220.27  10.65  0.42 18.96 303.66  11.33  0.28 13.67 307.55  11.32  0.18 18.68 224.25   8.32
20040320 090000  5.9 182.8  2.37 11.29 223.69  25.41  5  1.86  8.77 220.29  23.10  1.35 11.25 221.45  11.90  0.43 18.83 304.15  10.64  0.28 13.59 306.43  11.56  0.27 17.85 224.59   8.97
20040320 120000  3.6 188.1  2.37 10.94 224.66  25.01  4  2.27 10.92 221.34  18.95  0.47 18.56 304.29  10.55  0.43 17.35 223.82   9.04  0.27 13.50 305.81  11.43
20040320 150000  4.1 216.4  2.40 10.79 225.37  24.52  4  2.24 10.77 221.80  18.07  0.64 16.54 223.67   9.19  0.50 18.05 304.07  10.74  0.26 13.42 306.68  10.93
20040320 180000  6.1 220.7  2.43  9.17 225.85  23.99  4  2.20  9.17 222.03  17.47  0.85 16.05 224.41   8.81  0.53 17.87 303.84  10.94  0.25 13.32 307.71  10.79
20040320 210000  7.5 209.6  2.47 15.54 225.78  23.46  4  1.97 10.86 222.39  18.42  1.38 15.43 222.35   9.57  0.53 17.80 303.63  11.30  0.25 13.29 307.44  11.25
20040321 000000  4.3 181.8  2.51 15.23 225.79  22.81  3  2.44 15.05 222.52  15.39  0.53 17.75 303.64  11.37  0.24 13.25 307.23  11.64
20040321 030000  3.6 214.9  2.57 15.10 226.03  21.92  3  2.50 14.85 222.87  14.30  0.54 17.67 303.80  11.34  0.24 13.14 306.66  12.30
20040321 060000  4.5 204.4  2.66 15.17 226.11  21.18  3  2.59 14.78 223.05  13.40  0.56 17.49 303.95  11.31  0.23 12.93 306.29  12.39
20040321 090000  3.5 189.9  2.74 16.20 225.94  20.62  3  2.67 14.86 223.00  12.81  0.57 17.06 304.13  11.29  0.22 12.80 306.45  11.96
20040321 120000  1.9 174.5  2.77 16.13 225.73  20.25  3  2.71 15.20 222.88  12.43  0.57 16.76 304.40  11.19  0.22 12.72 305.90  12.34
20040321 150000  3.6 267.4  2.76 15.39 225.76  20.35  2  2.69 15.18 222.92  12.63  0.60 16.68 304.56  11.41
20040321 180000  3.8 238.1  2.71 15.06 225.72  20.46  3  2.64 15.02 222.80  12.55  0.57 16.64 304.11  11.17  0.19 12.56 308.12  11.65
20040321 210000  4.3 218.7  2.62 14.67 225.78  20.79  3  2.55 14.63 222.66  12.43  0.57 16.60 304.00  11.20  0.19 12.53 307.47  12.35
20040322 000000  1.8 170.7  2.51 14.49 225.97  21.40  3  2.44 14.44 222.50  12.29  0.58 16.53 303.69  11.39  0.19 12.52 308.07  11.80
20040322 030000  2.9 207.6  2.39 14.37 226.35  22.23  3  2.31 14.29 222.38  12.12  0.59 16.40 303.59  11.55  0.18 12.45 307.90  11.99
20040322 060000  6.6 193.5  2.29 14.23 226.22  23.41  3  2.20 14.13 221.81  12.83  0.59 16.18 303.57  11.80  0.17 12.34 307.80  12.14
20040322 090000  5.3 174.4  2.18 13.95 226.09  24.73  4  2.09 13.83 221.29  14.06  0.59 15.81 303.76  11.90  0.17 12.15 307.05  12.92  0.05 20.38 211.37   5.52
20040322 120000  3.2 167.3  2.06 13.67 226.66  25.28  2  1.97 13.62 221.48  14.02  0.60 15.66 304.13  12.03
20040322 150000  3.2 211.0  1.96 13.51 227.26  25.49  3  1.87 13.48 221.83  13.75  0.58 15.60 304.15  11.92  0.10 19.16 211.21   6.26
20040322 180000  6.1 228.1  1.89 13.41 227.70  25.69  3  1.80 13.38 222.16  13.96  0.57 15.55 304.05  11.78  0.11 19.05 212.75   6.74
20040322 210000  6.8 211.4  1.88 13.29 227.66  26.40  5  0.94  6.62 222.04  24.36  1.52 13.24 222.12  10.06  0.55 15.50 303.37  11.51  0.14 18.75 213.28   6.78  0.13 11.71 314.51   9.05
20040323 000000  5.4 188.4  1.85 12.98 227.69  27.58  5  0.96  6.31 220.11  25.79  1.46 12.90 222.37  10.17  0.56 15.44 303.33  11.53  0.17 17.94 211.49   6.12  0.14 11.72 310.60  12.20
20040323 030000  7.2 189.7  1.82 12.73 227.28  28.90  4  0.98  6.00 216.63  26.84  1.41 12.69 222.79  10.61  0.58 15.37 303.58  11.87  0.19 17.81 211.43   5.85
20040323 060000  9.6 180.9  1.87 12.61 223.89  31.04  4  1.12  5.80 208.27  29.04  1.36 12.58 223.35  10.97  0.58 15.27 303.41  12.17  0.22 17.68 212.60   6.41
20040323 090000  8.7 185.8  1.90 12.46 222.49  31.38  4  1.23  5.59 207.79  29.32  1.32 12.44 223.78  11.28  0.56 15.13 303.24  12.49  0.26 16.91 212.38   6.75
20040323 120000  7.6 183.8  1.88 12.12 223.44  30.63  4  1.25  5.83 212.21  29.59  1.26 12.12 223.61  11.11  0.54 14.86 303.15  12.62  0.30 16.66 212.81   6.63
20040323 150000  7.7 199.0  1.83 11.87 225.09  29.49  4  1.22  5.98 216.54  28.88  1.22 11.87 223.85  11.43  0.51 14.69 303.00  12.74  0.32 16.61 213.35   6.83
20040323 180000 10.5 215.8  1.94 11.76 225.61  27.69  3  1.84 11.75 222.02  21.70  0.48 14.59 302.99  12.53  0.36 16.39 213.52   7.85
20040323 210000 10.7 207.1  2.15 11.63 225.19  27.83  3  2.06 11.62 222.50  23.61  0.47 14.52 302.93  12.34  0.39 15.73 213.92   7.54
20040324 000000  7.7 196.1  2.14 11.31 225.31  28.88  4  1.72  6.38 222.21  28.75  1.09 11.31 223.46  11.59  0.47 14.46 302.90  12.17  0.44 15.53 215.90   9.69
20040324 030000  9.1 193.4  2.07 11.14 224.76  29.30  4  1.64  6.51 220.59  29.18  1.09 11.14 224.41  12.72  0.47 14.42 302.77  12.25  0.46 15.47 215.56   8.06
20040324 060000  9.5 191.8  2.09 14.54 222.68  29.65  4  1.73  6.57 219.40  29.10  0.92 11.07 220.84   8.56  0.56 15.17 217.15   9.77  0.46 14.39 302.69  12.29
20040324 090000  8.5 182.4  2.12 14.41 221.78  29.53  4  1.77  6.89 218.58  29.08  0.91 11.01 220.95   8.69  0.55 14.67 215.88   8.78  0.45 14.36 302.47  12.62
20040324 120000  8.3 181.8  2.12 14.29 222.02  28.86  4  1.81  7.30 219.53  28.31  0.83 10.99 220.16   8.73  0.60 14.40 217.09   8.92  0.43 14.33 302.53  12.76
20040324 150000  8.5 203.0  2.18 14.14 222.84  26.80  5  1.87  7.58 221.27  26.33  0.74 11.49 220.33   8.74  0.74 14.07 217.91   9.22  0.40 14.26 302.49  12.89  0.08 20.84 217.67   6.88
20040324 180000 10.6 210.8  2.41  7.82 222.15  24.91  4  2.15  7.82 221.24  24.39  1.02 13.34 218.50   8.97  0.37 14.05 302.46  13.07  0.14 20.30 218.14   6.92
20040324 210000 10.6 207.4  2.73  7.97 221.33  24.45  5  2.50  7.97 220.53  24.22  1.00 12.84 219.28   9.09  0.35 13.71 301.91  13.40  0.23 19.29 218.34   7.06  0.05 17.78 313.38   8.81
20040325 000000  5.1 199.1  2.78  8.31 221.12  24.69  5  2.62  8.31 220.43  24.24  0.81 12.86 218.63   9.07  0.34 18.80 218.71   7.15  0.33 13.58 301.72  13.52  0.06 17.77 313.46   8.89
20040325 030000  7.1 199.6  2.61  8.39 221.48  24.21  5  2.51  8.39 220.62  23.09  0.56 17.86 220.70   8.60  0.32 13.54 302.41  12.44  0.29 13.59 213.57   3.92  0.05 17.77 313.12   8.93
20040325 060000  5.6 196.2  2.44  8.31 221.67  23.49  5  2.18  8.31 220.75  23.31  0.72 12.23 219.64   9.22  0.67 17.39 220.83   8.84  0.35 13.88 216.21   5.14  0.33 13.53 301.74  12.95
20040325 090000  5.3 181.3  2.40 16.61 222.09  22.44  4  2.08  8.35 221.20  22.39  0.81 16.62 221.03   8.70  0.81 13.14 219.04   8.63  0.34 13.54 302.53  12.28
20040325 120000  6.3 182.1  2.40 16.19 222.16  21.50  5  1.99  8.46 221.16  21.82  0.95 12.84 220.90   8.87  0.87 16.18 220.28   9.17  0.33 13.54 302.17  12.12  0.08 16.67 313.80   7.99
20040325 150000  5.9 208.3  2.37 15.44 222.22  20.54  5  1.82  8.35 221.44  21.77  1.06 15.45 219.73   9.22  1.03 12.38 221.38   9.14  0.32 13.52 301.26  13.60  0.09 16.64 312.59   9.05
20040325 180000  8.9 216.0  2.40 15.10 222.11  19.72  5  1.74  8.06 221.33  22.00  1.26 15.12 219.13   9.55  1.02 11.75 223.57   8.29  0.30 13.50 301.93  13.02  0.10 16.64 312.13   9.26
20040325 210000  9.3 200.3  2.56 14.40 220.80  20.35  4  1.90  7.70 219.41  23.30  1.69 14.44 220.80   9.74  0.27 13.44 302.41  12.75  0.09 16.64 311.25   9.33
20040326 000000  3.6 196.7  2.63 14.21 220.52  20.93  4  1.95  7.63 219.25  24.65  1.75 14.24 220.60   9.77  0.26 13.29 301.77  13.50  0.09 16.57 311.39   9.41
20040326 030000  7.0 201.1  2.55 13.83 220.64  20.74  3  1.83  7.79 219.83  24.83  1.75 13.96 220.08   9.81  0.27 13.13 303.35  12.89
20040326 060000  7.4 191.4  2.41 13.46 220.15  20.84  4  1.73  7.73 218.95  24.33  1.66 13.49 219.72  10.15  0.25 13.03 301.59  12.51  0.12 15.68 312.42   8.86
20040326 090000  6.3 185.6  2.30 13.36 220.27  20.79  4  1.64  7.72 219.47  23.84  1.59 13.38 219.15  10.12  0.26 12.99 301.19  12.71  0.14 15.63 311.44   9.42
20040326 120000  6.4 186.3  2.24 13.26 220.47  20.57  3  2.22 13.28 219.45  18.12  0.25 12.94 301.17  12.65  0.15 15.62 310.67   9.63
20040326 150000  6.3 200.8  2.18 12.91 220.44  20.34  3  2.16 12.92 219.41  17.83  0.25 12.87 301.52  12.33  0.14 15.62 309.43   9.70
20040326 180000  9.1 215.6  2.17 12.64 220.06  20.40  4  1.59  8.10 219.89  22.46  1.45 12.62 218.18  10.31  0.24 12.80 302.06  12.16  0.14 15.60 308.45   9.59
20040326 210000  8.9 207.0  2.21 12.51 219.38  21.62  4  1.69  7.72 219.10  23.70  1.39 12.48 217.54  10.47  0.24 12.73 303.33  12.39  0.13 15.59 307.15   9.78
20040327 000000  5.2 197.6  2.17 12.41 218.96  22.77  5  1.66  7.20 218.40  25.00  1.36 12.38 216.87  10.27  0.22 12.68 302.44  11.68  0.17 15.03 309.94  10.01  0.15 10.71 257.13   4.74
20040327 030000  5.8 200.0  2.07 12.32 219.03  23.17  6  1.53  7.05 218.67  25.06  1.35 12.26 215.64  10.63  0.24 10.34 257.34   4.46  0.22 12.63 302.12  11.81  0.19 14.79 310.16   9.90  0.06 21.98 215.52   7.57
20040327 060000  5.6 183.2  1.96 12.20 218.83  23.47  6  1.35  6.95 218.48  25.29  1.34 12.07 214.09  10.24  0.34 10.12 255.27   6.60  0.22 12.61 301.91  11.66  0.21 14.76 309.82   9.87  0.07 21.66 215.99   7.89
20040327 090000  2.4 168.8  1.86 12.12 218.86  23.55  6  1.36 12.02 213.59  10.94  1.16  6.83 218.13  24.92  0.38 10.03 259.33   5.20  0.22 12.58 301.73  11.65  0.21 14.77 309.30   9.85  0.08 21.52 216.08   8.02
20040327 120000  2.1 186.1  1.78 12.14 219.03  23.52  6  1.36 12.05 212.41  10.42  1.00  6.64 218.26  24.11  0.46  9.75 258.98   6.65  0.21 12.57 302.30  11.22  0.21 14.77 308.38   9.74  0.10 21.22 216.51   8.08
20040327 150000  2.7 255.8  1.72 12.27 219.25  23.59  7  1.39 12.17 212.44  10.83  0.84  6.56 218.63  24.29  0.47  9.68 260.80   5.46  0.21 14.69 308.17  10.01  0.21 12.54 302.35  11.15  0.11 20.54 216.67   8.11  0.05 17.82 317.53   9.17
20040327 180000  2.8 259.5  1.66 12.41 219.68  23.90  5  1.55 12.39 213.53  14.84  0.50  9.57 261.51   5.98  0.22 12.61 305.36  12.00  0.19 14.65 306.40   9.81  0.13 20.31 217.07   8.12
20040327 210000  1.1 279.4  1.61 12.43 220.31  24.55  5  1.33 12.43 212.04  10.75  0.65  6.21 218.21  22.42  0.52  9.46 262.08   6.79  0.30 14.35 307.10  11.18  0.15 20.20 217.54   8.00
20040328 000000  4.7 343.9  1.55 12.35 221.94  28.01  5  1.42 12.37 213.80  18.78  0.51  9.30 262.95   7.40  0.26 14.21 310.37  10.39  0.19 11.95 301.55  12.67  0.16 19.93 218.06   8.27
20040328 030000  3.7 336.4  1.48 12.16 223.60  30.47  7  1.21 12.24 211.89  10.62  0.57  6.19 227.46  41.47  0.52  9.04 263.92  12.09  0.26 14.08 309.61  10.46  0.18 19.25 218.01   8.32  0.18 11.87 302.76  12.67  0.10 16.65 316.99   9.41
20040328 060000  5.1 353.2  1.42 11.99 226.20  34.30  6  1.26 12.03 214.89  23.76  0.53  8.88 269.55  24.46  0.27 14.08 309.46  10.56  0.20 19.04 218.08   8.08  0.18 11.83 303.72  12.46  0.11 16.67 316.92   9.64
20040328 090000  8.0 346.9  1.46 11.90 240.79  48.83  8  0.68  3.65 336.38  28.23  1.07 11.91 212.51  11.06  0.48  8.72 265.27   7.45  0.36  5.79 214.99  16.39  0.27 14.10 309.09  10.47  0.22 18.93 218.51   8.00  0.19 11.81 305.20  13.15  0.11 16.71 316.54  10.10
20040328 120000  9.8 354.2  1.69 11.85 281.45  58.25  7  1.18  4.88 338.89  27.25  1.04 11.85 212.72  11.19  0.47  8.53 265.81   8.30  0.26 14.07 308.01   9.81  0.23 18.76 219.24   8.12  0.20 11.84 308.05  14.38  0.10 16.75 316.14  11.06
20040328 150000 11.7 351.5  2.02 11.82 314.13  53.19  6  1.66  5.84 340.06  25.21  0.96 11.81 212.98  10.96  0.43  8.33 267.45   8.34  0.29 13.93 310.07  10.71  0.25 18.05 218.98   8.22  0.19 11.79 307.48  14.53
20040328 180000 10.5 343.7  2.24  6.74 322.62  47.95  6  1.96  6.70 338.94  25.06  0.91 11.78 213.23  10.78  0.39  8.20 267.96  10.63  0.36 13.70 310.20  11.94  0.23 17.86 218.52   8.52  0.13 20.41 220.94   6.05
20040328 210000  8.2 339.3  2.20  7.17 320.66  47.67  6  1.93  7.12 336.94  25.69  0.89 11.77 213.54  10.31  0.34  8.09 268.41   9.76  0.33 13.52 309.15  12.12  0.28 17.87 219.53   8.19  0.18 15.65 316.60  10.58
20040329 000000  6.7   3.0  2.02  7.16 314.90  50.91  7  1.70  7.11 336.79  26.50  0.91 11.75 214.39  10.30  0.33 13.41 308.55  11.23  0.32  7.89 269.20   8.97  0.29 18.71 219.64   8.19  0.18 15.67 316.45  10.96  0.06 11.06 335.10   1.16
20040329 030000  3.9  17.4  1.81 11.77 303.14  54.34 10  1.43  6.86 335.88  27.16  0.94 11.72 215.39  10.31  0.32  7.74 270.10   8.97  0.29 13.37 309.10  10.38  0.22 19.08 220.93   8.29  0.21 16.90 217.32   6.85  0.16 15.69 317.53   7.14  0.14 11.13 306.83  12.95  0.08 11.06 335.03   0.72  0.05 19.04 288.66  12.88
20040329 060000  3.5 356.7  1.65 11.72 289.09  55.62 10  1.21  6.54 334.51  27.75  0.95 11.69 216.37  10.24  0.34  7.46 270.45   9.29  0.30 13.38 309.76  10.08  0.22 16.84 217.62   6.74  0.22 19.05 221.11   8.40  0.15 15.69 317.15   7.27  0.12 11.06 304.56  13.36  0.09 10.95 333.96   3.17  0.06 18.97 288.45  12.79
20040329 090000  4.7 356.6  1.56 11.63 278.25  54.94  7  1.07  6.24 332.50  28.88  0.96 11.62 217.38  10.25  0.35  7.31 271.68  10.83  0.35 13.46 310.72  10.80  0.31 18.45 219.39   8.37  0.13 11.16 329.52   6.96  0.12 11.08 302.42  10.41
20040329 120000  4.6  25.2  1.50 11.52 270.43  53.47  9  0.97  6.00 330.30  30.21  0.96 11.54 218.62  10.73  0.36 13.65 312.78  10.19  0.34  7.15 272.28   9.22  0.34 17.72 219.80   7.92  0.13 11.16 304.83  10.22  0.10 10.41 333.04   4.02  0.08 17.99 291.31  12.28  0.07 11.38 256.94   3.96
20040329 150000  2.2  10.7  1.48 11.41 263.74  50.70  8  1.01 11.40 221.17  12.67  0.77  5.94 338.86  23.91  0.56  6.90 282.74  15.40  0.40 14.06 312.90  10.53  0.30 17.78 219.82   7.95  0.12 15.51 215.00   0.00  0.09 10.26 333.43   4.05  0.08 17.97 288.77  12.39
20040329 180000  2.9 326.0  1.51 11.44 258.24  47.07  9  1.01 11.43 220.46  11.32  0.66  6.83 288.55  19.16  0.63  5.72 342.00  21.83  0.38 14.26 312.56  10.19  0.37  9.49 249.92   8.28  0.26 17.80 220.57   8.37  0.23 15.98 221.07   6.20  0.12 10.32 331.93   5.23  0.09 17.91 291.49  13.98
20040329 210000  2.9 304.5  1.61 12.25 252.28  42.77  9  1.16 11.93 223.96  13.26  0.69  6.52 295.01  20.21  0.52  5.59 342.79  23.28  0.47  8.87 251.20  10.78  0.36 16.75 219.97   8.09  0.29 12.68 310.21  12.04  0.24 14.65 316.65   6.78  0.12 10.21 331.75   5.08  0.08 17.90 294.72  13.40
20040330 000000  2.3   4.7  1.77 11.89 246.84  38.12  5  1.52 11.80 231.49  17.47  0.76  5.67 316.64  26.67  0.30 12.55 315.05  13.39  0.30 16.72 219.10   7.78  0.26 14.47 312.59  10.57
20040330 030000  2.6 321.0  1.89 11.56 243.92  34.95  7  1.68 11.51 232.31  16.93  0.71  6.32 316.70  25.34  0.31 16.60 218.17   7.26  0.29 12.58 311.69  12.20  0.25 14.35 314.43  11.47  0.11  9.65 330.94   5.46  0.07 17.87 312.32   7.05
20040330 060000  3.3  29.9  1.89 11.24 243.15  34.54  7  1.70 11.22 232.16  16.61  0.68  6.05 318.09  28.04  0.38 13.56 314.70  10.02  0.24 16.65 219.76   7.06  0.11  9.64 330.71   5.93  0.09 16.83 285.95   8.90  0.06 17.88 315.20   5.62
20040330 090000  4.5  22.6  1.79 11.03 243.72  35.37  5  1.59 11.01 232.98  17.67  0.62  5.82 321.84  27.64  0.39 13.59 312.35  11.13  0.32 16.03 217.29   8.50  0.15  9.90 332.11   5.31
20040330 120000  6.2  28.0  1.67 10.79 246.79  40.52  7  0.66  5.95 333.02  31.32  1.43 10.79 233.48  18.76  0.38 15.43 215.99  10.18  0.36 13.59 314.78   9.33  0.14 10.09 331.54   6.07  0.11 16.94 287.79  11.96  0.08 16.90 311.87   4.64
20040330 150000  6.3   5.3  1.60 10.46 252.97  45.61  8  0.75  5.93 334.47  29.80  1.28 10.46 233.81  19.94  0.39 15.33 215.75   8.80  0.34 13.57 314.56   8.98  0.16 15.83 194.46   2.28  0.15 10.16 332.12   5.48  0.12 16.73 309.11   8.45  0.09 16.85 280.37  10.66
20040330 180000  6.3 333.3  1.57 10.27 261.75  47.84  7  0.88  6.00 327.25  24.93  1.15 10.26 233.52  20.47  0.37 15.28 219.07   6.85  0.33 13.48 315.10   9.25  0.29 15.30 197.27   4.80  0.17 16.63 302.16  15.73  0.13  9.72 332.76   5.67
20040330 210000  7.4 349.6  1.69 10.06 279.28  49.87  8  1.16  6.62 325.17  23.39  1.04 10.06 233.77  21.07  0.38 14.70 218.79   7.05  0.37 14.84 197.84   5.08  0.31 13.33 315.16   9.30  0.17 16.57 302.09  15.19  0.12 10.03 335.18   1.89  0.05 20.75 310.39   8.21
20040331 000000  6.4  15.0  1.90  7.71 294.10  48.00  8  1.52  7.40 322.36  25.07  0.68 10.26 220.01  13.35  0.58  9.27 250.19  12.15  0.49 14.56 200.62   7.56  0.37 14.24 219.48   6.00  0.31 13.16 315.82   9.35  0.18 16.47 301.06  14.40  0.07 20.42 310.71   8.19
20040331 030000  7.3 351.3  1.93  7.69 297.50  47.85  8  1.57  7.52 323.12  25.42  0.59 10.20 218.41  12.67  0.58  9.05 251.24  12.20  0.49 13.38 199.98   7.50  0.44 14.41 215.78   7.54  0.33 13.03 315.88   9.11  0.19 16.24 300.38  14.55  0.08 20.37 310.56   8.15
20040331 060000  6.7 327.1  1.82  7.48 294.75  49.37  8  1.43  7.38 324.40  25.26  0.58 13.26 204.28  11.74  0.57  8.70 253.40  12.82  0.53  9.97 217.15  12.49  0.40 14.44 214.95   6.54  0.34 12.97 315.80   9.02  0.20 15.91 299.53  14.29  0.08 20.35 310.02   8.20
20040331 090000  5.8 339.0  1.67 13.43 289.40  50.88  7  1.23  7.18 326.24  24.87  0.87 13.60 211.32  13.02  0.57  8.23 258.54  12.91  0.33 12.93 315.77   8.99  0.24 15.59 303.59  14.64  0.09 20.01 310.79   7.83  0.07 22.32 237.78   7.61
20040331 120000  7.0   7.2  1.55 13.30 289.37  53.05  7  1.11  6.92 331.51  25.99  0.82 13.39 210.38  12.54  0.56  8.03 258.67  12.67  0.32 12.88 315.45   8.84  0.24 15.53 304.23  14.56  0.12 19.19 310.92   8.20  0.11 21.87 237.93   7.61
20040331 150000  6.2 358.4  1.46 13.20 290.40  53.20  7  1.03  6.77 333.57  25.62  0.76 13.28 209.87  12.26  0.54  7.90 261.54  13.60  0.31 12.79 315.43   8.83  0.23 15.50 304.46  14.37  0.16 21.28 238.05   7.56  0.14 19.08 311.16   8.29
20040331 180000  6.7 356.8  1.41 12.96 292.03  51.26  8  1.01  6.53 330.54  26.03  0.70 13.14 209.99  12.49  0.51  7.72 263.78  12.30  0.31 12.69 315.59   8.59  0.23 20.56 237.76   7.92  0.21 15.50 303.56  14.48  0.14 19.05 311.04   8.47  0.14  9.19 333.22   6.32
20040331 210000  5.2   4.8  1.42 12.73 290.77  47.48  9  1.05  6.40 321.16  29.24  0.61 12.83 209.09  11.78  0.49  7.04 266.28  11.82  0.32 20.15 237.45   7.94  0.30 12.58 315.61   8.64  0.23 15.30 304.15  14.33  0.15 18.92 310.99   8.12  0.14 16.35 226.15   7.08  0.14  9.08 333.41   4.34
20040401 000000  4.7 341.2  1.47 19.26 285.82  43.09  8  1.20  7.18 302.79  31.67  0.53 12.65 208.19  11.20  0.41 19.41 237.92   7.73  0.30 12.46 315.72   8.71  0.25 15.62 225.40   7.17  0.25 14.79 305.26  14.54  0.18 18.15 311.01   8.21  0.13  9.18 332.85   4.80
