Date     Time   Uabs UDir  hs    tp    th     sp     np hs(i) tp(i) th(i)  sp(i)
20000401 000000  5.5 173.0  3.28 15.41 228.98  22.58  4  3.19 15.23 225.81  16.31  0.62 16.31 300.85  12.57  0.34 21.80 295.24  11.91  0.28 13.17 310.69  11.25
20000401 030000  4.7 190.8  3.13 15.14 229.23  22.13  4  3.05 14.88 225.99  15.48  0.62 16.04 301.11  12.62  0.34 21.73 295.70  11.93  0.21 12.53 315.24   8.25
20000401 060000  2.9 179.4  3.01 14.76 229.40  21.93  4  2.92 14.57 225.96  14.71  0.59 15.78 300.90  12.66  0.38 21.39 294.59  12.29  0.21 12.54 315.36   8.21
20000401 090000  2.8 195.0  2.90 14.52 229.63  22.25  4  2.80 14.38 225.77  14.18  0.57 15.64 301.05  12.40  0.42 20.57 294.54  11.25  0.23 12.58 312.70  11.15
20000401 120000  2.3 165.1  2.80 14.34 229.81  23.04  4  2.69 14.21 225.32  13.88  0.57 15.55 300.94  12.31  0.47 20.43 294.45  11.52  0.24 12.61 312.95  10.57
20000401 150000  1.7 290.1  2.68 14.15 230.03  23.98  4  2.56 14.01 224.87  13.66  0.58 15.50 301.19  12.19  0.48 20.39 294.97  12.01  0.24 12.60 313.29  10.06
20000401 180000  3.4 300.7  2.55 13.90 230.55  25.05  4  2.42 13.76 224.73  13.92  0.59 15.47 301.58  12.22  0.48 20.35 295.68  12.14  0.23 12.53 312.93  10.62
20000401 210000  2.5 324.1  2.41 13.69 230.91  25.75  3  2.28 13.58 224.47  13.64  0.62 15.44 303.29  12.50  0.49 20.25 295.73  12.02
20000402 000000  1.4  33.2  2.30 13.54 231.41  26.48  3  2.15 13.45 224.18  13.26  0.60 15.40 303.58  12.32  0.52 19.72 294.92  11.88
20000402 030000  1.7 233.0  2.20 13.43 232.20  27.44  3  2.04 13.34 223.91  13.00  0.57 15.32 303.72  12.40  0.57 19.18 294.46  11.73
20000402 060000  2.4 226.3  2.12 13.32 233.02  28.39  3  1.95 13.23 223.70  12.86  0.61 19.09 294.50  11.97  0.56 15.15 303.79  12.46
20000402 090000  1.0  12.2  2.05 13.16 233.76  29.30  4  1.87 13.05 223.49  12.74  0.62 19.05 294.75  12.52  0.52 14.80 302.58  11.95  0.17 11.73 316.12   8.73
20000402 120000  3.7   0.8  1.99 18.99 234.41  30.09  4  1.80 12.86 223.28  12.65  0.62 19.02 295.06  12.58  0.55 14.63 304.04  12.09  0.07 23.31 301.74  10.21
20000402 150000  3.6 317.7  1.93 12.94 235.65  31.94  4  1.74 12.79 223.57  16.25  0.63 18.94 295.00  12.59  0.55 14.55 303.85  12.16  0.08 23.25 304.97  10.17
20000402 180000  4.9 291.6  1.89 14.18 237.07  32.65  3  1.69 12.80 224.19  17.35  0.64 18.69 294.87  12.36  0.55 14.51 303.53  12.38
20000402 210000  2.8 257.8  1.86 14.13 238.21  33.06  3  1.64 12.89 224.24  16.96  0.67 18.03 294.76  12.21  0.53 14.47 303.37  12.44
20000403 000000  2.3 284.7  1.82 17.86 239.06  33.29  5  1.59 13.11 224.01  15.80  0.69 17.87 294.14  12.61  0.52 14.44 303.44  12.31  0.18 19.21 220.03   7.86  0.17 21.71 302.00  10.26
20000403 030000  1.4 292.8  1.79 17.82 239.82  33.54  5  1.53 13.16 223.93  15.01  0.71 17.82 294.30  12.97  0.51 14.40 303.67  12.21  0.29 18.58 221.13   8.69  0.16 21.77 302.09  10.13
20000403 060000  1.0 135.5  1.77 17.78 240.23  33.69  5  1.47 13.01 223.77  14.54  0.72 17.79 294.41  12.88  0.49 14.35 304.09  12.00  0.44 17.64 222.90   9.04  0.16 21.78 303.91   9.89
20000403 090000  4.9 185.9  1.77 17.71 240.13  34.01  4  1.45 12.77 223.05  14.70  0.76 17.75 294.82  12.80  0.49 17.67 224.34   8.67  0.48 14.28 304.50  11.67
20000403 120000  4.1 165.7  1.79 17.56 239.34  34.53  5  1.41 12.66 222.17  16.08  0.73 17.67 293.88  13.18  0.61 16.98 222.75   9.26  0.47 14.16 304.17  12.35  0.26 20.46 301.00   9.55
20000403 150000  5.3 193.8  1.80 17.00 238.55  33.88  5  1.35 12.67 221.98  15.64  0.79 16.53 222.98   9.01  0.71 17.46 293.91  13.09  0.45 13.85 304.25  12.01  0.29 20.35 300.49  10.36
20000403 180000  8.3 217.1  1.88 16.62 236.84  32.88  6  0.56  3.04 220.14  34.16  1.27 12.82 222.80  10.84  0.92 16.27 222.65   8.79  0.71 16.91 293.95  13.07  0.44 13.66 303.97  12.09  0.28 20.36 302.04  10.54
20000403 210000  9.1 203.9  2.00 16.47 234.22  32.69  5  0.85  3.96 218.04  31.54  1.59 15.59 222.66  10.02  0.73 16.72 294.05  12.91  0.43 13.57 303.73  12.01  0.24 20.38 305.83   8.23
20000404 000000  7.7 198.9  2.04 16.34 233.29  33.45  5  0.88  4.29 211.99  32.22  1.60 15.34 222.69  10.03  0.71 16.66 294.09  13.02  0.42 13.53 303.23  12.37  0.34 19.40 300.82   9.29
20000404 030000  6.1 189.3  2.00 16.30 235.20  33.88  5  0.77  4.36 211.61  33.17  1.60 15.20 222.83  10.20  0.70 16.60 292.35  12.56  0.44 19.03 302.39   9.59  0.41 13.50 303.00  12.48
20000404 060000  6.5 187.3  1.95 16.32 236.43  34.18  4  1.72 14.62 221.22  17.08  0.71 16.57 293.01  12.95  0.45 19.02 300.39  10.49  0.41 13.48 302.90  12.37
20000404 090000  7.2 188.9  1.92 16.34 236.03  34.47  4  1.69 14.35 220.87  17.75  0.72 16.53 292.98  12.92  0.41 19.02 301.34  10.82  0.39 13.46 303.24  11.96
20000404 120000  6.0 188.5  1.88 14.24 236.08  34.32  5  0.75  4.36 210.81  32.19  1.48 14.28 223.81  11.40  0.70 16.45 293.31  12.74  0.38 13.43 303.41  11.91  0.37 18.99 303.41   9.69
20000404 150000  7.1 199.0  1.85 14.13 237.21  34.15  4  0.75  4.59 214.00  31.48  1.45 14.20 224.66  12.11  0.79 16.32 296.18  12.50  0.36 13.38 303.59  11.91
20000404 180000  9.1 207.6  1.94 13.74 236.69  33.79  5  0.97  4.50 217.27  28.31  1.44 14.04 225.81  12.82  0.63 15.73 291.72  11.39  0.50 17.85 304.88   8.50  0.34 13.26 303.68  11.86
20000404 210000 10.1 204.9  2.13 13.68 234.53  33.08  5  1.29  5.10 218.48  27.56  1.45 13.76 227.32  13.38  0.60 15.64 294.27  12.34  0.54 17.82 301.49   9.95  0.32 12.91 303.57  11.98
20000405 000000  9.6 196.0  2.24 13.55 231.79  32.95  5  1.45  5.63 215.65  28.69  1.49 13.58 228.65  13.69  0.58 15.57 294.13  12.11  0.52 17.80 302.05  10.22  0.31 12.74 303.48  11.96
20000405 030000  8.4 186.4  2.30 13.35 230.01  32.28  5  1.49  6.07 213.31  28.90  1.56 13.38 229.49  13.64  0.58 15.54 293.82  11.81  0.46 17.80 303.25  10.40  0.30 12.68 303.42  11.84
20000405 060000  8.8 190.4  2.37 12.98 228.31  31.44  6  1.53  6.39 211.42  27.98  1.62 13.06 229.16  13.13  0.63 15.54 292.94  12.29  0.38 17.81 306.70   8.47  0.29 12.65 303.25  11.61  0.06 23.54 215.85   7.54
20000405 090000  7.3 184.3  2.43 12.69 228.11  30.85  5  1.56  6.72 212.40  27.47  1.67 12.70 227.98  12.55  0.76 15.67 296.68  12.59  0.28 12.63 303.00  11.84  0.07 23.32 216.03   7.65
20000405 120000  6.6 190.5  2.42 12.45 229.26  30.36  5  1.53  7.13 215.41  26.39  1.69 12.41 226.61  12.42  0.79 16.28 297.58  12.15  0.27 12.61 303.01  11.98  0.09 23.00 216.20   7.72
20000405 150000  7.2 202.2  2.41 12.24 229.71  29.59  5  1.43  7.64 216.46  25.33  1.76 12.15 225.99  12.91  0.78 16.45 298.52  12.01  0.25 12.59 303.03  12.09  0.12 22.04 216.08   7.65
20000405 180000  8.3 216.5  2.46 11.99 228.92  28.42  5  1.56  7.66 220.45  24.56  1.73 11.91 224.28  12.71  0.74 16.50 299.17  12.01  0.24 12.58 303.73  11.43  0.14 21.82 216.10   7.62
20000405 210000  8.9 208.9  2.49 11.62 227.81  27.65  6  1.69  7.55 222.10  24.66  1.67 11.51 223.14  12.71  0.53 16.62 301.62  11.76  0.44 14.87 296.72  12.14  0.23 12.54 304.13  11.28  0.18 21.55 215.96   7.66
20000406 000000  5.0 207.1  2.45 11.37 227.08  27.50  5  1.70  7.43 223.67  25.59  1.62 11.31 221.17  11.93  0.64 16.44 299.73  12.22  0.23 20.56 215.81   7.61  0.21 12.46 304.50  11.30
20000406 030000  6.3 209.7  2.37 11.58 227.17  27.61  4  2.26 11.39 222.26  19.95  0.64 16.15 299.65  12.12  0.28 20.35 215.21   8.04  0.20 12.33 305.11  11.23
20000406 060000  4.7 192.8  2.29 11.85 227.45  28.32  4  1.87 10.62 223.10  21.38  1.06 12.17 217.77   9.82  0.70 15.53 299.98  12.09  0.36 20.05 213.78   8.24
20000406 090000  3.3 200.0  2.21 15.30 227.93  28.91  5  1.70 10.19 223.39  21.00  1.11 12.17 217.23   9.09  0.71 15.46 299.61  11.98  0.45 19.01 212.78   8.50  0.17 11.85 307.41  11.01
20000406 120000  2.9 183.1  2.16 15.38 227.72  28.89  6  1.52  9.64 223.94  20.85  1.21 12.21 217.54   9.87  0.71 15.43 299.69  12.19  0.50 18.88 213.65   7.78  0.33 16.62 207.29   7.23  0.16 11.82 305.28  11.69
20000406 150000  4.3 219.1  2.14 15.46 226.72  28.21  6  1.44  9.48 224.57  20.28  1.16 12.51 216.94   9.11  0.75 16.48 210.92   7.98  0.69 15.40 299.44  12.68  0.31 19.10 216.97   5.12  0.17 11.85 306.05  11.54
20000406 180000  5.9 219.2  2.16 15.40 225.40  27.16  6  1.44  9.41 223.95  19.93  1.10 12.60 216.97   8.34  0.84 15.53 210.34   7.25  0.66 15.35 298.74  14.39  0.44 17.92 218.16   7.72  0.16 11.81 305.53  11.73
20000406 210000  6.8 209.5  2.19 15.21 224.10  26.50  6  1.38  8.89 223.46  21.10  1.13 12.44 217.39   9.14  0.97 15.13 211.38   8.19  0.63 15.27 300.14  12.51  0.49 17.89 217.92   6.21  0.16 11.78 305.52  11.55
20000407 000000  5.9 211.7  2.17 14.68 223.59  26.52  6  1.32  8.79 223.14  22.00  1.13 12.41 216.53   8.93  1.07 14.64 213.33   8.65  0.62 15.05 300.33  12.79  0.41 17.87 216.32   5.51  0.16 11.77 305.74  11.49
20000407 030000  6.3 200.0  2.14 14.45 223.45  26.97  4  1.95 14.23 217.83  16.39  0.63 14.73 300.82  12.50  0.60 17.34 217.10   6.97  0.15 11.73 307.72   9.89
20000407 060000  5.4 178.1  2.07 14.32 223.51  27.38  5  1.86 13.80 217.52  16.04  0.63 16.75 215.92   7.79  0.63 14.60 300.93  12.63  0.14 11.72 308.37   9.78  0.12 15.78 247.25   4.63
20000407 090000  4.8 185.3  1.98 14.23 223.86  27.53  3  1.74 13.54 217.75  15.58  0.71 16.51 215.42   8.25  0.64 14.52 300.69  13.66
20000407 120000  5.0 168.6  1.89 14.17 223.99  27.65  4  1.70 13.45 217.36  14.99  0.61 14.45 300.62  13.42  0.56 16.66 217.22   8.86  0.09 17.84 299.22  12.32
20000407 150000  5.0 206.1  1.80 14.22 224.46  27.71  4  1.48 13.23 217.60  15.07  0.84 15.67 217.18   9.86  0.59 14.38 299.64  14.26  0.09 17.83 300.05  12.23
20000407 180000  7.3 221.3  1.76 14.42 225.40  27.91  5  0.52  3.15 221.67  30.71  1.37 13.30 218.21  12.09  0.77 15.62 217.21   8.17  0.58 14.33 299.58  14.16  0.11 17.83 304.16  13.05
20000407 210000  6.8 209.5  1.72 14.49 226.35  29.04  3  1.62 15.26 218.96  16.15  0.58 14.28 300.87  12.93  0.11 17.90 305.46  12.55
20000408 000000  4.5 191.4  1.65 14.42 227.24  30.53  2  1.54 15.07 218.79  16.74  0.60 14.23 301.33  13.33
20000408 030000  4.2 185.6  1.56 14.34 228.76  31.31  5  1.44 14.64 219.30  16.23  0.56 14.15 301.43  13.58  0.14 16.68 297.54  11.42  0.11 11.01 308.55  11.50  0.10 18.94 314.29   7.02
20000408 060000  2.2 142.3  1.49 14.20 229.93  31.04  4  1.37 14.36 220.16  15.03  0.55 13.91 301.88  13.84  0.16 16.68 298.87  12.24  0.09 19.01 314.55   7.92
20000408 090000  2.4 226.9  1.44 13.82 230.26  30.10  5  1.28 14.03 220.66  11.34  0.52 13.66 301.84  14.08  0.36  4.13 224.48  31.43  0.16 16.67 299.55  12.46  0.10 19.00 315.06   8.29
20000408 120000  3.3 183.0  1.46 13.55 229.39  28.78  3  1.36 13.57 221.24  13.75  0.49 13.54 302.07  13.67  0.19 16.73 304.77  13.17
20000408 150000  5.1 216.4  1.58 13.35 228.47  26.77  3  1.49 12.98 221.82  13.29  0.48 13.48 302.47  13.53  0.20 16.94 305.68  12.33
20000408 180000  5.1 210.9  1.76 13.30 227.66  25.14  3  1.68 12.68 222.28  13.51  0.48 13.46 302.35  13.36  0.22 17.36 308.70  11.50
20000408 210000  5.2 201.4  1.91 13.45 227.28  24.55  3  1.84 13.42 222.58  14.30  0.48 13.46 303.03  13.27  0.24 17.52 307.91  11.76
20000409 000000  4.4 176.5  2.00 13.44 227.25  24.66  5  1.91 13.43 222.72  15.47  0.47 13.45 304.01  13.23  0.23 17.68 232.96   8.41  0.20 15.71 300.74  11.57  0.16 17.78 313.47   8.84
20000409 030000  6.3 171.2  2.08 13.35 226.19  25.62  4  2.02 13.30 222.24  17.94  0.45 13.43 304.88  12.91  0.23 15.64 302.69  12.16  0.14 17.80 312.57   9.61
20000409 060000  6.8 181.8  2.17 13.19 225.39  25.66  4  2.08 13.09 221.77  19.30  0.42 13.39 305.74  12.91  0.31 16.84 231.98   7.79  0.29 15.68 305.28  12.73
20000409 090000  7.6 184.5  2.24 12.79 224.31  25.77  5  0.55  3.23 188.66  33.42  2.09 12.72 223.05  17.53  0.38 13.21 306.57  12.83  0.36 16.66 231.68   9.44  0.30 15.83 306.61  12.23
20000409 120000  8.6 173.2  2.27 12.60 222.04  27.48  5  0.69  3.54 178.98  32.12  2.06 12.56 222.62  18.18  0.48 16.01 229.96   8.83  0.34 12.76 307.37  12.48  0.30 16.14 307.74  12.06
20000409 150000 10.0 196.6  2.29 12.49 220.66  27.16  5  0.96  4.13 197.69  32.32  1.96 12.44 221.90  18.05  0.51 15.70 229.28   8.72  0.32 12.65 306.61  12.81  0.30 16.32 309.13  11.72
20000409 180000 11.5 201.8  2.40 12.41 220.85  26.39  4  2.29 12.34 218.35  23.14  0.55 15.56 227.97   8.52  0.32 12.63 307.44  12.59  0.28 16.39 308.50  11.58
20000409 210000 11.8 200.2  2.59 12.34 220.57  26.29  4  2.49 12.14 218.30  23.65  0.59 15.17 229.30   8.08  0.31 12.62 307.63  12.24  0.28 16.26 308.11  11.50
20000410 000000 10.8 187.9  2.77 12.17 219.26  26.96  5  2.26  7.42 217.09  27.72  1.41 11.93 217.42  13.95  0.61 14.71 227.69   8.88  0.31 12.63 308.30  12.13  0.30 14.91 306.90  12.24
20000410 030000  9.9 192.4  2.81 11.86 219.24  26.72  6  2.41  8.45 218.01  26.45  1.22 11.83 214.26  13.16  0.63 14.55 227.23   8.28  0.30 14.91 307.93  11.95  0.29 12.63 308.84  12.40  0.10 17.79 296.51   9.04
20000410 060000 10.3 189.8  2.77  8.96 218.90  26.19  6  2.39  8.96 216.74  25.84  1.21 11.68 216.88  11.88  0.60 14.46 229.78   8.72  0.32 14.97 308.86  11.52  0.26 12.59 308.77  12.08  0.10 17.78 296.35   9.12
20000410 090000  9.4 188.4  2.67 11.04 219.08  25.80  5  2.56  9.02 216.87  23.47  0.65 13.88 229.62   8.29  0.30 15.09 308.17  11.63  0.24 12.62 311.36  10.41  0.09 17.77 297.34   8.17
20000410 120000  7.9 171.0  2.51 10.97 220.05  25.27  5  2.40 10.88 218.04  23.15  0.65 13.69 227.56   9.25  0.31 15.19 308.10  11.72  0.19 12.45 311.66   9.91  0.06 19.25 214.57   7.55
20000410 150000  9.2 206.0  2.37 11.28 220.81  24.13  4  2.34 11.09 219.53  21.40  0.30 15.28 308.41  11.81  0.16 11.88 310.44  10.45  0.08 18.96 214.59   7.23
20000410 180000 11.4 203.1  2.43 12.27 219.79  23.77  4  2.41 12.32 218.66  21.28  0.30 14.92 308.53  11.63  0.15 11.79 310.12  10.42  0.10 18.67 214.54   7.31
20000410 210000 10.6 204.1  2.51 12.25 219.57  24.36  5  2.49 12.31 218.50  22.11  0.25 14.40 311.45   9.65  0.15 11.81 312.80  10.50  0.15 16.59 297.37   8.55  0.13 18.05 214.40   7.34
20000411 000000  8.7 196.9  2.46  8.01 220.77  24.75  6  2.11  8.01 218.45  24.78  1.20 11.28 222.99  12.08  0.24 14.28 310.65  10.64  0.17 11.86 313.35   9.74  0.16 16.53 300.22   9.64  0.16 17.78 214.74   7.56
20000411 030000  8.8 190.3  2.40  8.57 221.09  24.85  7  2.04  8.57 218.67  25.04  0.88 12.17 224.28  10.26  0.81 10.32 221.70  12.07  0.27 14.28 310.22  11.01  0.19 17.47 214.90   7.54  0.15 11.78 312.40   9.81  0.15 16.55 301.36   9.75
20000411 060000  8.4 181.1  2.39  9.25 220.92  24.85  5  2.21  9.25 218.85  23.40  0.80 12.11 225.69  10.27  0.30 14.36 307.32  11.62  0.23 16.92 215.32   7.91  0.17 11.89 313.87   9.30
20000411 090000  8.8 180.5  2.43  9.43 220.61  24.77  5  2.30  9.42 218.86  23.09  0.63 12.28 227.00   7.69  0.31 14.51 307.58  12.32  0.29 16.70 215.71   8.76  0.14 11.78 313.54   9.49
20000411 120000  7.3 173.4  2.46  9.58 220.92  24.28  3  2.42  9.58 219.88  22.14  0.35 16.53 216.42   9.48  0.33 15.09 309.03  11.82
20000411 150000  8.6 194.5  2.45  9.67 221.41  23.29  4  2.39  9.66 220.43  21.12  0.43 16.22 216.87  10.29  0.32 15.29 309.33  12.03  0.05 20.10 306.62   9.02
20000411 180000 10.5 198.9  2.54  9.57 219.91  23.01  5  2.46  9.56 218.99  21.06  0.53 15.77 217.21  10.68  0.23 15.38 301.84  10.50  0.22 13.33 317.05   9.06  0.06 20.10 306.62   9.00
20000411 210000 12.2 199.1  2.76  9.03 217.85  23.73  5  2.66  9.03 216.99  22.34  0.67 15.59 217.39  10.68  0.24 13.37 316.25   9.45  0.20 15.43 300.94   9.59  0.07 20.12 307.21   9.35
20000412 000000  5.7 185.0  2.78  8.46 218.14  24.68  5  2.63  8.46 217.33  23.79  0.84 15.39 217.08  10.64  0.25 13.41 315.32  10.62  0.19 15.43 301.61   9.66  0.08 20.10 306.75   9.49
20000412 030000  7.5 201.5  2.59  8.47 220.10  23.78  4  2.36  8.47 219.39  22.96  1.02 14.87 217.50  10.89  0.32 15.03 309.87  12.97  0.09 19.99 306.46   9.37
20000412 060000  5.5 188.4  2.46 14.57 220.72  22.75  4  2.08  8.42 220.20  22.35  1.26 14.58 217.95  11.47  0.33 14.33 310.09  12.68  0.09 19.40 306.37   9.26
20000412 090000  6.1 196.6  2.43 14.38 221.20  21.50  3  1.89  8.55 220.81  21.42  1.49 14.39 218.78  12.14  0.34 14.35 309.82  12.58
20000412 120000  3.7 204.6  2.43 14.31 221.57  20.77  4  2.39 14.31 220.17  17.52  0.33 14.36 310.17  13.04  0.25 17.97 236.97   4.31  0.12 18.90 306.12   8.82
20000412 150000  6.2 219.0  2.41 14.29 222.33  20.35  3  2.38 14.27 221.04  16.85  0.33 14.36 310.02  13.27  0.14 18.87 306.88   9.40
20000412 180000  7.3 218.9  2.38 14.18 223.13  20.48  5  2.32 14.12 221.24  16.86  0.42 16.90 237.35   6.41  0.30 14.36 305.89  10.56  0.15 18.84 306.20  10.04  0.14 11.19 328.80   6.41
20000412 210000  5.9 219.9  2.33 13.78 223.97  20.91  4  2.30 13.71 222.49  17.13  0.30 14.35 306.47  10.67  0.15 18.76 305.95  10.15  0.14 10.99 327.31   9.41
20000413 000000  0.9 124.6  2.25 13.66 224.84  21.20  5  2.13 13.62 222.30  17.49  0.63 15.71 233.52   7.72  0.31 14.30 306.70  10.62  0.14 18.31 306.10  10.11  0.13 10.87 326.99   9.32
20000413 030000  3.6 232.9  2.17 13.68 225.75  21.44  5  2.09 13.64 223.41  17.29  0.47 15.87 234.84   6.09  0.31 14.20 306.70  10.34  0.15 17.81 305.93   9.46  0.14 10.64 327.89   8.38
20000413 060000  3.9 169.2  2.10 14.07 226.55  21.65  4  2.07 14.09 224.61  16.99  0.30 13.90 306.48  10.35  0.17 17.69 305.91   9.28  0.14 10.59 326.46   8.90
20000413 090000  3.2 185.8  2.01 14.22 227.44  21.81  5  1.97 14.25 225.28  16.71  0.29 13.63 306.01  10.26  0.20 17.64 306.94  10.15  0.14 10.43 326.64   9.43  0.05 21.02 304.78   8.49
20000413 120000  3.7 172.9  1.92 14.07 228.12  21.99  5  1.88 14.13 225.72  16.37  0.28 13.53 305.87  10.32  0.21 17.62 306.69  10.48  0.14 10.36 326.32   9.61  0.07 20.42 303.21   9.38
20000413 150000  3.9 101.7  1.84 13.59 228.27  22.74  5  1.79 13.61 225.62  16.82  0.28 13.49 306.33  10.58  0.21 17.58 306.43  10.79  0.13 10.22 327.36   9.14  0.08 20.35 302.90  10.07
20000413 180000  1.2  52.2  1.76 13.53 228.46  22.44  5  1.72 13.54 225.64  15.89  0.28 13.48 306.27  10.41  0.20 17.43 306.57  11.04  0.13 10.12 328.00   8.24  0.09 20.34 303.19  10.21
20000413 210000  1.6 356.6  1.72 13.49 228.32  22.26  5  1.67 13.49 225.34  15.10  0.29 13.46 306.72  10.45  0.19 16.79 306.23  10.36  0.12  9.84 329.24   7.51  0.09 20.33 303.55  10.20
20000414 000000  4.1 246.5  1.72 13.40 227.79  22.16  5  1.67 13.40 224.70  14.47  0.30 13.44 306.63  10.42  0.20 16.59 306.64   9.71  0.11  9.75 329.45   7.07  0.09 20.25 303.60   9.58
20000414 030000  3.9 183.8  1.75 13.34 227.12  22.39  6  1.40 13.31 224.04  11.87  0.97  8.75 223.72  18.81  0.28 13.39 305.63   9.92  0.24 16.49 308.27   9.93  0.11  9.68 328.79   7.83  0.11 19.36 302.69   9.96
20000414 060000  0.8 143.9  1.78 13.39 226.62  22.26  4  1.73 13.39 223.36  13.97  0.29 13.35 308.97  12.43  0.26 16.47 307.93  10.06  0.13 19.08 302.35  10.00
20000414 090000  1.9 335.2  1.80 13.37 226.37  21.84  5  1.75 13.38 223.13  13.26  0.27 13.28 306.76  10.35  0.27 16.45 307.32  10.27  0.15 19.03 302.68  10.31  0.10  9.52 328.72   8.31
20000414 120000  4.3 346.2  1.81 13.17 226.82  23.50  5  1.76 13.17 223.71  16.55  0.26 16.41 307.13  10.69  0.25 13.13 307.01  10.48  0.15 19.01 303.01  10.46  0.11  9.51 327.08   8.52
20000414 150000  3.9 348.0  1.82 12.83 226.89  23.18  5  1.77 12.83 224.05  16.79  0.25 16.29 307.79  11.34  0.24 12.88 306.94  10.18  0.14 19.01 303.67  10.62  0.10  9.30 328.66   7.43
20000414 180000  4.6 342.1  1.84 12.66 227.05  23.31  6  1.74 12.65 225.22  17.79  0.43 15.82 212.04   5.95  0.25 12.76 308.19  10.81  0.23 15.71 307.01  10.68  0.14 18.95 303.59  10.71  0.09  9.17 328.96   7.76
20000414 210000  4.6 330.1  1.88 12.57 227.46  24.97  6  1.58 12.56 227.21  21.97  0.95 15.00 218.61  11.05  0.25 12.69 308.04  10.86  0.21 15.43 307.01  10.49  0.19 18.13 304.00   9.81  0.08  9.04 330.33   7.30
20000415 000000  4.1 341.9  1.94 12.61 227.72  26.98  5  1.90 12.60 224.95  22.45  0.26 15.40 309.25  10.24  0.22 12.59 305.11   9.58  0.20 17.86 302.44  10.09  0.09  9.03 330.12  11.64
20000415 030000  3.8 351.9  1.98 14.52 227.42  27.73  6  0.43  3.66 327.08  29.77  1.89 14.39 221.95  12.56  0.28 15.40 309.05  10.04  0.22 17.80 302.29  11.11  0.22 12.58 305.36   9.44  0.08  8.97 328.16   7.68
20000415 060000  2.4  20.2  2.01 14.58 226.80  27.38  5  1.92 14.28 221.50  12.52  0.42  3.77 326.53  30.04  0.29 15.40 308.90  10.26  0.24 12.57 308.11  11.46  0.22 17.78 302.88  11.10
20000415 090000  0.5 158.9  2.02 14.82 225.71  26.10  4  1.97 14.37 222.87  20.91  0.29 15.38 308.98  10.50  0.24 12.57 308.62  11.05  0.21 17.76 303.90  11.61
20000415 120000  2.9 195.0  2.05 14.56 224.90  24.46  4  2.00 14.37 222.34  19.15  0.28 15.34 309.28  11.03  0.24 12.56 309.03  10.79  0.20 17.73 304.55  10.57
20000415 150000  3.9 198.9  2.06 14.28 224.34  23.23  3  2.02 14.21 221.93  17.79  0.34 17.45 307.17  11.29  0.23 12.54 309.55  10.49
20000415 180000  5.6 228.1  2.08 14.11 224.30  22.40  4  2.04 14.07 221.90  16.68  0.28 16.66 303.75   9.87  0.22 12.46 310.30  10.65  0.21 14.34 310.37  11.77
20000415 210000  6.3 215.6  2.10 13.99 224.40  22.32  3  2.06 13.92 221.92  16.45  0.31 14.37 310.24  10.92  0.29 16.65 302.91   9.93
20000416 000000  3.0 193.5  2.08 13.82 224.15  22.24  3  2.03 13.75 221.58  16.01  0.31 14.39 309.96  10.58  0.29 16.63 302.71  11.05
20000416 030000  4.2 192.8  2.04 13.65 223.91  22.07  3  2.00 13.59 221.26  15.36  0.32 14.40 309.92  10.55  0.28 16.61 304.07  10.80
20000416 060000  3.5 181.9  2.00 13.52 223.43  21.95  4  1.96 13.47 220.76  14.92  0.28 14.42 310.62  10.56  0.27 16.60 305.01  11.06  0.16 11.78 308.50  10.31
20000416 090000  2.6 170.0  1.96 13.41 222.94  21.89  4  1.92 13.37 220.21  14.49  0.26 16.56 305.55  10.64  0.25 14.44 307.51  10.44  0.21 12.00 313.57  11.29
20000416 120000  3.1 203.4  1.93 13.30 222.37  22.15  4  1.88 13.28 219.49  14.26  0.26 14.49 308.15  10.22  0.25 16.45 304.10   9.87  0.22 11.96 314.04  11.26
20000416 150000  2.9 184.2  1.91 13.18 221.84  22.53  3  1.86 13.16 218.68  13.86  0.38 15.48 305.65  10.66  0.22 11.94 313.89  11.27
20000416 180000  4.5 225.7  1.93 13.02 220.91  22.70  3  1.87 12.99 217.66  13.65  0.40 15.50 305.48  10.41  0.20 11.82 315.11  12.06
20000416 210000  5.2 211.0  1.98 12.95 219.78  22.41  3  1.93 12.91 216.74  13.72  0.40 15.51 305.19  10.58  0.19 11.79 316.33  11.86
20000417 000000  3.9 230.8  2.03 15.60 218.68  21.66  5  1.60 12.96 218.57  14.54  1.17 16.21 211.00   7.57  0.34 15.51 304.65  10.66  0.19 13.46 308.07   9.97  0.19 11.74 317.61  11.74
20000417 030000  4.8 205.0  2.08 15.69 217.99  20.69  3  2.04 16.13 215.48  12.35  0.32 15.53 304.53  11.28  0.28 13.46 313.48  10.77
20000417 060000  4.9 177.4  2.14 15.51 217.46  20.04  3  2.10 15.52 215.26  12.47  0.30 15.52 304.87  11.53  0.28 13.48 313.44  10.80
20000417 090000  4.7 196.2  2.17 15.34 217.52  19.45  3  2.13 15.30 215.49  12.21  0.31 15.45 304.34  11.08  0.26 13.45 315.45   9.98
20000417 120000  2.3 147.8  2.18 15.09 217.95  19.10  2  2.14 15.06 215.93  11.79  0.40 15.22 308.69  12.07
20000417 150000  1.4 265.6  2.16 14.64 218.59  19.07  2  2.12 14.66 216.45  11.36  0.41 14.56 308.23  12.08
20000417 180000  5.2 236.8  2.14 14.54 219.44  19.45  4  2.09 14.55 217.20  11.83  0.41 14.50 306.99  11.46  0.14 20.49 218.72   6.24  0.07 10.32 333.95   4.23
20000417 210000  5.9 213.0  2.12 14.53 220.00  19.83  3  2.07 14.54 217.73  12.45  0.41 14.49 307.57  12.38  0.13 20.60 217.72   6.44
20000418 000000  5.7 180.1  2.06 14.48 219.94  20.20  3  2.01 14.47 217.65  12.85  0.41 14.50 307.60  12.64  0.22 19.40 215.66   7.82
20000418 030000  4.0 173.4  1.99 14.37 220.04  20.31  3  1.92 14.31 217.70  12.94  0.40 14.51 307.60  13.15  0.30 19.05 217.30   8.13
20000418 060000  4.5 175.3  1.90 14.29 220.34  20.12  3  1.84 14.23 217.93  12.55  0.38 14.51 306.86  14.78  0.32 19.04 218.32   8.20
20000418 090000  4.8 178.3  1.84 14.21 220.43  20.22  4  1.76 14.15 218.04  12.83  0.39 18.20 218.50   8.75  0.36 14.50 307.76  13.39  0.07 19.11 307.77   8.17
20000418 120000  4.9 167.9  1.78 14.01 220.63  20.46  5  1.67 13.85 218.20  13.33  0.39 17.83 215.84   6.88  0.35 14.43 307.25  13.80  0.28 20.68 223.64   8.84  0.07 19.06 307.58   7.75
20000418 150000  2.7 182.8  1.71 13.62 221.31  20.64  5  1.59 13.57 218.70  13.34  0.41 17.76 215.50   6.72  0.35 14.30 307.03  13.68  0.34 20.50 224.88   7.42  0.07 18.99 307.24   7.86
20000418 180000  5.9 227.1  1.68 13.49 222.36  20.77  5  1.53 13.45 219.70  13.44  0.51 17.99 217.07   7.79  0.34 14.10 307.81  12.17  0.29 20.56 229.11   5.70  0.08 18.62 307.26   8.35
20000418 210000  7.2 210.9  1.73 13.45 222.75  21.64  5  1.52 13.40 220.11  15.86  0.59 19.11 223.22   8.19  0.44 16.54 215.66   6.99  0.34 13.79 307.37  12.36  0.11 17.94 307.80   7.48
20000419 000000  7.8 188.5  1.78 13.47 221.79  22.99  7  0.80  4.28 214.45  30.83  1.30 13.42 220.20  11.40  0.61 19.14 223.62   8.51  0.60 16.54 218.90   7.51  0.33 13.68 306.35  11.09  0.12 17.85 307.94   7.64  0.07  9.36 333.39   4.52
20000419 030000  5.1 170.1  1.81 13.54 221.89  23.31  7  0.85  4.73 212.37  31.46  1.26 13.51 220.84  11.49  0.76 16.83 220.69   8.26  0.50 19.55 227.49   7.22  0.32 13.63 306.09  11.07  0.12 17.83 307.71   7.79  0.06  9.32 333.30   4.57
20000419 060000  4.2 177.4  1.80 13.55 223.14  21.93  5  1.45 13.52 220.25  19.34  1.02 17.42 222.38   8.70  0.31 13.60 305.45  11.53  0.12 17.77 307.77   7.71  0.06  9.28 333.41   4.17
20000419 090000  4.4 172.6  1.81 17.57 224.02  20.91  6  1.15 13.23 222.36  12.56  1.14 17.59 223.26   8.57  0.72  5.15 216.58  28.64  0.31 13.58 305.04  11.70  0.14 17.00 307.56   7.63  0.07  9.38 332.27   4.81
20000419 120000  4.2 165.6  1.81 15.68 224.92  20.54  4  1.60 15.63 222.02  15.55  0.76 18.13 225.42   8.45  0.31 13.56 305.74  12.99  0.17 16.70 307.78   7.41
20000419 150000  4.3 199.3  1.80 15.77 225.70  20.05  4  0.60  5.10 218.41  26.64  1.66 15.67 223.96  10.75  0.30 13.54 305.63  12.90  0.19 16.66 307.89   7.45
20000419 180000  7.6 215.8  1.83 16.28 225.76  19.76  4  0.67  5.03 218.44  25.61  1.67 16.17 224.38  10.72  0.30 13.51 305.29  13.14  0.19 16.66 307.89   7.62
20000419 210000  8.0 207.0  1.93 16.39 225.01  20.69  4  0.93  4.53 217.58  26.87  1.66 16.35 224.84  10.65  0.28 13.47 305.01  13.18  0.18 16.63 308.12   7.62
20000420 000000  8.4 198.4  1.98 15.00 224.12  21.85  5  1.04  4.86 214.50  28.35  1.22 14.27 225.13  11.76  1.11 16.07 225.43   9.04  0.27 13.41 305.23  12.87  0.19 16.00 307.84   7.60
20000420 030000  7.5 187.8  1.99 15.34 223.91  22.91  5  1.06  5.15 212.32  29.65  1.51 15.27 224.86  10.67  0.68 19.14 229.78   8.92  0.25 13.29 305.35  12.81  0.22 15.58 307.60   7.34
20000420 060000  7.3 188.3  1.98 15.40 224.60  22.86  5  1.01  5.28 212.05  29.60  1.47 15.37 224.95  10.60  0.79 18.73 229.85   9.34  0.26 13.00 305.16  12.55  0.24 15.55 307.71   7.43
20000420 090000  7.0 181.8  1.98 15.41 225.12  22.57  5  0.97  5.29 211.84  29.51  1.47 15.38 225.31  10.60  0.82 18.63 230.20   9.41  0.26 12.84 305.11  12.43  0.25 15.55 307.57   7.52
20000420 120000  5.7 173.6  1.96 15.40 226.28  21.49  5  0.88  5.28 213.36  29.90  1.50 15.36 225.87  10.61  0.85 18.21 230.19   9.49  0.25 12.78 304.14  13.24  0.24 15.53 307.87   7.45
20000420 150000  6.7 198.5  1.99 17.51 226.90  20.05  5  0.81  5.24 214.30  28.93  1.53 15.07 226.49  10.27  0.93 17.89 229.11  10.83  0.24 12.76 304.26  13.22  0.23 15.42 307.61   7.87
20000420 180000  9.8 205.3  2.20 14.78 225.51  20.36  5  1.09  4.83 213.81  26.59  1.38 14.37 225.55  11.00  1.29 17.40 229.08   9.52  0.26 14.64 308.04   7.43  0.22 12.65 302.60  14.01
20000420 210000 10.6 199.4  2.47 14.67 223.83  21.69  4  1.41  5.28 212.96  27.25  1.60 14.62 226.42  10.28  1.19 17.18 227.98  10.82  0.35 14.48 305.84  10.69
20000421 000000 12.0 192.0  2.72 16.43 221.16  23.17  6  1.70  5.78 209.34  27.94  1.70 14.61 226.61  10.17  1.22 16.89 226.20  11.16  0.28 14.51 307.65   7.27  0.21 12.68 303.22  13.26  0.06 20.35 303.43   7.48
20000421 030000 11.3 184.7  2.94 16.34 219.20  24.14  3  1.95  6.41 208.05  28.87  2.17 16.34 225.72  10.46  0.34 14.46 306.12   9.96
20000421 060000  9.1 184.2  2.94 16.14 220.07  23.20  3  1.90  6.80 210.66  29.29  2.22 16.14 224.87  10.25  0.33 14.45 306.25   9.95
20000421 090000  7.4 180.2  2.80 15.45 221.70  21.58  3  1.64  6.82 213.70  29.45  2.24 15.48 224.36  10.24  0.31 14.37 306.42   9.89
20000421 120000  6.5 188.1  2.63 15.23 222.87  20.16  4  1.39  6.61 215.80  28.93  2.21 15.24 224.20  10.45  0.31 13.73 306.60   9.70  0.08 24.21 216.84   7.28
20000421 150000  7.0 200.6  2.50 15.02 223.53  19.31  5  1.24  6.44 218.40  28.01  2.14 15.02 223.80  10.33  0.31 13.53 306.86   9.70  0.12 23.36 217.73   7.69  0.10 19.04 300.94   9.37
20000421 180000  9.0 206.9  2.45 14.61 223.71  19.12  5  1.27  6.41 220.54  26.33  2.06 14.63 223.43  10.22  0.31 13.49 306.90   9.50  0.17 23.11 217.52   7.47  0.11 19.02 299.57  11.15
20000421 210000 11.3 207.3  2.60 14.43 222.82  20.17  5  1.62  6.04 220.17  25.57  1.99 14.46 223.05  10.19  0.30 13.48 306.76   9.38  0.24 22.15 217.60   8.04  0.11 19.01 299.73  11.25
20000422 000000  7.9 201.0  2.70 14.35 222.48  21.50  5  1.82  6.73 220.81  27.10  1.95 14.38 222.52  10.13  0.32 21.82 217.90   7.87  0.29 13.46 306.66   9.39  0.10 18.99 301.30   9.91
20000422 030000  8.4 191.9  2.69 14.28 222.41  21.07  5  1.76  7.02 221.70  27.19  1.97 14.30 221.83  10.02  0.41 21.47 218.10   8.10  0.28 13.42 306.52   9.50  0.10 18.83 301.06   9.54
20000422 060000  7.4 177.6  2.69 14.15 221.49  20.64  5  1.65  7.02 220.07  28.10  2.04 14.17 221.33  10.00  0.53 20.62 218.69   8.13  0.27 13.34 306.33   9.77  0.12 17.94 300.57   9.35
20000422 090000  6.3 159.9  2.71 13.89 221.44  19.59  5  2.15 13.92 221.30  10.29  1.50  6.99 219.59  28.22  0.64 20.39 219.69   7.84  0.26 13.00 306.48   9.66  0.15 17.81 299.94  10.37
20000422 120000  5.7 166.4  2.78 13.72 221.81  18.22  5  2.24 13.73 221.49  10.28  1.41  7.07 220.71  27.23  0.81 19.85 219.48   7.99  0.25 12.72 306.74   9.58  0.17 17.78 300.24  10.76
20000422 150000  6.4 184.6  2.87 13.64 221.97  17.08  5  2.34 13.66 221.72  10.25  1.35  7.19 220.40  26.23  0.92 19.24 220.88   8.90  0.24 12.64 306.93   9.47  0.17 17.77 300.55  10.98
20000422 180000  8.9 202.6  2.99 13.63 221.81  16.48  5  1.34  7.14 216.54  25.37  2.33 13.65 222.45  10.53  1.28 18.66 222.27  10.20  0.23 12.60 307.12   9.29  0.16 17.76 300.81  11.17
20000422 210000 10.4 198.5  3.19 17.82 221.10  17.61  6  1.68  6.69 215.45  26.05  2.32 13.66 222.63  10.38  1.38 18.03 222.34   8.88  0.21 12.57 306.64   9.07  0.15 17.69 300.60  11.12  0.07 14.50 312.21   6.76
20000423 000000  7.1 202.0  3.31 17.53 221.13  18.58  5  1.85  6.97 215.21  27.01  2.13 13.67 222.72  10.23  1.70 17.54 223.63   9.35  0.21 12.56 307.74   8.51  0.16 17.00 299.75  10.94
20000423 030000  8.0 184.7  3.25 17.07 221.79  18.59  5  1.86  7.39 217.20  26.77  1.89 17.13 222.47   8.74  1.86 13.29 224.01  10.42  0.20 12.53 307.67   8.28  0.19 16.67 299.98  10.58
20000423 060000  6.4 172.5  3.11 16.58 222.31  18.35  4  2.58 16.58 223.11   9.72  1.72  7.46 218.52  26.76  0.22 16.62 300.42  10.55  0.19 12.49 307.71   8.31
20000423 090000  5.7 165.1  3.00 16.35 222.38  17.74  4  2.53 16.31 222.56   9.80  1.58  7.44 219.69  26.22  0.24 16.61 300.79  10.82  0.18 12.40 307.89   8.38
20000423 120000  3.6 186.1  2.92 16.09 222.12  16.76  4  2.55 15.95 221.82  10.26  1.40  7.39 220.63  25.38  0.23 16.60 301.08  11.02  0.17 12.14 308.06   8.58
20000423 150000  3.9 196.2  2.87 15.53 221.88  15.61  4  2.60 15.48 221.60  10.34  1.20  7.16 220.37  24.84  0.21 16.59 301.30  11.27  0.16 11.96 308.11   8.70
20000423 180000  5.5 219.9  2.80 15.25 221.94  14.85  3  2.79 15.24 221.49  13.34  0.19 16.51 301.04  11.18  0.15 11.88 308.56   8.59
20000423 210000  6.4 208.8  2.71 15.11 222.19  14.95  3  2.70 15.07 221.71  13.35  0.20 15.83 301.14  11.09  0.15 11.84 308.14   8.10
20000424 000000  5.9 177.9  2.60 15.03 222.44  15.78  3  2.59 14.78 221.82  13.85  0.23 15.57 300.94  10.65  0.14 11.81 308.28   7.95
20000424 030000  6.0 214.0  2.50 14.73 222.96  16.20  3  2.48 14.53 222.16  13.76  0.26 15.53 301.12  10.68  0.14 11.79 308.42   7.78
20000424 060000  6.5 185.6  2.44 14.49 222.93  16.98  3  2.42 14.38 222.02  14.34  0.27 15.52 301.34  10.94  0.13 11.78 308.54   7.63
20000424 090000  4.7 187.3  2.39 14.31 223.28  16.99  3  2.37 14.26 222.35  14.31  0.27 15.51 301.40  11.17  0.13 11.78 308.65   7.55
20000424 120000  3.5 195.0  2.37 14.19 223.88  16.17  3  2.35 14.17 223.04  13.60  0.26 15.51 301.35  11.37  0.13 11.79 308.95   7.70
20000424 150000  3.9 207.2  2.39 14.17 224.35  15.25  3  2.37 14.15 223.62  12.90  0.25 15.47 300.65  12.69  0.12 11.80 308.99   8.08
20000424 180000  6.0 213.6  2.42 14.12 224.78  15.01  3  2.41 14.09 224.12  12.89  0.23 15.25 301.31  11.38  0.11 11.73 309.91   7.56
20000424 210000  5.3 199.2  2.40 13.68 225.50  15.56  2  2.39 13.62 224.81  13.45  0.27 14.62 302.80  11.06
20000425 000000  2.4 157.0  2.31 13.35 226.72  16.21  3  2.29 13.33 225.83  13.67  0.27 14.53 301.79  10.85  0.10 11.19 309.72   7.26
20000425 030000  4.3 204.5  2.18 12.94 228.24  16.80  3  2.15 12.94 227.13  13.75  0.28 14.51 302.16  10.73  0.11 11.13 308.97   7.52
20000425 060000  4.8 162.4  2.04 12.65 229.60  18.01  4  2.01 12.65 228.23  14.63  0.29 14.50 302.20  10.74  0.09 11.03 308.14   7.91  0.07 12.60 310.72   7.94
20000425 090000  4.1 182.0  1.90 12.41 231.12  18.76  4  1.87 12.41 229.52  15.09  0.30 14.49 302.18  10.88  0.09 11.03 308.18   7.86  0.07 12.61 309.68   8.02
20000425 120000  5.0 173.7  1.80 12.17 232.15  19.71  2  1.77 12.16 230.42  16.05  0.31 14.48 303.10  10.77
20000425 150000  7.3 191.1  1.79 12.08 231.65  21.15  4  0.42  2.71 195.28  31.96  1.54 11.60 227.80  13.74  0.74 12.61 248.16   4.93  0.30 14.44 303.05  10.85
20000425 180000 10.3 196.4  1.90 11.89 229.76  23.36  5  0.79  3.62 209.50  32.95  1.53 11.19 227.90  13.86  0.73 12.51 248.64   5.07  0.29 14.28 303.16  10.87  0.08 20.58 231.42   7.78
20000425 210000 10.5 196.5  2.01 11.38 228.03  25.50  5  1.78 10.91 222.24  24.07  0.83 12.03 246.86   6.64  0.29 13.74 303.41  10.78  0.25 15.63 219.44   9.60  0.17 19.92 231.84   8.37
20000426 000000  8.8 196.5  2.07 11.67 226.78  26.50  5  1.26  4.95 213.50  33.15  1.52 11.66 232.59  15.32  0.48 15.02 224.25   9.19  0.33 19.19 233.52   8.07  0.28 13.60 303.39  10.93
20000426 030000  9.3 186.9  2.26 13.75 225.92  25.22  5  1.34  5.42 212.51  32.44  1.30 11.53 234.35  15.67  1.04 14.37 225.09   8.85  0.67 18.46 232.87   8.63  0.28 13.56 303.49  10.88
20000426 060000  8.4 182.4  2.67 17.62 226.94  21.49  4  1.34  5.99 213.92  31.65  2.01 13.77 229.43  13.01  1.09 17.82 231.91   9.31  0.27 13.55 304.07  10.22
20000426 090000  6.0 199.5  3.16 17.08 228.45  17.66  3  2.51 13.21 226.89  19.43  1.90 17.09 229.91   9.63  0.28 13.55 304.13  10.12
20000426 120000  6.5 172.5  3.51 16.49 228.94  15.99  2  3.50 16.49 228.58  15.04  0.28 13.54 304.25  10.01
20000426 150000  5.4 212.4  3.64 16.14 229.19  14.96  2  3.63 16.14 228.85  13.98  0.28 13.52 303.78  10.63
20000426 180000 10.0 203.2  3.69 15.54 228.43  15.52  2  3.68 15.54 228.11  14.62  0.28 13.47 303.88  10.75
20000426 210000 10.2 201.2  3.67 15.24 227.24  17.06  2  3.66 15.24 226.95  16.32  0.26 13.34 304.81  10.03
20000427 000000 11.3 195.5  3.54 15.06 226.26  18.17  2  3.53 15.07 225.99  17.53  0.24 12.93 305.13  10.18
20000427 030000  8.3 195.2  3.36 14.64 225.90  18.57  2  3.35 14.65 225.64  17.96  0.22 12.74 305.46  10.21
20000427 060000  9.8 194.0  3.18 14.37 225.40  18.64  2  3.17 14.37 225.14  18.00  0.21 12.71 305.67  10.11
20000427 090000  8.4 185.5  3.01 14.20 224.82  19.00  2  3.00 14.20 224.51  18.28  0.22 12.70 305.70   9.96
20000427 120000  9.3 184.4  2.87 13.90 223.78  19.58  2  2.86 13.91 223.41  18.74  0.22 12.70 304.88  10.95
20000427 150000  9.3 195.8  2.78 13.58 222.82  19.55  2  2.77 13.60 222.42  18.61  0.23 12.69 304.80  10.96
20000427 180000 10.5 196.5  2.81 13.41 221.46  19.64  2  2.80 13.43 221.06  18.69  0.23 12.67 304.78  10.86
20000427 210000 10.4 203.2  2.86 13.31 220.75  19.60  3  1.52  5.82 215.44  28.39  2.41 13.33 222.15  12.49  0.22 12.65 304.75  10.99
20000428 000000  9.4 194.0  2.88 13.26 219.99  19.88  5  1.61  6.23 216.87  28.84  2.11 13.29 222.65  11.99  1.09 15.98 213.69   7.58  0.22 12.63 305.03  11.15  0.07 21.75 303.10   9.94
20000428 030000  8.5 188.5  2.84 13.35 219.34  19.91  4  2.58 13.39 219.78  20.37  1.17 15.79 215.32   9.51  0.21 12.59 305.40  11.46  0.07 21.75 303.21  10.20
20000428 060000  7.4 186.2  2.75 14.21 219.25  19.24  5  1.51  6.85 217.93  28.78  2.25 14.26 219.40  11.09  0.41 20.47 216.27   7.80  0.19 12.49 306.76  10.54  0.07 21.70 303.92   9.86
20000428 090000  6.7 174.1  2.65 14.27 219.18  18.60  5  1.32  6.99 216.48  29.06  2.19 14.28 219.90  11.73  0.69 19.44 215.82   7.03  0.19 12.29 307.08  10.53  0.08 20.70 304.09   9.44
20000428 120000  8.0 177.8  2.59 14.23 218.94  18.20  4  2.38 14.24 219.22  18.06  0.98 18.76 214.65   7.73  0.18 12.25 307.07  10.55  0.11 20.37 303.78   9.43
20000428 150000  5.7 193.5  2.56 14.20 218.98  17.44  4  2.34 14.20 218.88  17.02  1.02 18.53 216.61   8.64  0.18 12.31 307.31  10.31  0.14 20.34 303.57   9.68
20000428 180000  8.0 210.5  2.60 17.67 219.13  16.46  4  2.20 14.07 220.01  16.65  1.36 17.67 215.23   7.90  0.19 12.34 307.30  10.60  0.14 20.33 303.27   9.95
20000428 210000 10.0 199.5  2.76 17.51 218.34  17.22  4  2.37 13.88 218.51  17.80  1.40 17.51 216.35   8.55  0.19 12.34 307.40  10.72  0.13 20.33 303.42  10.29
20000429 000000  7.0 193.8  2.86 17.25 218.04  18.04  5  1.52  6.52 216.47  27.85  1.76 13.44 219.60  10.90  1.66 17.25 216.44   7.84  0.18 12.28 307.52  10.80  0.13 20.18 303.97   9.92
20000429 030000  6.9 183.8  2.88 16.60 218.54  17.55  5  1.47  6.90 217.89  27.26  1.80 13.47 218.85  10.60  1.67 16.60 217.45   8.43  0.18 12.10 307.91  10.46  0.16 19.16 304.06   9.44
20000429 060000  6.0 185.8  2.87 16.46 218.82  17.00  3  2.86 16.46 218.28  15.32  0.21 19.03 303.84   9.43  0.18 11.94 307.94  10.51
20000429 090000  6.8 183.5  2.89 16.36 218.80  16.36  3  2.87 16.36 218.20  14.37  0.24 19.01 303.53   9.72  0.17 11.86 308.09  10.50
20000429 120000  7.2 188.8  2.92 16.22 218.45  15.94  3  2.90 16.22 217.89  14.02  0.23 19.00 303.17  10.06  0.17 11.81 308.44  10.42
20000429 150000  6.7 195.0  2.92 15.96 218.34  15.27  3  2.91 15.96 217.86  13.55  0.20 18.99 303.26  10.44  0.17 11.79 308.85  10.28
20000429 180000 11.2 209.1  3.01 15.69 218.08  15.82  4  1.29  5.32 216.28  26.73  2.71 15.69 217.95   9.57  0.19 18.85 303.60  10.19  0.16 11.77 309.21  10.10
20000429 210000 10.3 197.4  3.10 15.48 217.83  18.36  4  1.63  5.85 216.79  28.61  2.62 15.48 217.55   9.08  0.23 17.93 303.86   9.59  0.16 11.74 309.42   9.99
20000430 000000  7.2 183.5  2.93 15.30 218.25  19.20  4  1.46  6.01 217.28  30.41  2.52 15.30 217.58   9.17  0.29 17.79 303.88   9.51  0.15 11.69 309.62   9.84
20000430 030000  8.2 190.0  2.72 15.12 218.47  19.21  4  1.20  5.85 215.62  31.49  2.41 15.12 217.84   9.42  0.32 17.77 303.71   9.77  0.15 11.60 309.50  10.01
20000430 060000  8.2 184.2  2.59 14.76 218.35  19.31  3  2.56 14.76 217.28  16.31  0.31 17.76 303.47  10.16  0.15 11.33 309.67   9.88
20000430 090000  6.4 177.6  2.50 14.43 219.16  18.79  4  2.47 14.45 217.77  15.53  0.28 17.77 303.41  10.63  0.26 13.53 264.87   8.07  0.14 11.16 310.90   8.78
20000430 120000  5.9 187.3  2.43 14.24 220.59  18.61  4  2.39 14.26 218.81  15.07  0.36 12.64 265.78   7.07  0.25 17.73 303.47  10.67  0.14 11.09 310.21   9.26
20000430 150000  4.6 193.0  2.35 14.12 222.57  19.53  4  2.27 14.16 219.52  14.46  0.52 11.82 265.22   7.29  0.26 17.00 303.80  10.03  0.14 11.06 310.37   8.83
20000430 180000  6.6 223.8  2.29 13.73 224.87  21.25  4  2.17 13.84 220.16  14.26  0.63 11.63 265.80   7.55  0.32 16.66 304.07   9.58  0.14 11.03 310.60   8.78
20000430 210000  8.0 215.7  2.29 13.45 226.60  23.41  5  0.74  3.79 222.87  29.31  2.00 13.50 220.10  12.36  0.72 11.17 266.15   7.75  0.37 16.62 304.21   9.58  0.13 11.01 310.93   8.68
20000501 000000  7.1 194.9  2.26 13.33 226.77  25.16  4  2.09 13.35 219.72  16.93  0.74 10.90 267.46   7.48  0.38 16.62 304.15   9.85  0.13 10.98 311.24   8.60
